-0.0111063 0.04955614 7.667202 -0.07766221 0.1420635 7.704536 -0.213819 0.361618 7.570683 -0.03916393 0.1275629 7.471581 0.06062885 0.1387728 7.703117 0.341184 0.3130859 7.627264 0.2420103 0.1322926 7.397954 -0.005138857 0.2807903 7.710537 -0.08703481 0.728498 7.73992 -0.1502734 1.136115 7.760511 -0.1983908 1.474847 7.820671 0.09863754 0.7234629 7.741324 0.1763226 1.097103 7.583967 0.2331914 1.427564 7.490107  A_Kick_Close
-0.01235835 0.04477859 7.672206 -0.07682799 0.1375557 7.712141 -0.2316925 0.3576182 7.588228 -0.04184822 0.141992 7.476103 0.06115599 0.1347275 7.702672 0.3440445 0.3048811 7.615626 0.2444323 0.1584228 7.363175 -0.004651828 0.2765929 7.712313 -0.08554475 0.7246141 7.741698 -0.1504155 1.131971 7.762362 -0.198756 1.472023 7.81434 0.09996934 0.7194657 7.73398 0.1752078 1.095973 7.582373 0.2314917 1.427478 7.491904  A_Kick_Close
-0.01115809 0.04033458 7.674573 -0.07355218 0.1330215 7.717533 -0.2459167 0.3535119 7.606616 -0.04339008 0.1619842 7.474678 0.0636601 0.1309217 7.700051 0.3462235 0.2984265 7.600606 0.246618 0.1868073 7.330932 -0.002348347 0.2724704 7.712552 -0.08258323 0.7207695 7.743044 -0.1472565 1.128126 7.764323 -0.19482 1.469603 7.806808 0.1023469 0.7153866 7.726509 0.1745224 1.094476 7.57993 0.2295644 1.427037 7.492628  A_Kick_Close
-0.009416385 0.03639507 7.67598 -0.06982772 0.1289289 7.721696 -0.256934 0.3494784 7.624331 -0.04668234 0.1823953 7.472723 0.06628956 0.1275206 7.697052 0.3476159 0.2928987 7.586252 0.2492125 0.2136518 7.304932 0.0001855065 0.2687534 7.712314 -0.07949357 0.7173021 7.744052 -0.1438806 1.124711 7.7652 -0.1905778 1.467248 7.799281 0.1045566 0.7116491 7.719657 0.1740956 1.093012 7.577776 0.228051 1.426504 7.4934  A_Kick_Close
-0.005748196 0.03158796 7.676105 -0.06355356 0.1237378 7.725442 -0.2676355 0.3437977 7.647466 -0.05347 0.2114856 7.469325 0.07067688 0.1233326 7.691986 0.3490613 0.2868294 7.567109 0.253965 0.2486427 7.276244 0.004550235 0.2640843 7.711107 -0.07450442 0.7129474 7.745048 -0.1393899 1.120439 7.762803 -0.1858602 1.463773 7.788021 0.1079837 0.7068605 7.710951 0.1734976 1.091148 7.575176 0.2253918 1.425823 7.494261  A_Kick_Close
0.001739578 0.0235213 7.674765 -0.05096928 0.1149316 7.730227 -0.27865 0.3331517 7.690607 -0.07410495 0.2656281 7.469905 0.07868035 0.1161814 7.681992 0.350444 0.2764227 7.533841 0.268775 0.3081441 7.238159 0.01324059 0.2561127 7.708188 -0.06413011 0.7056007 7.746462 -0.1378654 1.111955 7.742764 -0.1902414 1.454866 7.761285 0.1144287 0.6984618 7.695793 0.1728644 1.087808 7.571703 0.2205585 1.424402 7.496353  A_Kick_Close
0.01192345 0.01428533 7.670455 -0.03322981 0.1047997 7.733033 -0.2781913 0.3196503 7.746967 -0.108944 0.3326243 7.48949 0.08849885 0.1077399 7.667377 0.3509105 0.2633889 7.49344 0.3032045 0.3721572 7.208838 0.02556016 0.2468051 7.702718 -0.04786323 0.6973368 7.746697 -0.1464698 1.096104 7.703849 -0.2030889 1.438088 7.726544 0.123556 0.688138 7.675757 0.1731749 1.083835 7.569151 0.2137705 1.422704 7.500102  A_Kick_Close
0.0172288 0.008857608 7.666735 -0.02237235 0.09894431 7.733303 -0.2708427 0.3115579 7.782025 -0.1310451 0.3692129 7.51325 0.09324773 0.102474 7.65743 0.3514205 0.2547463 7.471496 0.3363071 0.4017844 7.200838 0.03310074 0.2412299 7.6984 -0.03627549 0.6926255 7.745696 -0.151826 1.083506 7.679096 -0.1978269 1.42679 7.705801 0.1293082 0.6815905 7.662258 0.1737199 1.081285 7.569118 0.2082318 1.421594 7.503949  A_Kick_Close
0.02127887 0.002995014 7.662421 -0.01133279 0.09278095 7.732869 -0.257487 0.3028972 7.81993 -0.1526944 0.4033117 7.547822 0.09652866 0.09638929 7.646323 0.3530736 0.2438523 7.452042 0.3834277 0.4215405 7.201821 0.04074796 0.2350997 7.693199 -0.02254806 0.6876502 7.743508 -0.1537557 1.068827 7.653712 -0.173109 1.414734 7.679156 0.1351289 0.6740576 7.646273 0.1746593 1.077793 7.569864 0.2011711 1.419805 7.510088  A_Kick_Close
0.02101769 -0.002721667 7.660154 -0.004536672 0.0873158 7.733176 -0.2449812 0.2955835 7.849285 -0.1716702 0.4221759 7.577794 0.09609886 0.08952355 7.638283 0.3598569 0.2299846 7.448636 0.4364655 0.4249177 7.222281 0.04592415 0.2289498 7.689196 -0.009599371 0.6828671 7.739954 -0.139448 1.060822 7.635725 -0.1238564 1.407459 7.652281 0.1392482 0.6661232 7.630111 0.172391 1.072332 7.564543 0.1929953 1.416123 7.513245  A_Kick_Close
0.01370497 -0.009421706 7.662156 -0.002984567 0.08195698 7.736563 -0.2355131 0.2912081 7.873477 -0.2031059 0.4294423 7.59971 0.09023722 0.07947981 7.634382 0.3715256 0.205676 7.46886 0.4978975 0.4128423 7.278553 0.04913088 0.2211736 7.687131 0.007633882 0.6773447 7.733069 -0.1037706 1.058733 7.620346 -0.05698602 1.402931 7.616716 0.1437527 0.6546772 7.608734 0.1646024 1.061712 7.543223 0.1887933 1.40714 7.506595  A_Kick_Close
-0.01212965 -0.01431072 7.676275 -0.01622723 0.08087552 7.749426 -0.2423138 0.2995329 7.884808 -0.2836447 0.4073918 7.598861 0.07090379 0.0648241 7.643182 0.3767156 0.1552203 7.543204 0.5510557 0.3719227 7.409976 0.04765334 0.2118804 7.692 0.04134317 0.6715283 7.718101 -0.03044317 1.060823 7.600324 0.0200689 1.402265 7.561085 0.1565266 0.6335717 7.577411 0.1493299 1.03712 7.490807 0.1959347 1.381514 7.469161  A_Kick_Close
-0.06628214 0.003132463 7.69968 -0.05782882 0.102764 7.769598 -0.2768411 0.3396451 7.878438 -0.4025435 0.3664588 7.598103 0.02816262 0.06556225 7.667819 0.3419676 0.1092641 7.629776 0.5429967 0.3177652 7.523856 0.03086288 0.2167392 7.7089 0.0963942 0.672906 7.701078 0.04307528 1.065167 7.583338 0.06064769 1.405107 7.514013 0.1928562 0.6069979 7.556674 0.1339215 0.9813251 7.392939 0.2393332 1.313152 7.387702  A_Kick_Close
-0.1029801 0.03189564 7.713332 -0.08627449 0.1330764 7.781773 -0.2942606 0.3825725 7.883799 -0.4612122 0.3721408 7.624712 -0.002387507 0.08273029 7.683969 0.3141422 0.09609509 7.66137 0.5341572 0.28388 7.554438 0.01844289 0.2332318 7.722241 0.1426163 0.6768572 7.692177 0.07801403 1.068609 7.578461 0.07115985 1.407173 7.500989 0.2285314 0.5899829 7.552273 0.108863 0.906743 7.316167 0.2399463 1.229239 7.308339  A_Kick_Close
-0.1339369 0.06453717 7.721097 -0.1104455 0.1659367 7.789081 -0.3032517 0.4269068 7.897282 -0.4899022 0.404808 7.652781 -0.0298913 0.1066048 7.69354 0.2901985 0.09585905 7.666892 0.5247572 0.259215 7.551127 0.005206423 0.2545189 7.731474 0.1800509 0.6800476 7.684043 0.1010062 1.070853 7.576351 0.07584031 1.408141 7.497121 0.2568968 0.575292 7.551293 0.09560092 0.8265743 7.266259 0.260358 1.133109 7.254439  A_Kick_Close
-0.1568854 0.09329188 7.727634 -0.1275329 0.1937712 7.796139 -0.2971815 0.4658923 7.922514 -0.4801017 0.4564575 7.674404 -0.05180715 0.1301001 7.699449 0.26994 0.103617 7.65539 0.5131602 0.2447356 7.528765 -0.006518824 0.2749028 7.738571 0.2045496 0.6826835 7.677937 0.115794 1.073361 7.577597 0.07526614 1.409164 7.498426 0.2728395 0.5651835 7.55132 0.08945455 0.759654 7.23675 0.3003128 1.034211 7.199262  A_Kick_Close
-0.1785891 0.1207356 7.734355 -0.1425335 0.2194859 7.803444 -0.2818857 0.5001162 7.953687 -0.452586 0.5139257 7.697214 -0.07336037 0.1528964 7.703854 0.2467925 0.1127222 7.639166 0.496091 0.2324234 7.502687 -0.01816986 0.2939312 7.74401 0.2234587 0.6827699 7.670893 0.1310329 1.074525 7.578371 0.07556881 1.408228 7.49938 0.2812518 0.5555826 7.54848 0.09158124 0.7127674 7.217237 0.3549 0.9284571 7.143827  A_Kick_Close
-0.1927076 0.1387231 7.740087 -0.1515207 0.2357446 7.809532 -0.2648916 0.5195496 7.978823 -0.4207419 0.5544375 7.715003 -0.08791529 0.1681001 7.706985 0.2291185 0.1199975 7.626312 0.4813169 0.225548 7.483625 -0.0260338 0.3061869 7.747632 0.2330746 0.6820756 7.665918 0.1414784 1.07525 7.578746 0.07580741 1.40713 7.4999 0.2828931 0.5499942 7.545195 0.09950538 0.692347 7.203862 0.3953578 0.8463436 7.103841  A_Kick_Close
-0.2114161 0.1613592 7.75062 -0.1620232 0.2551333 7.819951 -0.2350602 0.5376335 8.015975 -0.3669292 0.6028913 7.744941 -0.1078453 0.1869885 7.712441 0.2019269 0.1285032 7.611186 0.4581357 0.2173175 7.464306 -0.03644447 0.3204721 7.752857 0.2415779 0.6800353 7.659842 0.1497516 1.074232 7.577676 0.07385595 1.404139 7.49973 0.2799009 0.5438849 7.539442 0.1371465 0.6803736 7.176957 0.4541489 0.7413734 7.046433  A_Kick_Close
-0.2293526 0.1860403 7.763395 -0.170768 0.2755501 7.831833 -0.1975321 0.5497494 8.052839 -0.3012086 0.6414311 7.777244 -0.1277772 0.2079167 7.719073 0.1718155 0.1390704 7.597512 0.4320404 0.2109396 7.448442 -0.04632114 0.3358945 7.758265 0.2478228 0.6789713 7.653018 0.1547429 1.073775 7.575293 0.07021756 1.402006 7.499177 0.2737505 0.5403759 7.532102 0.1923035 0.664221 7.146832 0.5018257 0.625268 6.99215  A_Kick_Close
-0.2462382 0.2098488 7.780374 -0.177708 0.2939841 7.846414 -0.1601591 0.554872 8.085114 -0.2470019 0.6640968 7.810094 -0.1473814 0.2278537 7.728752 0.1393681 0.1462172 7.592587 0.4059212 0.2037245 7.448549 -0.05583678 0.3496615 7.765245 0.2500316 0.6790667 7.650606 0.1543317 1.073452 7.573945 0.06636091 1.40099 7.498758 0.2646394 0.5408396 7.527393 0.2557711 0.632367 7.124966 0.5375343 0.5460776 6.939463  A_Kick_Close
-0.2600164 0.2340691 7.796305 -0.1824528 0.3125588 7.859084 -0.1247563 0.5574966 8.108789 -0.2030111 0.6773351 7.835619 -0.164381 0.2486669 7.737723 0.108566 0.1548969 7.588525 0.3800975 0.1982727 7.448905 -0.06381403 0.3641832 7.770763 0.2515142 0.6811488 7.64767 0.1522069 1.074929 7.572506 0.06236644 1.402374 7.499138 0.2562287 0.5439909 7.522502 0.3118928 0.5875332 7.115797 0.5632103 0.4759763 6.902156  A_Kick_Close
-0.2699547 0.2583253 7.812481 -0.1838961 0.3306936 7.870942 -0.08992885 0.5582767 8.12629 -0.1701059 0.6864524 7.857497 -0.1781559 0.2697655 7.746877 0.0793338 0.163698 7.585733 0.3550365 0.1934972 7.450809 -0.06924443 0.378685 7.775587 0.2539354 0.6843078 7.645422 0.1498613 1.077159 7.571864 0.060685 1.405299 7.500832 0.2501265 0.5489446 7.518286 0.3517871 0.5353962 7.118429 0.566891 0.4248689 6.867906  A_Kick_Close
-0.2769691 0.283935 7.829044 -0.1832678 0.3500288 7.882311 -0.05683539 0.5618864 8.137166 -0.1475496 0.6960009 7.874693 -0.189335 0.2920001 7.75688 0.05132874 0.1741779 7.582031 0.3280953 0.1917493 7.447138 -0.07271759 0.3939669 7.780385 0.2576286 0.6880669 7.643271 0.1468446 1.079314 7.57097 0.06160505 1.40897 7.502159 0.2475322 0.5535457 7.515586 0.39421 0.4865737 7.135581 0.5606027 0.4030954 6.841314  A_Kick_Close
-0.2826654 0.3095523 7.84213 -0.183157 0.3702462 7.890478 -0.03141842 0.5728725 8.138588 -0.1355567 0.7078728 7.881611 -0.1985119 0.3137642 7.765133 0.02773293 0.1869143 7.577285 0.3024908 0.1960611 7.437539 -0.075626 0.4092289 7.783435 0.2610714 0.6919501 7.63956 0.1427784 1.080977 7.567175 0.06262638 1.412107 7.499333 0.2476425 0.5563134 7.51337 0.4433462 0.444608 7.167501 0.5665631 0.4072309 6.843976  A_Kick_Close
-0.2877912 0.3308432 7.848446 -0.1854049 0.388749 7.894027 -0.02091251 0.5959419 8.128931 -0.1370231 0.7212683 7.872183 -0.204684 0.3303455 7.770113 0.01559343 0.1991395 7.57291 0.2846183 0.207918 7.422401 -0.0779293 0.4212694 7.784793 0.264006 0.6939316 7.635348 0.1392235 1.080434 7.560383 0.06264777 1.412235 7.491692 0.2513543 0.5543506 7.513452 0.4826069 0.4284561 7.195527 0.5971578 0.4416356 6.866966  A_Kick_Close
-0.2908048 0.3444991 7.848994 -0.1885231 0.4031676 7.894577 -0.02438037 0.628431 8.11065 -0.1470569 0.732399 7.847498 -0.2059834 0.3391529 7.773191 0.01842828 0.2079346 7.573162 0.2788899 0.2218978 7.408634 -0.07804815 0.4286275 7.786467 0.2675511 0.6941424 7.633596 0.1402276 1.079282 7.55594 0.06231936 1.410501 7.485952 0.2579498 0.5497667 7.517128 0.4625023 0.460817 7.169781 0.6013859 0.4235549 6.852652  A_Kick_Close
-0.2919095 0.3507825 7.84327 -0.19121 0.4120482 7.889929 -0.03453408 0.6584278 8.085204 -0.1617823 0.7377114 7.815706 -0.2044207 0.3415064 7.771664 0.02794858 0.2129453 7.572618 0.2772461 0.2395713 7.393046 -0.07682388 0.4315015 7.784676 0.2712667 0.6931234 7.631726 0.144215 1.078117 7.552906 0.06369521 1.408604 7.482417 0.2655722 0.5451703 7.51957 0.4389597 0.4924755 7.148675 0.6225362 0.4337877 6.858669  A_Kick_Close
-0.2915215 0.3547527 7.834954 -0.1928982 0.419172 7.882782 -0.04524682 0.6849502 8.055305 -0.1762128 0.7388739 7.781356 -0.2012856 0.3421532 7.768174 0.03899373 0.2170218 7.571317 0.2745413 0.2558315 7.376084 -0.07447229 0.4332464 7.781205 0.2757162 0.6921439 7.629399 0.1493749 1.077247 7.549973 0.06571211 1.406862 7.479063 0.27413 0.5411386 7.521249 0.4120639 0.521704 7.132662 0.6392587 0.4522817 6.878081  A_Kick_Close
-0.2862106 0.3515134 7.813726 -0.1924404 0.4221879 7.863781 -0.0679727 0.7154019 7.999699 -0.2060172 0.7289627 7.724259 -0.1913594 0.3357766 7.755757 0.06184544 0.2170017 7.566522 0.2607372 0.2816042 7.339866 -0.06741433 0.4305959 7.769768 0.2849991 0.690657 7.626885 0.1614105 1.076634 7.547373 0.07357909 1.405009 7.475753 0.2917359 0.5369526 7.522813 0.370921 0.5645095 7.118617 0.658048 0.4978876 6.933233  A_Kick_Close
-0.2769034 0.3403709 7.788027 -0.1887545 0.4169817 7.840263 -0.09217523 0.7286842 7.944883 -0.2397888 0.7063393 7.675035 -0.1780801 0.324162 7.738245 0.08584578 0.2110449 7.558278 0.225188 0.2970824 7.296962 -0.05810932 0.4236891 7.75408 0.2944143 0.6908821 7.626809 0.1726187 1.077315 7.546744 0.08366044 1.405257 7.474536 0.3114511 0.5365653 7.52484 0.3222565 0.6013923 7.117306 0.6532274 0.5746807 7.012461  A_Kick_Close
-0.2716502 0.332059 7.774965 -0.1864309 0.4112699 7.828352 -0.1038381 0.7288392 7.921219 -0.2557358 0.6912565 7.655471 -0.1711695 0.3165683 7.728673 0.09731783 0.2069086 7.552736 0.1991191 0.3002113 7.276991 -0.05352579 0.4186351 7.745752 0.2975748 0.6916184 7.627715 0.1758418 1.077954 7.54709 0.08777316 1.406161 7.47499 0.3203193 0.5377039 7.526253 0.3001994 0.6176583 7.12177 0.6423572 0.6323922 7.058851  A_Kick_Close
-0.2640823 0.3180921 7.757965 -0.182825 0.4002491 7.813086 -0.1187802 0.7229078 7.896024 -0.275257 0.6683831 7.635929 -0.161728 0.3045323 7.715461 0.112187 0.2005107 7.543839 0.1568806 0.3012009 7.255796 -0.04757927 0.4101312 7.734653 0.2997032 0.6931428 7.630225 0.1773041 1.079012 7.548383 0.09244664 1.408243 7.477108 0.3306042 0.5405881 7.528865 0.2750972 0.6382906 7.131654 0.6114517 0.7282453 7.126998  A_Kick_Close
-0.2551698 0.2952696 7.739651 -0.1789114 0.3804343 7.797136 -0.1343222 0.7063228 7.87629 -0.2897765 0.6377475 7.61892 -0.1509667 0.2852936 7.700676 0.1290301 0.1914585 7.532324 0.104945 0.2979473 7.243907 -0.04179714 0.3954686 7.722877 0.2969031 0.6939096 7.634514 0.1759623 1.079315 7.548428 0.09735413 1.409935 7.476419 0.3385032 0.5437566 7.533395 0.2654532 0.6784185 7.150076 0.553058 0.8665433 7.206116  A_Kick_Close
-0.2466454 0.2754891 7.725332 -0.1745709 0.3628062 7.78476 -0.1443785 0.6901456 7.863856 -0.2956836 0.612965 7.60645 -0.1412067 0.26888 7.688833 0.1433373 0.1850621 7.522429 0.06658001 0.2917901 7.243463 -0.03648696 0.3827814 7.713524 0.2929192 0.694773 7.63774 0.1747228 1.080183 7.547942 0.1020398 1.412012 7.475276 0.3434809 0.5471966 7.536912 0.2622016 0.7172859 7.16967 0.4856775 0.9638329 7.272242  A_Kick_Close
-0.2390878 0.2560174 7.715195 -0.1706066 0.3449559 7.776237 -0.150088 0.6727846 7.858913 -0.2927132 0.5926095 7.597499 -0.1328638 0.2527059 7.680305 0.1551528 0.1807231 7.514527 0.04295899 0.2885323 7.248268 -0.03231792 0.3698735 7.706982 0.2861989 0.6949098 7.640865 0.1730791 1.081153 7.548156 0.1055963 1.413828 7.474353 0.3448566 0.5504644 7.539888 0.2626439 0.7606317 7.194238 0.444212 1.036442 7.304735  A_Kick_Close
-0.2236325 0.2232891 7.697607 -0.1616208 0.3148093 7.76132 -0.1571702 0.6426842 7.851064 -0.2819571 0.55993 7.581457 -0.116394 0.2259516 7.665424 0.17668 0.176777 7.501179 0.01365812 0.2808815 7.26099 -0.0236461 0.3486489 7.6953 0.2730943 0.6959915 7.645178 0.170281 1.084255 7.548971 0.1120401 1.418442 7.474133 0.3456235 0.5581872 7.543931 0.2591484 0.8286576 7.244312 0.3741157 1.137673 7.356294  A_Kick_Close
-0.206287 0.1921072 7.681387 -0.1508632 0.2858291 7.747559 -0.1608891 0.6126987 7.845668 -0.2644475 0.5315303 7.566751 -0.09853207 0.2009404 7.65168 0.197798 0.1773129 7.489599 -0.0007906388 0.2747111 7.274703 -0.01412891 0.3288383 7.684355 0.2575385 0.6973586 7.648738 0.1669095 1.088303 7.55115 0.1180093 1.423966 7.476228 0.3432479 0.5676952 7.547038 0.2530409 0.8859625 7.300113 0.3232145 1.214964 7.390009  A_Kick_Close
-0.1892254 0.1640979 7.668407 -0.1402352 0.2595004 7.736767 -0.1640427 0.5842875 7.84274 -0.2469799 0.5059522 7.556222 -0.08139174 0.1790788 7.640813 0.2155492 0.1821524 7.480612 -0.00537358 0.2726952 7.28542 -0.005557342 0.3115879 7.676025 0.2400541 0.6985153 7.653138 0.162833 1.09171 7.55309 0.1235988 1.428285 7.476593 0.3373728 0.5776849 7.551007 0.2556236 0.9277878 7.348157 0.299247 1.267875 7.408866  A_Kick_Close
-0.1718756 0.1406916 7.655943 -0.1288227 0.2372587 7.726213 -0.1652428 0.5593518 7.839029 -0.2297977 0.4843611 7.546939 -0.06428985 0.1612736 7.630301 0.2312105 0.1886321 7.472134 -0.007620854 0.2692339 7.294462 0.003454166 0.2974942 7.667772 0.2241915 0.6992595 7.656121 0.1600081 1.094744 7.555884 0.1302459 1.432315 7.479506 0.3313743 0.5871508 7.55392 0.2538559 0.9600335 7.394694 0.2708234 1.30604 7.429902  A_Kick_Close
-0.1461261 0.1115088 7.640455 -0.1117596 0.2089751 7.713383 -0.1677294 0.5255679 7.833596 -0.2099649 0.4524088 7.536997 -0.03941206 0.1404481 7.61743 0.2498403 0.2032961 7.460895 -0.006442649 0.2692488 7.302548 0.01595934 0.2811627 7.658451 0.2004643 0.7006215 7.661841 0.1539406 1.098348 7.560729 0.1371607 1.436687 7.483791 0.3200324 0.6014797 7.559979 0.2616 0.9944272 7.447813 0.2548396 1.342568 7.448157  A_Kick_Close
-0.1202982 0.08844233 7.625144 -0.09437732 0.1860415 7.70042 -0.1695785 0.4961221 7.824654 -0.1937145 0.4221531 7.526235 -0.01497309 0.1254351 7.604717 0.2644385 0.2209307 7.449333 -0.004324896 0.2682258 7.305688 0.02802302 0.2693644 7.649271 0.177882 0.7019299 7.666016 0.1464127 1.101326 7.565679 0.1413759 1.440275 7.489771 0.3076747 0.6153574 7.565216 0.2708275 1.020472 7.495017 0.2517767 1.367627 7.475822  A_Kick_Close
-0.09494512 0.07197487 7.613538 -0.07648228 0.1691117 7.690701 -0.1695077 0.4722685 7.816682 -0.1790465 0.3963892 7.51792 0.00867893 0.1160322 7.595477 0.2765289 0.2388412 7.440912 -2.3229E-05 0.2674737 7.307482 0.04046686 0.2618619 7.643149 0.1599615 0.7031665 7.670848 0.1404643 1.103766 7.572286 0.1452021 1.443168 7.498411 0.2975806 0.6277245 7.571495 0.2698445 1.03669 7.522694 0.2379463 1.381196 7.48338  A_Kick_Close
-0.05988447 0.05530071 7.597399 -0.05183284 0.1509173 7.676933 -0.1712013 0.4427818 7.799849 -0.1628835 0.3605161 7.502745 0.04073419 0.1089009 7.583108 0.2888527 0.2662883 7.429409 0.007544534 0.2644098 7.30305 0.05686875 0.255754 7.635292 0.1381168 0.704862 7.676773 0.116333 1.104985 7.576766 0.1373306 1.447065 7.520069 0.2844681 0.6432122 7.580429 0.26464 1.053632 7.540856 0.2328395 1.397453 7.495867  A_Kick_Close
-0.03598956 0.04678667 7.586549 -0.0350217 0.1408445 7.667494 -0.1718697 0.423938 7.785985 -0.1511618 0.3368379 7.490871 0.06212272 0.106609 7.575147 0.2948694 0.2851394 7.422344 0.01345052 0.260942 7.298561 0.06761016 0.2531822 7.630242 0.1241326 0.7054297 7.680545 0.0977927 1.105129 7.579942 0.129214 1.448406 7.536954 0.2755594 0.6526815 7.586795 0.2597245 1.063429 7.548854 0.2313397 1.407612 7.50436  A_Kick_Close
-0.005541069 0.03961051 7.572865 -0.01405363 0.1310159 7.65537 -0.1739911 0.4009635 7.763281 -0.1359914 0.3061742 7.472285 0.08879472 0.1071275 7.565989 0.2999727 0.3097895 7.414657 0.02329798 0.2541653 7.290313 0.08042075 0.2521542 7.624696 0.1079324 0.7062551 7.686012 0.07102825 1.105263 7.585984 0.1116316 1.449471 7.562613 0.2650795 0.6636994 7.596595 0.2519608 1.073591 7.549471 0.2322022 1.419061 7.510644  A_Kick_Close
0.01369663 0.03734457 7.563483 -0.001738532 0.126593 7.646749 -0.1775998 0.3863527 7.742938 -0.1248832 0.28593 7.456156 0.1052433 0.1095794 7.560709 0.3020205 0.3261164 7.411603 0.03233464 0.2477847 7.284174 0.08742149 0.2528958 7.621473 0.09758879 0.7071039 7.690207 0.05114063 1.106217 7.594675 0.08972044 1.451348 7.586318 0.2585061 0.6703519 7.605021 0.2465214 1.078479 7.544261 0.2334814 1.424652 7.509016  A_Kick_Close
0.03195985 0.0366497 7.554764 0.009672003 0.1235311 7.638443 -0.1804965 0.3725379 7.72102 -0.1122343 0.2668951 7.43944 0.1205176 0.1131635 7.556326 0.3031714 0.341378 7.409536 0.04289885 0.2408314 7.278186 0.09352912 0.2543626 7.618647 0.08761539 0.7080176 7.694241 0.03078343 1.107081 7.60428 0.06352933 1.452847 7.611159 0.2520134 0.6764736 7.613744 0.2419229 1.081988 7.537195 0.2355634 1.428718 7.505795  A_Kick_Close
0.04813971 0.03809571 7.546658 0.01798321 0.1225975 7.629972 -0.1866631 0.3598144 7.690942 -0.09675889 0.2479426 7.417977 0.1337417 0.1178708 7.554375 0.3059103 0.3549076 7.412674 0.06032224 0.2320061 7.272367 0.09754784 0.2569073 7.616891 0.07708521 0.7096259 7.697888 0.008679705 1.110521 7.625926 0.0135084 1.457293 7.645918 0.2455599 0.6821986 7.624639 0.2391957 1.084948 7.534327 0.2378835 1.43185 7.504247  A_Kick_Close
0.06500538 0.04151928 7.541336 0.02523752 0.1233499 7.622992 -0.1928401 0.3463062 7.650299 -0.07216679 0.2247897 7.393824 0.1470637 0.1238775 7.557453 0.3122235 0.3675908 7.423191 0.08888574 0.2208505 7.269269 0.1004831 0.2606608 7.618033 0.06223537 0.7120065 7.701519 -0.01699762 1.115921 7.667605 -0.05746047 1.460321 7.688218 0.2356075 0.6894535 7.638789 0.2358511 1.088737 7.53402 0.2395341 1.435526 7.502848  A_Kick_Close
0.07716526 0.04625094 7.542361 0.02837832 0.125811 7.621012 -0.1963081 0.3355259 7.608123 -0.04172651 0.2015098 7.377359 0.1558682 0.129639 7.56745 0.323092 0.3756255 7.442431 0.1248076 0.2112373 7.27283 0.1002954 0.264959 7.62357 0.0439234 0.714846 7.703895 -0.04025732 1.11847 7.7279 -0.1007103 1.460473 7.720625 0.221715 0.6974892 7.652999 0.2301647 1.09321 7.535794 0.2385822 1.439578 7.501065  A_Kick_Close
0.08280273 0.05122411 7.547184 0.02625872 0.1285549 7.621979 -0.1964123 0.3271397 7.569151 -0.01161305 0.1800199 7.370877 0.1581848 0.1349827 7.580852 0.3359123 0.3797805 7.46681 0.1613687 0.2059888 7.281242 0.09475268 0.2691466 7.631109 0.02171983 0.7176314 7.705001 -0.06035451 1.115563 7.779088 -0.06680714 1.462402 7.760784 0.2028114 0.7049462 7.665676 0.2206579 1.096605 7.536494 0.2349564 1.442325 7.497486  A_Kick_Close
0.08667941 0.05597413 7.556797 0.02274771 0.1308435 7.625913 -0.1865604 0.3226708 7.535635 0.02115663 0.1617883 7.374148 0.1580663 0.1407622 7.598937 0.3570589 0.3789293 7.498582 0.2048335 0.2050921 7.294346 0.08606519 0.2732972 7.641359 -0.002157493 0.720412 7.707619 -0.0834171 1.117603 7.78643 -0.09894948 1.464617 7.782727 0.1815221 0.7113196 7.68153 0.2108129 1.098089 7.540268 0.2324737 1.442418 7.493186  A_Kick_Close
0.08326741 0.05851507 7.568874 0.01487883 0.1330547 7.632106 -0.1778028 0.326396 7.521903 0.0368736 0.1540598 7.3829 0.1517348 0.1446252 7.615558 0.3692118 0.3743386 7.52582 0.233802 0.2015356 7.309238 0.07488121 0.2765625 7.650707 -0.02085011 0.7230364 7.710463 -0.09758453 1.121646 7.786602 -0.1261048 1.467801 7.792682 0.1641023 0.7155722 7.695022 0.2032319 1.099231 7.547787 0.2311574 1.441874 7.492435  A_Kick_Close
0.07834531 0.05888903 7.57587 0.008780556 0.1342584 7.636392 -0.176254 0.3301789 7.520886 0.03754904 0.1517502 7.388375 0.1460518 0.1454688 7.623424 0.3702653 0.3712198 7.537241 0.2415188 0.1965507 7.318108 0.06853022 0.2778138 7.655434 -0.02830802 0.7242219 7.712317 -0.1031869 1.123554 7.786493 -0.1353527 1.469284 7.796971 0.1569492 0.7171978 7.700829 0.2001239 1.099731 7.551806 0.2306546 1.441482 7.492458  A_Kick_Close
0.06922676 0.05894005 7.586938 -0.001488192 0.1360978 7.643571 -0.1754559 0.3360753 7.521896 0.03448005 0.1477109 7.397183 0.1362301 0.1460222 7.635061 0.3686715 0.3661025 7.553082 0.2487469 0.1855681 7.333697 0.05881544 0.2794076 7.662714 -0.03816042 0.7258624 7.715514 -0.1110647 1.126833 7.782465 -0.150744 1.471361 7.802469 0.1473588 0.7193024 7.709103 0.1965943 1.1 7.557286 0.2310564 1.440308 7.492089  A_Kick_Close
0.04298826 0.05801499 7.614068 -0.02869253 0.1405176 7.66172 -0.177091 0.3492064 7.529401 0.01671328 0.1363505 7.418767 0.1095418 0.145859 7.661696 0.3578105 0.3522885 7.586888 0.2534898 0.1528088 7.376105 0.03501459 0.2824748 7.679896 -0.05890236 0.7292031 7.723828 -0.1274351 1.133842 7.770144 -0.1772495 1.474709 7.814888 0.1267181 0.7234221 7.727457 0.1902214 1.099314 7.569102 0.2341078 1.435654 7.49038  A_Kick_Close
0.03110565 0.05730784 7.625271 -0.04034839 0.1421322 7.669455 -0.1793681 0.3538237 7.534203 0.006536441 0.1319085 7.427898 0.09792645 0.1454004 7.672033 0.3521892 0.3458141 7.599067 0.251633 0.1396333 7.392954 0.02515985 0.2833791 7.68674 -0.06674944 0.7302223 7.727328 -0.1331914 1.135962 7.766517 -0.1836774 1.475568 7.819362 0.1187918 0.7247087 7.734081 0.1875307 1.098732 7.573504 0.2351341 1.433313 7.489617  A_Kick_Close
0.02265389 0.05668211 7.633013 -0.04843525 0.1431065 7.674948 -0.1817338 0.3566934 7.538175 -0.001252694 0.1291695 7.434411 0.0898331 0.1449258 7.678926 0.34829 0.3409945 7.606914 0.2494285 0.1313729 7.403469 0.01841183 0.283824 7.691404 -0.07191287 0.7307476 7.7298 -0.136847 1.137145 7.764437 -0.1871215 1.475994 7.822121 0.1135647 0.7253968 7.738226 0.1855208 1.098295 7.576445 0.2355529 1.431677 7.489263  A_Kick_Close
0.01437207 0.05577159 7.640627 -0.05612097 0.1437184 7.680696 -0.1855354 0.3589746 7.543106 -0.009465201 0.1271362 7.441333 0.08213897 0.1441694 7.685305 0.3450407 0.3358403 7.613917 0.2469664 0.1256618 7.410667 0.01209016 0.2839179 7.69593 -0.07651059 0.7309478 7.732244 -0.1401047 1.13788 7.76285 -0.1898281 1.47621 7.823956 0.1089368 0.7257316 7.741386 0.1834023 1.09791 7.579084 0.2355482 1.430254 7.489219  A_Kick_Close
0.007969575 0.0550276 7.646519 -0.06199388 0.1441227 7.685226 -0.188833 0.3606064 7.547169 -0.01596181 0.1257583 7.446822 0.07625522 0.1435298 7.690136 0.3426335 0.3317313 7.619187 0.2450147 0.1217922 7.41547 0.007283585 0.2839087 7.699412 -0.07994156 0.7310172 7.734134 -0.1425375 1.138319 7.761737 -0.1916947 1.476308 7.825148 0.1054928 0.7258988 7.743591 0.1817239 1.097618 7.581057 0.2354253 1.429187 7.489263  A_Kick_Close
0.0001717378 0.0534867 7.654201 -0.0687993 0.1439577 7.691792 -0.1958263 0.3617827 7.554134 -0.02458112 0.1252081 7.455063 0.06947131 0.1421876 7.695712 0.3408614 0.3256283 7.624348 0.2429502 0.1214144 7.415029 0.001815455 0.2832793 7.703785 -0.08348291 0.7305664 7.736424 -0.145325 1.138191 7.760756 -0.1937053 1.476164 7.824845 0.1020157 0.7255197 7.744569 0.1796011 1.09734 7.58291 0.2348976 1.428208 7.489547  A_Kick_Close
-0.005172832 0.05212796 7.659806 -0.07328467 0.14354 7.696883 -0.2020732 0.3622431 7.560044 -0.03086637 0.1253954 7.46156 0.06500633 0.1409987 7.699412 0.3400211 0.320959 7.627171 0.2419703 0.1233939 7.411629 -0.001751883 0.2825519 7.706861 -0.08561496 0.7299873 7.738024 -0.1473749 1.137743 7.760287 -0.195329 1.475865 7.823908 0.09995438 0.7249725 7.744381 0.1781009 1.097178 7.583882 0.2343371 1.427677 7.489779  A_Kick_Close
-0.01097672 0.04961133 7.667039 -0.07756691 0.1420947 7.704368 -0.2135628 0.3616301 7.570445 -0.03898279 0.1275111 7.47136 0.06072541 0.1388211 7.703036 0.3411593 0.313265 7.627264 0.2419978 0.1320969 7.398245 -0.005064053 0.2808284 7.710457 -0.08700292 0.7285304 7.73988 -0.1502086 1.136151 7.760507 -0.1983212 1.47487 7.820742 0.09866865 0.7234962 7.741393 0.1763603 1.097106 7.583967 0.2332135 1.427568 7.490102  A_Kick_Close
