-0.07329683 -0.0009545088 1.810776 -0.1418724 0.09444523 1.834806 -0.2762141 0.3973426 1.793492 -0.3145857 0.6999348 1.747962 -0.003544493 0.09405065 1.833228 0.1953431 0.3495792 1.811624 0.2699823 0.6422697 1.74945 -0.07249384 0.2341757 1.820566 -0.1644435 0.6795552 1.785999 -0.1743502 1.092244 1.798826 -0.1732982 1.439254 1.814845 0.02129699 0.6788883 1.787243 0.04287763 1.090988 1.776658 0.06451268 1.438485 1.78167  A_Throw_SoClose
-0.08264725 -0.0009652376 1.81085 -0.1481758 0.09575593 1.837943 -0.2809792 0.4002732 1.800696 -0.3183672 0.7023822 1.751302 -0.0100991 0.09265316 1.830039 0.188855 0.344766 1.797983 0.2629615 0.63785 1.737038 -0.07679234 0.2341164 1.820577 -0.1650655 0.6800098 1.791112 -0.1747991 1.092811 1.799755 -0.1732331 1.439911 1.813649 0.02061321 0.6785523 1.786334 0.04388245 1.090639 1.77948 0.06483944 1.438168 1.785108  A_Throw_SoClose
-0.0896738 -0.0007684231 1.811255 -0.1527491 0.09691727 1.840641 -0.2846074 0.4024807 1.806461 -0.3218049 0.704168 1.754417 -0.01510249 0.09175396 1.827835 0.1838046 0.3407396 1.787625 0.2585713 0.6338676 1.727706 -0.07995991 0.2342091 1.820806 -0.1653937 0.6804113 1.79523 -0.1754501 1.093258 1.800842 -0.173792 1.440424 1.812953 0.02007993 0.6784148 1.785376 0.04485979 1.090448 1.781131 0.0657893 1.437965 1.787628  A_Throw_SoClose
-0.09849487 -0.0003038645 1.811846 -0.1582166 0.09855664 1.844221 -0.2889614 0.4052993 1.814313 -0.3264003 0.7064269 1.759285 -0.02145658 0.09074378 1.824909 0.1769939 0.3352813 1.774068 0.2527138 0.6282499 1.714568 -0.08377932 0.2344483 1.821127 -0.1654345 0.6809701 1.800776 -0.1765547 1.093822 1.802824 -0.1752054 1.441063 1.812629 0.01952399 0.678347 1.783894 0.04663326 1.090254 1.782841 0.06837799 1.437685 1.79101  A_Throw_SoClose
-0.1041724 0.0001242161 1.812342 -0.1615482 0.09971893 1.846708 -0.291575 0.4071549 1.819894 -0.3294133 0.707819 1.76265 -0.02560077 0.09016299 1.822955 0.1725413 0.3315096 1.765105 0.2490276 0.624213 1.70528 -0.08613513 0.2346708 1.821377 -0.1651834 0.6813598 1.804517 -0.1772969 1.094189 1.804338 -0.1763433 1.441471 1.8126 0.01926084 0.6783488 1.782773 0.04806109 1.090142 1.783658 0.07082649 1.437474 1.793129  A_Throw_SoClose
-0.1115267 0.0008289814 1.813164 -0.165629 0.1013439 1.850161 -0.2946792 0.4096106 1.827771 -0.3334231 0.709509 1.767212 -0.03105835 0.08949447 1.820369 0.1666485 0.3263528 1.75323 0.2442432 0.618543 1.692334 -0.0890737 0.2350338 1.821752 -0.1645149 0.6818896 1.809518 -0.1782659 1.094657 1.806548 -0.1780558 1.441982 1.812776 0.01901545 0.6783954 1.781129 0.05020078 1.090003 1.784385 0.07483883 1.437152 1.795702  A_Throw_SoClose
-0.1220491 0.002182007 1.815246 -0.1707429 0.1039704 1.85629 -0.2985317 0.4136219 1.844483 -0.3402839 0.7117307 1.777435 -0.03907017 0.08870864 1.816709 0.1588492 0.317907 1.735215 0.2378914 0.6088782 1.670466 -0.0929312 0.2357204 1.822703 -0.1625649 0.6827323 1.817124 -0.178832 1.095352 1.809707 -0.1797946 1.44272 1.812539 0.01901461 0.6785002 1.778233 0.05386778 1.089783 1.784171 0.08280922 1.436495 1.798342  A_Throw_SoClose
-0.1289378 0.003325105 1.81737 -0.1733744 0.1059294 1.86132 -0.3007204 0.4166965 1.86172 -0.3471247 0.7126858 1.788613 -0.04452465 0.08831131 1.814155 0.1536928 0.3117754 1.721755 0.2326959 0.6017565 1.652661 -0.09517144 0.2362884 1.823484 -0.1605583 0.6833115 1.822376 -0.1785101 1.095791 1.811735 -0.1802302 1.443168 1.812084 0.01917513 0.6786247 1.775734 0.0564415 1.089672 1.783163 0.08959813 1.435899 1.799763  A_Throw_SoClose
-0.1364255 0.004978061 1.820449 -0.1754496 0.108452 1.86765 -0.3021838 0.4202632 1.886415 -0.3568138 0.71251 1.804471 -0.05080025 0.08815134 1.811191 0.1490135 0.3024752 1.703966 0.2302264 0.5900587 1.627778 -0.09739368 0.2371705 1.824296 -0.1576718 0.684099 1.828112 -0.1778298 1.096372 1.813997 -0.1805796 1.443735 1.811659 0.01940145 0.6789657 1.772252 0.05931731 1.089733 1.781239 0.09862395 1.435123 1.801442  A_Throw_SoClose
-0.1454702 0.008182764 1.825976 -0.1747389 0.1128026 1.877964 -0.2992581 0.4237787 1.937851 -0.374586 0.7074125 1.843062 -0.05938379 0.08854532 1.805562 0.1403816 0.2862023 1.67001 0.228156 0.5675607 1.57925 -0.09889744 0.2389858 1.824423 -0.1511693 0.6854699 1.835577 -0.1762039 1.097304 1.817118 -0.1815155 1.444598 1.811412 0.02039679 0.6800185 1.764606 0.06339581 1.090415 1.775968 0.1151177 1.433524 1.805114  A_Throw_SoClose
-0.1469588 0.009703875 1.827861 -0.1720484 0.1146744 1.881505 -0.2939951 0.423497 1.962082 -0.383377 0.7029143 1.866981 -0.06135849 0.08904815 1.802586 0.1375403 0.2786877 1.653713 0.2325397 0.5549721 1.55499 -0.0979666 0.2399457 1.823542 -0.1472962 0.6861849 1.837226 -0.1749592 1.097798 1.81762 -0.1817717 1.445051 1.811105 0.02165206 0.6807136 1.760232 0.06518395 1.091041 1.77207 0.1226568 1.432765 1.806259  A_Throw_SoClose
-0.1470052 0.01127183 1.829022 -0.1681312 0.1164802 1.884076 -0.2855699 0.4221325 1.984734 -0.3936474 0.6955353 1.89158 -0.06219957 0.08974433 1.799218 0.1357426 0.2712173 1.637568 0.2390804 0.5411718 1.530096 -0.09609739 0.2410014 1.822057 -0.1427678 0.6870083 1.83809 -0.1732949 1.098379 1.817673 -0.1817867 1.445586 1.810648 0.02341761 0.6815469 1.755301 0.06727399 1.091835 1.767293 0.1305143 1.431912 1.807247  A_Throw_SoClose
-0.1450057 0.01319921 1.829076 -0.1617659 0.1185122 1.885598 -0.2721936 0.4189529 2.008693 -0.4107493 0.680576 1.922303 -0.06147842 0.09087586 1.794406 0.135849 0.2623422 1.61856 0.2504308 0.5230013 1.500102 -0.09250008 0.242419 1.81934 -0.1363809 0.6882124 1.838165 -0.1708075 1.099239 1.817026 -0.1814075 1.446387 1.809975 0.02618452 0.6827684 1.748475 0.07012893 1.093054 1.760214 0.1401999 1.430746 1.808192  A_Throw_SoClose
-0.1420264 0.01480126 1.827976 -0.1555483 0.1200459 1.885591 -0.2598769 0.4152145 2.025226 -0.4283945 0.6619723 1.948938 -0.05972103 0.09203815 1.789831 0.1377626 0.2552222 1.603545 0.2617889 0.5072882 1.476326 -0.08870743 0.2437005 1.816434 -0.1305491 0.6893978 1.837668 -0.168632 1.100073 1.815994 -0.1808714 1.447179 1.80951 0.02871771 0.6839461 1.742243 0.07255013 1.094257 1.753523 0.1479396 1.42967 1.808861  A_Throw_SoClose
-0.1356271 0.01733255 1.824315 -0.1447487 0.1221191 1.883654 -0.2435721 0.4069464 2.046211 -0.4621277 0.6166978 1.988372 -0.05534647 0.09432304 1.781811 0.1443705 0.2451372 1.582851 0.2818106 0.4842352 1.44484 -0.08177195 0.2459327 1.811232 -0.1207846 0.6917425 1.836338 -0.1660232 1.101589 1.812803 -0.1802383 1.448653 1.808492 0.03280826 0.6860456 1.732039 0.07608254 1.096454 1.74184 0.1590952 1.427776 1.809535  A_Throw_SoClose
-0.1268773 0.02051926 1.819313 -0.1314699 0.1245987 1.880392 -0.2292691 0.3940163 2.069338 -0.4977305 0.5411383 2.032042 -0.04887955 0.09745955 1.772783 0.1551371 0.2348206 1.56403 0.3058768 0.4610555 1.418429 -0.07262729 0.2488732 1.80533 -0.1089995 0.6950102 1.833802 -0.1648683 1.103322 1.806687 -0.1814246 1.450306 1.805509 0.0381281 0.6888018 1.720592 0.08020295 1.0994 1.727117 0.1700319 1.425505 1.809785  A_Throw_SoClose
-0.121579 0.02252531 1.816342 -0.12386 0.1262511 1.878149 -0.2230611 0.3848071 2.082762 -0.5125028 0.4874225 2.054458 -0.04474251 0.09941149 1.767888 0.1622857 0.2294922 1.555785 0.3201198 0.4495285 1.408215 -0.06702368 0.2507288 1.801888 -0.1023062 0.697049 1.831422 -0.1648155 1.104264 1.802385 -0.1824853 1.451193 1.803686 0.04163422 0.6905344 1.714203 0.08248921 1.101289 1.718133 0.1749825 1.424297 1.809558  A_Throw_SoClose
-0.1042473 0.02810812 1.807142 -0.1021708 0.1314757 1.869546 -0.2101931 0.34953 2.118953 -0.5160525 0.3161983 2.097822 -0.02996598 0.1047447 1.754614 0.186873 0.2183707 1.543224 0.3617514 0.4283555 1.400296 -0.04968236 0.2560213 1.790336 -0.08671157 0.70209 1.81995 -0.1659197 1.10633 1.790108 -0.1853551 1.452972 1.801744 0.05303629 0.6963469 1.697725 0.08585615 1.107824 1.694131 0.1792727 1.422813 1.80947  A_Throw_SoClose
-0.09190898 0.03084505 1.800848 -0.0890191 0.1343533 1.862808 -0.2038764 0.3214605 2.136509 -0.4923154 0.216047 2.108253 -0.01861851 0.1074617 1.7468 0.2049145 0.2144521 1.542163 0.3862965 0.4242202 1.407247 -0.03848432 0.2587984 1.782183 -0.0805885 0.7041151 1.810447 -0.1664492 1.107184 1.783278 -0.1874285 1.453452 1.801501 0.06053795 0.7002205 1.689742 0.08462717 1.112268 1.683383 0.1745677 1.423495 1.811039  A_Throw_SoClose
-0.08239953 0.03134322 1.795769 -0.08001016 0.1349783 1.857236 -0.2009246 0.3001189 2.143943 -0.4696805 0.1528884 2.109287 -0.009443624 0.1081831 1.741306 0.2195054 0.2120373 1.544128 0.4015476 0.4252145 1.415596 -0.03048526 0.2594975 1.7761 -0.07808767 0.7040845 1.802807 -0.1658729 1.106947 1.778924 -0.1884951 1.452872 1.801232 0.06604739 0.7020026 1.685665 0.08247502 1.114407 1.678185 0.1685081 1.423856 1.812674  A_Throw_SoClose
-0.06615333 0.02936733 1.786269 -0.06710832 0.1328994 1.847097 -0.2064243 0.2681502 2.142956 -0.4353239 0.06726229 2.094413 0.007038431 0.1075069 1.733102 0.2466273 0.2097425 1.552853 0.4204713 0.4345528 1.433091 -0.01828681 0.2583671 1.767002 -0.07711779 0.7017621 1.790787 -0.1633284 1.10532 1.773956 -0.1889866 1.450668 1.80135 0.07383884 0.7028923 1.682564 0.07781233 1.115586 1.674117 0.1558902 1.424332 1.814928  A_Throw_SoClose
-0.04717485 0.02502096 1.775624 -0.05462996 0.1280274 1.83564 -0.227171 0.2346674 2.126477 -0.3965422 -0.01375091 2.057853 0.02692582 0.1056486 1.726164 0.2787176 0.2106419 1.568451 0.4333293 0.4511907 1.45297 -0.00564049 0.2554088 1.758733 -0.07814239 0.6975365 1.778214 -0.1596134 1.102352 1.770372 -0.1887445 1.447146 1.801067 0.08080275 0.7020278 1.682204 0.07277443 1.114629 1.672231 0.1409679 1.424804 1.81502  A_Throw_SoClose
-0.02927743 0.02025354 1.766554 -0.04428891 0.122382 1.825363 -0.2534586 0.2036861 2.098881 -0.3556854 -0.07546747 2.016842 0.04572596 0.103794 1.721975 0.3075483 0.2146271 1.586578 0.439088 0.4677634 1.469429 0.005180912 0.2520045 1.75262 -0.0798782 0.6929358 1.76719 -0.1563551 1.098798 1.768615 -0.1887443 1.443155 1.800907 0.08571811 0.7002341 1.683368 0.06868358 1.112511 1.671491 0.1275741 1.425094 1.813165  A_Throw_SoClose
-0.01126669 0.01552474 1.759246 -0.03601931 0.1163352 1.815797 -0.2882701 0.1691924 2.055594 -0.3095756 -0.1258378 1.968355 0.06459232 0.1026229 1.721847 0.33446 0.2244992 1.606712 0.4420865 0.4861084 1.483906 0.01466043 0.2486409 1.748957 -0.08195154 0.6886349 1.757804 -0.1520945 1.095508 1.768241 -0.1873044 1.439758 1.79867 0.08901401 0.6978397 1.685779 0.06713803 1.109822 1.671787 0.1178137 1.425411 1.80993  A_Throw_SoClose
0.0216796 0.007869124 1.749259 -0.02157114 0.1052624 1.798432 -0.3316295 0.09048057 1.953637 -0.2196516 -0.1935887 1.910358 0.09717502 0.1016155 1.727557 0.3734206 0.2502514 1.647354 0.4419685 0.5188122 1.512148 0.03093602 0.2426063 1.744391 -0.08454071 0.6805657 1.741196 -0.142651 1.088448 1.770011 -0.1822269 1.432787 1.793205 0.09393062 0.6927806 1.691193 0.06626464 1.104222 1.67238 0.1025191 1.425319 1.802112  A_Throw_SoClose
0.05892362 0.001159191 1.744477 -0.004921241 0.09291732 1.778769 -0.3246415 -0.01660895 1.811618 -0.156853 -0.2703841 1.862142 0.1288604 0.102204 1.744806 0.3926335 0.2903668 1.699522 0.422253 0.5566629 1.546835 0.04770728 0.2362272 1.743651 -0.08519797 0.6717869 1.724331 -0.1294988 1.079452 1.773543 -0.1645325 1.424908 1.783846 0.09850003 0.6863542 1.700999 0.06891049 1.097162 1.673335 0.08908238 1.425122 1.788587  A_Throw_SoClose
0.08543469 -0.002680302 1.746001 0.009179549 0.08393729 1.765764 -0.275795 -0.07891524 1.706688 -0.1538308 -0.3569219 1.760952 0.1462161 0.1027141 1.763383 0.3830594 0.3200557 1.737292 0.3847798 0.5754612 1.564464 0.05843397 0.2314568 1.746983 -0.08424936 0.6655433 1.715634 -0.1218531 1.072933 1.772153 -0.1447161 1.419508 1.778226 0.1008303 0.6809446 1.712496 0.07411636 1.091273 1.676161 0.08349945 1.424808 1.775735  A_Throw_SoClose
0.1131418 -0.006184697 1.751529 0.02767076 0.07449269 1.75701 -0.2152679 -0.1045421 1.610322 -0.172871 -0.3949337 1.515545 0.1606044 0.1021268 1.783511 0.3605667 0.3418475 1.768052 0.3357498 0.5722354 1.564558 0.06878455 0.2256279 1.754083 -0.08340149 0.6579915 1.71273 -0.1193643 1.066467 1.76202 -0.1367113 1.413221 1.773614 0.1009576 0.67418 1.728579 0.08031227 1.084189 1.685337 0.08158298 1.423498 1.763542  A_Throw_SoClose
0.135759 -0.008348823 1.75588 0.04482253 0.06713974 1.752663 -0.1732057 -0.09935415 1.546408 -0.1885949 -0.3099552 1.321647 0.1717275 0.1011614 1.795963 0.3462882 0.352476 1.785726 0.3104812 0.5533736 1.554507 0.0767792 0.2203475 1.75951 -0.08420305 0.6504922 1.7123 -0.121343 1.060281 1.747915 -0.1421226 1.40649 1.767452 0.09832998 0.6680174 1.741899 0.08156724 1.078074 1.697444 0.07943518 1.421376 1.755643  A_Throw_SoClose
0.1490539 -0.008443236 1.757774 0.05532916 0.06375527 1.750292 -0.1496234 -0.08912563 1.515105 -0.1891798 -0.2439213 1.251323 0.1782135 0.1013992 1.801475 0.3407516 0.3583744 1.794755 0.3057067 0.5398771 1.547909 0.08119322 0.2178358 1.761739 -0.08550768 0.6462265 1.711472 -0.1234379 1.056629 1.738033 -0.1466991 1.402327 1.763053 0.09539105 0.664853 1.749291 0.07966931 1.07505 1.70576 0.07618113 1.420286 1.75101  A_Throw_SoClose
0.1576175 -0.008702517 1.757836 0.06217261 0.06111121 1.746893 -0.1214552 -0.06098628 1.479054 -0.1410617 -0.1619356 1.18831 0.1815119 0.1010567 1.804336 0.3371514 0.3618474 1.80307 0.310966 0.5322387 1.547364 0.08332123 0.2155919 1.762032 -0.08710353 0.6427712 1.709786 -0.1259288 1.053421 1.73062 -0.1512257 1.398646 1.759832 0.09197094 0.6620634 1.755192 0.07592894 1.07237 1.71283 0.07108577 1.418987 1.745715  A_Throw_SoClose
0.1643698 -0.00830543 1.756938 0.06761654 0.05937338 1.742517 -0.08540158 -0.02253473 1.444583 -0.06416945 -0.06131232 1.139373 0.1832006 0.1011209 1.806037 0.3332239 0.3651954 1.811208 0.3197941 0.5268407 1.54892 0.08423795 0.2140189 1.761206 -0.08902983 0.6402715 1.7073 -0.1280727 1.051116 1.723341 -0.1549355 1.395838 1.756789 0.08784927 0.6598387 1.760521 0.07151254 1.070284 1.719639 0.06485493 1.417848 1.739719  A_Throw_SoClose
0.1714584 -0.008256674 1.752745 0.07398815 0.05762124 1.73363 -0.039735 0.06798744 1.414265 0.04725077 0.1399465 1.127275 0.1842838 0.1001245 1.805502 0.3304197 0.3669604 1.824456 0.3416922 0.5323811 1.564431 0.08552457 0.2119831 1.757714 -0.09034394 0.6373234 1.703192 -0.1322782 1.047997 1.715965 -0.1634714 1.391748 1.755157 0.08290304 0.6572037 1.767159 0.06581737 1.067631 1.726399 0.05584939 1.41563 1.733111  A_Throw_SoClose
0.1754293 -0.006973028 1.746404 0.07800819 0.05819893 1.723869 -0.001493199 0.1433932 1.412358 0.1385372 0.2870491 1.178131 0.1840688 0.1001903 1.802132 0.328627 0.3679569 1.834666 0.3603071 0.5445323 1.583823 0.08610435 0.2119851 1.752591 -0.09101723 0.6369443 1.699082 -0.1351645 1.047391 1.711697 -0.1696896 1.390203 1.755992 0.07912441 0.6567702 1.770918 0.0623491 1.067115 1.729215 0.05073382 1.415127 1.729907  A_Throw_SoClose
0.1818965 0.0001817942 1.732793 0.08544172 0.06559837 1.706166 0.03969063 0.2218628 1.424432 0.218771 0.4175543 1.267134 0.1852821 0.1047617 1.793547 0.3298421 0.3707992 1.853401 0.3889421 0.5860215 1.640584 0.0891753 0.2177793 1.743149 -0.0903831 0.641878 1.694697 -0.1387735 1.051632 1.712989 -0.1781584 1.392632 1.766296 0.07582863 0.6622546 1.775072 0.06127037 1.071717 1.724747 0.04879447 1.419582 1.733796  A_Throw_SoClose
0.185289 0.005645394 1.726028 0.08955164 0.07152569 1.697923 0.05778553 0.2482144 1.430347 0.2417568 0.4601203 1.302449 0.1864869 0.108801 1.789308 0.3310214 0.3727684 1.863122 0.399655 0.6118414 1.680809 0.09127583 0.2226605 1.739106 -0.08939777 0.6464283 1.694353 -0.1408904 1.055659 1.715652 -0.1830938 1.395752 1.772481 0.07588805 0.6669523 1.776577 0.06292666 1.075497 1.718898 0.04793562 1.422868 1.737768  A_Throw_SoClose
0.189614 0.01379895 1.717745 0.09494336 0.08022153 1.687802 0.07801117 0.2781792 1.439616 0.258591 0.5098288 1.345611 0.1877749 0.1150801 1.784262 0.3296405 0.3765002 1.873853 0.4056668 0.6430299 1.738626 0.09356166 0.2298359 1.734218 -0.08776788 0.6538814 1.695391 -0.1408289 1.062662 1.72104 -0.1843328 1.401999 1.781299 0.07737066 0.6733057 1.778177 0.06586953 1.080613 1.712057 0.04593559 1.426778 1.744  A_Throw_SoClose
0.192331 0.01930165 1.712588 0.09840591 0.0860374 1.68146 0.0881495 0.2958819 1.446228 0.2632454 0.5386508 1.371984 0.1883832 0.1193407 1.78112 0.3267936 0.3794303 1.880201 0.4055813 0.6594203 1.777719 0.09477289 0.2345854 1.731069 -0.0866593 0.6590894 1.696503 -0.1390499 1.067712 1.725791 -0.1818273 1.406879 1.787511 0.07865025 0.6772028 1.779245 0.06777044 1.083786 1.708709 0.0442691 1.429007 1.747674  A_Throw_SoClose
0.1953625 0.02566743 1.706576 0.1023807 0.09269679 1.673943 0.09569342 0.315765 1.454213 0.262295 0.5698451 1.401348 0.1886259 0.1241775 1.777422 0.3201431 0.3834224 1.887559 0.3991776 0.6747059 1.824219 0.09573378 0.2398968 1.727129 -0.08543973 0.6652778 1.698128 -0.1342555 1.073857 1.733553 -0.1735397 1.413345 1.79583 0.08011611 0.6810281 1.780861 0.06974955 1.087015 1.7069 0.04293819 1.431378 1.750984  A_Throw_SoClose
0.1963254 0.02953124 1.702823 0.1039213 0.09680903 1.669378 0.09343852 0.3278631 1.458378 0.2527262 0.5883091 1.414758 0.1881029 0.1271616 1.774874 0.3125685 0.3868089 1.894871 0.3880156 0.683288 1.855983 0.09581228 0.2432702 1.72437 -0.08452718 0.6694698 1.698758 -0.1284783 1.077896 1.741545 -0.1629404 1.418163 1.802413 0.08068188 0.6833065 1.782519 0.07027932 1.089028 1.707116 0.04140713 1.433058 1.752476  A_Throw_SoClose
0.195021 0.03112769 1.699959 0.103145 0.09896898 1.666314 0.08461882 0.3358229 1.460854 0.2352038 0.6019899 1.421018 0.1864287 0.1281269 1.772854 0.3040169 0.3881303 1.903755 0.3736659 0.6880748 1.88682 0.09501989 0.2449847 1.722475 -0.08332829 0.6722744 1.699455 -0.1229169 1.080343 1.749332 -0.1522234 1.421544 1.807616 0.08147855 0.6843596 1.784273 0.07037903 1.089811 1.707533 0.03963204 1.433665 1.753  A_Throw_SoClose
0.1931896 0.03133714 1.698684 0.101597 0.09964776 1.665199 0.07660408 0.3389393 1.461631 0.2215774 0.6081833 1.421656 0.1848992 0.1280837 1.77192 0.2985735 0.3881457 1.909607 0.3639239 0.6894845 1.904249 0.09413405 0.2455406 1.721771 -0.08250307 0.6735978 1.699895 -0.1198095 1.081381 1.753709 -0.1457934 1.42318 1.810031 0.08205034 0.6847377 1.785332 0.07026722 1.090027 1.707837 0.03854813 1.43385 1.752863  A_Throw_SoClose
0.1842551 0.02946198 1.697722 0.09317942 0.09941494 1.666113 0.04895528 0.3396937 1.460166 0.1785956 0.6150149 1.410175 0.1792055 0.1262218 1.77108 0.2883531 0.3857126 1.920352 0.3447371 0.6886564 1.93261 0.09016736 0.2455897 1.722368 -0.08035217 0.6758988 1.701805 -0.1174442 1.083251 1.758925 -0.1407936 1.425857 1.811364 0.08453406 0.6854913 1.786788 0.07009627 1.090763 1.709654 0.03819783 1.434725 1.753483  A_Throw_SoClose
0.1686036 0.02483726 1.698661 0.07829757 0.0972302 1.670678 0.003590124 0.3358383 1.460023 0.1060366 0.6181686 1.39001 0.1696955 0.1220502 1.771513 0.2771728 0.3795832 1.930469 0.3240936 0.683169 1.957645 0.08291812 0.2440143 1.725212 -0.07854317 0.6772405 1.705071 -0.1177967 1.084607 1.760623 -0.1423003 1.427568 1.810135 0.08844127 0.6856883 1.78598 0.06962891 1.091726 1.713985 0.040262 1.436016 1.75699  A_Throw_SoClose
0.1505568 0.01939368 1.701378 0.06097557 0.09401751 1.677717 -0.04751353 0.3314191 1.472163 0.02180048 0.6188422 1.384465 0.1586201 0.11729 1.772907 0.2666348 0.3715291 1.939391 0.3063378 0.6754211 1.973707 0.07358523 0.2414261 1.729219 -0.07913803 0.6772102 1.708889 -0.1186831 1.084984 1.761149 -0.1436522 1.428221 1.80847 0.09119321 0.6849002 1.782575 0.06916626 1.092065 1.718269 0.04449721 1.436608 1.762193  A_Throw_SoClose
0.1426513 0.01709092 1.702929 0.05337139 0.09257185 1.681169 -0.06863062 0.3298422 1.481076 -0.01355032 0.6186216 1.387909 0.1537178 0.1153032 1.773641 0.2625516 0.3677815 1.94281 0.3002584 0.6717539 1.978634 0.06927766 0.2402214 1.731043 -0.07989381 0.6769937 1.710421 -0.1191084 1.084977 1.761279 -0.1439524 1.428315 1.807926 0.09187634 0.6843235 1.780726 0.06906708 1.091964 1.719795 0.04656358 1.436561 1.764447  A_Throw_SoClose
0.1300282 0.01370323 1.706081 0.04109921 0.0903548 1.687447 -0.09695159 0.3288349 1.499961 -0.06159703 0.6181101 1.399078 0.1458599 0.112504 1.775036 0.257806 0.3625718 1.945823 0.2936406 0.6666878 1.982344 0.06199231 0.2383982 1.734217 -0.08184038 0.6766469 1.712795 -0.1202724 1.084967 1.761504 -0.1445945 1.428507 1.806921 0.09192879 0.6832024 1.778086 0.06892098 1.091445 1.721411 0.04925646 1.436076 1.767139  A_Throw_SoClose
0.109901 0.008785248 1.711827 0.02170898 0.08723712 1.698129 -0.1338441 0.3283703 1.531154 -0.131081 0.6175523 1.424038 0.1331117 0.1084182 1.777363 0.2523861 0.355466 1.946382 0.2861702 0.6595915 1.984731 0.05002876 0.2356989 1.739334 -0.08575962 0.6760908 1.716468 -0.1229431 1.084811 1.76273 -0.1460832 1.428721 1.805908 0.09074874 0.6811258 1.774096 0.06873812 1.090252 1.72375 0.05361309 1.434972 1.770516  A_Throw_SoClose
0.09987064 0.006600142 1.715039 0.0121478 0.08593178 1.703707 -0.1498934 0.3281467 1.545349 -0.1635628 0.6170264 1.438254 0.1265955 0.106594 1.778621 0.2506185 0.3528855 1.944425 0.2835852 0.6569055 1.984293 0.04388215 0.2345035 1.741919 -0.08818363 0.6758541 1.718331 -0.1245521 1.084703 1.764099 -0.1467299 1.428853 1.805848 0.08949091 0.6800508 1.772328 0.06848975 1.089603 1.725109 0.05580821 1.434391 1.772099  A_Throw_SoClose
0.09117027 0.004865885 1.718002 0.003915267 0.08495855 1.708658 -0.1632356 0.3278887 1.556758 -0.1909624 0.6162695 1.451045 0.1208448 0.1051385 1.779774 0.2494114 0.3511727 1.941668 0.2818184 0.6550259 1.983229 0.03845837 0.2335712 1.744181 -0.0905209 0.6756977 1.719972 -0.126028 1.084627 1.765693 -0.1471556 1.429014 1.806008 0.088071 0.6791422 1.770909 0.06817342 1.089056 1.726436 0.05772902 1.433912 1.773486  A_Throw_SoClose
0.08035977 0.002949595 1.721818 -0.006238146 0.08398354 1.714804 -0.1800867 0.3274577 1.570261 -0.2238393 0.6149989 1.467727 0.1134963 0.1034991 1.781288 0.2482014 0.3495466 1.937322 0.2808283 0.6531097 1.980789 0.03154679 0.232565 1.747 -0.09381245 0.6755673 1.722087 -0.1278533 1.08458 1.768178 -0.147268 1.429298 1.806469 0.08579905 0.6780924 1.769361 0.06750239 1.088445 1.728379 0.06008496 1.433408 1.775214  A_Throw_SoClose
0.06788833 0.001109481 1.726407 -0.01785986 0.0832231 1.721912 -0.1998976 0.3269391 1.585366 -0.2605418 0.6130884 1.48765 0.1047738 0.1018931 1.783147 0.2469979 0.3483094 1.931192 0.281074 0.6514281 1.976604 0.02336659 0.2316698 1.75028 -0.09805487 0.6755815 1.724618 -0.1299215 1.084669 1.771591 -0.146901 1.4298 1.807228 0.08258928 0.6770613 1.767827 0.06643112 1.087892 1.730947 0.06271739 1.432997 1.777175  A_Throw_SoClose
0.05243798 -0.000524044 1.732121 -0.03219001 0.08288217 1.730467 -0.2245777 0.3270056 1.605232 -0.2983669 0.6121297 1.513761 0.09345885 0.1003654 1.78564 0.2458636 0.3475401 1.922367 0.2849713 0.6500916 1.967507 0.01275917 0.2310107 1.754515 -0.104213 0.675886 1.728339 -0.132562 1.085065 1.776746 -0.1458283 1.430692 1.809 0.07750262 0.6761591 1.766822 0.06420739 1.087509 1.734913 0.06518544 1.432898 1.779107  A_Throw_SoClose
0.03871693 -0.001451015 1.737346 -0.04484979 0.08308089 1.738195 -0.2442354 0.3288172 1.625229 -0.3241338 0.6144036 1.540588 0.08315547 0.09937978 1.788057 0.2448557 0.3471389 1.913816 0.290153 0.6492524 1.956007 0.003098624 0.2308111 1.758628 -0.1102021 0.6764035 1.73215 -0.1357303 1.085668 1.781397 -0.1460047 1.431704 1.810171 0.07232071 0.6757227 1.766595 0.06166341 1.087443 1.738727 0.0665216 1.433169 1.779931  A_Throw_SoClose
0.02749421 -0.002110839 1.741743 -0.0551453 0.08333552 1.744645 -0.2583591 0.3312539 1.642681 -0.3403733 0.6179716 1.564105 0.07459809 0.09858108 1.790158 0.2438961 0.3466539 1.906402 0.2949682 0.6483809 1.944572 -0.004903002 0.2306715 1.76221 -0.1153753 0.6767588 1.735543 -0.1388146 1.086102 1.785171 -0.1468814 1.432441 1.810834 0.06771888 0.6753919 1.766787 0.05932792 1.087363 1.742022 0.06703027 1.433388 1.780165  A_Throw_SoClose
0.01712819 -0.002685666 1.745881 -0.06460522 0.08360696 1.750742 -0.2685556 0.3348113 1.659044 -0.3502064 0.6231282 1.586146 0.06661327 0.09778988 1.792188 0.2430878 0.3459336 1.899207 0.3002745 0.6472149 1.931819 -0.01234262 0.2305204 1.765769 -0.1205044 0.676927 1.739036 -0.1422712 1.086372 1.788587 -0.1486075 1.432963 1.811144 0.06303658 0.6751471 1.767516 0.05693742 1.087315 1.745521 0.06701221 1.433645 1.780191  A_Throw_SoClose
0.006783323 -0.003217816 1.750106 -0.07397 0.08394015 1.756936 -0.2768415 0.3390892 1.675302 -0.3578068 0.6291497 1.608841 0.05860134 0.09698093 1.794246 0.2421685 0.3449413 1.891673 0.3055128 0.645654 1.917436 -0.01973794 0.2303789 1.769399 -0.1257945 0.6769899 1.742562 -0.1456999 1.08654 1.792029 -0.1502623 1.433332 1.811738 0.05813076 0.6749845 1.768427 0.05461325 1.08732 1.74918 0.06675453 1.43394 1.780086  A_Throw_SoClose
-0.000590844 -0.003569603 1.753173 -0.08059703 0.08421803 1.761416 -0.2815493 0.3425698 1.686744 -0.3617525 0.633966 1.625399 0.05286284 0.09639335 1.79573 0.2414375 0.3440542 1.886078 0.3091383 0.6442535 1.906116 -0.02498846 0.2302854 1.772035 -0.1296723 0.6769703 1.745107 -0.1481265 1.086597 1.794507 -0.1513942 1.433504 1.812347 0.05449273 0.6749253 1.769202 0.052996 1.08736 1.751903 0.06637605 1.434175 1.779966  A_Throw_SoClose
-0.01137762 -0.004038334 1.757912 -0.09021001 0.08470273 1.768192 -0.2865141 0.3483052 1.703206 -0.3648458 0.6417857 1.649906 0.04442008 0.0955162 1.798109 0.2403863 0.3423579 1.877822 0.3142417 0.6416093 1.887737 -0.0326073 0.2301687 1.776089 -0.1353985 0.6768688 1.748931 -0.1517485 1.08663 1.797953 -0.1533351 1.433661 1.813474 0.04907574 0.6749162 1.770541 0.05057212 1.087455 1.755944 0.06512804 1.434569 1.779355  A_Throw_SoClose
-0.01883279 -0.004317999 1.76131 -0.09680121 0.08509409 1.772974 -0.2890876 0.3524324 1.714365 -0.3655629 0.6473951 1.666866 0.03854569 0.09491956 1.799842 0.2394952 0.3409833 1.872016 0.3173121 0.6393852 1.874292 -0.03785275 0.2301112 1.778965 -0.1393651 0.6767886 1.751604 -0.1542606 1.086649 1.800262 -0.1547621 1.433746 1.814305 0.04530003 0.67494 1.771526 0.04890468 1.087525 1.758733 0.06380583 1.434828 1.778898  A_Throw_SoClose
-0.02613573 -0.004559398 1.765015 -0.1032045 0.08552277 1.778008 -0.2904715 0.3567637 1.72526 -0.3650607 0.6531094 1.683749 0.03276714 0.09433472 1.80191 0.2388675 0.3392758 1.86652 0.3201809 0.6366621 1.859176 -0.04295747 0.2300705 1.782137 -0.1431323 0.6767434 1.754542 -0.1568117 1.08684 1.801538 -0.156786 1.433973 1.814651 0.04170646 0.674936 1.772788 0.0472283 1.087551 1.761766 0.0618241 1.435058 1.778314  A_Throw_SoClose
-0.03387622 -0.004764438 1.769087 -0.109943 0.08602786 1.783478 -0.2915193 0.361277 1.736634 -0.3636884 0.6590638 1.701673 0.02661427 0.09374487 1.80421 0.2379915 0.3373232 1.860581 0.3225481 0.6333465 1.84256 -0.04836522 0.2300571 1.785598 -0.1470739 0.6767404 1.757737 -0.1594518 1.087129 1.802487 -0.1589035 1.434296 1.814686 0.03793253 0.6749192 1.774195 0.04553964 1.087548 1.76508 0.05927088 1.435245 1.777983  A_Throw_SoClose
-0.03943424 -0.004877329 1.772248 -0.1147387 0.08641922 1.787656 -0.2919548 0.3644773 1.744785 -0.3624437 0.6631961 1.714686 0.02219363 0.09334624 1.806063 0.2373399 0.335798 1.856271 0.3238399 0.6306067 1.829625 -0.05224488 0.2300676 1.788299 -0.1498039 0.6768075 1.760246 -0.1612125 1.087516 1.802231 -0.1603761 1.434699 1.813952 0.03531315 0.6748579 1.775392 0.04445841 1.087486 1.76777 0.0570878 1.435311 1.778053  A_Throw_SoClose
-0.04429702 -0.004949212 1.775065 -0.1189097 0.08679116 1.79136 -0.2922319 0.3672237 1.751814 -0.36093 0.6667702 1.726123 0.01831712 0.09301412 1.807711 0.236641 0.3344226 1.852379 0.3246049 0.6280033 1.81807 -0.05563043 0.2300953 1.790683 -0.1521765 0.6768827 1.762441 -0.1627354 1.087858 1.801974 -0.1615901 1.435051 1.813339 0.03302987 0.6748116 1.776435 0.04353406 1.087429 1.770121 0.05486627 1.435355 1.77832  A_Throw_SoClose
-0.05031786 -0.004984498 1.778867 -0.1239893 0.08732486 1.796326 -0.2929578 0.3704934 1.760568 -0.3601209 0.6707944 1.740175 0.01357664 0.09264398 1.809912 0.2356277 0.3328226 1.846831 0.3250179 0.6245662 1.802117 -0.05974142 0.230177 1.793835 -0.1550183 0.677032 1.765256 -0.1643247 1.088342 1.80148 -0.1625066 1.435527 1.81302 0.03029187 0.6747651 1.777768 0.04237713 1.087363 1.773234 0.05118175 1.435412 1.778903  A_Throw_SoClose
-0.05680732 -0.004965544 1.783326 -0.1293564 0.0880022 1.802079 -0.2942078 0.3739436 1.770016 -0.359788 0.6749085 1.754955 0.008523183 0.09226143 1.812488 0.2338628 0.3314655 1.840016 0.323652 0.620948 1.783076 -0.06403582 0.2303137 1.797449 -0.1579476 0.6772051 1.768358 -0.1661375 1.088813 1.801327 -0.1637518 1.435987 1.813096 0.02746983 0.6747596 1.779126 0.04107155 1.087327 1.77652 0.04579969 1.435484 1.780021  A_Throw_SoClose
-0.06300829 -0.004839182 1.78802 -0.1343514 0.08882546 1.808033 -0.2961908 0.3772407 1.778806 -0.3607097 0.6786006 1.767537 0.003763394 0.09193623 1.815235 0.2319539 0.329959 1.832678 0.3215795 0.6167271 1.763139 -0.06793712 0.2305402 1.801187 -0.1604925 0.6774222 1.771426 -0.1679286 1.089258 1.801598 -0.1652231 1.436431 1.813325 0.02502407 0.6748441 1.780285 0.039804 1.087378 1.779421 0.03912826 1.435575 1.781987  A_Throw_SoClose
-0.06812184 -0.004661322 1.792305 -0.138354 0.08964229 1.813395 -0.2983941 0.3800455 1.785666 -0.3624918 0.6815396 1.775651 -0.0001022052 0.09166121 1.817824 0.2293081 0.3291969 1.825987 0.3173431 0.6135646 1.745431 -0.07095383 0.2307843 1.804626 -0.1623566 0.6776006 1.774265 -0.1694785 1.089611 1.802044 -0.1667478 1.436803 1.813157 0.02324404 0.6749837 1.781127 0.03881176 1.087489 1.781523 0.03292002 1.435633 1.784575  A_Throw_SoClose
-0.07211642 -0.004451394 1.795751 -0.1414235 0.09037817 1.817723 -0.3003795 0.3823316 1.790309 -0.3645135 0.6837944 1.779607 -0.003108306 0.09145629 1.819957 0.2264624 0.3288594 1.820408 0.3124238 0.6113058 1.731307 -0.07320569 0.2310274 1.807481 -0.1636977 0.677765 1.776815 -0.1705725 1.089906 1.802652 -0.1677875 1.437109 1.813411 0.02196641 0.675152 1.781669 0.0384496 1.087621 1.7829 0.02906777 1.435678 1.786888  A_Throw_SoClose
-0.07608406 -0.004140019 1.799723 -0.1443961 0.0912497 1.822688 -0.3019945 0.3849676 1.794339 -0.3659222 0.6863212 1.779957 -0.006058855 0.09129858 1.822491 0.2220434 0.3293688 1.813592 0.3041217 0.6100424 1.715664 -0.07532482 0.2313547 1.810834 -0.165077 0.677929 1.780002 -0.1716272 1.09022 1.803401 -0.1686525 1.437431 1.813892 0.02063717 0.6754667 1.782398 0.0384648 1.087876 1.78445 0.02647181 1.435838 1.789613  A_Throw_SoClose
-0.07766782 -0.003969312 1.801664 -0.1455631 0.09166706 1.825031 -0.3022412 0.3862429 1.795804 -0.3656547 0.6875581 1.778617 -0.007231815 0.09126723 1.823781 0.2193573 0.3300978 1.810318 0.2988006 0.6102211 1.70871 -0.07613198 0.2315279 1.812418 -0.1655705 0.6780278 1.781424 -0.1720196 1.090388 1.803619 -0.168954 1.437597 1.814096 0.02015425 0.6756264 1.782865 0.03836747 1.088017 1.785178 0.02564021 1.435945 1.790892  A_Throw_SoClose
-0.0791298 -0.003777623 1.803704 -0.1466548 0.09209824 1.827389 -0.3021567 0.3875604 1.796936 -0.3647232 0.6888357 1.776295 -0.008337123 0.09127355 1.825194 0.2161382 0.3312129 1.807213 0.2923239 0.6110075 1.70226 -0.07688712 0.23172 1.814009 -0.1659355 0.6781723 1.782697 -0.172361 1.090592 1.803755 -0.1692436 1.437796 1.814396 0.01979353 0.6757648 1.783386 0.03822531 1.088145 1.785817 0.02529092 1.436055 1.79211  A_Throw_SoClose
-0.08013557 -0.003611207 1.80533 -0.1474138 0.09243917 1.829212 -0.3018305 0.3886062 1.797632 -0.3635298 0.6898415 1.774009 -0.009110196 0.09131038 1.826363 0.2133145 0.3323443 1.804974 0.2865967 0.6120504 1.697743 -0.07740878 0.2318844 1.815244 -0.1661507 0.6783054 1.783603 -0.172613 1.090767 1.803815 -0.1694866 1.437964 1.814696 0.01957913 0.6758747 1.783812 0.03822823 1.088246 1.786231 0.02565904 1.436163 1.792832  A_Throw_SoClose
-0.08064412 -0.003486633 1.806406 -0.1478031 0.09266186 1.830384 -0.3013552 0.3893255 1.797996 -0.3623053 0.6905457 1.772324 -0.009508951 0.09136438 1.827176 0.2112504 0.3333236 1.803685 0.2823789 0.6131361 1.695287 -0.07766907 0.2320054 1.816054 -0.1662587 0.6783965 1.784157 -0.1727928 1.090883 1.803827 -0.1696921 1.438072 1.814949 0.0194713 0.6759655 1.784092 0.03847923 1.088321 1.786414 0.02675457 1.436269 1.792944  A_Throw_SoClose
-0.08108376 -0.003285646 1.807888 -0.1481346 0.09296989 1.83197 -0.3002146 0.3904024 1.798365 -0.359828 0.6916271 1.769773 -0.009851797 0.09148407 1.828375 0.208204 0.3349576 1.802235 0.2761388 0.6151308 1.692727 -0.07785736 0.2321965 1.81721 -0.166409 0.6784998 1.784927 -0.1730734 1.091023 1.803764 -0.1700203 1.4382 1.815274 0.01932164 0.6761609 1.784505 0.03921982 1.088476 1.786476 0.02951934 1.4365 1.792229  A_Throw_SoClose
-0.08114217 -0.003042102 1.809259 -0.1481681 0.09327114 1.83341 -0.2981881 0.3916547 1.798411 -0.3557795 0.6929578 1.766674 -0.009891732 0.09166718 1.829626 0.2049246 0.3369788 1.801456 0.2695309 0.6179272 1.691918 -0.07779728 0.2324215 1.818381 -0.1665536 0.678576 1.785675 -0.1733735 1.091141 1.803523 -0.1703666 1.438303 1.815474 0.01917888 0.6764557 1.784964 0.04038908 1.088708 1.786166 0.03401228 1.436833 1.790244  A_Throw_SoClose
-0.08070795 -0.002724409 1.810345 -0.1478224 0.09356272 1.834561 -0.2947031 0.3932364 1.797981 -0.3489578 0.6947556 1.762624 -0.009544058 0.09194529 1.830856 0.2012622 0.3395928 1.801759 0.262586 0.6221164 1.694408 -0.07743053 0.2327024 1.819531 -0.1666452 0.6786582 1.786369 -0.1737509 1.091271 1.802944 -0.1708698 1.438417 1.815414 0.01909019 0.676868 1.785524 0.04175367 1.089045 1.785217 0.04052355 1.437245 1.786958  A_Throw_SoClose
-0.08014993 -0.002532721 1.810688 -0.1473827 0.09368658 1.834945 -0.2923794 0.3940573 1.797622 -0.3445042 0.6957287 1.760407 -0.009099526 0.09214067 1.831391 0.1994978 0.3411348 1.802499 0.2595734 0.6248726 1.697674 -0.07704549 0.2328658 1.820025 -0.1666081 0.6787103 1.786618 -0.1740087 1.091345 1.802502 -0.1713091 1.438481 1.81528 0.01912941 0.6771188 1.785844 0.04234656 1.089263 1.784447 0.04437293 1.437463 1.785187  A_Throw_SoClose
-0.07953314 -0.00236392 1.810884 -0.1468947 0.09377766 1.835175 -0.2903083 0.3946927 1.797284 -0.340584 0.6964912 1.758586 -0.008606656 0.09232461 1.831777 0.1981903 0.3424393 1.80332 0.2575747 0.6273059 1.701198 -0.07663338 0.233007 1.820366 -0.1665264 0.6787566 1.786746 -0.1742304 1.091406 1.802088 -0.1717279 1.438533 1.815153 0.01921298 0.677339 1.786106 0.04274138 1.089461 1.783719 0.0475628 1.437634 1.783935  A_Throw_SoClose
-0.0785443 -0.002135277 1.811021 -0.1461067 0.09388232 1.83535 -0.2875098 0.3954272 1.796814 -0.3353452 0.6973894 1.75634 -0.00781147 0.09258842 1.832187 0.1968141 0.3440865 1.804598 0.2560355 0.6305249 1.706873 -0.07597999 0.2331946 1.820684 -0.1663251 0.6788266 1.786774 -0.1744765 1.09149 1.801507 -0.1722734 1.438602 1.815001 0.01941653 0.6776285 1.786416 0.04303755 1.089735 1.782675 0.05140169 1.437841 1.782739  A_Throw_SoClose
-0.07778792 -0.001969576 1.811067 -0.1454956 0.09395552 1.835415 -0.2855396 0.3958875 1.79649 -0.3316695 0.6979623 1.754892 -0.007195396 0.09278262 1.832428 0.1960701 0.3451575 1.805546 0.2558963 0.6327268 1.711582 -0.07547246 0.2333283 1.820828 -0.166087 0.6789004 1.786712 -0.1745478 1.091571 1.801077 -0.1725521 1.438671 1.814912 0.01965566 0.6778123 1.786593 0.04303499 1.089922 1.781864 0.05366214 1.437966 1.782186  A_Throw_SoClose
-0.07688724 -0.001757622 1.811158 -0.1447652 0.09405935 1.835492 -0.2832178 0.3963948 1.796081 -0.3273003 0.6985959 1.753201 -0.006458802 0.09303343 1.832743 0.1953911 0.3463355 1.806781 0.2569619 0.6352638 1.718272 -0.07486628 0.2335011 1.82097 -0.1657166 0.6790323 1.786578 -0.1745898 1.091709 1.800499 -0.1728775 1.438795 1.814733 0.0200264 0.6780077 1.786744 0.04304476 1.090121 1.780716 0.05635776 1.438072 1.781638  A_Throw_SoClose
-0.07613252 -0.001578331 1.811218 -0.1441563 0.09414744 1.835513 -0.281405 0.3967451 1.795691 -0.3238972 0.6990399 1.751876 -0.005844755 0.09325337 1.832987 0.1950278 0.347219 1.807844 0.258725 0.6372027 1.724437 -0.0743684 0.2336493 1.821033 -0.1654098 0.6791539 1.78644 -0.1745867 1.091835 1.800019 -0.1730785 1.438908 1.814592 0.02033301 0.6781702 1.786836 0.04306861 1.090281 1.779707 0.05854161 1.438141 1.781323  A_Throw_SoClose
-0.07548182 -0.001425982 1.811247 -0.1436348 0.09422016 1.83549 -0.2799579 0.3969891 1.795317 -0.3211972 0.6993565 1.750811 -0.005318923 0.09344697 1.833171 0.1948504 0.34791 1.808756 0.2607161 0.6387085 1.73 -0.07394861 0.2337762 1.821045 -0.1651696 0.679257 1.786311 -0.1745595 1.091942 1.799626 -0.1731879 1.439003 1.814494 0.02057298 0.6783143 1.786896 0.04310079 1.09042 1.77884 0.06034793 1.438191 1.781161  A_Throw_SoClose
-0.07481627 -0.001288176 1.81113 -0.1431046 0.09427547 1.835315 -0.2788016 0.3971096 1.794849 -0.31914 0.6995414 1.749956 -0.004784627 0.0936327 1.833211 0.1949002 0.348479 1.809569 0.2631478 0.6399407 1.735429 -0.07352827 0.2338927 1.820929 -0.1650082 0.6793342 1.786204 -0.1745286 1.092021 1.799383 -0.1732322 1.439067 1.814596 0.02073415 0.6784858 1.786977 0.04305251 1.090588 1.778186 0.06175997 1.438278 1.781262  A_Throw_SoClose
-0.07415937 -0.001153827 1.810995 -0.1425788 0.09433091 1.83512 -0.2776855 0.397213 1.794351 -0.3171679 0.6997079 1.749124 -0.004255218 0.09381163 1.833232 0.1949975 0.3490067 1.810382 0.2656761 0.6410483 1.740952 -0.07310538 0.2340057 1.820796 -0.1648319 0.6794106 1.786103 -0.1744853 1.092098 1.799152 -0.1732671 1.439129 1.814709 0.02090998 0.6786546 1.787065 0.04299517 1.090753 1.777551 0.06304939 1.43836 1.781429  A_Throw_SoClose
