-0.0111063 0.04955614 11.91593 -0.07766221 0.1420635 11.95327 -0.213819 0.361618 11.81942 -0.03916393 0.1275629 11.72031 0.06062885 0.1387728 11.95185 0.341184 0.3130859 11.87599 0.2420103 0.1322926 11.64669 -0.005138857 0.2807903 11.95927 -0.08703481 0.728498 11.98865 -0.1502734 1.136115 12.00924 -0.1983908 1.474847 12.0694 0.09863754 0.7234629 11.99006 0.1763226 1.097103 11.8327 0.2331914 1.427564 11.73884  A_Kick_Far
-0.01185386 0.0467571 11.91868 -0.07722835 0.1394157 11.95752 -0.2242286 0.3593088 11.82912 -0.04049007 0.1355938 11.72282 0.06094416 0.1364014 11.95148 0.342916 0.3083681 11.86924 0.2432664 0.1469654 11.62608 -0.004861934 0.2783288 11.96017 -0.08618109 0.7262166 11.98957 -0.1503615 1.133685 12.01018 -0.1985866 1.473205 12.06563 0.09945543 0.721126 11.98573 0.175672 1.096775 11.83249 0.2321573 1.428049 11.74131  A_Kick_Far
-0.0120735 0.04297054 11.92214 -0.07571511 0.1357397 11.96326 -0.2377835 0.3559994 11.84426 -0.04239486 0.1495086 11.72471 0.06201412 0.1331838 11.95055 0.3450142 0.3021472 11.85861 0.2453426 0.169644 11.59859 -0.00387047 0.2749348 11.96129 -0.08447425 0.7230704 11.99104 -0.1494155 1.130405 12.01192 -0.1975506 1.471032 12.06019 0.1008539 0.7178376 11.97974 0.1748758 1.095356 11.83006 0.2306885 1.427254 11.74075  A_Kick_Far
-0.01052348 0.03856182 11.92409 -0.07203929 0.1311989 11.96826 -0.2511126 0.3517613 11.86318 -0.04466591 0.1707823 11.7227 0.06472911 0.1293957 11.94756 0.3468699 0.2958747 11.84303 0.2476583 0.1986442 11.5677 -0.001327259 0.2708111 11.96126 -0.0813037 0.7192217 11.99225 -0.1457928 1.126594 12.01379 -0.1929287 1.468594 12.05235 0.1032739 0.7137278 11.97219 0.1743481 1.093825 11.82769 0.2289747 1.426801 11.74172  A_Kick_Far
-0.008483512 0.03515542 11.92476 -0.06825022 0.1275877 11.97142 -0.2598962 0.3480681 11.87882 -0.04801456 0.1896631 11.72032 0.0674385 0.1264417 11.9445 0.3480838 0.2913562 11.83009 0.2502505 0.2226193 11.54582 0.001303034 0.2675496 11.96075 -0.07822542 0.7161785 11.99306 -0.1426965 1.123618 12.01334 -0.1892843 1.466389 12.04514 0.1054729 0.7104182 11.96617 0.1738929 1.09256 11.82585 0.2272625 1.426372 11.74236  A_Kick_Far
-0.005521996 0.03129745 11.92484 -0.06316058 0.123425 11.97439 -0.2682121 0.343436 11.89767 -0.05401919 0.21332 11.71795 0.0709361 0.1230793 11.9404 0.3491163 0.2864549 11.81467 0.2543236 0.2507665 11.52339 0.004816728 0.2638023 11.95976 -0.07419668 0.7126846 11.99383 -0.1391273 1.120178 12.01138 -0.185601 1.463551 12.03606 0.1081798 0.7065699 11.95915 0.1734777 1.091025 11.82375 0.2252657 1.425768 11.74304  A_Kick_Far
-0.002202136 0.02741933 11.92452 -0.05750994 0.1192185 11.97697 -0.274622 0.3384644 11.91781 -0.06272618 0.2385441 11.71725 0.07459159 0.1196623 11.93591 0.3498181 0.2814622 11.79893 0.2602401 0.2792566 11.50385 0.008688169 0.2599977 11.95854 -0.06963997 0.7091603 11.99455 -0.1369979 1.116501 12.00507 -0.1852316 1.459956 12.02471 0.1110454 0.7026009 11.95199 0.1731541 1.089403 11.82187 0.2231894 1.42505 11.74386  A_Kick_Far
0.001504974 0.02374709 11.92356 -0.0513625 0.1151799 11.97885 -0.2784668 0.3334717 11.93804 -0.0733702 0.264007 11.71846 0.07844301 0.1163828 11.93104 0.3504255 0.27672 11.78354 0.2682042 0.3064855 11.48781 0.01296993 0.2563379 11.95702 -0.06445985 0.7058064 11.99516 -0.1377807 1.112243 11.99229 -0.1899282 1.455185 12.01087 0.1142348 0.6987025 11.94497 0.1728674 1.087904 11.82052 0.220689 1.424445 11.74501  A_Kick_Far
0.007173376 0.01847124 11.92157 -0.04169206 0.1093875 11.98092 -0.2804681 0.3258342 11.96935 -0.0922585 0.3022326 11.72619 0.08402534 0.1116227 11.92323 0.3507176 0.2695391 11.76066 0.2846484 0.3442825 11.46885 0.01964601 0.2510525 11.95428 -0.05599896 0.7010391 11.99559 -0.1411292 1.104488 11.972 -0.1977217 1.446692 11.99117 0.1190767 0.6929513 11.93407 0.1729466 1.085627 11.81871 0.2173491 1.423426 11.74682  A_Kick_Far
0.01422961 0.01235449 11.91791 -0.02901093 0.1026763 11.98199 -0.276027 0.3165743 12.0088 -0.1173052 0.3475198 11.74621 0.09056605 0.1059538 11.91251 0.3506463 0.2603992 11.733 0.3136532 0.3839279 11.45286 0.02844991 0.2448431 11.94993 -0.0438358 0.6956432 11.99517 -0.1498526 1.091449 11.94347 -0.2052195 1.433553 11.96741 0.1255959 0.6858879 11.91967 0.1735662 1.082941 11.81744 0.2124673 1.422305 11.74987  A_Kick_Far
0.01779385 0.008125663 11.91493 -0.02099876 0.09816825 11.98201 -0.2694983 0.3105123 12.03539 -0.1338261 0.3735507 11.76571 0.09373678 0.1017305 11.90481 0.3516193 0.2534961 11.71769 0.3415718 0.4050261 11.44929 0.03406109 0.240469 11.94652 -0.03462974 0.6919988 11.99423 -0.1521271 1.08176 11.92455 -0.1954478 1.425365 11.95161 0.130077 0.6806706 11.90911 0.1737836 1.080917 11.81803 0.207288 1.421429 11.7534  A_Kick_Far
0.02119865 0.002077579 11.91072 -0.01038955 0.09190321 11.98158 -0.2559322 0.3017647 12.07294 -0.155793 0.4060954 11.80056 0.0964476 0.09530675 11.89377 0.3541075 0.2419424 11.70017 0.3911559 0.4229376 11.45324 0.04146774 0.2341232 11.94127 -0.02068363 0.68688 11.99169 -0.1512375 1.067873 11.90017 -0.1652366 1.414073 11.92514 0.1357578 0.672825 11.89254 0.1741813 1.076956 11.81767 0.1996985 1.419249 11.75908  A_Kick_Far
0.02102311 -0.002925873 11.90883 -0.004242999 0.08712077 11.98194 -0.2443827 0.2953081 12.0992 -0.1723229 0.4229306 11.82786 0.09608956 0.08927178 11.88672 0.3601181 0.2293851 11.69726 0.4386111 0.4247515 11.47193 0.04614778 0.2287265 11.93779 -0.009064002 0.6826971 11.98855 -0.1390164 1.060423 11.88362 -0.1221079 1.407026 11.89955 0.1394082 0.6658261 11.87822 0.1723501 1.072124 11.8131 0.1927592 1.41598 11.76216  A_Kick_Far
0.01682599 -0.007285118 11.9097 -0.002845747 0.08354819 11.98384 -0.2373966 0.2926912 12.11507 -0.1903718 0.428624 11.84227 0.09269853 0.08295 11.8838 0.3675254 0.2150009 11.7082 0.4780991 0.4190286 11.5051 0.04834421 0.2237588 11.93628 0.001711683 0.6791489 11.98442 -0.1179033 1.058665 11.87382 -0.08022372 1.403978 11.87745 0.142319 0.6586766 11.86479 0.1678845 1.065623 11.80041 0.189518 1.410632 11.75859  A_Kick_Far
0.01237925 -0.0103004 11.91159 -0.002915366 0.08132458 11.98609 -0.2344259 0.2906303 12.12563 -0.2088194 0.4298635 11.85165 0.08920337 0.07796919 11.88294 0.3732751 0.2010573 11.72214 0.5069497 0.4091311 11.53791 0.04961802 0.220065 11.93577 0.01049896 0.6765785 11.98064 -0.09778617 1.058331 11.86612 -0.04747872 1.401964 11.85838 0.1444687 0.6528887 11.85417 0.1631692 1.059966 11.78828 0.1887615 1.405535 11.75401  A_Kick_Far
-2.412307E-05 -0.01330173 11.9182 -0.009191377 0.0802021 11.99222 -0.2375694 0.2939107 12.13174 -0.2478424 0.4201038 11.85053 0.07996877 0.07037556 11.8869 0.3774785 0.1786726 11.75841 0.5344911 0.3947067 11.6042 0.04897924 0.2151952 11.93805 0.02678897 0.6737092 11.97362 -0.0627896 1.059626 11.85692 -0.01018749 1.402094 11.83197 0.1507855 0.6426166 11.83886 0.1561735 1.048151 11.76194 0.1920996 1.39345 11.73499  A_Kick_Far
-0.01109342 -0.01426995 11.92441 -0.01563172 0.08077586 11.99764 -0.241926 0.2990062 12.1334 -0.2805875 0.408529 11.84771 0.07168485 0.06526625 11.89147 0.3769511 0.1573322 11.78904 0.5498062 0.3741453 11.65406 0.0477617 0.2121428 11.9405 0.04008212 0.6717218 11.96744 -0.0332729 1.060768 11.84981 0.01741727 1.402326 11.81183 0.1560496 0.6343519 11.82724 0.1499518 1.038075 11.74137 0.1955847 1.38257 11.71925  A_Kick_Far
-0.03254859 -0.01006198 11.93538 -0.03152804 0.08717144 12.00719 -0.25572 0.3133539 12.13067 -0.3334113 0.3873966 11.84155 0.05532958 0.06252015 11.90238 0.3663532 0.1345664 11.832 0.5511323 0.3516905 11.71445 0.04234155 0.2119062 11.94781 0.06307919 0.6718326 11.96029 0.002904849 1.062934 11.84199 0.04015668 1.404152 11.78854 0.1702848 0.6229138 11.81671 0.1390854 1.017277 11.69877 0.205746 1.358578 11.68095  A_Kick_Far
-0.05848239 -0.0005962849 11.94609 -0.05147527 0.09864151 12.01633 -0.2718769 0.333403 12.12721 -0.3888339 0.3686199 11.84403 0.03466578 0.06391263 11.9138 0.3478229 0.1131026 11.87171 0.5455192 0.3245026 11.76526 0.03411527 0.2149276 11.95556 0.08944501 0.6723799 11.95183 0.03740533 1.064698 11.83371 0.05925902 1.404783 11.76634 0.1876728 0.6102325 11.80695 0.1319884 0.9895581 11.65393 0.2272453 1.32437 11.64527  A_Kick_Far
-0.08212297 0.01378143 11.95454 -0.07015185 0.1142653 12.02368 -0.2856789 0.3561827 12.12732 -0.4318958 0.3632239 11.85588 0.01525743 0.07111287 11.92378 0.3300048 0.1016036 11.89567 0.5390442 0.3027329 11.79101 0.02579816 0.2223675 11.96328 0.1158248 0.6743388 11.94582 0.05976601 1.066718 11.82975 0.06729938 1.406193 11.75645 0.2076526 0.5996279 11.80268 0.122959 0.953645 11.608 0.2386189 1.282043 11.60296  A_Kick_Far
-0.1066276 0.03529346 11.96318 -0.08915584 0.1365268 12.03156 -0.2954719 0.387378 12.13426 -0.4648038 0.3754673 11.87679 -0.005600018 0.08513975 11.93402 0.3114242 0.09578335 11.91099 0.5332134 0.2808826 11.80304 0.01686455 0.2354213 11.97223 0.1468359 0.6773425 11.94014 0.08050634 1.068954 11.82693 0.07154347 1.407383 11.74909 0.2318624 0.5883806 11.801 0.1077704 0.8982584 11.55814 0.2427157 1.219145 11.5498  A_Kick_Far
-0.1304321 0.06044924 11.96905 -0.1077576 0.1618772 12.03705 -0.3027535 0.4214126 12.14402 -0.487877 0.3997799 11.89832 -0.02670191 0.1034876 11.94135 0.2930469 0.09545815 11.91571 0.5260471 0.2618312 11.8011 0.006772297 0.2517855 11.97925 0.1758414 0.6797513 11.93379 0.09837963 1.070622 11.82519 0.07537211 1.408078 11.74601 0.2538753 0.5770054 11.80016 0.0971839 0.8364035 11.51987 0.2572382 1.145466 11.50934  A_Kick_Far
-0.1501842 0.08425367 11.97465 -0.1225943 0.1850443 12.043 -0.2993819 0.4541134 12.1639 -0.4835742 0.4408789 11.9169 -0.04538999 0.1226543 11.94664 0.2760483 0.1009164 11.90787 0.5169402 0.2488247 11.78459 -0.003159685 0.2684721 11.98541 0.1970759 0.6820297 11.92879 0.1111242 1.072722 11.82609 0.07519992 1.408995 11.7467 0.2681231 0.5683068 11.80025 0.09215207 0.7802732 11.49283 0.2895078 1.065575 11.4628  A_Kick_Far
-0.1712392 0.1124452 11.98023 -0.1377011 0.2119612 12.0491 -0.2891801 0.4900326 12.18969 -0.4663281 0.4929594 11.93727 -0.06585126 0.1459845 11.95101 0.2554667 0.1098312 11.89415 0.5029579 0.2363912 11.7606 -0.01395212 0.288349 11.99086 0.2188414 0.6831457 11.92175 0.1261446 1.074236 11.82672 0.07566972 1.408792 11.74799 0.2804104 0.5584688 11.7986 0.08690859 0.7222552 11.47281 0.3304168 0.9643066 11.41482  A_Kick_Far
-0.1895764 0.1344706 11.98752 -0.1495663 0.2319087 12.05689 -0.2690395 0.5152351 12.22189 -0.4284903 0.5454533 11.95965 -0.08467071 0.164483 11.95501 0.2331667 0.1181647 11.87801 0.4847938 0.2269795 11.73677 -0.02432154 0.3032745 11.99556 0.2308419 0.6822298 11.91587 0.139022 1.075071 11.82744 0.07569714 1.40738 11.74848 0.2825226 0.5512439 11.79473 0.09788103 0.6971571 11.45559 0.3872658 0.8661585 11.36102  A_Kick_Far
-0.2085634 0.1579927 11.9975 -0.1605242 0.252339 12.06691 -0.2401559 0.5354935 12.25884 -0.3760072 0.5960633 11.98869 -0.1047473 0.1841904 11.96022 0.2063638 0.1272733 11.86203 0.4619084 0.2185022 11.71547 -0.03483902 0.3184267 12.00075 0.2406498 0.6803559 11.90945 0.1489954 1.074467 11.82668 0.07439347 1.404628 11.74857 0.2807763 0.5446339 11.78916 0.1290696 0.6814369 11.43045 0.4446863 0.7571707 11.30436  A_Kick_Far
-0.2331282 0.1907429 12.01568 -0.1724409 0.279182 12.08369 -0.1900912 0.551035 12.30879 -0.2902946 0.6469009 12.03333 -0.1320529 0.2117814 11.96983 0.1650057 0.140221 11.84521 0.426627 0.209349 11.6973 -0.04845927 0.3385234 12.00854 0.248228 0.6787968 11.90143 0.1546685 1.073512 11.82384 0.06948347 1.401598 11.74783 0.2718174 0.5402386 11.78 0.2060513 0.6591389 11.3902 0.5106955 0.6099638 11.22889  A_Kick_Far
-0.2521665 0.2204415 12.03598 -0.1796716 0.3022017 12.10078 -0.1436196 0.55612 12.34526 -0.2236497 0.6706228 12.07032 -0.154658 0.2369732 11.98138 0.1263166 0.1502726 11.83929 0.3951417 0.2010139 11.69694 -0.05910788 0.3560773 12.0165 0.2512059 0.6797212 11.89765 0.1541949 1.073935 11.82177 0.06460293 1.401191 11.74727 0.2611007 0.5417846 11.77365 0.2793615 0.6141542 11.36765 0.5468124 0.5104373 11.17027  A_Kick_Far
-0.2660494 0.2456957 12.0525 -0.1843695 0.3213249 12.11333 -0.1093892 0.5583872 12.36617 -0.1884973 0.6823123 12.09508 -0.1721434 0.2587361 11.99056 0.09365679 0.1590158 11.83564 0.3672859 0.1962686 11.69837 -0.06753294 0.371165 12.02164 0.2516353 0.6827696 11.89529 0.1501333 1.076113 11.82077 0.06065567 1.403892 11.74846 0.2523099 0.5464303 11.76914 0.3375863 0.5625609 11.36557 0.5754138 0.4492408 11.13788  A_Kick_Far
-0.2766663 0.2827438 12.07706 -0.1832893 0.3491235 12.13057 -0.05823867 0.5616567 12.38555 -0.1483412 0.6955197 12.12274 -0.1888378 0.2909638 12.00518 0.05261143 0.1736523 11.83097 0.3293788 0.1917456 11.69615 -0.07255159 0.3932508 12.02893 0.2574873 0.6878715 11.89213 0.1470359 1.079203 11.81978 0.0615594 1.408779 11.75088 0.2476338 0.5533314 11.76445 0.3919936 0.4888047 11.38313 0.5606281 0.4037377 11.0906  A_Kick_Far
-0.2829762 0.3107765 12.0913 -0.1832763 0.3712878 12.13946 -0.03070073 0.5740228 12.38693 -0.1355368 0.7086124 12.13002 -0.1989058 0.3147388 12.01418 0.02691664 0.1876032 11.82576 0.3013984 0.1966634 11.68546 -0.07577763 0.4099326 12.03227 0.2612253 0.6920872 11.88807 0.1425415 1.08097 11.81555 0.0626377 1.412152 11.74767 0.2478153 0.5562491 11.7621 0.4461937 0.4432293 11.41818 0.5683208 0.4094067 11.09386  A_Kick_Far
-0.288308 0.3331556 12.09738 -0.1859379 0.3911873 12.14296 -0.02153943 0.6015227 12.37487 -0.1387254 0.7233178 12.11692 -0.2049101 0.3318473 12.01945 0.01611079 0.2006458 11.82177 0.2837774 0.2103633 11.66891 -0.07796066 0.4225384 12.03388 0.2645779 0.6940303 11.88385 0.1393917 1.080319 11.80845 0.06261308 1.41203 11.73956 0.2524401 0.5536427 11.76283 0.4798553 0.4339093 11.4398 0.5967281 0.4369013 11.1118  A_Kick_Far
-0.2913598 0.347097 12.09763 -0.189101 0.4059173 12.14322 -0.02496479 0.6344907 12.35536 -0.1489623 0.734236 12.0912 -0.2062114 0.3408056 12.02236 0.01891692 0.2095734 11.82179 0.277586 0.2244259 11.65454 -0.07804172 0.4299817 12.03538 0.2682882 0.6940606 11.88188 0.1404336 1.078912 11.80366 0.06223174 1.410003 11.7334 0.259275 0.5487585 11.76652 0.4575363 0.4669957 11.4138 0.6039022 0.4234477 11.10086  A_Kick_Far
-0.2919108 0.3518252 12.09013 -0.191702 0.4138489 12.13708 -0.03723286 0.665244 12.32696 -0.1654045 0.738314 12.05614 -0.2037353 0.3416945 12.01967 0.0306731 0.2139647 11.82112 0.2768442 0.2437656 11.63778 -0.07631932 0.4319456 12.03268 0.2722928 0.6928558 11.87994 0.1454385 1.077881 11.80096 0.06416799 1.408166 11.73039 0.2675973 0.5441275 11.76877 0.4326187 0.4999112 11.39298 0.6270998 0.4378539 11.11089  A_Kick_Far
-0.2908945 0.3538928 12.07645 -0.1938644 0.4204088 12.12511 -0.05424372 0.6963333 12.28596 -0.1876987 0.7367228 12.01089 -0.1990353 0.3401397 12.01256 0.04594691 0.217144 11.81826 0.2704238 0.2665408 11.61265 -0.07317893 0.432497 12.02597 0.2778386 0.6917101 11.87715 0.1526086 1.07715 11.7976 0.06768169 1.40639 11.72645 0.2790526 0.5397643 11.77032 0.4040769 0.5358077 11.37693 0.6560639 0.4637129 11.14769  A_Kick_Far
-0.2814917 0.3458378 12.04871 -0.1907525 0.4198276 12.09999 -0.08141004 0.7241582 12.2184 -0.2246488 0.7176729 11.94536 -0.1843756 0.3296314 11.9953 0.07494183 0.2140398 11.81105 0.2434917 0.2923914 11.56497 -0.0625305 0.42699 12.01028 0.2902163 0.6905191 11.87556 0.1677576 1.076785 11.7957 0.07914682 1.404863 11.72368 0.30249 0.5363014 11.77276 0.3443111 0.5861378 11.36512 0.6582752 0.5380999 11.22241  A_Kick_Far
-0.2682552 0.3251767 12.0156 -0.1849272 0.4058192 12.06984 -0.111313 0.7260163 12.15804 -0.2655234 0.680353 11.8949 -0.1668506 0.3106054 11.97112 0.1042946 0.2036675 11.79725 0.1790216 0.3018166 11.51461 -0.05087255 0.4143857 11.98924 0.2985027 0.6922012 11.87777 0.1764779 1.07831 11.79651 0.08999135 1.407008 11.72473 0.3251758 0.5389093 11.77633 0.2883037 0.6282011 11.37499 0.630721 0.6803164 11.33918  A_Kick_Far
-0.2462334 0.2742994 11.97348 -0.174372 0.361717 12.03301 -0.1447561 0.6890943 12.11232 -0.2955466 0.6117249 11.85467 -0.1407443 0.2678874 11.93708 0.1440202 0.1847763 11.77071 0.06511571 0.2916918 11.49241 -0.03627066 0.3819885 11.96189 0.2925033 0.6947755 11.88669 0.1746001 1.080228 11.79669 0.1022207 1.412104 11.72393 0.3435532 0.5473773 11.78584 0.2623594 0.7199381 11.41974 0.483537 0.9683898 11.52269  A_Kick_Far
-0.2282902 0.2335052 11.95093 -0.164266 0.3242577 12.01385 -0.1553567 0.6522546 12.10095 -0.2867108 0.5693181 11.83454 -0.1212905 0.2342496 11.918 0.1703596 0.1771402 11.75321 0.01883067 0.2814932 11.50571 -0.02602564 0.3552195 11.94698 0.2781139 0.6955498 11.8923 0.1717473 1.083127 11.7972 0.110795 1.416961 11.72295 0.3464223 0.5554263 11.7913 0.2584139 0.8093252 11.47794 0.3853525 1.110915 11.59701  A_Kick_Far
-0.204416 0.1891791 11.92846 -0.1496511 0.2830952 11.99487 -0.1611124 0.6098116 12.09379 -0.2625667 0.5288799 11.81404 -0.09663169 0.1986244 11.899 0.1999037 0.177549 11.73716 -0.001906378 0.2738947 11.5248 -0.01307528 0.327008 11.93195 0.2560106 0.6975045 11.89773 0.1666489 1.088738 11.80014 0.1187135 1.424559 11.7253 0.3429808 0.5687011 11.79601 0.2520057 0.8910282 11.5547 0.3175291 1.221592 11.64235  A_Kick_Far
-0.1785481 0.1491815 11.90932 -0.1332565 0.2453575 11.97888 -0.1648865 0.5685601 12.08923 -0.2361678 0.4923744 11.79902 -0.07083522 0.1676518 11.88295 0.2254532 0.1858847 11.72405 -0.007071776 0.2705164 11.54 -1.470553E-05 0.3025339 11.91956 0.2301387 0.6989653 11.90375 0.161062 1.09361 11.80346 0.1277326 1.430818 11.72695 0.3337204 0.5835299 11.80154 0.2545561 0.9487736 11.62623 0.2814876 1.29306 11.67084  A_Kick_Far
-0.1619177 0.1285739 11.89871 -0.1223357 0.2255875 11.97006 -0.1666202 0.5456538 12.08589 -0.2222032 0.4712048 11.79182 -0.05460165 0.1525171 11.87409 0.2388528 0.1942316 11.71645 -0.007176025 0.2696326 11.54648 0.008236961 0.2906713 11.913 0.2146759 0.6999607 11.90742 0.1574054 1.096272 11.80627 0.1327016 1.434098 11.72921 0.3269661 0.5929129 11.80528 0.2578647 0.974528 11.66387 0.2659531 1.322028 11.6845  A_Kick_Far
-0.1406206 0.1061105 11.88585 -0.1079991 0.2036704 11.95929 -0.1678424 0.5189874 12.08094 -0.2056478 0.4463826 11.7836 -0.03416018 0.1367067 11.86337 0.2533899 0.2065023 11.70729 -0.006146414 0.2688683 11.55284 0.01868774 0.2781864 11.90509 0.195738 0.7007451 11.91144 0.1528935 1.098985 11.81072 0.1388403 1.437525 11.73412 0.317635 0.6043271 11.80972 0.2622611 1.000534 11.70795 0.2500403 1.348474 11.70195  A_Kick_Far
-0.1113368 0.08227789 11.86978 -0.08810167 0.1797693 11.94575 -0.1694664 0.4875493 12.07056 -0.1885246 0.4126662 11.772 -0.006566806 0.1218258 11.85019 0.26897 0.2273011 11.69503 -0.002794487 0.2681055 11.55509 0.03242024 0.266537 11.89588 0.1714475 0.7025109 11.91661 0.1442326 1.102307 11.81662 0.14267 1.441399 11.74121 0.3041465 0.6198816 11.81629 0.2707115 1.0265 11.75346 0.2471034 1.372879 11.72678  A_Kick_Far
-0.07354788 0.06119323 11.85236 -0.06146876 0.1575131 11.93102 -0.1708392 0.4539508 12.05557 -0.1693404 0.3743435 11.75763 0.02833881 0.1111323 11.83657 0.2845967 0.2555447 11.6825 0.004494147 0.2658277 11.55389 0.05055805 0.2577925 11.88703 0.1464654 0.7043374 11.92331 0.1265693 1.104754 11.82409 0.1410076 1.445858 11.75995 0.2896245 0.6374021 11.82571 0.2669309 1.047416 11.78355 0.2339947 1.391237 11.73939  A_Kick_Far
-0.04056702 0.04809904 11.83742 -0.03813837 0.1425006 11.91809 -0.1712836 0.427442 12.03808 -0.1530961 0.3416358 11.74242 0.05805608 0.1067176 11.82533 0.293871 0.2812893 11.67231 0.01207622 0.2618626 11.54854 0.06565525 0.2534223 11.87982 0.1265628 0.7052108 11.92837 0.1018718 1.104995 11.82768 0.1319026 1.44801 11.78172 0.2770555 0.6509274 11.83399 0.2609199 1.0618 11.79757 0.2312258 1.405779 11.75235  A_Kick_Far
-0.008145792 0.04012179 11.82273 -0.01586304 0.1317781 11.90512 -0.1739287 0.4029044 12.01397 -0.137441 0.3087113 11.72259 0.08653827 0.1070013 11.81547 0.2996342 0.3077471 11.66401 0.02240338 0.2547867 11.53974 0.07933743 0.2522048 11.87389 0.1093207 0.7062262 11.93431 0.07329448 1.105301 11.83423 0.1131153 1.449483 11.80919 0.266011 0.6627997 11.84451 0.2526125 1.072764 11.79811 0.2321217 1.418131 11.75874  A_Kick_Far
0.01256825 0.03742206 11.81277 -0.002437396 0.1268086 11.896 -0.1773482 0.3872139 11.99301 -0.1255874 0.2871398 11.70594 0.1042893 0.1093842 11.80973 0.3019242 0.3251431 11.66047 0.03172155 0.2482076 11.53328 0.08703895 0.2528177 11.87038 0.0982004 0.7070403 11.93867 0.05239202 1.106141 11.84278 0.09130587 1.451211 11.83348 0.2588919 0.6699647 11.8532 0.2468368 1.078238 11.79344 0.2333747 1.424373 11.75798  A_Kick_Far
0.03615417 0.03692079 11.80127 0.01181056 0.1232035 11.88491 -0.1824413 0.3692029 11.96201 -0.1085569 0.2618715 11.68249 0.1239843 0.1143088 11.80444 0.3039167 0.3449659 11.65903 0.04722883 0.2385132 11.5253 0.09458919 0.2549738 11.86688 0.08489521 0.7084249 11.94396 0.02519603 1.108098 11.85868 0.05076923 1.454373 11.86934 0.25039 0.6779618 11.86531 0.24111 1.082788 11.78511 0.2360691 1.429565 11.75399  A_Kick_Far
0.04721059 0.03798568 11.79582 0.01749887 0.122629 11.87917 -0.1864139 0.3605331 11.9414 -0.09773783 0.2489957 11.6679 0.1329931 0.1175811 11.80319 0.3057656 0.3541541 11.66122 0.05927875 0.2325006 11.5214 0.09732057 0.256749 11.86571 0.07769085 0.7095322 11.94642 0.00998457 1.110363 11.87345 0.01640119 1.457146 11.89279 0.2459442 0.6818717 11.87275 0.2393237 1.084787 11.7832 0.2377238 1.43168 11.75303  A_Kick_Far
0.05659677 0.03939331 11.79197 0.0220861 0.1225823 11.87476 -0.1892948 0.3531927 11.92205 -0.08645312 0.2375578 11.6553 0.1405076 0.1206548 11.80328 0.3079965 0.3614918 11.66453 0.07182659 0.2270254 11.51876 0.09938516 0.2585129 11.86535 0.07079871 0.7105924 11.9484 -0.003448589 1.112595 11.88961 -0.01720087 1.458864 11.91375 0.2414681 0.685413 11.87956 0.2378575 1.08655 11.78219 0.2390888 1.433479 11.75242  A_Kick_Far
0.06442966 0.04135871 11.79017 0.02501978 0.1232848 11.87191 -0.1926688 0.3467737 11.9006 -0.07319842 0.2256491 11.64338 0.1466234 0.1236436 11.80596 0.3119454 0.3671694 11.6714 0.08770122 0.221257 11.51801 0.1004138 0.2605032 11.86665 0.06282802 0.7119032 11.95012 -0.01600878 1.115749 11.91451 -0.05486576 1.460309 11.93554 0.2360231 0.6891701 11.88697 0.2359818 1.088583 11.7827 0.2394903 1.435382 11.75161  A_Kick_Far
0.07746936 0.04640973 11.79117 0.02842523 0.125904 11.86972 -0.1963365 0.3352289 11.85561 -0.04077755 0.2008376 11.62573 0.1560666 0.1298174 11.81653 0.3234162 0.3758411 11.6918 0.1258972 0.2109894 11.52176 0.100244 0.2650987 11.87249 0.04333838 0.7149383 11.95267 -0.04100178 1.118415 11.97851 -0.1010612 1.460465 11.97023 0.2212473 0.6977395 11.90213 0.229963 1.093352 11.78458 0.2385294 1.439706 11.74974  A_Kick_Far
0.08064146 0.04877782 11.79351 0.02768518 0.1271888 11.87022 -0.1969305 0.3309616 11.83617 -0.02584509 0.1899844 11.62179 0.1576599 0.1323858 11.82314 0.3298617 0.3779672 11.70363 0.1440917 0.2080523 11.52552 0.09787853 0.2671056 11.8763 0.03260465 0.7162716 11.95348 -0.05061338 1.117512 12.00502 -0.09037881 1.462085 11.98599 0.2122516 0.7014201 11.90867 0.2254479 1.095074 11.78512 0.2367973 1.441126 11.74814  A_Kick_Far
0.08449157 0.0529716 11.79881 0.02519472 0.1293696 11.87176 -0.1939078 0.3248667 11.8046 0.0004311968 0.1727182 11.61969 0.1585154 0.1370159 11.83565 0.3433075 0.379909 11.72628 0.1768345 0.2054521 11.53404 0.09195389 0.2706186 11.88329 0.01310899 0.7185892 11.95455 -0.06874029 1.115714 12.03308 -0.07218181 1.462858 12.02071 0.1952357 0.7073473 11.91984 0.2169252 1.09725 11.78601 0.2336989 1.442548 11.74435  A_Kick_Far
0.08623405 0.05512404 11.80319 0.02364142 0.1304114 11.87356 -0.1891647 0.3228741 11.78972 0.0151778 0.1646183 11.62148 0.1584266 0.1396303 11.84381 0.3527568 0.3795325 11.7407 0.1963439 0.205093 11.54017 0.08804722 0.2724929 11.8879 0.002426999 0.7198365 11.95569 -0.07916991 1.116609 12.03623 -0.08731203 1.463843 12.0302 0.185679 0.710201 11.92692 0.2125843 1.097898 11.78774 0.2327138 1.442563 11.74248  A_Kick_Far
0.08681895 0.0562644 11.80631 0.02244528 0.1309917 11.875 -0.1856528 0.3226002 11.7826 0.02314682 0.1608493 11.62339 0.1579287 0.1411459 11.84895 0.3584702 0.3787265 11.74956 0.2076724 0.2050871 11.5441 0.08539338 0.273569 11.89081 -0.003694696 0.7206048 11.95655 -0.08483444 1.117933 12.03479 -0.102723 1.464842 12.032 0.1801189 0.7116948 11.93136 0.2102224 1.098153 11.78941 0.2324085 1.442365 11.74173  A_Kick_Far
0.0864497 0.05721998 11.80981 0.02048554 0.1316396 11.87669 -0.1824816 0.3231902 11.777 0.02947195 0.1578846 11.62581 0.1565425 0.142514 11.85416 0.3631786 0.3775349 11.75833 0.2178831 0.2045134 11.54844 0.08217289 0.2746272 11.89372 -0.009789331 0.7214105 11.95738 -0.08977716 1.11923 12.0343 -0.1135972 1.465793 12.03486 0.1744988 0.7131042 11.93569 0.2078243 1.098537 11.79169 0.2320665 1.442272 11.74163  A_Kick_Far
0.08375396 0.05847991 11.8169 0.01548846 0.1329354 11.8804 -0.1779486 0.3260103 11.77075 0.03679736 0.1542929 11.63109 0.1522975 0.1445426 11.86349 0.369093 0.3746477 11.77342 0.2330163 0.2020258 11.55711 0.07551642 0.2764381 11.89896 -0.02010099 0.7229179 11.959 -0.09702002 1.121453 12.03534 -0.1251468 1.467647 12.041 0.1648161 0.7154104 11.94316 0.2035437 1.099181 11.79611 0.2312143 1.441911 11.74117  A_Kick_Far
0.07555921 0.05901945 11.82828 0.005482452 0.1348861 11.88742 -0.1756256 0.3321435 11.76947 0.03734078 0.1504809 11.64004 0.1429288 0.1458145 11.87618 0.3703516 0.3695397 11.79175 0.244907 0.1934795 11.57181 0.06522496 0.2784245 11.90661 -0.03197483 0.7248165 11.96204 -0.106009 1.124591 12.03466 -0.1403012 1.470024 12.04785 0.1533995 0.7179957 11.95248 0.198672 1.099927 11.80254 0.2305678 1.441194 11.74116  A_Kick_Far
0.07014079 0.05894816 11.83461 -0.0004879664 0.1359226 11.8916 -0.1754838 0.3355203 11.77045 0.034902 0.1481016 11.64507 0.1371953 0.1459899 11.8827 0.3689241 0.3665948 11.80036 0.248223 0.1866999 11.58088 0.0597346 0.2792659 11.91075 -0.03727547 0.7257126 11.96393 -0.1103511 1.126516 12.03169 -0.1493311 1.47118 12.05069 0.1482263 0.7191145 11.95707 0.1968927 1.09999 11.80551 0.2309824 1.440439 11.74086  A_Kick_Far
0.06441762 0.05890214 11.8411 -0.006709142 0.1370125 11.89587 -0.1753239 0.3389095 11.7716 0.03215476 0.1456825 11.65026 0.1311706 0.1461865 11.88937 0.3672505 0.3635342 11.80929 0.2512545 0.1796395 11.59058 0.05403598 0.2801408 11.91498 -0.04272465 0.7266347 11.96585 -0.1147047 1.12845 12.0286 -0.1576176 1.472239 12.05392 0.142867 0.7202718 11.96175 0.1950622 1.100038 11.80859 0.231476 1.439597 11.74061  A_Kick_Far
0.05109187 0.05845106 11.85491 -0.02056728 0.1393129 11.90508 -0.1759795 0.3456926 11.77525 0.02321597 0.1397413 11.66118 0.1175876 0.1460994 11.90297 0.3616394 0.3566066 11.8267 0.2538923 0.1626245 11.61254 0.04195036 0.2817332 11.92375 -0.05322532 0.728372 11.97012 -0.1231123 1.132138 12.02172 -0.1715995 1.473947 12.06032 0.132421 0.7223951 11.97124 0.1920198 1.099678 11.81468 0.2332623 1.437224 11.73979  A_Kick_Far
0.04317983 0.05802488 11.86261 -0.02850149 0.1404895 11.91032 -0.1770643 0.3491259 11.77806 0.01686938 0.1364287 11.66735 0.1097315 0.1458647 11.91025 0.3579024 0.3523904 11.83541 0.253506 0.1530383 11.62454 0.03517731 0.2824576 11.92851 -0.05876986 0.7291842 11.9725 -0.1273356 1.133804 12.01894 -0.177127 1.474693 12.06354 0.1268516 0.7233986 11.97607 0.1902633 1.099323 11.81776 0.2340871 1.435692 11.73912  A_Kick_Far
0.0363641 0.05770576 11.86911 -0.03526865 0.1415104 11.91473 -0.1779906 0.3519458 11.78054 0.01128026 0.1337253 11.67254 0.1029959 0.1456896 11.91637 0.3546046 0.3487873 11.84279 0.252784 0.1449678 11.63496 0.02941574 0.283075 11.93251 -0.06345575 0.7298601 11.9745 -0.130818 1.135154 12.01662 -0.1812178 1.475249 12.06631 0.12212 0.7242432 11.98013 0.1887714 1.098995 11.82037 0.2348353 1.434318 11.73861  A_Kick_Far
0.02815922 0.05707991 11.87671 -0.04317389 0.1424681 11.92011 -0.1801998 0.3548352 11.78431 0.003827589 0.130936 11.67891 0.09510203 0.145229 11.92317 0.3508392 0.3441308 11.85053 0.2508967 0.1367425 11.64533 0.022801 0.283533 11.9371 -0.06855576 0.7304072 11.97692 -0.1344781 1.136382 12.01452 -0.1849335 1.475726 12.06905 0.1169648 0.7249495 11.98426 0.1868282 1.098582 11.82326 0.2352762 1.432749 11.73821  A_Kick_Far
0.01814921 0.05623484 11.88587 -0.05264894 0.1434922 11.92674 -0.1835725 0.3580077 11.78943 -0.005635483 0.1279728 11.68681 0.08561338 0.1445609 11.93117 0.3464335 0.3382611 11.85955 0.2481104 0.1279169 11.65659 0.01493235 0.2839277 11.9426 -0.07448082 0.7309042 11.97985 -0.1386608 1.137607 12.01223 -0.1886657 1.476138 12.07198 0.1109741 0.725631 11.98881 0.1843929 1.098078 11.82665 0.235618 1.430873 11.73792  A_Kick_Far
0.009617405 0.05521405 11.89373 -0.06048379 0.1440159 11.93279 -0.1879876 0.3601874 11.79485 -0.01428918 0.1261082 11.69414 0.07776888 0.1436915 11.93762 0.3432587 0.3327894 11.86655 0.2455185 0.1227938 11.66295 0.008519428 0.2839102 11.94724 -0.07905965 0.7309999 11.98238 -0.1419129 1.138209 12.01075 -0.1912265 1.476286 12.07357 0.1063782 0.7258562 11.99175 0.1821559 1.097694 11.82928 0.2354577 1.429463 11.73798  A_Kick_Far
-0.0007157158 0.05330408 11.90381 -0.06956767 0.1439303 11.94129 -0.196672 0.3619062 11.80369 -0.02557294 0.1251686 11.70476 0.06870498 0.1420268 11.94507 0.3406731 0.3249079 11.87364 0.2427445 0.1214421 11.66361 0.001198666 0.2831976 11.95301 -0.08387618 0.7305053 11.98541 -0.1456426 1.138163 12.00938 -0.1939308 1.476142 12.07351 0.1016304 0.7254653 11.99337 0.1793582 1.097308 11.83184 0.2348307 1.4281 11.73831  A_Kick_Far
-0.005593939 0.05194128 11.90905 -0.07359605 0.1434311 11.94615 -0.2029079 0.3621932 11.80951 -0.03145508 0.1255361 11.71099 0.06469883 0.1408385 11.9484 0.3400455 0.3204957 11.87594 0.2419596 0.1240982 11.65934 -0.001989348 0.2824244 11.95585 -0.08571266 0.7298798 11.98689 -0.1475758 1.137627 12.00903 -0.195538 1.475794 12.0724 0.09986831 0.7248652 11.99289 0.1779725 1.097175 11.83262 0.2342489 1.427673 11.73853  A_Kick_Far
-0.009467168 0.05026031 11.91387 -0.07645534 0.1424648 11.95113 -0.2105768 0.3617802 11.81641 -0.03687058 0.1269289 11.71752 0.06184753 0.1393869 11.95081 0.3408621 0.3153355 11.87598 0.2418921 0.1298261 11.65038 -0.004194779 0.2812761 11.95824 -0.08663402 0.7289104 11.98813 -0.1494585 1.136568 12.00917 -0.1975197 1.475137 12.07028 0.09902306 0.7238857 11.99091 0.1768062 1.097137 11.83268 0.2334854 1.427613 11.73876  A_Kick_Far
