0.007710533 0.04648197 2.272282 -0.06559919 0.13478 2.30707 -0.2009753 0.3573321 2.176749 0.008096354 0.1605715 2.064136 0.07259424 0.1410798 2.30745 0.2964558 0.387725 2.31759 0.2564494 0.2583421 2.040527 -0.002943737 0.2782933 2.311431 -0.116036 0.719675 2.331551 -0.176069 1.128138 2.320216 -0.2163983 1.470653 2.361819 0.06950237 0.7275754 2.33538 0.1470762 1.097419 2.169242 0.2039463 1.427325 2.073455  SA_HookPunch_SoClose
0.0008790661 0.0451256 2.275437 -0.07152079 0.1338073 2.310987 -0.2075559 0.3537217 2.179138 0.001309888 0.1550487 2.069541 0.06669493 0.1394571 2.309662 0.2945198 0.3827863 2.312109 0.2496659 0.2451552 2.039804 -0.008146925 0.2770367 2.314128 -0.1189144 0.7190088 2.333935 -0.1764744 1.127757 2.32028 -0.2147341 1.470649 2.360719 0.06668992 0.7260649 2.335613 0.1443489 1.096432 2.170685 0.2019904 1.425449 2.072332  SA_HookPunch_SoClose
-0.002729638 0.04384768 2.277252 -0.07460521 0.1327261 2.313404 -0.2120448 0.3507429 2.18094 -0.003795369 0.1507974 2.07249 0.06360169 0.1380816 2.310676 0.2937317 0.3791175 2.307194 0.2445642 0.2365328 2.038202 -0.01090394 0.2758276 2.315606 -0.1204724 0.7180952 2.335507 -0.1762007 1.127062 2.320829 -0.2129709 1.470283 2.359831 0.06515498 0.7247282 2.335388 0.1427928 1.095993 2.172482 0.2007826 1.424646 2.073121  SA_HookPunch_SoClose
-0.008380337 0.04137146 2.280521 -0.07937817 0.1305293 2.317793 -0.2198438 0.3451412 2.184498 -0.01290421 0.1430233 2.077578 0.05877068 0.1354588 2.312516 0.2922547 0.3725746 2.298636 0.2353529 0.2222277 2.035459 -0.01522706 0.273446 2.318285 -0.1229645 0.7161594 2.338426 -0.1756878 1.125465 2.322188 -0.210005 1.469244 2.358416 0.0626529 0.7221526 2.334991 0.1402682 1.094615 2.174831 0.1987463 1.422388 2.072886  SA_HookPunch_SoClose
-0.01280968 0.03910935 2.283464 -0.08302431 0.1284339 2.321931 -0.2272665 0.3396462 2.188187 -0.02198081 0.1354544 2.082021 0.05501034 0.1330931 2.314057 0.2907821 0.3667086 2.290226 0.2262632 0.210236 2.032431 -0.01862691 0.271235 2.320673 -0.1250157 0.7142736 2.341171 -0.1751604 1.123857 2.323807 -0.2073561 1.468148 2.356996 0.06051971 0.719809 2.33428 0.1381367 1.093793 2.177706 0.1969245 1.420936 2.073933  SA_HookPunch_SoClose
-0.01723252 0.03677094 2.286825 -0.0865718 0.1262178 2.326839 -0.2357021 0.3335552 2.193009 -0.03294365 0.1266721 2.087198 0.05125101 0.130621 2.315761 0.2897164 0.3596281 2.28029 0.2154914 0.1972227 2.028855 -0.02200918 0.268909 2.323424 -0.1270494 0.7122656 2.344358 -0.174621 1.12211 2.325951 -0.2046172 1.466948 2.355299 0.05829074 0.7173604 2.333195 0.1360257 1.093211 2.181219 0.1950805 1.419669 2.075454  SA_HookPunch_SoClose
-0.02355747 0.03316915 2.292275 -0.0914201 0.1227463 2.335069 -0.2494408 0.3236059 2.202169 -0.05143271 0.1121002 2.0965 0.04583718 0.1268123 2.318302 0.2864086 0.349239 2.263258 0.1964624 0.1774549 2.023458 -0.02683757 0.2652889 2.327894 -0.1299794 0.7090706 2.349741 -0.1739433 1.119249 2.329858 -0.2007573 1.464865 2.352315 0.05476614 0.713574 2.331023 0.1328307 1.092536 2.187158 0.1918587 1.417882 2.078007  SA_HookPunch_SoClose
-0.02944629 0.02956069 2.298178 -0.09550457 0.1192878 2.344414 -0.2648537 0.3127373 2.214937 -0.07301526 0.09588826 2.10872 0.04067828 0.1230429 2.320385 0.2810722 0.3383495 2.24172 0.1726895 0.1550819 2.018627 -0.03127484 0.2616851 2.332653 -0.1325323 0.7058331 2.356124 -0.1733475 1.116272 2.334935 -0.1972828 1.462559 2.348584 0.05101236 0.7098114 2.327891 0.1293048 1.092289 2.193784 0.186997 1.416348 2.080184  SA_HookPunch_SoClose
-0.03264574 0.02725887 2.301758 -0.09725671 0.1171439 2.350514 -0.2755253 0.3056831 2.226079 -0.08880781 0.08526802 2.118092 0.03778251 0.1207938 2.320709 0.2757177 0.331247 2.224456 0.1546753 0.138649 2.016227 -0.0336139 0.2594881 2.3354 -0.1337304 0.7037897 2.360958 -0.1731756 1.11432 2.338959 -0.1957818 1.460895 2.345914 0.0485145 0.7075413 2.325261 0.126576 1.092337 2.197816 0.1821336 1.415677 2.081144  SA_HookPunch_SoClose
-0.03610579 0.02486408 2.305667 -0.09888481 0.1149381 2.357305 -0.2873224 0.2978493 2.239861 -0.1064548 0.07353461 2.129964 0.03449382 0.1184844 2.32077 0.2677186 0.3232129 2.204329 0.1335079 0.1201516 2.014967 -0.03615068 0.2572269 2.338355 -0.1349278 0.701685 2.366512 -0.1729579 1.112286 2.34338 -0.1944025 1.459004 2.342523 0.04540457 0.7051891 2.322133 0.1238769 1.092322 2.202244 0.1766234 1.414973 2.082402  SA_HookPunch_SoClose
-0.03901098 0.02263033 2.308924 -0.09946446 0.1128862 2.363758 -0.2995634 0.2899386 2.256864 -0.1260031 0.06166756 2.143388 0.03151514 0.1165276 2.319392 0.2556956 0.3156532 2.180748 0.1099973 0.1005365 2.014612 -0.03822402 0.2552127 2.340659 -0.135759 0.6997161 2.372657 -0.1724922 1.110323 2.347612 -0.1930926 1.456972 2.338438 0.0418147 0.7031493 2.318275 0.1213001 1.092562 2.206726 0.170755 1.415321 2.085777  SA_HookPunch_SoClose
-0.04256181 0.02028739 2.312938 -0.09883122 0.1107093 2.372611 -0.3155423 0.279171 2.285166 -0.1544751 0.04504931 2.165367 0.02743127 0.1146951 2.316227 0.2317646 0.3065349 2.145526 0.07454421 0.07446897 2.016951 -0.04058085 0.2531873 2.343496 -0.1361899 0.6976182 2.382187 -0.1721789 1.108004 2.35281 -0.1928269 1.454139 2.331888 0.03597857 0.7011797 2.312567 0.1179056 1.092752 2.210771 0.1631781 1.416381 2.090509  SA_HookPunch_SoClose
-0.04425202 0.01956058 2.314784 -0.09794639 0.1100394 2.377021 -0.3226751 0.274164 2.301588 -0.1691456 0.03675938 2.1784 0.02520706 0.114265 2.314151 0.2160863 0.3025435 2.127313 0.05575629 0.06207979 2.019722 -0.04162399 0.2526246 2.344804 -0.1360067 0.6969754 2.387417 -0.1722999 1.107116 2.355128 -0.1937056 1.452791 2.328219 0.03261651 0.7006748 2.309609 0.1162564 1.092883 2.211727 0.1599507 1.41719 2.092717  SA_HookPunch_SoClose
-0.04601578 0.01922667 2.316573 -0.09549092 0.1096777 2.382478 -0.3308651 0.2679741 2.3273 -0.1893871 0.02691138 2.196992 0.0224268 0.1143992 2.310296 0.1901559 0.2993156 2.102619 0.02910163 0.04830611 2.024133 -0.04233782 0.2524912 2.346149 -0.1347033 0.6965947 2.395145 -0.1735611 1.10604 2.357466 -0.1975503 1.450947 2.323744 0.02808578 0.7007367 2.305792 0.1129519 1.093125 2.209705 0.1568538 1.419128 2.095501  SA_HookPunch_SoClose
-0.04817222 0.02049887 2.31835 -0.08985095 0.1107502 2.389862 -0.3369957 0.2621739 2.372708 -0.2172779 0.01717138 2.228663 0.01776321 0.1164566 2.303121 0.1418455 0.2978323 2.068748 -0.0133153 0.03370214 2.033184 -0.04256968 0.2540197 2.347682 -0.1305418 0.6975865 2.407841 -0.1780251 1.105074 2.360158 -0.2088607 1.448642 2.319115 0.02117576 0.7026945 2.300803 0.1049302 1.094294 2.20061 0.1526714 1.422891 2.095766  SA_HookPunch_SoClose
-0.04934792 0.0249269 2.318095 -0.0809298 0.1146452 2.395388 -0.329396 0.2649796 2.426575 -0.2406333 0.01951265 2.262335 0.01216109 0.1218624 2.293313 0.08041258 0.302875 2.041529 -0.06187151 0.02929306 2.045071 -0.04141055 0.258606 2.347908 -0.1228241 0.7013091 2.421522 -0.1864373 1.104949 2.361496 -0.2265034 1.44731 2.318398 0.01433636 0.7079408 2.296444 0.0907789 1.097981 2.184958 0.1470956 1.429188 2.093426  SA_HookPunch_SoClose
-0.04973332 0.03346896 2.314492 -0.06959735 0.1222384 2.396949 -0.3020551 0.2822051 2.480056 -0.2597825 0.04494464 2.28763 0.005307036 0.131531 2.281017 0.01449509 0.3171043 2.027661 -0.1093215 0.03617239 2.056833 -0.03936188 0.2671162 2.345597 -0.1125944 0.7086493 2.433243 -0.197746 1.10613 2.360217 -0.24547 1.447804 2.319533 0.007858293 0.7172349 2.292109 0.07292517 1.105939 2.169312 0.1436328 1.43863 2.094711  SA_HookPunch_SoClose
-0.05006645 0.04131269 2.310567 -0.0620992 0.1293659 2.395447 -0.2751765 0.3001485 2.510552 -0.2725846 0.07499886 2.299819 0.0001877118 0.1401387 2.272396 -0.02526663 0.3309511 2.026961 -0.1362404 0.04536271 2.062011 -0.03812764 0.2748741 2.342593 -0.105526 0.7155905 2.438676 -0.205984 1.108102 2.358564 -0.2568823 1.449681 2.321059 0.003800469 0.7254673 2.288837 0.06214543 1.11354 2.16078 0.1447864 1.445702 2.096847  SA_HookPunch_SoClose
-0.050283 0.04878736 2.306648 -0.05620764 0.136282 2.392763 -0.249392 0.3173348 2.533169 -0.2849132 0.108835 2.308728 -0.00391273 0.1482326 2.265249 -0.05327652 0.3443112 2.030736 -0.1561488 0.05555534 2.064526 -0.0371509 0.2822767 2.339255 -0.0997874 0.7223369 2.441455 -0.2129069 1.110445 2.35689 -0.2651748 1.452179 2.322837 0.0006998946 0.7332168 2.285617 0.05396684 1.120744 2.15375 0.1468679 1.451605 2.097641  SA_HookPunch_SoClose
-0.05045847 0.06251383 2.299328 -0.04676608 0.1491566 2.386312 -0.1991768 0.3479825 2.563802 -0.3047864 0.1794209 2.328131 -0.01041548 0.1629206 2.253547 -0.09202848 0.3682065 2.043096 -0.187181 0.07594061 2.068218 -0.03546498 0.2958726 2.332577 -0.09032081 0.734898 2.443483 -0.2249739 1.114897 2.353796 -0.2777272 1.457143 2.326245 -0.004121227 0.7473075 2.279419 0.04025759 1.133796 2.141357 0.1507734 1.46106 2.097399  SA_HookPunch_SoClose
-0.04990939 0.07370305 2.292832 -0.0397713 0.1597791 2.37976 -0.1570342 0.3682539 2.582947 -0.3173444 0.245712 2.349727 -0.01428567 0.1747215 2.244614 -0.1131832 0.3872225 2.055806 -0.2082482 0.09421873 2.070499 -0.03382031 0.3069396 2.326383 -0.08364068 0.7452406 2.4425 -0.2341483 1.118858 2.35122 -0.2853981 1.461759 2.329623 -0.007294519 0.7586922 2.273705 0.02943559 1.144446 2.131409 0.1530239 1.468128 2.096709  SA_HookPunch_SoClose
-0.04763363 0.08802974 2.284293 -0.03109233 0.1736598 2.370815 -0.101442 0.391111 2.598536 -0.3242547 0.3419666 2.391058 -0.01655929 0.1894381 2.234151 -0.1269817 0.4107875 2.072865 -0.2288918 0.1197225 2.073007 -0.03077702 0.3211024 2.317887 -0.07639347 0.7588296 2.437819 -0.246691 1.123808 2.346364 -0.2953854 1.467494 2.332847 -0.009766085 0.7730932 2.265021 0.01657595 1.158198 2.11872 0.1554969 1.476666 2.095772  SA_HookPunch_SoClose
-0.04222248 0.1033002 2.274471 -0.02154063 0.1888713 2.36083 -0.04297702 0.409843 2.605726 -0.3109966 0.4499404 2.458535 -0.01428698 0.2045261 2.223573 -0.1236343 0.434036 2.083842 -0.2395708 0.148527 2.071687 -0.02579979 0.3361892 2.307726 -0.07120328 0.7737855 2.427905 -0.2594764 1.130469 2.338995 -0.3032105 1.475079 2.336717 -0.01017825 0.7882355 2.253066 0.004740017 1.173168 2.104714 0.1581216 1.48562 2.094926  SA_HookPunch_SoClose
-0.03841714 0.1103643 2.269591 -0.01676594 0.1960322 2.356067 -0.01570444 0.4168621 2.605751 -0.292919 0.4988725 2.498355 -0.01127843 0.2113113 2.218685 -0.1160297 0.4438213 2.084175 -0.2399253 0.1618644 2.068221 -0.02269767 0.3431513 2.302573 -0.06972925 0.7808188 2.421606 -0.2652461 1.13396 2.334204 -0.3059997 1.47892 2.3382 -0.009484692 0.795156 2.246487 4.126323E-05 1.180076 2.097661 0.1593657 1.489678 2.094497  SA_HookPunch_SoClose
-0.0314611 0.1183081 2.264066 -0.01091103 0.2041998 2.35122 0.01239105 0.424239 2.60313 -0.2660384 0.5460672 2.550761 -0.003615124 0.2186562 2.213834 -0.09676276 0.4525585 2.071695 -0.2300338 0.1749426 2.055182 -0.01750462 0.3509101 2.296691 -0.06989281 0.7888889 2.411907 -0.2702664 1.139537 2.325474 -0.3070439 1.484711 2.338759 -0.006275101 0.8027256 2.237945 -0.002456231 1.187502 2.088491 0.1615326 1.494616 2.094545  SA_HookPunch_SoClose
-0.02576683 0.1234725 2.260383 -0.006801231 0.2095364 2.348126 0.03086449 0.4278927 2.600187 -0.2402168 0.5744996 2.588833 0.003149884 0.2233412 2.210839 -0.07995747 0.4568632 2.058728 -0.2191276 0.1821249 2.042762 -0.01337568 0.3559115 2.292701 -0.07070272 0.7941332 2.404307 -0.273184 1.143595 2.317979 -0.3070988 1.488711 2.338437 -0.003164751 0.807537 2.231795 -0.003528697 1.191995 2.081477 0.1626911 1.497684 2.094624  SA_HookPunch_SoClose
-0.01671634 0.1292324 2.256565 -0.001798077 0.2155272 2.34517 0.04957094 0.4303554 2.596033 -0.2045115 0.6001676 2.637427 0.01498093 0.2284154 2.20846 -0.05053196 0.4575342 2.032379 -0.1953447 0.185539 2.020039 -0.007035358 0.3614084 2.288319 -0.07323687 0.799989 2.39305 -0.2747709 1.149663 2.305376 -0.3052636 1.494338 2.33609 0.003046768 0.8126807 2.224168 -0.002891405 1.196103 2.071342 0.1631911 1.501269 2.094533  SA_HookPunch_SoClose
-0.004627092 0.1339121 2.251966 0.003074603 0.2202768 2.341175 0.06226774 0.4283715 2.59025 -0.1634186 0.6176434 2.681624 0.03158696 0.2326642 2.206375 -0.005466206 0.4496402 1.992845 -0.1560067 0.1805183 1.988929 0.001049833 0.3657813 2.283165 -0.07769863 0.8042884 2.378654 -0.2729802 1.157194 2.289785 -0.3003062 1.500621 2.334334 0.0126632 0.8168263 2.216855 -0.0008980464 1.198111 2.059242 0.1602092 1.504893 2.093546  SA_HookPunch_SoClose
0.00484957 0.1356983 2.247882 0.005849259 0.2219305 2.336999 0.06526478 0.4232321 2.585952 -0.1374395 0.6226964 2.705252 0.044795 0.23449 2.204852 0.03732951 0.4372711 1.963269 -0.1196849 0.1718602 1.966083 0.0070522 0.3673685 2.2788 -0.08171551 0.8053559 2.36711 -0.270083 1.162139 2.278802 -0.2952119 1.504112 2.334451 0.02066894 0.8185027 2.212687 0.002312141 1.197436 2.049973 0.1577873 1.506285 2.091055  SA_HookPunch_SoClose
0.01263465 0.1358868 2.243859 0.00740655 0.2218596 2.332352 0.06246759 0.417044 2.582374 -0.1240144 0.6229286 2.716327 0.05570187 0.2350326 2.203389 0.07829429 0.4229493 1.941812 -0.08638375 0.1623142 1.949221 0.01171233 0.3674453 2.274672 -0.08542375 0.8046392 2.357334 -0.2668681 1.165505 2.271143 -0.2899242 1.505987 2.33606 0.02738579 0.8189067 2.210459 0.006665723 1.195497 2.042668 0.1568148 1.506433 2.087634  SA_HookPunch_SoClose
0.02654363 0.1332724 2.234621 0.009245949 0.2184364 2.320717 0.04730387 0.4026456 2.575111 -0.1197092 0.6153507 2.723337 0.07490773 0.2335858 2.199902 0.1642735 0.3928573 1.920332 -0.02112542 0.1464374 1.923302 0.01966693 0.3646872 2.265555 -0.09190516 0.799889 2.338592 -0.261407 1.168183 2.25983 -0.2857584 1.505595 2.338783 0.03939219 0.8171707 2.208346 0.01834829 1.189976 2.032343 0.1556972 1.506113 2.081741  SA_HookPunch_SoClose
0.03510054 0.1297675 2.228024 0.01019038 0.214274 2.311724 0.03411527 0.3915932 2.568936 -0.1249928 0.6062256 2.722966 0.08648129 0.2309684 2.197538 0.221629 0.3710387 1.919423 0.02187516 0.1362287 1.911232 0.02445544 0.3610834 2.258957 -0.09561215 0.7948509 2.325721 -0.2579033 1.167979 2.254927 -0.2846769 1.502999 2.342782 0.04640784 0.8143203 2.207599 0.02718134 1.184776 2.026501 0.1556693 1.504449 2.076977  SA_HookPunch_SoClose
0.04380937 0.1231838 2.217984 0.009386437 0.2066637 2.297714 0.006995158 0.3781763 2.557957 -0.1553431 0.5908851 2.711283 0.09877755 0.2255753 2.193845 0.2888655 0.350895 1.937863 0.07391615 0.1331962 1.899023 0.02891733 0.354376 2.249337 -0.09989004 0.7864549 2.308846 -0.2491685 1.167359 2.252254 -0.2810861 1.500278 2.34617 0.05431469 0.808616 2.207695 0.04022064 1.178124 2.024205 0.1540183 1.503598 2.072832  SA_HookPunch_SoClose
0.0514694 0.1162641 2.209451 0.009475904 0.198856 2.284972 -0.01596205 0.3652685 2.545697 -0.1822155 0.5753086 2.698505 0.1090344 0.2195969 2.19119 0.3415657 0.3319393 1.963181 0.1193453 0.1297972 1.89346 0.03309639 0.3473154 2.240897 -0.102436 0.7780215 2.293587 -0.2433559 1.163903 2.251026 -0.2815593 1.494658 2.350102 0.06061437 0.8022924 2.207988 0.05178328 1.17082 2.022211 0.1537517 1.500661 2.067543  SA_HookPunch_SoClose
0.06175109 0.1021026 2.192651 0.007239001 0.1831483 2.258448 -0.06998061 0.3424281 2.513195 -0.2563518 0.5427545 2.655472 0.1233475 0.206751 2.187041 0.4071734 0.3157846 2.029306 0.1937048 0.1362764 1.89773 0.03844066 0.3329196 2.224746 -0.1045616 0.7623929 2.265105 -0.2245548 1.157301 2.250147 -0.2750659 1.485302 2.352803 0.07099117 0.7885778 2.210359 0.07497831 1.158459 2.027123 0.1545959 1.495438 2.063919  SA_HookPunch_SoClose
0.07557108 0.07848811 2.16203 0.005307989 0.1581926 2.206221 -0.168019 0.3046706 2.421814 -0.3991192 0.4883151 2.511117 0.1393053 0.1832907 2.182725 0.4462359 0.3064139 2.161663 0.2973404 0.1468232 1.943798 0.04683246 0.3089637 2.197024 -0.09768008 0.7394698 2.219656 -0.1862768 1.140938 2.259007 -0.2527206 1.467324 2.357655 0.0865158 0.7632013 2.222856 0.1137669 1.132266 2.039957 0.160105 1.477348 2.044296  SA_HookPunch_SoClose
0.09060229 0.05294275 2.11088 0.01513054 0.1373192 2.125482 -0.277519 0.2624578 2.21277 -0.5260556 0.4142876 2.111356 0.1453956 0.1491487 2.170519 0.380074 0.3108616 2.298477 0.3712262 0.1551921 2.032407 0.06350733 0.2823015 2.159841 -0.06345664 0.7188476 2.182498 -0.1455685 1.109819 2.287254 -0.2125755 1.434968 2.389537 0.1064337 0.7259201 2.257256 0.1603084 1.098738 2.088414 0.1839028 1.442551 2.038575  SA_HookPunch_SoClose
0.1033712 0.04337478 2.086268 0.03061201 0.1315736 2.091347 -0.2922231 0.2461065 2.058471 -0.4665714 0.353224 1.827742 0.1490765 0.1318104 2.162785 0.333114 0.3159989 2.33101 0.3799902 0.1595255 2.069432 0.07780404 0.2703918 2.146512 -0.04094515 0.7087095 2.177494 -0.1351603 1.093715 2.293549 -0.209544 1.41612 2.399361 0.1158185 0.705931 2.277088 0.1768174 1.083776 2.12244 0.2028462 1.421903 2.043445  SA_HookPunch_SoClose
0.1141461 0.03772712 2.071571 0.04278566 0.127768 2.073784 -0.258594 0.2317762 1.923135 -0.3156329 0.2822046 1.624285 0.1522789 0.1196201 2.157939 0.307406 0.3197572 2.339616 0.3730584 0.163763 2.081818 0.08853604 0.26173 2.14088 -0.02611242 0.7004239 2.178788 -0.1242717 1.086639 2.287311 -0.208715 1.406312 2.393859 0.1230825 0.6920641 2.289117 0.184705 1.074964 2.147717 0.2169885 1.40795 2.051145  SA_HookPunch_SoClose
0.1192232 0.03581166 2.065479 0.04700895 0.1257372 2.068037 -0.2122874 0.222436 1.847281 -0.1863929 0.2424678 1.540628 0.1534778 0.1142786 2.155617 0.3019114 0.317547 2.340405 0.3639234 0.1679927 2.077932 0.09258367 0.2576962 2.139104 -0.02020155 0.6965097 2.179973 -0.1185511 1.084355 2.282336 -0.2058728 1.404219 2.38595 0.1274844 0.6864164 2.292171 0.1885535 1.072597 2.159737 0.2249097 1.403794 2.058569  SA_HookPunch_SoClose
0.1223971 0.03604805 2.060818 0.04885079 0.125461 2.063067 -0.1515827 0.2090755 1.788171 -0.04487083 0.2094072 1.498827 0.152756 0.1121709 2.153423 0.303777 0.3098135 2.340877 0.3537244 0.1693304 2.070924 0.09360053 0.2562902 2.136701 -0.0172383 0.6955705 2.17822 -0.1149054 1.085035 2.274931 -0.2030011 1.406043 2.374265 0.1289104 0.684065 2.29228 0.1920949 1.0714 2.164285 0.2320265 1.401913 2.062232  SA_HookPunch_SoClose
0.1257163 0.03805459 2.053398 0.0520487 0.1271528 2.05359 -0.07121639 0.2045544 1.747316 0.1197665 0.1927553 1.505461 0.1510703 0.1122001 2.149028 0.3071919 0.2972459 2.3411 0.3416804 0.1654149 2.064449 0.0939609 0.2569424 2.130654 -0.01446955 0.6971012 2.170943 -0.1107179 1.087753 2.26423 -0.1982379 1.410038 2.359868 0.1271299 0.6832447 2.290355 0.194976 1.070243 2.163733 0.2373322 1.401103 2.063809  SA_HookPunch_SoClose
0.1314967 0.04119635 2.046583 0.06033101 0.1305695 2.043068 -0.01657377 0.2118556 1.73238 0.2177162 0.1858318 1.533537 0.1520349 0.1146717 2.145416 0.3066534 0.290189 2.343064 0.3370044 0.1570573 2.066552 0.09695102 0.2597466 2.123772 -0.01100908 0.7005629 2.159746 -0.1072287 1.090812 2.25473 -0.1949882 1.412933 2.350702 0.1222514 0.684672 2.288162 0.1953929 1.069457 2.157801 0.2372036 1.401109 2.060296  SA_HookPunch_SoClose
0.1416574 0.0452131 2.042679 0.07435901 0.1347413 2.03492 0.01710899 0.2284622 1.725381 0.260862 0.1825905 1.542111 0.1571199 0.1188979 2.144632 0.3026546 0.2924374 2.348273 0.3424952 0.1505063 2.077399 0.1037131 0.2638788 2.118601 -0.00631289 0.7048307 2.146076 -0.1054205 1.093071 2.246186 -0.196777 1.412961 2.346175 0.1155691 0.6884987 2.285286 0.1965042 1.068898 2.146906 0.2369278 1.401115 2.050752  SA_HookPunch_SoClose
0.1506475 0.04804218 2.043313 0.08508427 0.1371363 2.032925 0.02846165 0.2413491 1.722965 0.263621 0.1855806 1.531399 0.1627507 0.122444 2.146456 0.3000024 0.2985381 2.354343 0.3526989 0.1515183 2.088425 0.1096481 0.2669128 2.11716 -0.002791924 0.7076539 2.136165 -0.1060449 1.093771 2.240218 -0.2026818 1.410891 2.343999 0.1116595 0.692605 2.281684 0.1986641 1.069575 2.137716 0.2367489 1.402781 2.04406  SA_HookPunch_SoClose
0.1576108 0.05027771 2.045049 0.09244247 0.1387929 2.032971 0.03318753 0.2491765 1.721702 0.2608747 0.1891154 1.522557 0.167417 0.1253648 2.148452 0.2986693 0.3039992 2.359662 0.3621832 0.1564654 2.096405 0.1142437 0.2693132 2.116816 0.0001837779 0.7098739 2.129358 -0.1075435 1.094139 2.235705 -0.209397 1.408864 2.341762 0.1102797 0.6961513 2.278328 0.2014567 1.070697 2.130661 0.2369453 1.40492 2.039647  SA_HookPunch_SoClose
0.1646227 0.05242085 2.047538 0.09927781 0.1402068 2.033919 0.03553959 0.255662 1.720986 0.2553531 0.1931205 1.513916 0.1723141 0.1282843 2.150799 0.2976631 0.309814 2.365379 0.3727474 0.1639664 2.104237 0.1188872 0.2716229 2.116902 0.003360825 0.7119684 2.122956 -0.1095816 1.094226 2.231111 -0.2173406 1.406349 2.339005 0.1099299 0.6997882 2.274601 0.2049716 1.072025 2.123571 0.2372613 1.40741 2.035694  SA_HookPunch_SoClose
0.1734143 0.05506361 2.051282 0.1068092 0.141798 2.036312 0.0360554 0.2599429 1.720914 0.2527409 0.1935767 1.511747 0.1792908 0.1318754 2.153722 0.2980244 0.3187865 2.370253 0.3859347 0.1765293 2.111141 0.1253744 0.2744659 2.117524 0.008191483 0.7145569 2.117103 -0.1134142 1.093933 2.226007 -0.2301206 1.402536 2.334718 0.1133844 0.7043585 2.269851 0.2112711 1.074873 2.116421 0.238615 1.412075 2.033989  SA_HookPunch_SoClose
0.1820778 0.05616665 2.054759 0.1138483 0.1418422 2.039559 0.03673752 0.2607619 1.723604 0.2584542 0.1885191 1.521787 0.1874886 0.1336205 2.156378 0.3012428 0.3280318 2.369378 0.3963383 0.1843922 2.113587 0.1326283 0.2755458 2.119003 0.01272591 0.7150202 2.115123 -0.1180561 1.091687 2.222794 -0.2425155 1.397675 2.330288 0.119911 0.7069244 2.266607 0.2164516 1.077699 2.112954 0.2397494 1.416127 2.034394  SA_HookPunch_SoClose
0.1867756 0.05567992 2.056897 0.117639 0.1407028 2.04228 0.03652223 0.2600154 1.727478 0.2620193 0.1809442 1.532526 0.1928131 0.1334463 2.158183 0.3058166 0.3325973 2.36614 0.4009958 0.1854098 2.112405 0.1369032 0.2749356 2.120709 0.01445277 0.7137161 2.11604 -0.1202673 1.089376 2.222363 -0.2462349 1.395321 2.328212 0.12419 0.7071585 2.26576 0.2168824 1.079348 2.113161 0.238927 1.417937 2.034935  SA_HookPunch_SoClose
0.1916194 0.05483139 2.059589 0.1214997 0.1391178 2.045897 0.03480621 0.2594886 1.733387 0.2638662 0.1713545 1.546649 0.198898 0.1331116 2.160399 0.3128392 0.3370153 2.362113 0.4058304 0.1860933 2.109764 0.1414508 0.2740079 2.123017 0.01567473 0.711845 2.117815 -0.1222675 1.086732 2.222726 -0.2478626 1.393575 2.326395 0.1287332 0.7072011 2.265116 0.2155193 1.081797 2.114952 0.2369241 1.420393 2.036578  SA_HookPunch_SoClose
0.1956652 0.05373013 2.062511 0.1246346 0.1373256 2.049913 0.03140708 0.2595007 1.740678 0.2628588 0.1615589 1.561946 0.204652 0.1327354 2.162666 0.3214655 0.3404135 2.358279 0.4100693 0.1868454 2.105949 0.1453682 0.272938 2.125545 0.01601727 0.709731 2.120129 -0.1236465 1.084293 2.223917 -0.2468581 1.392922 2.325113 0.1325954 0.707075 2.264711 0.2125214 1.08464 2.11822 0.2340669 1.42308 2.039211  SA_HookPunch_SoClose
0.1995953 0.05197024 2.06731 0.1270947 0.1346211 2.05639 0.02374102 0.260727 1.75346 0.2574353 0.1489085 1.586154 0.2116545 0.1325274 2.165854 0.3361691 0.3440894 2.353949 0.4153369 0.1909461 2.098246 0.1491344 0.2714822 2.129356 0.01422383 0.7066478 2.12423 -0.1246511 1.081644 2.227508 -0.2418039 1.393646 2.325508 0.136352 0.7069296 2.264181 0.2083092 1.087779 2.122127 0.2318068 1.425346 2.040004  SA_HookPunch_SoClose
0.2045952 0.04939997 2.075873 0.1287152 0.1300625 2.068606 0.01092191 0.2671448 1.780842 0.2462887 0.1359006 1.630892 0.2222138 0.1329865 2.170521 0.361992 0.3517514 2.343261 0.4231068 0.2029856 2.080129 0.1530054 0.2692941 2.136173 0.007546322 0.7012555 2.133167 -0.126399 1.078313 2.235446 -0.2320069 1.396288 2.327166 0.140082 0.7069076 2.263182 0.2061747 1.089546 2.1231 0.2292566 1.427263 2.041477  SA_HookPunch_SoClose
0.2089325 0.04715312 2.085086 0.1291266 0.1252199 2.083372 0.0002834965 0.2768968 1.817391 0.2352742 0.1280645 1.684215 0.2327978 0.1340524 2.174539 0.3876714 0.3622497 2.324359 0.4277787 0.2180649 2.054718 0.1556854 0.2670597 2.144338 -0.001860185 0.6950127 2.146061 -0.1285 1.075687 2.244164 -0.222748 1.399915 2.325819 0.1424278 0.7069456 2.262424 0.2035516 1.091174 2.124454 0.2248708 1.429847 2.046391  SA_HookPunch_SoClose
0.2101792 0.04602301 2.091091 0.1283514 0.1225116 2.093741 -0.005434258 0.2855977 1.845163 0.2264465 0.1256291 1.719669 0.2382804 0.1349674 2.176794 0.4013287 0.3685071 2.309148 0.4270752 0.227119 2.036291 0.1564068 0.2658957 2.150263 -0.008266313 0.691254 2.156597 -0.1293776 1.074909 2.249955 -0.2176833 1.402622 2.323982 0.1433434 0.707141 2.262727 0.2013988 1.092038 2.125295 0.2215009 1.431265 2.049345  SA_HookPunch_SoClose
0.2096822 0.04530597 2.096265 0.1265611 0.1206595 2.102852 -0.01004056 0.292959 1.869863 0.2177132 0.1236551 1.749148 0.2413509 0.1358939 2.178538 0.4105432 0.3730289 2.295238 0.4235979 0.2335006 2.020527 0.1559419 0.2652256 2.15556 -0.01370697 0.6886371 2.166556 -0.1296562 1.075092 2.254776 -0.2135076 1.405416 2.322077 0.1436585 0.7075549 2.263406 0.1999388 1.092705 2.125947 0.2193399 1.432443 2.052124  SA_HookPunch_SoClose
0.2080172 0.04490805 2.100821 0.1240387 0.1194508 2.110883 -0.01408003 0.2987818 1.891453 0.2092564 0.1216503 1.773754 0.2426368 0.1368231 2.179948 0.4167785 0.376426 2.282768 0.4185015 0.2377701 2.007312 0.1546074 0.2649375 2.160279 -0.01834403 0.6869603 2.175707 -0.129586 1.075924 2.258815 -0.209761 1.408324 2.320103 0.1435741 0.7081597 2.264221 0.1990404 1.093241 2.126238 0.2182033 1.433411 2.054371  SA_HookPunch_SoClose
0.2044895 0.04470789 2.105235 0.1198268 0.1187149 2.118736 -0.01957087 0.3041933 1.912802 0.1988836 0.1207837 1.795558 0.2418394 0.1377311 2.181094 0.4215697 0.3792164 2.270032 0.4115516 0.2399853 1.995044 0.1518321 0.2649539 2.164894 -0.02270721 0.6862203 2.185092 -0.1303348 1.077181 2.263457 -0.2077202 1.411245 2.319012 0.143326 0.7089849 2.265194 0.1990125 1.093637 2.126107 0.2183476 1.434279 2.056556  SA_HookPunch_SoClose
0.2018727 0.04480672 2.1083 0.1168481 0.1184951 2.124166 -0.02344732 0.3066764 1.926417 0.1917794 0.1186438 1.810535 0.240965 0.1385376 2.181878 0.4241854 0.3811591 2.261203 0.4061964 0.2413306 1.986924 0.1497874 0.2652113 2.168099 -0.02549724 0.6860643 2.191591 -0.1310451 1.078226 2.266716 -0.2069316 1.413254 2.318398 0.1430865 0.7097766 2.26588 0.1990901 1.094018 2.125788 0.2186864 1.434948 2.057742  SA_HookPunch_SoClose
0.1968004 0.04503989 2.112384 0.1114736 0.1185628 2.131357 -0.03015916 0.3101082 1.944375 0.1810107 0.1173086 1.828863 0.2381478 0.1395406 2.182843 0.4265632 0.3831679 2.249466 0.3978315 0.2419558 1.976816 0.1459401 0.2657815 2.172338 -0.02902464 0.6865725 2.200284 -0.1323943 1.079906 2.272245 -0.2069205 1.415789 2.320225 0.1426736 0.7110379 2.266788 0.1993471 1.094555 2.12499 0.2192276 1.436004 2.059686  SA_HookPunch_SoClose
0.1908236 0.04553986 2.116939 0.1053887 0.1190368 2.139114 -0.03749387 0.313324 1.962678 0.1697943 0.1160295 1.847726 0.2344064 0.1407602 2.184057 0.4278809 0.3850626 2.237702 0.3884071 0.2425995 1.967054 0.1414748 0.2667073 2.176957 -0.03249178 0.6876564 2.209399 -0.1340675 1.082031 2.27814 -0.2077435 1.418545 2.322909 0.1420871 0.7126905 2.267683 0.1995443 1.09533 2.123846 0.2199207 1.437292 2.061437  SA_HookPunch_SoClose
0.1842175 0.04627323 2.121692 0.09888466 0.1199163 2.146906 -0.04533879 0.3161876 1.979884 0.15892 0.1153908 1.865575 0.2298685 0.1420969 2.185488 0.4280662 0.386641 2.226965 0.3786753 0.2432255 1.958456 0.1366069 0.2679415 2.181639 -0.03566591 0.6892962 2.218227 -0.1359558 1.084499 2.284043 -0.2092887 1.421378 2.326571 0.1413511 0.7146312 2.268473 0.1996341 1.096314 2.122442 0.2206887 1.438755 2.062954  SA_HookPunch_SoClose
0.177026 0.04696774 2.126783 0.09195729 0.1209276 2.154735 -0.05419181 0.3181248 1.99542 0.148456 0.1155562 1.88137 0.2245301 0.1433253 2.187294 0.4270459 0.3877289 2.218306 0.3694861 0.2442884 1.951442 0.1312657 0.2692235 2.18642 -0.03885559 0.6911472 2.226585 -0.1377589 1.087098 2.289957 -0.2105309 1.424294 2.330902 0.1401552 0.7166206 2.269104 0.1992402 1.097438 2.12115 0.2213242 1.440244 2.064189  SA_HookPunch_SoClose
0.1695932 0.04746091 2.132177 0.08489777 0.1217917 2.162833 -0.06319176 0.31952 2.010778 0.1381678 0.1155573 1.896931 0.2187945 0.1443137 2.189322 0.4252865 0.3884162 2.21008 0.3600636 0.2451471 1.944892 0.1256961 0.2703208 2.191387 -0.04205392 0.6928686 2.23495 -0.1396065 1.089517 2.296011 -0.2117582 1.427037 2.335358 0.1386234 0.7184029 2.269667 0.1985564 1.098314 2.119737 0.2219607 1.441405 2.065065  SA_HookPunch_SoClose
0.1602693 0.04772222 2.13907 0.07609387 0.1225839 2.172758 -0.07534747 0.3197421 2.027851 0.1256787 0.1158098 1.913362 0.2111994 0.145133 2.192131 0.4220127 0.3888335 2.202152 0.3493629 0.2463144 1.938496 0.1185046 0.2713385 2.19754 -0.04629306 0.6946467 2.24475 -0.1417292 1.092153 2.303532 -0.2125107 1.43029 2.339966 0.1358957 0.7202026 2.270357 0.1968555 1.099257 2.118682 0.2224026 1.442555 2.066321  SA_HookPunch_SoClose
0.1494724 0.04774368 2.147342 0.06596614 0.1232809 2.184223 -0.0896114 0.3190931 2.046124 0.1112288 0.1157643 1.930244 0.2019805 0.1456932 2.195843 0.4171648 0.3889389 2.195033 0.337617 0.2471122 1.932999 0.1099863 0.272209 2.204798 -0.05139188 0.6964139 2.25559 -0.1440312 1.094872 2.312366 -0.2129054 1.433856 2.344306 0.131918 0.7218335 2.271492 0.1937888 1.100052 2.11811 0.2222735 1.443363 2.067373  SA_HookPunch_SoClose
0.1380723 0.0475558 2.156416 0.05537422 0.1238387 2.19632 -0.1046676 0.3178923 2.064205 0.09595694 0.115567 1.946214 0.1918741 0.1459299 2.200444 0.4110419 0.3886513 2.189625 0.3257407 0.246985 1.92932 0.1008299 0.2728521 2.212738 -0.05699299 0.6980138 2.266627 -0.146211 1.097414 2.322251 -0.2128381 1.437355 2.348238 0.1269266 0.7231181 2.273326 0.1889692 1.100676 2.118393 0.2207661 1.44375 2.06802  SA_HookPunch_SoClose
0.1279805 0.04726017 2.164711 0.04608919 0.1242105 2.207001 -0.1179153 0.3166565 2.079459 0.08232279 0.1153694 1.959061 0.1827065 0.1458803 2.205166 0.4048234 0.3881176 2.186464 0.3155225 0.2458376 1.92784 0.09263702 0.2732199 2.220049 -0.06211929 0.6992314 2.276137 -0.1477251 1.099441 2.331625 -0.2121109 1.440229 2.351421 0.1219768 0.7239276 2.27562 0.1830974 1.101161 2.119535 0.2176821 1.443827 2.068229  SA_HookPunch_SoClose
0.1195918 0.046947 2.171773 0.03844567 0.1244361 2.21575 -0.1289906 0.3156893 2.091612 0.0704871 0.1153506 1.968402 0.1750212 0.1456258 2.209803 0.3986981 0.3876317 2.185359 0.3071873 0.2435913 1.928488 0.0858338 0.2733687 2.226438 -0.06647424 0.7000903 2.283848 -0.1479868 1.101044 2.340117 -0.2095857 1.442637 2.35405 0.1175994 0.7243446 2.278357 0.175957 1.101726 2.121573 0.2120698 1.443869 2.067889  SA_HookPunch_SoClose
0.1119436 0.0465858 2.178455 0.03148981 0.1245812 2.223785 -0.1388673 0.3149549 2.102578 0.05975111 0.1153926 1.976748 0.1679648 0.1452312 2.214542 0.3924128 0.3871753 2.185256 0.2997282 0.240777 1.930145 0.07964601 0.2733942 2.232527 -0.07035832 0.7008137 2.290787 -0.1489277 1.102565 2.345539 -0.2086191 1.444636 2.355433 0.1136186 0.7245639 2.281302 0.1689602 1.10225 2.124158 0.2061815 1.443834 2.067745  SA_HookPunch_SoClose
0.1007553 0.04592657 2.188607 0.02129545 0.1247025 2.235526 -0.152837 0.3143005 2.118188 0.04428895 0.1156709 1.988592 0.157593 0.1443784 2.222369 0.3818537 0.3866804 2.186975 0.2893009 0.235525 1.934606 0.07063217 0.2732518 2.241834 -0.07586978 0.7017913 2.300624 -0.1517704 1.104841 2.349257 -0.2097128 1.447289 2.355996 0.1079187 0.724617 2.2864 0.158084 1.103069 2.129362 0.1961667 1.443716 2.068064  SA_HookPunch_SoClose
0.08965446 0.04507875 2.198835 0.01106574 0.1247213 2.246754 -0.16562 0.314622 2.132603 0.03022595 0.1166751 2.000055 0.1472234 0.14324 2.230773 0.369369 0.3868328 2.191071 0.279745 0.2301657 1.941016 0.06166353 0.2729164 2.251092 -0.08117054 0.7026932 2.30946 -0.1555502 1.106965 2.349545 -0.2120297 1.449657 2.356308 0.102467 0.7243894 2.291908 0.1478865 1.103827 2.135807 0.18603 1.443544 2.069586  SA_HookPunch_SoClose
0.08440967 0.0445894 2.203771 0.006178277 0.1246893 2.251833 -0.1708957 0.3155257 2.13883 0.02454396 0.1177911 2.005368 0.1422948 0.1426753 2.23492 0.3627405 0.3872992 2.194124 0.2755127 0.2285647 1.944526 0.05731954 0.2727199 2.255341 -0.08391313 0.7030827 2.312937 -0.1573996 1.107856 2.349446 -0.2128303 1.450697 2.357273 0.099692 0.7242479 2.294424 0.144804 1.10393 2.138829 0.1835631 1.443085 2.070127  SA_HookPunch_SoClose
0.07753028 0.04394162 2.210365 -0.0002294611 0.1246477 2.258566 -0.1776649 0.3168578 2.147054 0.01722624 0.1193893 2.012402 0.1358268 0.141935 2.240481 0.3539807 0.3879368 2.198403 0.2699917 0.2267312 1.949278 0.05160775 0.2724578 2.260983 -0.08756433 0.7035785 2.317437 -0.1599224 1.108951 2.349251 -0.2139404 1.451983 2.358469 0.09599729 0.72405 2.29775 0.1409262 1.104017 2.1428 0.1803973 1.4424 2.070776  SA_HookPunch_SoClose
0.07059892 0.04318988 2.217893 -0.006696386 0.1245643 2.265801 -0.183311 0.3194315 2.155554 0.0110267 0.1221031 2.0199 0.1293461 0.141204 2.247017 0.3447449 0.3889844 2.204954 0.2646973 0.226926 1.955086 0.04574044 0.2721764 2.267159 -0.09174065 0.7040356 2.321376 -0.163035 1.109931 2.348593 -0.2155952 1.453147 2.35926 0.09185477 0.7238846 2.301369 0.1385708 1.103785 2.146782 0.1792241 1.441179 2.070886  SA_HookPunch_SoClose
0.06564571 0.04265463 2.2236 -0.01130543 0.1245321 2.271095 -0.1866692 0.3218549 2.161663 0.007169681 0.1245579 2.025251 0.1247696 0.140692 2.25213 0.3382635 0.3898245 2.210814 0.2608905 0.2282141 1.959817 0.04156568 0.2719938 2.271786 -0.09483396 0.7043841 2.323866 -0.1655107 1.110592 2.347841 -0.2170665 1.453913 2.359949 0.08883853 0.7237917 2.304135 0.1373876 1.103466 2.149558 0.1790238 1.440071 2.070747  SA_HookPunch_SoClose
0.06201907 0.04227924 2.227953 -0.01467268 0.1245378 2.275032 -0.1887279 0.3239672 2.166141 0.004693942 0.1266524 2.029165 0.1214513 0.1403387 2.256115 0.3335843 0.3905054 2.215759 0.258075 0.2298143 1.963606 0.03852107 0.2718848 2.275287 -0.09715526 0.7046635 2.325499 -0.1674525 1.111068 2.347131 -0.2182909 1.454449 2.360522 0.08660276 0.7237522 2.306259 0.1368055 1.103158 2.151552 0.1792665 1.439134 2.070528  SA_HookPunch_SoClose
0.05665876 0.04178631 2.234624 -0.01967268 0.124666 2.280776 -0.1910539 0.3276106 2.172462 0.002064006 0.1305636 2.034674 0.116609 0.1398374 2.26249 0.3273115 0.3914886 2.224862 0.2544557 0.2336862 1.970117 0.03410598 0.2718006 2.280611 -0.1004315 0.705227 2.327416 -0.1707455 1.111794 2.345683 -0.2209132 1.455164 2.36164 0.08353598 0.7237359 2.30967 0.136269 1.102565 2.154393 0.18002 1.437607 2.070246  SA_HookPunch_SoClose
0.0521905 0.04148233 2.240259 -0.02388148 0.1249186 2.285404 -0.1924315 0.3309658 2.177254 0.0008173157 0.1343251 2.039069 0.1125928 0.1394832 2.268086 0.3225008 0.3923701 2.2338 0.2519769 0.2380763 1.976265 0.03047897 0.271839 2.285076 -0.1029811 0.7058673 2.328636 -0.1735387 1.112507 2.344134 -0.2232735 1.455809 2.362683 0.08120872 0.7237887 2.312684 0.1359577 1.102008 2.15662 0.1807566 1.436307 2.070103  SA_HookPunch_SoClose
0.04859688 0.04136264 2.244711 -0.02733563 0.1252896 2.288815 -0.1930135 0.3338457 2.180284 0.0008605291 0.1376421 2.042354 0.1093522 0.139264 2.27274 0.3196473 0.3926176 2.242142 0.2508728 0.2422384 1.981833 0.02760847 0.2719928 2.288564 -0.1047546 0.7065956 2.32921 -0.1754706 1.113286 2.342501 -0.2248031 1.456505 2.363506 0.07965322 0.7238935 2.315207 0.1357768 1.101499 2.158148 0.1812999 1.435301 2.070103  SA_HookPunch_SoClose
0.0454519 0.04139245 2.248403 -0.03037451 0.1257483 2.291502 -0.193299 0.3363218 2.182165 0.001594143 0.1405305 2.045088 0.1065217 0.1391631 2.27678 0.317541 0.3927195 2.249954 0.2505419 0.2460879 1.987058 0.02513041 0.2722405 2.291452 -0.1061538 0.7073766 2.329483 -0.1767389 1.11415 2.340775 -0.2255296 1.457301 2.364036 0.07844569 0.7240636 2.317396 0.1358088 1.101013 2.159213 0.1819794 1.434416 2.069999  SA_HookPunch_SoClose
0.04132595 0.04163861 2.253006 -0.03436915 0.1265529 2.294696 -0.1934312 0.3395689 2.18384 0.003282921 0.1443462 2.048565 0.1028055 0.1391931 2.282023 0.3151072 0.3927945 2.260722 0.2507593 0.2514191 1.994307 0.02191629 0.2727466 2.295053 -0.1078141 0.7086067 2.329603 -0.1779311 1.115527 2.338213 -0.2258605 1.458577 2.364545 0.07702012 0.7244286 2.320246 0.1360634 1.100384 2.160325 0.1831035 1.433298 2.069751  SA_HookPunch_SoClose
0.03722449 0.04216194 2.256733 -0.03827391 0.1275665 2.29709 -0.193695 0.3424217 2.183933 0.005521672 0.1478341 2.051434 0.09916438 0.1394001 2.286701 0.3129726 0.3927681 2.271209 0.2519656 0.2560236 2.00161 0.01882942 0.2734398 2.298061 -0.1091718 0.7100237 2.329527 -0.178422 1.117141 2.335375 -0.22536 1.460097 2.364564 0.07585634 0.724923 2.322883 0.1370818 1.099715 2.161063 0.1852002 1.432166 2.069362  SA_HookPunch_SoClose
0.03350081 0.04279876 2.259778 -0.04179047 0.1286223 2.298994 -0.1939698 0.3449897 2.183622 0.007468717 0.1508321 2.053881 0.09584691 0.1397312 2.29064 0.3109013 0.3928015 2.280233 0.2531035 0.2596915 2.00812 0.0160435 0.2742022 2.300557 -0.1103136 0.7114277 2.329475 -0.1786817 1.118723 2.33284 -0.2247753 1.461577 2.364465 0.07484974 0.7254816 2.325168 0.1382403 1.099229 2.161773 0.1874359 1.431263 2.069138  SA_HookPunch_SoClose
0.02777787 0.04400396 2.263535 -0.04713682 0.130412 2.301198 -0.1945314 0.3487097 2.182001 0.01010527 0.1547524 2.057054 0.09073408 0.1404167 2.295834 0.3075427 0.3927993 2.292633 0.2549696 0.263507 2.017634 0.01180269 0.275534 2.303741 -0.1118595 0.713724 2.329459 -0.1786495 1.121294 2.329076 -0.2235149 1.463994 2.363979 0.07344742 0.7264391 2.32836 0.1406577 1.098662 2.163022 0.1917803 1.430076 2.069219  SA_HookPunch_SoClose
0.02320792 0.04490817 2.265841 -0.05135552 0.1317645 2.302577 -0.1952764 0.3514545 2.180505 0.01101656 0.157015 2.059081 0.08663465 0.140901 2.299043 0.3049101 0.3923343 2.300179 0.2559176 0.2642804 2.023942 0.008452611 0.2765186 2.305741 -0.1128818 0.7154673 2.329694 -0.1783277 1.123244 2.326627 -0.2222341 1.465861 2.363506 0.07249953 0.7270796 2.330381 0.1425211 1.098406 2.164197 0.1951327 1.429395 2.069719  SA_HookPunch_SoClose
0.01655872 0.04580438 2.268843 -0.0574675 0.1332951 2.304451 -0.1967595 0.3547289 2.178463 0.01135631 0.1593685 2.061718 0.0806389 0.1411858 2.303181 0.3010795 0.3909571 2.309637 0.2568002 0.263628 2.032273 0.003582137 0.277511 2.308382 -0.1142738 0.7175339 2.330222 -0.177615 1.125598 2.323432 -0.2201236 1.468113 2.36281 0.07118179 0.7275388 2.332987 0.1450055 1.09781 2.166097 0.1996808 1.428234 2.070816  SA_HookPunch_SoClose
0.01094772 0.04627407 2.271032 -0.06262587 0.1342782 2.306119 -0.1994456 0.3564305 2.177374 0.009290414 0.1601816 2.063255 0.07554014 0.1411597 2.305895 0.2981611 0.3889557 2.314682 0.2566052 0.2603325 2.037494 -0.0005562733 0.2780505 2.310321 -0.1153946 0.7189419 2.331064 -0.1766435 1.127267 2.321386 -0.2177517 1.469788 2.362172 0.07011689 0.7276121 2.334503 0.1463196 1.097615 2.168086 0.2023821 1.427712 2.072481  SA_HookPunch_SoClose
