-0.000624461 -1.442432E-05 1.514083 -0.06979303 0.09525096 1.536917 -0.4182072 0.1404331 1.536605 -0.7266022 0.1404334 1.536604 0.0685441 0.09525084 1.537228 0.4169262 0.140432 1.537539 0.7253161 0.1404322 1.537538 -0.0006244014 0.2351424 1.523248 -0.09336059 0.6801612 1.486224 -0.1013278 1.092915 1.498286 -0.09894632 1.440007 1.512267 0.09234674 0.6800331 1.490006 0.1003121 1.092748 1.487446 0.09770389 1.440058 1.512277  O_Hello_SoClose
-0.04834924 -0.01366568 1.509678 -0.1225454 0.0797298 1.522062 -0.4015105 0.2771918 1.539571 -0.6077775 0.5043712 1.508734 0.01409598 0.08307672 1.543397 0.2953483 0.2830554 1.520924 0.5072877 0.5056368 1.495556 -0.05562631 0.22135 1.519549 -0.1527724 0.664249 1.470401 -0.1489183 1.074909 1.514198 -0.1367833 1.419644 1.55524 0.03015103 0.6685897 1.502365 0.04285773 1.081194 1.502577 0.03127315 1.423116 1.567404  O_Hello_SoClose
-0.08748035 -0.0142895 1.495142 -0.164795 0.07729411 1.499145 -0.3498954 0.3155035 1.544721 -0.4350149 0.6093115 1.505489 -0.03216402 0.08315957 1.538028 0.1659297 0.3319041 1.508226 0.2628629 0.6229334 1.476442 -0.1014057 0.2203174 1.507325 -0.201617 0.6618418 1.452312 -0.1957741 1.067675 1.528731 -0.1821148 1.407923 1.597426 -0.02449827 0.6694961 1.507737 -0.008794231 1.081876 1.517725 -0.03849695 1.41561 1.612525  O_Hello_SoClose
-0.08633159 -0.0127058 1.481786 -0.1639013 0.07858384 1.487287 -0.3501743 0.3156308 1.535096 -0.4362391 0.6089769 1.494496 -0.03119699 0.08427691 1.525945 0.1693488 0.3328694 1.496899 0.2748913 0.6206702 1.463196 -0.1009071 0.2216595 1.49738 -0.2025242 0.6636353 1.448967 -0.1961604 1.069099 1.527284 -0.1820375 1.409013 1.597518 -0.02529888 0.6710088 1.504088 -0.01068078 1.083219 1.52059 -0.03973268 1.417895 1.612218  O_Hello_SoClose
-0.08474968 -0.01111066 1.465883 -0.1626031 0.07980072 1.473305 -0.3502284 0.3154135 1.524201 -0.4373631 0.6083164 1.482693 -0.02973769 0.08529568 1.511435 0.1744444 0.3333905 1.482663 0.2924373 0.6158884 1.445557 -0.1000497 0.2229019 1.485548 -0.2033998 0.6652827 1.445169 -0.1965226 1.070314 1.52565 -0.1819498 1.409837 1.597662 -0.02594201 0.6723322 1.49958 -0.01265721 1.084259 1.522897 -0.04132871 1.419109 1.614007  O_Hello_SoClose
-0.0834571 -0.009980083 1.452625 -0.1615345 0.0805887 1.461698 -0.3502467 0.3149694 1.515276 -0.4381693 0.6075555 1.473196 -0.02851371 0.08592451 1.499304 0.178902 0.3334583 1.470609 0.3083374 0.610641 1.431613 -0.09933393 0.2236817 1.475707 -0.2041252 0.6662921 1.442131 -0.1968117 1.071043 1.523975 -0.1818791 1.410174 1.597737 -0.02644323 0.6730791 1.49584 -0.014145 1.084706 1.524392 -0.04247759 1.419565 1.615579  O_Hello_SoClose
-0.08214985 -0.008936405 1.438042 -0.1604389 0.0812099 1.449248 -0.3501515 0.3141789 1.506398 -0.4388741 0.6065553 1.464543 -0.02713291 0.08636475 1.485857 0.1850588 0.3327332 1.456859 0.3288366 0.6024338 1.415702 -0.09858243 0.2242575 1.465121 -0.2050553 0.667012 1.439737 -0.1970805 1.072143 1.519611 -0.1817556 1.410304 1.597625 -0.0269628 0.6734999 1.492106 -0.01486586 1.084913 1.523672 -0.0428565 1.419511 1.615914  O_Hello_SoClose
-0.08113675 -0.008134484 1.425515 -0.1595857 0.08160853 1.438672 -0.3501031 0.3133186 1.499032 -0.4394853 0.6055526 1.457587 -0.02599804 0.08662415 1.474259 0.191118 0.3315285 1.444953 0.3486514 0.5933 1.402962 -0.09800564 0.2245921 1.456118 -0.2059358 0.667353 1.43805 -0.1974376 1.07274 1.51656 -0.1817654 1.410128 1.597788 -0.02743749 0.6736046 1.489049 -0.01524387 1.084856 1.52262 -0.04297243 1.419147 1.616048  O_Hello_SoClose
-0.08015786 -0.007025003 1.406104 -0.1587757 0.08194375 1.422985 -0.3504541 0.3115417 1.489039 -0.4410965 0.6036272 1.449321 -0.02453856 0.0868181 1.456059 0.2063462 0.3261628 1.426465 0.3950365 0.5667325 1.386135 -0.09757285 0.2247932 1.442708 -0.2080315 0.6672692 1.437581 -0.1986921 1.072211 1.518262 -0.1822136 1.409455 1.599924 -0.02859501 0.6732485 1.485208 -0.01469908 1.084457 1.518641 -0.04225973 1.41784 1.615305  O_Hello_SoClose
-0.08109538 -0.007116199 1.40174 -0.1597025 0.08151305 1.420366 -0.35209 0.3104455 1.488095 -0.4432968 0.6025463 1.449807 -0.0250483 0.0864774 1.451684 0.221699 0.3170558 1.422723 0.4398931 0.5323521 1.388912 -0.09859823 0.2243625 1.440393 -0.2102185 0.6665766 1.440215 -0.2000033 1.070462 1.525928 -0.1825525 1.409071 1.601515 -0.0301777 0.6726494 1.485491 -0.01371418 1.084072 1.514889 -0.04161565 1.416815 1.613637  O_Hello_SoClose
-0.08243637 -0.007754803 1.404793 -0.1609904 0.08087528 1.423638 -0.3537236 0.3099988 1.49067 -0.4448219 0.6022139 1.453 -0.02618919 0.08595133 1.4543 0.2310216 0.3094347 1.426026 0.4665862 0.5065204 1.398261 -0.09985064 0.2237855 1.443115 -0.2116569 0.6659525 1.442683 -0.2006657 1.070057 1.52726 -0.1825439 1.409084 1.600789 -0.03140287 0.6721807 1.487081 -0.01318411 1.083768 1.512919 -0.04147826 1.416264 1.612384  O_Hello_SoClose
-0.08451413 -0.008511782 1.411669 -0.1629644 0.08034098 1.429886 -0.3558874 0.3101611 1.494858 -0.4462577 0.6026303 1.457407 -0.02816151 0.08546877 1.460531 0.237912 0.3019488 1.432439 0.4866436 0.4827693 1.409181 -0.1016563 0.22331 1.448377 -0.2129328 0.6655968 1.444855 -0.2014904 1.069924 1.528301 -0.1830305 1.408949 1.601751 -0.03267757 0.6719177 1.489236 -0.01306753 1.083594 1.512502 -0.04153625 1.415977 1.612298  O_Hello_SoClose
-0.08672826 -0.009335041 1.419063 -0.1650652 0.07975435 1.436601 -0.3581874 0.3103089 1.499341 -0.4478041 0.6030409 1.462134 -0.03026013 0.0849359 1.467228 0.2449266 0.2934154 1.439708 0.5063736 0.4560596 1.422481 -0.1035731 0.2227778 1.454029 -0.2142712 0.6651707 1.447172 -0.2023373 1.069734 1.529394 -0.1835204 1.408758 1.60276 -0.03401444 0.6715892 1.491532 -0.01289724 1.083339 1.512023 -0.04156421 1.415599 1.61217  O_Hello_SoClose
-0.09021847 -0.01034355 1.429831 -0.1683759 0.07914054 1.446115 -0.3616545 0.3108237 1.505459 -0.4499869 0.60392 1.468049 -0.03361861 0.08437991 1.476941 0.2526807 0.2816414 1.449059 0.5281648 0.4197769 1.437594 -0.1065758 0.222222 1.461901 -0.2162016 0.6647575 1.449374 -0.203484 1.06956 1.530291 -0.1840608 1.408745 1.602753 -0.03601651 0.6712955 1.494007 -0.01312856 1.083093 1.511387 -0.0418304 1.415279 1.611772  O_Hello_SoClose
-0.09383444 -0.01128221 1.440868 -0.1718005 0.07860041 1.455819 -0.3651859 0.3114196 1.511644 -0.4522957 0.6048496 1.473986 -0.03709547 0.08390522 1.486862 0.2597425 0.2689052 1.458902 0.547011 0.3809783 1.454339 -0.1096737 0.2217209 1.469874 -0.218159 0.6643274 1.451357 -0.2046203 1.069353 1.531019 -0.1845592 1.408703 1.602521 -0.03805218 0.6709971 1.496286 -0.01336597 1.08281 1.510578 -0.04208414 1.414906 1.611253  O_Hello_SoClose
-0.1002624 -0.01252198 1.459071 -0.1779009 0.07801235 1.471599 -0.3710313 0.312742 1.521622 -0.4569097 0.6064668 1.483436 -0.04326258 0.08353043 1.502893 0.2705413 0.2439637 1.472945 0.5729991 0.3039479 1.478006 -0.1152275 0.2211818 1.482338 -0.2218453 0.6636381 1.452713 -0.2068208 1.068896 1.530913 -0.1856076 1.408397 1.601357 -0.04183898 0.6706768 1.497987 -0.01405357 1.082431 1.507482 -0.04273711 1.414077 1.609639  O_Hello_SoClose
-0.1026187 -0.01284802 1.46546 -0.1801627 0.07789123 1.477056 -0.3729162 0.3133001 1.52513 -0.4589918 0.6069452 1.486776 -0.04553787 0.08356297 1.508381 0.274535 0.2326968 1.477078 0.5808476 0.2675488 1.484973 -0.1173346 0.2210881 1.486439 -0.2234346 0.663354 1.452436 -0.2078743 1.068635 1.530412 -0.1862509 1.408136 1.600736 -0.04344873 0.6706316 1.497754 -0.01436506 1.082333 1.505468 -0.04300634 1.413655 1.608682  O_Hello_SoClose
-0.1048608 -0.01305628 1.471641 -0.1823123 0.07787311 1.48233 -0.3746974 0.3139262 1.528504 -0.4609149 0.6075089 1.489991 -0.04770033 0.08369434 1.513682 0.2778331 0.2215374 1.481503 0.5858291 0.2319199 1.493122 -0.119333 0.2210838 1.490395 -0.2249275 0.6631233 1.452142 -0.2088539 1.068426 1.529899 -0.1868386 1.407926 1.600103 -0.04496126 0.6706333 1.497499 -0.01462064 1.082273 1.503485 -0.04322187 1.413276 1.607727  O_Hello_SoClose
-0.1065254 -0.01309192 1.476161 -0.1839526 0.07795691 1.485974 -0.3757707 0.3144956 1.530758 -0.4625862 0.6079088 1.492298 -0.04939656 0.08396673 1.51753 0.2814992 0.2087371 1.484127 0.588864 0.1875511 1.497631 -0.1209189 0.2211981 1.493006 -0.2262274 0.6629655 1.451003 -0.2098942 1.068225 1.528931 -0.1877104 1.407668 1.599361 -0.04634253 0.6707552 1.496635 -0.01470886 1.082319 1.500834 -0.04320792 1.412856 1.606574  O_Hello_SoClose
-0.1078762 -0.01297557 1.479997 -0.1852871 0.07816732 1.489034 -0.3765993 0.3151127 1.532621 -0.4638855 0.6083979 1.494249 -0.05078695 0.08434737 1.520795 0.2841907 0.1971823 1.486718 0.5881851 0.1477255 1.502396 -0.1222127 0.2214311 1.495186 -0.2272781 0.6629339 1.449921 -0.2107592 1.06815 1.528034 -0.1884648 1.407538 1.598691 -0.04747437 0.6709754 1.495828 -0.01470958 1.082464 1.498439 -0.04310827 1.412572 1.605537  O_Hello_SoClose
-0.1079346 -0.01268566 1.481701 -0.1854328 0.0784651 1.489868 -0.3763633 0.3155178 1.532671 -0.4636871 0.6088517 1.49476 -0.05113737 0.08482933 1.522448 0.2878671 0.1829886 1.487987 0.5829378 0.09482741 1.504272 -0.1224486 0.2217773 1.495815 -0.2273818 0.6630467 1.448036 -0.211375 1.068131 1.526936 -0.1895897 1.407387 1.598381 -0.0478733 0.6713486 1.495039 -0.01418946 1.082771 1.495626 -0.04250233 1.41231 1.604485  O_Hello_SoClose
-0.1058894 -0.01229477 1.483161 -0.1835736 0.07880199 1.490066 -0.3743237 0.3157411 1.531901 -0.4606521 0.609391 1.494157 -0.04968427 0.08542943 1.524227 0.2929336 0.1646253 1.489582 0.5679693 0.02598667 1.505043 -0.1208127 0.2222024 1.49624 -0.2256211 0.6631812 1.44559 -0.2111989 1.068104 1.525618 -0.1908727 1.407207 1.598208 -0.0466967 0.6718477 1.494707 -0.01274852 1.083244 1.492621 -0.04139869 1.412069 1.603531  O_Hello_SoClose
-0.1015196 -0.01200259 1.485668 -0.179432 0.07899415 1.49118 -0.3704687 0.3156415 1.531778 -0.4552927 0.6096199 1.493189 -0.04601763 0.08597529 1.527085 0.2982393 0.1484947 1.490992 0.5464359 -0.03417361 1.502617 -0.1169845 0.2225201 1.497613 -0.2218077 0.6631233 1.443821 -0.2098251 1.068064 1.52416 -0.1916861 1.407191 1.597217 -0.04356353 0.6722761 1.495268 -0.01065175 1.083736 1.490699 -0.04015044 1.412028 1.602958  O_Hello_SoClose
-0.09797101 -0.01185882 1.488141 -0.1760326 0.07906234 1.49271 -0.367426 0.3154945 1.532328 -0.4513486 0.6096014 1.492761 -0.04292117 0.08632767 1.529667 0.301604 0.1388439 1.491806 0.52943 -0.0688504 1.499733 -0.1138083 0.2226847 1.499152 -0.218712 0.6629733 1.442994 -0.2085343 1.068012 1.523084 -0.1919988 1.407239 1.596061 -0.04090051 0.672518 1.495848 -0.009127958 1.084048 1.489788 -0.03932206 1.412072 1.602646  O_Hello_SoClose
-0.08786456 -0.01167428 1.495269 -0.1662533 0.07903743 1.498051 -0.3590571 0.3149391 1.535029 -0.4423623 0.6086636 1.491512 -0.03354112 0.08714437 1.536249 0.3087995 0.1187196 1.485121 0.4806097 -0.1371968 1.475507 -0.1045481 0.222924 1.503518 -0.2102691 0.6622207 1.441437 -0.204614 1.06754 1.520548 -0.192016 1.40707 1.592903 -0.03302537 0.672928 1.495949 -0.005733056 1.084757 1.488505 -0.0377727 1.412279 1.602306  O_Hello_SoClose
-0.07462226 -0.01208115 1.485135 -0.1533351 0.07831848 1.488787 -0.3457252 0.3138227 1.522458 -0.4238556 0.6072865 1.468771 -0.02021406 0.08698153 1.525406 0.3058356 0.08836663 1.428417 0.338381 -0.214568 1.380712 -0.09214626 0.2224541 1.493433 -0.2003521 0.6612826 1.43233 -0.1993787 1.065854 1.515372 -0.1906895 1.404791 1.591002 -0.02252035 0.6727352 1.484734 -0.003853602 1.085098 1.48814 -0.03618399 1.411887 1.603948  O_Hello_SoClose
-0.07360713 -0.01280189 1.474249 -0.1522532 0.07758737 1.47932 -0.3425474 0.3133731 1.512292 -0.4180221 0.6070112 1.455831 -0.0187311 0.08600712 1.514509 0.2981687 0.08134818 1.398742 0.2571457 -0.2195177 1.344879 -0.09098236 0.2216822 1.484154 -0.1997573 0.6608893 1.426903 -0.1984937 1.06472 1.513469 -0.1894007 1.403024 1.591837 -0.02135108 0.6719956 1.477395 -0.0051233 1.084278 1.490191 -0.03629408 1.411736 1.604414  O_Hello_SoClose
-0.0738294 -0.01326191 1.470182 -0.1524062 0.07715619 1.475785 -0.3415738 0.3131621 1.508917 -0.4164588 0.6069844 1.45263 -0.01871203 0.08545268 1.510344 0.2944851 0.07955313 1.38733 0.2184621 -0.2144724 1.333721 -0.0910428 0.2212132 1.480566 -0.1998789 0.6605683 1.42458 -0.19811 1.06411 1.512475 -0.1884972 1.402172 1.591821 -0.02122609 0.6715042 1.474231 -0.005930645 1.083668 1.491278 -0.03662853 1.411569 1.604355  O_Hello_SoClose
-0.0750445 -0.01420224 1.467335 -0.1534769 0.07631004 1.473421 -0.3408149 0.312817 1.50851 -0.4158126 0.6072922 1.455906 -0.01951806 0.08449757 1.506966 0.2888404 0.07901525 1.373871 0.1585607 -0.1957806 1.322696 -0.09191982 0.2203039 1.477572 -0.2006863 0.6597145 1.421888 -0.1975725 1.06299 1.51096 -0.1866586 1.40084 1.591036 -0.02165393 0.670509 1.470183 -0.007364972 1.08246 1.49245 -0.03745226 1.411054 1.603663  O_Hello_SoClose
-0.07604305 -0.01478899 1.467794 -0.1544014 0.07578158 1.473966 -0.3407513 0.3125967 1.510934 -0.4161429 0.607557 1.461719 -0.02030019 0.08398521 1.506933 0.2856416 0.07960355 1.368585 0.1278997 -0.1808153 1.319555 -0.09275119 0.2197527 1.47748 -0.2015145 0.6590734 1.421085 -0.1974916 1.062291 1.510382 -0.1857221 1.400102 1.5905 -0.02227752 0.6698985 1.468608 -0.008170767 1.081749 1.492757 -0.03793488 1.410604 1.603287  O_Hello_SoClose
-0.07717721 -0.01531053 1.47037 -0.1555088 0.07528818 1.476469 -0.3410798 0.3123367 1.515469 -0.4172951 0.6076226 1.469589 -0.02128772 0.08361506 1.508913 0.2827997 0.08085275 1.366271 0.1049618 -0.1663035 1.317365 -0.09384041 0.2192686 1.479188 -0.2027913 0.6583683 1.42145 -0.1977984 1.061641 1.51045 -0.1851458 1.399506 1.590206 -0.02338145 0.6693718 1.468275 -0.00883059 1.081182 1.492862 -0.03819398 1.410141 1.603187  O_Hello_SoClose
-0.0782197 -0.01577079 1.472916 -0.1565337 0.07484853 1.478932 -0.3413989 0.3120939 1.51976 -0.4183407 0.607645 1.476901 -0.02220855 0.08329809 1.51091 0.2801825 0.08202398 1.364507 0.08563681 -0.1524237 1.316646 -0.09486084 0.2188393 1.480916 -0.2040103 0.6577198 1.421902 -0.1981306 1.061054 1.510568 -0.1846751 1.398977 1.589947 -0.02445023 0.6689 1.468104 -0.009423954 1.080679 1.492917 -0.03840981 1.40972 1.603098  O_Hello_SoClose
-0.07960258 -0.0163548 1.477676 -0.1579572 0.07424283 1.483485 -0.3419382 0.3116715 1.526441 -0.4202808 0.6073449 1.487107 -0.02352391 0.08295536 1.514934 0.2768578 0.08373916 1.364219 0.06469436 -0.1349438 1.316586 -0.09637748 0.2182835 1.48447 -0.2060426 0.6567655 1.423481 -0.1988681 1.060258 1.511327 -0.184266 1.398319 1.589912 -0.02632533 0.6683158 1.468977 -0.0102338 1.080105 1.492942 -0.03855131 1.409265 1.602939  O_Hello_SoClose
-0.08062796 -0.01678169 1.481052 -0.1590296 0.07378662 1.486684 -0.3422852 0.3113502 1.530855 -0.421603 0.6070651 1.493858 -0.02453951 0.08270109 1.517831 0.2743572 0.08462703 1.364313 0.05094608 -0.1227601 1.317596 -0.09754144 0.2178694 1.487016 -0.2076123 0.6560534 1.424632 -0.1995219 1.059643 1.511949 -0.1841148 1.397786 1.590026 -0.02781217 0.6678865 1.469725 -0.01087175 1.079693 1.492795 -0.03870259 1.408869 1.60287  O_Hello_SoClose
-0.08149152 -0.01713157 1.483772 -0.1599442 0.07340264 1.489238 -0.3425457 0.31108 1.534182 -0.4226476 0.6068015 1.498971 -0.02542238 0.08249176 1.520198 0.2722444 0.08510089 1.364601 0.04051669 -0.1132007 1.31896 -0.09854762 0.2175248 1.489083 -0.2089733 0.655458 1.425576 -0.2001436 1.059115 1.512512 -0.1840914 1.397312 1.590223 -0.02912663 0.6675345 1.470419 -0.01143209 1.07936 1.49255 -0.03885971 1.408495 1.602848  O_Hello_SoClose
-0.08203624 -0.01744282 1.484108 -0.1605276 0.07306492 1.489453 -0.3425142 0.3108562 1.534495 -0.4229572 0.6066036 1.500292 -0.02602885 0.0822314 1.520491 0.2708774 0.08393836 1.364389 0.03475257 -0.1095998 1.320887 -0.0991873 0.217211 1.489222 -0.2097441 0.6550504 1.425297 -0.2005893 1.058651 1.51246 -0.1842621 1.396792 1.590357 -0.02993034 0.667233 1.470243 -0.0117781 1.079089 1.491419 -0.03910635 1.407919 1.602648  O_Hello_SoClose
-0.0820915 -0.01758182 1.481807 -0.1605776 0.07292902 1.487178 -0.3424059 0.310753 1.531925 -0.4226847 0.6065421 1.497696 -0.02612285 0.08202803 1.518425 0.2708544 0.08230913 1.36328 0.03552802 -0.1125077 1.321181 -0.09921639 0.2170663 1.487258 -0.2096174 0.6550198 1.423849 -0.2006371 1.058467 1.511737 -0.1844731 1.396468 1.590273 -0.02986757 0.6671069 1.469075 -0.01157479 1.078966 1.490079 -0.03899549 1.407415 1.602405  O_Hello_SoClose
-0.08205442 -0.01765454 1.479185 -0.1605272 0.07286465 1.484612 -0.3423304 0.3106945 1.529015 -0.4223548 0.6065206 1.494511 -0.02611683 0.08187258 1.516075 0.2711223 0.08078444 1.36213 0.03779699 -0.1166586 1.321141 -0.09913246 0.2169869 1.485056 -0.2093368 0.6550859 1.422313 -0.2006118 1.058374 1.510955 -0.1846818 1.39623 1.590158 -0.02965145 0.6670448 1.467828 -0.01130085 1.078898 1.488885 -0.03884308 1.406998 1.602199  O_Hello_SoClose
-0.08197181 -0.01763451 1.474028 -0.1604123 0.07290339 1.479606 -0.3425465 0.3106468 1.523345 -0.4219613 0.6065066 1.48774 -0.02608268 0.08171368 1.511468 0.2721613 0.07842648 1.360266 0.04588296 -0.1273224 1.320644 -0.09894459 0.2169905 1.480797 -0.2087532 0.6553965 1.419522 -0.2005564 1.058392 1.509536 -0.1851133 1.395981 1.589964 -0.02918516 0.6670773 1.465569 -0.01087932 1.078893 1.487382 -0.03869377 1.406499 1.602051  O_Hello_SoClose
-0.08210562 -0.01755953 1.469191 -0.1605138 0.072999 1.474888 -0.3430592 0.3106481 1.517789 -0.4216258 0.606545 1.480641 -0.02627198 0.08161545 1.50717 0.2731946 0.07597947 1.35912 0.05594989 -0.1395162 1.32077 -0.09897338 0.2170471 1.476803 -0.2083721 0.655742 1.416876 -0.2006375 1.058473 1.508105 -0.1856336 1.395817 1.589639 -0.02893136 0.6671506 1.463485 -0.01063733 1.078918 1.486211 -0.03864596 1.406142 1.601915  O_Hello_SoClose
-0.08233945 -0.01746941 1.465503 -0.1607217 0.07310677 1.471273 -0.3436401 0.3106749 1.513402 -0.4213754 0.6066026 1.474781 -0.02655445 0.08157027 1.503904 0.2739889 0.07396293 1.358618 0.06525989 -0.1500072 1.321552 -0.09912328 0.2171216 1.473754 -0.2081858 0.656037 1.414838 -0.2007827 1.058573 1.506949 -0.1861027 1.395733 1.589298 -0.02885328 0.6672309 1.461913 -0.01055036 1.078952 1.485461 -0.03866993 1.405938 1.60181  O_Hello_SoClose
-0.08339487 -0.01725447 1.46076 -0.1617305 0.07336044 1.466558 -0.3455007 0.310792 1.506739 -0.4212014 0.6067375 1.464394 -0.02769254 0.08159184 1.499774 0.2751379 0.06985092 1.360424 0.0866446 -0.17155 1.324365 -0.100032 0.2173159 1.469852 -0.2085125 0.6565421 1.41219 -0.2014495 1.058868 1.505243 -0.1871555 1.395811 1.588542 -0.02936713 0.6674124 1.460047 -0.01078008 1.079052 1.484757 -0.03882341 1.405854 1.601641  O_Hello_SoClose
-0.08418261 -0.01710331 1.458991 -0.1624852 0.07354093 1.464777 -0.3468722 0.3108908 1.503525 -0.4211875 0.606787 1.458467 -0.02851228 0.08165061 1.498284 0.2757389 0.06702673 1.362969 0.1030407 -0.1858656 1.326565 -0.1007225 0.21746 1.468437 -0.2088663 0.6568348 1.411276 -0.2019691 1.05912 1.504516 -0.187886 1.396006 1.588082 -0.02981494 0.6675369 1.459522 -0.01094787 1.079149 1.484476 -0.03889195 1.405914 1.601488  O_Hello_SoClose
-0.08481495 -0.01698148 1.458297 -0.163089 0.07368863 1.464064 -0.3479989 0.3109752 1.501603 -0.4212195 0.6067897 1.454273 -0.02915464 0.08171642 1.497744 0.2761496 0.06469786 1.365696 0.1176426 -0.1972057 1.328461 -0.1012741 0.2175801 1.467924 -0.2091733 0.6570464 1.411007 -0.2024022 1.059353 1.504164 -0.1884849 1.396241 1.58775 -0.03017799 0.6676362 1.459484 -0.01104693 1.079245 1.484296 -0.03890971 1.406009 1.60133  O_Hello_SoClose
-0.08533596 -0.01674175 1.458917 -0.163529 0.07399702 1.464703 -0.3495446 0.3111768 1.499939 -0.4211342 0.6066661 1.448282 -0.0296226 0.0818584 1.498534 0.2771908 0.05990148 1.372517 0.1535825 -0.2197371 1.332171 -0.1015802 0.2178247 1.468791 -0.2089977 0.6574582 1.412256 -0.2028426 1.059926 1.504757 -0.1895608 1.396933 1.587967 -0.03004353 0.6678215 1.460934 -0.01058917 1.079505 1.484205 -0.03864322 1.406184 1.601431  O_Hello_SoClose
-0.08479069 -0.01659942 1.460941 -0.1629027 0.07420397 1.466809 -0.3497858 0.3113316 1.50088 -0.4208812 0.6065319 1.446936 -0.02897028 0.08193707 1.500566 0.2784791 0.05667233 1.378277 0.1858547 -0.2342892 1.335073 -0.1008285 0.2179768 1.470919 -0.207902 0.657725 1.414622 -0.202633 1.060401 1.506269 -0.1901664 1.397589 1.588867 -0.0289111 0.6679155 1.463201 -0.009524031 1.079736 1.483981 -0.03819535 1.406198 1.601659  O_Hello_SoClose
-0.08357547 -0.01649344 1.464536 -0.1615841 0.07439315 1.470484 -0.3495771 0.311481 1.50402 -0.420906 0.6063968 1.448844 -0.02760069 0.08199191 1.504069 0.280627 0.05350649 1.38607 0.2279508 -0.2468325 1.339961 -0.09935312 0.2181014 1.474486 -0.2060347 0.6579509 1.418236 -0.2020076 1.060938 1.508567 -0.1906454 1.398413 1.590151 -0.02697132 0.6679624 1.466586 -0.007863684 1.079971 1.483529 -0.03756086 1.406039 1.602046  O_Hello_SoClose
-0.08255993 -0.01646352 1.467789 -0.1604959 0.0744859 1.473734 -0.349335 0.3115575 1.507384 -0.4212931 0.6063241 1.452228 -0.02647976 0.08200872 1.507206 0.2826149 0.05168092 1.392741 0.2601149 -0.2522081 1.345312 -0.09815441 0.2181504 1.477581 -0.2045527 0.6580385 1.421098 -0.2014074 1.061287 1.510292 -0.1908176 1.399004 1.590969 -0.02544306 0.6679512 1.469296 -0.00656621 1.080086 1.483163 -0.03707419 1.405822 1.60238  O_Hello_SoClose
-0.08189349 -0.01647162 1.470721 -0.1597836 0.07452428 1.476553 -0.3492438 0.3116002 1.510569 -0.4219287 0.6063008 1.456016 -0.02576552 0.08201933 1.510023 0.2845453 0.05075955 1.399147 0.2848388 -0.2539718 1.351785 -0.09736954 0.2181617 1.480232 -0.2035417 0.6580359 1.423217 -0.2009023 1.061509 1.511407 -0.1907551 1.399434 1.591267 -0.0244296 0.6679155 1.471413 -0.005627556 1.080125 1.482964 -0.03670762 1.405647 1.602618  O_Hello_SoClose
-0.08138578 -0.01649308 1.473368 -0.1592362 0.07454419 1.479084 -0.3492335 0.3116233 1.513464 -0.4225928 0.6062688 1.459519 -0.02521996 0.08201766 1.512566 0.2862853 0.05004632 1.405155 0.3068572 -0.2540909 1.358446 -0.09675859 0.2181578 1.482608 -0.2027256 0.6580137 1.425073 -0.2004782 1.061683 1.512368 -0.1906753 1.39979 1.591499 -0.0236166 0.6678686 1.473285 -0.004820092 1.080131 1.482767 -0.03637866 1.405478 1.602771  O_Hello_SoClose
-0.08127533 -0.01654899 1.476797 -0.1590847 0.07453752 1.482282 -0.3496394 0.3116387 1.517327 -0.4239702 0.6062479 1.464527 -0.02509175 0.08200586 1.515858 0.2887063 0.04986322 1.414165 0.3338532 -0.2519653 1.369829 -0.09653787 0.2181262 1.485591 -0.2022377 0.6579279 1.427157 -0.2001259 1.061831 1.51337 -0.1904498 1.400147 1.591613 -0.02316277 0.6677823 1.475495 -0.004013581 1.080079 1.48244 -0.03602104 1.405312 1.602634  O_Hello_SoClose
-0.08147906 -0.01665163 1.480868 -0.1592384 0.07449281 1.486097 -0.3503827 0.31161 1.522125 -0.4260156 0.6061549 1.470837 -0.02527056 0.08195007 1.519776 0.2916525 0.05008352 1.426029 0.3662525 -0.2464887 1.386226 -0.09660803 0.2180504 1.489164 -0.2019916 0.6577939 1.42973 -0.1998646 1.06199 1.514559 -0.1902275 1.400527 1.591847 -0.02295337 0.6676406 1.478206 -0.003190501 1.079949 1.482043 -0.03571014 1.405108 1.602302  O_Hello_SoClose
-0.08196317 -0.01675618 1.483832 -0.1596851 0.07442963 1.488892 -0.3511846 0.3115511 1.525831 -0.4279178 0.6060282 1.475804 -0.02573298 0.08187377 1.522637 0.293839 0.05068362 1.435869 0.3900772 -0.2402221 1.400993 -0.0969929 0.2179636 1.491799 -0.2021483 0.6576719 1.431703 -0.199833 1.062097 1.515425 -0.1901124 1.400767 1.592119 -0.02313314 0.6675058 1.480266 -0.00272779 1.079798 1.481747 -0.03560809 1.404964 1.601888  O_Hello_SoClose
-0.08316587 -0.0170126 1.487443 -0.1608333 0.07421803 1.492531 -0.352494 0.3113254 1.531211 -0.4306912 0.6056946 1.482843 -0.0268598 0.08159041 1.526206 0.2968527 0.05232191 1.451153 0.4243902 -0.227356 1.426276 -0.09805803 0.2177167 1.495387 -0.2029939 0.657477 1.435288 -0.1994358 1.062767 1.514672 -0.1896989 1.401156 1.592597 -0.02394835 0.6672153 1.483759 -0.002291305 1.079441 1.481706 -0.03559373 1.404729 1.601399  O_Hello_SoClose
-0.08550261 -0.01752472 1.490134 -0.1631227 0.07371271 1.495791 -0.3541237 0.3108505 1.536167 -0.4326259 0.6052653 1.488576 -0.02907704 0.08088171 1.529222 0.2994552 0.05611467 1.46901 0.4623414 -0.2055891 1.459864 -0.100284 0.2171725 1.499159 -0.2051671 0.6572385 1.441245 -0.1976244 1.064929 1.50687 -0.1883037 1.401478 1.592435 -0.02601801 0.6666896 1.489389 -0.002327425 1.078759 1.483002 -0.03593348 1.404445 1.601524  O_Hello_SoClose
-0.08742647 -0.01776457 1.49098 -0.1650525 0.07343316 1.497168 -0.3548723 0.3107522 1.536987 -0.4317213 0.6054284 1.488329 -0.03098725 0.08043861 1.530555 0.3003922 0.06094241 1.477243 0.4806708 -0.1892651 1.477633 -0.1022267 0.2168797 1.501261 -0.2071905 0.6572363 1.445753 -0.1980552 1.06552 1.507362 -0.1876973 1.401861 1.593626 -0.02801303 0.6664504 1.493836 -0.002814395 1.078395 1.485486 -0.03643946 1.404668 1.602378  O_Hello_SoClose
-0.08824329 -0.01778281 1.491819 -0.1658898 0.0733918 1.498092 -0.355119 0.3108346 1.53708 -0.4309587 0.6056275 1.487553 -0.03184466 0.08037519 1.531564 0.3006704 0.06363928 1.480081 0.4858169 -0.1829611 1.48374 -0.1030928 0.2168441 1.502421 -0.208107 0.6572585 1.44747 -0.1989211 1.065302 1.51064 -0.1875457 1.402296 1.594186 -0.02895854 0.6664383 1.495668 -0.003292484 1.078351 1.487116 -0.03695611 1.405059 1.602772  O_Hello_SoClose
-0.08881919 -0.01766014 1.493159 -0.1665062 0.07348573 1.49935 -0.3552525 0.3110338 1.537317 -0.4301539 0.6059105 1.48687 -0.03249894 0.08051884 1.532964 0.300935 0.06652224 1.481946 0.4878072 -0.1787345 1.487624 -0.1037673 0.2169613 1.503746 -0.2088878 0.6573367 1.448686 -0.2005239 1.064411 1.517934 -0.1876708 1.402874 1.595078 -0.02979348 0.6665831 1.497072 -0.004017634 1.078502 1.489207 -0.03767286 1.405871 1.602981  O_Hello_SoClose
-0.08872347 -0.01735425 1.493441 -0.1664725 0.07374215 1.499578 -0.3550604 0.3112485 1.53702 -0.4293487 0.6061715 1.485939 -0.03249298 0.08086061 1.533284 0.3012762 0.06842518 1.48143 0.4860524 -0.1784083 1.487385 -0.1038276 0.2172576 1.504017 -0.2091893 0.6575661 1.448881 -0.2024709 1.063185 1.526358 -0.1885744 1.403166 1.596312 -0.03013442 0.6669263 1.497391 -0.004768116 1.0789 1.491223 -0.03841667 1.406854 1.603301  O_Hello_SoClose
-0.08808558 -0.01706505 1.491814 -0.165903 0.07396555 1.498063 -0.3546261 0.3112862 1.535679 -0.4287135 0.6061854 1.484171 -0.03192512 0.08114743 1.531762 0.3015878 0.06853127 1.478986 0.481932 -0.1815805 1.483932 -0.1033666 0.2175233 1.502657 -0.2090685 0.6578139 1.448032 -0.2026536 1.063254 1.526464 -0.1888428 1.403286 1.596191 -0.03001527 0.667255 1.496533 -0.005357487 1.079298 1.492488 -0.03906081 1.407314 1.604368  O_Hello_SoClose
-0.0872017 -0.01681209 1.489633 -0.1650784 0.07415736 1.496031 -0.3540275 0.3112848 1.533937 -0.4282068 0.6060647 1.481881 -0.03109316 0.08138525 1.529691 0.3019893 0.06782424 1.476518 0.4779174 -0.1854346 1.480214 -0.1026373 0.2177513 1.500793 -0.2086567 0.6580423 1.44679 -0.2023949 1.063538 1.524948 -0.1889752 1.403327 1.595924 -0.02959226 0.6675401 1.495239 -0.005541487 1.079631 1.492803 -0.03923706 1.407442 1.605285  O_Hello_SoClose
-0.0852391 -0.01635146 1.485833 -0.1632103 0.07452714 1.492369 -0.352665 0.3113741 1.530438 -0.4275747 0.6057531 1.477175 -0.02922086 0.08185709 1.52599 0.3030084 0.06638992 1.471927 0.4709602 -0.1922525 1.472747 -0.1009205 0.2181816 1.497282 -0.207428 0.6584242 1.443849 -0.2021523 1.06352 1.524122 -0.1893399 1.403244 1.595521 -0.02835642 0.6680543 1.492245 -0.005029721 1.080193 1.491054 -0.03852044 1.407454 1.605185  O_Hello_SoClose
-0.08350889 -0.01597428 1.483199 -0.1615598 0.07484245 1.489644 -0.3515408 0.3115002 1.527439 -0.4273095 0.605511 1.473363 -0.0276051 0.08229053 1.523378 0.3037829 0.06515396 1.467797 0.4640058 -0.198337 1.465448 -0.09939151 0.218549 1.494572 -0.2062126 0.6586903 1.440932 -0.2015731 1.063637 1.521994 -0.1894517 1.403084 1.594813 -0.02719037 0.6684794 1.489478 -0.004267318 1.080641 1.488343 -0.03769318 1.407246 1.604359  O_Hello_SoClose
-0.08191775 -0.01563799 1.481055 -0.1600434 0.07512832 1.487301 -0.3505621 0.3116348 1.524608 -0.427213 0.6053099 1.469953 -0.02614121 0.08270752 1.521212 0.3043258 0.06401479 1.463457 0.4562725 -0.2042792 1.457557 -0.09798627 0.2188849 1.492171 -0.205052 0.6588947 1.437942 -0.2005927 1.064036 1.51804 -0.189367 1.40287 1.593796 -0.02610461 0.6688625 1.486727 -0.00351618 1.081041 1.485384 -0.03693156 1.406965 1.603305  O_Hello_SoClose
-0.080649 -0.01537824 1.479607 -0.1588385 0.0753541 1.485541 -0.3498636 0.3117642 1.522141 -0.4273175 0.6051884 1.467272 -0.02500389 0.08307314 1.519688 0.3044449 0.06308961 1.458795 0.4476527 -0.2098569 1.448987 -0.09687351 0.2191553 1.490263 -0.2040924 0.6590028 1.435029 -0.1989857 1.064898 1.51117 -0.1890095 1.402517 1.592335 -0.0252416 0.6691639 1.484128 -0.002949102 1.081358 1.48254 -0.03643278 1.406662 1.602139  O_Hello_SoClose
-0.0795152 -0.01506925 1.478694 -0.1577558 0.07564068 1.484287 -0.3492185 0.3120018 1.520049 -0.4273404 0.60528 1.465347 -0.02398 0.08350277 1.51863 0.3042144 0.06227899 1.453612 0.4372028 -0.2156016 1.43944 -0.09586458 0.2194813 1.488767 -0.2031961 0.6591467 1.432315 -0.198111 1.065225 1.507475 -0.1889583 1.402216 1.591307 -0.02442948 0.6695071 1.481678 -0.002504392 1.081722 1.480327 -0.03599964 1.40657 1.601156  O_Hello_SoClose
-0.07830511 -0.01465428 1.478118 -0.156593 0.07604039 1.483279 -0.348501 0.3123909 1.517918 -0.4272711 0.6055997 1.463776 -0.02287672 0.08407474 1.517814 0.3034638 0.06136632 1.44691 0.4224342 -0.2224776 1.427336 -0.09476988 0.2199218 1.487378 -0.2021946 0.6593497 1.429279 -0.1978074 1.065104 1.506214 -0.1891299 1.401984 1.590536 -0.02351312 0.6699518 1.478897 -0.002105219 1.082196 1.478335 -0.03556387 1.406664 1.600189  O_Hello_SoClose
-0.07775228 -0.01408076 1.478324 -0.1560374 0.076635 1.483145 -0.3480509 0.3131262 1.516495 -0.4269277 0.6064643 1.463215 -0.02230929 0.08480728 1.517602 0.3011386 0.06017649 1.438161 0.3999177 -0.2308068 1.412167 -0.09421127 0.220531 1.486641 -0.2016511 0.6597216 1.426801 -0.1992172 1.063894 1.511732 -0.1896725 1.402012 1.590845 -0.02295254 0.6705222 1.476316 -0.002360029 1.082803 1.478413 -0.03542469 1.407226 1.600495  O_Hello_SoClose
-0.07806472 -0.01371932 1.478099 -0.1563065 0.07704103 1.482779 -0.3480822 0.3137347 1.515152 -0.4264943 0.607245 1.462135 -0.02254979 0.08522952 1.517121 0.2983596 0.05918372 1.430807 0.3785822 -0.2369937 1.400022 -0.0944147 0.2209171 1.485917 -0.2017052 0.6600236 1.425198 -0.1993725 1.063809 1.511955 -0.1894846 1.402022 1.590618 -0.02296601 0.6708533 1.47456 -0.003017051 1.083145 1.479168 -0.03551118 1.407657 1.601168  O_Hello_SoClose
-0.07843684 -0.0134846 1.477781 -0.1566387 0.07731402 1.482389 -0.3481709 0.3141686 1.51408 -0.4261274 0.6078199 1.461173 -0.02285944 0.08549106 1.516645 0.2960959 0.05845082 1.425455 0.3621682 -0.2408732 1.391632 -0.09468596 0.2211684 1.485309 -0.2018299 0.6602415 1.424092 -0.1992984 1.063924 1.51132 -0.1892317 1.402044 1.590361 -0.02305864 0.6710603 1.47334 -0.003556414 1.083348 1.4798 -0.03559403 1.407938 1.601714  O_Hello_SoClose
-0.07909726 -0.01326048 1.475987 -0.1572341 0.07759309 1.480614 -0.348277 0.3146412 1.511785 -0.4252993 0.6085615 1.459003 -0.02345894 0.0856564 1.514914 0.2936738 0.05795658 1.419156 0.3427028 -0.2442275 1.381936 -0.0951771 0.2214009 1.48362 -0.2019821 0.6605805 1.422575 -0.1992529 1.064115 1.51048 -0.1889957 1.402104 1.590055 -0.02321748 0.6712458 1.47188 -0.003968282 1.083519 1.479856 -0.03546987 1.408034 1.602108  O_Hello_SoClose
-0.08019297 -0.01302779 1.472257 -0.1582472 0.07789445 1.476928 -0.3485045 0.315176 1.507491 -0.4241019 0.6095181 1.455001 -0.02451859 0.08576226 1.511454 0.290061 0.05741262 1.40957 0.3123929 -0.2473596 1.368101 -0.09605305 0.2216349 1.480295 -0.2023275 0.6610313 1.419888 -0.1984055 1.065132 1.505104 -0.1884136 1.402095 1.588949 -0.02363066 0.671429 1.469495 -0.00448565 1.083672 1.479141 -0.03533302 1.40795 1.602186  O_Hello_SoClose
-0.08114092 -0.0129472 1.468421 -0.1591468 0.07801414 1.473139 -0.3487566 0.3154188 1.503406 -0.4232406 0.6101025 1.451242 -0.02549313 0.08570826 1.507992 0.2874058 0.05721247 1.402122 0.2885955 -0.2480029 1.358003 -0.09686743 0.2217051 1.477008 -0.2027173 0.6613202 1.417454 -0.1969905 1.066548 1.497031 -0.1876404 1.401819 1.587474 -0.02412872 0.6714773 1.467498 -0.004794581 1.083694 1.47783 -0.0352789 1.40767 1.601757  O_Hello_SoClose
-0.08224599 -0.01280165 1.461786 -0.1602474 0.078161 1.466553 -0.3488566 0.3155977 1.49661 -0.42214 0.6106821 1.445014 -0.02676241 0.08564925 1.502091 0.2842189 0.05768239 1.391344 0.2520026 -0.2455285 1.345195 -0.09794573 0.2218125 1.471401 -0.2033771 0.6617361 1.413401 -0.1959625 1.067829 1.48829 -0.187211 1.401182 1.585619 -0.02503077 0.6716017 1.46436 -0.00501476 1.083773 1.475217 -0.03548078 1.407099 1.600833  O_Hello_SoClose
-0.08278863 -0.01272142 1.458213 -0.1608134 0.07822061 1.462992 -0.3488265 0.3156325 1.492874 -0.4216847 0.6108879 1.441654 -0.02743302 0.08562899 1.498937 0.2825091 0.05820012 1.385473 0.2298592 -0.2421312 1.339283 -0.09854178 0.2218652 1.468398 -0.2038523 0.6619288 1.411247 -0.1957252 1.068289 1.484599 -0.1871412 1.400802 1.584772 -0.02565573 0.6716787 1.462749 -0.005128188 1.083819 1.473814 -0.03567074 1.406833 1.600215  O_Hello_SoClose
-0.08318679 -0.0126543 1.455431 -0.1612543 0.07825124 1.460205 -0.3487297 0.3156093 1.489857 -0.4214481 0.6109644 1.439016 -0.02796779 0.08562779 1.496504 0.2811055 0.05885208 1.380678 0.2096156 -0.2377032 1.335417 -0.09904526 0.2219049 1.466074 -0.2043601 0.6620538 1.409593 -0.1958229 1.068479 1.482533 -0.1872503 1.400527 1.584243 -0.02629785 0.6717536 1.461566 -0.005231543 1.083863 1.472752 -0.03589366 1.406687 1.599609  O_Hello_SoClose
-0.08358519 -0.01259899 1.453504 -0.161691 0.07827461 1.458259 -0.3486345 0.3155988 1.487616 -0.4213648 0.6110306 1.437239 -0.02848135 0.08563697 1.494841 0.2796458 0.05948341 1.376559 0.1898151 -0.2322905 1.332938 -0.09953944 0.2219385 1.464476 -0.2048775 0.6621409 1.408456 -0.196139 1.068491 1.481788 -0.1874045 1.400385 1.583986 -0.02692489 0.6718163 1.460809 -0.005389972 1.083898 1.472126 -0.03614883 1.406623 1.599211  O_Hello_SoClose
-0.08408861 -0.0125407 1.452795 -0.1622345 0.07830131 1.457494 -0.3485163 0.3156264 1.486344 -0.4215493 0.6111138 1.436737 -0.02908633 0.08568335 1.494295 0.2776942 0.06024802 1.372706 0.1655827 -0.2242032 1.332419 -0.1001445 0.2219826 1.46392 -0.2055502 0.6621901 1.408067 -0.1969956 1.068157 1.483514 -0.1877263 1.400496 1.584206 -0.02768539 0.6718891 1.460713 -0.005703969 1.083943 1.472216 -0.03653876 1.406729 1.599126  O_Hello_SoClose
-0.08476834 -0.01247704 1.454369 -0.1629086 0.07837403 1.458988 -0.3485152 0.3158377 1.487163 -0.4220983 0.6113552 1.438558 -0.02976034 0.08578014 1.495783 0.2752689 0.06081724 1.370382 0.1424548 -0.2151421 1.33417 -0.1008097 0.222057 1.465288 -0.2061877 0.6622217 1.409047 -0.1984859 1.067273 1.489348 -0.1881218 1.400987 1.585274 -0.02832268 0.671956 1.461685 -0.006220801 1.083992 1.473572 -0.03684578 1.407148 1.59959  O_Hello_SoClose
-0.085434 -0.01242089 1.456695 -0.1635475 0.07845676 1.461241 -0.3485999 0.3160993 1.488785 -0.4226229 0.6116616 1.441129 -0.03036801 0.08588314 1.49792 0.272996 0.06120133 1.369164 0.124242 -0.2070088 1.336915 -0.1014071 0.222133 1.46728 -0.206718 0.6622412 1.410473 -0.1999395 1.066287 1.495771 -0.1885124 1.40143 1.586448 -0.02880864 0.6720077 1.462955 -0.006753726 1.084034 1.475257 -0.03704778 1.407649 1.600172  O_Hello_SoClose
-0.08680825 -0.01234031 1.462007 -0.1648224 0.07862544 1.466497 -0.3491947 0.3166857 1.493043 -0.4233811 0.6124425 1.446872 -0.0315067 0.08606315 1.502676 0.2691544 0.06170416 1.368906 0.1020004 -0.1960548 1.341993 -0.1025303 0.2222655 1.471789 -0.2076419 0.6622598 1.413745 -0.2018186 1.064863 1.505675 -0.1887257 1.402029 1.588268 -0.02953838 0.6720541 1.465559 -0.007832212 1.084072 1.478752 -0.03709505 1.40881 1.600967  O_Hello_SoClose
-0.08850573 -0.01234221 1.466043 -0.1664068 0.07871914 1.470557 -0.350498 0.3171329 1.496738 -0.4235538 0.6133922 1.452006 -0.0329626 0.08610749 1.506269 0.2657987 0.06233191 1.369007 0.0870374 -0.1878085 1.344953 -0.1039434 0.2223051 1.475263 -0.2087777 0.6622593 1.416419 -0.2020678 1.064866 1.508277 -0.1878978 1.402447 1.588973 -0.03049086 0.6719968 1.46761 -0.009150846 1.083984 1.482269 -0.0376185 1.409765 1.601869  O_Hello_SoClose
-0.08987163 -0.01232946 1.467093 -0.1676904 0.07879794 1.471694 -0.3517987 0.3173717 1.497882 -0.4227255 0.6141942 1.453459 -0.03420452 0.08606851 1.507274 0.2641599 0.06311846 1.368957 0.08084191 -0.1836869 1.344747 -0.1050997 0.22233 1.476354 -0.2096163 0.6623797 1.417659 -0.2020658 1.065213 1.508452 -0.1873046 1.40272 1.58935 -0.03127049 0.6719595 1.468674 -0.01004778 1.083898 1.484793 -0.03830801 1.410307 1.602717  O_Hello_SoClose
-0.0910127 -0.0122875 1.466672 -0.1687649 0.0788908 1.471392 -0.3529551 0.317529 1.497657 -0.4217902 0.614836 1.453185 -0.03527532 0.08601558 1.506987 0.263171 0.06396365 1.36831 0.07793655 -0.1812861 1.34291 -0.1060693 0.2223705 1.476247 -0.210261 0.6625754 1.418142 -0.2021653 1.065472 1.508603 -0.1869707 1.402919 1.589676 -0.03191046 0.6719558 1.469177 -0.01063625 1.083846 1.486419 -0.03882686 1.410694 1.603139  O_Hello_SoClose
-0.09178452 -0.01223838 1.465658 -0.1694929 0.07897151 1.470485 -0.3537731 0.3176147 1.496838 -0.4210086 0.6152617 1.452192 -0.03601811 0.085971 1.50616 0.2627069 0.06464398 1.367513 0.07718427 -0.1802374 1.3407 -0.106727 0.2224115 1.475605 -0.2106654 0.6627626 1.418157 -0.2022981 1.065622 1.508759 -0.1868503 1.403039 1.589908 -0.03233657 0.6719699 1.4693 -0.01094274 1.083824 1.487236 -0.03913955 1.410924 1.603249  O_Hello_SoClose
-0.09301661 -0.01210475 1.462891 -0.1706583 0.07914984 1.467942 -0.3549764 0.3177562 1.494238 -0.4198604 0.6158117 1.448846 -0.03723035 0.08590889 1.503838 0.2621919 0.06595743 1.365434 0.07871826 -0.1800412 1.334994 -0.1077841 0.2225187 1.473684 -0.2112826 0.6631635 1.417713 -0.2025719 1.065886 1.508889 -0.1868144 1.403182 1.590482 -0.03302149 0.6720367 1.46915 -0.0112692 1.083834 1.487951 -0.03949104 1.411108 1.603461  O_Hello_SoClose
-0.09460936 -0.01181269 1.458298 -0.1721659 0.07949579 1.463673 -0.3562608 0.3180549 1.489322 -0.4186474 0.6162802 1.441602 -0.03880839 0.08592021 1.499892 0.2618245 0.06814444 1.361964 0.08646847 -0.1827751 1.324627 -0.1091539 0.2227648 1.470322 -0.2120693 0.6638138 1.416499 -0.2030161 1.066313 1.508625 -0.1869793 1.403398 1.591027 -0.03390996 0.6722213 1.468366 -0.01157866 1.08395 1.487965 -0.03973786 1.411069 1.603932  O_Hello_SoClose
-0.09521054 -0.01164305 1.456524 -0.1727343 0.079687 1.462004 -0.356666 0.3182433 1.487164 -0.4183338 0.6163657 1.437893 -0.03940181 0.08599269 1.498335 0.2618371 0.06914079 1.360731 0.0924613 -0.1853303 1.31998 -0.1096694 0.2229185 1.468955 -0.2123657 0.6641045 1.415843 -0.2032219 1.066531 1.508277 -0.1871272 1.403543 1.590965 -0.03424249 0.6723471 1.46786 -0.01168988 1.084057 1.487594 -0.03972719 1.411007 1.604065  O_Hello_SoClose
-0.09577642 -0.01136339 1.455196 -0.1732676 0.07999372 1.460688 -0.3570322 0.3185737 1.485045 -0.4183548 0.6163179 1.433127 -0.0399584 0.08621967 1.497117 0.2622499 0.07026601 1.360373 0.1049472 -0.191099 1.315112 -0.1101506 0.223195 1.467788 -0.2126335 0.6644604 1.414925 -0.2034987 1.066871 1.507429 -0.1874537 1.403855 1.590244 -0.03454391 0.672594 1.467073 -0.01179664 1.084309 1.486484 -0.0394486 1.411016 1.603726  O_Hello_SoClose
-0.09588961 -0.01117778 1.455322 -0.1733705 0.08019221 1.460741 -0.3571794 0.3187981 1.484782 -0.4184274 0.6163037 1.431429 -0.04006545 0.08642662 1.497185 0.2629065 0.0706743 1.361477 0.1148395 -0.1956296 1.313908 -0.1102371 0.2233906 1.467754 -0.2126593 0.6646329 1.414581 -0.2036202 1.067063 1.507008 -0.1876842 1.404057 1.589803 -0.03457586 0.67278 1.466748 -0.01181231 1.084512 1.485784 -0.03920625 1.411051 1.603555  O_Hello_SoClose
-0.09593229 -0.0108881 1.456048 -0.173403 0.08049977 1.461312 -0.3573645 0.3191516 1.484974 -0.4185757 0.6162839 1.429538 -0.04009859 0.08677959 1.497751 0.2641232 0.07113504 1.363928 0.131492 -0.2026561 1.313412 -0.1102535 0.2237023 1.468089 -0.2126234 0.6648671 1.414176 -0.2037822 1.067345 1.506416 -0.1880578 1.40437 1.589124 -0.03454087 0.6730808 1.466337 -0.01181184 1.084845 1.484698 -0.03878693 1.411114 1.603308  O_Hello_SoClose
-0.09530823 -0.01042831 1.459047 -0.1727934 0.08096564 1.46398 -0.3574975 0.3196684 1.487968 -0.4184003 0.6164433 1.430321 -0.03946016 0.08743036 1.50028 0.2674684 0.07181811 1.371055 0.1650337 -0.2139032 1.316512 -0.1096681 0.2242092 1.470084 -0.2121743 0.6651155 1.414347 -0.2037778 1.067679 1.506253 -0.188481 1.404772 1.588764 -0.03405027 0.6735913 1.466323 -0.01149635 1.085428 1.483214 -0.03805123 1.411256 1.603126  O_Hello_SoClose
-0.09440695 -0.01004982 1.462751 -0.1719364 0.08132386 1.467353 -0.3576483 0.3199871 1.492386 -0.4185371 0.6166133 1.433966 -0.03857915 0.08801281 1.503524 0.2713864 0.07276094 1.379689 0.2001633 -0.2218444 1.322773 -0.1088818 0.224625 1.472799 -0.2116616 0.6652363 1.415263 -0.2036404 1.06793 1.506631 -0.1886843 1.405138 1.588733 -0.03350286 0.6740264 1.467068 -0.01099507 1.08594 1.482026 -0.03753303 1.411483 1.602714  O_Hello_SoClose
-0.09353869 -0.009702444 1.466898 -0.1711268 0.08163846 1.47115 -0.3580528 0.3201774 1.49776 -0.4191756 0.6168005 1.439568 -0.03776548 0.08856022 1.507262 0.2759684 0.07421422 1.390387 0.2401343 -0.2266389 1.332874 -0.1081646 0.2250015 1.476003 -0.211246 0.6653099 1.416714 -0.2035156 1.068173 1.507359 -0.188821 1.405533 1.58888 -0.03308092 0.6744252 1.46844 -0.01041417 1.086412 1.480957 -0.03724323 1.411719 1.602214  O_Hello_SoClose
-0.0929458 -0.009425759 1.470813 -0.1705926 0.08187985 1.474738 -0.3587418 0.3202226 1.503196 -0.420342 0.6169567 1.446084 -0.03725521 0.08899677 1.510901 0.280562 0.07609355 1.402031 0.2801273 -0.2272019 1.346209 -0.1077216 0.2252963 1.479179 -0.2110427 0.6653538 1.418461 -0.2034678 1.0684 1.508298 -0.1889173 1.405925 1.589163 -0.0329114 0.6747406 1.470256 -0.009852571 1.086777 1.48013 -0.03723494 1.411897 1.601766  O_Hello_SoClose
-0.09319453 -0.009287834 1.473112 -0.170862 0.0820086 1.476832 -0.3597122 0.3202083 1.506783 -0.4221008 0.6169995 1.450835 -0.03759901 0.08916354 1.513261 0.2842112 0.07845867 1.412493 0.3113084 -0.2241309 1.359486 -0.1080204 0.2254363 1.481324 -0.2112807 0.6654474 1.420168 -0.2036472 1.068652 1.509288 -0.1890696 1.406311 1.589584 -0.03325574 0.6748866 1.472318 -0.009448631 1.086929 1.479932 -0.0374525 1.4119 1.601822  O_Hello_SoClose
-0.09399186 -0.009170651 1.475194 -0.1716622 0.08213139 1.478718 -0.3611327 0.3201729 1.510457 -0.4244159 0.6170334 1.455899 -0.03851466 0.08925331 1.515573 0.2880202 0.08164394 1.425434 0.3477385 -0.2171214 1.377711 -0.1088216 0.2255505 1.483489 -0.2118461 0.6656053 1.42225 -0.2040561 1.069003 1.510478 -0.1893823 1.406824 1.590077 -0.03398655 0.6749986 1.474969 -0.008979781 1.087013 1.47973 -0.03770123 1.411797 1.60195  O_Hello_SoClose
-0.09590559 -0.009114981 1.476072 -0.1735338 0.08222675 1.479488 -0.3632281 0.3201597 1.513174 -0.4273956 0.6171044 1.460129 -0.04056851 0.08914721 1.517033 0.2911515 0.08583403 1.440313 0.3856226 -0.2050507 1.400746 -0.1106257 0.225589 1.485017 -0.213058 0.6658984 1.424619 -0.2049126 1.069515 1.511807 -0.1899982 1.40751 1.590615 -0.0354595 0.6750119 1.478259 -0.008507295 1.086928 1.479615 -0.03794567 1.411493 1.60225  O_Hello_SoClose
-0.09807687 -0.009170532 1.475162 -0.1756567 0.08221102 1.478618 -0.3651562 0.3201042 1.513616 -0.429522 0.617183 1.46157 -0.04283981 0.08889413 1.516727 0.2918087 0.0888629 1.448535 0.4070583 -0.1951513 1.414509 -0.1126748 0.2255074 1.484957 -0.2145652 0.6661178 1.425854 -0.2049608 1.070688 1.508345 -0.1902401 1.407929 1.590355 -0.03717903 0.6749009 1.480246 -0.008475227 1.0867 1.479145 -0.03821186 1.411071 1.602219  O_Hello_SoClose
-0.1011272 -0.009225488 1.473624 -0.1786415 0.08220851 1.477157 -0.3677999 0.3200456 1.513845 -0.4323991 0.6172912 1.463057 -0.04602556 0.08856177 1.516014 0.2918411 0.09282386 1.458953 0.4327173 -0.1803249 1.433497 -0.1155646 0.2254096 1.484607 -0.2167356 0.6664277 1.427336 -0.2048749 1.072276 1.502973 -0.1905817 1.408321 1.589826 -0.03963665 0.6747511 1.482728 -0.008464141 1.086349 1.478373 -0.03854124 1.410458 1.602053  O_Hello_SoClose
-0.1042482 -0.009234309 1.471688 -0.1817111 0.08223891 1.475333 -0.3703334 0.3200653 1.513244 -0.4350231 0.617416 1.46319 -0.04926 0.0883038 1.514794 0.2906576 0.09661913 1.465412 0.4515924 -0.1657352 1.446058 -0.1185637 0.225355 1.483756 -0.2191674 0.6667227 1.428204 -0.2047837 1.073678 1.497158 -0.1909013 1.408381 1.58911 -0.04230396 0.6746439 1.484401 -0.008692307 1.086011 1.477279 -0.03886257 1.409891 1.601534  O_Hello_SoClose
-0.1092712 -0.009088397 1.469666 -0.1866952 0.08241498 1.473383 -0.3744548 0.3202406 1.512823 -0.4398412 0.6175687 1.463547 -0.05443351 0.08820307 1.513515 0.2877544 0.1031049 1.473335 0.4766293 -0.1404189 1.462079 -0.1235025 0.2254481 1.482812 -0.2235671 0.6671455 1.428933 -0.20562 1.075052 1.491101 -0.1916003 1.408207 1.588492 -0.04697363 0.6746802 1.486025 -0.009544594 1.085634 1.475105 -0.03970275 1.409273 1.599992  O_Hello_SoClose
-0.1117296 -0.008948207 1.469541 -0.1891485 0.08256125 1.473211 -0.376541 0.3204186 1.51317 -0.4426279 0.6176472 1.464229 -0.05692838 0.08832109 1.513484 0.2860318 0.106554 1.476204 0.4865191 -0.1276271 1.467932 -0.1259517 0.2255847 1.482762 -0.2259165 0.6673126 1.428948 -0.2064701 1.075413 1.489366 -0.1919148 1.408131 1.588164 -0.04938231 0.674808 1.486228 -0.01018904 1.085561 1.474008 -0.04026399 1.409085 1.599211  O_Hello_SoClose
-0.1145627 -0.008735657 1.470122 -0.1919815 0.08277869 1.473672 -0.3790125 0.3207045 1.514068 -0.4461835 0.6177621 1.465567 -0.05976919 0.08858323 1.513965 0.2838997 0.1107628 1.478952 0.4963381 -0.1127183 1.473436 -0.1287851 0.2258123 1.483072 -0.2287351 0.6674794 1.428733 -0.2077159 1.075672 1.48799 -0.1922125 1.408098 1.587623 -0.05221204 0.6750386 1.48604 -0.01107655 1.08557 1.472797 -0.04100959 1.408937 1.598436  O_Hello_SoClose
-0.1164622 -0.008542895 1.470773 -0.1938627 0.08299029 1.474235 -0.3807055 0.3210322 1.514729 -0.448766 0.617972 1.46675 -0.06161014 0.08884525 1.514388 0.2824897 0.1141829 1.480056 0.5016909 -0.1026914 1.475508 -0.1306341 0.2260302 1.483317 -0.230566 0.6676156 1.428286 -0.2086308 1.075782 1.487391 -0.1922583 1.408072 1.587338 -0.05398576 0.6752485 1.485406 -0.01173691 1.085664 1.472088 -0.04148171 1.408888 1.598143  O_Hello_SoClose
-0.1186964 -0.008286715 1.47157 -0.1960679 0.08327484 1.474929 -0.3827017 0.3214725 1.515494 -0.4518303 0.6182804 1.46823 -0.06375878 0.08918667 1.514886 0.2807957 0.1184319 1.481219 0.5075218 -0.09058225 1.477648 -0.1327891 0.2263182 1.483596 -0.2326797 0.6678029 1.427688 -0.2096932 1.075927 1.486688 -0.1922612 1.408045 1.587027 -0.05601923 0.6755197 1.484548 -0.01252429 1.085808 1.471299 -0.042038 1.408849 1.597874  O_Hello_SoClose
-0.1206055 -0.008005977 1.47216 -0.1978983 0.08362472 1.475444 -0.3844131 0.3220606 1.515895 -0.4545034 0.6188259 1.469794 -0.06551211 0.08952546 1.515147 0.2794691 0.1233482 1.481646 0.5119638 -0.07923281 1.478251 -0.1344908 0.226638 1.483659 -0.2341337 0.6680689 1.426892 -0.2103371 1.076186 1.485623 -0.1920244 1.407945 1.586985 -0.05736409 0.6757792 1.483413 -0.01323984 1.086026 1.471002 -0.04256986 1.408831 1.59822  O_Hello_SoClose
-0.1221047 -0.007756829 1.47311 -0.199298 0.08396196 1.476273 -0.3856814 0.322681 1.516444 -0.4563902 0.6194536 1.471348 -0.06685065 0.08982384 1.515777 0.2784462 0.1278137 1.482359 0.5152673 -0.06968999 1.478833 -0.1357311 0.2269292 1.484044 -0.2349964 0.668321 1.426319 -0.2106031 1.076491 1.484429 -0.1916443 1.407903 1.586804 -0.05814032 0.6759881 1.482575 -0.01367406 1.086216 1.470783 -0.04293833 1.408816 1.598537  O_Hello_SoClose
-0.1235951 -0.007463455 1.475045 -0.2006126 0.08441114 1.477963 -0.3867874 0.3236067 1.517468 -0.4578471 0.6204702 1.473535 -0.06810288 0.09017324 1.517273 0.2774945 0.1334637 1.483812 0.5183478 -0.05908799 1.479577 -0.1367684 0.2272872 1.485114 -0.2352836 0.6686444 1.425859 -0.2103809 1.076988 1.482518 -0.1908607 1.40792 1.58633 -0.05833999 0.6761913 1.481855 -0.01384668 1.086432 1.4706 -0.04320596 1.408785 1.598953  O_Hello_SoClose
-0.125681 -0.006838918 1.483607 -0.2022758 0.08541739 1.485378 -0.3879996 0.3258327 1.52242 -0.4589436 0.6229478 1.480028 -0.06972979 0.09106982 1.52458 0.2759637 0.1462688 1.489818 0.5224481 -0.03887534 1.481367 -0.1377756 0.2280782 1.490701 -0.2342846 0.6690955 1.425876 -0.2090687 1.077939 1.478656 -0.1888418 1.408188 1.584488 -0.05729209 0.6765406 1.48173 -0.01315121 1.086797 1.469684 -0.04320465 1.408705 1.598987  O_Hello_SoClose
-0.1261325 -0.006554127 1.489293 -0.2025712 0.08584332 1.490289 -0.388238 0.3267571 1.52592 -0.4590566 0.6239311 1.483732 -0.07004623 0.09157395 1.529551 0.2752715 0.153145 1.493122 0.5230022 -0.030123 1.481009 -0.1378319 0.2284313 1.494558 -0.2335376 0.6690965 1.426242 -0.2084694 1.078136 1.477558 -0.1881194 1.408225 1.583863 -0.05657623 0.6766731 1.482178 -0.01261471 1.086913 1.468971 -0.04305724 1.408694 1.598501  O_Hello_SoClose
-0.1267096 -0.006112218 1.496865 -0.2029421 0.08646059 1.496828 -0.3885389 0.3280069 1.530581 -0.4591995 0.6252525 1.488634 -0.07044582 0.0922997 1.536171 0.2739846 0.1623763 1.497381 0.5231968 -0.0184567 1.480144 -0.1378879 0.2289404 1.499699 -0.2325346 0.6690912 1.426749 -0.2076597 1.078376 1.476167 -0.1871035 1.408258 1.583073 -0.05561541 0.6768486 1.482793 -0.01187812 1.087059 1.468025 -0.04281745 1.408672 1.597855  O_Hello_SoClose
-0.1268434 -0.005389929 1.509313 -0.2028781 0.08732986 1.507606 -0.3886396 0.3295661 1.538491 -0.4592401 0.6267747 1.496181 -0.07043605 0.09354317 1.547075 0.2707905 0.1799699 1.501924 0.5201994 0.001002073 1.472425 -0.137525 0.2297003 1.50822 -0.2311097 0.6687758 1.427801 -0.2066557 1.078285 1.475539 -0.185839 1.408077 1.582674 -0.05426888 0.6770915 1.484013 -0.01071207 1.087205 1.466316 -0.04222493 1.408555 1.596658  O_Hello_SoClose
-0.1268291 -0.004852533 1.517806 -0.202741 0.08794081 1.514992 -0.3885969 0.3305897 1.544007 -0.4591559 0.627721 1.50109 -0.07032506 0.09442496 1.554505 0.2669835 0.1939148 1.503477 0.5152605 0.01553631 1.462931 -0.1372025 0.2302244 1.514065 -0.2301441 0.6684904 1.428642 -0.2059579 1.078147 1.475238 -0.1850086 1.407943 1.582335 -0.05334113 0.6772073 1.484911 -0.009848757 1.087228 1.465034 -0.04167364 1.408384 1.595777  O_Hello_SoClose
-0.1267558 -0.004341722 1.525159 -0.2025659 0.08850133 1.5214 -0.3884946 0.331477 1.548831 -0.4590176 0.6285181 1.505235 -0.07016782 0.09522545 1.560932 0.2624414 0.2066848 1.504181 0.5088766 0.0285033 1.452943 -0.1368736 0.2306989 1.519139 -0.2292895 0.668218 1.429422 -0.2053243 1.077998 1.475035 -0.1842779 1.407825 1.582017 -0.05251245 0.6772891 1.485717 -0.009047372 1.087213 1.463875 -0.04109935 1.408195 1.59499  O_Hello_SoClose
-0.1267007 -0.003597498 1.535159 -0.2023435 0.08933067 1.530292 -0.3881592 0.3327957 1.555999 -0.458725 0.6296299 1.511083 -0.06989221 0.09631228 1.569601 0.2527359 0.2267867 1.502759 0.4954165 0.05004799 1.432233 -0.1363916 0.2313657 1.526152 -0.2280936 0.6678762 1.430959 -0.2044741 1.077862 1.474873 -0.1834163 1.40766 1.581941 -0.05124186 0.677336 1.486955 -0.007807774 1.087098 1.462208 -0.04020373 1.407747 1.59405  O_Hello_SoClose
-0.1266333 -0.002992272 1.542311 -0.202146 0.09000027 1.536711 -0.3878087 0.3338244 1.561321 -0.4584405 0.630478 1.515328 -0.06963091 0.09713924 1.575775 0.243434 0.2416598 1.501202 0.4821609 0.06620848 1.415582 -0.1359913 0.2318946 1.531203 -0.2271826 0.6676663 1.432209 -0.2038176 1.077807 1.474788 -0.1827756 1.407559 1.582002 -0.0502405 0.6773675 1.487877 -0.006821198 1.086995 1.460973 -0.03945796 1.407372 1.593417  O_Hello_SoClose
-0.126442 -0.002507925 1.549534 -0.2017852 0.09060621 1.543676 -0.386859 0.3349036 1.568423 -0.4579486 0.6311073 1.520286 -0.06901996 0.0977509 1.581881 0.2270824 0.2619276 1.496434 0.4629119 0.09704232 1.38552 -0.1353569 0.2323067 1.536676 -0.2262012 0.6675061 1.434885 -0.2032388 1.077895 1.475235 -0.1823045 1.407668 1.582407 -0.04890339 0.6772421 1.489404 -0.005579991 1.086718 1.460144 -0.03891979 1.406822 1.593073  O_Hello_SoClose
-0.1262332 -0.001872659 1.554668 -0.2014483 0.09134054 1.54874 -0.3860142 0.3359927 1.573876 -0.4575142 0.6317974 1.523927 -0.06846468 0.09845185 1.586184 0.2161828 0.2720871 1.492666 0.4452506 0.1095207 1.36537 -0.1348177 0.2328877 1.540646 -0.2254732 0.6677137 1.437106 -0.2028261 1.078288 1.475713 -0.1819472 1.408118 1.582719 -0.04786448 0.6774232 1.490608 -0.004646821 1.086788 1.45969 -0.03858785 1.406736 1.592842  O_Hello_SoClose
-0.1257889 -0.001654148 1.557968 -0.2009021 0.09167099 1.552532 -0.384823 0.3366026 1.57927 -0.4566739 0.6318933 1.526846 -0.06760089 0.09862208 1.58886 0.2027282 0.2826281 1.487229 0.4276895 0.1334677 1.338072 -0.1341157 0.2330996 1.543684 -0.2249356 0.6679236 1.440279 -0.2026017 1.078666 1.477243 -0.1816637 1.408792 1.583321 -0.04687331 0.6774238 1.49229 -0.003924353 1.08676 1.460628 -0.03868208 1.40689 1.59313  O_Hello_SoClose
-0.1247087 -0.001848936 1.561122 -0.199697 0.09165049 1.557154 -0.3824908 0.3368955 1.587678 -0.4541613 0.6313447 1.53049 -0.06578039 0.09823775 1.591216 0.1792529 0.296573 1.477743 0.3950935 0.1831336 1.288934 -0.1327587 0.2329509 1.547448 -0.2243674 0.6681798 1.446472 -0.2025846 1.0791 1.48175 -0.1812488 1.410083 1.58504 -0.04542313 0.677187 1.495455 -0.003444416 1.086667 1.464348 -0.03912143 1.407816 1.594111  O_Hello_SoClose
-0.1238136 -0.002543688 1.560499 -0.198759 0.09104264 1.558066 -0.3807844 0.3363249 1.591923 -0.4511811 0.6303606 1.531137 -0.06439774 0.09731424 1.590392 0.1643748 0.3030934 1.471049 0.3715864 0.228946 1.255017 -0.1318205 0.2323387 1.548298 -0.2243422 0.6682286 1.451075 -0.2029272 1.079144 1.486637 -0.1810753 1.411003 1.586967 -0.04475776 0.6767939 1.49774 -0.004010124 1.08658 1.469129 -0.03963999 1.409189 1.595231  O_Hello_SoClose
-0.1232355 -0.003379226 1.557954 -0.19818 0.09023273 1.556828 -0.3797208 0.3354143 1.593155 -0.4482156 0.629382 1.529917 -0.0635386 0.09626067 1.588014 0.1559498 0.3061993 1.466423 0.356143 0.2701285 1.234634 -0.1313007 0.2315832 1.54745 -0.2245828 0.6681493 1.454063 -0.2033761 1.078949 1.491054 -0.1810342 1.411541 1.588817 -0.04459338 0.676365 1.499206 -0.005118473 1.086496 1.473957 -0.04008863 1.410647 1.596233  O_Hello_SoClose
-0.1228534 -0.004320621 1.554396 -0.1977985 0.08929777 1.554496 -0.3789232 0.3343401 1.592943 -0.4451644 0.6283925 1.527729 -0.0629469 0.09508681 1.584807 0.148974 0.3088108 1.462785 0.3407973 0.3133665 1.221357 -0.1309765 0.2307153 1.54574 -0.2248686 0.6679817 1.456326 -0.2038561 1.078622 1.49516 -0.1810863 1.411891 1.590485 -0.04457478 0.6758516 1.5003 -0.006516023 1.086342 1.479016 -0.04036776 1.41199 1.59757  O_Hello_SoClose
-0.1227184 -0.005489469 1.548898 -0.1976745 0.08810985 1.550266 -0.3784426 0.3329443 1.5906 -0.4416874 0.6273164 1.523872 -0.06267826 0.09363008 1.579978 0.1433714 0.3112599 1.459754 0.3253964 0.364748 1.216628 -0.1309147 0.2296176 1.542554 -0.2252979 0.667711 1.457828 -0.2044788 1.078098 1.499349 -0.1812934 1.412064 1.592101 -0.04479389 0.675188 1.501002 -0.008564038 1.086086 1.485076 -0.04055957 1.413379 1.599545  O_Hello_SoClose
-0.122912 -0.006908536 1.541126 -0.19788 0.08665359 1.543786 -0.3782993 0.3312281 1.58575 -0.4378041 0.6262439 1.518426 -0.06282882 0.09183204 1.57331 0.1379002 0.3145857 1.458338 0.3059017 0.4257313 1.224829 -0.1311568 0.2282572 1.537689 -0.2257678 0.6673424 1.458534 -0.2051087 1.077416 1.50311 -0.1815619 1.412032 1.593397 -0.04518394 0.6743203 1.501456 -0.01114695 1.085608 1.492123 -0.04057936 1.414701 1.602029  O_Hello_SoClose
-0.1234541 -0.008428097 1.53119 -0.1984407 0.08507717 1.535053 -0.3785516 0.3293515 1.578181 -0.4338381 0.6253406 1.511537 -0.06344955 0.08984363 1.564918 0.1330866 0.3185531 1.459045 0.2826945 0.4897592 1.250693 -0.1317258 0.2267618 1.531137 -0.2262412 0.666935 1.458152 -0.205688 1.076653 1.50594 -0.1818547 1.411803 1.594147 -0.04574452 0.6733121 1.501531 -0.01417832 1.084899 1.499675 -0.04053335 1.415809 1.604803  O_Hello_SoClose
-0.1240983 -0.009585977 1.521044 -0.1991394 0.0838412 1.525663 -0.3791037 0.327788 1.569192 -0.4303058 0.6252924 1.506128 -0.06436215 0.08822703 1.556536 0.1312031 0.3225909 1.463694 0.2641473 0.5365725 1.285812 -0.1324431 0.2255807 1.524158 -0.2265831 0.6666926 1.456553 -0.2060227 1.076231 1.505851 -0.1820718 1.411337 1.594191 -0.04639653 0.6725135 1.50128 -0.01638935 1.084208 1.504554 -0.04054407 1.416132 1.60698  O_Hello_SoClose
-0.1245712 -0.01046264 1.511219 -0.1996778 0.08287311 1.516564 -0.3794931 0.3264723 1.560514 -0.4271443 0.6253924 1.501492 -0.0651096 0.08689559 1.548383 0.1295828 0.3258226 1.468135 0.2462503 0.5709762 1.321872 -0.1330286 0.2246406 1.517356 -0.2268921 0.6665714 1.454911 -0.2062791 1.075998 1.505108 -0.1821977 1.410932 1.594062 -0.04700772 0.6718611 1.500901 -0.01814394 1.083587 1.508095 -0.04062675 1.416216 1.608597  O_Hello_SoClose
-0.1249655 -0.01122415 1.498557 -0.2001834 0.0819639 1.504834 -0.3798039 0.3250483 1.549411 -0.4236339 0.6257323 1.496728 -0.06588541 0.08553779 1.537827 0.1280698 0.3290213 1.473683 0.2277232 0.599863 1.364971 -0.1336489 0.223739 1.508537 -0.2273241 0.6665912 1.452684 -0.2065489 1.076015 1.502833 -0.1822528 1.410438 1.593636 -0.04782949 0.6712239 1.500242 -0.01961373 1.082936 1.510287 -0.04077832 1.415928 1.609865  O_Hello_SoClose
-0.124909 -0.0115906 1.488328 -0.2002204 0.08145404 1.495541 -0.3796488 0.3240499 1.541127 -0.4213134 0.6259955 1.494218 -0.06606834 0.08467019 1.529158 0.1263693 0.3307823 1.475334 0.2156723 0.6135695 1.390713 -0.1338047 0.2232102 1.501449 -0.2275577 0.6667153 1.451188 -0.2067336 1.076208 1.500755 -0.1822449 1.410128 1.593336 -0.04827283 0.670823 1.499578 -0.0200942 1.082514 1.510543 -0.0407506 1.415453 1.610405  O_Hello_SoClose
-0.124842 -0.01175344 1.481015 -0.2002202 0.08118117 1.488916 -0.379504 0.3234085 1.535278 -0.4199034 0.6261507 1.492586 -0.06616388 0.08413613 1.522937 0.1250494 0.3317951 1.476163 0.2085248 0.6209301 1.408804 -0.1338928 0.2229053 1.496379 -0.2277292 0.6668307 1.450147 -0.206864 1.076379 1.499231 -0.1822084 1.409924 1.593113 -0.048582 0.6705561 1.499074 -0.02035568 1.08223 1.510526 -0.04070513 1.41509 1.610717  O_Hello_SoClose
-0.1245751 -0.01182282 1.476591 -0.1999944 0.08103693 1.484964 -0.3792152 0.3230032 1.531994 -0.4192036 0.626169 1.492006 -0.06597327 0.08383906 1.519136 0.1240183 0.3323514 1.475692 0.2041883 0.6241052 1.416051 -0.1337254 0.2227381 1.493327 -0.2276749 0.666895 1.449615 -0.2068321 1.07652 1.498064 -0.1821187 1.409745 1.593059 -0.04857795 0.6703955 1.498743 -0.02021627 1.082067 1.509951 -0.04067437 1.414724 1.610792  O_Hello_SoClose
-0.1242754 -0.0118506 1.471562 -0.1997411 0.08092165 1.480471 -0.3788896 0.3225843 1.528261 -0.4184882 0.6261907 1.491348 -0.06575941 0.08354747 1.514812 0.1228318 0.3329533 1.475142 0.1995838 0.6272979 1.4244 -0.1335378 0.2225896 1.489857 -0.227615 0.6669921 1.449011 -0.2067926 1.076704 1.496731 -0.1819999 1.409559 1.592995 -0.04857467 0.6702338 1.498363 -0.02005087 1.081902 1.509283 -0.04063122 1.414323 1.610872  O_Hello_SoClose
-0.1239682 -0.01180387 1.469157 -0.1994611 0.08092511 1.478283 -0.3786547 0.3223803 1.526661 -0.4182661 0.626134 1.490994 -0.06551103 0.08347237 1.512753 0.1224236 0.3332253 1.474413 0.1977604 0.6285169 1.427173 -0.1332957 0.222577 1.488166 -0.227428 0.6670842 1.448605 -0.2066944 1.076831 1.49606 -0.1819458 1.409239 1.593869 -0.04843293 0.6702103 1.498128 -0.01987199 1.081879 1.508916 -0.04093842 1.413915 1.61166  O_Hello_SoClose
