-0.07329683 -0.0009545088 2.291139 -0.1418724 0.09444523 2.315169 -0.2762141 0.3973426 2.273856 -0.3145857 0.6999348 2.228325 -0.003544493 0.09405065 2.313591 0.1953431 0.3495792 2.291987 0.2699823 0.6422697 2.229813 -0.07249384 0.2341757 2.300929 -0.1644435 0.6795552 2.266362 -0.1743502 1.092244 2.279189 -0.1732982 1.439254 2.295208 0.02129699 0.6788883 2.267606 0.04287763 1.090988 2.257021 0.06451268 1.438485 2.262033  A_Throw_SoClose
-0.07717942 -0.0009925365 2.291128 -0.1445129 0.09496284 2.316441 -0.278209 0.3985466 2.276812 -0.3160985 0.7009514 2.229661 -0.006247265 0.09344375 2.312249 0.1927295 0.3475838 2.286311 0.2670467 0.6404603 2.224629 -0.0742809 0.2341297 2.300922 -0.1647242 0.6797331 2.268478 -0.1745052 1.092476 2.279554 -0.1732087 1.439525 2.294696 0.02101501 0.6787332 2.267256 0.04326518 1.090834 2.258228 0.06460871 1.438347 2.263441  A_Throw_SoClose
-0.08447586 -0.0009262562 2.291303 -0.1493761 0.09604931 2.319 -0.2819359 0.4008412 2.282546 -0.3192474 0.7028454 2.232459 -0.01139127 0.09240937 2.309824 0.1875929 0.3437083 2.275642 0.2618429 0.6368117 2.214966 -0.0776162 0.2341337 2.301001 -0.1651618 0.6801118 2.272551 -0.1749574 1.092928 2.280397 -0.1733549 1.440046 2.29382 0.02047719 0.6785122 2.266457 0.04412736 1.090587 2.260279 0.06508078 1.438114 2.266117  A_Throw_SoClose
-0.09137659 -0.0007013083 2.291738 -0.1538396 0.09721303 2.321672 -0.2854669 0.4030249 2.28825 -0.3226617 0.704603 2.235574 -0.01632939 0.09155035 2.307668 0.1825046 0.3397695 2.26548 0.2574718 0.6328931 2.205791 -0.08072571 0.2342423 2.301224 -0.1654528 0.6805127 2.276592 -0.1756274 1.093365 2.281485 -0.1739705 1.440546 2.293171 0.01994892 0.6783887 2.265491 0.04511829 1.090404 2.26188 0.06605114 1.437916 2.268621  A_Throw_SoClose
-0.09580825 -0.0004686117 2.29201 -0.1565793 0.09803975 2.323474 -0.2876615 0.4044341 2.292231 -0.3249708 0.7057371 2.238083 -0.01950697 0.0910368 2.30617 0.17915 0.3369628 2.25859 0.2545622 0.6299964 2.199019 -0.08262639 0.2343633 2.301392 -0.165458 0.6807963 2.279429 -0.1761897 1.093652 2.282532 -0.1747055 1.440871 2.293034 0.0196897 0.6783583 2.264735 0.04605027 1.09031 2.262714 0.06748284 1.437773 2.270333  A_Throw_SoClose
-0.1024032 -2.491474E-05 2.292541 -0.1605418 0.0993408 2.326257 -0.2907914 0.4065725 2.298397 -0.3284887 0.7074079 2.241966 -0.02431176 0.09033978 2.303949 0.1738413 0.3327651 2.248329 0.2500705 0.6255876 2.18876 -0.08542798 0.2345927 2.301648 -0.1653159 0.681232 2.283669 -0.1770857 1.094071 2.284196 -0.1759858 1.44134 2.292971 0.01931049 0.6783431 2.263513 0.04756023 1.090175 2.26383 0.06989308 1.437547 2.272861  A_Throw_SoClose
-0.1075943 0.0004349947 2.29306 -0.1634677 0.1004645 2.328664 -0.2930506 0.4082904 2.303893 -0.3312458 0.7086088 2.245093 -0.02811979 0.08983874 2.302106 0.1698982 0.3290974 2.239938 0.246892 0.6215659 2.179618 -0.08750246 0.234832 2.301917 -0.1648959 0.6816067 2.287215 -0.1777294 1.094411 2.285707 -0.1770947 1.441716 2.293002 0.01915474 0.6783658 2.262388 0.04904522 1.090077 2.264373 0.07266666 1.437328 2.2747  A_Throw_SoClose
-0.1129634 0.0009918213 2.29376 -0.1663687 0.1016858 2.331308 -0.2952688 0.4101348 2.310183 -0.3343147 0.7098244 2.248791 -0.03213159 0.08937418 2.300226 0.1656153 0.3252395 2.231186 0.243426 0.6172813 2.169855 -0.08961432 0.2351173 2.30223 -0.1643008 0.6820019 2.290905 -0.1783637 1.094754 2.287332 -0.1782917 1.442087 2.293104 0.01900722 0.6784059 2.261127 0.05067535 1.089973 2.264774 0.07583024 1.437073 2.276472  A_Throw_SoClose
-0.120873 0.002014875 2.295345 -0.1701962 0.1036669 2.335949 -0.298161 0.4131646 2.322913 -0.339502 0.7114902 2.256578 -0.03815321 0.08878505 2.297472 0.1598081 0.3188525 2.217611 0.2387023 0.6099628 2.153308 -0.09250222 0.2356368 2.302959 -0.1628103 0.6826386 2.29664 -0.1787557 1.095279 2.289698 -0.1795592 1.442645 2.292894 0.01902141 0.6784846 2.258937 0.05344852 1.089808 2.264576 0.08188631 1.436574 2.278426  A_Throw_SoClose
-0.1269037 0.002968788 2.297062 -0.1726377 0.1053376 2.340163 -0.3001892 0.4157816 2.336779 -0.345124 0.7124352 2.26547 -0.04288612 0.08841658 2.295269 0.1553057 0.3136044 2.206163 0.2343794 0.603878 2.138392 -0.09451596 0.2361124 2.303615 -0.1611886 0.68314 2.301187 -0.1786069 1.095665 2.291487 -0.1800782 1.443042 2.292562 0.01913412 0.6785828 2.256865 0.05567541 1.089703 2.263855 0.08753999 1.436085 2.279712  A_Throw_SoClose
-0.1315412 0.003822446 2.29865 -0.1743193 0.1067175 2.34363 -0.3012623 0.4178799 2.348794 -0.349528 0.7130165 2.273479 -0.04666505 0.08822191 2.293635 0.1520296 0.3089142 2.196835 0.231624 0.5982609 2.125789 -0.09604172 0.2365474 2.304164 -0.1597602 0.6835592 2.304669 -0.1784052 1.095976 2.292862 -0.1804522 1.443351 2.292311 0.01919134 0.6787025 2.255128 0.05741121 1.089652 2.26309 0.09222402 1.43567 2.280612  A_Throw_SoClose
-0.1354617 0.00473547 2.300356 -0.1752705 0.1080958 2.347111 -0.3020881 0.4198003 2.362936 -0.3553405 0.7126886 2.282387 -0.04996673 0.08815861 2.291986 0.149704 0.3037602 2.186933 0.2306581 0.5916982 2.111816 -0.09714036 0.2370402 2.304569 -0.1581224 0.6839908 2.307714 -0.1779525 1.096295 2.294052 -0.1805458 1.443661 2.292064 0.01935686 0.6789073 2.253153 0.0589362 1.089711 2.26193 0.09728785 1.435243 2.281543  A_Throw_SoClose
-0.1390937 0.005676627 2.302121 -0.1758928 0.1094564 2.350532 -0.3021378 0.4214965 2.377593 -0.3605589 0.7119186 2.291863 -0.05315958 0.08815098 2.290366 0.1468772 0.2988747 2.177009 0.2287176 0.5854617 2.097798 -0.09809963 0.2375449 2.304899 -0.1563852 0.6844008 2.310577 -0.1775181 1.096582 2.295243 -0.1807485 1.443933 2.291958 0.01949997 0.6791384 2.251094 0.06037231 1.089798 2.260678 0.1023502 1.434771 2.282565  A_Throw_SoClose
-0.1423177 0.006803274 2.304075 -0.1756605 0.1110007 2.354234 -0.3015377 0.422871 2.395962 -0.3675862 0.7102055 2.305497 -0.0561689 0.08827627 2.288335 0.144061 0.2930759 2.164898 0.2284184 0.5774727 2.080597 -0.09861152 0.2381828 2.30495 -0.154069 0.684886 2.313249 -0.1769085 1.096913 2.296325 -0.1810296 1.444241 2.291811 0.0198936 0.6795052 2.248367 0.06183406 1.090037 2.258779 0.1082836 1.434223 2.283798  A_Throw_SoClose
-0.1452226 0.008056521 2.306143 -0.1748558 0.1126416 2.357977 -0.2995521 0.4237303 2.416209 -0.3740062 0.7076968 2.321726 -0.05911718 0.08851552 2.286146 0.1407179 0.286821 2.151689 0.2281382 0.5684835 2.061532 -0.09889208 0.238911 2.304814 -0.1514435 0.6854161 2.315723 -0.1762719 1.097268 2.297387 -0.1814692 1.444566 2.291776 0.0203432 0.679969 2.245287 0.06325574 1.090377 2.256572 0.1145048 1.433588 2.285332  A_Throw_SoClose
-0.1462883 0.008984327 2.307342 -0.1733353 0.1137978 2.360244 -0.296751 0.4237326 2.43118 -0.3795748 0.7051479 2.336033 -0.06042532 0.08880091 2.284325 0.139019 0.2821958 2.141671 0.2307586 0.5609053 2.046754 -0.09839956 0.2394903 2.304327 -0.1491078 0.6858473 2.316842 -0.1755285 1.097565 2.297735 -0.1816296 1.444838 2.291573 0.02108468 0.6803809 2.242638 0.06436218 1.090742 2.254242 0.1191942 1.433132 2.286021  A_Throw_SoClose
-0.1471293 0.009896994 2.308458 -0.1716988 0.1149071 2.36229 -0.2931784 0.4234036 2.445412 -0.384294 0.7022834 2.350378 -0.06160895 0.08911705 2.282588 0.1371043 0.2777584 2.13207 0.2329333 0.5533847 2.032313 -0.09785251 0.2400683 2.303791 -0.1468156 0.6862752 2.31778 -0.1748115 1.09786 2.298053 -0.1818153 1.445108 2.291452 0.0217969 0.680804 2.240054 0.06539811 1.091122 2.251958 0.1235576 1.432665 2.286801  A_Throw_SoClose
-0.1472626 0.01079679 2.309186 -0.1695343 0.1159503 2.363839 -0.2885046 0.4226779 2.45856 -0.3899237 0.6982833 2.364415 -0.06218545 0.08950496 2.280688 0.135948 0.2734628 2.122782 0.236465 0.545544 2.018032 -0.09685276 0.2406688 2.302983 -0.144264 0.6867398 2.318335 -0.1738939 1.098186 2.298122 -0.1818534 1.445408 2.291212 0.02276589 0.6812735 2.237262 0.0665722 1.091566 2.249283 0.128046 1.432178 2.287391  A_Throw_SoClose
-0.1463682 0.01237905 2.309824 -0.1648756 0.1176999 2.365719 -0.2782 0.4206327 2.479694 -0.4018583 0.6885519 2.390053 -0.06225423 0.09032226 2.277081 0.1349148 0.2660866 2.106921 0.2443046 0.5309975 1.993077 -0.09437995 0.2417822 2.301107 -0.139346 0.6876374 2.318665 -0.1719355 1.098831 2.297874 -0.1816502 1.446002 2.290658 0.02486421 0.6821951 2.232022 0.06884475 1.092471 2.243983 0.1359131 1.431268 2.288326  A_Throw_SoClose
-0.144209 0.01363111 2.309162 -0.1600793 0.11893 2.365996 -0.2689194 0.4179912 2.493702 -0.4156138 0.6758857 2.409567 -0.06100301 0.09118247 2.273524 0.136419 0.2603941 2.094788 0.2536841 0.5187472 1.973929 -0.09146725 0.2427616 2.298923 -0.1347944 0.6885273 2.318413 -0.170208 1.099461 2.29711 -0.1812632 1.446598 2.290189 0.02688606 0.6830818 2.227137 0.07080086 1.093374 2.238748 0.1423901 1.430463 2.288692  A_Throw_SoClose
-0.1419732 0.01482153 2.30831 -0.1554584 0.1200627 2.36594 -0.2597477 0.4151496 2.505771 -0.4287003 0.6616423 2.429588 -0.05968402 0.09205639 2.270127 0.1378226 0.2551388 2.083733 0.2619691 0.5070999 1.956423 -0.08864956 0.2437183 2.296755 -0.1304682 0.6894164 2.318022 -0.1686089 1.100086 2.296331 -0.1808649 1.447191 2.289863 0.02875264 0.6839628 2.222521 0.07258065 1.094274 2.233789 0.148041 1.429655 2.289226  A_Throw_SoClose
-0.1384389 0.01621151 2.30631 -0.1494529 0.1212065 2.364936 -0.250678 0.4106936 2.517684 -0.4481398 0.6379229 2.450727 -0.05726437 0.0932976 2.265641 0.1415458 0.2494835 2.071993 0.2734261 0.4942243 1.938525 -0.08480231 0.2449375 2.293861 -0.1250427 0.6906913 2.317343 -0.1670815 1.100924 2.294612 -0.1804436 1.448008 2.28932 0.03104426 0.6851087 2.216808 0.07457174 1.095473 2.227289 0.1544873 1.428622 2.289527  A_Throw_SoClose
-0.1301148 0.01932395 2.301522 -0.1362716 0.1236467 2.362045 -0.2339261 0.3990929 2.541337 -0.4859683 0.5711411 2.49682 -0.05132673 0.09628785 2.256342 0.151019 0.2383907 2.050548 0.297132 0.4689885 1.90709 -0.07602738 0.247769 2.287849 -0.1132507 0.69379 2.31533 -0.165131 1.102708 2.289461 -0.1808921 1.449723 2.286967 0.0360895 0.6877663 2.205045 0.07873018 1.098282 2.212934 0.1664122 1.426304 2.290144  A_Throw_SoClose
-0.1257096 0.02094531 2.299026 -0.1298031 0.1249477 2.360271 -0.2280117 0.3920699 2.552648 -0.5016766 0.5298008 2.517359 -0.04796151 0.09787536 2.252075 0.1567438 0.2336857 2.042595 0.3090515 0.4586031 1.896585 -0.07139699 0.2492679 2.284945 -0.1075395 0.6954445 2.313656 -0.1648477 1.103526 2.286094 -0.1816521 1.4505 2.285447 0.03890367 0.689172 2.199565 0.08071782 1.099805 2.205523 0.171202 1.425248 2.290065  A_Throw_SoClose
-0.1216831 0.02248394 2.296764 -0.1240107 0.1262169 2.358557 -0.2231959 0.3849975 2.56286 -0.5122933 0.4885319 2.534386 -0.04482303 0.09937143 2.248349 0.162149 0.2296014 2.036312 0.3198442 0.449765 1.888784 -0.06713425 0.2506908 2.28232 -0.1024394 0.6970072 2.311833 -0.1648154 1.104245 2.282832 -0.1824636 1.451176 2.284082 0.04156568 0.6904991 2.194694 0.0824454 1.10125 2.198675 0.1748941 1.424322 2.289922  A_Throw_SoClose
-0.115971 0.02450132 2.293633 -0.1164042 0.1280036 2.355864 -0.2184167 0.3741143 2.576142 -0.5209182 0.4296898 2.553522 -0.04012404 0.1013107 2.243587 0.1701341 0.225073 2.030233 0.3343143 0.4405067 1.882796 -0.06123851 0.2525778 2.278541 -0.09632365 0.6989403 2.308495 -0.1650445 1.105081 2.278468 -0.1834229 1.451947 2.282996 0.04539068 0.6924113 2.188595 0.08427735 1.103374 2.189763 0.1781426 1.423469 2.289641  A_Throw_SoClose
-0.1088232 0.026986 2.289831 -0.1072553 0.1303128 2.35235 -0.212731 0.3590258 2.591768 -0.5203522 0.3547552 2.570355 -0.03410343 0.1036665 2.237999 0.1802544 0.2199746 2.024593 0.3518767 0.4306588 1.878776 -0.05396251 0.2549137 2.273767 -0.08942692 0.7012313 2.303761 -0.1655344 1.106009 2.273152 -0.1844295 1.45276 2.282148 0.05019941 0.6948692 2.181427 0.0860395 1.106103 2.17904 0.1802961 1.422613 2.289426  A_Throw_SoClose
-0.09847443 0.02958643 2.284634 -0.09573285 0.1330156 2.346867 -0.206277 0.3366009 2.608677 -0.5057538 0.2669468 2.584813 -0.02476112 0.1061518 2.231201 0.195129 0.2161785 2.022438 0.374114 0.4251693 1.883184 -0.0442798 0.2574728 2.266843 -0.08328591 0.7032171 2.295934 -0.1664493 1.106732 2.267048 -0.1865346 1.453208 2.282032 0.05660619 0.698251 2.173839 0.08557124 1.11 2.168654 0.1777098 1.422951 2.290392  A_Throw_SoClose
-0.09174202 0.03086174 2.28112 -0.08886115 0.134372 2.343071 -0.2038357 0.3211098 2.61701 -0.4919902 0.2149378 2.588688 -0.01845752 0.1074827 2.227065 0.2051731 0.2144203 2.022557 0.3865691 0.4242491 1.887754 -0.03834413 0.2588189 2.262438 -0.08054487 0.7041234 2.290677 -0.1664376 1.107189 2.263565 -0.1874441 1.453452 2.28186 0.06063499 0.7002603 2.170033 0.08459015 1.112315 2.163657 0.1744633 1.423512 2.291434  A_Throw_SoClose
-0.08359234 0.03133178 2.276757 -0.08114158 0.1349499 2.338288 -0.2013683 0.3029461 2.62342 -0.4729742 0.1607766 2.589869 -0.01059489 0.1081458 2.222349 0.2176904 0.2124083 2.024218 0.3996653 0.4251633 1.894893 -0.03149019 0.2594626 2.25722 -0.07840292 0.7041451 2.284134 -0.1659356 1.107038 2.259836 -0.1883415 1.45301 2.281629 0.06535842 0.7018337 2.166538 0.08274992 1.114202 2.159217 0.1692805 1.423882 2.292853  A_Throw_SoClose
-0.07200496 0.03034174 2.270114 -0.07151578 0.1339482 2.331162 -0.2034075 0.2792202 2.625097 -0.447353 0.09567535 2.581401 0.001028733 0.1079224 2.216283 0.2367321 0.2103446 2.029498 0.4145208 0.4305193 1.906947 -0.02253566 0.2589945 2.250507 -0.0771644 0.7028261 2.275397 -0.1643528 1.106049 2.255804 -0.1888618 1.451609 2.281524 0.07121731 0.7027813 2.163663 0.07959469 1.115415 2.155504 0.1606368 1.424171 2.294607  A_Throw_SoClose
-0.05787377 0.02774918 2.261838 -0.06085018 0.1311654 2.322312 -0.2102012 0.251669 2.620258 -0.4154877 0.02838421 2.564501 0.01552685 0.1066699 2.209601 0.2602731 0.2086372 2.038768 0.4282558 0.4396061 1.922408 -0.01226716 0.2572106 2.242983 -0.07697789 0.6999282 2.26506 -0.1620737 1.103874 2.252375 -0.1895217 1.448881 2.282225 0.07746126 0.7027517 2.1619 0.07525034 1.115446 2.152839 0.1491728 1.424174 2.295914  A_Throw_SoClose
-0.03976874 0.02306855 2.25211 -0.05030249 0.1257418 2.311698 -0.2381624 0.2222326 2.596316 -0.3807866 -0.04061782 2.52098 0.03473647 0.104884 2.204597 0.2909488 0.2120951 2.056133 0.4360678 0.4583858 1.940436 -0.001107914 0.2540439 2.23647 -0.07889251 0.6956974 2.254004 -0.1581769 1.101002 2.249862 -0.1886008 1.44562 2.281267 0.08294763 0.7013672 2.163024 0.07101537 1.113855 2.152319 0.1352945 1.425021 2.294769  A_Throw_SoClose
-0.0225064 0.01844656 2.244054 -0.04123591 0.1201214 2.302125 -0.2676973 0.1910832 2.563819 -0.3396903 -0.09606302 2.47738 0.05291661 0.1033292 2.202172 0.3180076 0.2183281 2.074328 0.4404686 0.4751391 1.95535 0.008780854 0.2507578 2.231604 -0.08068489 0.6913747 2.24411 -0.1545783 1.097691 2.248747 -0.1879797 1.442024 2.280252 0.08703621 0.6993768 2.164692 0.06814761 1.111549 2.152017 0.1239221 1.425298 2.29237  A_Throw_SoClose
-0.007760389 0.01463532 2.2383 -0.03435163 0.1151485 2.294302 -0.2938655 0.162154 2.526751 -0.2994961 -0.1340002 2.44091 0.0681686 0.1024209 2.202297 0.3393619 0.2264316 2.091166 0.4424381 0.4892137 1.966967 0.01647331 0.2479708 2.228607 -0.08232336 0.6877458 2.236255 -0.1514346 1.094742 2.248615 -0.1872431 1.438955 2.278763 0.08958204 0.6973333 2.166554 0.06679709 1.109252 2.152155 0.1159026 1.425392 2.289603  A_Throw_SoClose
0.009174364 0.01056445 2.232744 -0.02675681 0.1094285 2.285371 -0.318233 0.1235529 2.47688 -0.2521988 -0.1699206 2.408907 0.08513953 0.1017426 2.204393 0.3606201 0.2385684 2.111739 0.4429444 0.5055394 1.981149 0.02497812 0.2448074 2.2259 -0.08377628 0.6835249 2.227513 -0.1471004 1.091069 2.249256 -0.185518 1.435244 2.276484 0.09218295 0.6947622 2.169087 0.06596358 1.106389 2.152364 0.1075943 1.425308 2.2858  A_Throw_SoClose
0.02446379 0.00730288 2.229012 -0.02036117 0.1043433 2.277328 -0.3335453 0.08309853 2.424139 -0.2123358 -0.1981043 2.387523 0.09976949 0.1016134 2.208784 0.3760373 0.2527941 2.131331 0.4416525 0.5214642 1.994893 0.03224226 0.2421212 2.2245 -0.08469318 0.6798959 2.220174 -0.1417547 1.087804 2.250662 -0.1815394 1.432178 2.272975 0.09428336 0.6923292 2.172066 0.06632151 1.103729 2.152794 0.1014044 1.425292 2.281693  A_Throw_SoClose
0.04189887 0.004008293 2.22596 -0.0124831 0.09861398 2.268136 -0.3368697 0.03574669 2.360133 -0.1725996 -0.2250264 2.371095 0.1152935 0.1017911 2.215218 0.3894871 0.2693915 2.154685 0.437399 0.537353 2.009752 0.04028114 0.2391163 2.223238 -0.08533393 0.6756742 2.211478 -0.1363818 1.08345 2.252562 -0.1764394 1.428108 2.269297 0.09636869 0.6894026 2.175461 0.06690104 1.100536 2.152991 0.09469016 1.425027 2.276201  A_Throw_SoClose
0.07078512 -0.0004525185 2.225037 0.0009917784 0.08910954 2.252757 -0.3044499 -0.05164218 2.244721 -0.1406764 -0.3011739 2.322309 0.1372331 0.1027431 2.233016 0.3919922 0.3036535 2.197285 0.4107535 0.5660191 2.036299 0.05258681 0.2343266 2.224637 -0.08504544 0.6691108 2.199303 -0.1251601 1.076338 2.25526 -0.1548307 1.422395 2.26145 0.09955539 0.6841818 2.185269 0.07049699 1.094764 2.153943 0.08582522 1.42502 2.263231  A_Throw_SoClose
0.1080413 -0.00556314 2.230829 0.02395953 0.07621515 2.238345 -0.2239607 -0.1038707 2.106458 -0.1655381 -0.4012467 2.049344 0.1579477 0.1023597 2.260725 0.364133 0.3388754 2.243988 0.3436505 0.5748456 2.046496 0.06685229 0.2267889 2.233005 -0.08344291 0.6595565 2.19301 -0.1190843 1.067708 2.245132 -0.1357877 1.414542 2.25519 0.1011696 0.6754938 2.205884 0.07951672 1.085523 2.163332 0.08192356 1.423846 2.245671  A_Throw_SoClose
0.1410605 -0.008521914 2.236965 0.04897924 0.06567371 2.232115 -0.1643002 -0.0957911 2.014297 -0.1878948 -0.2844204 1.77146 0.1743785 0.1011593 2.278516 0.3442103 0.3548136 2.269743 0.3081932 0.5483059 2.032324 0.07857163 0.2192625 2.240806 -0.08472823 0.6487139 2.192426 -0.12235 1.058754 2.224457 -0.1442612 1.404768 2.246095 0.0972075 0.6667094 2.225245 0.08078499 1.076813 2.181103 0.07809462 1.420937 2.234205  A_Throw_SoClose
0.1574069 -0.008697867 2.238217 0.06200411 0.0611794 2.227373 -0.1224047 -0.06203353 1.960511 -0.1431355 -0.1647006 1.670447 0.181447 0.1010679 2.28464 0.3372498 0.3617578 2.283187 0.3107249 0.5324022 2.027685 0.08328302 0.2156523 2.242408 -0.08704983 0.6428618 2.190211 -0.1258508 1.053506 2.211188 -0.1510904 1.398746 2.240283 0.09208311 0.66214 2.235391 0.07605965 1.072444 2.192992 0.07126279 1.419025 2.226248  A_Throw_SoClose
0.1644397 -0.008294702 2.237288 0.06767346 0.05936074 2.222827 -0.08496396 -0.02208126 1.9246 -0.06326072 -0.06013978 1.619333 0.1832135 0.1011267 2.286415 0.3331744 0.3652356 2.291657 0.3198986 0.5267831 2.029302 0.08424391 0.214007 2.241555 -0.08905201 0.6402506 2.187632 -0.1280902 1.051097 2.203621 -0.1549658 1.395814 2.237119 0.08780064 0.6598184 2.24094 0.07146455 1.070266 2.200077 0.0647843 1.417837 2.220014  A_Throw_SoClose
0.1701891 -0.008297801 2.234351 0.07278521 0.05786908 2.21622 -0.04990778 0.04631793 1.898512 0.02152462 0.0942415 1.602357 0.1842219 0.1003548 2.28632 0.3309442 0.3667506 2.301959 0.3366005 0.5302645 2.040548 0.08532216 0.2123345 2.23911 -0.09011857 0.637822 2.184564 -0.1313053 1.048558 2.19778 -0.1614572 1.39254 2.235741 0.08395775 0.6576728 2.246248 0.0669858 1.06811 2.205548 0.05768969 1.41607 2.214776  A_Throw_SoClose
0.173932 -0.007764578 2.229734 0.07640149 0.05754066 2.208417 -0.01438801 0.1160367 1.891445 0.1089156 0.2369208 1.635924 0.1840584 0.09994197 2.284242 0.3288412 0.3676074 2.310797 0.3526892 0.5374464 2.054496 0.08569784 0.2116089 2.2352 -0.09092204 0.6367247 2.180914 -0.1342187 1.047282 2.192877 -0.1675464 1.390487 2.234984 0.08036353 0.6565018 2.249992 0.0633194 1.066938 2.209311 0.05200471 1.414959 2.210569  A_Throw_SoClose
0.1778492 -0.004982829 2.221112 0.080768 0.06024206 2.196851 0.01509364 0.1830288 1.89813 0.174575 0.3537689 1.696832 0.1843475 0.1011689 2.278909 0.3290937 0.3684934 2.32237 0.3727987 0.5597849 2.084458 0.08715703 0.2134438 2.228931 -0.09085421 0.6381023 2.177365 -0.1364556 1.04831 2.192345 -0.1727877 1.390411 2.240519 0.07757635 0.6581426 2.253068 0.06157859 1.068223 2.208551 0.04987307 1.416219 2.211686  A_Throw_SoClose
0.1823825 0.0009607077 2.212161 0.08603115 0.06644297 2.18531 0.04240902 0.2258414 1.905529 0.2223196 0.4241246 1.752482 0.1854466 0.1053337 2.273295 0.3300361 0.3710954 2.335221 0.3905894 0.5901023 2.126718 0.08947386 0.2184764 2.222923 -0.09024392 0.6425313 2.175021 -0.1390915 1.052211 2.193761 -0.1788921 1.393081 2.247592 0.07583208 0.6629306 2.25567 0.06150194 1.072264 2.204243 0.04883834 1.420081 2.214759  A_Throw_SoClose
0.185608 0.006156921 2.205776 0.0899374 0.07208157 2.177541 0.0593849 0.2505248 1.911351 0.2437129 0.4637437 1.786177 0.1866065 0.1091812 2.26928 0.331113 0.3729379 2.344348 0.4005698 0.61396 2.164937 0.09147514 0.2231162 2.219098 -0.08930348 0.6468499 2.174676 -0.1410779 1.056031 2.196245 -0.1835369 1.396039 2.253388 0.07589789 0.6673866 2.257067 0.06308682 1.075843 2.198735 0.04772713 1.42315 2.218473  A_Throw_SoClose
0.1881517 0.01093996 2.200861 0.09310104 0.07718384 2.171532 0.07156421 0.2685128 1.916683 0.2544795 0.4935467 1.811758 0.1873689 0.1128632 2.266284 0.3304431 0.3751208 2.350803 0.4044646 0.6329381 2.198634 0.09283443 0.227336 2.216197 -0.08836417 0.6512058 2.175214 -0.1411837 1.060111 2.199325 -0.1845267 1.399652 2.25855 0.07669361 0.6711542 2.258037 0.06480576 1.078887 2.194664 0.04665877 1.425535 2.222118  A_Throw_SoClose
0.1911605 0.01667333 2.195288 0.09688719 0.08328938 2.164732 0.08440836 0.2877408 1.92365 0.2622921 0.5256836 1.840896 0.1882355 0.1172836 2.262901 0.328805 0.3777777 2.357644 0.4069032 0.6520466 2.240249 0.09434994 0.2323303 2.21291 -0.08713882 0.6565311 2.176286 -0.1404692 1.065175 2.203507 -0.1841554 1.404299 2.264824 0.07808222 0.6754311 2.259028 0.06693812 1.082286 2.190118 0.04481931 1.427872 2.22657  A_Throw_SoClose
0.1930432 0.02095985 2.191491 0.09934254 0.08776164 2.159991 0.09005673 0.3009379 1.928434 0.26322 0.5465924 1.859326 0.188422 0.1206349 2.260596 0.3251882 0.3805528 2.36239 0.4040944 0.66377 2.269297 0.09498544 0.2359929 2.210481 -0.08636914 0.6607249 2.177264 -0.1378768 1.06935 2.208043 -0.179807 1.408599 2.269894 0.07900067 0.6782579 2.260011 0.0682676 1.084699 2.18864 0.04402109 1.429724 2.22886  A_Throw_SoClose
0.1947536 0.02453732 2.188106 0.1015849 0.09150541 2.155759 0.09429349 0.3121103 1.932946 0.2626547 0.564115 1.875887 0.1885616 0.1233503 2.258512 0.3214417 0.3827875 2.366527 0.4004768 0.6722927 2.295502 0.09552951 0.2389759 2.208261 -0.08568148 0.6641995 2.178179 -0.1351786 1.072798 2.212412 -0.1751416 1.412227 2.274578 0.07982679 0.6804029 2.260919 0.06937952 1.086508 2.18762 0.04326024 1.431048 2.230721  A_Throw_SoClose
0.1960281 0.02850866 2.184353 0.1034433 0.09570754 2.151158 0.09423561 0.3243362 1.937425 0.2558582 0.5828431 1.890951 0.1882666 0.1264132 2.256036 0.3149956 0.385956 2.372955 0.3917161 0.6810095 2.32646 0.09578682 0.2423995 2.205597 -0.08481394 0.6683471 2.17893 -0.1302984 1.076844 2.219379 -0.1663496 1.416867 2.28069 0.08051033 0.6827834 2.262363 0.07012673 1.088586 2.1874 0.04190334 1.432719 2.232389  A_Throw_SoClose
0.196739 0.03065145 2.181509 0.1045984 0.09804976 2.147713 0.09216751 0.332491 1.940676 0.2479869 0.5956758 1.901158 0.1878613 0.1278853 2.254082 0.3089928 0.3876312 2.378511 0.3823894 0.6858573 2.350611 0.09584971 0.2441769 2.20349 -0.0841053 0.6707354 2.179397 -0.1258617 1.079023 2.225574 -0.1579302 1.419635 2.285815 0.08093418 0.6837075 2.26363 0.07048805 1.089309 2.187591 0.04066153 1.433189 2.233465  A_Throw_SoClose
0.1941555 0.03126311 2.179721 0.1024133 0.09932661 2.146152 0.08082666 0.3373497 1.941559 0.2287634 0.6049839 1.901632 0.1857062 0.1281431 2.252778 0.3014622 0.3882017 2.3869 0.3691183 0.688861 2.375452 0.09460147 0.2452847 2.202507 -0.08293794 0.6729385 2.180027 -0.1214443 1.080878 2.231766 -0.1492286 1.422367 2.289105 0.08174987 0.684577 2.265139 0.07032569 1.089952 2.188043 0.03911813 1.433792 2.233302  A_Throw_SoClose
0.1910791 0.03100193 2.178761 0.09961171 0.09970868 2.14571 0.06995519 0.3393791 1.941529 0.2112472 0.6102021 1.899116 0.1835379 0.1277443 2.252047 0.295994 0.3877618 2.392738 0.3590945 0.6896262 2.391986 0.09319182 0.2456681 2.202238 -0.08197539 0.6742828 2.180726 -0.1191229 1.081953 2.235499 -0.1443745 1.423969 2.290825 0.08263941 0.6850229 2.266096 0.07021631 1.0903 2.188638 0.03840585 1.434153 2.233371  A_Throw_SoClose
0.1873481 0.03022861 2.178378 0.09609123 0.09961951 2.146114 0.05845322 0.3396671 1.940846 0.1934152 0.6130061 1.894171 0.1811683 0.1269828 2.25171 0.2917919 0.3867832 2.397177 0.3511941 0.6893291 2.403642 0.09153767 0.2457029 2.202503 -0.08108102 0.675256 2.181526 -0.1181862 1.082749 2.237627 -0.1424023 1.425098 2.291338 0.08367594 0.68536 2.2667 0.0701464 1.090631 2.189396 0.03827514 1.434543 2.233631  A_Throw_SoClose
0.1824495 0.02896786 2.178155 0.09145828 0.09921408 2.146963 0.04375603 0.3393241 1.940132 0.170432 0.6155474 1.887584 0.1781114 0.1257831 2.251474 0.2870115 0.3851147 2.401965 0.3422159 0.68819 2.416183 0.08934648 0.2454703 2.203047 -0.08008759 0.6761436 2.182555 -0.1174781 1.083488 2.239536 -0.1409712 1.42614 2.291609 0.08501287 0.6855856 2.267137 0.0700338 1.090939 2.190534 0.0383832 1.43494 2.234228  A_Throw_SoClose
0.1750211 0.02679002 2.178463 0.08441301 0.09824312 2.148975 0.02226474 0.3375281 1.939312 0.1362811 0.617234 1.877083 0.1736029 0.1238027 2.251586 0.2815128 0.3822663 2.407016 0.3319785 0.6856843 2.429268 0.08598842 0.2447908 2.204311 -0.07898067 0.6769247 2.184061 -0.1175837 1.08423 2.240514 -0.1416665 1.427061 2.291113 0.08698817 0.6857418 2.266995 0.06983466 1.091421 2.192609 0.03915938 1.435582 2.235737  A_Throw_SoClose
0.168005 0.02465582 2.179094 0.07772459 0.09713006 2.151255 0.001847522 0.335681 1.940581 0.103186 0.6182351 1.869862 0.1693302 0.1218901 2.251915 0.2767942 0.379331 2.411156 0.3234203 0.6829321 2.438665 0.08262046 0.2439363 2.205704 -0.07853596 0.6772549 2.185568 -0.1178255 1.084634 2.241008 -0.1423624 1.427605 2.290431 0.08855958 0.6856787 2.266251 0.06960745 1.091754 2.194509 0.04039349 1.436056 2.237525  A_Throw_SoClose
0.1618961 0.02277684 2.179827 0.07189913 0.09608161 2.153432 -0.01587806 0.3339978 1.94303 0.07396372 0.6186911 1.865662 0.1655957 0.120214 2.252305 0.2729543 0.3766218 2.414407 0.316698 0.6803241 2.445323 0.0795898 0.2430937 2.206995 -0.078458 0.6773371 2.186884 -0.1181136 1.084829 2.24122 -0.1429869 1.427901 2.289766 0.08975144 0.6855043 2.265245 0.069434 1.091967 2.196117 0.04176416 1.436383 2.239243  A_Throw_SoClose
0.1522857 0.01989901 2.181408 0.06264742 0.09433663 2.157327 -0.04281304 0.3317635 1.950721 0.02957429 0.6188549 1.86443 0.1596879 0.1177201 2.253106 0.2675385 0.3723114 2.418988 0.3077459 0.676173 2.452986 0.07452805 0.2416848 2.209174 -0.07897471 0.6772469 2.188898 -0.1185919 1.084973 2.241477 -0.1435849 1.428186 2.288956 0.09103169 0.6850107 2.263323 0.06920214 1.09207 2.198285 0.04406138 1.436599 2.242046  A_Throw_SoClose
0.1444774 0.0176208 2.18293 0.05512204 0.0929029 2.160733 -0.06380968 0.3302057 1.959286 -0.005419297 0.6186945 1.867242 0.1548532 0.1157639 2.253837 0.263488 0.3686707 2.422395 0.301611 0.6726329 2.457863 0.07027222 0.2405019 2.21099 -0.0797178 0.67705 2.190443 -0.1190089 1.084986 2.241617 -0.1438841 1.428302 2.288412 0.09172679 0.6844662 2.261529 0.06908078 1.091998 2.199814 0.0460759 1.436584 2.244301  A_Throw_SoClose
0.1363251 0.0153774 2.184845 0.04720207 0.09144211 2.164657 -0.0831043 0.329284 1.970656 -0.03778199 0.6183242 1.873141 0.1497904 0.1138971 2.254704 0.2601353 0.3652191 2.424733 0.2967834 0.6692809 2.460895 0.06562974 0.239306 2.213004 -0.08085601 0.6768315 2.192008 -0.1196797 1.084987 2.241773 -0.1442689 1.428428 2.287791 0.09193762 0.6837832 2.259799 0.06897624 1.091729 2.201009 0.04788883 1.436346 2.246206  A_Throw_SoClose
0.1242212 0.01219678 2.187963 0.0355049 0.08939469 2.170753 -0.1091807 0.328505 1.989552 -0.08321916 0.617977 1.886405 0.142214 0.1112344 2.256038 0.2557366 0.3600824 2.427388 0.2910073 0.6642172 2.464297 0.05863001 0.2375736 2.216019 -0.08277808 0.6764658 2.194167 -0.1208514 1.084929 2.24195 -0.1449132 1.428558 2.286829 0.09185232 0.6826374 2.257156 0.06889524 1.091148 2.202428 0.05056204 1.43579 2.248622  A_Throw_SoClose
0.1154459 0.01007593 2.190525 0.02702476 0.08803546 2.175473 -0.1245407 0.3283401 2.002872 -0.1127226 0.617587 1.896552 0.1366515 0.1094958 2.257074 0.2536831 0.3572887 2.427016 0.2879763 0.6614309 2.464777 0.0533603 0.2364091 2.218281 -0.08459662 0.6762341 2.195837 -0.1221275 1.084857 2.242673 -0.1456249 1.428661 2.286499 0.09120579 0.6817173 2.255544 0.0687836 1.090609 2.203504 0.05240293 1.435301 2.250057  A_Throw_SoClose
0.1059925 0.007902384 2.193386 0.01798167 0.08670616 2.180637 -0.1402119 0.3284566 2.017707 -0.1438322 0.6176308 1.910597 0.1306044 0.1076726 2.258185 0.2514704 0.3541588 2.426538 0.2849463 0.658263 2.465323 0.04767879 0.235214 2.22069 -0.08658712 0.6759947 2.197504 -0.1235238 1.084781 2.243371 -0.1464118 1.428764 2.286103 0.09040256 0.6807076 2.253664 0.06871606 1.089996 2.204509 0.05448576 1.434735 2.25142  A_Throw_SoClose
0.09648366 0.005908728 2.196544 0.008934217 0.08553433 2.185988 -0.1551455 0.3280082 2.030111 -0.174328 0.6166973 1.923349 0.124363 0.106017 2.259432 0.2501611 0.3522214 2.423723 0.2828844 0.6561822 2.464236 0.04177232 0.2341293 2.223163 -0.08908992 0.6757861 2.199344 -0.1251267 1.084666 2.245091 -0.1468944 1.42891 2.28628 0.08894862 0.6796925 2.25215 0.06836171 1.089388 2.206003 0.05654909 1.434203 2.25302  A_Throw_SoClose
0.08540757 0.003800511 2.200381 -0.00149898 0.0844053 2.192334 -0.1718667 0.327859 2.044787 -0.2086152 0.6158851 1.940874 0.1169973 0.1042298 2.260912 0.2485835 0.3500673 2.420113 0.2807808 0.6537822 2.462831 0.03484698 0.2330111 2.226039 -0.09211127 0.6756291 2.201387 -0.1270065 1.084611 2.247116 -0.1474144 1.429152 2.286469 0.08705343 0.678567 2.250304 0.06796105 1.088712 2.207644 0.05902411 1.433609 2.254698  A_Throw_SoClose
0.07632889 0.002311945 2.203643 -0.01000796 0.08369207 2.197447 -0.186569 0.3272145 2.055401 -0.2358501 0.6143353 1.954206 0.1106885 0.1029471 2.262246 0.2478534 0.3491371 2.415724 0.2808878 0.6525674 2.459805 0.02890714 0.2322417 2.228422 -0.09517716 0.6755442 2.203283 -0.1285251 1.084582 2.249661 -0.1471495 1.429437 2.287098 0.08477916 0.6777352 2.249244 0.06714697 1.088248 2.209594 0.06093468 1.433259 2.256243  A_Throw_SoClose
0.06360884 0.0005829334 2.208342 -0.02183823 0.08305752 2.204656 -0.2067683 0.3268722 2.071093 -0.2716327 0.6126644 1.975057 0.1016809 0.1014121 2.264183 0.2466863 0.3480297 2.409217 0.2819148 0.6509966 2.454763 0.0204642 0.2314301 2.231802 -0.0996943 0.6756219 2.205973 -0.1306506 1.084736 2.253324 -0.1466545 1.430008 2.288035 0.08126558 0.6767623 2.247851 0.06587501 1.087745 2.212359 0.06347413 1.432923 2.258121  A_Throw_SoClose
0.05532684 -0.0002748966 2.211399 -0.02952067 0.08288908 2.209223 -0.2200346 0.3269176 2.081769 -0.2915572 0.6122074 1.989024 0.09559245 0.1006043 2.265527 0.2461118 0.3476524 2.404427 0.2841898 0.6503186 2.44968 0.01475455 0.2310869 2.23408 -0.103041 0.6757889 2.208004 -0.1320709 1.084952 2.256143 -0.1460461 1.43049 2.289037 0.07848592 0.6762885 2.247365 0.06463237 1.087547 2.214535 0.06475468 1.432885 2.259141  A_Throw_SoClose
0.04630228 -0.0009653568 2.214813 -0.03784982 0.08295274 2.214268 -0.233888 0.327466 2.09407 -0.3117579 0.6124296 2.005529 0.0888948 0.09992433 2.267041 0.2453316 0.3473512 2.399038 0.2868553 0.6496704 2.443573 0.0084904 0.2309176 2.236623 -0.1067696 0.6761417 2.210251 -0.1337278 1.085356 2.25916 -0.1455433 1.431165 2.289983 0.07532711 0.6759502 2.246889 0.06323095 1.08748 2.216882 0.06598873 1.432991 2.260042  A_Throw_SoClose
0.03747906 -0.001526713 2.218188 -0.04598866 0.08310556 2.219263 -0.2458874 0.3290471 2.107494 -0.3260928 0.61474 2.023505 0.08221568 0.09929228 2.268648 0.2447593 0.3470967 2.393376 0.2906717 0.6491717 2.435175 0.002218084 0.2307954 2.239379 -0.1107629 0.6764466 2.21288 -0.1360558 1.085719 2.262181 -0.1460792 1.43179 2.290618 0.07182677 0.6756851 2.246968 0.06141003 1.087434 2.219445 0.06659551 1.433194 2.260329  A_Throw_SoClose
0.02675469 -0.002153635 2.222397 -0.05582259 0.0833528 2.22544 -0.2591103 0.331504 2.124207 -0.3411137 0.6183354 2.046037 0.07403053 0.09852409 2.270664 0.243852 0.3466086 2.386259 0.2953672 0.6483088 2.424041 -0.005433602 0.23066 2.242826 -0.1157413 0.6767705 2.216156 -0.1390622 1.086122 2.265779 -0.1470047 1.432479 2.291222 0.06738611 0.6753747 2.247203 0.05915495 1.087361 2.222638 0.06704052 1.433409 2.260531  A_Throw_SoClose
0.0189028 -0.002592087 2.225527 -0.06299083 0.08355498 2.230054 -0.2668613 0.3341933 2.136598 -0.3486065 0.622236 2.062729 0.06798477 0.09792328 2.2722 0.2432554 0.3460689 2.380817 0.2994105 0.6474376 2.4144 -0.01106863 0.2305436 2.245521 -0.1196264 0.6768969 2.218803 -0.1416814 1.086325 2.268368 -0.1483122 1.432875 2.291459 0.06384106 0.6751889 2.247756 0.05734195 1.087325 2.225291 0.0670404 1.433606 2.260553  A_Throw_SoClose
0.007063525 -0.00320363 2.230353 -0.07371746 0.08393037 2.23713 -0.2766554 0.3389573 2.15523 -0.3576431 0.628967 2.088574 0.05881872 0.09700358 2.274553 0.2421915 0.344973 2.372247 0.3053661 0.6457029 2.398224 -0.01953845 0.2303828 2.249662 -0.1256471 0.6769909 2.222828 -0.1456074 1.086538 2.272297 -0.1502193 1.433325 2.292078 0.05826874 0.6749868 2.248761 0.0546753 1.087318 2.229439 0.06676419 1.43393 2.260454  A_Throw_SoClose
-0.001685841 -0.003618479 2.233997 -0.08157782 0.08426285 2.242449 -0.2822172 0.3430883 2.1688 -0.3622793 0.6346825 2.108216 0.05200775 0.09630799 2.276317 0.241309 0.3439147 2.365601 0.3096393 0.6440274 2.384778 -0.02576826 0.2302736 2.252791 -0.1302476 0.6769687 2.225847 -0.1484854 1.086606 2.275236 -0.1515621 1.43353 2.292798 0.05395146 0.6749171 2.24968 0.05275895 1.087364 2.232667 0.06629999 1.434207 2.260314  A_Throw_SoClose
-0.01046537 -0.004001141 2.237864 -0.08940069 0.08465791 2.247973 -0.2861731 0.3477979 2.182192 -0.364702 0.6410968 2.128188 0.04513647 0.09559071 2.278263 0.2404784 0.3425186 2.358889 0.3138289 0.6418623 2.369728 -0.03196536 0.2301774 2.256102 -0.1349125 0.6768799 2.228966 -0.1514398 1.086629 2.278031 -0.1531604 1.433651 2.293733 0.04953732 0.6749139 2.250783 0.05077871 1.087445 2.235963 0.06526788 1.434534 2.259783  A_Throw_SoClose
-0.01937429 -0.00433743 2.241946 -0.09727733 0.08512425 2.253709 -0.2892026 0.3527561 2.195543 -0.3655583 0.6478192 2.148479 0.03811838 0.09487534 2.280358 0.2394571 0.3408607 2.351976 0.3175465 0.6391962 2.353542 -0.03823135 0.2301072 2.259562 -0.1396449 0.6767845 2.232185 -0.1544498 1.086662 2.28072 -0.1549126 1.433762 2.294694 0.04503359 0.6749393 2.251984 0.04877897 1.087528 2.239323 0.06367381 1.434847 2.25921  A_Throw_SoClose
-0.02909683 -0.004644156 2.246897 -0.1057898 0.08571076 2.260423 -0.2909308 0.3584979 2.20998 -0.3645825 0.6554164 2.170961 0.03041454 0.09410477 2.28312 0.2385407 0.3385504 2.34462 0.32116 0.6354534 2.333346 -0.04502658 0.230062 2.26379 -0.1446559 0.6767312 2.236093 -0.1578449 1.08692 2.282413 -0.1576022 1.434068 2.295147 0.04024877 0.6749375 2.253659 0.04656138 1.08756 2.243348 0.06090112 1.435141 2.258507  A_Throw_SoClose
-0.03579025 -0.004806757 2.250535 -0.1115972 0.08615899 2.265278 -0.2916917 0.3623849 2.21982 -0.3633422 0.660485 2.186504 0.02509423 0.09360552 2.28521 0.2377852 0.3368059 2.339468 0.3230422 0.6324327 2.318482 -0.04970149 0.2300586 2.266891 -0.1480152 0.6767616 2.238966 -0.1600565 1.087263 2.282764 -0.1594134 1.434435 2.294798 0.03703042 0.674897 2.254972 0.04516359 1.087527 2.246373 0.05855699 1.43527 2.258341  A_Throw_SoClose
-0.04297028 -0.004933357 2.254638 -0.1177774 0.0866847 2.270687 -0.2921305 0.3664849 2.230256 -0.3612648 0.6658267 2.203379 0.01937057 0.09310186 2.287613 0.2368409 0.3347902 2.333854 0.3244309 0.6287264 2.301698 -0.05471234 0.2300843 2.270382 -0.1515358 0.6768582 2.242198 -0.1623401 1.08776 2.282419 -0.1612991 1.434952 2.293838 0.03364672 0.6748234 2.25651 0.04378762 1.087444 2.249829 0.05553003 1.435343 2.258602  A_Throw_SoClose
-0.05235682 -0.004987359 2.260525 -0.1257019 0.08751523 2.278374 -0.2931547 0.3715934 2.243856 -0.3595974 0.6721761 2.225339 0.01196499 0.09252357 2.291023 0.2352305 0.3322583 2.325293 0.3250152 0.6233172 2.277045 -0.06113313 0.2302107 2.275264 -0.1559778 0.6770871 2.246566 -0.164867 1.088504 2.281665 -0.1628104 1.435686 2.293263 0.02936478 0.6747518 2.258575 0.04199602 1.087339 2.254641 0.04981174 1.435423 2.259611  A_Throw_SoClose
-0.05723844 -0.004959106 2.264002 -0.1297075 0.08805501 2.282842 -0.2943314 0.3741705 2.251 -0.3598397 0.6751665 2.236248 0.008190708 0.09223878 2.293032 0.2337628 0.3313482 2.31989 0.3235876 0.6206504 2.262096 -0.06431304 0.2303275 2.278062 -0.1581316 0.6772202 2.248927 -0.1662587 1.088844 2.281704 -0.1638435 1.436017 2.293491 0.02729269 0.6747634 2.259573 0.04098405 1.087328 2.257093 0.04537548 1.435491 2.260482  A_Throw_SoClose
-0.06192855 -0.004869461 2.267485 -0.1335001 0.08866203 2.287271 -0.2957273 0.3766564 2.257683 -0.3603244 0.6779871 2.246084 0.004577832 0.09199679 2.295056 0.2324494 0.3301229 2.314428 0.3223321 0.6173657 2.247219 -0.06729482 0.2304933 2.280828 -0.1600928 0.6773872 2.2512 -0.167598 1.089185 2.281873 -0.1648936 1.436353 2.293736 0.02540441 0.6748183 2.260459 0.04003616 1.087357 2.259323 0.04044487 1.435554 2.261952  A_Throw_SoClose
-0.06586955 -0.004749775 2.270768 -0.1365993 0.08926904 2.29138 -0.2973982 0.3787957 2.263098 -0.3616613 0.6802428 2.252728 0.001599746 0.09178042 2.297035 0.2305773 0.3295047 2.309346 0.3194294 0.614948 2.233636 -0.06963788 0.2306696 2.283455 -0.1615495 0.6775186 2.253339 -0.1688094 1.089453 2.282182 -0.1660948 1.436638 2.29355 0.02401443 0.6749148 2.261136 0.03919728 1.087435 2.260995 0.03555467 1.435612 2.263691  A_Throw_SoClose
-0.0690413 -0.004616022 2.273458 -0.1390627 0.08980858 2.294753 -0.2988525 0.3805721 2.267098 -0.3629516 0.6820605 2.256923 -0.0007926653 0.0916121 2.298677 0.2286726 0.3291239 2.305067 0.3162556 0.6130653 2.222539 -0.07147257 0.2308383 2.285647 -0.1626661 0.677637 2.255217 -0.1697291 1.089678 2.282549 -0.166988 1.436874 2.29358 0.02295102 0.6750217 2.261617 0.03872593 1.087519 2.262206 0.03203662 1.435647 2.265419  A_Throw_SoClose
-0.07203041 -0.004456639 2.27604 -0.1413577 0.09036171 2.297993 -0.3003368 0.3822823 2.270572 -0.3644691 0.683746 2.259885 -0.003043396 0.09146023 2.300274 0.2265262 0.3288671 2.300892 0.3125353 0.6113567 2.211974 -0.07315718 0.2310218 2.287783 -0.1636689 0.677761 2.257124 -0.1705488 1.089899 2.283002 -0.1677654 1.437103 2.293768 0.02199413 0.6751481 2.262021 0.038457 1.087617 2.263234 0.02915074 1.435677 2.267195  A_Throw_SoClose
-0.07448266 -0.004275918 2.27843 -0.1432022 0.09088433 2.300992 -0.3013916 0.3838757 2.273102 -0.3654368 0.6852802 2.26041 -0.004867775 0.09135568 2.301791 0.2239818 0.3290939 2.296789 0.3078079 0.610475 2.202437 -0.07447664 0.231214 2.289807 -0.1645275 0.6778572 2.259051 -0.171204 1.090088 2.283469 -0.1683118 1.437295 2.294056 0.02117022 0.6753321 2.262445 0.03846111 1.087766 2.264175 0.0274721 1.435768 2.268822  A_Throw_SoClose
-0.07629059 -0.004118323 2.280339 -0.1445487 0.09130347 2.303356 -0.3020258 0.3851355 2.274893 -0.3658824 0.6864865 2.260147 -0.006211622 0.09129405 2.303022 0.2216976 0.3294655 2.293527 0.3034365 0.6100692 2.195117 -0.0754302 0.2313768 2.291403 -0.1651416 0.6779414 2.260551 -0.1716783 1.090242 2.283792 -0.1686921 1.437452 2.294282 0.02057423 0.6754871 2.262823 0.03845163 1.087894 2.264908 0.0263625 1.435852 2.270141  A_Throw_SoClose
-0.07741658 -0.003997087 2.281719 -0.1453784 0.09160006 2.305021 -0.3022009 0.3860424 2.275935 -0.3656909 0.6873665 2.259194 -0.00704555 0.09127164 2.303939 0.2197889 0.3299839 2.291199 0.2996552 0.6101967 2.190171 -0.07600413 0.2314998 2.29253 -0.1654926 0.6780116 2.261562 -0.1719572 1.090361 2.283947 -0.1689063 1.437571 2.294427 0.02023085 0.6756006 2.263154 0.03838243 1.087995 2.265426 0.02577116 1.435927 2.271049  A_Throw_SoClose
-0.07884042 -0.003819346 2.283636 -0.1464369 0.09200788 2.307263 -0.3022085 0.3872837 2.277099 -0.3649856 0.6885677 2.257239 -0.00811593 0.09126842 2.305253 0.2168566 0.3309425 2.2882 0.2937776 0.6107816 2.183904 -0.07673644 0.2316784 2.294043 -0.1658732 0.6781378 2.262812 -0.1722958 1.090546 2.284099 -0.169185 1.437752 2.294688 0.01985534 0.6757383 2.263636 0.03825976 1.08812 2.266057 0.02531351 1.436032 2.27223  A_Throw_SoClose
-0.08002822 -0.003636718 2.285466 -0.1473314 0.0923928 2.309328 -0.3019312 0.3884531 2.277917 -0.3637908 0.6896889 2.254726 -0.009026034 0.09129941 2.306555 0.2137479 0.3321353 2.285611 0.2874838 0.6118172 2.178628 -0.0773537 0.2318593 2.295437 -0.1661278 0.6782864 2.263849 -0.172575 1.090742 2.284175 -0.1694428 1.437941 2.295005 0.01960202 0.6758557 2.264116 0.03817542 1.08823 2.266555 0.02542789 1.43614 2.273171  A_Throw_SoClose
-0.08073078 -0.003465056 2.286952 -0.1478694 0.09270012 2.310947 -0.3012746 0.389447 2.27842 -0.3620989 0.6906624 2.252398 -0.00957696 0.0913738 2.307678 0.2108961 0.3334893 2.283829 0.2816559 0.6133186 2.175234 -0.07771342 0.2320262 2.296555 -0.166277 0.6784123 2.264615 -0.1728233 1.090903 2.284192 -0.1697267 1.438091 2.295356 0.01945295 0.6759812 2.264503 0.03852232 1.088333 2.266809 0.02694185 1.436287 2.273326  A_Throw_SoClose
-0.08118896 -0.003185153 2.288916 -0.1482111 0.09310901 2.313035 -0.2995285 0.390915 2.278844 -0.3584321 0.6921483 2.248905 -0.00993274 0.09155405 2.309304 0.2067621 0.3357892 2.282063 0.2731829 0.6161988 2.17223 -0.07788162 0.2322911 2.298107 -0.1664772 0.6785384 2.265637 -0.1732113 1.091079 2.28407 -0.1701833 1.43825 2.295773 0.01925399 0.6762739 2.265062 0.0396929 1.088563 2.266798 0.03121342 1.436628 2.271994  A_Throw_SoClose
-0.08111112 -0.002991557 2.289851 -0.1481418 0.09332573 2.314012 -0.2976907 0.3919129 2.278731 -0.3547999 0.6932416 2.246372 -0.009865744 0.0917083 2.310219 0.2042951 0.3373941 2.281772 0.2682908 0.6185447 2.172396 -0.07775883 0.2324673 2.298958 -0.1665787 0.6785882 2.266171 -0.1734275 1.091161 2.283812 -0.1704267 1.438321 2.295848 0.01915415 0.6765213 2.265418 0.04063489 1.08876 2.266418 0.03502556 1.436902 2.270105  A_Throw_SoClose
-0.08084093 -0.002795219 2.290522 -0.1479267 0.09350562 2.314722 -0.2955326 0.3928921 2.278464 -0.3505758 0.6943567 2.243867 -0.009649439 0.09188032 2.31098 0.2020316 0.3390124 2.281965 0.2640006 0.6211416 2.173949 -0.07753114 0.2326409 2.299669 -0.1666351 0.678639 2.266601 -0.1736616 1.091242 2.283454 -0.1707395 1.438391 2.295811 0.01909967 0.6767763 2.265766 0.04147776 1.088969 2.26583 0.03905733 1.43716 2.268047  A_Throw_SoClose
-0.08044337 -0.002620935 2.290923 -0.1476142 0.09363532 2.315161 -0.2934633 0.3936996 2.278157 -0.3465677 0.6952997 2.241759 -0.009333534 0.09204721 2.311529 0.2002506 0.3404304 2.282464 0.2608092 0.6235829 2.176343 -0.07724349 0.2327912 2.300182 -0.166637 0.6786863 2.266887 -0.1738871 1.091312 2.283076 -0.1710912 1.438452 2.295712 0.01909937 0.6770029 2.266062 0.04210206 1.08916 2.265182 0.04262574 1.437364 2.266329  A_Throw_SoClose
-0.07987534 -0.002450347 2.291168 -0.1471661 0.0937345 2.315443 -0.2913659 0.3943877 2.277822 -0.3425754 0.6961208 2.239844 -0.008880658 0.0922277 2.311961 0.1987929 0.3417888 2.283231 0.2584153 0.6260668 2.179619 -0.07686006 0.2329352 2.300578 -0.1665804 0.6787324 2.267067 -0.1741215 1.091376 2.282664 -0.171511 1.438507 2.295577 0.01915796 0.6772266 2.26634 0.04257585 1.089357 2.26446 0.04599108 1.437547 2.264888  A_Throw_SoClose
-0.07928549 -0.002305627 2.291286 -0.146698 0.09380472 2.315588 -0.2895948 0.3948854 2.277528 -0.3392471 0.6967274 2.238368 -0.008408053 0.09239149 2.312249 0.1978239 0.3428673 2.284008 0.2571171 0.6281356 2.18296 -0.0764703 0.233055 2.300817 -0.1664822 0.6787729 2.267123 -0.1743008 1.091427 2.282305 -0.1718755 1.43855 2.295477 0.01925786 0.6774145 2.266552 0.04283138 1.089531 2.263822 0.04858138 1.437691 2.263947  A_Throw_SoClose
-0.07865576 -0.002160311 2.291377 -0.1461966 0.09387112 2.315703 -0.2878004 0.3953581 2.277225 -0.3358875 0.6973024 2.236916 -0.007902188 0.09255922 2.312514 0.1969238 0.3439271 2.284821 0.2560538 0.6301947 2.186542 -0.07605462 0.2331743 2.301024 -0.1663599 0.6788152 2.267146 -0.1744657 1.091478 2.281932 -0.1722319 1.438592 2.295377 0.01938154 0.6776009 2.266752 0.04303833 1.089706 2.263157 0.0510598 1.43782 2.2632  A_Throw_SoClose
-0.07721369 -0.001835942 2.291484 -0.1450303 0.09402001 2.315827 -0.2840564 0.3962158 2.276595 -0.3288828 0.6983721 2.234173 -0.006726189 0.09294033 2.312989 0.195613 0.34592 2.286684 0.2564348 0.6343578 2.196082 -0.07508628 0.2334369 2.301285 -0.1658611 0.6789794 2.266997 -0.1745796 1.091654 2.28108 -0.1727603 1.438745 2.29517 0.01988186 0.6779396 2.26706 0.04303976 1.090052 2.261517 0.05538215 1.438039 2.262187  A_Throw_SoClose
-0.07651488 -0.001669884 2.291562 -0.1444626 0.09410274 2.315886 -0.282262 0.3965951 2.276271 -0.3254977 0.6988443 2.232871 -0.006153805 0.09313762 2.313239 0.1951384 0.346805 2.287666 0.2575502 0.6362742 2.201545 -0.07461505 0.2335725 2.301386 -0.1655512 0.6790909 2.266877 -0.1746003 1.09177 2.280613 -0.1730094 1.438849 2.295011 0.02019175 0.6780834 2.26716 0.04305204 1.090197 2.26058 0.05744394 1.438104 2.261827  A_Throw_SoClose
-0.07587515 -0.001517415 2.291593 -0.1439501 0.09417677 2.315867 -0.2808324 0.3968427 2.275906 -0.3228286 0.6991671 2.231817 -0.005636854 0.09333062 2.313424 0.1949577 0.3474935 2.288569 0.2595199 0.6378083 2.207 -0.07420252 0.2337002 2.301402 -0.1653151 0.6791953 2.266753 -0.1745763 1.091878 2.280227 -0.1731223 1.438946 2.294917 0.02042772 0.6782278 2.267223 0.04308071 1.090337 2.259727 0.05926527 1.438162 2.261611  A_Throw_SoClose
-0.07480429 -0.001285791 2.291491 -0.1430951 0.09427619 2.315674 -0.2787813 0.3971114 2.275203 -0.3191042 0.6995441 2.230304 -0.004775031 0.0936358 2.313574 0.1949013 0.348489 2.289947 0.2631909 0.639962 2.215889 -0.07352076 0.2338946 2.30129 -0.1650054 0.6793355 2.266566 -0.174528 1.092022 2.279742 -0.1732329 1.439068 2.294962 0.02073695 0.6784887 2.267342 0.04305156 1.090591 2.258538 0.06178441 1.438279 2.261628  A_Throw_SoClose
-0.07394873 -0.001103401 2.291305 -0.1424064 0.09436071 2.315407 -0.277326 0.3972467 2.274504 -0.3165367 0.6997657 2.229202 -0.004081709 0.09387171 2.313595 0.1950823 0.3491489 2.29105 0.2667446 0.6413653 2.223387 -0.07295625 0.2340491 2.301103 -0.1647373 0.6794477 2.266441 -0.174453 1.092136 2.279436 -0.1732755 1.439162 2.295106 0.02100428 0.6787136 2.267472 0.04296573 1.090813 2.257696 0.06341733 1.438394 2.26184  A_Throw_SoClose
-0.07329921 -0.0009549856 2.29114 -0.1418744 0.09444511 2.315169 -0.2762183 0.3973423 2.273858 -0.3145931 0.6999344 2.228328 -0.00354646 0.09405005 2.313591 0.1953423 0.3495775 2.291985 0.2699719 0.6422664 2.229791 -0.07249556 0.2341754 2.30093 -0.1644446 0.6795549 2.266362 -0.1743507 1.092244 2.279189 -0.1732983 1.439254 2.295208 0.02129598 0.6788878 2.267606 0.04287811 1.090987 2.257024 0.06450911 1.438485 2.262033  A_Throw_SoClose
