-0.0111063 0.04955614 4.407776 -0.07766221 0.1420635 4.44511 -0.213819 0.361618 4.311257 -0.03916393 0.1275629 4.212155 0.06062885 0.1387728 4.443692 0.341184 0.3130859 4.367838 0.2420103 0.1322926 4.138529 -0.005138857 0.2807903 4.451111 -0.08703481 0.728498 4.480494 -0.1502734 1.136115 4.501085 -0.1983908 1.474847 4.561245 0.09863754 0.7234629 4.481898 0.1763226 1.097103 4.324541 0.2331914 1.427564 4.230681  A_Kick_Close
-0.01190494 0.04656267 4.410745 -0.07719199 0.1392326 4.449696 -0.224969 0.3591454 4.321717 -0.04060845 0.1362067 4.214866 0.06096585 0.1362371 4.443317 0.3430326 0.3080292 4.360603 0.2433706 0.1480701 4.116503 -0.004841371 0.2781584 4.452103 -0.08611874 0.7260593 4.481496 -0.1503672 1.133517 4.502111 -0.1986024 1.473091 4.557218 0.09950943 0.7209637 4.47728 0.1756248 1.096699 4.324201 0.232087 1.427997 4.233089  A_Kick_Close
-0.01132653 0.04081261 4.414936 -0.07395212 0.1335137 4.457566 -0.2444772 0.3539733 4.34513 -0.04312984 0.1596673 4.215469 0.06336661 0.1313328 4.44095 0.346026 0.2991079 4.342872 0.246366 0.1836525 4.074838 -0.002624137 0.2729174 4.45313 -0.08292727 0.7211869 4.483487 -0.1476495 1.128539 4.504695 -0.1953224 1.469869 4.548233 0.1020863 0.7158324 4.467903 0.1745783 1.094643 4.320762 0.2297467 1.427088 4.233097  A_Kick_Close
-0.009902997 0.03704655 4.416526 -0.0706455 0.1296345 4.461743 -0.2553239 0.3502041 4.36194 -0.04609929 0.1786453 4.213953 0.06568111 0.1280873 4.438293 0.3473442 0.2937031 4.329385 0.2487095 0.2089673 4.04975 -0.0003993939 0.2693859 4.453038 -0.08015488 0.7178926 4.484476 -0.1445102 1.125282 4.506081 -0.1912791 1.467689 4.541354 0.1040662 0.7122948 4.461393 0.1742157 1.093241 4.318695 0.2284937 1.426562 4.23385  A_Kick_Close
-0.005211992 0.03090012 4.416687 -0.06262074 0.1229973 4.466531 -0.2689868 0.3429378 4.39153 -0.05479543 0.215842 4.209661 0.07128949 0.1227326 4.431814 0.3491854 0.2859411 4.304906 0.2548294 0.2536696 4.013084 0.005181747 0.2634162 4.451493 -0.07377462 0.7123249 4.485747 -0.1387699 1.11982 4.503015 -0.1852517 1.463244 4.526953 0.1084458 0.7061719 4.450259 0.1734536 1.090856 4.315368 0.2250994 1.425689 4.234948  A_Kick_Close
-0.001699014 0.02690899 4.416243 -0.05668281 0.1186574 4.469091 -0.2752488 0.3377939 4.412374 -0.0640568 0.2419807 4.209088 0.07512565 0.1192062 4.427097 0.3499355 0.2808132 4.288681 0.2612077 0.2830569 3.993339 0.00926997 0.2594892 4.450186 -0.06894009 0.7086934 4.48649 -0.1370419 1.115955 4.49515 -0.1858409 1.459339 4.514629 0.1114924 0.7020609 4.442881 0.1730885 1.089203 4.313536 0.2228009 1.424976 4.235865  A_Kick_Close
0.004306333 0.02110362 4.414571 -0.04663674 0.1122727 4.471891 -0.2801874 0.3296229 4.445446 -0.08254276 0.2833959 4.213266 0.08122768 0.1140269 4.419119 0.3504924 0.2731935 4.263809 0.2755555 0.3257055 3.969307 0.01619895 0.2537029 4.447602 -0.06051008 0.7034014 4.487297 -0.1390552 1.108677 4.474779 -0.1937822 1.451249 4.492757 0.1164891 0.6958774 4.431474 0.1729427 1.086742 4.311301 0.2193363 1.423899 4.237677  A_Kick_Close
0.009121733 0.01672125 4.412477 -0.03825758 0.1074717 4.473168 -0.279878 0.3233224 4.471889 -0.09897284 0.3146372 4.222278 0.08589472 0.1099979 4.4122 0.3509137 0.2670177 4.244984 0.2917778 0.3562504 3.95577 0.02206584 0.2492776 4.445009 -0.05268751 0.6994867 4.487427 -0.1430543 1.101242 4.455781 -0.2000892 1.443282 4.476508 0.1209582 0.6909486 4.422037 0.1729478 1.084901 4.310225 0.2157384 1.423147 4.239467  A_Kick_Close
0.02122499 0.002373099 4.4027 -0.0106955 0.09218585 4.473433 -0.2564452 0.3021306 4.563399 -0.1547978 0.4051943 4.291089 0.09647508 0.09565604 4.386027 0.3537754 0.2425674 4.192207 0.3886487 0.4225198 3.944204 0.04123475 0.2344381 4.433329 -0.0212876 0.6871281 4.483712 -0.1520477 1.068184 4.392756 -0.1677855 1.414297 4.417897 0.1355568 0.6732231 4.385182 0.1743327 1.077227 4.309811 0.2001674 1.419429 4.250837  A_Kick_Close
0.0210125 -0.002518773 4.400788 -0.00482641 0.08750951 4.47372 -0.2455666 0.295856 4.588685 -0.1710176 0.4214288 4.317057 0.09610762 0.08977318 4.379145 0.3595968 0.2305733 4.189315 0.434344 0.4250581 3.961954 0.04570319 0.2291713 4.429909 -0.01012848 0.6830359 4.480662 -0.1398798 1.061215 4.377126 -0.125591 1.407878 4.394289 0.1390887 0.6664175 4.371302 0.1724343 1.072538 4.305288 0.1932348 1.416264 4.253636  A_Kick_Close
0.01825305 -0.006258965 4.401103 -0.002731068 0.08432627 4.475087 -0.2381042 0.2934252 4.60379 -0.1846166 0.4282713 4.331645 0.09381975 0.08455575 4.376016 0.3655942 0.2188256 4.19601 0.4691528 0.4209448 3.987376 0.04803773 0.224964 4.428351 -0.0008777212 0.6799892 4.477422 -0.1243185 1.058445 4.367385 -0.09093432 1.404157 4.373918 0.141658 0.6604867 4.359928 0.1693481 1.067394 4.296188 0.19005 1.412168 4.252025  A_Kick_Close
-0.004377348 -0.01379812 4.412447 -0.01174085 0.08032155 4.486181 -0.2393283 0.2957989 4.624281 -0.2607363 0.4156822 4.340949 0.07672365 0.06828225 4.38051 0.377691 0.1705612 4.262219 0.5409284 0.3873342 4.115702 0.04848756 0.2139399 4.430868 0.03197934 0.6729431 4.463105 -0.05133573 1.060192 4.346178 0.0005100538 1.402372 4.3162 0.1528924 0.6393805 4.326156 0.1538221 1.044217 4.245473 0.1934238 1.389255 4.220398  A_Kick_Close
-0.06491409 0.002457738 4.439858 -0.05671636 0.1020216 4.509831 -0.2759758 0.3385303 4.619036 -0.4001463 0.3668183 4.338164 0.02930536 0.06525576 4.40792 0.3430069 0.1099254 4.369158 0.5434487 0.3189443 4.263146 0.03143241 0.2164097 4.449119 0.09516652 0.6728225 4.442015 0.04206713 1.065089 4.324194 0.06038924 1.405057 4.2552 0.1919466 0.607573 4.297524 0.1335983 0.9828 4.135648 0.2372518 1.315169 4.129779  A_Kick_Close
-0.1169091 0.04550302 4.457885 -0.0972359 0.1468532 4.526103 -0.2987557 0.4014875 4.630682 -0.4748511 0.3854038 4.378018 -0.01468442 0.09248912 4.429319 0.3036273 0.09527302 4.405126 0.530338 0.2725524 4.294316 0.01245745 0.2420355 4.46738 0.1590337 0.6785619 4.429541 0.08786429 1.069812 4.318039 0.07289954 1.40784 4.23938 0.2413056 0.5836817 4.292681 0.1039896 0.87292 4.032126 0.2497683 1.188999 4.022602  A_Kick_Close
-0.1444048 0.07690132 4.464877 -0.1182989 0.1779307 4.533095 -0.3009827 0.4442261 4.649392 -0.4861448 0.4277858 4.403318 -0.03986756 0.1166354 4.437029 0.2811837 0.09888613 4.402674 0.5199288 0.2524446 4.282155 -0.0002164076 0.2632545 4.475501 0.1908558 0.6813794 4.422221 0.1073443 1.072101 4.317639 0.07530786 1.408756 4.238198 0.2641006 0.5708752 4.292122 0.09384699 0.7973391 3.991904 0.2795673 1.09094 3.96836  A_Kick_Close
-0.1681387 0.1091381 4.470893 -0.1356365 0.2089537 4.539674 -0.2919801 0.4857883 4.676239 -0.4716161 0.4841689 4.425569 -0.06269573 0.143247 4.442209 0.2590315 0.1087714 4.388559 0.5057061 0.2381364 4.256193 -0.01215248 0.286137 4.481923 0.2169573 0.6833106 4.414413 0.1241747 1.074134 4.318375 0.07574989 1.409033 4.239819 0.2800541 0.5596871 4.290973 0.08483924 0.7260559 3.967529 0.3195327 0.9781232 3.916256  A_Kick_Close
-0.1852363 0.1288357 4.477587 -0.1468189 0.2268183 4.546853 -0.2744159 0.509258 4.705973 -0.4385578 0.5329895 4.445969 -0.08018987 0.1597106 4.445885 0.2386514 0.1158404 4.373847 0.489416 0.2290552 4.234549 -0.02191655 0.2994287 4.486289 0.2278475 0.6824419 4.409289 0.1357568 1.07484 4.319189 0.07560177 1.407718 4.240149 0.2820165 0.5529643 4.287622 0.0954987 0.7035467 3.951558 0.3751687 0.8920743 3.865013  A_Kick_Close
-0.197964 0.1462494 4.482883 -0.1547423 0.2425214 4.552443 -0.2573736 0.5267922 4.729031 -0.4067434 0.5694693 4.462619 -0.0933864 0.1745328 4.448759 0.2221343 0.1233963 4.361731 0.4751879 0.2232791 4.216501 -0.02885888 0.3113599 4.489551 0.2369766 0.6818095 4.404262 0.1458154 1.075569 4.319304 0.07608028 1.406694 4.240774 0.2835288 0.5478727 4.284281 0.102036 0.6838542 3.939357 0.4075862 0.8108639 3.830934  A_Kick_Close
-0.2123557 0.1625005 4.49181 -0.1625119 0.2560807 4.561113 -0.2333328 0.5383304 4.758482 -0.3638531 0.6051117 4.487165 -0.1088697 0.1879412 4.453331 0.2004472 0.1289369 4.351056 0.4568721 0.2169386 4.204065 -0.03697179 0.3211704 4.493706 0.2418884 0.679939 4.400111 0.1500042 1.074165 4.318152 0.07367535 1.403987 4.240269 0.2796078 0.5436484 4.27968 0.1398429 0.6799435 3.915959 0.4571714 0.7359837 3.784012  A_Kick_Close
-0.2320454 0.1893635 4.506496 -0.1719666 0.278116 4.574634 -0.1922688 0.5506728 4.798568 -0.2934838 0.6453522 4.52307 -0.1308214 0.2106435 4.461092 0.1669801 0.1398683 4.337358 0.4281999 0.2098055 4.18911 -0.04784612 0.3377469 4.49994 0.2481085 0.6788362 4.393382 0.1546915 1.073577 4.315744 0.06970121 1.401705 4.239702 0.2723773 0.5402651 4.272094 0.2020837 0.6607005 3.883562 0.5081938 0.6144802 3.724163  A_Kick_Close
-0.2469597 0.2110586 4.521751 -0.1779648 0.2949227 4.587655 -0.1582711 0.5550452 4.827072 -0.2443129 0.6649426 4.552069 -0.1482528 0.2288885 4.469782 0.1378403 0.1466573 4.332926 0.4046687 0.2034037 4.189096 -0.0562381 0.350387 4.506125 0.2501585 0.6791264 4.391006 0.1543134 1.073491 4.314425 0.06616022 1.400998 4.239307 0.2642202 0.540929 4.267696 0.2586034 0.6303932 3.864747 0.5387812 0.5419986 3.677839  A_Kick_Close
-0.2612479 0.2362832 4.538335 -0.1828795 0.3142282 4.600751 -0.121844 0.5576994 4.851127 -0.2002565 0.6783445 4.578356 -0.1659328 0.2505728 4.479104 0.1056634 0.1556404 4.328795 0.3776138 0.1978819 4.189644 -0.06457512 0.3655003 4.511779 0.2515089 0.6814362 4.38807 0.151788 1.075133 4.313015 0.06202414 1.402642 4.239843 0.2554456 0.5444313 4.262708 0.317089 0.582908 3.856354 0.5659083 0.4709738 3.640004  A_Kick_Close
-0.2711367 0.2644688 4.557451 -0.1829924 0.3351967 4.614672 -0.07974933 0.5578232 4.870872 -0.1605117 0.6879927 4.603214 -0.1804486 0.2751698 4.490062 0.07279499 0.1660724 4.325902 0.3494075 0.1919481 4.192035 -0.06948875 0.3823276 4.517531 0.2555725 0.6849883 4.385414 0.1501765 1.077593 4.312424 0.06110944 1.405908 4.242063 0.2495522 0.5501325 4.257824 0.3555282 0.5222846 3.859833 0.5568812 0.4142163 3.597105  A_Kick_Close
-0.27737 0.2855623 4.570588 -0.1832285 0.351265 4.623514 -0.05491481 0.5621942 4.87819 -0.1464615 0.6966549 4.616185 -0.1900033 0.2934175 4.498034 0.04958405 0.1749021 4.322316 0.3263483 0.1917555 4.187327 -0.07293622 0.3949462 4.521199 0.2578267 0.6883351 4.38366 0.1465879 1.079465 4.311426 0.06167157 1.40923 4.242739 0.2473988 0.5538398 4.255974 0.397194 0.4835175 3.877795 0.5605 0.4022197 3.581198  A_Kick_Close
-0.2819167 0.3066276 4.581632 -0.1828674 0.3677536 4.630411 -0.03312896 0.5701038 4.880056 -0.1356053 0.7060964 4.622933 -0.1975669 0.3114358 4.504913 0.02967741 0.1852697 4.318451 0.3050918 0.1946217 4.180018 -0.07526205 0.4075426 4.523739 0.260702 0.6916128 4.380627 0.1433399 1.08098 4.308556 0.06259336 1.411985 4.240814 0.2472261 0.556457 4.253927 0.4364775 0.4478749 3.903503 0.5625461 0.40231 3.582133  A_Kick_Close
-0.2859461 0.3228416 4.587126 -0.184386 0.3815024 4.633523 -0.02357261 0.5850989 4.874528 -0.1353398 0.7157935 4.618531 -0.2027294 0.3243343 4.508893 0.01880475 0.1943996 4.314789 0.2905192 0.2025843 4.169157 -0.07724492 0.4167966 4.524822 0.262724 0.6933097 4.377466 0.1401619 1.080732 4.303594 0.06268306 1.412405 4.2353 0.249475 0.5554878 4.253647 0.4733182 0.4293265 3.930566 0.5878885 0.4340844 3.601782  A_Kick_Close
-0.288578 0.3343672 4.589323 -0.1862165 0.3924655 4.634902 -0.02186213 0.6044335 4.865212 -0.1396165 0.7243657 4.606644 -0.205028 0.3326329 4.5116 0.01637562 0.2014331 4.313669 0.2833167 0.2116326 4.159582 -0.07797574 0.4232002 4.525907 0.2648813 0.6940732 4.375566 0.1394797 1.080247 4.29994 0.06259121 1.41191 4.230935 0.253013 0.5532626 4.255012 0.4783134 0.4367718 3.929323 0.5966936 0.4346479 3.601864  A_Kick_Close
-0.2903585 0.3424397 4.589594 -0.1880595 0.4009898 4.635176 -0.02389733 0.6236009 4.854277 -0.1455455 0.7308758 4.591977 -0.2057959 0.3378364 4.51338 0.01803179 0.2066267 4.313779 0.2798742 0.2198629 4.151397 -0.07804398 0.4275421 4.52686 0.266985 0.6941756 4.374499 0.1400709 1.079537 4.297273 0.06238528 1.410853 4.227495 0.25692 0.55053 4.25717 0.4661616 0.4559196 3.914139 0.5997431 0.4245218 3.594111  A_Kick_Close
-0.2917522 0.3490682 4.586728 -0.1902708 0.4091179 4.632872 -0.0299382 0.6470037 4.836584 -0.1556497 0.7363189 4.569512 -0.205399 0.3412153 4.513299 0.0235038 0.2113184 4.313462 0.277577 0.2323844 4.139947 -0.07750897 0.4307936 4.526309 0.2697353 0.6935772 4.373042 0.1423033 1.078501 4.294493 0.06295265 1.409295 4.224123 0.2624178 0.5468961 4.25932 0.4484739 0.4801818 3.896917 0.6140297 0.4280804 3.595048  A_Kick_Close
-0.2915854 0.3544059 4.576966 -0.1926336 0.4183513 4.624621 -0.04350344 0.6815261 4.800342 -0.1739179 0.7389859 4.52685 -0.2017394 0.3422145 4.50948 0.03743823 0.2165811 4.312209 0.2752108 0.2534478 4.119311 -0.07477652 0.4331036 4.52248 0.2751388 0.6922476 4.370327 0.1486548 1.077318 4.29097 0.06540824 1.407053 4.220127 0.2729355 0.5416119 4.261673 0.4151894 0.5179232 3.874883 0.6360233 0.4496493 3.614462  A_Kick_Close
-0.2893506 0.352998 4.563253 -0.1935058 0.4210454 4.612473 -0.05959223 0.7037759 4.764406 -0.1947862 0.7342737 4.488907 -0.1963544 0.3384676 4.501522 0.05182405 0.2170314 4.30909 0.2674015 0.2729435 4.095771 -0.07119994 0.4317385 4.51517 0.2803697 0.6912299 4.368539 0.1558307 1.076887 4.288959 0.06989546 1.405828 4.217635 0.283622 0.5386199 4.262703 0.3924467 0.5468909 3.864593 0.6581493 0.4759898 3.650997  A_Kick_Close
-0.2834941 0.3486516 4.54639 -0.1914835 0.4213194 4.597156 -0.07561396 0.7214666 4.722158 -0.21656 0.7228407 4.447859 -0.1872751 0.3324885 4.49119 0.06960244 0.2156482 4.304806 0.2517461 0.288242 4.066776 -0.06450514 0.4287491 4.505711 0.2882318 0.6904964 4.367241 0.1653273 1.076661 4.287577 0.07679649 1.404792 4.215704 0.2981263 0.5363579 4.264067 0.3548075 0.5775905 3.857261 0.6582306 0.5200642 3.69641  A_Kick_Close
-0.2780329 0.3416114 4.531397 -0.1892795 0.4176188 4.583426 -0.08978592 0.7277349 4.6913 -0.2364125 0.7090694 4.420635 -0.179594 0.325393 4.480772 0.08329816 0.2117069 4.299813 0.2296088 0.2964239 4.041897 -0.05918692 0.4244219 4.496418 0.2934169 0.6907561 4.36743 0.1714954 1.077155 4.287393 0.08263989 1.405132 4.215215 0.3093518 0.536455 4.265259 0.3274717 0.5980913 3.85749 0.6550223 0.5662459 3.743717  A_Kick_Close
-0.2701598 0.3288863 4.511868 -0.1857996 0.4087533 4.565648 -0.1073148 0.7275629 4.656412 -0.2602929 0.6863117 4.39183 -0.1692523 0.3138126 4.466402 0.1004582 0.2053967 4.291403 0.1900208 0.3012112 4.012293 -0.05236475 0.4166644 4.483957 0.2979743 0.6918537 4.368926 0.1761145 1.078086 4.287995 0.08877589 1.406516 4.216027 0.322512 0.5382161 4.267462 0.2948186 0.6226094 3.864331 0.6378174 0.6545708 3.813557  A_Kick_Close
-0.2557796 0.2968447 4.481378 -0.1791931 0.3818312 4.538706 -0.1334112 0.707572 4.617918 -0.2890805 0.6397524 4.360479 -0.1516838 0.2866107 4.442199 0.1279375 0.1920432 4.273677 0.1082332 0.2983055 3.984844 -0.04217349 0.3964878 4.464197 0.2971825 0.693874 4.374811 0.176082 1.0793 4.289042 0.0970083 1.409823 4.217099 0.3380781 0.5435427 4.273669 0.2657001 0.6754746 3.889275 0.5578609 0.8576339 3.941313  A_Kick_Close
-0.2446557 0.2699009 4.463144 -0.173589 0.3576882 4.523032 -0.1461198 0.6851965 4.603152 -0.2949909 0.6071352 4.344596 -0.1389832 0.264222 4.427095 0.1465872 0.1837416 4.26085 0.05972113 0.2912169 3.985156 -0.03542874 0.3790612 4.452352 0.290972 0.6947898 4.379308 0.1741716 1.08041 4.28859 0.1029303 1.412462 4.215514 0.3438334 0.5480645 4.278417 0.2628005 0.7297429 3.916713 0.4751874 0.9851249 4.02121  A_Kick_Close
-0.2311557 0.2394708 4.445941 -0.1659415 0.3297549 4.508385 -0.1541317 0.6577639 4.594148 -0.2888665 0.5752062 4.329311 -0.1243323 0.239112 4.412522 0.1664046 0.1777332 4.247441 0.02369078 0.2828478 3.995076 -0.02762352 0.3590685 4.440934 0.2805922 0.695303 4.383358 0.1722969 1.082498 4.288877 0.1096637 1.416063 4.214813 0.3463639 0.5539287 4.282418 0.259028 0.7971541 3.960521 0.3976174 1.093415 4.07998  A_Kick_Close
-0.1993561 0.1802423 4.416513 -0.1465928 0.274713 4.483608 -0.1623514 0.6008371 4.585006 -0.2573442 0.5206953 4.302763 -0.09152107 0.1916189 4.387692 0.205356 0.178979 4.22636 -0.003194077 0.2737992 4.019913 -0.0106263 0.3214917 4.421433 0.2504174 0.697907 4.391185 0.1651758 1.089775 4.292451 0.1201771 1.425822 4.216814 0.3410542 0.5718032 4.289281 0.2540171 0.9042708 4.060604 0.3124324 1.238545 4.138684  A_Kick_Close
-0.1781615 0.1486766 4.400885 -0.1329993 0.2448771 4.470486 -0.1649016 0.5680195 4.580988 -0.2357783 0.4919157 4.290658 -0.07045494 0.1672682 4.374557 0.2257981 0.1860269 4.215704 -0.007121606 0.2704217 4.032046 0.0001892616 0.3022294 4.411222 0.2297965 0.6989791 4.395655 0.1610092 1.093677 4.295373 0.1278908 1.430909 4.218875 0.333592 0.5837362 4.293444 0.2544737 0.9494674 4.119133 0.2807772 1.293873 4.163191  A_Kick_Close
-0.1611513 0.1276876 4.390093 -0.1218302 0.22473 4.461527 -0.1667028 0.5446348 4.57758 -0.2216146 0.4702369 4.283374 -0.05385981 0.1518822 4.365555 0.2394162 0.1946664 4.207958 -0.007142587 0.2696409 4.038571 0.00860812 0.2901744 4.404573 0.2139625 0.7000046 4.399447 0.1572195 1.096382 4.298256 0.1329033 1.43423 4.221173 0.326628 0.5933437 4.297313 0.2581163 0.9755788 4.157292 0.2655087 1.323156 4.176867  A_Kick_Close
-0.1454167 0.1107981 4.3806 -0.1112771 0.2082782 4.453596 -0.1677513 0.5247083 4.573996 -0.2094099 0.451618 4.277297 -0.03873418 0.1399531 4.357645 0.2503053 0.2037081 4.201168 -0.006406052 0.2692063 4.043326 0.01630987 0.2807699 4.398757 0.199849 0.7006402 4.402533 0.1538014 1.098433 4.301461 0.1373741 1.436796 4.224559 0.3197229 0.6018503 4.300688 0.2617022 0.9952375 4.189857 0.2542472 1.343364 4.189364  A_Kick_Close
-0.1255998 0.09230435 4.368179 -0.09805469 0.1899366 4.443026 -0.1695042 0.5013458 4.566889 -0.1966906 0.427983 4.268583 -0.01997022 0.1277459 4.347254 0.2616263 0.2171307 4.19177 -0.005220635 0.2682227 4.04587 0.02543552 0.2711492 4.391108 0.1817888 0.7015112 4.405423 0.1477804 1.100685 4.305033 0.14067 1.43956 4.22896 0.3097762 0.6125894 4.30436 0.2705831 1.016681 4.229678 0.2540925 1.364185 4.214962  A_Kick_Close
-0.1050902 0.0782032 4.358764 -0.08369617 0.1755824 4.435202 -0.1692573 0.4817104 4.560381 -0.1848099 0.4062642 4.261762 -0.0007380675 0.1194954 4.339758 0.271954 0.2317196 4.184803 -0.001742406 0.2679238 4.047385 0.03548302 0.2646793 4.386224 0.167018 0.7028201 4.409657 0.1427576 1.102912 4.310096 0.1436073 1.442116 4.235171 0.3016523 0.6229363 4.309688 0.2704715 1.030513 4.252132 0.2436993 1.376242 4.220477  A_Kick_Close
-0.07701938 0.06278896 4.345805 -0.0639026 0.1592669 4.424228 -0.1706709 0.4568276 4.549174 -0.1708889 0.3779433 4.251039 0.02516999 0.1117804 4.329632 0.283417 0.2527812 4.17549 0.003722684 0.2661467 4.046273 0.04894664 0.2583518 4.379641 0.1485961 0.7041551 4.414565 0.1292061 1.104654 4.315573 0.1419918 1.445463 4.249544 0.2909071 0.6358768 4.316651 0.2674806 1.045788 4.273903 0.234267 1.389617 4.230011  A_Kick_Close
-0.04846535 0.05083609 4.332833 -0.04371248 0.1457694 4.413046 -0.1711467 0.4336345 4.534495 -0.157059 0.3493686 4.23817 0.05100228 0.1074142 4.319798 0.2919607 0.2750995 4.16647 0.01012762 0.2630343 4.041854 0.06210681 0.2542439 4.373343 0.1311848 0.7050731 4.419008 0.1079444 1.104987 4.318493 0.1344887 1.447655 4.268014 0.2800325 0.6478403 4.32377 0.2625712 1.058598 4.28667 0.2317652 1.402454 4.241261  A_Kick_Close
-0.02232586 0.04323804 4.320869 -0.02566247 0.1361829 4.402573 -0.1732004 0.4135541 4.516436 -0.1448405 0.322807 4.223062 0.07417209 0.1065797 4.311502 0.2974782 0.2964097 4.159362 0.01770999 0.2580371 4.03542 0.07339932 0.252601 4.368304 0.1168707 0.7059339 4.42369 0.08570667 1.10535 4.323339 0.1212598 1.449215 4.289182 0.2709686 0.6577631 4.331848 0.2562008 1.068128 4.28959 0.231705 1.412907 4.247456  A_Kick_Close
-0.003976924 0.03931236 4.31276 -0.01296566 0.1305649 4.395332 -0.1740178 0.3997999 4.502674 -0.1351078 0.3046587 4.211914 0.09014757 0.1072102 4.306116 0.3001679 0.3110096 4.154857 0.0238405 0.2537886 4.030465 0.08107026 0.2521271 4.36499 0.1070985 0.7062685 4.426841 0.0696692 1.105235 4.326844 0.1107421 1.449454 4.304475 0.264517 0.6642357 4.337655 0.2515708 1.074083 4.290101 0.2322512 1.419615 4.251606  A_Kick_Close
0.01539619 0.0372355 4.303215 -0.0006845425 0.1262739 4.386532 -0.1779627 0.3850565 4.481482 -0.1238055 0.2841151 4.195151 0.106678 0.1098791 4.300848 0.3021595 0.3275759 4.151975 0.03326621 0.2471461 4.024179 0.08799656 0.2530161 4.361776 0.09666677 0.7071983 4.431174 0.04925456 1.106326 4.33618 0.08732541 1.451545 4.329247 0.2579219 0.6709329 4.346421 0.2460535 1.078838 4.28416 0.2336474 1.425067 4.24924  A_Kick_Close
0.03317602 0.0367142 4.294693 0.01030298 0.1234238 4.378365 -0.1810466 0.3715733 4.459416 -0.1112021 0.2654498 4.178405 0.1215254 0.1134852 4.296706 0.3033766 0.3424195 4.1503 0.04410054 0.2401742 4.018291 0.09384538 0.2545313 4.35907 0.08683707 0.7081299 4.435102 0.02919401 1.107363 4.346418 0.06000133 1.453284 4.354412 0.2515478 0.6769027 4.355122 0.241677 1.08222 4.277509 0.2357046 1.428965 4.246205  A_Kick_Close
0.04556723 0.0377984 4.288434 0.01664467 0.1226909 4.371841 -0.1859412 0.3618083 4.436301 -0.09944294 0.2508693 4.16186 0.1316659 0.1170739 4.295187 0.3055055 0.3528142 4.152731 0.05744441 0.2333794 4.013787 0.09691788 0.2564725 4.357717 0.07876201 0.7093666 4.437914 0.01228221 1.110072 4.363146 0.02151562 1.456855 4.381318 0.2466201 0.6812927 4.363503 0.2395587 1.0845 4.275314 0.2374488 1.431377 4.244978  A_Kick_Close
0.05594357 0.03924847 4.283995 0.02184458 0.1225398 4.366857 -0.1889239 0.3537339 4.415689 -0.08749239 0.2385716 4.148188 0.1399872 0.1204221 4.294919 0.3076535 0.3610229 4.155811 0.07052203 0.2275283 4.010717 0.09929313 0.2583604 4.3571 0.07145794 0.7104917 4.440097 -0.002474351 1.112264 4.379368 -0.01387386 1.458617 4.403521 0.2419065 0.6851081 4.370783 0.2380235 1.086385 4.274009 0.2390726 1.433325 4.24435  A_Kick_Close
0.064546 0.04139102 4.281995 0.02506377 0.1232979 4.36372 -0.1927042 0.3466792 4.392129 -0.07299046 0.2254753 4.135057 0.1467125 0.1236908 4.297852 0.3120017 0.3672546 4.163351 0.08794035 0.2211746 4.009853 0.1004279 0.2605349 4.358521 0.06270833 0.711924 4.441995 -0.01620798 1.115784 4.406727 -0.05539237 1.460312 4.427674 0.2359393 0.6892273 4.378928 0.2359553 1.088614 4.274555 0.239499 1.435411 4.243452  A_Kick_Close
0.07240708 0.04402137 4.281783 0.02751573 0.1245494 4.361909 -0.1951927 0.3400198 4.367353 -0.05572973 0.2118045 4.124004 0.1525957 0.1271057 4.302869 0.3178851 0.372514 4.173511 0.1083004 0.2151921 4.010942 0.1008327 0.2629868 4.361233 0.05253204 0.7135385 4.443611 -0.03002296 1.118194 4.439914 -0.08911739 1.460417 4.447979 0.2284581 0.6938139 4.387374 0.2331074 1.091136 4.275495 0.2393755 1.43772 4.242508  A_Kick_Close
0.07843842 0.04693103 4.283304 0.02856775 0.1262114 4.361512 -0.1963885 0.3342755 4.343485 -0.03770814 0.1986833 4.116454 0.156689 0.1304007 4.309506 0.324441 0.3765452 4.185718 0.1293995 0.2102051 4.01427 0.1000651 0.2655561 4.364969 0.04144402 0.7152415 4.444657 -0.04345218 1.11818 4.476406 -0.1018392 1.460428 4.464972 0.2197246 0.6985513 4.39527 0.2293084 1.093814 4.276615 0.2383601 1.44012 4.241429  A_Kick_Close
0.08076115 0.04889607 4.285479 0.02761819 0.1272527 4.362098 -0.1969386 0.3307601 4.327076 -0.0251169 0.1894586 4.11349 0.1577001 0.1325119 4.31532 0.3301823 0.3780556 4.196083 0.1449856 0.2079322 4.017576 0.09772833 0.2672042 4.368336 0.03205057 0.716337 4.445356 -0.05107717 1.11744 4.498092 -0.08934765 1.462168 4.478806 0.2117766 0.7015976 4.400827 0.2252031 1.095151 4.276976 0.2366992 1.441186 4.239893  A_Kick_Close
0.08249779 0.05085504 4.287368 0.0264792 0.1283509 4.362467 -0.196624 0.3276625 4.312387 -0.01375936 0.1814491 4.111664 0.1581313 0.1345841 4.320442 0.3349192 0.3795561 4.20557 0.1587441 0.2062224 4.021119 0.09524722 0.268837 4.371149 0.0233431 0.7174242 4.445539 -0.0588182 1.115832 4.516919 -0.06962 1.462512 4.497665 0.2042315 0.7044306 4.405388 0.2213709 1.096395 4.27704 0.2352214 1.442171 4.238374  A_Kick_Close
0.08376469 0.05220807 4.289395 0.02564444 0.1290118 4.363151 -0.1951011 0.3258539 4.30211 -0.004769249 0.1758415 4.111381 0.1583897 0.1361312 4.324872 0.3401559 0.3798455 4.213431 0.1701746 0.2056749 4.024023 0.09316202 0.2699796 4.373651 0.01680799 0.7181777 4.446068 -0.06510477 1.115666 4.52267 -0.06980442 1.462694 4.50772 0.1985052 0.7063134 4.409368 0.2185081 1.096978 4.277516 0.2341931 1.44246 4.236975  A_Kick_Close
0.08546646 0.05402327 4.292377 0.02461119 0.1298672 4.364234 -0.1920365 0.3235232 4.288961 0.007438438 0.1685739 4.11202 0.1586446 0.1382264 4.331031 0.3474574 0.3800139 4.224586 0.1857716 0.205173 4.028645 0.09032507 0.2714891 4.377105 0.008163707 0.7191406 4.446777 -0.07368009 1.115739 4.527934 -0.07552449 1.463002 4.519089 0.1908288 0.7087362 4.414734 0.2148577 1.097605 4.278326 0.2331469 1.442646 4.235198  A_Kick_Close
0.08630605 0.05525482 4.295397 0.0235035 0.1304775 4.365579 -0.1887705 0.3228434 4.280727 0.01611032 0.1641763 4.113526 0.1583756 0.139805 4.336257 0.3534339 0.3794391 4.233559 0.1976641 0.2050945 4.032451 0.08774169 0.2726173 4.380088 0.001715319 0.719926 4.447641 -0.07983123 1.116765 4.527915 -0.0891556 1.463974 4.522199 0.1850365 0.7103747 4.419292 0.2123082 1.097928 4.279784 0.2326721 1.442541 4.234234  A_Kick_Close
0.08700682 0.05667651 4.299252 0.02201779 0.1312033 4.36734 -0.1843483 0.3224988 4.27199 0.02593167 0.1595372 4.115999 0.157721 0.1416889 4.342603 0.3604272 0.3784413 4.244605 0.2116568 0.2050766 4.037442 0.08444281 0.2739528 4.383663 -0.005855961 0.7208757 4.448667 -0.086821 1.118394 4.526118 -0.1079148 1.465131 4.524721 0.178138 0.7122225 4.424732 0.209395 1.098241 4.281846 0.2323295 1.442289 4.233339  A_Kick_Close
0.08525397 0.05787408 4.305115 0.0180616 0.1322627 4.370276 -0.180093 0.3245134 4.26528 0.03354307 0.1559894 4.120136 0.1545354 0.1435697 4.350672 0.3664618 0.3761013 4.257771 0.2258653 0.203438 4.044406 0.07883944 0.2755373 4.388143 -0.01511185 0.7221571 4.449967 -0.09348635 1.120342 4.526655 -0.1195257 1.466733 4.529728 0.1695259 0.7142694 4.431307 0.2056664 1.099008 4.28614 0.231691 1.4423 4.233976  A_Kick_Close
0.08269043 0.05855727 4.310278 0.01415755 0.1331964 4.37319 -0.1776279 0.3268507 4.262342 0.03696175 0.1537848 4.124115 0.1510678 0.1447234 4.357067 0.3693493 0.3739719 4.267732 0.2347285 0.2009532 4.050831 0.0741296 0.2767098 4.391844 -0.02173559 0.7231767 4.45126 -0.09825151 1.121874 4.52716 -0.1272308 1.467982 4.533739 0.1632574 0.7157639 4.436287 0.2028632 1.09929 4.288834 0.2310916 1.441831 4.233004  A_Kick_Close
0.0792013 0.05882168 4.315241 0.00983228 0.1340497 4.376231 -0.1765323 0.3295362 4.261616 0.03744378 0.1521459 4.127996 0.147039 0.1453211 4.362647 0.3701015 0.3717606 4.275828 0.2402071 0.1974206 4.057111 0.06962503 0.277597 4.395198 -0.02702634 0.7240175 4.452576 -0.1022262 1.123227 4.527081 -0.1338013 1.469035 4.536773 0.1581845 0.7169166 4.440408 0.2006586 1.099645 4.291685 0.230733 1.441553 4.233017  A_Kick_Close
0.07473643 0.05900586 4.321099 0.004571216 0.1350435 4.379912 -0.1756067 0.3326664 4.261456 0.03697737 0.1501126 4.132655 0.1420568 0.1458395 4.369031 0.3701428 0.3690895 4.284907 0.2454341 0.1924421 4.065026 0.06438662 0.2785524 4.399098 -0.03278587 0.7249535 4.454179 -0.106681 1.124889 4.526055 -0.141746 1.47021 4.540111 0.1526105 0.7181663 4.445033 0.1984005 1.099937 4.29484 0.230628 1.441082 4.232958  A_Kick_Close
0.06752397 0.05892801 4.329458 -0.003346367 0.1364239 4.385423 -0.1754013 0.3370974 4.262801 0.03368618 0.1469905 4.139312 0.1344336 0.1460843 4.377637 0.3681919 0.3651887 4.29634 0.2496961 0.1834686 4.077157 0.05710836 0.2796715 4.404556 -0.03980206 0.7261406 4.456662 -0.11238 1.127417 4.522115 -0.1532924 1.471686 4.544003 0.1457467 0.7196516 4.451084 0.1960397 1.100018 4.298784 0.2311972 1.440062 4.232587  A_Kick_Close
0.06094344 0.05876219 4.336612 -0.01035057 0.1376076 4.390171 -0.1755119 0.3407387 4.264369 0.02986773 0.1440712 4.145002 0.1276195 0.1461483 4.384827 0.3658259 0.361707 4.30571 0.2520995 0.1751243 4.088092 0.05085756 0.2805548 4.409156 -0.045494 0.7270932 4.458831 -0.116974 1.129447 4.518638 -0.1616619 1.47274 4.547388 0.1401263 0.7208285 4.456112 0.194263 1.099949 4.302033 0.2319209 1.438997 4.232205  A_Kick_Close
0.05431362 0.05853903 4.343475 -0.01724343 0.1387523 4.394749 -0.1758363 0.3441094 4.266189 0.02541699 0.1411191 4.150432 0.1208624 0.1461059 4.391591 0.363032 0.3582616 4.314371 0.2534029 0.1666629 4.099021 0.04484661 0.281347 4.413519 -0.05071608 0.727957 4.460954 -0.1211517 1.131279 4.515216 -0.1685928 1.473585 4.550577 0.1349304 0.7218846 4.460832 0.19275 1.09977 4.305065 0.2328115 1.437816 4.231799  A_Kick_Close
0.0473599 0.05824816 4.350413 -0.02432416 0.1398711 4.399415 -0.1764758 0.3473408 4.268401 0.02026101 0.1381565 4.155955 0.1138733 0.1459898 4.398286 0.3598942 0.3546171 4.322707 0.2537987 0.1580697 4.110063 0.03873779 0.2820808 4.417864 -0.05586712 0.7287628 4.463095 -0.1251388 1.132945 4.512215 -0.1743384 1.474313 4.553701 0.1297713 0.7228767 4.465394 0.1911876 1.099516 4.307996 0.2336527 1.436511 4.231319  A_Kick_Close
0.04023148 0.05788004 4.357284 -0.03143547 0.1409291 4.404088 -0.1774698 0.3503591 4.270975 0.0144604 0.1352416 4.161453 0.1068152 0.1457845 4.404757 0.3564833 0.3508276 4.330451 0.2532307 0.1495265 4.120877 0.03267844 0.2827243 4.422097 -0.06080387 0.7294781 4.465217 -0.1288567 1.134395 4.509778 -0.1789648 1.474943 4.55658 0.1248005 0.7237648 4.469679 0.1896159 1.099183 4.310733 0.2344049 1.435103 4.230739  A_Kick_Close
0.03275259 0.05743968 4.364323 -0.03876601 0.1419462 4.408947 -0.1788998 0.353253 4.274003 0.00804724 0.1324605 4.16719 0.09950663 0.1454989 4.411252 0.3529395 0.3467563 4.338111 0.2520293 0.1412539 4.131495 0.02648141 0.2832934 4.426397 -0.0657367 0.7301182 4.467416 -0.1324665 1.135723 4.507497 -0.1829492 1.475475 4.559399 0.1198152 0.7245737 4.473841 0.1879243 1.098815 4.313504 0.2350566 1.433625 4.230267  A_Kick_Close
0.02438142 0.05680299 4.372012 -0.04678677 0.1429046 4.414406 -0.1812551 0.3561147 4.277936 0.0003438164 0.1297166 4.173661 0.09148528 0.1450187 4.418098 0.3490938 0.3419772 4.345883 0.2499021 0.1330531 4.141882 0.01978661 0.2837322 4.431029 -0.07086186 0.7306414 4.469871 -0.1361083 1.136908 4.505434 -0.1864568 1.475913 4.562129 0.1146298 0.7252567 4.477956 0.1859303 1.098385 4.316418 0.2354644 1.432016 4.229903  A_Kick_Close
0.01706512 0.05610001 4.378716 -0.05364595 0.1435562 4.419357 -0.184137 0.3582855 4.281965 -0.006734414 0.1277308 4.179591 0.08461596 0.1444474 4.42384 0.3460358 0.3375666 4.352284 0.2477827 0.1272718 4.14924 0.01411618 0.2839246 4.435034 -0.07506375 0.7309169 4.472018 -0.1390757 1.137686 4.503891 -0.1890038 1.47616 4.564029 0.1103891 0.72566 4.481028 0.1841086 1.09803 4.318826 0.2355982 1.430696 4.229776  A_Kick_Close
0.01142736 0.05542314 4.383913 -0.05882404 0.1439011 4.423357 -0.1870568 0.3597263 4.285551 -0.01245247 0.1264964 4.184433 0.07943197 0.1438717 4.428102 0.3439407 0.3339514 4.35691 0.2460706 0.1238893 4.15344 0.009877758 0.2839128 4.438107 -0.07809006 0.7309806 4.473688 -0.1412255 1.138086 4.502912 -0.1907023 1.476259 4.565078 0.1073514 0.7258091 4.482975 0.1826303 1.097777 4.320566 0.2354925 1.429766 4.229811  A_Kick_Close
0.004325824 0.0543555 4.390632 -0.06520192 0.1440966 4.428776 -0.1918569 0.3612164 4.290824 -0.0199338 0.1254047 4.191111 0.07305564 0.1429473 4.433335 0.341718 0.3289804 4.362269 0.243986 0.1212637 4.156341 0.004699187 0.2836649 4.442015 -0.08164601 0.7308512 4.475779 -0.1438485 1.138316 4.501822 -0.192649 1.476264 4.565725 0.1038129 0.7257714 4.484764 0.1807386 1.097484 4.322543 0.2352103 1.428706 4.229954  A_Kick_Close
-0.001004918 0.05324483 4.39595 -0.06981806 0.1439215 4.433384 -0.1969476 0.3619469 4.29581 -0.02589612 0.1251563 4.196921 0.06845517 0.1419746 4.437123 0.3406114 0.3246729 4.365676 0.2426785 0.1214505 4.155405 0.0009976197 0.2831711 4.445023 -0.08400439 0.7304853 4.477342 -0.1457462 1.138154 4.50119 -0.1940042 1.476135 4.565331 0.1015048 0.7254474 4.485249 0.1792792 1.097297 4.323748 0.234809 1.428064 4.230165  A_Kick_Close
-0.005626841 0.05192661 4.400938 -0.07362036 0.1434224 4.438037 -0.2029734 0.3621894 4.301411 -0.03150127 0.1255472 4.202895 0.06467481 0.1408259 4.440266 0.3400474 0.320459 4.367785 0.241959 0.1241535 4.151113 -0.002007825 0.2824144 4.447714 -0.08572017 0.7298713 4.478743 -0.1475914 1.137617 4.500875 -0.1955542 1.475788 4.56423 0.09986164 0.7248567 4.484725 0.1779624 1.097174 4.324464 0.2342417 1.427672 4.230382  A_Kick_Close
-0.009775264 0.05012739 4.406097 -0.07668225 0.1423888 4.443379 -0.2111863 0.3617488 4.308816 -0.03730158 0.1270458 4.209892 0.06161906 0.1392711 4.442852 0.3409242 0.3149148 4.367829 0.2419073 0.1302872 4.141527 -0.004371567 0.2811847 4.450282 -0.08670871 0.7288328 4.480071 -0.1496107 1.136483 4.501029 -0.1976818 1.475083 4.561964 0.09895201 0.7238065 4.482595 0.1767148 1.097131 4.324529 0.2334286 1.427604 4.230619  A_Kick_Close
