0.007710533 0.04648197 11.46213 -0.06559919 0.13478 11.49692 -0.2009753 0.3573321 11.3666 0.008096354 0.1605715 11.25398 0.07259424 0.1410798 11.4973 0.2964558 0.387725 11.50744 0.2564494 0.2583421 11.23038 -0.002943737 0.2782933 11.50128 -0.116036 0.719675 11.5214 -0.176069 1.128138 11.51006 -0.2163983 1.470653 11.55167 0.06950237 0.7275754 11.52523 0.1470762 1.097419 11.35909 0.2039463 1.427325 11.2633  SA_HookPunch_Far
0.002134638 0.04549694 11.4647 -0.07043366 0.1341082 11.50011 -0.206345 0.3545122 11.36854 0.002554076 0.1561824 11.25839 0.06777973 0.139878 11.4991 0.2948931 0.38383 11.50297 0.2509406 0.2477064 11.22976 -0.007190807 0.2773902 11.50348 -0.1183858 0.7192548 11.52335 -0.1763977 1.127953 11.51012 -0.2150355 1.470777 11.55078 0.06720848 0.7264667 11.52542 0.1448476 1.096738 11.36027 0.2023525 1.42592 11.26239  SA_HookPunch_Far
-0.005083842 0.04286218 11.46832 -0.07661198 0.1318691 11.50487 -0.2149958 0.3486267 11.37203 -0.007142587 0.147864 11.26433 0.06158074 0.1370319 11.50122 0.2931463 0.3765168 11.4938 0.2411169 0.2307204 11.22708 -0.01270328 0.2748864 11.50645 -0.1214889 0.7173451 11.52641 -0.1760179 1.126448 11.51105 -0.2118126 1.469881 11.54909 0.06414367 0.7237006 11.52511 0.1417932 1.095478 11.36338 0.2000038 1.423846 11.26321  SA_HookPunch_Far
-0.01514904 0.03789973 11.47496 -0.08492844 0.1273069 11.51412 -0.2313611 0.3366523 11.38023 -0.02713422 0.131235 11.27439 0.05301871 0.1318175 11.50476 0.2904793 0.3628564 11.4753 0.2211723 0.203383 11.22061 -0.02041565 0.2700436 11.51186 -0.1260721 0.7132572 11.53254 -0.1748565 1.12298 11.51458 -0.2059139 1.467541 11.54599 0.05938693 0.7185435 11.52367 0.1370901 1.093374 11.36918 0.1960554 1.420169 11.26442  SA_HookPunch_Far
-0.02137302 0.0344671 11.48012 -0.08979653 0.123996 11.52183 -0.2442834 0.3272879 11.38829 -0.0443552 0.1175447 11.28272 0.04771407 0.128175 11.50731 0.2877618 0.3529912 11.45982 0.2038742 0.1848902 11.21526 -0.02517991 0.2665892 11.51611 -0.1289888 0.7102292 11.53753 -0.1741703 1.120299 11.51813 -0.2020892 1.46564 11.5433 0.05602898 0.7149295 11.52178 0.1340606 1.092695 11.37479 0.1932685 1.41846 11.26699  SA_HookPunch_Far
-0.02643613 0.03138256 11.485 -0.09344415 0.121031 11.52948 -0.2570339 0.31829 11.39813 -0.06210474 0.1041355 11.29208 0.04333635 0.1249518 11.50916 0.2840855 0.343977 11.44257 0.1849781 0.1664804 11.21068 -0.02900325 0.2635069 11.52007 -0.1312336 0.7074668 11.54272 -0.1736491 1.117779 11.52223 -0.1990207 1.463755 11.54042 0.05298658 0.7117224 11.51934 0.1310018 1.092478 11.38027 0.1894133 1.417203 11.26896  SA_HookPunch_Far
-0.03249995 0.02736187 11.49144 -0.09718125 0.1172391 11.54008 -0.2750351 0.3060076 11.41539 -0.08807962 0.08575594 11.30748 0.03791745 0.1208941 11.51055 0.2759985 0.3315783 11.41512 0.1555271 0.1394117 11.20616 -0.03350715 0.259586 11.52512 -0.133678 0.7038806 11.55058 -0.1731827 1.114407 11.52862 -0.1958433 1.460972 11.53589 0.04863502 0.7076429 11.51523 0.1266962 1.092336 11.38748 0.1823618 1.415709 11.27095  SA_HookPunch_Far
-0.03627787 0.02471936 11.49571 -0.09892373 0.1148041 11.54754 -0.2880764 0.2973701 11.4307 -0.1076544 0.07281458 11.32056 0.03432532 0.1183571 11.51054 0.2670701 0.3227624 11.39275 0.1321068 0.1189584 11.20473 -0.03627167 0.2570957 11.52834 -0.1349811 0.7015558 11.55673 -0.1729277 1.112159 11.53349 -0.1943075 1.458879 11.53214 0.04520281 0.705057 11.51175 0.1237021 1.092341 11.39237 0.1762555 1.414999 11.27246  SA_HookPunch_Far
-0.04018335 0.02186787 11.50007 -0.09965424 0.1121988 11.55616 -0.3041969 0.2868718 11.45376 -0.1334405 0.05707657 11.33912 0.03023501 0.1158686 11.5087 0.2502221 0.3126503 11.36141 0.1006469 0.09296715 11.20497 -0.03907875 0.2545351 11.53143 -0.1360542 0.6990615 11.56494 -0.1723329 1.109657 11.53907 -0.1927427 1.456211 11.52651 0.04025855 0.7024544 11.5066 0.1204792 1.092628 11.39828 0.1685886 1.415427 11.2769  SA_HookPunch_Far
-0.04278038 0.02017367 11.50303 -0.09873359 0.1106036 11.56304 -0.3165272 0.278476 11.47707 -0.1563698 0.04395533 11.35683 0.02715381 0.1146195 11.50582 0.2298675 0.3059897 11.333 0.07213338 0.07281137 11.2071 -0.04071937 0.2530951 11.53352 -0.1361847 0.6975164 11.5727 -0.1721788 1.107877 11.54298 -0.1928918 1.45396 11.52127 0.03555473 0.7010944 11.50203 0.1176903 1.092769 11.4008 0.1627214 1.416476 11.28065  SA_HookPunch_Far
-0.0448135 0.01936328 11.50519 -0.09724902 0.1098356 11.56857 -0.3252458 0.2724257 11.49911 -0.1756788 0.03365445 11.3737 0.02438899 0.1142083 11.50283 0.2084862 0.3014957 11.30936 0.04744591 0.05772245 11.21064 -0.04185222 0.252489 11.53508 -0.1356515 0.696768 11.57964 -0.1726147 1.106714 11.54569 -0.1946926 1.452178 11.51669 0.03128328 0.7005964 11.49828 0.1152512 1.092886 11.40101 0.1589397 1.417746 11.28351  SA_HookPunch_Far
-0.04634641 0.01926422 11.50675 -0.0949984 0.1097103 11.57331 -0.3322033 0.2668227 11.52209 -0.1928922 0.02515101 11.39058 0.02185299 0.114524 11.49942 0.1849647 0.2987639 11.28814 0.02428277 0.04587996 11.21509 -0.04247652 0.252566 11.53624 -0.1344135 0.6966233 11.58642 -0.1738545 1.105919 11.54775 -0.1984367 1.450659 11.51276 0.02718719 0.7008475 11.49494 0.112347 1.093237 11.39912 0.1563743 1.419519 11.28577  SA_HookPunch_Far
-0.04755775 0.01982117 11.50777 -0.09190176 0.1101568 11.57752 -0.336064 0.2634406 11.54738 -0.2088122 0.01955259 11.40798 0.01931407 0.1155183 11.49542 0.1583365 0.2978162 11.26871 0.0003612806 0.03751254 11.21982 -0.04261617 0.2532668 11.53713 -0.132185 0.6970263 11.59356 -0.1762504 1.105274 11.54922 -0.2045522 1.449279 11.51006 0.02335151 0.7017878 11.49214 0.1079692 1.093749 11.39411 0.1540336 1.421542 11.28604  SA_HookPunch_Far
-0.04935895 0.02500093 11.50793 -0.08081822 0.1147121 11.58529 -0.3292346 0.2650489 11.61704 -0.2408625 0.01958787 11.45258 0.01208939 0.1219479 11.48304 0.07967497 0.3029608 11.23114 -0.06241493 0.02928352 11.23509 -0.04139386 0.2586813 11.53775 -0.1227212 0.7013737 11.61152 -0.1865495 1.10496 11.55136 -0.2267253 1.447307 11.50826 0.01425858 0.7080241 11.48625 0.09059383 1.098045 11.37462 0.147027 1.429274 11.28324  SA_HookPunch_Far
-0.05055152 0.05631244 11.49264 -0.05086998 0.1433102 11.57944 -0.2222363 0.333949 11.74099 -0.2949246 0.1444074 11.50883 -0.007886929 0.1563256 11.44859 -0.07717226 0.3572558 11.22659 -0.1741042 0.06609058 11.25711 -0.03631542 0.2897335 11.52569 -0.09436207 0.7291905 11.63314 -0.2196372 1.11284 11.54542 -0.2726746 1.454774 11.51474 -0.002160294 0.7409696 11.47232 0.04626222 1.127952 11.33703 0.148987 1.456965 11.28758  SA_HookPunch_Far
-0.05030988 0.07022929 11.48479 -0.04189644 0.1564462 11.57176 -0.1700767 0.3620583 11.76738 -0.3125801 0.2230849 11.53182 -0.01349859 0.171116 11.43716 -0.1083493 0.381196 11.2415 -0.2025193 0.0881207 11.26003 -0.03446816 0.3035079 11.51829 -0.08550017 0.7419817 11.63321 -0.2315267 1.117418 11.54211 -0.2836917 1.460037 11.51836 -0.006545527 0.7551858 11.4656 0.03267469 1.141125 11.32448 0.1523872 1.465928 11.2868  SA_HookPunch_Far
-0.04898385 0.08145285 11.47812 -0.03507356 0.1672357 11.56482 -0.1268241 0.3813243 11.78236 -0.3225855 0.2967575 11.55958 -0.01599948 0.1827525 11.42869 -0.1227714 0.4001161 11.25527 -0.2206046 0.1077315 11.26192 -0.03234581 0.3145996 11.51175 -0.07945232 0.7525308 11.63039 -0.2409948 1.121381 11.53858 -0.2911151 1.464681 11.52107 -0.008876188 0.7665052 11.45914 0.02229621 1.151832 11.31439 0.1543909 1.472759 11.28602  SA_HookPunch_Far
-0.04283885 0.1021482 11.46509 -0.02230881 0.1877044 11.55143 -0.04723458 0.408581 11.79538 -0.3128287 0.442036 11.64225 -0.01477729 0.2034172 11.41419 -0.1248237 0.4324222 11.27364 -0.2395064 0.1463817 11.2621 -0.02630518 0.3350524 11.49839 -0.07145415 0.7726365 11.61874 -0.2585816 1.129865 11.52961 -0.3027716 1.474409 11.52633 -0.01030646 0.7871041 11.44395 0.005458491 1.172033 11.29568 0.1579028 1.484908 11.28483  SA_HookPunch_Far
-0.03579478 0.1136149 11.45722 -0.0144342 0.199367 11.54393 -0.004233165 0.4200702 11.7948 -0.2834727 0.5186665 11.70871 -0.008477611 0.2143401 11.40653 -0.1090514 0.4476005 11.26982 -0.2367166 0.1673523 11.25348 -0.02071588 0.3463351 11.49006 -0.06966601 0.784119 11.60774 -0.2673391 1.136169 11.52079 -0.3065071 1.481253 11.52834 -0.008352561 0.7982751 11.43298 -0.001134438 1.183157 11.28393 0.1602227 1.491721 11.28434  SA_HookPunch_Far
-0.02372096 0.1248683 11.44937 -0.005653424 0.210989 11.53731 0.03512516 0.4287653 11.78914 -0.2331306 0.5809039 11.78966 0.005826907 0.2245809 11.40012 -0.07359754 0.457288 11.2425 -0.2140006 0.1831259 11.22745 -0.01193528 0.3572527 11.48156 -0.07127886 0.7955682 11.59166 -0.2735136 1.145094 11.50502 -0.3065766 1.490152 11.52773 -0.00176893 0.8088003 11.41992 -0.003384514 1.193056 11.2691 0.1628499 1.498632 11.28451  SA_HookPunch_Far
0.01541473 0.1357762 11.43237 0.008029776 0.2216448 11.52056 0.06147571 0.4145125 11.77097 -0.1192663 0.6220111 11.9102 0.05953797 0.2350494 11.39287 0.09347929 0.4172207 11.12552 -0.07430802 0.1586088 11.13399 0.01340969 0.3672884 11.46311 -0.08656083 0.8041916 11.54368 -0.2662865 1.166046 11.45804 -0.2893831 1.505939 11.52596 0.02976723 0.8188682 11.39962 0.008392232 1.194541 11.22986 0.1567072 1.50618 11.27603  SA_HookPunch_Far
0.03262879 0.1309403 11.41984 0.009929614 0.2156488 11.5043 0.03821876 0.3949653 11.76074 -0.1228648 0.6092952 11.91313 0.08314897 0.2318798 11.38806 0.2048461 0.3775313 11.10839 0.009239154 0.1391515 11.10421 0.02307166 0.3622884 11.45078 -0.09458439 0.7964769 11.51942 -0.2589333 1.168218 11.44612 -0.2848143 1.503958 11.53146 0.0443935 0.8153042 11.39763 0.02448525 1.186434 11.21799 0.155618 1.505058 11.2683  SA_HookPunch_Far
0.05034604 0.117502 11.40074 0.009575265 0.2002418 11.47702 -0.01171069 0.3674308 11.73779 -0.1768547 0.5781011 11.89093 0.10749 0.2206888 11.38146 0.3337854 0.3344618 11.14812 0.1120997 0.1299469 11.08382 0.03249778 0.3485755 11.43216 -0.1020803 0.7794677 11.48597 -0.2446349 1.164487 11.4411 -0.2817461 1.495562 11.53952 0.05960025 0.8034486 11.39773 0.04977157 1.172025 11.2121 0.1537373 1.50116 11.25802  SA_HookPunch_Far
0.06534459 0.09777451 11.3777 0.007387655 0.1783897 11.43998 -0.0860285 0.3354336 11.69066 -0.2789873 0.5325854 11.82852 0.127781 0.2027394 11.37634 0.4235319 0.31042 11.24325 0.2166742 0.1382009 11.09274 0.04056563 0.3285056 11.4099 -0.1042804 0.7576811 11.44619 -0.2197131 1.154197 11.44119 -0.274613 1.481236 11.54466 0.07407255 0.7842533 11.40163 0.08161004 1.15281 11.21585 0.1542481 1.492037 11.2458  SA_HookPunch_Far
0.0810044 0.06593978 11.32959 0.006053584 0.1469072 11.35972 -0.2253763 0.2832376 11.53134 -0.4799621 0.456314 11.54973 0.1425024 0.1680933 11.36809 0.4266644 0.3083292 11.42276 0.3392855 0.1508237 11.17243 0.05235817 0.2962388 11.36956 -0.08509658 0.7295146 11.38916 -0.1624254 1.12898 11.46003 -0.2291895 1.455139 11.55921 0.09594949 0.7469237 11.42685 0.1357687 1.116809 11.24796 0.1669998 1.463141 11.22988  SA_HookPunch_Far
0.09113558 0.0524261 11.29937 0.01575728 0.1370069 11.31334 -0.2791963 0.2615939 11.39581 -0.525912 0.4120712 11.28813 0.1455189 0.1482816 11.35994 0.3775588 0.3110869 11.49063 0.3721953 0.1554322 11.22446 0.06413831 0.281711 11.34884 -0.06232975 0.7183882 11.37184 -0.1450909 1.108885 11.47785 -0.2122174 1.433969 11.58026 0.1069006 0.7249284 11.44813 0.1612961 1.09796 11.27992 0.1848055 1.441556 11.22858  SA_HookPunch_Far
0.1165739 0.03635883 11.25851 0.04482295 0.1263595 11.26091 -0.2389341 0.2299293 11.07619 -0.2570119 0.2675518 10.77064 0.1528997 0.1166238 11.34672 0.304859 0.3182124 11.52995 0.3688825 0.16536 11.26987 0.09052058 0.2593682 11.32992 -0.02319829 0.6981298 11.36928 -0.1214401 1.085117 11.47494 -0.2072238 1.404873 11.58016 0.1252815 0.6889206 11.4805 0.1867027 1.073414 11.34341 0.2207911 1.405573 11.24463  SA_HookPunch_Far
0.1235345 0.03694963 11.24718 0.04907419 0.1259724 11.2491 -0.1052822 0.2035831 10.95142 0.05096884 0.1976547 10.68561 0.1513984 0.1117088 11.3411 0.3062843 0.3030862 11.53035 0.3460624 0.1702229 11.25491 0.09321637 0.2561983 11.32415 -0.01600985 0.6959148 11.36588 -0.1127046 1.086416 11.45934 -0.2005095 1.408373 11.55581 0.1291098 0.683376 11.48114 0.1946044 1.071021 11.35526 0.2368469 1.401407 11.25373  SA_HookPunch_Far
0.1270176 0.03890669 11.24096 0.05392339 0.1280743 11.24012 -0.05240087 0.2056693 10.93109 0.1559553 0.1903044 10.70424 0.1509232 0.112748 11.33755 0.3074944 0.2941021 11.53126 0.3392014 0.1627218 11.25406 0.09445544 0.2576288 11.3183 -0.01353864 0.6980428 11.35769 -0.1095787 1.08872 11.45108 -0.1969305 1.411148 11.54639 0.1258658 0.6834225 11.47956 0.1951189 1.069974 11.35234 0.2374159 1.401119 11.25334  SA_HookPunch_Far
0.1385425 0.04412079 11.23293 0.07038696 0.1337141 11.22625 0.01034929 0.2237906 10.91659 0.2545728 0.1827105 10.73282 0.1553419 0.1176409 11.33424 0.3036816 0.2909734 11.53624 0.3397938 0.1511993 11.26372 0.1016521 0.2627307 11.30942 -0.007604582 0.7036964 11.33967 -0.1055574 1.092601 11.43833 -0.1954468 1.413306 11.53703 0.1172411 0.6871767 11.47621 0.195966 1.068829 11.34002 0.2370116 1.400784 11.24322  SA_HookPunch_Far
0.150419 0.04796553 11.23314 0.08481015 0.1370714 11.22282 0.02817293 0.2410135 10.91286 0.2635675 0.1854824 10.72152 0.1626092 0.12235 11.33626 0.300075 0.2983793 11.54404 0.3524466 0.1514884 11.27799 0.1094969 0.2668319 11.30704 -0.002887053 0.7075793 11.32627 -0.1060237 1.093755 11.43022 -0.2025166 1.410949 11.53391 0.1117589 0.6924978 11.47163 0.1985995 1.069558 11.3278 0.2367417 1.402739 11.23408  SA_HookPunch_Far
0.1625237 0.05179381 11.23664 0.09722759 0.1397997 11.22348 0.03483184 0.2537228 10.91099 0.2570357 0.191901 10.70627 0.1708511 0.1274256 11.33995 0.2979923 0.3080896 11.55353 0.369599 0.1617147 11.2917 0.1174936 0.270949 11.30673 0.002387421 0.7113643 11.31473 -0.1089653 1.094239 11.42235 -0.2149287 1.407161 11.52971 0.1100266 0.6987218 11.46558 0.2038837 1.07166 11.31554 0.23714 1.406699 11.22672  SA_HookPunch_Far
0.1726837 0.05488932 11.24081 0.106193 0.1417137 11.22595 0.0360321 0.2596713 10.91073 0.2528975 0.193607 10.70166 0.1787028 0.1316231 11.34333 0.297986 0.3180717 11.55973 0.384847 0.175485 11.30044 0.1248276 0.2742766 11.30731 0.007777469 0.7143905 11.30742 -0.1130876 1.094017 11.41628 -0.2290347 1.402924 11.52493 0.1130557 0.7040268 11.4601 0.2107211 1.074675 11.30685 0.2384882 1.411726 11.22394  SA_HookPunch_Far
0.1872916 0.05561984 11.24698 0.1180564 0.1405697 11.23244 0.03648992 0.2599263 10.91779 0.262393 0.1800462 10.72364 0.1934113 0.1334206 11.34823 0.3063566 0.333094 11.55559 0.4014928 0.1854811 11.30208 0.1373776 0.2748604 11.31076 0.01463033 0.7135581 11.30602 -0.120504 1.089112 11.41219 -0.2465945 1.395073 11.51785 0.1246661 0.7071763 11.45553 0.2168916 1.079538 11.30306 0.238815 1.418136 11.22484  SA_HookPunch_Far
0.2002359 0.05165303 11.25813 0.127384 0.1340971 11.24758 0.02219333 0.2612042 10.94612 0.2562487 0.1470131 10.78093 0.2129236 0.1325434 11.35629 0.3391298 0.3448822 11.54281 0.4163325 0.1921163 11.28628 0.1496883 0.2712212 11.31997 0.01361586 0.7060437 11.31499 -0.1248489 1.08121 11.4182 -0.2407071 1.393892 11.51557 0.136902 0.7069224 11.45392 0.2078781 1.088112 11.31228 0.2314595 1.42562 11.22994  SA_HookPunch_Far
0.203691 0.04994988 11.26403 0.1286036 0.1310875 11.25585 0.01333608 0.2646052 10.96402 0.2486184 0.1366049 10.81116 0.2201176 0.1329088 11.35958 0.356739 0.3499259 11.5361 0.4216736 0.2001905 11.27444 0.1524213 0.2698169 11.32461 0.009266691 0.7024946 11.32092 -0.1260279 1.078952 11.42363 -0.2340617 1.395671 11.51686 0.1395186 0.7069908 11.45327 0.2065289 1.089238 11.31255 0.2299429 1.426719 11.23005  SA_HookPunch_Far
0.208065 0.04764712 11.27269 0.1291636 0.126354 11.26946 0.002598898 0.273849 10.99741 0.2381912 0.1291827 10.86076 0.2303636 0.1337579 11.36348 0.3818165 0.3596579 11.51947 0.4271979 0.2143929 11.25125 0.1551646 0.2675778 11.33207 0.000525253 0.6965361 11.33234 -0.1280305 1.076208 11.43182 -0.2248231 1.39898 11.51622 0.1419487 0.7069289 11.45231 0.2044208 1.09083 11.31403 0.2262451 1.429318 11.23531  SA_HookPunch_Far
0.2102268 0.04591501 11.28163 0.1282062 0.1222372 11.2848 -0.006013019 0.2866225 11.03829 0.2253782 0.1253656 10.91354 0.2388112 0.1350867 11.36689 0.4026929 0.3691612 11.49717 0.4267835 0.2280847 11.22401 0.1564306 0.2657877 11.34081 -0.008991642 0.6908612 11.34773 -0.1294521 1.074876 11.44045 -0.2171601 1.402948 11.51359 0.1434146 0.7071819 11.45264 0.2011706 1.092135 11.31524 0.2211518 1.431429 11.23956  SA_HookPunch_Far
0.209225 0.04516065 11.28735 0.1258502 0.1202899 11.29488 -0.01131789 0.294615 11.06561 0.2153558 0.1233393 10.94565 0.2417219 0.1361141 11.36878 0.4123579 0.3739382 11.48171 0.4223216 0.2346607 11.20674 0.1555749 0.2651111 11.34669 -0.01500539 0.6881394 11.35888 -0.1296075 1.075301 11.44575 -0.212387 1.406216 11.51145 0.1436514 0.7076875 11.45347 0.1996791 1.092837 11.31591 0.2189788 1.432704 11.24265  SA_HookPunch_Far
0.2050427 0.04470682 11.29441 0.1204721 0.1187903 11.30739 -0.01867567 0.3036331 11.09963 0.2004528 0.1212251 10.98208 0.2419942 0.137568 11.37077 0.4209168 0.3787847 11.46182 0.4126689 0.2396681 11.18672 0.1522665 0.2649195 11.35404 -0.02206997 0.6862891 11.37351 -0.1301989 1.076965 11.4526 -0.2079614 1.410795 11.50903 0.1433705 0.7088305 11.45489 0.1990007 1.093562 11.316 0.2182902 1.434137 11.24611  SA_HookPunch_Far
0.1999625 0.04485357 11.29967 0.1148087 0.118479 11.31669 -0.02608578 0.3079718 11.12299 0.1876891 0.1182319 11.00721 0.239922 0.1388782 11.37208 0.4251778 0.3818935 11.44668 0.403136 0.2415581 11.17296 0.1483392 0.2653866 11.35953 -0.02684812 0.6862122 11.38469 -0.1315361 1.078827 11.45864 -0.2068688 1.414191 11.50894 0.1429467 0.7102137 11.45607 0.1991918 1.094199 11.31538 0.2188689 1.435335 11.24839  SA_HookPunch_Far
0.1939916 0.04532433 11.30456 0.1085549 0.1187584 11.32529 -0.03346757 0.3120028 11.14429 0.1751694 0.1162463 11.02915 0.2365216 0.1402372 11.37325 0.4275196 0.3843647 11.43264 0.3928668 0.2423345 11.1611 0.1438074 0.2662473 11.3646 -0.03089474 0.6870188 11.39501 -0.1332052 1.080956 11.46516 -0.2071326 1.417264 11.51105 0.1423864 0.7118803 11.45712 0.199468 1.094931 11.31423 0.2195999 1.436634 11.25034  SA_HookPunch_Far
0.185648 0.04607916 11.31049 0.1002821 0.1196897 11.33504 -0.04370658 0.3155487 11.16598 0.1612432 0.1155548 11.05151 0.2308647 0.1417755 11.37502 0.4280899 0.3862797 11.41917 0.3808407 0.2430789 11.15016 0.1376619 0.26764 11.37046 -0.03499381 0.688904 11.40615 -0.1355358 1.083936 11.47261 -0.2089242 1.420742 11.51562 0.1415242 0.7141792 11.45816 0.1996235 1.096082 11.31263 0.2205119 1.438426 11.25253  SA_HookPunch_Far
0.1695543 0.04746222 11.32205 0.08486088 0.1217953 11.35272 -0.06324331 0.3195213 11.2007 0.1381151 0.115559 11.08685 0.2187634 0.1443176 11.37918 0.4252742 0.3884186 11.39989 0.3600205 0.2451532 11.13471 0.1256664 0.2703254 11.38126 -0.04207186 0.6928765 11.42484 -0.1396153 1.089528 11.48589 -0.2117607 1.427051 11.52523 0.1386127 0.718411 11.45952 0.1985495 1.09832 11.30958 0.221962 1.441411 11.25492  SA_HookPunch_Far
0.1583252 0.04775631 11.33039 0.07427575 0.1227303 11.36472 -0.07781635 0.3197706 11.22132 0.1231288 0.1158278 11.10671 0.2095887 0.1452756 11.38259 0.421249 0.3888681 11.39032 0.3470465 0.2464892 11.12702 0.1169997 0.2715267 11.3887 -0.04715769 0.6949977 11.43666 -0.1421827 1.092674 11.49495 -0.2127121 1.430929 11.53078 0.1352919 0.7205465 11.46034 0.1964841 1.099398 11.30825 0.222518 1.442727 11.25633  SA_HookPunch_Far
0.1421945 0.04764247 11.34294 0.05919524 0.1236531 11.38185 -0.09920572 0.3183812 11.24789 0.1015409 0.1156563 11.13079 0.1955733 0.1458923 11.38846 0.4134094 0.3887839 11.38087 0.329812 0.2472417 11.11994 0.1041651 0.2726539 11.39966 -0.05489371 0.6974724 11.45259 -0.1455054 1.096546 11.50831 -0.2130574 1.436109 11.53673 0.1288719 0.7227204 11.4623 0.1911661 1.100422 11.30782 0.2218028 1.44363 11.25765  SA_HookPunch_Far
0.1261074 0.04719758 11.35613 0.04437836 0.1242677 11.39879 -0.1203994 0.3164452 11.272 0.07967402 0.1153671 11.15098 0.1809969 0.1458328 11.39604 0.4034732 0.3880242 11.37606 0.3136823 0.2453552 11.11783 0.09111954 0.2732615 11.41132 -0.06309347 0.6994314 11.46771 -0.147791 1.099808 11.52338 -0.2115453 1.440787 11.54188 0.121009 0.7240315 11.46608 0.1815078 1.101299 11.30983 0.2164449 1.44385 11.25801  SA_HookPunch_Far
0.1139532 0.04668915 11.3665 0.03332223 0.1245482 11.41152 -0.1363123 0.3150978 11.28962 0.06256969 0.1153629 11.16448 0.1698198 0.145364 11.40302 0.394228 0.3872694 11.37488 0.3016052 0.2416965 11.11927 0.08126403 0.2734035 11.42071 -0.06935923 0.7006258 11.47884 -0.1484617 1.102133 11.5346 -0.2084921 1.444126 11.54515 0.1146414 0.7245321 11.47025 0.1709275 1.102089 11.31313 0.2079219 1.443838 11.25757  SA_HookPunch_Far
0.101069 0.04594982 11.37817 0.02158494 0.1247014 11.42506 -0.1524732 0.3142926 11.30763 0.04468789 0.1156437 11.17812 0.1578855 0.1444098 11.41198 0.3822041 0.3866752 11.37671 0.2895708 0.2356783 11.12428 0.07088549 0.2732602 11.43142 -0.07572 0.7017646 11.49022 -0.1516669 1.104776 11.5391 -0.2096498 1.447218 11.54583 0.1080719 0.7246219 11.47609 0.1583744 1.103046 11.31903 0.1964461 1.443718 11.25787  SA_HookPunch_Far
0.09498157 0.0454917 11.38376 0.01597215 0.1247164 11.43121 -0.1595149 0.314448 11.31552 0.03695162 0.1161736 11.18439 0.1522043 0.1437932 11.41657 0.3753907 0.3867596 11.37891 0.2843306 0.2327086 11.12775 0.0659699 0.2730844 11.43649 -0.07862358 0.7022696 11.49509 -0.1537083 1.105983 11.53927 -0.2109021 1.448558 11.546 0.1050934 0.7245109 11.47912 0.1527395 1.10348 11.32254 0.1909231 1.443648 11.2587  SA_HookPunch_Far
0.08587123 0.04472566 11.39224 0.007539885 0.1246982 11.44026 -0.1694281 0.3152727 11.32694 0.02612604 0.117479 11.19373 0.1436687 0.142833 11.42361 0.3645893 0.3871709 11.38312 0.2766922 0.2290069 11.13339 0.05853023 0.2727751 11.444 -0.0831487 0.7029753 11.50182 -0.1568814 1.107613 11.53932 -0.2126068 1.450413 11.54685 0.1004661 0.7242888 11.48357 0.1456626 1.103903 11.32783 0.1842603 1.443215 11.25982  SA_HookPunch_Far
0.07918252 0.04410577 11.39856 0.001310186 0.1246617 11.44676 -0.1761291 0.316442 11.33491 0.01889475 0.1189187 11.20053 0.1373778 0.1421125 11.42892 0.3561176 0.3877523 11.38705 0.2712955 0.2270116 11.1379 0.05298855 0.2725229 11.44944 -0.08664845 0.7034634 11.50625 -0.1592697 1.1087 11.53918 -0.21363 1.451686 11.54806 0.09691806 0.7240958 11.48678 0.1417362 1.104022 11.33169 0.1810076 1.442605 11.26051  SA_HookPunch_Far
0.07362916 0.04351246 11.40445 -0.003869457 0.124595 11.45249 -0.1808536 0.3182993 11.34169 0.01372732 0.120912 11.20647 0.1321798 0.1415186 11.43401 0.3487848 0.3885268 11.39194 0.2670161 0.2268285 11.14239 0.04830559 0.2722949 11.45431 -0.08991472 0.7038335 11.5095 -0.1616736 1.109507 11.53873 -0.2148774 1.452643 11.54877 0.09366621 0.7239548 11.48964 0.1396006 1.103886 11.33489 0.1797434 1.441717 11.26069  SA_HookPunch_Far
0.06619336 0.04271472 11.41279 -0.01079689 0.1245344 11.46035 -0.1863547 0.3215383 11.35083 0.007547693 0.1242434 11.21451 0.1252707 0.1407485 11.44138 0.3389693 0.3897237 11.39992 0.2613132 0.2279758 11.14909 0.04202553 0.2720131 11.46111 -0.09448288 0.7043441 11.51347 -0.165216 1.110521 11.5378 -0.2168785 1.453833 11.54971 0.08917649 0.7238 11.49366 0.1374756 1.103514 11.33911 0.1789885 1.440213 11.26063  SA_HookPunch_Far
0.0597048 0.04205728 11.42062 -0.01682482 0.1245675 11.46738 -0.1899217 0.325402 11.3588 0.003282981 0.1281191 11.22147 0.1193435 0.1401236 11.44858 0.3306976 0.3909397 11.40904 0.2563566 0.2310755 11.15601 0.03659167 0.271834 11.46739 -0.09861188 0.7048702 11.51631 -0.1687546 1.111378 11.53647 -0.2191911 1.45478 11.55078 0.08521356 0.7237389 11.49751 0.1364835 1.102945 11.34266 0.1794849 1.438515 11.26025  SA_HookPunch_Far
0.05608674 0.04174078 11.4252 -0.02020721 0.1246893 11.47123 -0.1912628 0.3280283 11.36297 0.001840608 0.1310252 11.2251 0.1160954 0.1397889 11.45304 0.3266732 0.391596 11.41577 0.2540956 0.2341808 11.16071 0.03363945 0.2717991 11.47104 -0.1007718 0.7052976 11.51745 -0.1711168 1.111875 11.53536 -0.221232 1.455238 11.55162 0.08322151 0.7237396 11.4999 0.1362285 1.102498 11.34454 0.1801214 1.437439 11.26007  SA_HookPunch_Far
0.0521418 0.04147959 11.43017 -0.02392845 0.1249228 11.4753 -0.1924395 0.3310043 11.36715 0.0008175541 0.1343696 11.22896 0.1125489 0.1394792 11.458 0.3224625 0.3923725 11.42376 0.2519622 0.238132 11.16619 0.03044005 0.2718402 11.47497 -0.1030054 0.7058764 11.51849 -0.1735653 1.112517 11.53396 -0.2232946 1.455818 11.55254 0.08118762 0.7237892 11.50257 0.1359551 1.102 11.34649 0.1807637 1.436293 11.25995  SA_HookPunch_Far
0.04831459 0.04135823 11.43491 -0.02760653 0.1253233 11.47893 -0.1930575 0.3340747 11.37037 0.0008669664 0.1379054 11.23246 0.1090974 0.1392516 11.46295 0.3194198 0.3926413 11.43264 0.2507847 0.2425697 11.17212 0.02738323 0.2720094 11.47869 -0.1048927 0.7066567 11.51911 -0.1756203 1.113351 11.53222 -0.2249214 1.456562 11.55342 0.07953115 0.723906 11.50526 0.1357626 1.101464 11.34812 0.1813434 1.435226 11.25995  SA_HookPunch_Far
0.04291936 0.04151893 11.44109 -0.03282909 0.1262193 11.48332 -0.1933853 0.338299 11.37304 0.002624767 0.142858 11.23706 0.1042425 0.1391569 11.46986 0.3160695 0.3927424 11.44642 0.2506826 0.2493377 11.18135 0.02315684 0.2725282 11.48352 -0.1071783 0.7081118 11.51941 -0.1774803 1.114977 11.52905 -0.2257339 1.45807 11.5542 0.07757087 0.7242658 11.509 0.1359629 1.100607 11.34974 0.1826649 1.433711 11.2597  SA_HookPunch_Far
0.03999181 0.04178512 11.44409 -0.03564255 0.1268615 11.48534 -0.1935186 0.340492 11.37375 0.003998237 0.1454753 11.23935 0.1016223 0.1392392 11.47341 0.3144256 0.3927716 11.45399 0.2511377 0.2529162 11.18652 0.02090986 0.2729515 11.4859 -0.1082652 0.7090489 11.51943 -0.178113 1.116033 11.52714 -0.225714 1.459056 11.55441 0.07663693 0.7245709 11.51096 0.1363762 1.100153 11.35042 0.1837616 1.432917 11.25948  SA_HookPunch_Far
0.03578522 0.042395 11.44787 -0.03963892 0.1279678 11.48776 -0.1937778 0.3434526 11.37381 0.006316977 0.149087 11.24231 0.09788163 0.1395205 11.47818 0.3121798 0.3928006 11.46472 0.2523824 0.2576729 11.19404 0.01774748 0.2737283 11.48895 -0.1096365 0.7105616 11.51935 -0.1785681 1.117746 11.52423 -0.2251787 1.46066 11.55442 0.07544889 0.7251391 11.51366 0.1374531 1.099516 11.35117 0.1859549 1.431803 11.25908  SA_HookPunch_Far
0.02797033 0.04395795 11.45326 -0.04695753 0.1303465 11.49098 -0.1945143 0.3485805 11.37191 0.01001658 0.1546164 11.24679 0.09090675 0.1403883 11.48551 0.3076607 0.3927941 11.48207 0.2549097 0.2633741 11.20716 0.01194532 0.2754841 11.49348 -0.1118082 0.7136421 11.51931 -0.1786529 1.121204 11.51905 -0.2235569 1.463909 11.55385 0.07349493 0.7264022 11.5181 0.140576 1.098676 11.35283 0.1916335 1.430112 11.25907  SA_HookPunch_Far
0.01737674 0.04572141 11.45837 -0.05671505 0.1331369 11.49406 -0.1963644 0.3544631 11.36847 0.01165731 0.159233 11.25134 0.08138134 0.1411747 11.49263 0.3015003 0.3912327 11.49875 0.2568205 0.2640898 11.22137 0.004185395 0.2774169 11.49795 -0.1141095 0.7173113 11.51995 -0.1777539 1.125335 11.51358 -0.2204718 1.467847 11.55276 0.071337 0.7275107 11.52262 0.1448137 1.097821 11.35566 0.199288 1.428291 11.26042  SA_HookPunch_Far
