0.007710533 0.04648197 6.033779 -0.06559919 0.13478 6.068568 -0.2009753 0.3573321 5.938247 0.008096354 0.1605715 5.825633 0.07259424 0.1410798 6.068947 0.2964558 0.387725 6.079088 0.2564494 0.2583421 5.802025 -0.002943737 0.2782933 6.072928 -0.116036 0.719675 6.093049 -0.176069 1.128138 6.081714 -0.2163983 1.470653 6.123316 0.06950237 0.7275754 6.096878 0.1470762 1.097419 5.93074 0.2039463 1.427325 5.834952  SA_HookPunch_Close
0.004502432 0.04605341 6.035255 -0.06838201 0.1345317 6.070403 -0.2040632 0.3558528 5.939356 0.004904347 0.1581804 5.828155 0.06982483 0.1405271 6.069982 0.2955755 0.3856374 6.076522 0.2533103 0.2523676 5.801645 -0.005387468 0.2779126 6.074192 -0.1173885 0.7195731 6.09417 -0.1762557 1.128174 6.081751 -0.2156094 1.470868 6.122812 0.06818433 0.7270781 6.096989 0.1457911 1.097169 5.931419 0.2030322 1.42666 5.83443  SA_HookPunch_Close
7.249606E-05 0.04486752 6.037335 -0.07221179 0.1335932 6.073015 -0.2085334 0.3530976 5.941021 0.0002053548 0.1541448 5.831689 0.0660034 0.1391761 6.071389 0.294347 0.3820115 6.072561 0.2485742 0.2432845 5.800965 -0.00876276 0.2767936 6.075954 -0.1192617 0.7188324 6.095776 -0.1764248 1.127628 6.08189 -0.2143612 1.470591 6.12203 0.06634928 0.7257935 6.097069 0.1440016 1.096347 5.932558 0.2017226 1.42528 5.833972  SA_HookPunch_Close
-0.004348679 0.04317522 6.039572 -0.07598577 0.1321421 6.075995 -0.2140741 0.3492938 5.943272 -0.006098671 0.1487849 5.835338 0.06221207 0.1373653 6.072629 0.2933356 0.3773386 6.066445 0.242201 0.2325422 5.799006 -0.01214139 0.2751858 6.077771 -0.1211716 0.717585 6.097714 -0.1760745 1.126646 6.08257 -0.2121734 1.470013 6.120906 0.06446017 0.7240273 6.096777 0.1421049 1.095697 5.934801 0.2002471 1.424186 5.834989  SA_HookPunch_Close
-0.009396834 0.04087555 6.04269 -0.08021753 0.1300714 6.080237 -0.2215489 0.3439077 5.946826 -0.01499627 0.1413084 5.840069 0.05790951 0.1349396 6.074365 0.291952 0.3712673 6.058209 0.2332981 0.2195023 5.796233 -0.01600693 0.2729621 6.080328 -0.1234355 0.7157503 6.100554 -0.175565 1.125122 6.084065 -0.2093937 1.469021 6.119603 0.06216886 0.7216395 6.096326 0.1397692 1.094458 5.936989 0.1983202 1.422088 5.834629  SA_HookPunch_Close
-0.0127766 0.03912699 6.04494 -0.08299719 0.1284503 6.083397 -0.2272112 0.3396883 5.949656 -0.02191351 0.1355116 5.843484 0.05503847 0.1331116 6.075542 0.2907946 0.3667541 6.051786 0.2263324 0.2103263 5.79395 -0.01860158 0.2712523 6.082152 -0.1250005 0.7142885 6.102648 -0.1751642 1.12387 6.085293 -0.2073756 1.468157 6.118505 0.06053587 0.7198273 6.095782 0.1381523 1.0938 5.939182 0.1969378 1.420949 5.835423  SA_HookPunch_Close
-0.01759426 0.03657246 6.048622 -0.08685564 0.1260263 6.088785 -0.236454 0.3330133 5.95497 -0.03394781 0.1258774 5.849171 0.05094333 0.1304104 6.077406 0.2895689 0.3590596 6.040889 0.2144937 0.1961492 5.790033 -0.02228586 0.2687093 6.085169 -0.1272189 0.7120907 6.106146 -0.1745808 1.121956 6.087656 -0.2043938 1.46684 6.116645 0.05809768 0.7171518 6.094583 0.135846 1.093176 5.943042 0.1949154 1.419574 5.837103  SA_HookPunch_Close
-0.0224527 0.03385913 6.052674 -0.09062843 0.1234103 6.094821 -0.2465104 0.325635 5.961395 -0.04729966 0.1151583 5.855933 0.04678645 0.1275285 6.079412 0.2871549 0.3512183 6.028771 0.2007752 0.1816617 5.786091 -0.02600775 0.2659761 6.088503 -0.1294941 0.7096899 6.110041 -0.1740567 1.119814 6.090368 -0.2014409 1.465277 6.114435 0.05542072 0.7142841 6.093102 0.133581 1.092524 5.9474 0.1928232 1.418103 5.839065  SA_HookPunch_Close
-0.02584015 0.03174949 6.056054 -0.09302942 0.121383 6.100188 -0.255471 0.3193908 5.968498 -0.0599138 0.1057793 5.862503 0.04385735 0.125335 6.080602 0.2846111 0.3450769 6.016405 0.1873781 0.1687477 5.782828 -0.02855442 0.2638733 6.091234 -0.1309749 0.7077963 6.113719 -0.1737094 1.118082 6.093369 -0.1993741 1.463988 6.112448 0.05336364 0.7121046 6.091309 0.1313638 1.092501 5.951243 0.1899086 1.417355 5.840383  SA_HookPunch_Close
-0.02902041 0.0298146 6.059247 -0.09521656 0.1195303 6.105236 -0.2637554 0.3135214 5.975478 -0.07148819 0.0970484 5.869269 0.04105695 0.1233099 6.08173 0.2815348 0.3391522 6.004773 0.1744439 0.1566881 5.780401 -0.03095303 0.2619393 6.093806 -0.1323493 0.7060606 6.117162 -0.1733897 1.116482 6.096078 -0.1975236 1.462729 6.110374 0.0512987 0.7100793 6.089616 0.1295317 1.092323 5.954808 0.1873304 1.416477 5.841534  SA_HookPunch_Close
-0.0326886 0.02722836 6.063304 -0.09727882 0.1171155 6.112095 -0.2756692 0.3055873 5.987736 -0.08902155 0.08512437 5.879725 0.03774275 0.120764 6.08221 0.2756347 0.3311491 5.985715 0.1544249 0.1384246 5.777701 -0.03364531 0.259459 6.096934 -0.1337458 0.7037627 6.122522 -0.1731733 1.114294 6.100511 -0.1957635 1.460872 6.107373 0.04847892 0.7075112 6.086721 0.1265409 1.092337 5.959368 0.1820664 1.415667 5.842653  SA_HookPunch_Close
-0.03527943 0.02547133 6.066231 -0.09857695 0.1154977 6.117094 -0.2842212 0.2998732 5.997503 -0.1016932 0.07656658 5.8883 0.03529396 0.1190487 6.082406 0.2701411 0.3252275 5.971388 0.1392042 0.1250411 5.776746 -0.03555284 0.2577907 6.099164 -0.1346551 0.7022208 6.12652 -0.1730449 1.112809 6.103756 -0.1947678 1.459508 6.104952 0.04624363 0.7057691 6.084513 0.124574 1.092296 5.962592 0.1780998 1.415038 5.843342  SA_HookPunch_Close
-0.03762959 0.02363479 6.06888 -0.09920888 0.1138035 6.12221 -0.2938756 0.2936491 6.010188 -0.1169008 0.06722867 5.89829 0.03296633 0.1174041 6.08154 0.2616924 0.3192314 5.953324 0.1211278 0.1097168 5.775984 -0.03723017 0.2561144 6.101066 -0.1353819 0.7005942 6.13125 -0.1727021 1.111204 6.107142 -0.1936379 1.457915 6.101935 0.0435697 0.7040663 6.081594 0.1224269 1.092465 5.966133 0.1734547 1.415175 5.845706  SA_HookPunch_Close
-0.03986291 0.02206779 6.071367 -0.09960471 0.112378 6.127113 -0.3029484 0.287702 6.023475 -0.1314345 0.05831921 5.909133 0.0305893 0.1160406 6.080494 0.2517522 0.3134675 5.935546 0.1031926 0.09501529 5.776446 -0.03884409 0.254712 6.102824 -0.1359757 0.6992318 6.135928 -0.1723746 1.109832 6.110283 -0.1928279 1.456415 6.098652 0.04068984 0.7026364 6.078664 0.1206913 1.092611 5.969472 0.1691693 1.4154 5.848207  SA_HookPunch_Close
-0.04166768 0.02081943 6.073421 -0.09921549 0.1112092 6.131719 -0.3113498 0.2820773 6.038291 -0.1464999 0.04961514 5.920421 0.02853169 0.1150675 6.078775 0.2392993 0.3088015 5.916945 0.08455713 0.08141398 5.777467 -0.0400208 0.2536302 6.104278 -0.1361871 0.6981018 6.140939 -0.1722033 1.108584 6.112977 -0.1926568 1.45491 6.095267 0.0376779 0.701592 6.075668 0.1188509 1.092695 5.971491 0.1651507 1.415992 5.850729  SA_HookPunch_Close
-0.04363076 0.01979351 6.075632 -0.09834068 0.1102556 6.136896 -0.32021 0.2758332 6.056752 -0.1635338 0.03978717 5.934922 0.02604319 0.1143855 6.07649 0.2222901 0.3039063 5.89564 0.06289829 0.06651461 5.780125 -0.04126434 0.2527977 6.105835 -0.1361437 0.6971835 6.146912 -0.1722022 1.107437 6.115826 -0.1932333 1.453297 6.09108 0.03387471 0.7008216 6.072198 0.1169102 1.092852 5.973097 0.1610362 1.416846 5.853396  SA_HookPunch_Close
-0.04550443 0.01923251 6.077554 -0.09624551 0.1096919 6.142411 -0.3286211 0.2698174 6.081131 -0.1837408 0.02971411 5.952804 0.0232857 0.1142677 6.072923 0.1980633 0.3002096 5.871083 0.03674747 0.05219686 5.78407 -0.04212771 0.2524387 6.107263 -0.1351275 0.6966155 6.154395 -0.1731354 1.106281 6.118283 -0.196264 1.451436 6.086545 0.02945973 0.700627 6.068392 0.11391 1.092992 5.971844 0.1576735 1.418533 5.856279  SA_HookPunch_Close
-0.04688941 0.01940095 6.078913 -0.09404455 0.1098292 6.146631 -0.3342102 0.2650591 6.102653 -0.1988759 0.02240241 5.968825 0.02085091 0.1148156 6.069745 0.1755458 0.2979996 5.852399 0.01576926 0.04203522 5.788695 -0.04266588 0.2527643 6.108283 -0.1337999 0.6967322 6.160618 -0.1744946 1.105725 6.12008 -0.2002517 1.45017 6.083088 0.02564396 0.7011158 6.065434 0.1111328 1.093445 5.969656 0.1555717 1.420227 5.857915  SA_HookPunch_Close
-0.04789351 0.02015567 6.079657 -0.09078984 0.1104453 6.150381 -0.3366657 0.2627206 6.127314 -0.2135224 0.01822114 5.985316 0.0184827 0.1159954 6.065728 0.1493971 0.297802 5.834712 -0.007175727 0.0353868 5.793147 -0.0425906 0.2536426 6.109003 -0.1313051 0.6972967 6.16748 -0.1772016 1.105138 6.12129 -0.2068659 1.448908 6.081086 0.02217026 0.7022478 6.06297 0.1063239 1.094014 5.963768 0.1532837 1.422261 5.857484  SA_HookPunch_Close
-0.04873679 0.02159762 6.08009 -0.08721577 0.1117172 6.153579 -0.3364419 0.261779 6.151959 -0.2259825 0.01599979 6.001963 0.01593395 0.1178651 6.061603 0.1221017 0.2985858 5.819817 -0.02915023 0.03068042 5.798509 -0.04237209 0.2551901 6.109474 -0.128346 0.6985076 6.173999 -0.1804078 1.104949 6.122334 -0.2142962 1.448048 6.0798 0.01875307 0.7040607 6.060718 0.1009204 1.09519 5.957421 0.1510082 1.424694 5.856595  SA_HookPunch_Close
-0.04912154 0.02350998 6.079803 -0.08324127 0.1133738 6.155796 -0.3324645 0.2636404 6.175116 -0.2356509 0.01805329 6.015674 0.01360943 0.1202024 6.057253 0.09571381 0.3011718 5.808439 -0.05033229 0.02960587 5.803249 -0.04175923 0.2571585 6.109472 -0.1249184 0.700086 6.179843 -0.1841538 1.104805 6.122671 -0.2219474 1.447441 6.079707 0.01595171 0.7063272 6.058938 0.09457119 1.096765 5.950399 0.1485212 1.427453 5.855622  SA_HookPunch_Close
-0.04944382 0.0261879 6.079139 -0.07891296 0.1157515 6.157494 -0.3256771 0.2672336 6.198484 -0.2444362 0.022645 6.029121 0.01098247 0.1233273 6.052619 0.06806393 0.3049071 5.799292 -0.07109724 0.02986372 5.808761 -0.04105703 0.2598735 6.109156 -0.1210469 0.7023739 6.185432 -0.1883764 1.105025 6.122873 -0.2300464 1.447221 6.079983 0.01309426 0.7093531 6.057139 0.08757623 1.099115 5.943378 0.1461826 1.430761 5.854924  SA_HookPunch_Close
-0.04961304 0.03049767 6.077308 -0.07298462 0.1195636 6.158422 -0.3117234 0.2759993 6.226515 -0.2542551 0.03542686 6.042315 0.007464843 0.1282226 6.046216 0.03357639 0.3121448 5.791609 -0.09613954 0.03333795 5.814952 -0.0399615 0.2641658 6.108019 -0.1157315 0.7060544 6.19166 -0.1942251 1.105535 6.122171 -0.2399406 1.447363 6.080488 0.009737032 0.7140589 6.05493 0.07817246 1.103121 5.935137 0.144179 1.435644 5.855641  SA_HookPunch_Close
-0.04977838 0.03483391 6.075231 -0.06811945 0.1234617 6.158225 -0.2971763 0.28562 6.247905 -0.2625115 0.0506084 6.051244 0.004357712 0.1330456 6.040784 0.006606178 0.3197036 5.788618 -0.1147039 0.03782368 5.819148 -0.03910748 0.2684652 6.106524 -0.1112474 0.7098393 6.19587 -0.1993005 1.106401 6.121302 -0.2476637 1.448058 6.081235 0.007065015 0.7186796 6.052952 0.07085307 1.107262 5.929103 0.1438304 1.439953 5.856723  SA_HookPunch_Close
-0.05002133 0.04043186 6.07246 -0.06284021 0.1285555 6.157135 -0.2780659 0.2983007 6.269232 -0.2714428 0.07187724 6.059957 0.0007279683 0.1391817 6.034728 -0.02136586 0.329505 5.788302 -0.133621 0.04436052 5.822883 -0.03824304 0.2740022 6.104399 -0.1062508 0.7148005 6.199669 -0.2051306 1.107838 6.120175 -0.2557225 1.449427 6.082351 0.004205959 0.7245497 6.050653 0.06324179 1.112687 5.923107 0.1446561 1.444959 5.858185  SA_HookPunch_Close
-0.05019842 0.0456965 6.069798 -0.0585678 0.1334138 6.155486 -0.2602918 0.3101904 6.285804 -0.2798461 0.0941813 6.066566 -0.002257032 0.1448913 6.02965 -0.04239706 0.338755 5.790307 -0.1482376 0.05120015 5.825154 -0.03754036 0.2792149 6.102188 -0.1021057 0.7195393 6.201985 -0.210082 1.109468 6.119091 -0.2619213 1.451118 6.083569 0.001939373 0.7300186 6.048472 0.05722721 1.117771 5.918108 0.145937 1.449244 5.858912  SA_HookPunch_Close
-0.0505415 0.05531681 6.064819 -0.05154793 0.142375 6.151565 -0.2258919 0.3316233 6.310466 -0.2933572 0.1391908 6.07911 -0.007427318 0.1552621 6.021087 -0.07443659 0.3555059 5.797304 -0.1718834 0.06458712 5.828526 -0.03643988 0.2887475 6.097829 -0.09504299 0.7282771 6.204667 -0.2187688 1.112513 6.117322 -0.2717906 1.454407 6.086152 -0.001820488 0.739949 6.044433 0.0472432 1.127009 5.909597 0.1486842 1.456286 5.859257  SA_HookPunch_Close
-0.05036954 0.06676137 6.058411 -0.0440403 0.1531631 6.145418 -0.1833073 0.3558373 6.333313 -0.3095234 0.2032518 6.096893 -0.01211791 0.1674391 6.011574 -0.1013272 0.375419 5.809192 -0.1957337 0.08262396 5.830707 -0.03490053 0.3000758 6.09181 -0.08763151 0.7387912 6.204995 -0.2286416 1.116259 6.11439 -0.2811778 1.458698 6.088906 -0.005462689 0.7516491 6.038909 0.03609474 1.137833 5.899129 0.1517106 1.463785 5.858682  SA_HookPunch_Close
-0.04970066 0.07532012 6.053378 -0.03877215 0.1613331 6.140274 -0.1508683 0.3710586 6.346723 -0.3190332 0.2562542 6.115102 -0.01462517 0.1763985 6.004896 -0.1152842 0.3899672 5.819268 -0.2108378 0.09704113 5.832236 -0.03349743 0.3085377 6.086947 -0.08275639 0.7467604 6.203604 -0.2355663 1.119403 6.112165 -0.2865995 1.46239 6.091439 -0.007611794 0.7603237 6.034279 0.02796646 1.145991 5.891456 0.1533339 1.469129 5.858104  SA_HookPunch_Close
-0.04901962 0.08112073 6.049965 -0.03527037 0.1669159 6.136682 -0.1281525 0.3807831 6.353674 -0.3225131 0.294544 6.130304 -0.0159214 0.1824086 6.000584 -0.122385 0.3995764 5.826492 -0.2200775 0.1071526 5.83348 -0.0324053 0.3142715 6.083589 -0.07962935 0.7522181 6.202127 -0.2406982 1.121278 6.110331 -0.2908715 1.464562 6.092646 -0.008805079 0.7661707 6.030982 0.02260764 1.151517 5.886326 0.1543383 1.47257 5.857693  SA_HookPunch_Close
-0.04709808 0.08993971 6.044598 -0.02992038 0.1755461 6.131087 -0.0942065 0.3936795 6.361522 -0.3242978 0.3555058 6.159759 -0.01649754 0.1913494 5.994312 -0.1273793 0.413864 5.836308 -0.2307967 0.1233362 5.834598 -0.03023653 0.3229905 6.078165 -0.07562016 0.7606832 6.198285 -0.2483167 1.124593 6.107071 -0.2964913 1.468401 6.094859 -0.009914858 0.7749968 6.025139 0.01500328 1.16007 5.878508 0.155829 1.477814 5.857172  SA_HookPunch_Close
-0.04486905 0.09833038 6.039243 -0.02484278 0.1838397 6.125515 -0.06105272 0.4041867 6.366029 -0.316976 0.4159858 6.194356 -0.0163884 0.199736 5.988354 -0.1286371 0.4270289 5.845078 -0.2392372 0.1393104 5.835588 -0.02797751 0.3312821 6.072679 -0.07231514 0.7688246 6.19362 -0.2556816 1.127814 6.103743 -0.3013314 1.472121 6.09719 -0.01074944 0.7833474 6.018976 0.007776635 1.168256 5.87097 0.1571499 1.482471 5.856676  SA_HookPunch_Close
-0.04147033 0.104704 6.035022 -0.02060138 0.1902936 6.121406 -0.03772132 0.4113387 6.367393 -0.3083664 0.4596065 6.227647 -0.01368968 0.2058767 5.984122 -0.122167 0.4359964 5.845402 -0.2396467 0.1511518 5.832497 -0.02518408 0.3375739 6.068224 -0.07090156 0.7751853 6.18818 -0.2605827 1.131193 6.099557 -0.303751 1.47588 6.098504 -0.01002745 0.7896137 6.013287 0.003847914 1.174548 5.86484 0.1583824 1.486469 5.856344  SA_HookPunch_Close
-0.03803925 0.1110576 6.030591 -0.01628862 0.1967357 6.117077 -0.01290427 0.4174782 6.367131 -0.2904409 0.5037109 6.263958 -0.01098148 0.2119757 5.979684 -0.1152488 0.4447713 5.845708 -0.2399561 0.1631941 5.829375 -0.02239142 0.3438337 6.063545 -0.06959037 0.7815076 6.182461 -0.2658435 1.134279 6.095218 -0.3062844 1.479268 6.099846 -0.009425623 0.7958332 6.007314 -0.000451548 1.180749 5.858441 0.1594784 1.490045 5.855947  SA_HookPunch_Close
-0.0316662 0.1180923 6.02572 -0.01107715 0.2039776 6.112854 0.01159926 0.424067 6.364728 -0.2669947 0.5448061 6.310738 -0.003845258 0.2184584 5.975466 -0.09735231 0.4523369 5.833581 -0.2303592 0.1745933 5.817084 -0.01765607 0.3507003 6.058356 -0.06988071 0.7886704 6.17369 -0.2701242 1.139387 6.087233 -0.3070135 1.484559 6.100244 -0.006372733 0.8025219 5.999689 -0.002390964 1.187304 5.850255 0.1614745 1.494489 5.85604  SA_HookPunch_Close
-0.02607845 0.1232555 6.022012 -0.006976945 0.2093105 6.109723 0.03021415 0.427744 6.361818 -0.2412453 0.573498 6.348661 0.002742128 0.2231481 5.972423 -0.08091109 0.456785 5.821157 -0.219896 0.1819613 5.805046 -0.01359539 0.3557025 6.054348 -0.07061498 0.7939094 6.166182 -0.2731353 1.14336 6.079902 -0.3071837 1.488483 6.10002 -0.003376884 0.8073397 5.993555 -0.003550572 1.191826 5.84331 0.1626648 1.497533 5.856113  SA_HookPunch_Close
-0.0198174 0.1273853 6.019369 -0.00349067 0.213607 6.107691 0.04320707 0.4299272 6.359012 -0.2180074 0.5921998 6.382296 0.01093091 0.2268016 5.970742 -0.06099073 0.4576629 5.802736 -0.2038163 0.1846716 5.789283 -0.009198589 0.3596578 6.051323 -0.07237355 0.7981318 6.15847 -0.2741897 1.147755 6.071242 -0.3057525 1.492635 6.098357 0.000907736 0.8110536 5.98828 -0.00311069 1.194873 5.836392 0.1630777 1.500225 5.856135  SA_HookPunch_Close
-0.01338808 0.1309016 6.016715 -0.0001856516 0.2172501 6.105576 0.05498751 0.4303224 6.355899 -0.1909685 0.6069722 6.414277 0.01942398 0.2298893 5.96922 -0.03892873 0.4565743 5.783723 -0.1855444 0.1854759 5.773046 -0.004756136 0.3629813 6.048285 -0.07429998 0.8016174 6.150454 -0.2749187 1.151705 6.06233 -0.3043594 1.496107 6.09688 0.005493181 0.8141487 5.983189 -0.002537472 1.197087 5.829248 0.1628921 1.502325 5.855901  SA_HookPunch_Close
-0.005632205 0.1336163 6.013833 0.002707677 0.2199824 6.103016 0.06146278 0.4287339 6.352217 -0.1667742 0.616735 6.439801 0.03019478 0.232394 5.968007 -0.009556336 0.4506323 5.757564 -0.1595548 0.1812193 5.752927 0.0003860761 0.3655119 6.045081 -0.07731931 0.8040397 6.141369 -0.2731859 1.156634 6.052553 -0.3006913 1.500199 6.09592 0.01183714 0.8165702 5.978901 -0.00110106 1.198072 5.821764 0.1605222 1.504678 5.855213  SA_HookPunch_Close
0.003974753 0.1356237 6.009833 0.005674796 0.2218814 6.098995 0.06555249 0.4238186 6.347837 -0.1389392 0.6224062 6.465539 0.04356279 0.2343768 5.966536 0.03298433 0.4386693 5.727482 -0.1232988 0.172821 5.729653 0.006528871 0.3673042 6.040753 -0.08128063 0.8053768 6.129662 -0.2704798 1.161675 6.041174 -0.2959176 1.503786 6.095822 0.01990743 0.818403 5.974443 0.001857238 1.197572 5.812244 0.1579325 1.506181 5.85285  SA_HookPunch_Close
0.01460149 0.1358039 6.004375 0.007824378 0.2217027 6.09265 0.06173112 0.4152339 6.342957 -0.1206341 0.6223108 6.480686 0.0584286 0.2350411 5.964594 0.08912571 0.4188626 5.698805 -0.07776324 0.1596615 5.707009 0.01290168 0.3673296 6.035137 -0.08627348 0.8043156 6.116303 -0.2662885 1.166024 6.030653 -0.2891755 1.506073 6.097859 0.02906801 0.8188758 5.971438 0.007868426 1.194812 5.802247 0.1566994 1.506255 5.848082  SA_HookPunch_Close
0.02218439 0.1345849 5.999494 0.008877652 0.2200596 6.086565 0.05386819 0.407656 6.339263 -0.1176141 0.6185799 6.484909 0.06890567 0.2344419 5.962762 0.1353238 0.4029231 5.68603 -0.0426536 0.1511599 5.692637 0.0172682 0.3660347 6.030336 -0.08975874 0.8019591 6.106336 -0.2636103 1.167442 6.024039 -0.2874106 1.505913 6.0985 0.03567286 0.8181258 5.970295 0.01412393 1.192021 5.796683 0.1560897 1.506269 5.845081  SA_HookPunch_Close
0.03165461 0.1313537 5.992222 0.009805935 0.2161368 6.076971 0.03966447 0.3962489 6.333106 -0.122342 0.610386 6.484786 0.08184083 0.2321941 5.959965 0.1983637 0.3800814 5.680006 0.00436409 0.1403725 5.677131 0.02252181 0.3627138 6.023173 -0.0941814 0.7970647 6.092536 -0.259282 1.168291 6.018326 -0.2848591 1.504314 6.102639 0.04360779 0.8156457 5.969368 0.02348323 1.187055 5.790333 0.1555912 1.505294 5.840531  SA_HookPunch_Close
0.0388238 0.1270944 5.985146 0.009697573 0.2111574 6.067251 0.02222581 0.3859909 6.326107 -0.1381873 0.5999203 6.47976 0.09183688 0.2288231 5.95735 0.2513338 0.3626826 5.687426 0.0442461 0.1351082 5.666715 0.02632012 0.358363 6.016311 -0.09763478 0.7913938 6.08003 -0.2537793 1.168185 6.01505 -0.2824899 1.502359 6.105476 0.04991682 0.8120517 5.96911 0.03280636 1.182147 5.787064 0.1547982 1.504437 5.837013  SA_HookPunch_Close
0.04998465 0.1178323 5.972777 0.009547429 0.2006122 6.049249 -0.01071487 0.368039 6.310025 -0.1756959 0.5788339 6.463173 0.1070194 0.2209772 5.953219 0.3314351 0.3353983 5.718516 0.1100142 0.1301492 5.655667 0.03229465 0.3489128 6.00419 -0.1019813 0.7798687 6.058321 -0.2448425 1.164697 6.012793 -0.2816388 1.495879 6.110966 0.05932142 0.8037533 5.969368 0.04924818 1.172386 5.783863 0.1537301 1.501333 5.829962  SA_HookPunch_Close
0.0572377 0.1080695 5.961166 0.007679896 0.1897348 6.031314 -0.04799036 0.3519814 6.289855 -0.225903 0.5564365 6.437003 0.1173989 0.212217 5.950113 0.3819822 0.3230501 5.761319 0.1626868 0.1337851 5.655523 0.03597041 0.338995 5.99308 -0.1041369 0.7689534 6.038758 -0.2315682 1.160851 6.011335 -0.2765908 1.490087 6.112583 0.06684329 0.7944334 5.970802 0.06536843 1.163859 5.786612 0.1539337 1.498098 5.827704  SA_HookPunch_Close
0.06633259 0.09549665 5.946432 0.006675737 0.1759495 6.006845 -0.09624968 0.3316221 6.255039 -0.2941286 0.527084 6.388254 0.1291961 0.2005136 5.947494 0.4282374 0.310411 5.826751 0.2266889 0.139617 5.667654 0.04111316 0.3262099 5.978978 -0.1038422 0.7555091 6.013726 -0.2151245 1.153241 6.012995 -0.2717265 1.480128 6.116024 0.07577713 0.7818848 5.974448 0.08532096 1.150621 5.789122 0.1543124 1.4908 5.816804  SA_HookPunch_Close
0.07117154 0.0857619 5.93358 0.004952805 0.1656785 5.985208 -0.1385401 0.3158194 6.217944 -0.3563348 0.5043306 6.32811 0.1350774 0.1907941 5.945534 0.442528 0.3090041 5.880356 0.2681936 0.1445225 5.686299 0.04399105 0.3163619 5.967566 -0.1010018 0.746286 5.99551 -0.197298 1.147389 6.015963 -0.2602045 1.473858 6.116633 0.08237083 0.7714207 5.979881 0.1013965 1.14058 5.796134 0.1562973 1.484068 5.811927  SA_HookPunch_Close
0.07629307 0.07665253 5.920586 0.00516911 0.1564481 5.962887 -0.1764815 0.3014643 6.173604 -0.4119227 0.48344 6.254597 0.1399142 0.1811924 5.943685 0.4450954 0.3067341 5.93339 0.3038522 0.1476171 5.710149 0.04752125 0.307119 5.956151 -0.09617923 0.737972 5.978118 -0.1827507 1.139443 6.021721 -0.2495426 1.465798 6.120234 0.08796211 0.7609985 5.986074 0.11689 1.130216 5.80374 0.1607576 1.475645 5.805282  SA_HookPunch_Close
0.0823151 0.06376779 5.896885 0.006890254 0.1450912 5.924232 -0.2343837 0.2799053 6.085139 -0.4905516 0.4515866 6.088473 0.1429679 0.1652852 5.938803 0.4203497 0.308153 6.007206 0.3459807 0.1509459 5.752531 0.05361666 0.29399 5.937889 -0.08244114 0.727785 5.957123 -0.1588477 1.126233 6.034426 -0.2252527 1.452326 6.134064 0.09724291 0.7437794 6.001388 0.1398024 1.113644 5.823083 0.1692403 1.459837 5.800017  SA_HookPunch_Close
0.08971788 0.05384612 5.874694 0.0141073 0.1378801 5.890378 -0.2744152 0.2639722 5.985698 -0.5256451 0.4181234 5.894987 0.1451815 0.1506423 5.932733 0.3842623 0.3104677 6.055948 0.3694972 0.1547459 5.790172 0.06244214 0.2833248 5.922787 -0.06538014 0.7196409 5.944876 -0.1464391 1.111402 6.047477 -0.2132445 1.436661 6.149543 0.1055977 0.7276123 6.017018 0.1585875 1.100057 5.847076 0.1824003 1.444214 5.799779  SA_HookPunch_Close
0.09690674 0.04795146 5.857801 0.02291258 0.1346478 5.86568 -0.2897028 0.2538524 5.897299 -0.5093424 0.3907677 5.729609 0.1466422 0.1402197 5.927301 0.3509129 0.3131832 6.082431 0.3798673 0.1569616 5.818119 0.0705225 0.276365 5.91248 -0.05141858 0.7141771 5.938992 -0.1417338 1.099639 6.056621 -0.2100783 1.424068 6.160296 0.1105158 0.7153424 6.029972 0.1700626 1.090184 5.867642 0.1945071 1.431072 5.800964  SA_HookPunch_Close
0.1051199 0.04232979 5.845205 0.03269299 0.130909 5.849651 -0.2902689 0.2437744 5.798819 -0.4492558 0.3420656 5.553524 0.1496757 0.1297133 5.923481 0.3284472 0.3169403 6.094545 0.3794938 0.1602151 5.8339 0.07969971 0.2689234 5.90695 -0.03830199 0.7073299 5.939137 -0.1333476 1.092421 6.054229 -0.2095474 1.41424 6.160531 0.117101 0.7035486 6.040809 0.1783039 1.082198 5.888223 0.2050449 1.419506 5.806026  SA_HookPunch_Close
0.1128474 0.03867447 5.834484 0.04168268 0.1287321 5.836588 -0.2668135 0.2320195 5.703927 -0.3432814 0.2883655 5.410524 0.1518775 0.1213797 5.919897 0.3086174 0.3207697 6.10076 0.3750192 0.1631485 5.844145 0.08744963 0.2631664 5.902721 -0.02766029 0.7018247 5.939903 -0.1257492 1.087647 6.049879 -0.2095036 1.407279 6.157089 0.1218923 0.6938868 6.049778 0.1836153 1.075963 5.906211 0.2151079 1.409361 5.810806  SA_HookPunch_Close
0.1184438 0.03578782 5.827728 0.04636981 0.1257458 5.830262 -0.2199744 0.2265794 5.619676 -0.2063477 0.2525964 5.312683 0.153274 0.1147232 5.917367 0.3026846 0.3174801 6.101788 0.3652546 0.1670835 5.839929 0.09199883 0.2579718 5.900796 -0.02097486 0.6967816 5.941333 -0.1192476 1.08439 6.044662 -0.2061094 1.404218 6.148772 0.126921 0.6868855 6.053272 0.1881541 1.072629 5.919647 0.2239141 1.404103 5.819176  SA_HookPunch_Close
0.1215426 0.03590107 5.824058 0.04855134 0.1255498 5.826492 -0.1762338 0.2119346 5.569213 -0.09959678 0.216562 5.270528 0.1533683 0.1127918 5.915867 0.302083 0.3139367 6.102277 0.3578325 0.1693938 5.835625 0.09367444 0.2567078 5.899308 -0.01801447 0.6957446 5.940801 -0.1161343 1.084595 6.039504 -0.2043014 1.405041 6.140573 0.1287321 0.6847916 6.054145 0.1906316 1.07195 5.924992 0.2292999 1.402543 5.822714  SA_HookPunch_Close
0.1230894 0.03646708 5.820411 0.04901697 0.125656 5.822473 -0.1257568 0.2060211 5.533393 0.0095578 0.2026095 5.25629 0.1520249 0.1118209 5.91377 0.3052611 0.3059363 6.102248 0.3494508 0.1696877 5.82914 0.09341611 0.2561477 5.896913 -0.01652776 0.6956739 5.938527 -0.1136708 1.085731 6.03336 -0.2016262 1.407282 6.131047 0.1290358 0.6835932 6.053274 0.1935195 1.071104 5.926463 0.2347452 1.401542 5.824685  SA_HookPunch_Close
0.1246458 0.03748906 5.816741 0.05052223 0.1265303 5.817796 -0.08645777 0.2037305 5.514709 0.08936562 0.1947323 5.261505 0.1511737 0.1118826 5.911561 0.3068689 0.2998934 6.102278 0.343594 0.1678549 5.826015 0.09355517 0.256513 5.89391 -0.01521055 0.6964651 5.934951 -0.1116333 1.087091 6.028165 -0.1992837 1.409255 6.124092 0.1281585 0.683233 6.052305 0.1948945 1.070583 5.926172 0.2373063 1.4012 5.825466  SA_HookPunch_Close
0.1289987 0.0403626 5.809371 0.0567983 0.1296334 5.807061 -0.02618442 0.2077048 5.496333 0.2036951 0.1868324 5.291816 0.1508233 0.1138015 5.90729 0.3076497 0.2900517 6.103318 0.3358013 0.1593609 5.825412 0.09528734 0.2588704 5.886793 -0.01213591 0.6996342 5.924788 -0.1079427 1.090297 6.018483 -0.1951101 1.412864 6.11349 0.1240037 0.6839714 6.050177 0.1953858 1.069801 5.921943 0.2375773 1.401315 5.824138  SA_HookPunch_Close
0.1348983 0.04251325 5.806365 0.06516971 0.1320051 5.801277 -0.003537936 0.2175857 5.490922 0.2359998 0.1843756 5.299542 0.1536516 0.116021 5.906409 0.3052478 0.2905049 6.106201 0.3384613 0.1541225 5.831608 0.09921904 0.2611033 5.883223 -0.009406967 0.7019914 5.916438 -0.1063589 1.091625 6.01319 -0.1950624 1.41309 6.110482 0.1198439 0.6857943 6.048852 0.1955678 1.069102 5.915642 0.2369526 1.400914 5.818503  SA_HookPunch_Close
0.1402109 0.04480159 5.804082 0.07264562 0.1343958 5.796755 0.01528879 0.2264587 5.48734 0.2602977 0.1822829 5.305333 0.1562019 0.1183667 5.905836 0.3030435 0.2914928 6.108771 0.3408021 0.1503835 5.83717 0.1027613 0.2634282 5.880328 -0.006837053 0.7044076 5.909154 -0.1053584 1.092959 6.008634 -0.1959379 1.413263 6.108005 0.1161986 0.6878684 6.047322 0.1962304 1.068798 5.909878 0.2370461 1.400853 5.813328  SA_HookPunch_Close
0.1465929 0.04671657 5.804514 0.0802312 0.1360114 5.795298 0.02333625 0.235454 5.485452 0.2625393 0.1840081 5.297721 0.1602273 0.120801 5.90713 0.3012485 0.2957458 6.113132 0.3481666 0.1510172 5.844885 0.1069673 0.2655032 5.879308 -0.004436417 0.7063475 5.902148 -0.1057117 1.093463 6.004421 -0.1998702 1.411876 6.106504 0.1134217 0.690721 6.04486 0.197592 1.069266 5.90336 0.2367111 1.40203 5.808568  SA_HookPunch_Close
0.1549767 0.04945648 5.805616 0.08988442 0.1382415 5.794114 0.03231378 0.2467554 5.483606 0.2628758 0.1876816 5.287497 0.16557 0.1242501 5.909063 0.298979 0.3017949 6.118984 0.3581816 0.1536809 5.855049 0.1125079 0.2684219 5.878269 -0.0009555052 0.70905 5.893227 -0.1067929 1.094032 5.998878 -0.2064959 1.409686 6.104215 0.1104303 0.6947493 6.04118 0.200223 1.070139 5.894814 0.2368924 1.403919 5.802647  SA_HookPunch_Close
0.1613317 0.05143058 5.807864 0.09606488 0.1395609 5.79497 0.0344313 0.252619 5.482751 0.25798 0.1912146 5.279372 0.1700192 0.1269306 5.911196 0.2981684 0.3071027 6.124206 0.3678056 0.1604371 5.862014 0.1167036 0.2705581 5.878364 0.001843231 0.711011 5.887474 -0.1086176 1.09423 5.994788 -0.2135719 1.407598 6.101835 0.1100846 0.6981062 6.037869 0.2032798 1.071438 5.888399 0.2370815 1.406281 5.799036  SA_HookPunch_Close
0.1676358 0.05341256 5.810272 0.1019377 0.1408511 5.796146 0.03589197 0.2575098 5.482358 0.2540806 0.1936673 5.27397 0.1746408 0.1296049 5.913301 0.2976718 0.312851 6.128733 0.3772837 0.1680915 5.868327 0.1210589 0.2726871 5.878575 0.004950659 0.7129461 5.882288 -0.1108115 1.094255 5.99081 -0.2215291 1.405205 6.099096 0.1108149 0.7014415 6.034479 0.2069826 1.073001 5.882494 0.2376515 1.408989 5.79636  SA_HookPunch_Close
0.1722019 0.05476749 5.812253 0.1057869 0.1416513 5.79746 0.03601726 0.2594852 5.482368 0.2530029 0.1936228 5.273354 0.1783151 0.1314504 5.914818 0.2979596 0.3175939 6.131127 0.3841289 0.1747917 5.871729 0.1244673 0.2741451 5.878929 0.007505195 0.7142736 5.879378 -0.112872 1.094065 5.988203 -0.2283189 1.40317 6.096828 0.1128396 0.7038011 6.03201 0.21036 1.074537 5.878881 0.2384057 1.411488 5.795665  SA_HookPunch_Close
0.1773918 0.05589724 5.81441 0.1100686 0.1421463 5.799221 0.03632363 0.2608014 5.483384 0.2545455 0.191887 5.276653 0.1829237 0.1330347 5.916466 0.2992205 0.3231914 6.131935 0.3909899 0.1808369 5.874218 0.1286233 0.2753124 5.879616 0.01031538 0.7151599 5.877309 -0.11547 1.093287 5.985812 -0.2358776 1.400601 6.094133 0.1161044 0.7059113 6.029706 0.2137892 1.076352 5.87597 0.2391601 1.414182 5.795499  SA_HookPunch_Close
0.1809861 0.05619359 5.815827 0.1129675 0.1420035 5.800629 0.03663983 0.2608618 5.484693 0.2575367 0.18936 5.281716 0.1864249 0.1335742 5.917548 0.3007767 0.3270003 6.13113 0.3950982 0.1836495 5.874891 0.1316951 0.2755823 5.880295 0.01216437 0.7151446 5.876781 -0.1174561 1.09216 5.984636 -0.240974 1.398464 6.092316 0.1190245 0.7067801 6.02848 0.2158292 1.077479 5.874808 0.2396066 1.415769 5.795802  SA_HookPunch_Close
0.1841268 0.05597591 5.817164 0.1155002 0.1413738 5.802163 0.03669925 0.2604549 5.486595 0.260064 0.1855646 5.287579 0.189742 0.133566 5.91863 0.3030132 0.3300083 6.129667 0.3984354 0.1850269 5.874756 0.1344687 0.2753091 5.881171 0.01354255 0.7145113 5.87687 -0.119053 1.0907 5.983993 -0.2443997 1.39655 6.090845 0.1217377 0.7070508 6.027667 0.2168438 1.078347 5.874378 0.239518 1.416885 5.796112  SA_HookPunch_Close
0.1873012 0.05561876 5.818635 0.1180642 0.1405673 5.804095 0.03648951 0.2599245 5.489447 0.2624001 0.1800293 5.295311 0.1934225 0.13342 5.919885 0.3063665 0.3331031 6.12723 0.401502 0.1854824 5.873731 0.1373864 0.274859 5.88241 0.01463361 0.7135551 5.877669 -0.1205084 1.089107 5.983838 -0.2466011 1.395068 6.08949 0.124675 0.7071766 6.027174 0.2168919 1.079541 5.874714 0.2388132 1.41814 5.796494  SA_HookPunch_Close
0.1910791 0.05497313 5.820705 0.121079 0.1393501 5.806874 0.0352384 0.2594922 5.493957 0.2639445 0.1726308 5.30619 0.1981391 0.1331627 5.921594 0.3117183 0.3365583 6.124106 0.4052636 0.1860135 5.871737 0.1409275 0.274147 5.884182 0.01561459 0.7121177 5.879017 -0.1220823 1.08705 5.984091 -0.2479795 1.393663 6.088072 0.1282136 0.7072155 6.026662 0.2159193 1.081409 5.876028 0.2373137 1.420018 5.79771  SA_HookPunch_Close
0.1937736 0.05426681 5.82259 0.1231837 0.138193 5.80946 0.03311636 0.2594632 5.498593 0.2634906 0.1662368 5.315989 0.2019201 0.1329075 5.923082 0.3172637 0.3388222 6.121596 0.4080615 0.1864001 5.869351 0.1435372 0.2734518 5.885825 0.01591881 0.710753 5.880487 -0.123009 1.085451 5.984772 -0.247432 1.3932 6.087158 0.1307934 0.7071378 6.026406 0.2139508 1.083316 5.878154 0.235382 1.421851 5.799528  SA_HookPunch_Close
0.1962257 0.0534718 5.824702 0.1249795 0.1369314 5.81234 0.03026946 0.2596843 5.503985 0.2621311 0.1597929 5.326871 0.2056593 0.1326993 5.924634 0.3236008 0.3409355 6.119196 0.4108628 0.1874392 5.866355 0.1459083 0.2727245 5.887593 0.01575567 0.7092875 5.882202 -0.1237899 1.083913 5.985921 -0.2461063 1.393033 6.086705 0.1331439 0.7070532 6.026135 0.2118953 1.085105 5.880262 0.2337407 1.423428 5.800838  SA_HookPunch_Close
0.1983082 0.05253196 5.827252 0.1262782 0.1354902 5.815777 0.02617188 0.2603393 5.51075 0.2592932 0.1531153 5.33968 0.2093769 0.1325824 5.926337 0.3314227 0.3428804 6.116931 0.4136871 0.1896179 5.862279 0.1479064 0.2719471 5.889618 0.01480051 0.7076491 5.884369 -0.1243225 1.082505 5.987821 -0.243403 1.393421 6.086944 0.1351444 0.7069739 6.025856 0.2096427 1.086779 5.882324 0.2325398 1.424646 5.80127  SA_HookPunch_Close
0.2002898 0.05162406 5.829876 0.1274015 0.1340475 5.819359 0.02204342 0.2612606 5.518046 0.2561342 0.1468643 5.353053 0.2130383 0.1325471 5.927993 0.3394142 0.3449599 6.114366 0.4164264 0.1922443 5.85775 0.1497317 0.2711973 5.891693 0.01354595 0.7059865 5.886729 -0.1248676 1.081174 5.989932 -0.2405972 1.39392 6.087246 0.1369453 0.7069225 6.025557 0.207855 1.08813 5.883938 0.2314317 1.425639 5.801596  SA_HookPunch_Close
0.2020936 0.05069816 5.832988 0.1280145 0.1324363 5.823698 0.01723905 0.2630883 5.527389 0.2522167 0.1416268 5.368832 0.2168324 0.1327095 5.929757 0.3487558 0.3475819 6.110975 0.4193742 0.1964958 5.851571 0.1511675 0.2704352 5.894132 0.01124151 0.704106 5.889796 -0.1254877 1.07997 5.992782 -0.2370285 1.394862 6.088048 0.1383488 0.7069446 6.025211 0.2071192 1.088732 5.884099 0.2305772 1.426239 5.801717  SA_HookPunch_Close
0.2044175 0.04950643 5.837039 0.1286936 0.1302636 5.829587 0.01138438 0.2666397 5.541008 0.2467516 0.1360532 5.390486 0.2218016 0.132969 5.931866 0.3609615 0.3513865 6.105364 0.4228357 0.202431 5.842517 0.1528919 0.2693962 5.897391 0.007887738 0.7014999 5.894244 -0.1263251 1.078438 5.996614 -0.2324081 1.396166 6.088641 0.1399738 0.7069234 6.024726 0.2062419 1.089486 5.884519 0.2293869 1.427156 5.802719  SA_HookPunch_Close
0.2060282 0.04864025 5.840038 0.1289378 0.1285497 5.834247 0.007516401 0.2702188 5.552594 0.2429363 0.1334983 5.407706 0.2254641 0.1332147 5.933233 0.3699951 0.3547411 6.099827 0.425049 0.2074089 5.83456 0.1539118 0.2685653 5.899918 0.004866378 0.6993834 5.898046 -0.1270275 1.077386 5.999501 -0.2290108 1.397283 6.088604 0.1408892 0.7068602 6.024314 0.2056583 1.090051 5.885125 0.2283006 1.428112 5.804814  SA_HookPunch_Close
0.2075807 0.04795396 5.843093 0.129202 0.1270176 5.839025 0.004060404 0.2720779 5.563632 0.2398264 0.1294861 5.425106 0.2289894 0.1336251 5.934608 0.3784556 0.358238 6.093967 0.426733 0.2123526 5.826588 0.1548729 0.267895 5.902549 0.001874762 0.6974095 5.902047 -0.1277835 1.076516 6.002254 -0.2260643 1.398456 6.088099 0.1416631 0.7069423 6.023989 0.2049295 1.090643 5.885518 0.2270761 1.429018 5.806396  SA_HookPunch_Close
0.208709 0.04727328 5.846006 0.1291324 0.1255053 5.843895 0.0008433629 0.2761261 5.576345 0.2360259 0.1284226 5.442254 0.2321736 0.1339692 5.935809 0.386182 0.3615751 6.087236 0.4276603 0.2171158 5.817949 0.1555514 0.2671869 5.905288 -0.001248879 0.6954002 5.906627 -0.1283756 1.075817 6.005097 -0.2232646 1.399674 6.087477 0.1423083 0.706936 6.02393 0.2037706 1.091084 5.885886 0.225211 1.429712 5.807658  SA_HookPunch_Close
0.2100611 0.04631472 5.850931 0.1287171 0.123207 5.852341 -0.003861768 0.2830539 5.598764 0.2290562 0.1259767 5.47155 0.2369809 0.1347115 5.937686 0.3979383 0.3669505 6.074974 0.4276432 0.224799 5.802917 0.1563479 0.2661867 5.910082 -0.006493432 0.6922321 5.915036 -0.1292195 1.075007 6.009884 -0.2190286 1.401833 6.085996 0.1431556 0.7070693 6.024061 0.2019709 1.091814 5.886526 0.2224042 1.430872 5.80991  SA_HookPunch_Close
0.2102741 0.04581356 5.853979 0.1280619 0.1219667 5.85768 -0.00655864 0.2876482 5.613286 0.2242974 0.1250271 5.489321 0.2393462 0.135216 5.938782 0.4040562 0.3698323 6.066958 0.4264526 0.2290707 5.793482 0.156454 0.265686 5.913172 -0.009724302 0.6904694 5.920693 -0.129533 1.074847 6.01275 -0.2166481 1.403281 6.084973 0.143483 0.7072308 6.024367 0.2009437 1.092237 5.88699 0.2208116 1.431596 5.811568  SA_HookPunch_Close
0.2093382 0.04519415 5.858693 0.1260249 0.120379 5.865988 -0.01101349 0.2942092 5.635801 0.2159367 0.1234343 5.515647 0.2416313 0.1360571 5.94033 0.411916 0.3737112 6.054199 0.4226461 0.2343727 5.779292 0.1556658 0.265137 5.91802 -0.01468573 0.6882601 5.929915 -0.1296175 1.075248 6.017126 -0.2126579 1.406018 6.083226 0.1436543 0.7076524 6.025067 0.1997425 1.092803 5.887531 0.2190647 1.432639 5.814137  SA_HookPunch_Close
0.2081589 0.04492772 5.861925 0.1242462 0.1195387 5.871687 -0.01380174 0.2983084 5.651104 0.2099639 0.1219114 5.533118 0.2425344 0.1367301 5.941326 0.416288 0.3761276 6.045346 0.4189838 0.2374016 5.769933 0.1547208 0.264948 5.921368 -0.01795922 0.6870883 5.936411 -0.1295802 1.075845 6.019977 -0.2100434 1.408077 6.081796 0.1435875 0.708095 6.025647 0.199112 1.093189 5.887723 0.2182812 1.433327 5.815702  SA_HookPunch_Close
0.205734 0.04471791 5.865221 0.1212841 0.118897 5.877552 -0.01751749 0.3029273 5.667521 0.2024222 0.1217341 5.549609 0.2421824 0.1373757 5.9422 0.4200693 0.378253 6.035878 0.4140322 0.2392747 5.760645 0.1528095 0.2648883 5.924811 -0.02126603 0.6863877 5.943379 -0.1300389 1.076703 6.023362 -0.208292 1.410234 6.08087 0.1434212 0.7086493 6.02635 0.1989867 1.093473 5.887689 0.2182281 1.433962 5.817369  SA_HookPunch_Close
0.2013362 0.04481506 5.870222 0.1162734 0.1184856 5.886413 -0.02420173 0.3070408 5.6898 0.1906263 0.1185395 5.573939 0.2406742 0.1386292 5.943474 0.4244758 0.3813627 6.021479 0.4053477 0.2413937 5.747348 0.1493806 0.2652559 5.930038 -0.02587937 0.6861008 5.954 -0.131181 1.078391 6.028797 -0.2069068 1.413515 6.080093 0.1430491 0.709895 6.027475 0.1991193 1.094067 5.887218 0.2187352 1.435056 5.819474  SA_HookPunch_Close
0.1973651 0.0449965 5.873419 0.1120654 0.1185374 5.892042 -0.0294588 0.3097272 5.703859 0.1821953 0.1174951 5.588287 0.2384691 0.1394131 5.94423 0.4263397 0.3829348 6.01229 0.3988007 0.2418827 5.739434 0.1463686 0.2657011 5.933356 -0.02864151 0.6864973 5.960806 -0.1322369 1.079705 6.033126 -0.206897 1.415499 6.081524 0.1427263 0.7108813 6.028186 0.1993209 1.094486 5.886595 0.2191588 1.435882 5.820998  SA_HookPunch_Close
0.1938452 0.04533756 5.876326 0.108406 0.1187708 5.897131 -0.03364484 0.3120823 5.716391 0.1748937 0.1162122 5.601264 0.2364299 0.1402683 5.944933 0.4275509 0.3844125 6.003997 0.3926333 0.2423511 5.732512 0.143698 0.266271 5.936361 -0.03097991 0.6870461 5.96689 -0.1332468 1.081009 6.036959 -0.2071539 1.417332 6.082763 0.1423717 0.7119218 6.028792 0.1994727 1.094951 5.885852 0.2196171 1.436666 5.822035  SA_HookPunch_Close
0.1854762 0.04610157 5.882268 0.1001139 0.1197159 5.906899 -0.0439047 0.315625 5.738084 0.160963 0.1155361 5.623624 0.2307454 0.1418133 5.946704 0.4280889 0.3863226 5.990533 0.3805823 0.2430964 5.721584 0.1375352 0.2676753 5.942233 -0.03507499 0.6889501 5.978035 -0.1355861 1.084003 6.04441 -0.2089673 1.420817 6.087362 0.1415037 0.7142326 6.029826 0.1996252 1.096109 5.884238 0.2205331 1.438465 5.82421  SA_HookPunch_Close
0.1804138 0.04668236 5.885881 0.09520592 0.1204803 5.912588 -0.05000393 0.3173336 5.749837 0.1532658 0.1154382 5.6357 0.227081 0.1427996 5.947916 0.4276322 0.3873053 5.98365 0.3737168 0.2437998 5.716061 0.1337862 0.2686588 5.945685 -0.03737698 0.6903037 5.984242 -0.1369281 1.085915 6.048707 -0.2099775 1.422969 6.09033 0.1407563 0.7157294 6.030325 0.1994674 1.096945 5.883249 0.2210356 1.439593 5.825155  SA_HookPunch_Close
0.174974 0.04712522 5.889754 0.0900007 0.1211843 5.918465 -0.05667303 0.3185835 5.761235 0.1455798 0.1155777 5.647261 0.22297 0.1436241 5.949334 0.4266342 0.3879521 5.977448 0.3668686 0.2445419 5.711054 0.1297371 0.2695487 5.949284 -0.03973685 0.691644 5.990416 -0.1382713 1.087792 6.053123 -0.2108902 1.425071 6.09366 0.1397731 0.7171397 6.030761 0.1990919 1.097703 5.882246 0.221511 1.440596 5.82595  SA_HookPunch_Close
0.1682071 0.0475105 5.894681 0.08358027 0.1219195 5.925784 -0.06503128 0.3195626 5.774781 0.1362847 0.1156127 5.660834 0.2176788 0.1444503 5.951224 0.4248396 0.3885049 5.970415 0.3585154 0.2453557 5.705436 0.1246297 0.2704847 5.953786 -0.04269389 0.6931434 5.997898 -0.1399169 1.089924 6.058623 -0.2118483 1.427541 6.097541 0.1382351 0.7186866 6.031271 0.1983112 1.098483 5.881106 0.2220138 1.44161 5.826797  SA_HookPunch_Close
0.1608613 0.04771054 5.900121 0.07664867 0.1225382 5.933615 -0.07459091 0.3197323 5.788249 0.1264593 0.115802 5.673799 0.2116879 0.1450878 5.953444 0.4222396 0.3888196 5.96416 0.3500626 0.2462567 5.700397 0.1189625 0.2712797 5.95864 -0.04602848 0.6945385 6.005622 -0.1415919 1.091993 6.064549 -0.2124526 1.430093 6.101171 0.1360772 0.7200958 6.031812 0.1969674 1.09921 5.88026 0.222369 1.442498 5.827761  SA_HookPunch_Close
0.1548101 0.04777241 5.904717 0.07097168 0.1229657 5.940083 -0.08247738 0.319567 5.798892 0.1184077 0.1158161 5.683833 0.2066001 0.1454709 5.955435 0.419701 0.3889265 5.959653 0.3432545 0.2467805 5.69687 0.11423 0.2718213 5.962699 -0.0488228 0.6955827 6.011829 -0.1429311 1.093571 6.069481 -0.2128213 1.432109 6.10385 0.134014 0.7210921 6.032361 0.195494 1.09968 5.879733 0.2224676 1.443018 5.828362  SA_HookPunch_Close
0.1404624 0.04760873 5.915983 0.05758776 0.1237335 5.95531 -0.1015054 0.3181777 5.822117 0.09919025 0.1156192 5.704648 0.1940223 0.1459118 5.960878 0.412423 0.3887352 5.951931 0.3281111 0.2471434 5.691263 0.1027646 0.2727405 5.972537 -0.05577699 0.6977028 6.025871 -0.1458031 1.096914 6.081551 -0.2129599 1.436639 6.108954 0.1280591 0.7228917 6.034317 0.1902449 1.100535 5.879649 0.2213665 1.443687 5.829395  SA_HookPunch_Close
0.1318656 0.0473851 5.922986 0.04965087 0.1240801 5.96439 -0.1128175 0.3171276 5.835128 0.08761813 0.1154274 5.715754 0.1862514 0.1459299 5.964754 0.4073475 0.388342 5.949006 0.319459 0.2464505 5.689685 0.09579279 0.273101 5.978687 -0.06013725 0.6987844 6.033991 -0.1472564 1.098674 6.089428 -0.2125944 1.439128 6.111694 0.123924 0.7236523 6.036137 0.1856274 1.100968 5.88048 0.2192129 1.443816 5.829731  SA_HookPunch_Close
0.1216734 0.04703236 5.931508 0.04033782 0.1243873 5.975066 -0.1262545 0.3159341 5.850071 0.0734175 0.1153569 5.727566 0.1769352 0.1456985 5.97014 0.4002368 0.3877683 5.947129 0.3092781 0.2441692 5.689816 0.08752365 0.2733406 5.986343 -0.06539552 0.6998857 6.043431 -0.1479297 1.100656 6.099521 -0.2102102 1.442062 6.114923 0.118696 0.7242525 6.039176 0.1777339 1.101598 5.882559 0.2134796 1.443873 5.829477  SA_HookPunch_Close
0.1155207 0.04676747 5.936741 0.03475286 0.1245203 5.98153 -0.134316 0.3152081 5.859085 0.06476887 0.1153394 5.734485 0.1712653 0.1454645 5.973596 0.395639 0.3873383 5.94635 0.3030641 0.2424095 5.690361 0.0825261 0.2734079 5.991066 -0.06857894 0.7004762 6.049089 -0.1481024 1.101791 6.105632 -0.2084009 1.44372 6.116698 0.1154371 0.7245032 6.041193 0.1724613 1.101959 5.884099 0.2092647 1.443836 5.829202  SA_HookPunch_Close
0.1101232 0.04648876 5.941593 0.02983155 0.1246079 5.987197 -0.1411775 0.3148234 5.866629 0.05719848 0.1154184 5.740169 0.1662825 0.1451068 5.977289 0.3907624 0.3870847 5.946962 0.2980218 0.2399385 5.692302 0.07818021 0.2733818 5.995533 -0.07126223 0.7009798 6.05391 -0.1493552 1.102947 6.107745 -0.2087439 1.445089 6.11704 0.1126896 0.7245876 6.043617 0.1671773 1.102391 5.886456 0.2045869 1.443825 5.829261  SA_HookPunch_Close
0.1032382 0.04609811 5.947835 0.02357431 0.1246885 5.994479 -0.1498784 0.3143169 5.876375 0.04754891 0.1155139 5.747505 0.1599047 0.1446062 5.982046 0.3844688 0.3867006 5.947774 0.2915096 0.2367257 5.69485 0.07263543 0.2733079 6.001265 -0.07467113 0.70158 6.060062 -0.1510185 1.104336 6.110397 -0.2093018 1.446721 6.117404 0.109153 0.7246395 6.046701 0.1604271 1.102889 5.889533 0.1983963 1.443742 5.829324  SA_HookPunch_Close
0.09576298 0.0455513 5.954689 0.01669212 0.1247153 6.002064 -0.1586125 0.314428 5.886152 0.03794463 0.116105 5.755229 0.1529341 0.1438736 5.987631 0.3762673 0.3867503 5.950276 0.2850041 0.2330887 5.698953 0.06660087 0.2731081 6.007489 -0.07825123 0.7022064 6.06611 -0.1534425 1.105834 6.110899 -0.2107383 1.448391 6.11763 0.1054765 0.7245271 6.050379 0.1534627 1.103426 5.893738 0.1916434 1.443659 5.830244  SA_HookPunch_Close
0.08808579 0.04493237 5.961807 0.009603577 0.1247118 6.009768 -0.1672005 0.3148911 5.89596 0.02852525 0.1170077 5.76314 0.1457499 0.1430714 5.993509 0.3673883 0.3869739 5.953478 0.2784793 0.2296827 5.703559 0.0603645 0.2728581 6.013859 -0.08199064 0.7028109 6.071997 -0.1561006 1.107237 6.111014 -0.2122691 1.449974 6.118096 0.1016379 0.7243487 6.054158 0.1469643 1.10386 5.898208 0.1853025 1.44341 5.831246  SA_HookPunch_Close
0.08042689 0.04421997 5.96903 0.002468782 0.1246673 6.0172 -0.1748856 0.3162217 5.905071 0.0202383 0.1186484 5.770911 0.1385487 0.142246 5.999579 0.3576955 0.387645 5.957961 0.2722997 0.2273771 5.70871 0.05401965 0.2725693 6.020074 -0.08599715 0.703373 6.077075 -0.1588221 1.108502 6.11086 -0.2134394 1.451455 6.119489 0.09757914 0.7241325 6.057831 0.1424664 1.104001 5.902626 0.1816251 1.442721 5.832032  SA_HookPunch_Close
0.07523759 0.0436877 5.974351 -0.002368791 0.1246151 6.022456 -0.1795423 0.3177029 5.911365 0.01516701 0.1202828 5.776379 0.1336835 0.1416889 6.004139 0.3509278 0.3882837 5.962066 0.2682445 0.2267848 5.712695 0.04966708 0.2723607 6.024523 -0.08894567 0.7037277 6.080238 -0.1609514 1.109279 6.110533 -0.2144928 1.452373 6.120231 0.09462745 0.7239935 6.060445 0.1401472 1.10394 5.905616 0.1800149 1.442001 5.83231  SA_HookPunch_Close
0.06923278 0.04304862 5.980876 -0.007970674 0.1245542 6.028726 -0.1844134 0.3199464 5.918725 0.009814339 0.1226432 5.782877 0.1280685 0.1410655 6.009805 0.3429222 0.3891915 5.967745 0.2636499 0.2269771 5.717731 0.04458388 0.2721261 6.029875 -0.09256397 0.7041288 6.08365 -0.163649 1.110121 6.109959 -0.215916 1.453373 6.12091 0.09103782 0.7238548 6.06358 0.138107 1.10374 5.909064 0.1789876 1.440935 5.832405  SA_HookPunch_Close
0.06472982 0.04255641 5.986198 -0.01215599 0.1245303 6.033588 -0.187193 0.322386 5.924293 0.006540256 0.1250854 5.787737 0.1239315 0.1405997 6.014635 0.3370822 0.3899951 5.973563 0.2601821 0.2286156 5.722272 0.04079654 0.2719634 6.034169 -0.09542088 0.7044526 6.085776 -0.1660026 1.110711 6.109159 -0.217379 1.454048 6.121592 0.08827342 0.7237794 6.06617 0.1372411 1.103386 5.91156 0.1790844 1.439834 5.832189  SA_HookPunch_Close
0.06120886 0.04220068 5.990422 -0.01542477 0.1245439 6.037408 -0.1891821 0.3244427 5.928636 0.004147487 0.1271229 5.791537 0.12071 0.1402645 6.018501 0.332538 0.3906603 5.978358 0.2574424 0.2301763 5.72595 0.0378411 0.2718649 6.037566 -0.0976731 0.7047292 6.08736 -0.1678842 1.111177 6.108469 -0.2185595 1.45457 6.122147 0.08610375 0.723747 6.06823 0.1366754 1.103093 5.913495 0.1793227 1.438926 5.831977  SA_HookPunch_Close
0.05685349 0.04180181 5.995876 -0.01949076 0.1246581 6.042067 -0.1909824 0.3274682 5.933735 0.002140718 0.1304061 5.795976 0.1167838 0.1398541 6.023748 0.3275286 0.3914522 5.985998 0.2545782 0.2335181 5.731362 0.03426476 0.2718012 6.041913 -0.1003156 0.7052029 6.088853 -0.1706192 1.111767 6.10724 -0.2208047 1.455138 6.123093 0.08364309 0.7237347 6.071039 0.1362829 1.102588 5.915789 0.1799854 1.437664 5.831752  SA_HookPunch_Close
0.05366339 0.04157078 5.999897 -0.02247022 0.1248094 6.045449 -0.1921355 0.3298112 5.937401 0.0009122659 0.1329929 5.799189 0.1139196 0.1396047 6.027668 0.3239605 0.3920684 5.991904 0.2525587 0.2362933 5.735506 0.03166397 0.2718132 6.045112 -0.1022091 0.7056139 6.089849 -0.1726799 1.112233 6.10626 -0.2225664 1.455565 6.123819 0.08189066 0.7237738 6.073144 0.136056 1.10223 5.917451 0.1805552 1.436743 5.831608  SA_HookPunch_Close
0.05110176 0.04143381 6.00311 -0.02492915 0.1250198 6.047939 -0.1926118 0.3318316 5.93967 0.0008235146 0.1353239 5.801558 0.1116114 0.1394048 6.030998 0.3216451 0.3924339 5.997832 0.2516464 0.2393267 5.739448 0.0296088 0.2718744 6.047634 -0.1035215 0.7060786 6.090308 -0.1741297 1.112735 6.105137 -0.2237425 1.456013 6.124434 0.08073701 0.72381 6.074947 0.1359024 1.101844 5.918581 0.1809192 1.435993 5.831601  SA_HookPunch_Close
0.0481958 0.04135656 6.006703 -0.02772049 0.1253376 6.050691 -0.1930759 0.3341713 5.942119 0.0008698274 0.1380162 5.804221 0.1089902 0.1392467 6.034755 0.3193237 0.3926518 6.004567 0.2507475 0.2427095 5.743954 0.02728839 0.2720166 6.050449 -0.1049508 0.7066826 6.090772 -0.1756832 1.113379 6.103816 -0.224971 1.456587 6.125093 0.07947977 0.7239115 6.076985 0.1357568 1.101449 5.919816 0.1813617 1.435194 5.831601  SA_HookPunch_Close
0.04412236 0.04144919 6.011391 -0.03166423 0.1259866 6.054035 -0.1933464 0.3373538 5.9442 0.002133029 0.1417468 5.807696 0.1053258 0.1391503 6.039974 0.3167773 0.3927226 6.014932 0.2506188 0.2477852 5.750885 0.024094 0.2723825 6.054114 -0.1066938 0.7077549 6.091018 -0.1771321 1.114577 6.101445 -0.2256376 1.457699 6.125699 0.07798643 0.7241612 6.079813 0.1358888 1.100792 5.921068 0.1823375 1.434038 5.831417  SA_HookPunch_Close
0.03966357 0.04182506 6.016037 -0.03595517 0.1269407 6.057184 -0.1935407 0.3407176 5.945402 0.00417866 0.1457517 5.811227 0.1013313 0.1392534 6.045434 0.3142579 0.392767 6.026481 0.2512378 0.2532808 5.758757 0.02066298 0.273005 6.057785 -0.1083737 0.7091606 6.091073 -0.1781517 1.116161 6.098564 -0.2256717 1.459177 6.126059 0.07654448 0.7246085 6.082817 0.1364594 1.100098 5.922126 0.1839315 1.432824 5.831092  SA_HookPunch_Close
0.03108557 0.04326642 6.022874 -0.04405038 0.1293389 6.061432 -0.1942211 0.3465286 5.944429 0.008581774 0.1524562 5.816701 0.09369476 0.1399804 6.054341 0.3095218 0.3927628 6.046976 0.2539125 0.2612687 5.773624 0.01425399 0.274726 6.063406 -0.1109722 0.7123625 6.090965 -0.1786853 1.119777 6.092744 -0.2242409 1.462573 6.125753 0.07425995 0.7258499 6.088013 0.1392577 1.098958 5.92379 0.1892656 1.430732 5.830661  SA_HookPunch_Close
0.02594091 0.04441047 6.026045 -0.04883806 0.1310004 6.063296 -0.1947912 0.3498756 5.942924 0.0106218 0.1558043 5.819436 0.08908679 0.140655 6.058738 0.3064674 0.3927058 6.057456 0.2554149 0.2641382 5.781833 0.01045133 0.275975 6.066109 -0.1122954 0.7144707 6.091021 -0.1785532 1.122125 6.08952 -0.2230356 1.464784 6.125298 0.07304408 0.7267475 6.090736 0.1414163 1.098568 5.924971 0.1931439 1.429802 5.830865  SA_HookPunch_Close
0.01837827 0.04560637 6.029585 -0.05579494 0.1329274 6.06542 -0.1960814 0.3540254 5.940399 0.01170917 0.1589388 5.822621 0.08228709 0.141151 6.063694 0.3020689 0.3914845 6.069106 0.2567317 0.2643166 5.791838 0.004920321 0.2772882 6.069213 -0.113903 0.7170229 6.091501 -0.1778805 1.125003 6.085682 -0.2208168 1.467527 6.12451 0.07153364 0.7274633 6.093903 0.1444736 1.097906 5.927002 0.1986526 1.428455 5.831874  SA_HookPunch_Close
0.01275636 0.04613972 6.031828 -0.06096379 0.133979 6.067083 -0.1985841 0.3559036 5.939223 0.009957032 0.1599405 5.82426 0.07718469 0.1411854 6.066522 0.2991081 0.3896201 6.074556 0.2566793 0.2614172 5.797304 0.0007776786 0.277895 6.071197 -0.1150347 0.718509 6.09229 -0.1769601 1.126753 6.083541 -0.2185128 1.469274 6.123872 0.07046022 0.7276093 6.095512 0.1458966 1.097699 5.92894 0.2015102 1.427903 5.833439  SA_HookPunch_Close
0.007915454 0.04646981 6.033701 -0.06541102 0.1347495 6.068509 -0.2008808 0.3572754 5.938287 0.008172112 0.160549 5.825579 0.0727808 0.141086 6.06885 0.2965606 0.3878075 6.078905 0.256459 0.2584726 5.801833 -0.002792699 0.2782792 6.072859 -0.1159956 0.71963 6.093019 -0.1761054 1.128085 6.081789 -0.2164832 1.470601 6.12334 0.06954117 0.7275791 6.096823 0.1470282 1.097433 5.930668 0.2038469 1.427351 5.834891  SA_HookPunch_Close
