-0.03669612 0.001414895 4.479788 -0.1064585 0.09303176 4.514453 -0.3576117 0.3002059 4.591402 -0.515421 0.5055305 4.423934 0.03183498 0.09231353 4.511037 0.2865026 0.3103036 4.601714 0.4190856 0.5505487 4.460972 -0.03693936 0.2326341 4.499653 -0.1282688 0.6783187 4.467455 -0.1815188 1.084213 4.412785 -0.2168239 1.428407 4.381834 0.0574698 0.6772084 4.466231 0.0991322 1.076699 4.370969 0.1319621 1.418058 4.310601  S_DodgingRight_Close
-0.03919582 0.002144933 4.481912 -0.1091624 0.0939256 4.51572 -0.3601223 0.3004719 4.592503 -0.5181241 0.5057642 4.425177 0.02914287 0.09331036 4.512797 0.2839555 0.3115902 4.602761 0.416541 0.5508507 4.460354 -0.03971539 0.2334878 4.50022 -0.1293346 0.6795338 4.466178 -0.1827266 1.085052 4.408912 -0.2179316 1.429564 4.381601 0.05639859 0.6774446 4.465586 0.09664614 1.077223 4.370924 0.1288445 1.418802 4.311471  S_DodgingRight_Close
-0.04198561 0.003351212 4.484948 -0.1124289 0.09516931 4.517675 -0.3636291 0.3000951 4.594932 -0.5221716 0.5044146 4.426928 0.02589043 0.09497976 4.515446 0.2808313 0.3138312 4.604633 0.4121571 0.5513586 4.458213 -0.043353 0.2348279 4.501403 -0.1312651 0.6812585 4.465131 -0.1849521 1.085854 4.401925 -0.2199544 1.4307 4.378904 0.05445274 0.678035 4.464974 0.09316738 1.077967 4.370324 0.1251266 1.419809 4.312268  S_DodgingRight_Close
-0.04491578 0.005066395 4.488741 -0.1160858 0.09679031 4.520202 -0.3679161 0.299157 4.598597 -0.5273287 0.5015222 4.429058 0.02224405 0.09732807 4.518843 0.2781114 0.3163178 4.607107 0.4080816 0.5503967 4.454073 -0.0476558 0.2366698 4.503119 -0.1340638 0.6834432 4.464266 -0.1883302 1.086499 4.392323 -0.2230254 1.431681 4.374439 0.05163034 0.6790596 4.464383 0.08898027 1.078953 4.36902 0.1213757 1.421059 4.31279  S_DodgingRight_Close
-0.0483707 0.008294344 4.495324 -0.121106 0.09959888 4.524604 -0.3746046 0.2961813 4.606437 -0.5358854 0.4930766 4.432287 0.01721414 0.1017671 4.524898 0.2751209 0.3206985 4.611932 0.4004036 0.5454153 4.4419 -0.05412231 0.2400301 4.506356 -0.1401515 0.6867979 4.462734 -0.1970911 1.086303 4.374822 -0.231646 1.431912 4.369017 0.04551883 0.6815243 4.463237 0.08320482 1.080437 4.36398 0.1192044 1.422779 4.311504  S_DodgingRight_Close
-0.05352233 0.01281428 4.504056 -0.1279628 0.1039848 4.529795 -0.3845955 0.2926805 4.613407 -0.5496945 0.4818168 4.434306 0.01028814 0.1074662 4.533234 0.2716456 0.3252963 4.618329 0.3918402 0.5343007 4.426041 -0.0618395 0.2446566 4.510303 -0.1478507 0.6907964 4.458843 -0.2109743 1.085334 4.354297 -0.2476318 1.430622 4.364625 0.03779014 0.6853592 4.461917 0.07837804 1.081958 4.354839 0.120628 1.424269 4.307027  S_DodgingRight_Close
-0.07407056 0.02306676 4.523723 -0.1494753 0.1161388 4.538403 -0.4150983 0.2938048 4.604858 -0.5838773 0.4674571 4.413897 -0.01191573 0.1185915 4.552846 0.2570759 0.3346637 4.626419 0.3756627 0.5117288 4.403507 -0.08017038 0.2549826 4.516954 -0.1585067 0.6993452 4.443639 -0.2417734 1.084499 4.319953 -0.29171 1.42541 4.364222 0.02653517 0.6928697 4.458441 0.07357891 1.08409 4.33541 0.1254079 1.42614 4.295865  S_DodgingRight_Close
-0.09685181 0.03078032 4.53694 -0.1701263 0.1265619 4.541756 -0.4420309 0.3029648 4.579237 -0.6022168 0.4662669 4.372402 -0.03403113 0.1257198 4.566548 0.2414597 0.3395406 4.624562 0.3651089 0.503345 4.394381 -0.09500013 0.2622538 4.519743 -0.1605573 0.705169 4.429749 -0.2636175 1.085078 4.30476 -0.3295162 1.419724 4.370666 0.02330692 0.696622 4.454698 0.07330646 1.085008 4.324084 0.1283638 1.427023 4.288838  S_DodgingRight_Close
-0.1192052 0.03714502 4.546425 -0.1888606 0.1355679 4.543444 -0.462758 0.3168584 4.55146 -0.5994336 0.4685446 4.320335 -0.05454062 0.1309187 4.576213 0.2256211 0.3416556 4.621149 0.3523344 0.5065972 4.393459 -0.1076401 0.2676519 4.521132 -0.160539 0.7090771 4.419291 -0.2799186 1.086254 4.300711 -0.3597224 1.415661 4.376845 0.02236887 0.6982037 4.449754 0.07492019 1.085493 4.316905 0.1318455 1.427478 4.284438  S_DodgingRight_Close
-0.1428974 0.0446533 4.55491 -0.2080874 0.145501 4.544614 -0.481205 0.3318177 4.52214 -0.5880047 0.4692059 4.267531 -0.07602994 0.1369609 4.584928 0.2090034 0.3426125 4.61794 0.3382801 0.5099998 4.3935 -0.1205975 0.2735335 4.522389 -0.1603671 0.7130311 4.409889 -0.2952668 1.08717 4.298548 -0.3881952 1.411486 4.381359 0.02158089 0.6997334 4.444812 0.07669659 1.086192 4.310589 0.1354524 1.428132 4.281049  S_DodgingRight_Close
-0.1825359 0.05741632 4.56497 -0.2388056 0.1620142 4.545642 -0.5039403 0.359059 4.474257 -0.5399862 0.4658134 4.187182 -0.1106314 0.1461545 4.595211 0.1809385 0.3421036 4.616538 0.307972 0.5200499 4.399048 -0.1409124 0.2823811 4.523973 -0.1605523 0.7184621 4.399321 -0.3146184 1.089663 4.304198 -0.4243467 1.409936 4.382035 0.02067073 0.7007466 4.436007 0.07968225 1.087365 4.30392 0.1417752 1.429186 4.280449  S_DodgingRight_Close
-0.2140706 0.0679723 4.569539 -0.2627285 0.1752284 4.5457 -0.5154566 0.3787662 4.43498 -0.4841242 0.4555354 4.137941 -0.1377694 0.1529478 4.600709 0.1550906 0.3441197 4.621995 0.2760257 0.5317523 4.40922 -0.1570304 0.2890873 4.52558 -0.1618464 0.722811 4.396006 -0.3236862 1.09352 4.312596 -0.4416765 1.414173 4.375319 0.01922615 0.7010936 4.431256 0.08261301 1.087502 4.300588 0.1485366 1.428896 4.281825  S_DodgingRight_Close
-0.246666 0.08016384 4.572076 -0.2873082 0.189636 4.544529 -0.5225206 0.3961759 4.394734 -0.4230354 0.4384519 4.105904 -0.166089 0.1608927 4.604671 0.1293208 0.3450284 4.629879 0.2487281 0.5396891 4.422627 -0.1741886 0.296523 4.526644 -0.163877 0.7277834 4.39393 -0.3308122 1.098679 4.322208 -0.4551263 1.41974 4.368462 0.01697578 0.7015881 4.427211 0.08546914 1.087526 4.297735 0.155894 1.428254 4.283864  S_DodgingRight_Close
-0.2745532 0.09038794 4.570278 -0.3086499 0.2015368 4.541553 -0.5235193 0.4088571 4.360198 -0.365305 0.4181265 4.095643 -0.1908578 0.1671411 4.605422 0.1027104 0.3485665 4.643278 0.2214108 0.5484099 4.440603 -0.1900625 0.3028824 4.527172 -0.1670011 0.7330751 4.396161 -0.3338548 1.105121 4.330464 -0.4596378 1.42725 4.36341 0.01354732 0.7024671 4.427257 0.08617307 1.086781 4.295228 0.1607289 1.42673 4.284085  S_DodgingRight_Close
-0.3294736 0.1135113 4.561238 -0.3511198 0.2272567 4.532857 -0.5258743 0.422819 4.296003 -0.2836946 0.364848 4.11408 -0.240895 0.1818538 4.603045 0.04732623 0.3562781 4.673332 0.1700475 0.5635095 4.480721 -0.2234862 0.3179203 4.527334 -0.1746473 0.7462729 4.403869 -0.3428733 1.118038 4.340106 -0.4700899 1.440654 4.360312 0.00466569 0.7062815 4.431239 0.08528526 1.086358 4.29179 0.1685016 1.424434 4.286547  S_DodgingRight_Close
-0.3581046 0.1270907 4.55335 -0.3735886 0.241919 4.526773 -0.5241235 0.4299526 4.266681 -0.2558454 0.3408003 4.143448 -0.2676725 0.1906178 4.599486 0.01696743 0.3591969 4.690582 0.14566 0.5693341 4.50515 -0.2421082 0.3270874 4.526878 -0.1796671 0.7545582 4.409675 -0.3502526 1.124456 4.341478 -0.4778351 1.446849 4.362919 -0.001324816 0.7094681 4.435412 0.08302255 1.086814 4.290846 0.1706499 1.423809 4.28899  S_DodgingRight_Close
-0.3823491 0.1397758 4.544548 -0.3930369 0.2555503 4.521189 -0.5244942 0.4395553 4.247511 -0.2475916 0.3270975 4.171447 -0.2907182 0.1986742 4.5949 -0.006127579 0.3560017 4.705051 0.1331259 0.570146 4.532265 -0.2587552 0.3360444 4.526656 -0.1849322 0.7627679 4.415857 -0.3588919 1.129088 4.337615 -0.4851812 1.451357 4.367069 -0.007616682 0.7135377 4.441098 0.08016796 1.088027 4.291247 0.1711797 1.424128 4.292021  S_DodgingRight_Close
-0.4238642 0.1657423 4.526589 -0.4262562 0.282823 4.510601 -0.5289773 0.4676001 4.224926 -0.2577548 0.3212489 4.213647 -0.3304597 0.2152284 4.584026 -0.04465495 0.3421501 4.726864 0.1197339 0.5636165 4.588903 -0.287431 0.3539244 4.525193 -0.1945099 0.7788213 4.427434 -0.375022 1.137126 4.329416 -0.496791 1.459156 4.375708 -0.01915417 0.7229484 4.452536 0.0757158 1.091729 4.293149 0.1716557 1.426424 4.297853  S_DodgingRight_Close
-0.4547673 0.1901083 4.509891 -0.4510156 0.3078108 4.501762 -0.5403256 0.5092955 4.222904 -0.283988 0.3378824 4.226919 -0.359967 0.2308009 4.571882 -0.07278042 0.3224932 4.737473 0.1169336 0.5466703 4.643359 -0.3089061 0.3704196 4.522397 -0.2026455 0.7938847 4.437829 -0.3875556 1.144344 4.321376 -0.5040708 1.466184 4.380682 -0.02882437 0.7335209 4.463206 0.07404418 1.096396 4.295447 0.1733804 1.43008 4.301385  S_DodgingRight_Close
-0.470374 0.2032536 4.500152 -0.4635374 0.3210402 4.496907 -0.5492465 0.5383248 4.229025 -0.3022103 0.3537474 4.225596 -0.3747412 0.2388159 4.563927 -0.08753489 0.3087462 4.7395 0.1160876 0.5309324 4.674112 -0.3197772 0.3788228 4.520036 -0.2071894 0.8016279 4.443915 -0.3936853 1.147565 4.316943 -0.5074208 1.469313 4.381874 -0.03413801 0.7390895 4.469286 0.074102 1.098126 4.296716 0.1753348 1.431244 4.302412  S_DodgingRight_Close
-0.4807119 0.2128426 4.489679 -0.4720454 0.3306042 4.491183 -0.5570472 0.5684427 4.241343 -0.3179438 0.3758578 4.21222 -0.3844082 0.2442728 4.554459 -0.09984957 0.2974962 4.738863 0.1143535 0.5157456 4.699005 -0.3272474 0.3849957 4.516 -0.2108742 0.8079888 4.449273 -0.3972848 1.150951 4.314356 -0.5090888 1.472562 4.383202 -0.03831683 0.7438984 4.474131 0.07414861 1.099957 4.298127 0.1763345 1.432785 4.303714  S_DodgingRight_Close
-0.4896911 0.2208463 4.480063 -0.4794551 0.3384092 4.485917 -0.5635926 0.5943842 4.254735 -0.3324634 0.3978044 4.199569 -0.3928311 0.2485472 4.545569 -0.111391 0.2865211 4.737242 0.111398 0.4990968 4.72048 -0.3337964 0.3897732 4.51211 -0.214152 0.8128148 4.454097 -0.4002059 1.153114 4.312128 -0.5102759 1.474577 4.384378 -0.04203812 0.7473441 4.478427 0.07419266 1.100655 4.29936 0.1771163 1.433259 4.304755  S_DodgingRight_Close
-0.4982018 0.2313217 4.458598 -0.4871117 0.3482631 4.473232 -0.5713044 0.6389065 4.289423 -0.3548211 0.4606605 4.161084 -0.4010311 0.2533329 4.525343 -0.1300065 0.2680799 4.731997 0.1051159 0.4667554 4.750699 -0.3407989 0.396122 4.502264 -0.2187264 0.8203405 4.462956 -0.4025212 1.157213 4.310277 -0.5090896 1.479046 4.386046 -0.0469362 0.7531866 4.484866 0.0735928 1.1024 4.300676 0.1755895 1.43529 4.306079  S_DodgingRight_Close
-0.4969349 0.2329272 4.449218 -0.4865083 0.3495029 4.467661 -0.5737858 0.651498 4.305944 -0.3625172 0.4959471 4.143842 -0.3997601 0.2533062 4.516222 -0.132544 0.2597399 4.727462 0.1083356 0.4500536 4.756825 -0.3402508 0.3970333 4.4975 -0.2195004 0.8223196 4.466413 -0.40322 1.158076 4.311205 -0.5085412 1.480243 4.387296 -0.04745631 0.7551973 4.486336 0.07304437 1.103254 4.29995 0.1737169 1.43654 4.305689  S_DodgingRight_Close
-0.4917464 0.2319078 4.442693 -0.4825127 0.3482107 4.463826 -0.5753259 0.6563302 4.318266 -0.3667237 0.5251709 4.132821 -0.3945614 0.2517582 4.509639 -0.1276099 0.2524662 4.721518 0.1194891 0.4337758 4.755771 -0.3365225 0.3964366 4.493858 -0.2189231 0.8230852 4.469057 -0.403964 1.157263 4.312023 -0.5094259 1.479914 4.385836 -0.04633854 0.7567915 4.48698 0.07286991 1.10433 4.298806 0.172013 1.438064 4.305173  S_DodgingRight_Close
-0.4856532 0.229616 4.437391 -0.477688 0.3456758 4.46064 -0.5763869 0.6575218 4.328019 -0.3702669 0.5496782 4.125555 -0.3884552 0.2493495 4.504183 -0.1205098 0.2457284 4.715283 0.1322787 0.4185234 4.751948 -0.3320253 0.3948902 4.490658 -0.2179519 0.8228461 4.471037 -0.4045691 1.156049 4.313796 -0.5105355 1.478933 4.385841 -0.04478375 0.757608 4.48711 0.07275839 1.104897 4.297431 0.1703819 1.439064 4.304482  S_DodgingRight_Close
-0.4730787 0.2240986 4.432279 -0.4673476 0.3399917 4.457384 -0.5748104 0.6538566 4.33748 -0.3725817 0.5744952 4.11859 -0.375926 0.2447307 4.498672 -0.1027341 0.2364073 4.704865 0.1582545 0.3970087 4.739457 -0.322424 0.3915374 4.487065 -0.2153289 0.8216073 4.472517 -0.4042858 1.154704 4.317867 -0.5120185 1.477687 4.386783 -0.04106859 0.7588221 4.486407 0.07325192 1.106164 4.294866 0.1684294 1.441004 4.303302  S_DodgingRight_Close
-0.4632947 0.2193178 4.428618 -0.4592652 0.3350588 4.455028 -0.5732145 0.6498367 4.344303 -0.3752334 0.5917994 4.115081 -0.3661975 0.240713 4.494708 -0.08880691 0.2291133 4.696697 0.1778446 0.3807006 4.728676 -0.3149495 0.3884219 4.484457 -0.2132516 0.8199906 4.473546 -0.4039754 1.153087 4.32108 -0.5131784 1.47607 4.387643 -0.03818445 0.7591515 4.485859 0.07359953 1.106495 4.29283 0.1668805 1.441844 4.302208  S_DodgingRight_Close
-0.4424888 0.2092751 4.424774 -0.4420008 0.3249612 4.452476 -0.5652693 0.6404875 4.356394 -0.3808204 0.6132076 4.110748 -0.3458363 0.2330302 4.490401 -0.05805961 0.2149743 4.681788 0.2149071 0.3579704 4.69386 -0.2991773 0.3823458 4.481616 -0.208564 0.8165868 4.473886 -0.401033 1.151177 4.326985 -0.5140243 1.473713 4.389255 -0.03198854 0.7599916 4.484824 0.07560058 1.10713 4.289062 0.1649432 1.443508 4.299836  S_DodgingRight_Close
-0.4194649 0.1978222 4.421518 -0.4229288 0.3134055 4.450356 -0.5535015 0.6294547 4.36945 -0.3883577 0.6311643 4.109004 -0.3235409 0.2243366 4.486771 -0.02481626 0.2018106 4.665109 0.2491877 0.3425243 4.650079 -0.2819397 0.3752145 4.479382 -0.2032068 0.8119575 4.47359 -0.3961765 1.1491 4.333333 -0.5133628 1.470772 4.392227 -0.02518551 0.7599776 4.483984 0.07818963 1.106789 4.285391 0.1629611 1.444328 4.296759  S_DodgingRight_Close
-0.3847004 0.181113 4.418814 -0.3942249 0.2963823 4.449031 -0.5309024 0.6129713 4.389342 -0.4001453 0.651363 4.11269 -0.2902602 0.2119563 4.483684 0.02398445 0.1799078 4.639822 0.2929693 0.3182094 4.57962 -0.2563541 0.3648258 4.47815 -0.1948497 0.8046286 4.473073 -0.3868017 1.144379 4.337799 -0.5107153 1.464959 4.388269 -0.01504402 0.7593569 4.484114 0.08260466 1.105703 4.281846 0.1601886 1.444986 4.292621  S_DodgingRight_Close
-0.2951943 0.1375769 4.413737 -0.3215618 0.2498147 4.448609 -0.4613336 0.5651098 4.432028 -0.4191904 0.6791714 4.148617 -0.2058716 0.1798136 4.477814 0.134341 0.1590452 4.57847 0.348722 0.3057466 4.412265 -0.1942357 0.3360622 4.478445 -0.1717633 0.7815388 4.473127 -0.3492023 1.12977 4.339615 -0.4846657 1.448693 4.364342 0.01050128 0.7498258 4.489724 0.09363039 1.098627 4.285199 0.1538001 1.441593 4.286737  S_DodgingRight_Close
-0.2318447 0.1068345 4.41048 -0.2711884 0.2141293 4.449676 -0.4272672 0.5185376 4.456637 -0.4285819 0.6714929 4.188849 -0.1468282 0.1582383 4.473085 0.199595 0.1882013 4.546454 0.3583138 0.3302375 4.323433 -0.1546017 0.3146226 4.47882 -0.1561026 0.7634398 4.477708 -0.3168767 1.117844 4.339418 -0.4480499 1.43944 4.346025 0.02704026 0.7374802 4.494628 0.09931631 1.093074 4.297822 0.1522662 1.437098 4.288237  S_DodgingRight_Close
-0.192159 0.08997035 4.408514 -0.2393482 0.1930695 4.450541 -0.4146761 0.4844878 4.472178 -0.4376631 0.6575552 4.21796 -0.1100979 0.1475536 4.469513 0.2322684 0.2201542 4.530079 0.3581053 0.3562597 4.283615 -0.1308492 0.3026072 4.478294 -0.1482964 0.752889 4.481976 -0.2989133 1.110537 4.340636 -0.4226005 1.435153 4.340703 0.03553023 0.7305152 4.496423 0.1006686 1.091472 4.307028 0.1500733 1.435788 4.291088  S_DodgingRight_Close
-0.1624702 0.07867348 4.407111 -0.2150695 0.1782308 4.451246 -0.4078636 0.4568177 4.483317 -0.4452706 0.6433862 4.240623 -0.08267538 0.1410832 4.466383 0.2524557 0.2456928 4.518882 0.3583274 0.3805178 4.262527 -0.1132142 0.2943752 4.47726 -0.1441813 0.7450894 4.485418 -0.2878204 1.10487 4.342238 -0.4032043 1.432529 4.342395 0.04023739 0.7262223 4.49705 0.1008358 1.09082 4.313203 0.1482605 1.435198 4.293147  S_DodgingRight_Close
-0.1267705 0.06657159 4.405677 -0.1851276 0.1615818 4.452385 -0.3981157 0.4230711 4.496271 -0.4538032 0.6230262 4.268183 -0.04976664 0.1348326 4.462343 0.2737912 0.273129 4.507378 0.3642538 0.4122659 4.247451 -0.09175853 0.2851902 4.475708 -0.1404342 0.7354837 4.48927 -0.275082 1.097719 4.343565 -0.3764691 1.429963 4.346473 0.04461302 0.7217418 4.49765 0.09983756 1.090146 4.319797 0.1449629 1.434532 4.295094  S_DodgingRight_Close
-0.0999078 0.05796087 4.40521 -0.1620602 0.149465 4.453763 -0.3893241 0.3968017 4.506537 -0.4611991 0.6049753 4.290655 -0.02511225 0.1307462 4.459431 0.2880208 0.291788 4.50093 0.373674 0.4402624 4.244565 -0.07546024 0.278356 4.474459 -0.1377984 0.727735 4.491627 -0.2635175 1.09272 4.344809 -0.350117 1.429081 4.350761 0.04760416 0.7181232 4.497549 0.09857334 1.089573 4.324832 0.1420354 1.433904 4.296637  S_DodgingRight_Close
-0.08215289 0.05254054 4.405156 -0.1465768 0.1417167 4.454874 -0.382673 0.3791211 4.513695 -0.4665989 0.5917394 4.306674 -0.008910639 0.1283687 4.457539 0.2966091 0.3034546 4.497683 0.3816552 0.4611267 4.246663 -0.06464534 0.2739235 4.473565 -0.1359756 0.722455 4.492842 -0.2544745 1.089784 4.345866 -0.3291743 1.428942 4.353977 0.04959448 0.715592 4.497106 0.09762467 1.089374 4.328631 0.1399512 1.433671 4.298367  S_DodgingRight_Close
-0.05628161 0.04121006 4.409184 -0.1237426 0.1276299 4.459427 -0.3720754 0.347693 4.529136 -0.4813088 0.5638146 4.338172 0.01447542 0.1223048 4.457265 0.3043894 0.3205878 4.500897 0.4005207 0.5019513 4.270744 -0.04905913 0.2647114 4.472533 -0.1315484 0.7124211 4.490721 -0.2290487 1.089932 4.354508 -0.2806456 1.433334 4.363819 0.05415561 0.7084776 4.490746 0.09875251 1.088876 4.336762 0.1400445 1.433175 4.305121  S_DodgingRight_Close
-0.04598055 0.03499353 4.413214 -0.1147333 0.120712 4.462832 -0.3679085 0.3318065 4.5385 -0.4909731 0.5470159 4.355067 0.02352603 0.1186761 4.458652 0.3040445 0.3281205 4.507199 0.4086283 0.523154 4.292423 -0.0432295 0.2597902 4.472064 -0.1290355 0.7075244 4.487179 -0.2121919 1.092846 4.363944 -0.2543744 1.437598 4.370289 0.05666222 0.7040461 4.484776 0.100629 1.088283 4.340441 0.1416348 1.432639 4.309052  S_DodgingRight_Close
-0.0405157 0.03068674 4.417171 -0.1100892 0.1163048 4.465783 -0.365785 0.321371 4.545906 -0.4982966 0.5342636 4.366393 0.02815123 0.116089 4.460606 0.3016181 0.3325957 4.514146 0.4126161 0.5367517 4.311404 -0.04045741 0.2565029 4.471838 -0.1274811 0.7044546 4.483386 -0.2007499 1.095656 4.373076 -0.2393315 1.440882 4.375008 0.05819472 0.7008407 4.479786 0.1021325 1.087387 4.341746 0.1427788 1.431782 4.310328  S_DodgingRight_Close
-0.03739713 0.02808332 4.42031 -0.1074459 0.1137843 4.468038 -0.3640415 0.3156726 4.551069 -0.5024459 0.5266395 4.373742 0.03078033 0.1144754 4.462535 0.299839 0.3347409 4.519833 0.4152561 0.54443 4.325376 -0.03879682 0.2545391 4.47205 -0.1264983 0.7025918 4.480653 -0.1953708 1.096812 4.378567 -0.2334658 1.442093 4.376583 0.05917605 0.6989235 4.477032 0.1024644 1.086782 4.342514 0.1423739 1.431195 4.310338  S_DodgingRight_Close
-0.03038774 0.02293873 4.42785 -0.1012556 0.1089973 4.473527 -0.3582659 0.3062794 4.562133 -0.5087501 0.5136414 4.390485 0.03694304 0.1111219 4.467708 0.2975588 0.3372324 4.533341 0.4218307 0.558945 4.358686 -0.03422914 0.250589 4.473437 -0.1245183 0.6983525 4.47483 -0.187915 1.097124 4.388012 -0.226356 1.442217 4.377694 0.06118615 0.6954427 4.4722 0.1016917 1.086346 4.345878 0.1393001 1.430759 4.311045  S_DodgingRight_Close
-0.02721791 0.0201236 4.432112 -0.09819965 0.106532 4.47684 -0.3545484 0.3034645 4.566965 -0.5098661 0.5099665 4.398617 0.03998848 0.10892 4.470874 0.2980437 0.3358537 4.540495 0.424995 0.5628575 4.374794 -0.03152017 0.2482743 4.474912 -0.1242097 0.695427 4.472707 -0.1858892 1.09567 4.391613 -0.224304 1.440643 4.377787 0.06151678 0.6937491 4.470604 0.101126 1.086296 4.349191 0.1382298 1.430453 4.311409  S_DodgingRight_Close
-0.0254821 0.01740062 4.436192 -0.09644358 0.1042024 4.480088 -0.3519617 0.3015119 4.57083 -0.5106794 0.507784 4.405397 0.04173555 0.106657 4.473942 0.2982384 0.3335589 4.546828 0.4265172 0.5645627 4.387812 -0.02990393 0.2459787 4.476517 -0.1245986 0.6925542 4.471317 -0.1840893 1.094117 4.395274 -0.2217756 1.439037 4.378429 0.0611365 0.6919775 4.469402 0.1006112 1.085977 4.352742 0.1373107 1.429721 4.311015  S_DodgingRight_Close
-0.02524201 0.01461399 4.440343 -0.09612791 0.1018487 4.483407 -0.3507435 0.2999159 4.57409 -0.5117801 0.5064484 4.411243 0.0420443 0.1042684 4.477095 0.2975802 0.330687 4.552768 0.4264422 0.5648212 4.398884 -0.029626 0.2435933 4.478239 -0.125597 0.6897579 4.470355 -0.1823058 1.092656 4.39942 -0.2186397 1.437563 4.37959 0.06013801 0.6899075 4.46835 0.1000933 1.085316 4.356729 0.1362184 1.428503 4.310196  S_DodgingRight_Close
-0.0262969 0.01228642 4.443763 -0.09716778 0.09988046 4.486059 -0.351103 0.2986565 4.576149 -0.5130094 0.5056792 4.414795 0.04100623 0.1022525 4.479768 0.2960691 0.3281054 4.557415 0.4253113 0.5640808 4.406696 -0.03067206 0.2415781 4.479667 -0.1265535 0.6877215 4.469628 -0.1814235 1.091572 4.402778 -0.2168342 1.436404 4.380178 0.05918028 0.6878185 4.467501 0.1000385 1.084546 4.361005 0.1357637 1.427286 4.310997  S_DodgingRight_Close
-0.02810906 0.006828785 4.452777 -0.09908579 0.09534955 4.492848 -0.3519988 0.295705 4.580521 -0.5141696 0.5037591 4.420766 0.03911938 0.09748125 4.487189 0.2933757 0.321735 4.569071 0.4233081 0.5609807 4.424215 -0.03244035 0.2368231 4.483663 -0.1278276 0.6828938 4.467779 -0.1811266 1.08831 4.409718 -0.2160647 1.432792 4.381692 0.05790766 0.6827823 4.465793 0.0999548 1.082132 4.370111 0.1333489 1.42381 4.311896  S_DodgingRight_Close
-0.03041957 0.00167942 4.465624 -0.1010901 0.09159207 4.502936 -0.3539268 0.2945544 4.585281 -0.5142503 0.5017858 4.422619 0.03715869 0.09279728 4.498131 0.291704 0.3138474 4.584137 0.422319 0.5545596 4.442356 -0.03357099 0.2323935 4.490411 -0.1292139 0.6778219 4.466539 -0.1803633 1.084209 4.413548 -0.2140345 1.428434 4.381159 0.05651983 0.6782383 4.464444 0.09840031 1.078436 4.372295 0.1297585 1.419406 4.309021  S_DodgingRight_Close
-0.03208308 0.0009963512 4.469494 -0.1024945 0.09137893 4.506075 -0.3551737 0.2954273 4.586615 -0.5148276 0.5019233 4.422367 0.03576674 0.09210777 4.501541 0.2905978 0.311982 4.58886 0.4217089 0.552632 4.447433 -0.03449563 0.2318779 4.492772 -0.1293285 0.6772912 4.466413 -0.1805581 1.08362 4.413054 -0.2142983 1.427823 4.380498 0.05640485 0.6774505 4.464263 0.09853114 1.077393 4.371125 0.1304739 1.418379 4.308228  S_DodgingRight_Close
-0.03312294 0.0008717775 4.47162 -0.1033653 0.09155667 4.507746 -0.3557641 0.29637 4.587297 -0.5149933 0.502472 4.422144 0.03490468 0.09194255 4.503442 0.2898123 0.3112212 4.591578 0.4212864 0.5517653 4.450307 -0.03501211 0.2318449 4.494042 -0.1291107 0.6772993 4.466199 -0.1807964 1.083519 4.412452 -0.214884 1.427715 4.38018 0.05662431 0.6772026 4.464189 0.0986913 1.077002 4.370411 0.1308999 1.418061 4.308046  S_DodgingRight_Close
-0.03414021 0.000975728 4.473654 -0.1042152 0.0919553 4.509336 -0.3563128 0.2975248 4.587939 -0.5151261 0.5032487 4.421916 0.03406234 0.09200084 4.505265 0.2890236 0.3107206 4.5942 0.4208563 0.5511525 4.453073 -0.03550838 0.2320331 4.495253 -0.1288568 0.6775302 4.465971 -0.1810431 1.083633 4.411825 -0.2155097 1.427821 4.379882 0.05687954 0.6771705 4.464122 0.09885974 1.076831 4.369717 0.1313103 1.417969 4.307914  S_DodgingRight_Close
-0.03564016 0.001257181 4.476097 -0.1055147 0.0926466 4.511127 -0.357012 0.2992477 4.588664 -0.5151828 0.5047098 4.421707 0.03277387 0.09220207 4.507474 0.2875569 0.3104436 4.597528 0.4198736 0.5507544 4.456646 -0.03628759 0.2324207 4.496582 -0.1283482 0.6780393 4.465426 -0.1812175 1.084008 4.410939 -0.2162219 1.4282 4.379628 0.05739017 0.6772005 4.463973 0.09916826 1.07675 4.36901 0.1318653 1.41803 4.308125  S_DodgingRight_Close
