0.007710533 0.04648197 0.9620312 -0.06559919 0.13478 0.9968199 -0.2009753 0.3573321 0.8664988 0.008096354 0.1605715 0.7538856 0.07259424 0.1410798 0.9971994 0.2964558 0.387725 1.00734 0.2564494 0.2583421 0.7302769 -0.002943737 0.2782933 1.001181 -0.116036 0.719675 1.021301 -0.176069 1.128138 1.009966 -0.2163983 1.470653 1.051568 0.06950237 0.7275754 1.02513 0.1470762 1.097419 0.8589925 0.2039463 1.427325 0.7632045  SA_HookPunch_SoClose
0.003890472 0.04592824 0.9637898 -0.06891243 0.1344409 0.9990057 -0.2046526 0.3555257 0.8678221 0.004296558 0.1576819 0.7568916 0.06929643 0.1403782 0.9984325 0.2954018 0.3851911 1.004283 0.2527021 0.2511826 0.7298335 -0.005853517 0.2777964 1.002686 -0.1176463 0.7195097 1.022635 -0.1762921 1.128137 1.010009 -0.2154604 1.470864 1.050966 0.06793238 0.7269391 1.025262 0.1455469 1.097077 0.8598007 0.2028569 1.426488 0.7625812  SA_HookPunch_SoClose
0.0001425911 0.04489064 0.9655527 -0.07215182 0.1336126 1.001221 -0.2084457 0.3531539 0.8692383 0.0003055502 0.1542263 0.7598847 0.06606348 0.1392012 0.9996217 0.2943613 0.3820809 1.00091 0.2486731 0.243451 0.7292503 -0.008709235 0.2768154 1.004178 -0.1192313 0.7188484 1.023998 -0.1764307 1.12764 1.010131 -0.2143964 1.470596 1.050299 0.06637903 0.7258177 1.025326 0.144032 1.096353 0.8607749 0.2017465 1.425293 0.7622083  SA_HookPunch_SoClose
-0.003105504 0.04369664 0.9671921 -0.07492582 0.1325955 1.003407 -0.2125158 0.3504119 0.8708824 -0.004330618 0.1503348 0.7625517 0.06327917 0.1379204 1.000531 0.2936423 0.3787111 0.9964226 0.2440186 0.2356119 0.7277879 -0.01119117 0.2756838 1.005511 -0.1206347 0.717982 1.025422 -0.1761715 1.126971 1.010636 -0.2127855 1.470226 1.049484 0.06499399 0.7245708 1.025113 0.1426327 1.09593 0.8624228 0.2006583 1.424545 0.762957  SA_HookPunch_SoClose
-0.006393773 0.04229438 0.9689869 -0.077727 0.1313732 1.005753 -0.2166386 0.3474257 0.8727134 -0.009000046 0.146215 0.765438 0.0604551 0.136428 1.00158 0.292794 0.3750341 0.9919657 0.2391673 0.2274605 0.72654 -0.01370458 0.2743429 1.006986 -0.1220537 0.7169078 1.026979 -0.1759169 1.126084 1.011236 -0.2111701 1.469633 1.048723 0.0635782 0.7231078 1.025008 0.1412363 1.094956 0.8634466 0.1995652 1.423031 0.7623914  SA_HookPunch_SoClose
-0.01143519 0.03983808 0.9722966 -0.08189599 0.1291105 1.010393 -0.2249653 0.3413836 0.8767718 -0.01917533 0.1378284 0.7703604 0.05617936 0.1338545 1.003326 0.291282 0.3685746 0.982592 0.2291215 0.2139878 0.7230862 -0.01757143 0.2719481 1.009679 -0.1243796 0.7148861 1.030069 -0.1753218 1.124386 1.013064 -0.2081739 1.468521 1.047204 0.06118836 0.7205648 1.024251 0.1387863 1.094085 0.8665651 0.1974801 1.421426 0.7633642  SA_HookPunch_SoClose
-0.01619719 0.03733528 0.9757193 -0.08575688 0.1267624 1.01531 -0.2335467 0.3350998 0.8814453 -0.03006212 0.128943 0.7756108 0.05213048 0.1312191 1.005088 0.2901138 0.3612424 0.9726084 0.2183284 0.2002887 0.7195371 -0.02121709 0.2694764 1.012469 -0.1265639 0.7127618 1.033278 -0.1747375 1.122547 1.0151 -0.2052597 1.467249 1.045476 0.05883892 0.7179524 1.023258 0.1365483 1.093301 0.8700327 0.1955596 1.419927 0.7647661  SA_HookPunch_SoClose
-0.02000145 0.03523648 0.9788741 -0.08873437 0.1247379 1.020022 -0.2414479 0.3293778 0.8863577 -0.04059557 0.1205739 0.7806844 0.0488893 0.1289927 1.006647 0.2884744 0.3552196 0.963147 0.2077701 0.1889855 0.7162513 -0.02412896 0.2673645 1.015069 -0.1283467 0.7109108 1.036328 -0.174317 1.120909 1.017271 -0.2029191 1.466089 1.04384 0.05679061 0.7157438 1.022103 0.1346894 1.092892 0.8734602 0.1938505 1.418889 0.7663459  SA_HookPunch_SoClose
-0.02420811 0.03276277 0.982674 -0.09188221 0.1223556 1.025851 -0.2511663 0.322405 0.8932804 -0.05386404 0.1102952 0.7875036 0.04527547 0.12639 1.008279 0.2859313 0.3480612 0.9506282 0.1938911 0.1749698 0.7125686 -0.02732651 0.2648839 1.018168 -0.1302639 0.7087058 1.040199 -0.1738764 1.118916 1.020187 -0.2003588 1.464618 1.041686 0.0543731 0.7131547 1.020428 0.1323995 1.092534 0.8776468 0.1912941 1.417741 0.7680115  SA_HookPunch_SoClose
-0.02791546 0.03047931 0.9863881 -0.09446387 0.1201659 1.031734 -0.260893 0.3155586 0.9012727 -0.06750004 0.1000695 0.7951063 0.04203548 0.1240073 1.009589 0.2826794 0.3412255 0.9370641 0.1789726 0.1608664 0.7094239 -0.03011875 0.2626046 1.021163 -0.1318734 0.7066565 1.044219 -0.1734999 1.117033 1.023401 -0.1981563 1.46317 1.039369 0.05203088 0.7107782 1.018456 0.1301406 1.0924 0.8818277 0.1882083 1.416799 0.7693962  SA_HookPunch_SoClose
-0.03117858 0.02831781 0.989849 -0.0964862 0.1181259 1.037419 -0.2705494 0.3089665 0.9104604 -0.08141153 0.09020984 0.803316 0.03912713 0.121823 1.010352 0.2784091 0.3345727 0.9223913 0.1632176 0.1463685 0.706951 -0.03254239 0.2604944 1.023883 -0.1331966 0.7047269 1.048426 -0.173248 1.115219 1.026812 -0.1964283 1.461678 1.036942 0.04970314 0.7085819 1.016264 0.1278325 1.092317 0.8857025 0.1844586 1.415988 0.77047  SA_HookPunch_SoClose
-0.03568969 0.02520812 0.9949468 -0.09877543 0.115257 1.046134 -0.2855472 0.2989804 0.9273328 -0.1036523 0.0752337 0.8179744 0.0348977 0.1187909 1.01069 0.2691868 0.3242868 0.8973898 0.136783 0.1229534 0.7049359 -0.03585676 0.2575408 1.027768 -0.1347954 0.7019917 1.055402 -0.1730248 1.112588 1.032511 -0.1946272 1.459297 1.032802 0.04587408 0.7055061 1.012417 0.1242913 1.092283 0.8913463 0.1774876 1.414931 0.7716964  SA_HookPunch_SoClose
-0.03803365 0.0233295 0.9975842 -0.09928738 0.1135236 1.051357 -0.2955646 0.2925534 0.9408149 -0.1196002 0.06558573 0.8284329 0.03254827 0.117137 1.009601 0.25999 0.3181812 0.8783101 0.1178615 0.1070033 0.7042183 -0.0375195 0.2558395 1.029638 -0.1354956 0.7003259 1.060356 -0.1726383 1.110936 1.035979 -0.1934634 1.457634 1.029612 0.04306521 0.7037874 1.009311 0.1220791 1.092496 0.8950051 0.1726484 1.41522 0.7744244  SA_HookPunch_SoClose
-0.04115055 0.02117407 1.001079 -0.09942602 0.1115459 1.058565 -0.3088052 0.283803 0.9617351 -0.1417265 0.05232048 0.8450812 0.02914204 0.1153277 1.007642 0.2434848 0.3101375 0.8510956 0.09045304 0.08554864 0.7053369 -0.03970174 0.2539322 1.03211 -0.1361675 0.6984289 1.067586 -0.1722354 1.108961 1.040433 -0.1926301 1.455381 1.024586 0.03863438 0.7018749 1.004864 0.1194465 1.09267 0.8992604 0.1663699 1.415764 0.7781972  SA_HookPunch_SoClose
-0.04313866 0.02000153 1.003336 -0.09857051 0.1104448 1.063875 -0.3181079 0.2773509 0.9803509 -0.1594289 0.04218245 0.8594197 0.02669181 0.1145096 1.005308 0.2267122 0.3051049 0.8290666 0.06821354 0.0701288 0.7075399 -0.04094784 0.2529581 1.033702 -0.1361715 0.697364 1.073686 -0.1721844 1.107681 1.043389 -0.193019 1.453674 1.0204 0.03485276 0.7009681 1.001303 0.1173508 1.092801 0.9009813 0.1619938 1.416631 0.7810282  SA_HookPunch_SoClose
-0.04518942 0.01927483 1.005483 -0.0967056 0.1097399 1.069676 -0.3271314 0.2709903 1.004653 -0.1801262 0.03148949 0.8776239 0.02379711 0.1142241 1.00188 0.2028553 0.3007854 0.8037885 0.0415739 0.05467856 0.7114629 -0.04200099 0.2524446 1.035273 -0.1353738 0.6966676 1.08124 -0.1728901 1.106464 1.046109 -0.1955232 1.451763 1.015611 0.0302961 0.7005966 0.9973377 0.1145147 1.092933 0.900474 0.1582274 1.418173 0.7840418  SA_HookPunch_SoClose
-0.04647158 0.01928699 1.006774 -0.09481119 0.1097313 1.073583 -0.3326872 0.2663949 1.023866 -0.1941891 0.02449524 0.8919171 0.02163203 0.1145794 0.9990534 0.1829841 0.2985607 0.7864326 0.02248438 0.04497981 0.715433 -0.04252974 0.2526027 1.036231 -0.1343008 0.6966427 1.086862 -0.173969 1.105881 1.04781 -0.1987827 1.450556 1.012351 0.02684494 0.7008976 0.994583 0.1121212 1.093285 0.8988565 0.1562033 1.419668 0.7858142  SA_HookPunch_SoClose
-0.04766379 0.01991785 1.007747 -0.0915529 0.1102389 1.077806 -0.3362781 0.2632065 1.049897 -0.2103215 0.01912487 0.9096593 0.01905568 0.1156601 0.9948987 0.1555324 0.297806 0.766796 -0.002035363 0.03683031 0.720229 -0.042608 0.2533766 1.037103 -0.1319119 0.6971027 1.094185 -0.1765459 1.105225 1.049251 -0.2052722 1.449156 1.009757 0.02298041 0.7019242 0.9917806 0.1074535 1.093824 0.8933824 0.153795 1.421765 0.7858862  SA_HookPunch_SoClose
-0.04858617 0.02112091 1.008371 -0.08843486 0.1113161 1.081008 -0.3372015 0.261453 1.072687 -0.2225793 0.01571167 0.925784 0.01664742 0.1172537 0.9912323 0.1304467 0.2979513 0.7522486 -0.02221362 0.0313431 0.7254285 -0.04253994 0.254692 1.037675 -0.1293565 0.6981291 1.100303 -0.1793023 1.105066 1.050476 -0.2119406 1.448321 1.008235 0.01967849 0.7034689 0.989571 0.1028178 1.094813 0.8878802 0.151781 1.423885 0.7851065  SA_HookPunch_SoClose
-0.04900615 0.02286756 1.008151 -0.08443223 0.112807 1.083431 -0.3338334 0.2630248 1.09655 -0.2329039 0.01737797 0.9397753 0.01432796 0.1194338 0.9867882 0.1036104 0.300352 0.7398175 -0.04416982 0.0298562 0.7299465 -0.04194133 0.2564998 1.03774 -0.1259692 0.6995435 1.106397 -0.183007 1.104796 1.050793 -0.2196306 1.447572 1.007931 0.01678713 0.7055809 0.9877137 0.09649564 1.096225 0.8807219 0.1492605 1.426599 0.7841977  SA_HookPunch_SoClose
-0.04943136 0.02579963 1.00758 -0.07955168 0.1154174 1.085605 -0.327004 0.266342 1.123576 -0.2432912 0.02133691 0.9560283 0.01133605 0.1228755 0.9815801 0.07179876 0.3041773 0.7286114 -0.06828259 0.02955043 0.7364691 -0.04117809 0.2594866 1.037518 -0.1215961 0.7020526 1.112973 -0.1877763 1.105021 1.05124 -0.2290064 1.447256 1.008234 0.01345821 0.7089201 0.9856361 0.08856584 1.098758 0.8725475 0.1464123 1.430261 0.7830623  SA_HookPunch_SoClose
-0.04955838 0.02923894 1.006056 -0.07454304 0.118435 1.086497 -0.3156717 0.2736037 1.147624 -0.2518147 0.0319488 0.9669784 0.008431213 0.1268102 0.9761227 0.04261299 0.3101574 0.7215017 -0.08973829 0.03232265 0.7413863 -0.04024402 0.2629124 1.03659 -0.1171665 0.7049624 1.118339 -0.1926394 1.105315 1.050546 -0.237297 1.447242 1.008524 0.01061739 0.7126992 0.9837545 0.0806845 1.101946 0.8655118 0.1446846 1.434314 0.7837614  SA_HookPunch_SoClose
-0.049731 0.03339148 1.004286 -0.06968413 0.1221691 1.08671 -0.3023348 0.2820064 1.169428 -0.2596195 0.04461586 0.9772595 0.005361872 0.1314446 0.9708685 0.01495905 0.3169537 0.7174486 -0.1090042 0.03607774 0.7465376 -0.03937702 0.2670397 1.03538 -0.1126727 0.7085822 1.122926 -0.1976558 1.106116 1.049992 -0.2453422 1.447791 1.009272 0.007904785 0.7171527 0.9818968 0.07304616 1.105864 0.8591627 0.1436219 1.438553 0.7844285  SA_HookPunch_SoClose
-0.04993377 0.03861642 1.00156 -0.06443588 0.1268924 1.085766 -0.2841159 0.2943817 1.191267 -0.2688866 0.06527197 0.9853929 0.001865046 0.1372031 0.9647907 -0.01294564 0.326452 0.7163857 -0.127952 0.04227507 0.7498735 -0.03849677 0.2722058 1.033307 -0.1077917 0.7131796 1.126812 -0.2033224 1.107323 1.048711 -0.2532492 1.448934 1.010202 0.005075114 0.722654 0.9795946 0.06557877 1.110927 0.8531564 0.1443877 1.443395 0.7860574  SA_HookPunch_SoClose
-0.05022786 0.04688358 0.9974092 -0.05764763 0.134514 1.083271 -0.2561232 0.3129681 1.217576 -0.281878 0.09983599 0.9961742 -0.002892954 0.146176 0.9567679 -0.0466514 0.3409117 0.7192596 -0.1513178 0.05288017 0.7537144 -0.03738628 0.2803909 1.029884 -0.1012084 0.7206126 1.130623 -0.2111722 1.109842 1.047057 -0.2631827 1.451525 1.012108 0.001458781 0.731248 0.9761952 0.05596699 1.118913 0.8452448 0.1463005 1.450163 0.7872661  SA_HookPunch_SoClose
-0.0504928 0.05426097 0.993596 -0.05227528 0.141387 1.080263 -0.2297311 0.3293773 1.23641 -0.2921911 0.134329 1.00584 -0.006856544 0.1541276 0.9502167 -0.0711628 0.3537395 0.7246536 -0.1694169 0.06314015 0.7563165 -0.03654556 0.287701 1.026545 -0.09579854 0.7273141 1.132668 -0.2178282 1.11218 1.045711 -0.2707402 1.454049 1.014093 -0.001420064 0.7388622 0.9731039 0.0483193 1.125997 0.8387316 0.148403 1.455555 0.7875193  SA_HookPunch_SoClose
-0.05044518 0.06302524 0.9887851 -0.04643242 0.1496382 1.075776 -0.1972902 0.3489444 1.254581 -0.3054368 0.1822847 1.018707 -0.0106179 0.163465 0.9428724 -0.09317826 0.3690867 0.733385 -0.1882203 0.07674754 0.758068 -0.03539423 0.2963786 1.022053 -0.08999495 0.7353662 1.13324 -0.2254155 1.115063 1.043428 -0.2781458 1.457332 1.016131 -0.004282458 0.7478306 0.9689244 0.03975757 1.134282 0.8306521 0.1508921 1.461394 0.7871269  SA_HookPunch_SoClose
-0.05033551 0.0698241 0.9849433 -0.04213611 0.1560591 1.071916 -0.1715967 0.3613212 1.266612 -0.3119863 0.2204968 1.030886 -0.01337705 0.1706932 0.937394 -0.1076953 0.3804885 0.7409271 -0.2017976 0.08741939 0.7598909 -0.03452621 0.3031076 1.018441 -0.08571409 0.7416038 1.133203 -0.2312904 1.117211 1.042092 -0.2836347 1.459784 1.018043 -0.006434722 0.7547758 0.9657429 0.03307613 1.140738 0.8247632 0.1523226 1.465672 0.7867349  SA_HookPunch_SoClose
-0.04954044 0.07660782 0.980873 -0.03798405 0.1625713 1.067738 -0.1459066 0.373262 1.276683 -0.320159 0.2646904 1.046562 -0.01490222 0.1777332 0.9321855 -0.1169186 0.3921317 0.7491001 -0.212895 0.09928691 0.7607125 -0.0332462 0.3098103 1.014457 -0.08205639 0.747971 1.131538 -0.2366987 1.11983 1.039991 -0.2875521 1.462885 1.019952 -0.007869048 0.7616221 0.9617985 0.0267895 1.147219 0.818561 0.1535711 1.469914 0.7862705  SA_HookPunch_SoClose
-0.0487418 0.08378339 0.9766492 -0.0337014 0.1694827 1.063249 -0.1174112 0.3850764 1.284475 -0.3226897 0.3123598 1.066116 -0.01655958 0.1851654 0.9268764 -0.1254261 0.4038717 0.7581576 -0.2243014 0.1117945 0.7625078 -0.0319374 0.3169041 1.010291 -0.07821386 0.7547264 1.129666 -0.2430854 1.12209 1.037817 -0.2928206 1.465504 1.021487 -0.009384317 0.7688525 0.957723 0.02009209 1.154045 0.8122548 0.1547441 1.474066 0.7857369  SA_HookPunch_SoClose
-0.04607723 0.09369111 0.9704827 -0.02763812 0.1792526 1.05689 -0.07966916 0.3985362 1.29221 -0.3226013 0.3823538 1.102922 -0.0164154 0.195101 0.9199222 -0.1280417 0.4198194 0.7684339 -0.234553 0.1304543 0.7631739 -0.02920382 0.3266984 1.003993 -0.0741251 0.7643236 1.124482 -0.2515596 1.126083 1.033808 -0.2986559 1.470121 1.024139 -0.01025013 0.7787328 0.9506606 0.01184185 1.163738 0.803399 0.1564481 1.479976 0.7852172  SA_HookPunch_SoClose
-0.04119967 0.1052086 0.9629325 -0.02026288 0.1908047 1.049324 -0.03581409 0.4118648 1.295688 -0.3073112 0.4630878 1.158673 -0.01347504 0.2063619 0.9120315 -0.1216349 0.4366988 0.7736772 -0.2396732 0.1520977 0.7605022 -0.02496283 0.3380716 0.9961151 -0.07079415 0.775688 1.11599 -0.2609846 1.13145 1.027471 -0.3039463 1.476164 1.026862 -0.009974821 0.7901085 0.9410771 0.003522413 1.175043 0.7925967 0.158474 1.48677 0.7845677  SA_HookPunch_SoClose
-0.038056 0.1110271 0.9588655 -0.01630972 0.1967046 1.045351 -0.01302855 0.4174514 1.29539 -0.2905535 0.503497 1.192028 -0.01099466 0.2119465 0.9079589 -0.1152835 0.4447294 0.773959 -0.2399548 0.1631354 0.7576431 -0.02240495 0.3438036 0.9918207 -0.06959651 0.7814774 1.110742 -0.265817 1.134266 1.023492 -0.3062719 1.479253 1.028092 -0.009428246 0.7958035 0.9355968 -0.0004296135 1.180719 0.7867259 0.1594736 1.490029 0.784202  SA_HookPunch_SoClose
-0.03375397 0.1158587 0.9555691 -0.01277159 0.2016773 1.042488 0.003567951 0.4221705 1.293928 -0.2759817 0.5317551 1.223566 -0.00618778 0.2164071 0.9050945 -0.1033082 0.4500048 0.7658104 -0.2336196 0.1709796 0.749431 -0.01920049 0.3485249 0.9883107 -0.06976496 0.786404 1.104839 -0.2686979 1.137805 1.018134 -0.3067327 1.482946 1.028366 -0.007370574 0.8004078 0.9304475 -0.001742346 1.185247 0.7812151 0.160861 1.493141 0.7842711  SA_HookPunch_SoClose
-0.02758126 0.1221943 0.9508985 -0.007827504 0.2082058 1.038456 0.02707412 0.4269729 1.290707 -0.2460167 0.5685791 1.268875 0.0007749368 0.2222022 0.9010977 -0.08545636 0.4563599 0.7539166 -0.2235551 0.1811327 0.7370895 -0.01465659 0.3546793 0.983323 -0.07019119 0.792812 1.096244 -0.2729059 1.142209 1.010201 -0.3076124 1.487357 1.028695 -0.004398568 0.8063728 0.9230708 -0.003657265 1.190994 0.7731727 0.1625273 1.496782 0.7843159  SA_HookPunch_SoClose
-0.02142332 0.126374 0.9482993 -0.004376037 0.2125554 1.036469 0.0398909 0.429531 1.288008 -0.2244825 0.5877106 1.301916 0.008831756 0.225912 0.8994135 -0.06625257 0.4575794 0.7356509 -0.2080707 0.1840949 0.7215675 -0.01032267 0.358694 0.9803542 -0.07192402 0.7971059 1.088727 -0.273904 1.146693 1.001737 -0.3060635 1.491657 1.027023 -0.000195546 0.8101526 0.9178866 -0.003223462 1.19416 0.7664517 0.1629957 1.499605 0.7844108  SA_HookPunch_SoClose
-0.01479046 0.1303048 0.9455026 -0.0007582139 0.2166414 1.034277 0.05349274 0.4303907 1.284831 -0.1954813 0.6046052 1.337451 0.01749356 0.2293438 0.8977383 -0.04383854 0.4572558 0.7167319 -0.1899121 0.1859082 0.7050122 -0.005696578 0.3624172 0.9771303 -0.07376914 0.8010554 1.08033 -0.2751515 1.150749 0.9923853 -0.3050358 1.495266 1.025378 0.004380839 0.8136119 0.9122933 -0.002752824 1.196764 0.7588419 0.163233 1.501812 0.7841781  SA_HookPunch_SoClose
-0.006270332 0.1334212 0.9423212 0.002473848 0.2197878 1.031486 0.06094791 0.4289446 1.280769 -0.1688787 0.6161126 1.365947 0.02931036 0.2322153 0.8963474 -0.01211981 0.4512349 0.6878837 -0.1617862 0.1816458 0.6827825 -3.562676E-05 0.3653332 0.9735988 -0.0770769 0.8038734 1.070389 -0.2733187 1.156269 0.9816126 -0.3009469 1.499917 1.024233 0.01131316 0.8164001 0.9075035 -0.001228018 1.198036 0.7506598 0.1607202 1.504529 0.7835644  SA_HookPunch_SoClose
0.001515346 0.1353595 0.9393634 0.005183773 0.2216842 1.028627 0.06633325 0.4253521 1.277167 -0.1431344 0.6213188 1.390427 0.04009284 0.2340056 0.8953351 0.02107002 0.4423709 0.6636657 -0.1333077 0.1754031 0.6639098 0.00505753 0.3670672 0.9702786 -0.08004121 0.8053745 1.060832 -0.2716318 1.160282 0.9719032 -0.2980175 1.502753 1.023784 0.01775988 0.8180679 0.9034299 0.0006120969 1.19787 0.7426208 0.1583734 1.5058 0.7818483  SA_HookPunch_SoClose
0.009179192 0.1359121 0.9353913 0.006712871 0.2220074 1.02421 0.06376018 0.4200085 1.273742 -0.1299852 0.6233588 1.401096 0.05087485 0.2348984 0.8937458 0.05962368 0.4297231 0.6404561 -0.1014055 0.1667739 0.646089 0.009642797 0.3675243 0.9662694 -0.08381586 0.8050783 1.051508 -0.2682231 1.164185 0.9642662 -0.2920468 1.505386 1.024993 0.02441831 0.8188379 0.9011835 0.004663127 1.196522 0.735752 0.1571704 1.506543 0.7790717  SA_HookPunch_SoClose
0.01847799 0.1354737 0.9306501 0.00863518 0.2212007 1.018419 0.05946161 0.4115938 1.269532 -0.1159447 0.6205981 1.413259 0.06374271 0.2349379 0.8922776 0.1110178 0.4108512 0.6197528 -0.06071512 0.154851 0.6284732 0.01525153 0.3669442 0.9613594 -0.08779638 0.803479 1.039746 -0.2657624 1.16635 0.9547328 -0.2894534 1.505629 1.02546 0.03242131 0.8186958 0.898971 0.01063796 1.193443 0.7272342 0.1566173 1.506012 0.7745484  SA_HookPunch_SoClose
0.02746166 0.1329584 0.9236659 0.009335952 0.2180552 1.009536 0.04592599 0.4015384 1.264263 -0.1201681 0.614553 1.413075 0.07616164 0.2333674 0.8893813 0.1703965 0.3906385 0.6095074 -0.01656203 0.1453902 0.6115521 0.02017619 0.3643645 0.9546102 -0.0923336 0.7994137 1.027002 -0.2609887 1.168263 0.9490274 -0.2855143 1.505438 1.028939 0.04016097 0.8169295 0.8980063 0.01925589 1.189493 0.7214764 0.1556489 1.506017 0.7710475  SA_HookPunch_SoClose
0.03563066 0.1294001 0.9171432 0.0101067 0.2138431 1.000626 0.03239699 0.3908086 1.258106 -0.1268896 0.6053525 1.412074 0.08725287 0.230678 0.8870381 0.2259392 0.3698732 0.6099628 0.02506812 0.1360849 0.6000513 0.02471711 0.3607099 0.9481148 -0.09591781 0.7943712 1.014451 -0.2572801 1.168053 0.9444569 -0.2843046 1.502958 1.032674 0.0469196 0.8140132 0.8973478 0.0279869 1.184422 0.716122 0.155531 1.50448 0.766549  SA_HookPunch_SoClose
0.04869123 0.1189986 0.9024051 0.009464519 0.2019229 0.9795846 -0.007113261 0.3702022 1.240352 -0.1715184 0.5814326 1.393519 0.1053248 0.2219919 0.8818845 0.3228929 0.3387234 0.6423992 0.1025232 0.1308513 0.5846857 0.03157266 0.3501039 0.9338201 -0.1016062 0.78129 0.9890894 -0.2456261 1.165398 0.9411978 -0.2813217 1.49696 1.038493 0.05831077 0.8048261 0.8975791 0.0473698 1.173654 0.7125129 0.1537253 1.501915 0.7592176  SA_HookPunch_SoClose
0.05559196 0.1103417 0.8921121 0.008042054 0.192255 0.9638208 -0.0393195 0.3556464 1.223322 -0.2140034 0.5616585 1.372157 0.1151058 0.2142782 0.8790296 0.3714521 0.3256383 0.6789449 0.1507501 0.1327467 0.5830916 0.03511627 0.3413048 0.9239219 -0.1037932 0.7714608 0.971578 -0.2345882 1.161912 0.9397138 -0.2776402 1.491588 1.040381 0.06518181 0.7966338 0.8986715 0.06165488 1.165843 0.7140754 0.1538093 1.498938 0.756534  SA_HookPunch_SoClose
0.06376936 0.09971917 0.8797659 0.00733711 0.180522 0.9436563 -0.07870142 0.3385893 1.196293 -0.268568 0.5371845 1.336358 0.1258478 0.2045532 0.8764623 0.4166265 0.312657 0.7321714 0.2064714 0.137302 0.5900801 0.0396262 0.3304876 0.9118999 -0.1044715 0.759774 0.9499973 -0.221984 1.155597 0.9405211 -0.2749113 1.483052 1.0437 0.07268466 0.7862089 0.9008197 0.07860495 1.155417 0.7162837 0.15437 1.493656 0.7494878  SA_HookPunch_SoClose
0.07084067 0.08636272 0.8626446 0.004991071 0.1663042 0.914853 -0.1360115 0.3167683 1.148782 -0.3526391 0.5056947 1.260526 0.1347219 0.1914042 0.8738998 0.441939 0.309157 0.8051709 0.2657056 0.144277 0.6131791 0.04378523 0.3169712 0.8965439 -0.1012269 0.7468519 0.9249181 -0.1983042 1.147837 0.9439276 -0.2608708 1.474322 1.04476 0.08199759 0.7720833 0.9077796 0.1003912 1.141234 0.7239503 0.1560822 1.484555 0.7405866  SA_HookPunch_SoClose
0.07677318 0.07525909 0.8464922 0.005035179 0.1551605 0.8873399 -0.1831255 0.2989624 1.094088 -0.4219044 0.4796168 1.167954 0.1402785 0.1795483 0.8714732 0.4437207 0.3071536 0.8693279 0.3086379 0.1482433 0.6421613 0.04804553 0.30572 0.8825716 -0.09489642 0.736877 0.9041876 -0.179907 1.138326 0.9509515 -0.2468423 1.464654 1.049456 0.08912803 0.7592812 0.9157885 0.1192687 1.128645 0.7339495 0.1612101 1.474316 0.7333435  SA_HookPunch_SoClose
0.0823787 0.06366825 0.8249344 0.006935196 0.1450089 0.8521503 -0.2347855 0.2797562 1.012541 -0.4910018 0.4513775 1.015164 0.1429888 0.1651551 0.867011 0.4200355 0.3081403 0.9360474 0.3462821 0.1509463 0.6811851 0.05367716 0.2938865 0.8659867 -0.08231543 0.7277055 0.8852051 -0.1586895 1.126101 0.9628118 -0.2250748 1.45219 1.062474 0.09729894 0.7436324 0.9297756 0.1399892 1.113494 0.7514971 0.1693533 1.459677 0.7281927  SA_HookPunch_SoClose
0.09140719 0.05217028 0.7985882 0.0160792 0.1368545 0.8122386 -0.2799977 0.2611668 0.8922681 -0.525732 0.410967 0.781444 0.14558 0.1478485 0.85963 0.3762794 0.3111988 0.9916776 0.3726691 0.1555468 0.7254752 0.06445666 0.281417 0.8483232 -0.0617644 0.7181591 0.8714908 -0.1448602 1.108415 0.9781231 -0.2120472 1.433466 1.080599 0.1071284 0.7244306 0.9485453 0.1617858 1.097567 0.78066 0.1852648 1.441051 0.7285513  SA_HookPunch_SoClose
0.1008699 0.04507232 0.7797321 0.02765198 0.1327267 0.785725 -0.2930622 0.2489877 0.7782863 -0.4872797 0.367996 0.5703825 0.1481365 0.1350056 0.8536628 0.3396147 0.3148004 1.017504 0.3804489 0.1585046 0.7548088 0.07501526 0.27267 0.8378142 -0.04486875 0.7108364 0.8670419 -0.1378532 1.095745 0.9844054 -0.2096424 1.418997 1.08942 0.1137868 0.7094995 0.9636248 0.174452 1.086142 0.8059419 0.1997301 1.425366 0.7315377  SA_HookPunch_SoClose
0.1124059 0.03902471 0.7631997 0.04130568 0.1290872 0.7652649 -0.2692701 0.2319947 0.6386436 -0.3521064 0.290207 0.3473414 0.1517306 0.1219975 0.8482913 0.3090061 0.3211378 1.02888 0.3756448 0.1629727 0.772663 0.08707662 0.2636765 0.8310789 -0.02818475 0.7023228 0.8680233 -0.1262457 1.088015 0.9784797 -0.2097701 1.407634 1.085909 0.1214858 0.6945236 0.9777473 0.1832419 1.076324 0.833464 0.2144907 1.409857 0.7384518  SA_HookPunch_SoClose
0.1214841 0.03590202 0.7524112 0.04852774 0.1255654 0.7548574 -0.1776912 0.2121007 0.4987644 -0.1029327 0.2170082 0.1996077 0.153401 0.1128395 0.8441709 0.3019721 0.3141975 1.030517 0.3580767 0.1694124 0.7640699 0.0936745 0.2567433 0.8276232 -0.0180646 0.6957654 0.8691162 -0.1162093 1.084578 0.9679445 -0.2043781 1.404989 1.069123 0.128719 0.6848453 0.982416 0.1905406 1.071993 0.8531936 0.2291327 1.402591 0.7509035  SA_HookPunch_SoClose
0.1236907 0.03709626 0.7466091 0.04917367 0.1260868 0.7484397 -0.0997902 0.2030802 0.448871 0.0619485 0.1964749 0.1863741 0.1512493 0.1117086 0.8406948 0.3065242 0.3023005 1.030204 0.3451961 0.1701996 0.7542361 0.09319229 0.2562412 0.8236922 -0.01585345 0.6960124 0.8654064 -0.1124332 1.086612 0.9585675 -0.2001928 1.408666 1.054763 0.129062 0.6833322 0.9809064 0.194846 1.070986 0.8552054 0.2373114 1.401377 0.7537845  SA_HookPunch_SoClose
0.1287445 0.04028225 0.7377623 0.05643954 0.129542 0.7355789 -0.02721254 0.2072892 0.424858 0.2021482 0.186938 0.2197069 0.1507016 0.1137178 0.8355864 0.3077472 0.2900536 1.031444 0.3356842 0.1596059 0.7534016 0.09511931 0.2587857 0.8152074 -0.01224975 0.6995435 0.8534073 -0.1080217 1.090245 0.9469732 -0.1951352 1.412855 1.041884 0.1241824 0.6839063 0.9784802 0.1953898 1.06984 0.8504633 0.2376226 1.401339 0.752623  SA_HookPunch_SoClose
0.1347169 0.04243839 0.7347077 0.06491096 0.1319246 0.7297024 -0.004231198 0.2172788 0.4193214 0.2350482 0.1844559 0.2275518 0.1535663 0.115945 0.8346885 0.3053242 0.290485 1.034368 0.3383888 0.1542736 0.7596725 0.09909804 0.261027 0.8115839 -0.009494347 0.7019113 0.8449463 -0.1064024 1.091579 0.941604 -0.1950516 1.41308 1.038825 0.1199727 0.6857303 0.9771508 0.1955536 1.069118 0.8440913 0.236958 1.400923 0.7469338  SA_HookPunch_SoClose
0.1403481 0.04483986 0.7323436 0.07280798 0.1344279 0.7249759 0.01546104 0.2266476 0.4155487 0.2603522 0.1823096 0.2334226 0.1562891 0.1184164 0.8341168 0.3030072 0.291582 1.037118 0.3409632 0.1503942 0.7655863 0.1028516 0.2634703 0.8085593 -0.00678782 0.7044472 0.8372573 -0.105364 1.092969 0.9367965 -0.1960161 1.413234 1.036226 0.1161389 0.6879277 0.9755238 0.1962556 1.068808 0.8379911 0.2370338 1.400877 0.7414783  SA_HookPunch_SoClose
0.1471473 0.0468936 0.7328066 0.08089329 0.1361614 0.7234286 0.0240366 0.2362529 0.4135593 0.2627027 0.1842021 0.2253126 0.1605739 0.1210221 0.8354958 0.301083 0.2961246 1.041759 0.3487931 0.1510818 0.7738208 0.1073336 0.2656926 0.8074726 -0.004217071 0.7065235 0.829789 -0.1057522 1.093506 0.9323057 -0.2002401 1.411747 1.034623 0.1131806 0.6909763 0.9728893 0.1977288 1.069309 0.831046 0.2367041 1.402134 0.7364076  SA_HookPunch_SoClose
0.1546123 0.04934347 0.7337412 0.08953102 0.1381656 0.7223185 0.03219284 0.2464229 0.4119219 0.2631482 0.1874881 0.2162336 0.1653143 0.1240964 0.8371934 0.2990192 0.3014904 1.046935 0.357627 0.1532984 0.7829112 0.1122682 0.2682989 0.8065156 -0.001110835 0.7089356 0.8218063 -0.10669 1.094015 0.9273614 -0.2060986 1.409795 1.032597 0.110452 0.6945551 0.9696182 0.200056 1.070061 0.8234333 0.2368876 1.403779 0.7311085  SA_HookPunch_SoClose
0.1613835 0.05144632 0.7361354 0.09611531 0.1395712 0.7232298 0.03444828 0.2526671 0.4109987 0.2579385 0.1912442 0.2075609 0.1700553 0.1269522 0.8394665 0.2981611 0.3071456 1.052501 0.3678835 0.1604925 0.790325 0.1167379 0.2705752 0.8066176 0.001866715 0.7110265 0.8156794 -0.1086328 1.09423 0.9230069 -0.2136307 1.407579 1.030067 0.110082 0.6981332 0.9660944 0.2033058 1.071448 0.8165997 0.2370837 1.406299 0.72726  SA_HookPunch_SoClose
0.1680121 0.05353653 0.7386879 0.1022548 0.1409298 0.7245077 0.03590079 0.2576858 0.4106025 0.2539859 0.1936697 0.2021598 0.1749436 0.1297697 0.841679 0.2976981 0.313255 1.057186 0.3778506 0.1686515 0.7968596 0.1213393 0.2728201 0.8068575 0.005159276 0.7130691 0.8103026 -0.1109826 1.094256 0.9188503 -0.2220891 1.405056 1.027165 0.1109802 0.7016495 0.9625295 0.2072577 1.073141 0.8104509 0.2377114 1.40921 0.7245539  SA_HookPunch_SoClose
0.1728525 0.05493045 0.7407879 0.1063354 0.1417341 0.7259001 0.03603711 0.2597351 0.4106416 0.2528605 0.1936005 0.2015451 0.1788387 0.1316825 0.8432859 0.2979952 0.3182378 1.059715 0.3850983 0.1757268 0.8004698 0.1249539 0.2743213 0.8072313 0.007873015 0.7144299 0.8072137 -0.1131633 1.093999 0.9160813 -0.229286 1.402835 1.024752 0.1131316 0.7041044 0.9599079 0.210848 1.074722 0.8066176 0.2385171 1.411808 0.723822  SA_HookPunch_SoClose
0.1776114 0.05593085 0.74275 0.1102456 0.1421534 0.7275604 0.0363424 0.2608209 0.4117149 0.2547267 0.1917416 0.205211 0.1831376 0.1330835 0.8447856 0.2993168 0.3234411 1.06014 0.3912422 0.1810237 0.8025135 0.128811 0.2753446 0.8079103 0.01042827 0.7151749 0.8055304 -0.1155919 1.093235 0.9139918 -0.2361901 1.40049 1.022273 0.116283 0.7059804 0.9578847 0.2139135 1.076437 0.8041533 0.2391862 1.414295 0.7237715  SA_HookPunch_SoClose
0.1818088 0.05617857 0.7444023 0.1136313 0.1418874 0.7292031 0.03671326 0.2607919 0.4132532 0.2582276 0.1887298 0.2111491 0.1872266 0.1336144 0.8460473 0.3011285 0.3277832 1.059191 0.3960331 0.1842144 0.8032893 0.1323984 0.2755601 0.8087023 0.01258756 0.7150563 0.8049129 -0.1179085 1.09181 0.9126281 -0.242136 1.397876 1.020168 0.1196927 0.7068943 0.9564494 0.2162982 1.077651 0.802792 0.239714 1.416045 0.7241219  SA_HookPunch_SoClose
0.1859266 0.05577707 0.7462543 0.1169529 0.1409203 0.7315134 0.03657724 0.2601597 0.4164647 0.2613997 0.1824232 0.2202009 0.1918289 0.133487 0.847598 0.3049239 0.3317744 1.056544 0.400177 0.1852901 0.8024305 0.1361229 0.2750579 0.810129 0.01416089 0.7139741 0.8055757 -0.1198777 1.089807 0.9121498 -0.2456443 1.395723 1.018319 0.1234055 0.707127 0.9556431 0.2168684 1.079032 0.8028206 0.2391134 1.417605 0.7245821  SA_HookPunch_SoClose
0.1890065 0.05541492 0.7476686 0.1194452 0.1401217 0.7333802 0.0363852 0.2596225 0.4192346 0.2636149 0.1770664 0.2277702 0.1953998 0.1333297 0.848801 0.3081378 0.3347285 1.054154 0.4031399 0.1857109 0.8014239 0.1389545 0.2746042 0.8113202 0.0152206 0.7130252 0.8063525 -0.1212921 1.088218 0.9120368 -0.2477959 1.394228 1.017054 0.1262456 0.7072284 0.9551524 0.2169264 1.080157 0.8031501 0.2384501 1.418786 0.7249531  SA_HookPunch_SoClose
0.1926274 0.05456734 0.7500447 0.1222864 0.138685 0.7366155 0.03400882 0.2594789 0.4248708 0.2637032 0.1689649 0.2400593 0.2003129 0.1330161 0.8507079 0.3149186 0.3378639 1.050926 0.4068802 0.1862397 0.798622 0.1424272 0.2737479 0.8133825 0.01578804 0.711335 0.8081135 -0.1226137 1.086135 0.9127282 -0.2476534 1.393404 1.015804 0.1296998 0.7071728 0.9547704 0.2147799 1.082515 0.8054947 0.2362 1.421084 0.7270082  SA_HookPunch_SoClose
0.1952891 0.05387032 0.7518886 0.1243743 0.137544 0.739158 0.03195735 0.259436 0.429468 0.2631622 0.1626126 0.2498096 0.204043 0.1327652 0.8521508 0.3203351 0.3400811 1.048403 0.4096025 0.1866041 0.7962507 0.1450047 0.2730609 0.814989 0.01609399 0.7099812 0.8095735 -0.1235347 1.084537 0.913433 -0.2471651 1.392914 1.014885 0.1322318 0.7070888 0.9545053 0.212873 1.084353 0.8076309 0.2343071 1.422841 0.7287983  SA_HookPunch_SoClose
0.1977456 0.05278218 0.7548202 0.1259247 0.1358752 0.7431048 0.02725746 0.260166 0.4371709 0.2600791 0.1549351 0.2644628 0.2083769 0.1326108 0.8541373 0.329328 0.3423539 1.045812 0.4129435 0.1890335 0.7916359 0.147368 0.2721541 0.8173274 0.01505561 0.7080895 0.8120335 -0.1241788 1.082884 0.9155592 -0.2441186 1.393319 1.015149 0.1346099 0.7069946 0.9541849 0.2102392 1.086334 0.8100151 0.2328618 1.424328 0.7294134  SA_HookPunch_SoClose
0.2008639 0.05132008 0.759128 0.1275903 0.1335245 0.7489985 0.02046718 0.2618567 0.4492711 0.2549034 0.1452501 0.2863292 0.2142561 0.1325918 0.85682 0.3424267 0.3457918 1.041569 0.4174062 0.1936074 0.784037 0.1501911 0.2709475 0.8207268 0.01280351 0.705381 0.8159508 -0.1250662 1.080785 0.9190954 -0.2394357 1.394224 1.015788 0.137402 0.7069263 0.953698 0.2076125 1.088326 0.8122472 0.2311432 1.425837 0.7299026  SA_HookPunch_SoClose
0.2028147 0.0503515 0.7624649 0.128275 0.1318178 0.753672 0.01543619 0.2637838 0.4593805 0.2506065 0.1394007 0.3033956 0.218324 0.1327925 0.8586839 0.3523934 0.3486372 1.037797 0.4204476 0.1981711 0.7773498 0.1517355 0.270149 0.8233489 0.0103422 0.7033717 0.8192948 -0.1257328 1.079504 0.9221658 -0.2356666 1.39523 1.016538 0.1388852 0.7069618 0.9533299 0.2068456 1.088963 0.812404 0.2302767 1.426461 0.7299775  SA_HookPunch_SoClose
0.204584 0.04940701 0.765602 0.1287138 0.1300753 0.7583236 0.01095076 0.2671134 0.470508 0.2463178 0.1359107 0.3205217 0.2221879 0.1329858 0.8602613 0.3619275 0.3517287 1.033048 0.4230898 0.2029508 0.7699345 0.1529983 0.2693008 0.8259052 0.00756772 0.701271 0.8228902 -0.1263944 1.078321 0.9251751 -0.2320322 1.396281 1.016914 0.1400752 0.7069088 0.9529346 0.2061786 1.089543 0.8128446 0.2292643 1.427257 0.7312106  SA_HookPunch_SoClose
0.206856 0.0483017 0.7698253 0.1291161 0.12779 0.7648567 0.005794542 0.2708131 0.4860862 0.2415045 0.131027 0.3446358 0.2272577 0.1334302 0.8621897 0.3742839 0.3564991 1.025292 0.4259754 0.2098873 0.7589511 0.1544276 0.268241 0.82946 0.003404217 0.6984127 0.8282045 -0.1274277 1.076932 0.9291047 -0.2275362 1.397858 1.016618 0.1412906 0.706916 0.9523677 0.2053604 1.090368 0.8135756 0.2277895 1.428592 0.7338966  SA_HookPunch_SoClose
0.2083761 0.04746163 0.7734007 0.1291456 0.125939 0.7707046 0.001723306 0.2749604 0.5008286 0.2371435 0.128866 0.3653988 0.2312406 0.1338551 0.8637165 0.383941 0.3605802 1.017511 0.4274434 0.2157072 0.7487668 0.1553515 0.2673845 0.8327302 -0.0003351401 0.6959835 0.8335098 -0.128195 1.076017 0.9325117 -0.2240567 1.399317 1.015948 0.1421253 0.7069287 0.9521974 0.2041026 1.090952 0.8140372 0.2257349 1.429509 0.7355565  SA_HookPunch_SoClose
0.2096006 0.04682374 0.7765554 0.1291264 0.1243966 0.7760457 -0.001230819 0.2791333 0.5147728 0.233031 0.1267068 0.3844074 0.2346481 0.1343306 0.8649486 0.3920325 0.364289 1.009906 0.4280029 0.2209092 0.7392539 0.1560856 0.2667065 0.8357271 -0.003667695 0.6938778 0.8386363 -0.1288853 1.075314 0.9355968 -0.2212835 1.400629 1.015012 0.1427688 0.7069958 0.9521521 0.2029197 1.091449 0.8143786 0.223913 1.43025 0.7367862  SA_HookPunch_SoClose
0.2101272 0.04614723 0.7801031 0.1285114 0.1228154 0.7821993 -0.004765494 0.2844783 0.5313958 0.2276015 0.1258343 0.4051212 0.2377056 0.1348481 0.8662771 0.3998375 0.3678111 1.000834 0.4273516 0.2260852 0.7283248 0.1563809 0.2660199 0.8392648 -0.007481499 0.6916839 0.8449792 -0.1293036 1.07495 0.9390091 -0.2182675 1.402272 1.013973 0.1432627 0.7071044 0.9524029 0.2016497 1.091936 0.8149303 0.2218924 1.43109 0.7386874  SA_HookPunch_SoClose
0.2103049 0.04575014 0.7827009 0.1279674 0.1217908 0.7867588 -0.006898923 0.2883234 0.543775 0.2235785 0.1247612 0.4203447 0.2397007 0.135307 0.8671964 0.4049533 0.3702836 0.9939545 0.4262119 0.2297305 0.7202805 0.1564694 0.2656225 0.8419026 -0.01021056 0.6902119 0.8498305 -0.12959 1.074831 0.9414371 -0.2163175 1.403502 1.013041 0.1435264 0.7072672 0.9526681 0.2007949 1.092306 0.8153037 0.2205926 1.431707 0.7400545  SA_HookPunch_SoClose
0.201849 0.04480684 0.7980679 0.1168227 0.1184944 0.813949 -0.02348099 0.3066925 0.6162499 0.1917282 0.1186393 0.5003685 0.2409523 0.1385416 0.871631 0.4241986 0.3811677 0.9508981 0.4061591 0.2413331 0.6766261 0.1497694 0.2652131 0.8578686 -0.02551411 0.6860657 0.8813809 -0.131051 1.078233 0.9564909 -0.2069301 1.413266 1.008156 0.143085 0.7097817 0.9556335 0.1990914 1.09402 0.815534 0.2186884 1.434953 0.7475013  SA_HookPunch_SoClose
0.1952468 0.04518294 0.8034171 0.1098541 0.1186565 0.823357 -0.0320255 0.3111563 0.6396831 0.1777693 0.1167485 0.5243601 0.2372542 0.139913 0.8729013 0.4271247 0.383822 0.9355382 0.395115 0.2421621 0.6634859 0.1447607 0.2660254 0.8634161 -0.03006647 0.6868042 0.8927287 -0.1328372 1.080475 0.963693 -0.2070185 1.416598 1.010517 0.14252 0.7114906 0.956807 0.1994161 1.094756 0.8144187 0.2194275 1.436348 0.7499069  SA_HookPunch_SoClose
0.1911428 0.0455147 0.8064636 0.1057062 0.1190048 0.828494 -0.03709505 0.3131908 0.6516026 0.170329 0.116052 0.5366286 0.2346217 0.1407048 0.8737396 0.4278533 0.384992 0.9279617 0.3888601 0.2425722 0.6572207 0.1417098 0.2666575 0.8664836 -0.03233383 0.6875879 0.898724 -0.1339796 1.08192 0.9676059 -0.2076779 1.418414 1.012484 0.1421186 0.7126058 0.9573921 0.1995375 1.095288 0.8136533 0.219887 1.437225 0.7510976  SA_HookPunch_SoClose
0.1853996 0.04611135 0.8105763 0.100039 0.1197276 0.8352426 -0.04399298 0.3156588 0.6665367 0.1608381 0.1155274 0.5520853 0.2306922 0.14183 0.8749727 0.4280883 0.3863416 0.9186596 0.3804668 0.243104 0.6497368 0.1374788 0.2676909 0.8705395 -0.03511111 0.6889706 0.9063896 -0.1356084 1.084033 0.9727305 -0.2089863 1.420851 1.015658 0.1414946 0.7142563 0.9580868 0.1996259 1.096121 0.8124722 0.2205424 1.438482 0.752478  SA_HookPunch_SoClose
0.1795748 0.04675603 0.8147234 0.09439929 0.1205938 0.8417372 -0.0510516 0.3175334 0.6798366 0.1520677 0.115477 0.5657166 0.2264521 0.1429337 0.8763818 0.4274977 0.3874166 0.9109539 0.3726796 0.243929 0.6435393 0.1331624 0.2688019 0.8744868 -0.03774581 0.6905153 0.9134439 -0.1371321 1.086212 0.9776386 -0.2101099 1.423302 1.019093 0.1406109 0.715954 0.9586471 0.1994129 1.097073 0.8113588 0.2211043 1.439762 0.7535495  SA_HookPunch_SoClose
0.1740199 0.04719508 0.8186973 0.08909388 0.1213005 0.847762 -0.05781267 0.3187917 0.691502 0.1442515 0.1155753 0.5775689 0.2222408 0.1437583 0.8778418 0.4264279 0.3880477 0.9045991 0.3656369 0.2446492 0.6384305 0.1290258 0.2696958 0.8781761 -0.04014299 0.6918718 0.9197553 -0.1385119 1.08811 0.9821543 -0.2110636 1.425426 1.022502 0.1395908 0.7173762 0.9590853 0.1990199 1.097817 0.8103031 0.2216005 1.44075 0.7543095  SA_HookPunch_SoClose
0.1680142 0.04751718 0.8230737 0.08339716 0.121937 0.8542389 -0.06528638 0.3195683 0.7033828 0.1360232 0.11562 0.5894221 0.2175232 0.1444689 0.8795332 0.4247764 0.3885163 0.8985046 0.3582985 0.2453836 0.6335558 0.1244813 0.2705072 0.8821634 -0.04278259 0.6931814 0.9263514 -0.1399602 1.08998 0.9870309 -0.2118613 1.427611 1.025889 0.1381807 0.7187257 0.9595379 0.1982765 1.098505 0.8093394 0.2220208 1.441638 0.7550801  SA_HookPunch_SoClose
0.161965 0.04768717 0.8275441 0.07768454 0.1224515 0.8606771 -0.07317548 0.3197128 0.7144579 0.1279181 0.1157849 0.6000799 0.2125964 0.1450012 0.8813547 0.4226556 0.3887889 0.8933624 0.351359 0.2461432 0.6294049 0.1198156 0.271168 0.8861545 -0.04553358 0.6943353 0.9327096 -0.1413368 1.091691 0.9919099 -0.2123479 1.429722 1.028878 0.1364123 0.7198941 0.9599856 0.1971743 1.099118 0.8086571 0.2223079 1.442386 0.7558988  SA_HookPunch_SoClose
0.1534958 0.04776919 0.8339771 0.0697359 0.123047 0.8697141 -0.0842434 0.3194529 0.7292784 0.1166312 0.1158053 0.6140193 0.2054683 0.1455313 0.8841509 0.4190908 0.3889406 0.8871406 0.3418825 0.2468766 0.6245359 0.1131866 0.2719214 0.8918313 -0.04945813 0.6957914 0.9413737 -0.1432008 1.093897 0.998813 -0.2128323 1.432548 1.032587 0.1335055 0.7212809 0.9607681 0.195077 1.099782 0.8079633 0.222415 1.443116 0.7567562  SA_HookPunch_SoClose
0.1452041 0.04769218 0.8404464 0.06198945 0.1235061 0.8785485 -0.09524189 0.3186942 0.7429675 0.105558 0.1157081 0.6264185 0.198242 0.1458287 0.8871616 0.4150244 0.3888649 0.8822516 0.3329817 0.2472661 0.6208643 0.1065813 0.2724837 0.8974689 -0.05342464 0.6970485 0.9495667 -0.1449193 1.095874 1.005618 -0.2130484 1.435188 1.035587 0.1301829 0.722379 0.9617385 0.1923993 1.100269 0.8076872 0.2221504 1.443537 0.7573918  SA_HookPunch_SoClose
0.1387643 0.04757178 0.8456053 0.05601456 0.1238089 0.885342 -0.1037535 0.3179754 0.7529138 0.09689172 0.1155821 0.6350745 0.192497 0.1459256 0.8898848 0.4114442 0.3886777 0.879609 0.3264295 0.2470335 0.6191977 0.1013903 0.2728207 0.9019946 -0.0566412 0.6979246 0.9557236 -0.1460931 1.09727 1.011365 -0.2128715 1.437149 1.037763 0.1272559 0.7230538 0.9629291 0.1893392 1.100637 0.8080734 0.2209401 1.443733 0.7577356  SA_HookPunch_SoClose
0.132514 0.04740489 0.8507036 0.05024709 0.1240567 0.891951 -0.1119704 0.3172089 0.7623876 0.08848508 0.1154422 0.6431597 0.1868418 0.145933 0.8927087 0.4077409 0.3883804 0.8774794 0.3201236 0.2465147 0.6180538 0.09631987 0.2730776 0.9064711 -0.05980961 0.6987061 0.9616293 -0.1471479 1.098545 1.017089 -0.2126146 1.438948 1.039747 0.1242419 0.7235999 0.9642514 0.1859784 1.100943 0.8086733 0.2193747 1.443815 0.7579674  SA_HookPunch_SoClose
0.1261625 0.04719937 0.8559817 0.04442861 0.1242659 0.8986372 -0.1203266 0.3164514 0.7718223 0.07975157 0.1153671 0.6508206 0.1810472 0.1458342 0.8959121 0.4035128 0.3880271 0.8759722 0.3137362 0.2453698 0.6177214 0.09116413 0.2732604 0.9111766 -0.06306486 0.6994256 0.9675564 -0.147789 1.099797 1.023227 -0.211562 1.440771 1.041765 0.1210376 0.7240285 0.9659628 0.1815545 1.101295 0.8097214 0.2164812 1.443849 0.7579106  SA_HookPunch_SoClose
0.1182258 0.04688847 0.8626832 0.0372056 0.1244658 0.9069337 -0.130782 0.3155271 0.7833632 0.06856634 0.1153463 0.6596884 0.1737629 0.1455745 0.9003161 0.3976813 0.3875364 0.8749307 0.3058073 0.243205 0.6183528 0.0847242 0.2733841 0.9172338 -0.06718139 0.7002216 0.9748544 -0.1480214 1.101296 1.031237 -0.2091769 1.443006 1.044199 0.1168761 0.7244011 0.968552 0.1747888 1.101806 0.8116606 0.2111378 1.443861 0.7575759  SA_HookPunch_SoClose
0.1108027 0.04652512 0.8692321 0.0304503 0.1245981 0.9147342 -0.1403158 0.3148725 0.7939266 0.05815108 0.1154085 0.6677021 0.1669106 0.1451536 0.9050745 0.3913788 0.3871191 0.8751358 0.2986592 0.2402519 0.6203073 0.07872726 0.2733867 0.9232215 -0.07092492 0.7009181 0.9815553 -0.1491949 1.102805 1.035733 -0.208696 1.444921 1.045252 0.1130367 0.7245792 0.9715637 0.1678426 1.102338 0.8144087 0.205184 1.443829 0.7575063  SA_HookPunch_SoClose
0.1047227 0.04618502 0.8747362 0.02492161 0.1246736 0.9211558 -0.1480074 0.3144271 0.802514 0.04962857 0.1154933 0.674167 0.161282 0.1447179 0.9092678 0.3858329 0.3867886 0.8758477 0.2929212 0.2374237 0.6225461 0.07383116 0.2733271 0.9282779 -0.07393722 0.7014541 0.9869875 -0.1506534 1.104044 1.038082 -0.2091698 1.44638 1.045585 0.1099187 0.724633 0.9742893 0.1618834 1.102786 0.8171152 0.1997525 1.443766 0.7575625  SA_HookPunch_SoClose
0.0966977 0.04562235 0.8820804 0.01755353 0.1247137 0.9293703 -0.1575328 0.3144038 0.8131899 0.03913214 0.1160233 0.6825165 0.1538069 0.1439692 0.9151763 0.3773151 0.3867385 0.878188 0.285809 0.2335441 0.6266674 0.06735565 0.2731361 0.9349617 -0.07780556 0.70213 0.993615 -0.1531259 1.105653 1.039125 -0.2105434 1.44819 1.045858 0.1059345 0.7245457 0.9781665 0.1543276 1.103361 0.8214482 0.1925008 1.443672 0.7583674  SA_HookPunch_SoClose
0.09071185 0.04516399 0.8876027 0.01204129 0.1247218 0.935439 -0.1644353 0.3145612 0.8209947 0.03152748 0.1165529 0.6887115 0.1482135 0.143351 0.9197115 0.3705905 0.3868049 0.8803815 0.2806459 0.2306379 0.6301292 0.06252201 0.2729514 0.9399623 -0.08065681 0.7026108 0.9983953 -0.1551803 1.106776 1.039279 -0.211814 1.449444 1.045999 0.1029956 0.7244152 0.9811367 0.1487893 1.103768 0.8249372 0.1869257 1.443578 0.7591957  SA_HookPunch_SoClose
0.08533724 0.04467595 0.8926462 0.007042425 0.1246949 0.9406828 -0.1699645 0.315365 0.8274764 0.02554776 0.1175929 0.694177 0.1431668 0.1427754 0.9239348 0.3639139 0.3872179 0.8833307 0.2762611 0.228845 0.6336526 0.05808796 0.2727549 0.9443382 -0.08342789 0.7030147 1.002071 -0.1570706 1.107702 1.039214 -0.2126887 1.450517 1.046853 0.1001834 0.724274 0.9837278 0.1453488 1.103913 0.8280438 0.1840062 1.443168 0.7597808  SA_HookPunch_SoClose
0.08056451 0.04423273 0.8971523 0.002596991 0.124668 0.9453171 -0.174748 0.3161976 0.8331589 0.02038683 0.1186185 0.6990231 0.1386783 0.1422608 0.9277214 0.3578701 0.3876331 0.8861316 0.2724103 0.2274176 0.6368684 0.05413379 0.2725745 0.9482139 -0.08592503 0.7033629 1.005236 -0.1587725 1.10848 1.039115 -0.2134182 1.451429 1.047716 0.09765233 0.7241365 0.9860166 0.1425468 1.103998 0.8307976 0.1816928 1.442733 0.76027  SA_HookPunch_SoClose
0.07068755 0.04319942 0.9075454 -0.006613655 0.1245652 0.9554576 -0.1832394 0.3193983 0.8451947 0.01110532 0.122068 0.7095541 0.1294291 0.1412129 0.9366831 0.344863 0.3889712 0.8946193 0.264765 0.2269229 0.644761 0.04581549 0.2721797 0.9568294 -0.09168713 0.7040296 1.011075 -0.1629949 1.109919 1.038351 -0.2155742 1.453133 1.049 0.09190781 0.7238866 0.9910725 0.138601 1.103788 0.836481 0.1792395 1.441195 0.7606338  SA_HookPunch_SoClose
0.06674649 0.04277599 0.9120258 -0.01028316 0.1245371 0.959648 -0.1860362 0.3212186 0.8500484 0.007930474 0.1239256 0.7138137 0.1257769 0.1408061 0.940668 0.3396821 0.3896216 0.8990592 0.2617393 0.2277353 0.6484154 0.04249014 0.272033 0.960471 -0.09412806 0.704304 1.013119 -0.1649181 1.110449 1.037805 -0.2166879 1.453752 1.049522 0.08951803 0.7238088 0.9932388 0.1375638 1.103563 0.8387016 0.1789524 1.440356 0.7605642  SA_HookPunch_SoClose
0.06320639 0.04239786 0.9162787 -0.01357041 0.124532 0.9634942 -0.1880585 0.3232727 0.8544267 0.005499261 0.1259645 0.7176331 0.1225376 0.1404505 0.9445609 0.3351168 0.3902804 0.9038919 0.2589994 0.2292867 0.6521147 0.0395176 0.2719169 0.9638914 -0.09639601 0.7045693 1.014714 -0.1668184 1.110911 1.037113 -0.2178936 1.454272 1.050085 0.08733423 0.7237622 0.995314 0.1369966 1.103256 0.840649 0.1791861 1.43944 0.7603482  SA_HookPunch_SoClose
0.0595844 0.04204559 0.920669 -0.01693748 0.1245705 0.967409 -0.1899671 0.3254886 0.858837 0.003233688 0.1282151 0.7214898 0.1192355 0.1401113 0.9486297 0.3305641 0.3909605 0.9091624 0.2562817 0.2311779 0.6560692 0.03649338 0.2718318 0.9674138 -0.098684 0.7048836 1.01625 -0.1688336 1.111394 1.036329 -0.2192597 1.454795 1.050708 0.08514722 0.723738 0.9974846 0.136475 1.102929 0.8426203 0.1795057 1.438478 0.7601393  SA_HookPunch_SoClose
0.05648776 0.04177237 0.92459 -0.01983253 0.1246727 0.9707073 -0.1911164 0.3277353 0.8624085 0.001996951 0.1307013 0.7245954 0.1164554 0.1398225 0.9524497 0.3271207 0.3915205 0.9149283 0.254348 0.2338339 0.6600884 0.0339665 0.2717998 0.9705318 -0.1005332 0.7052479 1.017219 -0.1708566 1.111818 1.03538 -0.2210086 1.455186 1.051429 0.08344199 0.7237369 0.9995326 0.1362569 1.102545 0.844231 0.1800502 1.437557 0.7599872  SA_HookPunch_SoClose
0.0528995 0.04151893 0.9291247 -0.02319865 0.1248574 0.9744762 -0.1923121 0.3304045 0.8664049 0.0008166005 0.1336772 0.728176 0.1132317 0.1395392 0.9569134 0.323054 0.3923329 0.9218954 0.2521905 0.2372663 0.6649188 0.03104599 0.2718205 0.9741334 -0.1026278 0.7057332 1.018272 -0.1731515 1.112362 1.034205 -0.2229659 1.455679 1.052266 0.08151616 0.723779 1.001935 0.1359941 1.102119 0.8460678 0.1806518 1.436515 0.7598528  SA_HookPunch_SoClose
0.04877301 0.04136586 0.9342431 -0.02716653 0.1252689 0.9783982 -0.1929858 0.3337033 0.8698848 0.0008568336 0.1374781 0.7319416 0.1095112 0.139272 0.962262 0.3197891 0.3926028 0.9314836 0.2509277 0.2420321 0.6713089 0.02774914 0.2719828 0.9781436 -0.1046682 0.7065579 1.018932 -0.1753771 1.113246 1.03233 -0.2247293 1.456469 1.053216 0.07972939 0.7238861 1.004833 0.1357854 1.101522 0.8478225 0.1812726 1.435349 0.7598523  SA_HookPunch_SoClose
0.04475476 0.04141951 0.9389347 -0.03105102 0.1258708 0.9817952 -0.1933245 0.3368613 0.8721961 0.001875775 0.1411667 0.7354187 0.1058948 0.1391537 0.96742 0.3171431 0.3927186 0.9415292 0.2505829 0.2469754 0.6780275 0.02458693 0.2723125 0.9818128 -0.1064375 0.7075728 1.019252 -0.1769459 1.114372 1.03009 -0.2255859 1.457508 1.053872 0.07820494 0.7241124 1.007627 0.1358504 1.100895 0.8491496 0.1821667 1.434216 0.7597069  SA_HookPunch_SoClose
0.04193338 0.04158938 0.9420818 -0.0337824 0.1264223 0.9839786 -0.1934146 0.3390825 0.8733414 0.003031092 0.1437769 0.7377967 0.1033536 0.1391757 0.9710048 0.3154773 0.3927712 0.9488915 0.2507311 0.2506223 0.6829857 0.02238913 0.2726599 0.9842743 -0.1075724 0.708415 1.019335 -0.1777606 1.115314 1.028339 -0.2258124 1.458382 1.054221 0.07723017 0.7243632 1.009577 0.1360247 1.100466 0.8499101 0.1829354 1.433452 0.7595371  SA_HookPunch_SoClose
0.03908094 0.04189897 0.944815 -0.03650967 0.127084 0.9857725 -0.1935793 0.3411198 0.8736595 0.004498677 0.1462444 0.7398823 0.1008145 0.1392821 0.9743475 0.3139577 0.3927611 0.9562215 0.2514139 0.2539301 0.6880449 0.02022501 0.2731028 0.9864615 -0.1085655 0.7093613 1.019313 -0.1782187 1.11639 1.026411 -0.2255965 1.459393 1.054311 0.07638045 0.7246777 1.011443 0.1366073 1.100001 0.8504809 0.1842333 1.432662 0.7592872  SA_HookPunch_SoClose
0.03629907 0.04230869 0.9473089 -0.03915189 0.1278216 0.987367 -0.1937492 0.3430823 0.8736957 0.006032603 0.1486377 0.7418398 0.09833993 0.1394745 0.9774946 0.3124658 0.3927861 0.9633139 0.2522345 0.2570814 0.6930164 0.01813372 0.2736224 0.9884809 -0.1094711 0.7103671 1.019259 -0.178517 1.117528 1.024485 -0.2252431 1.460458 1.054316 0.07559456 0.7250593 1.013226 0.1373202 1.099585 0.8509787 0.1856849 1.43193 0.7590255  SA_HookPunch_SoClose
0.03161897 0.04315805 0.9507746 -0.04355172 0.1291758 0.9894775 -0.1941675 0.3461848 0.8728327 0.008335905 0.1520939 0.7446584 0.09417076 0.1399204 0.982107 0.3098314 0.3927666 0.97407 0.2537362 0.2609161 0.7009891 0.01464929 0.2746056 0.9913601 -0.1108274 0.7121517 1.019218 -0.1786865 1.11954 1.021347 -0.2243585 1.46235 1.05405 0.07439055 0.725764 1.015967 0.1390326 1.099014 0.8519257 0.1888608 1.430845 0.7589058  SA_HookPunch_SoClose
0.02650489 0.04429722 0.9540271 -0.04831795 0.1308318 0.9913853 -0.1946883 0.3495371 0.8713673 0.01053991 0.1555423 0.7474521 0.08959217 0.1405934 0.9866151 0.3067845 0.3927714 0.9848355 0.2553071 0.2640966 0.7093409 0.01086386 0.2758517 0.9941257 -0.1121735 0.7142531 1.019237 -0.1785973 1.121882 1.018061 -0.2232012 1.464549 1.053612 0.07315643 0.726667 1.018752 0.1411885 1.098589 0.8530749 0.1927337 1.429874 0.7590455  SA_HookPunch_SoClose
0.01898076 0.04553056 0.9575585 -0.05524169 0.132794 0.9935054 -0.1959847 0.3537188 0.8688492 0.01162292 0.1587124 0.7506155 0.08283044 0.1411314 0.9915541 0.3024296 0.3916026 0.9964317 0.2566353 0.2643256 0.7192897 0.005361097 0.2772042 0.997219 -0.1137765 0.7168419 1.019713 -0.1779395 1.124798 1.014237 -0.2209934 1.467334 1.052821 0.07165451 0.7274283 1.021901 0.1442298 1.097982 0.8550881 0.1982128 1.428586 0.7600406  SA_HookPunch_SoClose
0.01487006 0.04596317 0.9592546 -0.05902056 0.1336089 0.9947056 -0.1975721 0.3552629 0.867885 0.01073505 0.1596345 0.7519311 0.07910539 0.1411957 0.99375 0.3002071 0.3903743 1.000906 0.2567519 0.262659 0.7235883 0.002336638 0.2776921 0.9987172 -0.1146123 0.7179788 1.020224 -0.1773259 1.126125 1.012564 -0.2194062 1.468644 1.052364 0.07086141 0.7275819 1.023192 0.1454015 1.097773 0.8564419 0.2004925 1.4281 0.7610625  SA_HookPunch_SoClose
0.01070441 0.04629099 0.9608759 -0.06284933 0.1343173 0.995941 -0.1995612 0.3565001 0.8670768 0.00920059 0.1602128 0.7530712 0.07531895 0.141155 0.9957622 0.2980334 0.3888649 1.00465 0.2565946 0.2601849 0.7274708 -0.0007356237 0.2780703 1.000154 -0.1154429 0.7189987 1.02085 -0.1766007 1.127335 1.011048 -0.2176497 1.469855 1.051895 0.07007082 0.7276111 1.024318 0.1463766 1.097602 0.8579215 0.2024995 1.427685 0.7623028  SA_HookPunch_SoClose
