0.007710533 0.04648197 2.305143 -0.06559919 0.13478 2.339931 -0.2009753 0.3573321 2.20961 0.008096354 0.1605715 2.096997 0.07259424 0.1410798 2.340311 0.2964558 0.387725 2.350451 0.2564494 0.2583421 2.073389 -0.002943737 0.2782933 2.344292 -0.116036 0.719675 2.364412 -0.176069 1.128138 2.353077 -0.2163983 1.470653 2.39468 0.06950237 0.7275754 2.368241 0.1470762 1.097419 2.202104 0.2039463 1.427325 2.106316  SA_HookPunch_SoClose
0.003110366 0.04574955 2.307262 -0.06958847 0.134306 2.342565 -0.2054043 0.3550887 2.211208 0.003522055 0.157028 2.100622 0.0686226 0.1401689 2.341797 0.2951777 0.3846009 2.346768 0.2519225 0.2496518 2.072866 -0.006447716 0.277629 2.346106 -0.1179749 0.7194094 2.366019 -0.1763388 1.128068 2.353127 -0.2152711 1.470839 2.39395 0.06761093 0.7267423 2.3684 0.1452359 1.09694 2.203076 0.202633 1.426249 2.105564  SA_HookPunch_SoClose
-0.0001120995 0.04480624 2.308792 -0.07236962 0.1335421 2.344503 -0.2087647 0.3529487 2.212477 -5.881297E-05 0.1539297 2.103203 0.06584533 0.1391102 2.342804 0.2943092 0.3818283 2.34367 0.2483131 0.2428461 2.072243 -0.008903785 0.276736 2.347394 -0.1193414 0.7187899 2.367221 -0.17641 1.127597 2.353283 -0.2142693 1.470577 2.393349 0.0662709 0.7257295 2.368421 0.1439212 1.09633 2.204016 0.2016602 1.425245 2.105379  SA_HookPunch_SoClose
-0.006499512 0.0422467 2.31216 -0.07781695 0.1313311 2.348944 -0.2167712 0.3473266 2.215888 -0.009149833 0.14608 2.108647 0.06036421 0.1363773 2.344729 0.2927649 0.3749119 2.334937 0.239009 0.2271954 2.069617 -0.01378535 0.2742971 2.35015 -0.1220993 0.7168706 2.370144 -0.1759089 1.126053 2.35437 -0.2111185 1.469611 2.391813 0.06353255 0.723058 2.368119 0.1411913 1.094912 2.206572 0.1995295 1.422963 2.105445  SA_HookPunch_SoClose
-0.0109856 0.04007149 2.315108 -0.08152626 0.1293271 2.353084 -0.224212 0.3419461 2.219506 -0.01825528 0.1386007 2.113017 0.05656137 0.1340988 2.346281 0.2914371 0.3691766 2.326559 0.2300494 0.21521 2.0665 -0.0172262 0.2721766 2.352548 -0.1241714 0.7150815 2.372902 -0.1753751 1.124554 2.356012 -0.2084424 1.468637 2.390463 0.0614058 0.7208068 2.367435 0.1390008 1.094173 2.209385 0.1976635 1.421579 2.106369  SA_HookPunch_SoClose
-0.01938556 0.03558064 2.321473 -0.08825545 0.1250696 2.362369 -0.2401721 0.3303124 2.228658 -0.03890048 0.1219331 2.122945 0.04941591 0.1293579 2.349505 0.2887734 0.3562113 2.307795 0.2095046 0.190822 2.059869 -0.02365719 0.267711 2.357758 -0.1280582 0.7112151 2.378946 -0.1743837 1.12118 2.360037 -0.2032943 1.466286 2.387229 0.05712863 0.7161071 2.365402 0.1349789 1.092972 2.216019 0.1941175 1.419073 2.109207  SA_HookPunch_SoClose
-0.03374605 0.02649283 2.335863 -0.097818 0.1164362 2.385503 -0.279196 0.3032408 2.263043 -0.09425394 0.081604 2.154502 0.03675457 0.1200471 2.353652 0.2735042 0.328738 2.251209 0.14823 0.1329226 2.048559 -0.03442148 0.2587603 2.369209 -0.1341218 0.7031148 2.395522 -0.1731207 1.113671 2.373215 -0.1953347 1.460311 2.377773 0.04758712 0.7067843 2.357183 0.1257004 1.09233 2.232058 0.1804269 1.415421 2.114307  SA_HookPunch_SoClose
-0.03865216 0.02288079 2.341386 -0.09940152 0.1131138 2.395832 -0.2981095 0.2908928 2.287587 -0.1236735 0.06309712 2.1745 0.03189804 0.1167454 2.352421 0.2573009 0.3165792 2.216463 0.1128779 0.1028949 2.04739 -0.03796456 0.2554365 2.373238 -0.1356642 0.6999336 2.404767 -0.1725443 1.110543 2.37997 -0.1932201 1.457213 2.371828 0.04227879 0.7033777 2.351607 0.1215758 1.092539 2.239052 0.1714407 1.415286 2.118237  SA_HookPunch_SoClose
-0.04413007 0.01960993 2.347534 -0.09806435 0.1100886 2.40955 -0.3222333 0.2744051 2.333021 -0.1678126 0.03737795 2.21022 0.02537097 0.1142889 2.347234 0.217517 0.3027587 2.161692 0.05737551 0.06293595 2.052402 -0.04157154 0.2526622 2.377581 -0.1360712 0.6970243 2.419822 -0.1722552 1.107199 2.387855 -0.1935504 1.452913 2.361349 0.03286602 0.7007033 2.342698 0.1164395 1.092895 2.244693 0.1601348 1.417094 2.12539  SA_HookPunch_SoClose
-0.04703705 0.01946664 2.350391 -0.09357993 0.1098741 2.418568 -0.3346941 0.2646815 2.377618 -0.2011316 0.02175117 2.242513 0.02052506 0.1149435 2.340518 0.1718161 0.2979424 2.121014 0.01232334 0.0410049 2.060603 -0.04265521 0.252848 2.379761 -0.1334593 0.6967701 2.433005 -0.1748664 1.105606 2.391612 -0.201166 1.449957 2.354131 0.02514459 0.7012373 2.336432 0.110447 1.093487 2.240166 0.1552265 1.420505 2.129252  SA_HookPunch_SoClose
-0.04837922 0.02079296 2.351349 -0.08914606 0.1110162 2.423429 -0.337141 0.2617998 2.410686 -0.2199706 0.01642668 2.265184 0.01721223 0.1168382 2.335161 0.1361721 0.2978806 2.098427 -0.01779805 0.03250098 2.067261 -0.04255454 0.254339 2.380668 -0.1299567 0.6978409 2.442066 -0.1786558 1.105057 2.3933 -0.2103835 1.44847 2.35165 0.0204301 0.703065 2.333171 0.1038805 1.094538 2.232233 0.1522238 1.423379 2.128434  SA_HookPunch_SoClose
-0.04950969 0.02803075 2.349669 -0.07615726 0.117362 2.429375 -0.3195532 0.2711929 2.483168 -0.2491807 0.0284369 2.306462 0.009400802 0.1254429 2.320969 0.05199512 0.3081641 2.066594 -0.08297352 0.03134894 2.082755 -0.04054097 0.2617091 2.380017 -0.1186247 0.7039259 2.459773 -0.1910329 1.105153 2.39383 -0.234591 1.44718 2.351473 0.01153042 0.7113841 2.327465 0.08325548 1.100821 2.210854 0.1452232 1.432973 2.126694  SA_HookPunch_SoClose
-0.04985825 0.03689802 2.345516 -0.06604247 0.1253272 2.429216 -0.2899686 0.2905136 2.527917 -0.2661845 0.05877817 2.325827 0.002974646 0.1353208 2.309742 -0.004437787 0.323459 2.059558 -0.1222025 0.04027307 2.091831 -0.03875891 0.270506 2.377067 -0.1093162 0.7116554 2.468772 -0.2015421 1.106876 2.392158 -0.2507919 1.448508 2.352966 0.00594552 0.7208532 2.323405 0.06789918 1.109262 2.19809 0.1441338 1.441866 2.128732  SA_HookPunch_SoClose
-0.05021689 0.04646015 2.340749 -0.05797396 0.1341217 2.42655 -0.2576136 0.3119822 2.559449 -0.2811652 0.09782219 2.338795 -0.00266598 0.1457179 2.300282 -0.04514424 0.3401456 2.062115 -0.1502246 0.05228186 2.096712 -0.03744058 0.2799714 2.373193 -0.1015276 0.7202296 2.473599 -0.210784 1.109708 2.390268 -0.2627342 1.45138 2.355116 0.001629667 0.7308096 2.319495 0.05641534 1.118506 2.188752 0.1461714 1.449837 2.130344  SA_HookPunch_SoClose
-0.05049787 0.05437291 2.336652 -0.0521978 0.1414918 2.423327 -0.2293252 0.3296164 2.579771 -0.2923182 0.1348449 2.349112 -0.006916983 0.1542479 2.293234 -0.07151221 0.3539274 2.06786 -0.1696794 0.0632937 2.099476 -0.03653423 0.2878119 2.369608 -0.09571831 0.7274161 2.475807 -0.217928 1.112216 2.388808 -0.2708519 1.454087 2.357237 -0.001462622 0.7389774 2.316171 0.04820516 1.126105 2.181749 0.1484332 1.455633 2.13063  SA_HookPunch_SoClose
-0.05037318 0.06652951 2.329906 -0.04418639 0.1529441 2.416914 -0.1841844 0.3554164 2.604271 -0.3093044 0.2019492 2.367838 -0.01202373 0.1671927 2.283124 -0.1008342 0.375031 2.080298 -0.1952715 0.08226013 2.102007 -0.03492991 0.2998463 2.363297 -0.08777718 0.7385785 2.476361 -0.2284415 1.116185 2.385799 -0.2809911 1.458614 2.360205 -0.005389316 0.7514123 2.310381 0.03632249 1.137613 2.170693 0.1516622 1.463639 2.130059  SA_HookPunch_SoClose
-0.04955069 0.0765239 2.324034 -0.0380352 0.1624906 2.410902 -0.1462315 0.3731194 2.619686 -0.3200915 0.2641393 2.389462 -0.01488398 0.1776463 2.27536 -0.1168131 0.3919913 2.092108 -0.212761 0.09914052 2.103809 -0.03326235 0.3097274 2.357616 -0.08210193 0.7478921 2.47467 -0.2366246 1.119803 2.38313 -0.2874901 1.462853 2.363046 -0.00785218 0.7615376 2.304958 0.02686633 1.147139 2.161747 0.1535557 1.469863 2.129388  SA_HookPunch_SoClose
-0.04735593 0.08901525 2.31654 -0.03048663 0.1746329 2.403046 -0.09772216 0.3924443 2.632186 -0.3243507 0.3489411 2.427603 -0.01652579 0.1904243 2.266324 -0.1271919 0.4123787 2.106729 -0.2298743 0.1215866 2.105911 -0.03049682 0.3220767 2.350121 -0.07599334 0.7597861 2.47015 -0.247528 1.124215 2.378816 -0.2959567 1.467965 2.365973 -0.009841008 0.7740756 2.297172 0.01576741 1.159164 2.150699 0.1556697 1.477262 2.128584  SA_HookPunch_SoClose
-0.04422997 0.09954858 2.309814 -0.02403752 0.1850718 2.396107 -0.05667834 0.405623 2.637768 -0.3159399 0.4242823 2.471808 -0.01588689 0.2009124 2.258921 -0.1274674 0.4287599 2.116542 -0.2393553 0.1415625 2.106386 -0.02744864 0.3324856 2.343207 -0.07203172 0.7700406 2.463972 -0.2566004 1.128472 2.374326 -0.3017938 1.472857 2.368808 -0.01061098 0.7845473 2.289276 0.007039683 1.169463 2.141182 0.1573935 1.483258 2.127981  SA_HookPunch_SoClose
-0.04023151 0.10701 2.304808 -0.01904969 0.1926306 2.39123 -0.0289201 0.4136907 2.638865 -0.3030498 0.4755509 2.511846 -0.01270871 0.2080929 2.253906 -0.1197129 0.4391991 2.116872 -0.2397656 0.1554884 2.102731 -0.02417271 0.3398473 2.337922 -0.07041554 0.7774823 2.457507 -0.2624406 1.132352 2.369368 -0.3046522 1.477158 2.370349 -0.009793563 0.7918743 2.282523 0.002340036 1.176808 2.133921 0.1587961 1.487821 2.127572  SA_HookPunch_SoClose
-0.0349348 0.114567 2.29958 -0.01373283 0.2003474 2.386378 -0.0009522866 0.4209839 2.637505 -0.2804703 0.5242174 2.558006 -0.007512672 0.2152181 2.248983 -0.1066407 0.4486281 2.111183 -0.2354224 0.1688917 2.094835 -0.02007656 0.347265 2.33238 -0.06970589 0.7850897 2.449577 -0.2679075 1.136868 2.362729 -0.3065965 1.48198 2.371407 -0.007937951 0.7991812 2.27497 -0.00138752 1.184047 2.125843 0.1604962 1.492332 2.127366  SA_HookPunch_SoClose
-0.02831529 0.121524 2.294507 -0.008371038 0.2075132 2.381988 0.02457811 0.4265385 2.634237 -0.2497131 0.5648417 2.60696 -8.569466E-05 0.2215946 2.244618 -0.08762358 0.4557837 2.098627 -0.2249248 0.1801591 2.081778 -0.01518957 0.3540308 2.326971 -0.07009713 0.7921337 2.440351 -0.2724899 1.14171 2.35428 -0.3075704 1.48687 2.371827 -0.004785461 0.8057488 2.267 -0.003489299 1.19041 2.117208 0.1623745 1.496405 2.127419  SA_HookPunch_SoClose
-0.01881932 0.1279951 2.290312 -0.002943499 0.214241 2.378727 0.04526134 0.4301138 2.629905 -0.2138057 0.5948684 2.659019 0.01223488 0.2273363 2.241849 -0.05766759 0.4576637 2.071227 -0.2011266 0.1849865 2.058147 -0.008501334 0.3602374 2.322203 -0.07265215 0.7987475 2.428579 -0.2743723 1.14839 2.341206 -0.3055784 1.49321 2.36947 0.001594918 0.8115937 2.258803 -0.003040595 1.19529 2.106622 0.1631205 1.500583 2.127473  SA_HookPunch_SoClose
-0.001712603 0.1346906 2.283755 0.004129009 0.2210461 2.373018 0.0645525 0.427111 2.621754 -0.153426 0.6197644 2.724114 0.03561803 0.2333707 2.238876 0.006754177 0.4464682 2.016623 -0.1454901 0.1782848 2.014699 0.002971428 0.36648 2.314807 -0.07878034 0.8049185 2.407936 -0.2724102 1.158704 2.318954 -0.299312 1.501696 2.36698 0.0150633 0.8174876 2.248133 -0.0002827476 1.198099 2.089063 0.1593008 1.505395 2.125804  SA_HookPunch_SoClose
0.02044679 0.1350271 2.272215 0.008756356 0.2206215 2.359629 0.0564902 0.4095387 2.6116 -0.1168185 0.619609 2.756314 0.06649186 0.2347003 2.234706 0.1238827 0.4067132 1.959743 -0.05115316 0.1529272 1.967452 0.01632036 0.3664876 2.303002 -0.08885388 0.8026987 2.380136 -0.2645877 1.166982 2.296531 -0.2882955 1.505843 2.36923 0.03415867 0.8184202 2.241853 0.01247777 1.192724 2.069139 0.1563159 1.506192 2.117055  SA_HookPunch_SoClose
0.03940095 0.1266608 2.255843 0.009641128 0.2106557 2.337687 0.02042134 0.3851041 2.596749 -0.1402044 0.5989081 2.750355 0.09265383 0.2284687 2.228467 0.2558153 0.3613522 1.959991 0.04770019 0.1349111 1.937254 0.02661486 0.3579212 2.287036 -0.09792225 0.7908399 2.350276 -0.2531926 1.168152 2.286235 -0.2822392 1.502189 2.377063 0.05044319 0.811677 2.24048 0.0336711 1.18171 2.058277 0.1546841 1.504387 2.108108  SA_HookPunch_SoClose
0.05186876 0.1156759 2.241603 0.009302216 0.1981984 2.316763 -0.01833032 0.3643086 2.57745 -0.1854218 0.5739506 2.729891 0.1096443 0.2190723 2.223849 0.3446923 0.331342 1.998511 0.1224818 0.1301063 1.926185 0.03328427 0.3467191 2.273091 -0.1026004 0.7773684 2.325289 -0.2424273 1.163757 2.283731 -0.2810943 1.494408 2.382968 0.06108423 0.8017355 2.240938 0.05277802 1.170338 2.055286 0.1537424 1.500521 2.100377  SA_HookPunch_SoClose
0.06489106 0.09844244 2.221496 0.007449226 0.1791166 2.284326 -0.08334838 0.3365303 2.535685 -0.2751098 0.5341797 2.674501 0.1272029 0.2033721 2.219457 0.421501 0.3109237 2.082596 0.213364 0.1378523 1.934848 0.04029914 0.3291836 2.253642 -0.1043678 0.7583719 2.290497 -0.2206848 1.154609 2.284068 -0.2749602 1.481759 2.387514 0.07358719 0.7849321 2.244366 0.0805548 1.153618 2.058825 0.1542617 1.492528 2.089736  SA_HookPunch_SoClose
0.07631607 0.07658339 2.191834 0.005160945 0.1563841 2.234064 -0.176813 0.3013393 2.444591 -0.4124247 0.4832485 2.525236 0.1399325 0.1811111 2.215026 0.4450333 0.3067565 2.205134 0.304091 0.1476494 1.981696 0.0475467 0.3070496 2.227425 -0.09611647 0.7379177 2.249374 -0.1826082 1.139389 2.293131 -0.2494081 1.465743 2.391644 0.08802082 0.7609139 2.25751 0.1170079 1.130138 2.075201 0.1607779 1.47558 2.076638  SA_HookPunch_SoClose
0.08241196 0.06361675 2.16794 0.006958799 0.1449666 2.195088 -0.2349937 0.2796793 2.355209 -0.4912342 0.4512694 2.357463 0.1429995 0.1650877 2.210099 0.4198714 0.3081338 2.279464 0.3464384 0.1509464 2.024506 0.05370863 0.2938329 2.209018 -0.08225004 0.7276645 2.228228 -0.1586077 1.126032 2.305992 -0.2249827 1.45212 2.405667 0.09732784 0.7435562 2.272958 0.1400864 1.113417 2.094693 0.1694123 1.459594 2.071265  SA_HookPunch_SoClose
0.08862616 0.05504763 2.149032 0.01287498 0.1386521 2.16611 -0.2699928 0.2659935 2.271413 -0.5239296 0.4231572 2.194451 0.1448987 0.1525872 2.205005 0.3894537 0.3099421 2.321978 0.3671355 0.1541036 2.056797 0.06109299 0.2846682 2.196027 -0.06785469 0.7206771 2.217408 -0.1476604 1.113419 2.317204 -0.2142114 1.438817 2.418994 0.1044508 0.7297871 2.286178 0.156309 1.101732 2.114798 0.1805357 1.446285 2.070709  SA_HookPunch_SoClose
0.1024072 0.04400098 2.120553 0.02946897 0.13199 2.125983 -0.2928165 0.2472786 2.102955 -0.475125 0.359082 1.880759 0.1487258 0.1330147 2.196083 0.3356443 0.3155169 2.362663 0.3802026 0.1591377 2.100624 0.07674016 0.2712454 2.179965 -0.04243712 0.7095082 2.210276 -0.1361836 1.094473 2.326844 -0.209567 1.417203 2.432363 0.1150631 0.7072843 2.308715 0.1759396 1.084673 2.152909 0.201642 1.423233 2.075682  SA_HookPunch_SoClose
0.113305 0.03832591 2.10536 0.04207231 0.128378 2.107502 -0.2640891 0.2319887 1.968536 -0.3338274 0.2863221 1.673084 0.1520242 0.1207494 2.191106 0.3082021 0.3204004 2.372255 0.3743488 0.1633484 2.115226 0.08783431 0.2626487 2.17397 -0.02711575 0.7013193 2.211404 -0.1252312 1.087278 2.320874 -0.209226 1.406925 2.427855 0.1223127 0.6932352 2.321438 0.184001 1.075599 2.178624 0.2157595 1.408854 2.082809  SA_HookPunch_SoClose
0.1211544 0.03592825 2.096062 0.04838963 0.1256727 2.098569 -0.1854908 0.2129818 1.849129 -0.121006 0.2194462 1.547621 0.1535688 0.1131195 2.187547 0.3013532 0.3156319 2.373543 0.3593896 0.1695439 2.108223 0.09366627 0.2569574 2.171061 -0.01834224 0.6958995 2.212562 -0.1166181 1.084503 2.312079 -0.2047922 1.404723 2.413857 0.1286428 0.6851566 2.325618 0.1900428 1.072245 2.196018 0.2282247 1.402872 2.093667  SA_HookPunch_SoClose
0.1242469 0.03731179 2.088784 0.04995747 0.1263317 2.090162 -0.09205894 0.2034484 1.788469 0.07794268 0.1954615 1.531286 0.1512072 0.111797 2.183299 0.3067316 0.3008932 2.37351 0.3442753 0.1688148 2.097376 0.09340383 0.2563863 2.165918 -0.01548104 0.6962625 2.20724 -0.1119692 1.086878 2.300431 -0.1996659 1.408996 2.396468 0.1285377 0.6832615 2.323821 0.1948716 1.07074 2.197869 0.2373052 1.401263 2.096867  SA_HookPunch_SoClose
0.1300628 0.0407027 2.080182 0.05830087 0.1300187 2.077354 -0.0220872 0.209466 1.766621 0.2097295 0.1864136 1.56454 0.1513419 0.1141585 2.178493 0.307229 0.2900995 2.375216 0.3363276 0.158363 2.097902 0.0959958 0.25923 2.157506 -0.0116611 0.7000163 2.194641 -0.1076308 1.090507 2.288883 -0.1950397 1.412887 2.3843 0.123259 0.684256 2.321329 0.1953764 1.069645 2.192185 0.2373988 1.40122 2.094511  SA_HookPunch_SoClose
0.1454869 0.04636788 2.075801 0.07891192 0.135716 2.066908 0.02193923 0.2338681 1.757115 0.2621972 0.1836419 1.570404 0.1595344 0.120364 2.17827 0.3015742 0.2949946 2.38375 0.3469101 0.1508918 2.114894 0.1062372 0.2651291 2.15085 -0.004868908 0.7059991 2.174732 -0.1056357 1.093375 2.27652 -0.199146 1.412128 2.378136 0.1139028 0.6902148 2.316668 0.1973273 1.069182 2.175856 0.236734 1.401824 2.080756  SA_HookPunch_SoClose
0.1565272 0.04993951 2.077528 0.09138943 0.138566 2.065687 0.0328274 0.248178 1.754722 0.2617029 0.1885194 1.556822 0.1666576 0.1249061 2.180949 0.2988011 0.3030924 2.39163 0.360539 0.1553165 2.128087 0.113529 0.2689468 2.14966 -0.0002884101 0.7095361 2.163197 -0.1072338 1.094098 2.269259 -0.2081982 1.409209 2.375022 0.1103404 0.6955755 2.31175 0.2009436 1.07047 2.164616 0.2369194 1.404511 2.073125  SA_HookPunch_SoClose
0.1689228 0.05382836 2.082195 0.1030223 0.1411117 2.067882 0.03592404 0.2581023 1.753702 0.253762 0.193671 1.545128 0.1756764 0.1301599 2.185093 0.29776 0.3142238 2.40078 0.37922 0.170001 2.140648 0.1220184 0.2731336 2.150041 0.005665855 0.7133573 2.152836 -0.1113955 1.094245 2.261444 -0.223444 1.404683 2.369828 0.1113814 0.7021437 2.305152 0.2079259 1.073472 2.152844 0.2378583 1.409735 2.067525  SA_HookPunch_SoClose
0.1750599 0.05542541 2.084849 0.1081889 0.1419563 2.06967 0.03612288 0.2604786 1.753924 0.2526303 0.1933626 1.544813 0.1806531 0.1324028 2.187122 0.2981934 0.3204182 2.403793 0.3883046 0.1787473 2.145116 0.1266306 0.2748537 2.150534 0.009115892 0.7148825 2.149014 -0.1141718 1.093701 2.257968 -0.2325522 1.401647 2.366733 0.114209 0.7050606 2.301856 0.2124736 1.07533 2.148077 0.2388909 1.412853 2.066663  SA_HookPunch_SoClose
0.1805594 0.05618846 2.087024 0.1126231 0.1420509 2.071826 0.0366015 0.2608849 1.7559 0.2571788 0.1896785 1.552472 0.1860091 0.1335405 2.188785 0.3005938 0.3265804 2.402593 0.3946124 0.1833442 2.146179 0.1313303 0.2755805 2.15158 0.01194479 0.7151772 2.148209 -0.1172215 1.092327 2.256138 -0.240371 1.398754 2.363891 0.118678 0.7067077 2.299991 0.2155864 1.077376 2.146312 0.2395517 1.415612 2.067131  SA_HookPunch_SoClose
0.1863603 0.05572784 2.089566 0.1173033 0.1408097 2.074889 0.03654893 0.2600864 1.759966 0.2617171 0.1816674 1.564371 0.1923316 0.1334666 2.190881 0.3053806 0.3321954 2.399322 0.4005955 0.1853517 2.145402 0.1365215 0.2749958 2.153409 0.01430996 0.7138428 2.148797 -0.1200767 1.089588 2.255241 -0.2459457 1.395519 2.361247 0.1238064 0.7071435 2.298687 0.2168752 1.079194 2.145978 0.2390174 1.417776 2.067746  SA_HookPunch_SoClose
0.190253 0.0551883 2.091485 0.1204369 0.139704 2.077441 0.03590437 0.2594947 1.763906 0.2640496 0.1745753 1.574576 0.1969783 0.1332402 2.192492 0.3099968 0.3358557 2.396224 0.4043909 0.1858871 2.143828 0.1401273 0.2743587 2.155037 0.01552321 0.7125325 2.149935 -0.1218005 1.087531 2.255258 -0.2481662 1.393791 2.359711 0.1274169 0.7072352 2.298101 0.2165361 1.080806 2.146753 0.2379114 1.419435 2.068516  SA_HookPunch_SoClose
0.1954298 0.05383337 2.095097 0.1244851 0.1374838 2.082404 0.03185101 0.2594333 1.772824 0.2631292 0.1622753 1.59344 0.2042399 0.1327518 2.195337 0.3206184 0.3401972 2.391379 0.4097444 0.1866229 2.139236 0.1451408 0.2730244 2.158185 0.01611038 0.7099094 2.152763 -0.1235835 1.084451 2.256583 -0.2471416 1.392887 2.357947 0.1323648 0.7070841 2.297602 0.2127741 1.084448 2.150857 0.2342078 1.422931 2.072004  SA_HookPunch_SoClose
0.1991376 0.05216801 2.09962 0.1268031 0.1349279 2.088502 0.02459599 0.2605902 1.784823 0.2581042 0.1504103 1.616176 0.2108464 0.1325452 2.198358 0.3344893 0.3436588 2.387345 0.4147585 0.1904753 2.13201 0.1486983 0.2716458 2.16178 0.01442756 0.7070026 2.156607 -0.1245342 1.081949 2.259948 -0.242366 1.393567 2.358355 0.1359251 0.7069447 2.297106 0.2087784 1.087426 2.154524 0.2320672 1.425101 2.072786  SA_HookPunch_SoClose
0.2023445 0.05057585 2.10478 0.128104 0.1322192 2.095663 0.01660349 0.2633327 1.800055 0.2516585 0.1408598 1.642393 0.2173533 0.132737 2.201358 0.3500286 0.3479487 2.381846 0.4197546 0.1970803 2.122074 0.1513656 0.2703342 2.165833 0.01092692 0.7038491 2.161593 -0.1255733 1.079807 2.264541 -0.2365503 1.39499 2.3595 0.1385372 0.7069498 2.296529 0.2070225 1.088813 2.155483 0.2304698 1.426317 2.073086  SA_HookPunch_SoClose
0.2046469 0.04936945 2.108831 0.1287217 0.1300045 2.101617 0.01078899 0.2672913 1.814091 0.2461539 0.1358531 1.664308 0.2223336 0.1329921 2.203427 0.3622911 0.3518579 2.375944 0.4231845 0.2031473 2.112731 0.1530384 0.2692649 2.169116 0.0074472 0.7011847 2.166151 -0.1264207 1.078277 2.268404 -0.2318911 1.396324 2.360033 0.1401132 0.7069033 2.29603 0.2061553 1.089564 2.155983 0.2292192 1.427294 2.074412  SA_HookPunch_SoClose
0.2080986 0.0476265 2.115796 0.1291614 0.1263086 2.112617 0.002501624 0.27397 1.840809 0.2380775 0.1291529 1.704282 0.2304587 0.133768 2.206534 0.3820476 0.3597572 2.362287 0.4272264 0.2145351 2.094007 0.1551847 0.2675563 2.175168 0.0004319121 0.696476 2.175491 -0.1280481 1.076187 2.274924 -0.224739 1.399017 2.359219 0.1419681 0.7069285 2.295323 0.2043859 1.090843 2.15706 0.2261886 1.429339 2.078361  SA_HookPunch_SoClose
0.2099466 0.0466243 2.120761 0.1290748 0.1238931 2.121036 -0.002182765 0.280604 1.862836 0.2315207 0.12593 1.734126 0.2357505 0.1345127 2.20847 0.3946689 0.3655323 2.350274 0.4279982 0.2226582 2.079016 0.1562907 0.2664945 2.179899 -0.004820688 0.6931763 2.183611 -0.1290989 1.075121 2.279777 -0.2203791 1.401098 2.357755 0.1429607 0.7070355 2.29528 0.2025283 1.091618 2.157615 0.2233188 1.430506 2.080349  SA_HookPunch_SoClose
0.2095729 0.04526865 2.129422 0.1263899 0.1205685 2.136233 -0.01035748 0.2933584 1.904134 0.2171469 0.1235958 1.783593 0.2414408 0.135944 2.211493 0.4109841 0.3732442 2.327296 0.4233012 0.2337768 2.052521 0.1558542 0.2651956 2.188727 -0.01401888 0.6885155 2.200007 -0.1296426 1.075141 2.28791 -0.2132336 1.405607 2.354831 0.143658 0.7075841 2.296319 0.1998759 1.092736 2.158837 0.2192503 1.432505 2.085152  SA_HookPunch_SoClose
0.2069785 0.04477096 2.135098 0.1227601 0.1191225 2.146273 -0.01532416 0.3016405 1.93216 0.20599 0.12253 1.81364 0.2425065 0.1370611 2.213178 0.4184578 0.3773177 2.311522 0.4163921 0.238575 2.036113 0.1537868 0.2648646 2.194618 -0.01979904 0.6866 2.211571 -0.1297757 1.076252 2.293128 -0.2089632 1.409227 2.352548 0.1434996 0.7083548 2.297373 0.1989659 1.093328 2.159089 0.218147 1.433654 2.087966  SA_HookPunch_SoClose
0.2029745 0.04475653 2.139966 0.1180781 0.1185548 2.154913 -0.02188019 0.3057097 1.953987 0.1946106 0.1194228 1.837641 0.2413955 0.1382216 2.214438 0.4232441 0.3804295 2.297506 0.4083647 0.240867 2.022906 0.1506419 0.2650928 2.199712 -0.02442656 0.6860803 2.221915 -0.1307397 1.077801 2.298248 -0.2071608 1.412483 2.351369 0.1431869 0.7094515 2.298473 0.1990495 1.093865 2.158799 0.2185431 1.434678 2.090135  SA_HookPunch_SoClose
0.1944431 0.0452708 2.147199 0.1090213 0.1187191 2.167642 -0.03295557 0.3116983 1.985679 0.1761028 0.1164322 1.870469 0.2367862 0.1401181 2.216176 0.4273838 0.3841679 2.276733 0.3936811 0.2422721 2.005009 0.1441504 0.2661649 2.207221 -0.03059821 0.6869387 2.23724 -0.1330719 1.080781 2.307684 -0.207088 1.417023 2.353907 0.1424354 0.7117376 2.300057 0.1994497 1.094867 2.157351 0.2195367 1.43653 2.09324  SA_HookPunch_SoClose
0.1796917 0.04674578 2.157753 0.09451164 0.1205779 2.184724 -0.05090592 0.3175057 2.022705 0.1522343 0.1154718 1.908582 0.2265399 0.142915 2.219464 0.4275168 0.3874012 2.254198 0.3728245 0.243911 1.986759 0.1332494 0.2687819 2.217522 -0.03769455 0.6904859 2.256424 -0.1371036 1.086171 2.320656 -0.2100913 1.423256 2.362134 0.1406313 0.7159229 2.301749 0.1994204 1.097056 2.154491 0.2210946 1.439739 2.096642  SA_HookPunch_SoClose
0.1677252 0.04752672 2.166396 0.08312298 0.1219629 2.197655 -0.06566833 0.3195764 2.047019 0.1356321 0.1156305 1.933038 0.2172898 0.1444963 2.22273 0.424681 0.3885332 2.241374 0.3579733 0.2454249 1.976469 0.1242587 0.2705404 2.225464 -0.0429155 0.6932379 2.269766 -0.1400252 1.090064 2.330376 -0.2118812 1.427714 2.369143 0.1380988 0.7187837 2.302671 0.1982251 1.098539 2.152423 0.2220327 1.441679 2.098238  SA_HookPunch_SoClose
0.1530175 0.0477674 2.177457 0.06928672 0.1230761 2.213329 -0.08488445 0.3194114 2.07317 0.1159861 0.1158015 1.957837 0.2050555 0.1455525 2.227432 0.4188664 0.3889439 2.229974 0.3413806 0.2469093 1.967435 0.1128066 0.2719573 2.235264 -0.04968892 0.6958668 2.284956 -0.1432993 1.094014 2.342318 -0.2128381 1.432706 2.375875 0.1333192 0.7213487 2.303937 0.194925 1.099818 2.151066 0.2223971 1.44315 2.099917  SA_HookPunch_SoClose
0.1379095 0.04755199 2.189409 0.05522366 0.1238457 2.229352 -0.1048825 0.3178728 2.097311 0.09573705 0.1155635 1.979284 0.1917275 0.1459309 2.233378 0.4109469 0.3886451 2.222431 0.3255782 0.2469734 1.962151 0.100698 0.2728595 2.245715 -0.05707572 0.6980348 2.299642 -0.1462384 1.097448 2.355261 -0.21283 1.437403 2.381152 0.126849 0.7231331 2.306222 0.1888821 1.100685 2.151271 0.2207255 1.443753 2.100888  SA_HookPunch_SoClose
0.1264163 0.04720807 2.198881 0.04466029 0.1242583 2.241486 -0.1199904 0.3164799 2.114569 0.08011033 0.1153673 1.993652 0.181279 0.1458409 2.238884 0.4036964 0.3880401 2.219118 0.3139863 0.2454355 1.960815 0.09136982 0.2732549 2.254096 -0.06293289 0.6993986 2.310435 -0.1477802 1.099748 2.36608 -0.2116384 1.440696 2.384795 0.121169 0.7240146 2.308992 0.18177 1.101276 2.152772 0.2166492 1.443847 2.101033  SA_HookPunch_SoClose
0.1187872 0.04691267 2.205318 0.03771516 0.1244537 2.249455 -0.1300462 0.3155937 2.125651 0.06935544 0.115348 2.002168 0.1742804 0.1455959 2.243114 0.3980999 0.3875757 2.218116 0.3063753 0.2433642 1.961417 0.08518036 0.273378 2.259915 -0.06689076 0.7001677 2.31745 -0.1480074 1.101193 2.373786 -0.2093447 1.442855 2.387148 0.1171738 0.724378 2.311481 0.1752692 1.101774 2.154634 0.2115216 1.443864 2.100714  SA_HookPunch_SoClose
0.1108814 0.04652953 2.212273 0.03052207 0.1245971 2.257763 -0.1402159 0.3148782 2.136928 0.05826141 0.1154077 2.010731 0.1669834 0.145159 2.248132 0.3914503 0.3871231 2.218239 0.2987331 0.2402885 1.963391 0.07879068 0.2733874 2.266268 -0.07088582 0.700911 2.324597 -0.1491764 1.102789 2.378814 -0.2086905 1.444901 2.388359 0.1130768 0.7245783 2.314641 0.1679199 1.102332 2.157486 0.2052532 1.443829 2.100617  SA_HookPunch_SoClose
0.1034271 0.0461092 2.219028 0.02374573 0.1246867 2.265643 -0.1496405 0.3143311 2.14747 0.04781337 0.1155114 2.018667 0.16008 0.1446207 2.253279 0.3846426 0.3867121 2.219115 0.2916891 0.2368146 1.966143 0.0727876 0.2733104 2.272471 -0.07457773 0.7015642 2.331257 -0.1509719 1.104299 2.381689 -0.2092846 1.446678 2.38876 0.1092506 0.7246388 2.317981 0.1606124 1.102876 2.160811 0.1985695 1.443745 2.100686  SA_HookPunch_SoClose
0.09710784 0.04565346 2.224815 0.0179316 0.1247127 2.272068 -0.1570587 0.3143935 2.15577 0.03965338 0.1159875 2.025206 0.1541899 0.144011 2.257978 0.3777748 0.3867332 2.221151 0.2861624 0.2337439 1.969545 0.06768693 0.2731482 2.277732 -0.07760994 0.7020962 2.336399 -0.1529875 1.105572 2.382226 -0.2104583 1.448101 2.388959 0.1061354 0.7245536 2.321074 0.1547074 1.103332 2.164323 0.1928755 1.443677 2.101424  SA_HookPunch_SoClose
0.09026475 0.04512954 2.231129 0.0116299 0.1247224 2.279006 -0.1649498 0.3145734 2.164692 0.03095962 0.1165931 2.032288 0.1477953 0.1433043 2.263164 0.3700868 0.3868091 2.223659 0.2802595 0.230422 1.973502 0.06216099 0.2729372 2.283449 -0.08086966 0.7026461 2.341865 -0.1553365 1.106857 2.382401 -0.2119113 1.449534 2.389121 0.1027755 0.7244046 2.324471 0.1483758 1.103797 2.168312 0.1865013 1.44357 2.10237  SA_HookPunch_SoClose
0.07996137 0.04417729 2.240835 0.002035337 0.1246653 2.289016 -0.1753511 0.3163042 2.176991 0.01973517 0.1187496 2.042748 0.1381107 0.1421962 2.271313 0.3571053 0.3876853 2.229599 0.2719238 0.2272403 1.980389 0.05363395 0.2725521 2.291816 -0.08624075 0.7034069 2.348747 -0.1589892 1.108577 2.382214 -0.2135105 1.451542 2.390936 0.09733196 0.7241188 2.329418 0.1421932 1.104009 2.174258 0.1813948 1.442677 2.103443  SA_HookPunch_SoClose
0.07349856 0.0434984 2.247603 -0.003991289 0.1245935 2.295635 -0.1809601 0.3183477 2.184861 0.01361032 0.1209631 2.049624 0.1320576 0.1415049 2.277143 0.3486106 0.3885467 2.235073 0.2669161 0.2268324 1.985515 0.04819496 0.2722895 2.297436 -0.0899934 0.7038422 2.352591 -0.1617322 1.109526 2.381732 -0.2149084 1.452665 2.391794 0.09358819 0.7239518 2.332717 0.1395562 1.103881 2.177979 0.1797211 1.441694 2.103702  SA_HookPunch_SoClose
0.06825091 0.0429461 2.253328 -0.008885844 0.1245478 2.301123 -0.1851651 0.320352 2.191294 0.008976834 0.1230631 2.055303 0.1271536 0.1409657 2.282123 0.3416201 0.3893459 2.240111 0.2628958 0.227084 1.989955 0.04375382 0.2720904 2.302127 -0.09316246 0.7041968 2.355551 -0.1641062 1.110255 2.381211 -0.2161655 1.453531 2.392392 0.09044726 0.7238346 2.335467 0.1378043 1.103698 2.180986 0.1788567 1.440745 2.10377  SA_HookPunch_SoClose
0.064546 0.04253721 2.257782 -0.01232658 0.1245306 2.305151 -0.1872978 0.3224931 2.195884 0.006414013 0.1251915 2.059299 0.1237634 0.1405816 2.286201 0.3368454 0.3900294 2.245177 0.2600394 0.2286965 1.993827 0.04064228 0.2719576 2.30571 -0.09553854 0.7044666 2.357223 -0.1661009 1.110735 2.380487 -0.2174412 1.454075 2.392985 0.08816011 0.7237773 2.337641 0.1372114 1.103371 2.183024 0.1790962 1.439787 2.103541  SA_HookPunch_SoClose
0.06049236 0.04213321 2.262645 -0.01608978 0.1245514 2.309548 -0.1895824 0.3248646 2.200882 0.003665702 0.1275402 2.063675 0.1200545 0.1402009 2.290651 0.3316126 0.3907983 2.250695 0.2568814 0.2304982 1.998062 0.03723993 0.2718493 2.30962 -0.09813057 0.7047889 2.359046 -0.1682652 1.111273 2.379693 -0.2187957 1.454677 2.393623 0.0856628 0.723744 2.340013 0.1365597 1.103036 2.185253 0.1793721 1.438742 2.1033  SA_HookPunch_SoClose
0.05677881 0.04179597 2.267334 -0.0195605 0.1246612 2.31351 -0.1910098 0.3275229 2.205185 0.002110975 0.1304667 2.067415 0.1167168 0.1398478 2.295203 0.3274454 0.3914661 2.2575 0.254531 0.2335825 2.002822 0.03420391 0.271801 2.313351 -0.10036 0.7052122 2.36024 -0.1706675 1.111777 2.378582 -0.2208462 1.455148 2.394475 0.08360209 0.7237352 2.342453 0.1362775 1.102579 2.187191 0.1799985 1.437642 2.103113  SA_HookPunch_SoClose
0.05212923 0.04147899 2.273196 -0.02394049 0.1249238 2.318324 -0.1924418 0.331014 2.210167 0.0008173157 0.1343812 2.071986 0.1125376 0.1394782 2.301028 0.3224526 0.3923732 2.266804 0.2519582 0.2381464 2.009221 0.03042998 0.2718405 2.317997 -0.1030116 0.7058786 2.361507 -0.1735722 1.11252 2.376967 -0.2233001 1.45582 2.395559 0.0811822 0.7237893 2.345589 0.1359546 1.101999 2.189507 0.1807659 1.436289 2.102964  SA_HookPunch_SoClose
0.04768391 0.04135108 2.278697 -0.02821134 0.125401 2.322537 -0.1931552 0.3345881 2.213913 0.0008822848 0.1384947 2.076057 0.1085283 0.1392268 2.306777 0.3189094 0.3926973 2.277112 0.2505864 0.2433121 2.016113 0.0268801 0.2720492 2.322308 -0.1052005 0.7067952 2.362217 -0.1759531 1.113497 2.374947 -0.2251836 1.456692 2.396571 0.07925864 0.7239364 2.348707 0.1357314 1.101385 2.191397 0.1814407 1.43506 2.102965  SA_HookPunch_SoClose
0.04328837 0.04149568 2.283687 -0.03247194 0.1261461 2.326045 -0.1933737 0.3380078 2.215902 0.00247355 0.142516 2.079761 0.104575 0.139153 2.312399 0.3162884 0.3927344 2.288473 0.2506635 0.2488596 2.023713 0.02344431 0.2724817 2.326207 -0.10703 0.7080007 2.362407 -0.1773744 1.114853 2.372291 -0.2257048 1.457955 2.397166 0.07769842 0.724232 2.351753 0.1359396 1.100662 2.192657 0.1825635 1.43381 2.10273  SA_HookPunch_SoClose
0.03842809 0.04198682 2.288515 -0.03713058 0.1272491 2.32926 -0.193621 0.3415742 2.216779 0.004858093 0.1468002 2.083449 0.1002348 0.1393188 2.3182 0.3136161 0.3927592 2.301001 0.2516098 0.2546622 2.032321 0.01973422 0.2732167 2.330049 -0.1087796 0.7095904 2.362412 -0.1782922 1.116651 2.36907 -0.2255131 1.459638 2.397424 0.07619633 0.7247598 2.354973 0.1367735 1.099897 2.193709 0.1845724 1.432484 2.102337  SA_HookPunch_SoClose
0.03522976 0.04249203 2.291371 -0.04016499 0.1281294 2.331086 -0.1938084 0.343856 2.216825 0.006623881 0.1495757 2.085716 0.09738578 0.1395741 2.321809 0.3118671 0.3928195 2.309144 0.2525401 0.2583159 2.038047 0.01733001 0.2738464 2.332364 -0.1098146 0.7107752 2.362351 -0.1786217 1.117985 2.366861 -0.2251091 1.460882 2.397432 0.07529141 0.725229 2.357022 0.1375968 1.099445 2.194285 0.1862468 1.431668 2.102039  SA_HookPunch_SoClose
0.02992882 0.04351139 2.294997 -0.04513083 0.1297016 2.333241 -0.1943341 0.3472813 2.215466 0.009114401 0.1532493 2.088706 0.09266116 0.1401203 2.326754 0.3088415 0.3927635 2.320845 0.2542886 0.2620406 2.04691 0.01339688 0.2749964 2.335413 -0.1112842 0.7128276 2.362326 -0.1786779 1.120297 2.363347 -0.223986 1.463061 2.397019 0.07397653 0.7260445 2.360022 0.1397464 1.098844 2.195406 0.1901437 1.430493 2.102041  SA_HookPunch_SoClose
0.02501209 0.04458892 2.29785 -0.04969398 0.1312697 2.334926 -0.1949587 0.3504233 2.213974 0.01075609 0.1562268 2.091187 0.08825417 0.140748 2.330716 0.3059424 0.3925893 2.330255 0.255589 0.2641973 2.054421 0.009772198 0.2761694 2.337858 -0.1124953 0.7148198 2.362442 -0.1784789 1.122517 2.360408 -0.2227633 1.465162 2.396561 0.07285924 0.7268706 2.362488 0.1417917 1.098524 2.196579 0.1938194 1.429675 2.102346  SA_HookPunch_SoClose
0.01690455 0.04576981 2.301569 -0.05714945 0.1332287 2.337209 -0.1965927 0.3546172 2.211392 0.01148345 0.1593121 2.094483 0.08095278 0.1411816 2.335874 0.3012575 0.3910743 2.342188 0.256809 0.2638241 2.064814 0.003837185 0.2774718 2.341124 -0.1142044 0.7174405 2.363032 -0.1776737 1.125488 2.356421 -0.2202706 1.468001 2.395711 0.07124741 0.7275275 2.365756 0.1449244 1.097815 2.198836 0.1995146 1.428259 2.103575  SA_HookPunch_SoClose
0.008286851 0.04644763 2.304921 -0.06506996 0.1346937 2.339763 -0.2007058 0.3571744 2.209722 0.008308964 0.1605064 2.096841 0.07311894 0.1410968 2.340035 0.2967574 0.3879503 2.349935 0.2564782 0.2587032 2.072847 -0.002518697 0.2782532 2.344095 -0.1159221 0.7195482 2.364326 -0.1761719 1.127988 2.353286 -0.2166381 1.470504 2.394743 0.06961174 0.7275856 2.368085 0.1469415 1.097458 2.201898 0.2036673 1.427398 2.106143  SA_HookPunch_SoClose
