-0.01850484 0.005456328 4.351783 -0.08292036 0.1042558 4.373473 -0.2793468 0.3693726 4.399667 -0.317504 0.6671394 4.329051 0.05503317 0.09605467 4.379704 0.2777403 0.3389771 4.416163 0.3422118 0.6357967 4.362816 -0.005158944 0.2400132 4.365484 -0.09446166 0.6838545 4.328571 -0.07594524 1.096434 4.32536 -0.05476902 1.442298 4.349924 0.0912409 0.6858543 4.332047 0.1304121 1.088112 4.248035 0.1618557 1.434859 4.242992  O_Gathering_Close
-0.02033333 0.005842566 4.351361 -0.08463608 0.1045085 4.373783 -0.2812879 0.3695623 4.400914 -0.3180214 0.6668351 4.327518 0.05332597 0.0961827 4.379648 0.2765915 0.3386228 4.416392 0.3403465 0.6353204 4.361526 -0.006775839 0.2402011 4.365654 -0.09602182 0.6840455 4.329003 -0.07666312 1.09658 4.325088 -0.05479876 1.442376 4.350011 0.08968772 0.6860459 4.332087 0.1301357 1.085131 4.234626 0.160174 1.431992 4.240379  O_Gathering_Close
-0.02255522 0.006339431 4.35083 -0.08671694 0.1048411 4.374125 -0.2836319 0.3698201 4.402385 -0.3187955 0.6665035 4.3259 0.05125352 0.09636188 4.379558 0.2751682 0.3382254 4.416646 0.3380764 0.6347686 4.359997 -0.008734686 0.2404537 4.365834 -0.09790657 0.684302 4.329497 -0.0775011 1.096777 4.324711 -0.0547779 1.442485 4.350078 0.08781005 0.6863034 4.332119 0.1296805 1.0817 4.22116 0.1565505 1.428468 4.237842  O_Gathering_Close
-0.02693598 0.007152915 4.349794 -0.0908287 0.1053463 4.374655 -0.2881862 0.3701966 4.404958 -0.320933 0.6658633 4.323617 0.04715188 0.09658015 4.37932 0.2721692 0.337417 4.417039 0.3335894 0.6336675 4.35731 -0.01261656 0.2408092 4.366088 -0.1016383 0.6846641 4.330304 -0.07924692 1.097013 4.323864 -0.05488531 1.442547 4.35008 0.08408786 0.6866677 4.332125 0.1283593 1.077218 4.205973 0.1528956 1.423304 4.235466  O_Gathering_Close
-0.03406386 0.008489013 4.348139 -0.09750645 0.106162 4.375431 -0.295515 0.3708006 4.408954 -0.3247726 0.6648081 4.320574 0.04047956 0.09693933 4.378903 0.2671814 0.3361458 4.4176 0.3263477 0.6318555 4.353106 -0.01892863 0.2413856 4.36644 -0.1076997 0.6852499 4.331516 -0.08213668 1.097365 4.322423 -0.05510448 1.442595 4.349977 0.07803442 0.6872579 4.332103 0.1258032 1.07086 4.18729 0.1487741 1.415262 4.233199  O_Gathering_Close
-0.04225628 0.01003039 4.34648 -0.1051757 0.1071246 4.376277 -0.3039003 0.3715183 4.413179 -0.3304605 0.6640859 4.319338 0.03280087 0.09739196 4.378516 0.261159 0.3348733 4.418281 0.3180364 0.6299582 4.349041 -0.02618502 0.2420795 4.366873 -0.1146489 0.6859524 4.332838 -0.08546571 1.097752 4.320848 -0.05535976 1.442614 4.349793 0.07108493 0.687967 4.332188 0.1218652 1.065457 4.173045 0.143907 1.407704 4.233285  O_Gathering_Close
-0.05089704 0.0116334 4.344916 -0.113256 0.1081154 4.377156 -0.3127022 0.3722392 4.417408 -0.3372303 0.6636637 4.319542 0.02469678 0.09785759 4.378184 0.2546136 0.3336159 4.419048 0.3092853 0.6280188 4.345276 -0.03383837 0.2427914 4.367359 -0.1219678 0.686671 4.334192 -0.08901398 1.098088 4.319192 -0.05567316 1.442531 4.349534 0.06375797 0.6886942 4.332354 0.1170414 1.061313 4.162885 0.1395733 1.401203 4.235102  O_Gathering_Close
-0.06345455 0.01372254 4.342932 -0.1250083 0.1094104 4.378193 -0.3253081 0.373185 4.422882 -0.3489112 0.6639707 4.322912 0.01289006 0.09840739 4.377697 0.2447142 0.3318616 4.419684 0.2968006 0.6253577 4.340619 -0.04497312 0.2436882 4.367965 -0.1325625 0.6875823 4.335926 -0.09406404 1.098414 4.318322 -0.05610416 1.442307 4.349481 0.05314382 0.6896079 4.33267 0.109817 1.057832 4.1549 0.1338654 1.394348 4.24108  O_Gathering_Close
-0.07542853 0.0153352 4.341242 -0.1362239 0.110382 4.378908 -0.3371715 0.3738569 4.427493 -0.3618783 0.6651035 4.329144 0.001606779 0.09868538 4.377134 0.234925 0.3301569 4.419745 0.2850372 0.6229317 4.336823 -0.05560438 0.2442859 4.368373 -0.14264 0.6881981 4.337305 -0.09874462 1.098477 4.319445 -0.05653904 1.441941 4.349866 0.04304345 0.6902156 4.332931 0.1028573 1.056889 4.152996 0.1290488 1.390517 4.249193  O_Gathering_Close
-0.08719729 0.0176549 4.340454 -0.1473844 0.1121013 4.380074 -0.3487932 0.3754011 4.431541 -0.3748558 0.667121 4.33496 -0.009622915 0.09973729 4.377591 0.2248667 0.3293798 4.420428 0.2738647 0.6216282 4.33502 -0.0661615 0.2456435 4.369581 -0.1525214 0.6895834 4.339185 -0.1034456 1.09905 4.316751 -0.05685769 1.441733 4.349485 0.03315296 0.6915781 4.334435 0.09654064 1.059147 4.157577 0.1251907 1.38906 4.265206  O_Gathering_Close
-0.09862374 0.02049363 4.340419 -0.1582891 0.1144098 4.381653 -0.3601166 0.3776106 4.435296 -0.3877666 0.6698049 4.34061 -0.020595 0.1014084 4.378728 0.2146838 0.3294677 4.421119 0.2633719 0.6214348 4.33458 -0.07647066 0.2476038 4.371365 -0.1620926 0.6915898 4.34152 -0.1078941 1.099833 4.310305 -0.05594109 1.441185 4.348428 0.02358128 0.6935275 4.336728 0.09075715 1.064227 4.167988 0.1219769 1.389541 4.288169  O_Gathering_Close
-0.1108882 0.02544308 4.341602 -0.1706149 0.1187035 4.38378 -0.3723252 0.3822042 4.437278 -0.401357 0.6744164 4.343062 -0.03296165 0.105038 4.382338 0.2031571 0.331179 4.425627 0.2521108 0.6230482 4.338908 -0.08803998 0.2515334 4.374929 -0.172543 0.6955298 4.34457 -0.1134936 1.101817 4.299644 -0.05531232 1.441031 4.34679 0.01317914 0.6974893 4.342333 0.08542879 1.07251 4.185673 0.1194734 1.390875 4.32254  O_Gathering_Close
-0.1236043 0.03346741 4.344305 -0.1845108 0.1258866 4.386122 -0.3851191 0.3903128 4.435461 -0.4151276 0.6818017 4.33933 -0.04696308 0.1115469 4.389624 0.1901015 0.3352613 4.436785 0.2401178 0.6273215 4.351324 -0.101034 0.2583442 4.380893 -0.1837242 0.7022849 4.348066 -0.1192024 1.105073 4.283468 -0.0527815 1.440502 4.344706 0.001943963 0.7043992 4.353009 0.08012994 1.08468 4.212735 0.116281 1.392107 4.372201  O_Gathering_Close
-0.1359703 0.04524982 4.349342 -0.1987533 0.1366475 4.390017 -0.3971991 0.4026163 4.43266 -0.4273315 0.6923902 4.331513 -0.06162785 0.1216462 4.400449 0.1764395 0.3421299 4.452713 0.2282899 0.6344622 4.3693 -0.1145379 0.2687402 4.389807 -0.1949574 0.7125683 4.353623 -0.125063 1.109783 4.264685 -0.04891799 1.439604 4.34275 -0.009815855 0.7149638 4.368403 0.07462241 1.100707 4.248088 0.1118835 1.393957 4.43211  O_Gathering_Close
-0.147881 0.06289816 4.358254 -0.2133307 0.1529922 4.396855 -0.4077354 0.4214075 4.42991 -0.4366311 0.7078869 4.319447 -0.07729892 0.1373241 4.416531 0.1618924 0.3530623 4.475135 0.2167348 0.6456757 4.394674 -0.1287955 0.2847183 4.403399 -0.2062975 0.7283525 4.362973 -0.1309109 1.11629 4.242991 -0.04429529 1.43826 4.340494 -0.02265565 0.7312111 4.390705 0.0684206 1.122456 4.295646 0.1054648 1.397531 4.505906  O_Gathering_Close
-0.153581 0.08007455 4.367486 -0.2212014 0.1690694 4.404311 -0.4123009 0.4392315 4.43058 -0.4371298 0.7205806 4.30675 -0.08638756 0.1531262 4.430924 0.1526299 0.3656489 4.494065 0.2091423 0.6587391 4.416548 -0.1370251 0.3006588 4.416114 -0.2127281 0.7441345 4.373082 -0.1351875 1.12271 4.227334 -0.0414059 1.437612 4.340097 -0.03079139 0.7474413 4.41036 0.06214287 1.141338 4.329045 0.0958745 1.402846 4.556474  O_Gathering_Close
-0.157169 0.1042901 4.380424 -0.227414 0.1918818 4.41501 -0.4144488 0.463969 4.434125 -0.4319445 0.7357541 4.289438 -0.09442954 0.1758056 4.449564 0.1454423 0.3824353 4.517678 0.2061382 0.6758223 4.444573 -0.1442852 0.3234265 4.433076 -0.2182894 0.7667382 4.387803 -0.1399482 1.131456 4.210551 -0.0384622 1.436625 4.341877 -0.03890614 0.7706022 4.435847 0.05428256 1.166266 4.363946 0.08172114 1.412179 4.608939  O_Gathering_Close
-0.1575479 0.1272396 4.390639 -0.2299436 0.213421 4.423816 -0.4145869 0.4864143 4.439837 -0.4275064 0.7505932 4.28125 -0.09857689 0.1974007 4.464108 0.1427918 0.3975664 4.534473 0.2082172 0.6906615 4.464336 -0.148237 0.3450317 4.447127 -0.2217278 0.7882726 4.40226 -0.1422261 1.135556 4.193338 -0.03342078 1.434267 4.333363 -0.04463313 0.7926244 4.458117 0.04881533 1.188082 4.385423 0.06976135 1.419405 4.644843  O_Gathering_Close
-0.1550785 0.149875 4.39774 -0.2293768 0.2345613 4.430156 -0.4127918 0.5079619 4.445192 -0.4217221 0.7652924 4.275461 -0.09937362 0.2187411 4.474722 0.1414752 0.415042 4.544724 0.2084822 0.708061 4.475772 -0.1493567 0.3663046 4.458107 -0.2234157 0.8094785 4.415416 -0.1462234 1.143067 4.184473 -0.03313975 1.434028 4.336881 -0.04829071 0.8143113 4.477136 0.04627593 1.207877 4.396101 0.06083735 1.424672 4.668195  O_Gathering_Close
-0.1490429 0.1906213 4.403695 -0.225216 0.2727965 4.437809 -0.4067978 0.5482582 4.451094 -0.3986266 0.7931901 4.26388 -0.09571867 0.2574095 4.48397 0.1442747 0.4494739 4.54342 0.2112523 0.7414412 4.470117 -0.1474423 0.4047202 4.470796 -0.2243628 0.84769 4.435059 -0.1510559 1.153599 4.167439 -0.0310332 1.432684 4.335903 -0.0501912 0.8531244 4.499372 0.05059447 1.235244 4.38008 0.05785795 1.42871 4.669504  O_Gathering_Close
-0.1409206 0.2315139 4.403481 -0.218223 0.3110788 4.440951 -0.4013146 0.5873941 4.453127 -0.3747887 0.8174427 4.249457 -0.08819042 0.2962323 4.485766 0.149833 0.4867934 4.529399 0.2140224 0.7772486 4.448036 -0.142314 0.443056 4.477838 -0.2229805 0.8855029 4.450899 -0.1557993 1.162658 4.152158 -0.03109585 1.431647 4.333178 -0.0484008 0.8915051 4.514045 0.05705263 1.25723 4.354269 0.05810531 1.427578 4.65796  O_Gathering_Close
-0.131211 0.2736577 4.399179 -0.209561 0.3502953 4.440392 -0.4011593 0.6240739 4.453008 -0.3619203 0.8349961 4.231469 -0.07888351 0.3360516 4.483494 0.1555585 0.5273734 4.508998 0.2147617 0.8156568 4.416846 -0.135665 0.4820734 4.481801 -0.2201039 0.9234561 4.464356 -0.160175 1.170494 4.138848 -0.03178565 1.4302 4.330533 -0.04501055 0.9300485 4.526003 0.06271203 1.280171 4.335704 0.05860307 1.427468 4.651195  O_Gathering_Close
-0.1222333 0.3107876 4.392146 -0.2014261 0.3843514 4.437192 -0.4004095 0.6549038 4.449902 -0.3477472 0.8490214 4.216123 -0.07009141 0.3706175 4.478421 0.1605836 0.5639566 4.487497 0.2148318 0.8499175 4.385576 -0.1293459 0.515582 4.483276 -0.2172961 0.9553781 4.475445 -0.1643818 1.175891 4.130265 -0.03349296 1.42875 4.329274 -0.04167734 0.962595 4.535507 0.06829293 1.296238 4.31873 0.06108047 1.428623 4.640709  O_Gathering_Close
-0.1128346 0.34767 4.381563 -0.1927513 0.4176292 4.430886 -0.3973927 0.6844743 4.442386 -0.3277857 0.8623225 4.200245 -0.06070135 0.404382 4.469932 0.1653111 0.6011678 4.46212 0.213724 0.8842275 4.349702 -0.1224472 0.5478566 4.482257 -0.2139294 0.9852714 4.485117 -0.1684136 1.179499 4.123484 -0.03548751 1.426892 4.327937 -0.03775148 0.993216 4.543425 0.07239528 1.313343 4.307226 0.06214019 1.429325 4.635389  O_Gathering_Close
-0.1028405 0.3856518 4.366621 -0.1834608 0.4511596 4.420704 -0.3938589 0.7126006 4.432429 -0.3072845 0.8757826 4.18548 -0.05068116 0.4384469 4.457381 0.1699256 0.6393062 4.432264 0.2120564 0.91891 4.309174 -0.1150774 0.5797186 4.478471 -0.2104941 1.013727 4.494089 -0.1727421 1.181768 4.118707 -0.03799317 1.424588 4.327405 -0.03375069 1.022487 4.550539 0.07593758 1.330419 4.298449 0.06285973 1.429795 4.631917  O_Gathering_Close
-0.08937244 0.436636 4.339919 -0.1708509 0.4947077 4.400822 -0.3892718 0.7460957 4.416258 -0.2830064 0.8949882 4.167972 -0.03713326 0.4827873 4.43421 0.1754496 0.6896917 4.386246 0.2091023 0.9637845 4.248969 -0.105181 0.6196002 4.468866 -0.2063768 1.047139 4.504841 -0.1787473 1.182626 4.115669 -0.04154513 1.421064 4.327793 -0.02892147 1.057055 4.558811 0.08023973 1.350729 4.290031 0.06415398 1.43046 4.628605  O_Gathering_Close
-0.08047502 0.4702312 4.318264 -0.1624941 0.5223849 4.383664 -0.3859023 0.765784 4.406039 -0.2687897 0.9080917 4.158773 -0.02822815 0.5110596 4.414995 0.1782869 0.7224249 4.352773 0.2061379 0.9925568 4.206631 -0.09872864 0.6437103 4.459525 -0.2041673 1.065609 4.511003 -0.1827388 1.182347 4.115418 -0.04400937 1.418571 4.329022 -0.02630471 1.076375 4.563449 0.08290388 1.362544 4.28671 0.06485744 1.430706 4.627703  O_Gathering_Close
-0.07284914 0.499035 4.296254 -0.1553418 0.5452383 4.365456 -0.3829091 0.7808688 4.398361 -0.2588823 0.9191825 4.152202 -0.02066074 0.5344452 4.39515 0.1806706 0.7498885 4.321277 0.2041928 1.016274 4.167686 -0.09333055 0.6624327 4.448887 -0.2028276 1.078391 4.515516 -0.1861502 1.18178 4.116007 -0.04601054 1.416418 4.330435 -0.02467142 1.089932 4.566787 0.0850196 1.371655 4.285711 0.06533749 1.430893 4.628277  O_Gathering_Close
-0.0621811 0.5393621 4.262862 -0.1453015 0.5761227 4.336867 -0.3800282 0.7980188 4.388387 -0.2500968 0.9333856 4.14364 -0.01012294 0.5661868 4.364531 0.1825599 0.7882745 4.27635 0.1993943 1.049718 4.11366 -0.08585607 0.6858689 4.431539 -0.2016548 1.091547 4.521245 -0.1907425 1.180333 4.118042 -0.04853026 1.413318 4.332908 -0.02318846 1.104456 4.571091 0.08867027 1.381229 4.28598 0.06620778 1.430626 4.629932  O_Gathering_Close
-0.05383019 0.5701536 4.235095 -0.1374721 0.5986276 4.312161 -0.3768714 0.8076968 4.384017 -0.2466989 0.9438403 4.139829 -0.001998527 0.5894424 4.338615 0.1833083 0.8174837 4.2415 0.1953071 1.075628 4.073209 -0.08020858 0.7009956 4.416 -0.2017308 1.096704 4.525331 -0.1942834 1.178698 4.120614 -0.05030487 1.410906 4.335145 -0.02315156 1.111078 4.574366 0.09229793 1.38452 4.287478 0.06694783 1.429616 4.63182  O_Gathering_Close
-0.04790483 0.5937238 4.214989 -0.1318177 0.6156642 4.29393 -0.3741101 0.8135821 4.381437 -0.2450313 0.9514811 4.137654 0.00387104 0.6071677 4.319497 0.1839532 0.8387071 4.214681 0.1934413 1.092753 4.04011 -0.07612179 0.7117901 4.404377 -0.2020741 1.099045 4.528389 -0.1969928 1.177221 4.12288 -0.05158983 1.409062 4.336846 -0.02346645 1.114713 4.576921 0.09592046 1.385263 4.288906 0.06771602 1.428495 4.633265  O_Gathering_Close
-0.04254947 0.6168132 4.197099 -0.1265803 0.6323684 4.277478 -0.3713324 0.8184377 4.378634 -0.2433386 0.9588199 4.135698 0.009316938 0.6246686 4.302175 0.1834628 0.8596475 4.190833 0.1900402 1.11 4.010875 -0.07226352 0.7220937 4.393839 -0.2024578 1.100617 4.531352 -0.1996851 1.175619 4.125221 -0.05281047 1.40726 4.338398 -0.02386306 1.117735 4.579439 0.1006031 1.384662 4.290195 0.06880654 1.427092 4.634342  O_Gathering_Close
-0.03814821 0.6370999 4.182251 -0.1221557 0.6469595 4.26361 -0.3686622 0.8218134 4.37614 -0.2421265 0.9650714 4.13412 0.01392909 0.6401319 4.287518 0.1817658 0.8791959 4.172915 0.1849179 1.128102 3.990871 -0.06895368 0.7308017 4.384774 -0.2028649 1.101172 4.533824 -0.2019894 1.173998 4.127289 -0.05379586 1.405611 4.339582 -0.02432351 1.119648 4.581606 0.105317 1.382966 4.29133 0.06995447 1.425571 4.635106  O_Gathering_Close
-0.03261809 0.6654636 4.163094 -0.1163629 0.667324 4.24539 -0.3646421 0.8255957 4.372576 -0.2409299 0.9735757 4.131942 0.01998837 0.6621202 4.26816 0.1793286 0.9059069 4.149015 0.1786724 1.151775 3.962862 -0.0645669 0.7428074 4.372513 -0.2035483 1.101094 4.537271 -0.2050018 1.171425 4.130299 -0.05509166 1.40325 4.34115 -0.02513896 1.121398 4.584804 0.1121478 1.379088 4.292995 0.07161506 1.423172 4.636014  O_Gathering_Close
-0.02822308 0.6923147 4.146634 -0.1113757 0.6864845 4.229449 -0.3605893 0.8281016 4.369059 -0.2403974 0.9814257 4.129992 0.0252343 0.683432 4.251028 0.1764612 0.9314671 4.128657 0.172845 1.174563 3.938932 -0.06069778 0.754023 4.3614 -0.2042865 1.10021 4.540406 -0.2076396 1.168729 4.133137 -0.05619375 1.400962 4.342435 -0.02605484 1.12214 4.587883 0.1187616 1.374013 4.29464 0.07328685 1.420625 4.636703  O_Gathering_Close
-0.02573387 0.714815 4.134346 -0.1078788 0.7023501 4.217536 -0.357324 0.8295712 4.365904 -0.2404877 0.9880388 4.128533 0.02897121 0.7020364 4.237766 0.1731928 0.9538823 4.11358 0.1674922 1.194984 3.921377 -0.05783651 0.7636216 4.352748 -0.2048007 1.099575 4.542716 -0.209526 1.166398 4.135178 -0.05690907 1.39897 4.343246 -0.02671645 1.122548 4.590253 0.123623 1.369787 4.295848 0.0746056 1.418532 4.637124  O_Gathering_Close
-0.02435325 0.7411907 4.121493 -0.1046175 0.7206661 4.205062 -0.3536425 0.8305647 4.361901 -0.2410079 0.9954744 4.1269 0.03244128 0.7247715 4.223373 0.1682314 0.9813673 4.098011 0.1606388 1.220577 3.903523 -0.05493454 0.7750633 4.343313 -0.2052794 1.098947 4.545129 -0.2114578 1.163642 4.137268 -0.05750648 1.396586 4.343932 -0.02734385 1.122755 4.592812 0.1285255 1.364878 4.297034 0.07614882 1.416121 4.637444  O_Gathering_Close
-0.02566521 0.7643396 4.111582 -0.1031704 0.7363543 4.195751 -0.3512013 0.8307602 4.358164 -0.2413452 0.9999363 4.124886 0.03392162 0.7458826 4.211634 0.1619438 1.007162 4.085995 0.1531223 1.245398 3.890368 -0.05304007 0.785332 4.335855 -0.2054261 1.099079 4.54683 -0.2126283 1.161321 4.138603 -0.05757252 1.394404 4.344282 -0.02754627 1.122964 4.594681 0.1309931 1.361805 4.297657 0.07730766 1.414217 4.637684  O_Gathering_Close
-0.02820985 0.7806413 4.105342 -0.1029383 0.7470404 4.190112 -0.3497006 0.8301724 4.355341 -0.241495 1.002195 4.123377 0.03393855 0.7616485 4.203844 0.15608 1.026728 4.078489 0.1465414 1.264859 3.882767 -0.05207561 0.7926765 4.331077 -0.2053643 1.099582 4.547773 -0.2132516 1.159812 4.139257 -0.05738018 1.392855 4.344364 -0.02747516 1.123165 4.59574 0.1319549 1.3603 4.297827 0.07814343 1.41303 4.637785  O_Gathering_Close
-0.0315933 0.7929394 4.101013 -0.1033337 0.754627 4.186516 -0.3481398 0.8285732 4.353174 -0.2417576 1.003826 4.122789 0.03308149 0.7744713 4.198107 0.1502003 1.043066 4.073111 0.1401526 1.281756 3.878096 -0.0515636 0.7981797 4.327809 -0.2051726 1.100181 4.548094 -0.2135455 1.158882 4.139366 -0.05700735 1.391695 4.344226 -0.02726601 1.123444 4.596153 0.1330877 1.359447 4.297837 0.07908113 1.412199 4.637761  O_Gathering_Close
-0.03672813 0.8036407 4.097578 -0.1044699 0.7605044 4.184238 -0.3462348 0.8253814 4.351102 -0.2422033 1.004958 4.122985 0.03099783 0.7870976 4.1931 0.1429128 1.059957 4.068776 0.1323084 1.300337 3.875877 -0.05143378 0.8029451 4.3254 -0.2048448 1.101135 4.547919 -0.2136011 1.158365 4.13899 -0.05642591 1.390729 4.343874 -0.02690987 1.123916 4.596103 0.1343165 1.359274 4.297747 0.08019193 1.411676 4.637706  O_Gathering_Close
-0.0421869 0.809723 4.095302 -0.1059158 0.763016 4.183376 -0.3440299 0.8212624 4.34925 -0.2429868 1.005806 4.123769 0.02824064 0.7962014 4.189544 0.1363818 1.073451 4.067153 0.1249244 1.317517 3.878992 -0.05161504 0.805564 4.324024 -0.2044977 1.101918 4.547462 -0.2135274 1.158306 4.138422 -0.05585758 1.390144 4.34352 -0.02656965 1.124209 4.5959 0.1354146 1.359365 4.297795 0.08120365 1.411394 4.637798  O_Gathering_Close
-0.04555432 0.8111452 4.094408 -0.1069398 0.7630022 4.183534 -0.3426695 0.8183702 4.348324 -0.2436612 1.006023 4.124514 0.02627637 0.8000193 4.188056 0.1333548 1.08006 4.067989 0.1202687 1.327595 3.884523 -0.05189626 0.8061675 4.323705 -0.2043195 1.102345 4.547025 -0.213437 1.15849 4.137954 -0.05558274 1.389971 4.343312 -0.02641885 1.124335 4.595701 0.1359649 1.359689 4.29797 0.08169432 1.411421 4.638009  O_Gathering_Close
-0.0490288 0.8099451 4.093197 -0.1083567 0.7618845 4.184102 -0.3414375 0.8150634 4.347668 -0.2446475 1.005424 4.125177 0.02377691 0.8027578 4.186811 0.1343276 1.086601 4.076127 0.1094628 1.342892 3.906419 -0.05250929 0.8060949 4.323627 -0.204249 1.102713 4.546231 -0.2135712 1.158908 4.137171 -0.05573021 1.389851 4.343145 -0.02643864 1.124335 4.595399 0.1362669 1.360927 4.298828 0.08194728 1.411915 4.638971  O_Gathering_Close
-0.04886935 0.8083016 4.092661 -0.1084918 0.7613899 4.184154 -0.3415962 0.8146642 4.347629 -0.2451636 1.004887 4.124866 0.02354278 0.8025827 4.186852 0.1390641 1.08709 4.083239 0.1071503 1.34899 3.923569 -0.05278138 0.8058677 4.323648 -0.2043477 1.102649 4.545927 -0.2138315 1.158991 4.13689 -0.05616389 1.389803 4.343143 -0.02656947 1.12422 4.595233 0.1360481 1.361874 4.299464 0.0817547 1.41239 4.639682  O_Gathering_Close
-0.04821227 0.8054357 4.092314 -0.1087389 0.7603697 4.184338 -0.3422501 0.8148189 4.347538 -0.2457014 1.003982 4.123924 0.02336474 0.8013138 4.187411 0.1464078 1.085493 4.093283 0.1077722 1.35408 3.946747 -0.05349199 0.8052383 4.323892 -0.2048649 1.102507 4.545417 -0.2141996 1.159202 4.136426 -0.0567743 1.389808 4.343095 -0.0271015 1.124083 4.594775 0.135831 1.363294 4.300437 0.08140333 1.413212 4.640722  O_Gathering_Close
-0.04801117 0.8016633 4.09243 -0.1095295 0.7585765 4.18492 -0.343201 0.8152276 4.347214 -0.2461209 1.00278 4.122476 0.02265103 0.7992364 4.188432 0.1539249 1.082148 4.104051 0.1120268 1.356642 3.969881 -0.05489216 0.8041275 4.324493 -0.2059288 1.102437 4.544623 -0.2145512 1.159676 4.135693 -0.05728785 1.389901 4.342908 -0.0281441 1.124027 4.593898 0.1359409 1.364969 4.30162 0.08111168 1.414314 4.641924  O_Gathering_Close
-0.04798792 0.7976072 4.092796 -0.1105745 0.7564402 4.185583 -0.3442316 0.8156931 4.34685 -0.2464761 1.001466 4.12093 0.02172204 0.7966691 4.189648 0.1612346 1.077742 4.115578 0.1168277 1.357169 3.992887 -0.05664579 0.8027322 4.325188 -0.2073551 1.102291 4.54365 -0.2148384 1.160282 4.134803 -0.05773548 1.390043 4.342655 -0.02955191 1.123882 4.592857 0.1361815 1.366745 4.303111 0.0807385 1.415609 4.643384  O_Gathering_Close
-0.04807995 0.7936531 4.093267 -0.1117144 0.7542168 4.186201 -0.3452452 0.8161449 4.346447 -0.2467313 1.000122 4.119389 0.02070977 0.793956 4.190878 0.1677995 1.072914 4.126983 0.1219865 1.356196 4.014037 -0.05852596 0.8012135 4.325854 -0.2090056 1.102022 4.542625 -0.21502 1.160903 4.133882 -0.05810754 1.390202 4.342387 -0.03119747 1.123609 4.591816 0.136437 1.368349 4.304755 0.08025809 1.416924 4.644949  O_Gathering_Close
-0.04831759 0.7868043 4.093894 -0.1138438 0.7501602 4.18682 -0.3470457 0.8167927 4.345413 -0.2469395 0.9974284 4.116378 0.01878526 0.7890323 4.192798 0.1783229 1.06413 4.148166 0.1330936 1.352961 4.050008 -0.06211267 0.7981973 4.326667 -0.2127504 1.100865 4.540743 -0.2150565 1.161831 4.132267 -0.05874972 1.390446 4.341974 -0.03501759 1.12247 4.590198 0.1365214 1.370339 4.308172 0.07877482 1.419183 4.648066  O_Gathering_Close
-0.04809431 0.7818875 4.094582 -0.1149555 0.7471125 4.187374 -0.3482357 0.8170806 4.344595 -0.2467182 0.9952587 4.11426 0.01779588 0.7853965 4.19435 0.1852365 1.057794 4.164237 0.1429476 1.349899 4.074848 -0.06433938 0.7959156 4.327363 -0.2154855 1.099947 4.539363 -0.2147179 1.162287 4.131089 -0.05923597 1.390644 4.341689 -0.03787545 1.12162 4.589228 0.1363657 1.371671 4.310807 0.07718147 1.42085 4.650404  O_Gathering_Close
-0.04732291 0.7755951 4.095703 -0.1158337 0.7430693 4.188214 -0.3495008 0.8171899 4.34353 -0.246065 0.9922935 4.111695 0.01703818 0.7806695 4.196493 0.1928777 1.049855 4.18541 0.1560216 1.345576 4.10607 -0.06668322 0.7928896 4.328367 -0.2188395 1.098686 4.537572 -0.2139246 1.162648 4.129578 -0.05989699 1.390927 4.341329 -0.04144899 1.120523 4.588142 0.1359161 1.373363 4.31425 0.07465704 1.423012 4.653411  O_Gathering_Close
-0.04633157 0.7691308 4.096868 -0.1162267 0.7385859 4.1891 -0.350469 0.8164968 4.342614 -0.2456322 0.989486 4.109824 0.01675011 0.7755568 4.19846 0.1985658 1.041857 4.202689 0.1680634 1.340266 4.131091 -0.06829529 0.7893876 4.329324 -0.2213269 1.096966 4.535857 -0.2127417 1.162884 4.128235 -0.06026183 1.391298 4.340958 -0.0441411 1.11894 4.58708 0.1351388 1.374699 4.317174 0.07233889 1.424928 4.655968  O_Gathering_Close
-0.04482846 0.7604164 4.09829 -0.116269 0.7321484 4.190147 -0.350947 0.8147854 4.341815 -0.2452381 0.9859782 4.108093 0.01682355 0.7683672 4.200721 0.2041469 1.031441 4.221283 0.182498 1.332433 4.157726 -0.0697038 0.7841626 4.330386 -0.2238166 1.093993 4.533752 -0.2109108 1.163016 4.126759 -0.06047992 1.391842 4.340495 -0.04689113 1.116122 4.585803 0.1336253 1.375791 4.320494 0.0694557 1.427078 4.658872  O_Gathering_Close
-0.04333798 0.7514172 4.098773 -0.1159239 0.7247655 4.190262 -0.3506149 0.8113285 4.340879 -0.2456021 0.9825396 4.106856 0.01725979 0.7603526 4.201791 0.2078979 1.02104 4.232687 0.1928156 1.323368 4.173743 -0.0703824 0.7776474 4.330513 -0.2255397 1.089175 4.532305 -0.2093389 1.162896 4.126254 -0.06035243 1.392378 4.340299 -0.0488436 1.111336 4.585115 0.1310653 1.374744 4.323099 0.06712176 1.428224 4.66118  O_Gathering_Close
-0.04162965 0.7404195 4.098801 -0.1152901 0.7152539 4.189886 -0.3496673 0.8059944 4.339754 -0.2465533 0.9785269 4.105857 0.0179884 0.7501656 4.202346 0.2114053 1.008717 4.241081 0.2029485 1.311833 4.184925 -0.07070886 0.7689635 4.33013 -0.227044 1.082203 4.531083 -0.2076781 1.162524 4.126425 -0.05996839 1.393004 4.340281 -0.05059628 1.104305 4.584742 0.1273338 1.371937 4.325672 0.06473716 1.428875 4.66344  O_Gathering_Close
-0.03906415 0.7222148 4.099091 -0.1142335 0.6992353 4.18956 -0.3478841 0.7964094 4.337993 -0.2484185 0.971994 4.104789 0.01916309 0.7331882 4.203337 0.2157738 0.9888742 4.251811 0.2160808 1.292582 4.198277 -0.07102774 0.7543108 4.329705 -0.2292162 1.07029 4.529821 -0.205383 1.161437 4.127704 -0.059283 1.393925 4.34049 -0.05315403 1.092242 4.584792 0.12096 1.365922 4.329475 0.06128462 1.429263 4.666632  O_Gathering_Close
-0.03621523 0.6986979 4.099817 -0.1130093 0.6782648 4.189565 -0.3454302 0.7833393 4.335747 -0.2511486 0.963948 4.104232 0.02050556 0.7111315 4.204757 0.2199615 0.9639305 4.262162 0.2294737 1.267762 4.210199 -0.07128851 0.7351251 4.329447 -0.2315946 1.054583 4.528726 -0.2028516 1.159627 4.130336 -0.05833016 1.395035 4.340979 -0.05598603 1.076298 4.585221 0.1130895 1.356906 4.334071 0.05751349 1.429134 4.670139  O_Gathering_Close
-0.03404806 0.6774472 4.100837 -0.1121208 0.6592023 4.189973 -0.3432098 0.771262 4.333693 -0.253676 0.9570142 4.104373 0.02148541 0.6911563 4.20627 0.2230023 0.9417892 4.269514 0.2396729 1.245405 4.218095 -0.07155107 0.7177208 4.32951 -0.2334831 1.040361 4.527904 -0.2007654 1.15777 4.133291 -0.05742006 1.395975 4.341581 -0.0582516 1.061825 4.585652 0.1065917 1.348106 4.338118 0.05461707 1.428676 4.672863  O_Gathering_Close
-0.03213594 0.6559666 4.102125 -0.111314 0.6398266 4.190706 -0.3409113 0.7587572 4.331521 -0.2564987 0.9502391 4.104989 0.02236279 0.6709887 4.207932 0.2248678 0.9200609 4.277046 0.2475854 1.223423 4.226455 -0.0717362 0.700094 4.329782 -0.2351793 1.025887 4.527131 -0.1989581 1.155717 4.136737 -0.05674092 1.396946 4.342301 -0.06028787 1.0472 4.585955 0.1003152 1.339198 4.342342 0.05196633 1.428126 4.675512  O_Gathering_Close
-0.030425 0.6332203 4.103854 -0.1106658 0.6192776 4.191864 -0.3385032 0.7454876 4.329022 -0.2595905 0.9434825 4.106136 0.0230778 0.6496425 4.209971 0.2263687 0.8973537 4.284238 0.2548004 1.200344 4.234307 -0.07202069 0.681452 4.330361 -0.236835 1.010643 4.526312 -0.1970343 1.153342 4.14079 -0.0559995 1.397919 4.343188 -0.06228082 1.031792 4.586188 0.09414239 1.329614 4.346945 0.0494978 1.427423 4.678137  O_Gathering_Close
-0.02836571 0.5936044 4.10789 -0.1103241 0.5836488 4.194865 -0.3348116 0.722566 4.324627 -0.2644616 0.9312265 4.108712 0.02355166 0.612516 4.21439 0.229037 0.8578393 4.294458 0.2668745 1.159872 4.244968 -0.07306336 0.6493366 4.332115 -0.2395151 0.9849073 4.524539 -0.1936648 1.149205 4.148403 -0.05442516 1.399604 4.344838 -0.06551598 1.005637 4.586152 0.08477612 1.313188 4.355441 0.04600807 1.426295 4.682476  O_Gathering_Close
-0.02708535 0.5487474 4.113523 -0.1106554 0.543376 4.199362 -0.3310603 0.6961261 4.319757 -0.2695736 0.915609 4.112021 0.02337016 0.5706121 4.220161 0.2299948 0.8142034 4.306355 0.2764196 1.115254 4.258214 -0.07452647 0.6133294 4.334795 -0.2421136 0.9563638 4.522018 -0.1906464 1.144525 4.157984 -0.05322103 1.401539 4.347013 -0.06864445 0.976766 4.585214 0.07528968 1.295507 4.365918 0.0428169 1.425165 4.687449  O_Gathering_Close
-0.0271952 0.5052223 4.12013 -0.1120812 0.5047351 4.204837 -0.3284448 0.6702411 4.315787 -0.2733749 0.8977923 4.11505 0.02212174 0.5302988 4.226594 0.2295475 0.7727379 4.317432 0.2829368 1.072922 4.271132 -0.07659189 0.5792365 4.337995 -0.2442075 0.9302443 4.518187 -0.1873442 1.140416 4.167233 -0.05213652 1.403655 4.349162 -0.07115649 0.9503853 4.582602 0.06757452 1.280275 4.376858 0.04050286 1.424766 4.692512  O_Gathering_Close
-0.0282744 0.4702462 4.126297 -0.1140429 0.4740019 4.210028 -0.3269227 0.6494581 4.313017 -0.2761818 0.8826188 4.117649 0.02032574 0.4981304 4.232391 0.2282176 0.739947 4.326257 0.2863928 1.039511 4.281745 -0.07873653 0.552408 4.340973 -0.2455944 0.9102792 4.514121 -0.1845941 1.137433 4.174629 -0.05134205 1.405459 4.350924 -0.07282482 0.9302474 4.57934 0.06213828 1.269171 4.386157 0.03912796 1.424885 4.696755  O_Gathering_Close
-0.03106902 0.4260415 4.135491 -0.1177264 0.4356817 4.217824 -0.3256043 0.6235785 4.310091 -0.279976 0.8635672 4.121859 0.01688685 0.4578017 4.240786 0.2251353 0.6991738 4.337737 0.2884095 0.9980777 4.295817 -0.08218817 0.5193683 4.345395 -0.2469707 0.886569 4.507509 -0.1813597 1.134342 4.18366 -0.05056677 1.407986 4.35303 -0.07451884 0.9063731 4.573613 0.0560499 1.256663 4.398535 0.03792473 1.425729 4.702404  O_Gathering_Close
-0.03496746 0.3870364 4.14467 -0.1221397 0.4022468 4.225607 -0.3250283 0.6008685 4.307853 -0.2838382 0.8470844 4.126777 0.01271619 0.4224325 4.248924 0.221243 0.6635894 4.348009 0.2883843 0.9620109 4.308753 -0.08591919 0.4907743 4.34967 -0.2477483 0.8665198 4.500356 -0.1783775 1.131852 4.19155 -0.05003707 1.41031 4.354842 -0.07549767 0.8862137 4.567015 0.05110743 1.246433 4.410117 0.03732856 1.426917 4.707579  O_Gathering_Close
-0.03979031 0.353737 4.153724 -0.1271425 0.3740733 4.23333 -0.3249348 0.581863 4.306334 -0.2873868 0.8337377 4.132389 0.007952409 0.3924378 4.256769 0.2167931 0.6334963 4.357155 0.2868211 0.9315805 4.320463 -0.08988188 0.4669048 4.35389 -0.2481128 0.8502312 4.493279 -0.1755876 1.129964 4.198213 -0.04967205 1.412456 4.356382 -0.07594256 0.8698572 4.560165 0.04745742 1.237988 4.419967 0.03772851 1.42876 4.711102  O_Gathering_Close
-0.04565762 0.3198837 4.162868 -0.1329335 0.3455623 4.241 -0.3257743 0.562063 4.304743 -0.2929723 0.8203861 4.139513 0.002416568 0.3619579 4.264426 0.2118067 0.6027843 4.365964 0.2846343 0.9005798 4.332521 -0.09422605 0.4426924 4.357654 -0.24792 0.8335716 4.484537 -0.1723704 1.127924 4.204852 -0.04920683 1.414584 4.357595 -0.07574283 0.8531241 4.551427 0.04323133 1.229976 4.432132 0.03741683 1.429872 4.717186  O_Gathering_Close
-0.05247949 0.2835499 4.170983 -0.1394023 0.3148412 4.247445 -0.3291413 0.5393184 4.302871 -0.3053646 0.8060555 4.149921 -0.003784163 0.3290284 4.270762 0.2071163 0.5688909 4.37399 0.283743 0.8662689 4.345722 -0.09879462 0.4162136 4.359763 -0.2466863 0.8146315 4.472304 -0.1683727 1.125419 4.211819 -0.04862736 1.416797 4.358222 -0.07442205 0.8340653 4.539004 0.03720339 1.221713 4.45141 0.03511186 1.429568 4.730766  O_Gathering_Close
-0.05968593 0.2551755 4.17775 -0.1459206 0.2908705 4.253053 -0.3339528 0.5210878 4.302788 -0.3193062 0.7948984 4.161648 -0.01003288 0.3032199 4.275841 0.2021124 0.5421715 4.380369 0.2812966 0.8393219 4.35722 -0.1032496 0.3953683 4.361682 -0.2457807 0.799286 4.462926 -0.1655037 1.12328 4.219702 -0.04894678 1.418824 4.360208 -0.07322673 0.818597 4.528909 0.03588398 1.209537 4.453648 0.03920348 1.430527 4.722721  O_Gathering_Close
-0.06985663 0.222602 4.182675 -0.1545851 0.2632512 4.257173 -0.3407772 0.4996544 4.301298 -0.3386451 0.7819142 4.177071 -0.01825468 0.2733599 4.278364 0.1958201 0.511049 4.38327 0.2778352 0.8078365 4.366092 -0.1085858 0.3709836 4.361185 -0.2441495 0.7805427 4.450791 -0.1613354 1.119817 4.230317 -0.04889778 1.420941 4.36206 -0.07081906 0.7996263 4.514775 0.03265973 1.193474 4.447102 0.04064896 1.424852 4.707194  O_Gathering_Close
-0.07906155 0.199373 4.186357 -0.1620865 0.2438402 4.26059 -0.3473926 0.4844514 4.302131 -0.3538647 0.7711962 4.188804 -0.02533488 0.2521732 4.279743 0.1914334 0.488611 4.383141 0.2767167 0.784653 4.369346 -0.1128584 0.3539385 4.360569 -0.242622 0.7674532 4.44176 -0.1583593 1.117211 4.23892 -0.04915122 1.422556 4.363468 -0.0683497 0.7863737 4.503182 0.03152605 1.180012 4.429172 0.04210957 1.417638 4.683474  O_Gathering_Close
-0.08850364 0.1797851 4.190051 -0.1695153 0.2277935 4.264304 -0.3544046 0.4718777 4.305075 -0.3674665 0.7611738 4.199034 -0.03233806 0.2344364 4.280903 0.1864353 0.4699998 4.382334 0.2736375 0.7656194 4.371887 -0.1168186 0.3399794 4.360106 -0.2409667 0.7568634 4.43388 -0.1556688 1.115097 4.246885 -0.04926221 1.424116 4.364609 -0.06557344 0.7756298 4.492074 0.03155966 1.166349 4.400933 0.04385443 1.408533 4.65082  O_Gathering_Close
-0.09987049 0.1583858 4.194564 -0.178117 0.2105788 4.268959 -0.3639011 0.4580988 4.311152 -0.3849259 0.7493657 4.21201 -0.04047148 0.2151486 4.282001 0.1804997 0.4499663 4.379733 0.2694205 0.7451616 4.372169 -0.1209972 0.3250726 4.359343 -0.2386221 0.7455144 4.42487 -0.1522938 1.112322 4.255833 -0.04921011 1.425701 4.36465 -0.06175623 0.7640894 4.478489 0.03216644 1.14803 4.359445 0.04700883 1.396339 4.603105  O_Gathering_Close
-0.1125196 0.135849 4.199299 -0.187091 0.192874 4.273921 -0.374222 0.4439621 4.318878 -0.4051654 0.7378057 4.230526 -0.04901676 0.1949309 4.282198 0.174257 0.4292163 4.373856 0.2645747 0.7240313 4.368266 -0.1245647 0.3097965 4.357349 -0.2349786 0.7338082 4.414092 -0.1487603 1.110489 4.268309 -0.05038981 1.428293 4.368299 -0.05630611 0.7521194 4.461445 0.03269162 1.122476 4.302327 0.05142065 1.379176 4.536852  O_Gathering_Close
-0.1210239 0.1198708 4.202655 -0.1926627 0.1805155 4.277296 -0.3762767 0.43576 4.316081 -0.4191192 0.7349015 4.254546 -0.05439941 0.1806048 4.281826 0.1704632 0.4144882 4.368386 0.2617867 0.7090153 4.364119 -0.1261138 0.2990845 4.355099 -0.2315939 0.7254286 4.405766 -0.1454349 1.108306 4.277096 -0.05066333 1.429823 4.368306 -0.05162464 0.7434819 4.448035 0.03258904 1.100139 4.258015 0.05616208 1.365109 4.482699  O_Gathering_Close
-0.1259319 0.1083513 4.205037 -0.1953958 0.1716834 4.279501 -0.3779818 0.4293687 4.316161 -0.4298572 0.7300461 4.271333 -0.05707751 0.1702756 4.281325 0.1687436 0.4039494 4.363745 0.2606153 0.6983141 4.360086 -0.125999 0.291387 4.352958 -0.2281101 0.7193308 4.399186 -0.1424973 1.106629 4.284099 -0.05088792 1.430964 4.368293 -0.0472639 0.7371248 4.437651 0.03274878 1.085131 4.230546 0.05985244 1.356519 4.447021  O_Gathering_Close
-0.1289989 0.09847319 4.20724 -0.1966249 0.1641282 4.281384 -0.3806393 0.4232051 4.320985 -0.4376443 0.7240601 4.284322 -0.05831478 0.1614085 4.280985 0.1681171 0.3950111 4.359534 0.2602382 0.6892996 4.356013 -0.1249012 0.2847573 4.350991 -0.2243404 0.714008 4.393412 -0.139798 1.105151 4.291265 -0.05145441 1.431954 4.369171 -0.04280822 0.7315252 4.428637 0.03407707 1.074126 4.211573 0.06432481 1.352368 4.418732  O_Gathering_Close
-0.130794 0.08904684 4.209754 -0.1966672 0.1570021 4.283402 -0.3831377 0.4170108 4.327614 -0.4436719 0.7176813 4.295361 -0.05840991 0.1529847 4.280944 0.1684755 0.386566 4.355536 0.2607249 0.6808133 4.351936 -0.1227906 0.2785121 4.349116 -0.2197849 0.7090017 4.387652 -0.1367977 1.103676 4.298659 -0.05210213 1.432873 4.370286 -0.0376427 0.7261906 4.419751 0.03652145 1.06488 4.195714 0.06939508 1.349897 4.393027  O_Gathering_Close
-0.13107 0.08037806 4.212614 -0.1953531 0.1505406 4.285594 -0.385268 0.4108481 4.335548 -0.4477011 0.7111491 4.303471 -0.05718104 0.1452849 4.281338 0.1700064 0.3788736 4.352091 0.262293 0.6731063 4.348263 -0.1195726 0.2728664 4.347517 -0.2144041 0.7045093 4.382113 -0.1334735 1.102269 4.305879 -0.05269448 1.433753 4.371203 -0.03174381 0.7213214 4.411338 0.04005964 1.057113 4.182228 0.07492663 1.348142 4.370202  O_Gathering_Close
-0.1302441 0.07101142 4.216642 -0.1927574 0.1437553 4.288625 -0.3866527 0.4040102 4.345452 -0.4498706 0.7039182 4.311303 -0.0547205 0.137079 4.28242 0.1726702 0.3707258 4.348566 0.2648756 0.6649771 4.344236 -0.1149291 0.267013 4.345993 -0.207462 0.6999248 4.375811 -0.1293768 1.100707 4.313755 -0.05335651 1.434614 4.37207 -0.02426366 0.7162449 4.401764 0.04610391 1.051079 4.170814 0.08231641 1.349317 4.346856  O_Gathering_Close
-0.1284937 0.06197095 4.22209 -0.1891491 0.1375433 4.292737 -0.3862373 0.3978947 4.355223 -0.4498158 0.6974104 4.318405 -0.05129955 0.1293505 4.284513 0.1761451 0.363114 4.345415 0.2680975 0.6574308 4.34024 -0.10927 0.2617949 4.344905 -0.1995259 0.6959897 4.369256 -0.1248506 1.099326 4.321107 -0.05409501 1.435518 4.372514 -0.01580636 0.7117128 4.391649 0.05597844 1.049405 4.165343 0.09238292 1.356077 4.326199  O_Gathering_Close
-0.1267158 0.05601633 4.226935 -0.1860589 0.1337119 4.296382 -0.3849841 0.3941997 4.362378 -0.4483123 0.6934668 4.323183 -0.0483701 0.1244205 4.286754 0.1790132 0.3582979 4.343664 0.2706952 0.652684 4.337698 -0.1047963 0.2586974 4.344505 -0.1935481 0.6937526 4.364728 -0.1216051 1.098508 4.325076 -0.0543416 1.436023 4.37233 -0.009491486 0.7090108 4.384523 0.06416865 1.0503 4.164298 0.1003832 1.363389 4.312324  O_Gathering_Close
-0.1244361 0.05032551 4.233323 -0.1823877 0.1303955 4.301231 -0.3826999 0.3912228 4.370344 -0.4450977 0.690275 4.328133 -0.04489599 0.1199208 4.290115 0.1823147 0.3539542 4.342478 0.2736033 0.6484398 4.335475 -0.09973113 0.256188 4.344646 -0.1870028 0.6920972 4.360275 -0.1183798 1.098058 4.327698 -0.05472718 1.436719 4.371638 -0.002618415 0.7068288 4.377214 0.07387085 1.052237 4.164503 0.1099469 1.372768 4.295675  O_Gathering_Close
-0.1216844 0.04528058 4.239882 -0.1784026 0.1276478 4.306063 -0.3798543 0.3887817 4.377806 -0.4413138 0.687642 4.332942 -0.04110936 0.1160635 4.293668 0.1858323 0.3502606 4.34165 0.2766695 0.6448572 4.333535 -0.09456651 0.2541903 4.344783 -0.1805989 0.6908278 4.355983 -0.1153263 1.097701 4.328261 -0.05490259 1.437215 4.370129 0.004048305 0.7050413 4.370298 0.08274092 1.056948 4.169369 0.1187428 1.383478 4.284824  O_Gathering_Close
-0.118348 0.04078531 4.246829 -0.1739925 0.1254005 4.311055 -0.376683 0.3866055 4.385371 -0.4376633 0.685306 4.338821 -0.03689108 0.1127745 4.2976 0.1896896 0.3471522 4.341353 0.2800212 0.6418695 4.332063 -0.08917777 0.2526495 4.345039 -0.1741965 0.6899038 4.351975 -0.112345 1.097475 4.326778 -0.05487112 1.437592 4.3679 0.0106578 0.7036157 4.363909 0.0904512 1.063506 4.178126 0.1264196 1.395266 4.277571  O_Gathering_Close
-0.1139823 0.03644741 4.256294 -0.1685805 0.1235918 4.317987 -0.3725044 0.3848034 4.394845 -0.4329498 0.6833882 4.346876 -0.03168325 0.1098217 4.303607 0.1943732 0.344406 4.342693 0.2840423 0.6392774 4.331983 -0.08284818 0.2515682 4.346496 -0.1668957 0.6894308 4.348564 -0.1091152 1.097674 4.324614 -0.05496721 1.438334 4.365752 0.01814188 0.7025652 4.358058 0.09843428 1.069651 4.187164 0.1360095 1.407523 4.262519  O_Gathering_Close
-0.1025764 0.02818072 4.278142 -0.1557916 0.1203867 4.333344 -0.3611358 0.3819785 4.412525 -0.4197229 0.6805376 4.362151 -0.01918129 0.1043959 4.31854 0.2055205 0.3393358 4.349124 0.2936121 0.6345566 4.33538 -0.06879233 0.2495116 4.350626 -0.1513134 0.6883553 4.342256 -0.1022231 1.097765 4.318844 -0.05483321 1.439388 4.360339 0.03395464 0.7002715 4.348197 0.1082783 1.084903 4.21805 0.1510522 1.429116 4.248631  O_Gathering_Close
-0.0946192 0.02369797 4.293531 -0.1475758 0.1188011 4.343852 -0.3528338 0.3813068 4.421166 -0.410301 0.6800127 4.370374 -0.01100831 0.1016446 4.329987 0.2128206 0.3367432 4.356576 0.2998967 0.63218 4.341106 -0.0601841 0.2483786 4.354487 -0.141984 0.6876389 4.339776 -0.09798007 1.097689 4.317482 -0.05475466 1.440019 4.357677 0.04335566 0.6988159 4.344855 0.1120919 1.087865 4.225191 0.1545869 1.432821 4.24635  O_Gathering_Close
-0.08536975 0.01926243 4.311852 -0.1383649 0.1173452 4.356038 -0.3428215 0.3814131 4.428528 -0.3996343 0.6803411 4.378309 -0.001768811 0.09912264 4.343925 0.2211955 0.3342968 4.36699 0.3072503 0.6299465 4.349955 -0.05074475 0.2471657 4.359222 -0.131726 0.686783 4.337549 -0.09318249 1.097517 4.317891 -0.05472366 1.440751 4.35511 0.05367484 0.6970516 4.342305 0.1163769 1.087807 4.224907 0.1553285 1.433308 4.243866  O_Gathering_Close
-0.07694159 0.01599491 4.327854 -0.1301556 0.116318 4.366386 -0.3337166 0.3816608 4.433547 -0.3902116 0.6808047 4.384265 0.006503062 0.09743893 4.356126 0.2290513 0.3324678 4.377211 0.3145619 0.6282362 4.35951 -0.04248176 0.246101 4.363158 -0.1226302 0.6860084 4.3356 -0.0888987 1.0973 4.318977 -0.0547323 1.441322 4.352966 0.0628276 0.6952971 4.340146 0.1200087 1.087706 4.225477 0.1560345 1.433657 4.241846  O_Gathering_Close
-0.07242881 0.01458347 4.33531 -0.1258216 0.1158355 4.371064 -0.3289573 0.3816389 4.435531 -0.3852967 0.6809051 4.386817 0.0108818 0.09674799 4.361839 0.2333416 0.3316613 4.382378 0.3186481 0.6274762 4.364469 -0.03816603 0.2455243 4.364893 -0.1178048 0.6856128 4.334577 -0.08662747 1.097171 4.319663 -0.05471913 1.441571 4.351984 0.06768639 0.6942821 4.338984 0.121854 1.087675 4.22624 0.156489 1.43384 4.241019  O_Gathering_Close
-0.06782602 0.0133462 4.340918 -0.1215024 0.1152339 4.374368 -0.3242887 0.3813045 4.436379 -0.3804334 0.6806828 4.388131 0.015265 0.0961256 4.366195 0.2377092 0.3310121 4.386664 0.3227405 0.6268836 4.368384 -0.03395758 0.2448753 4.366016 -0.1131977 0.6852183 4.333667 -0.08444004 1.097013 4.320525 -0.05466203 1.44175 4.351243 0.07232745 0.693198 4.337942 0.1237457 1.087609 4.22749 0.1570113 1.433979 4.240507  O_Gathering_Close
-0.06352757 0.01230896 4.343859 -0.1175847 0.1144842 4.375783 -0.3201385 0.3806279 4.435836 -0.3760444 0.6800912 4.387839 0.01926233 0.09555757 4.368577 0.2417749 0.330542 4.389469 0.3264733 0.6264713 4.370589 -0.03025226 0.2441934 4.366333 -0.1093133 0.6848658 4.332989 -0.08257882 1.096846 4.321504 -0.05457411 1.441853 4.350839 0.0762424 0.6921583 4.337163 0.1255304 1.087512 4.229138 0.1575661 1.43406 4.240386  O_Gathering_Close
-0.05931221 0.01134408 4.345713 -0.113846 0.1136318 4.376445 -0.3161156 0.3798404 4.434474 -0.3715104 0.6793653 4.386269 0.02309425 0.09503412 4.370221 0.2456945 0.330228 4.391844 0.3299408 0.6262343 4.372164 -0.02682106 0.2435043 4.366418 -0.1058997 0.6845517 4.332379 -0.08092724 1.096685 4.322511 -0.05445467 1.441913 4.350629 0.07968439 0.6911325 4.336476 0.1269376 1.087464 4.231157 0.158207 1.434137 4.240535  O_Gathering_Close
-0.05541478 0.0104754 4.346821 -0.1104988 0.1127449 4.376618 -0.3124556 0.3789996 4.432606 -0.3671228 0.6785605 4.383798 0.0265422 0.0946002 4.371347 0.2492325 0.3301041 4.393882 0.3329357 0.6261988 4.373239 -0.0238729 0.2428666 4.36637 -0.1031576 0.6842982 4.331848 -0.07959758 1.096547 4.32345 -0.05434279 1.441948 4.350543 0.08245082 0.6901928 4.335887 0.1279504 1.087468 4.23339 0.1588602 1.43422 4.240856  O_Gathering_Close
-0.05262164 0.009853125 4.347647 -0.1081845 0.1120628 4.376752 -0.3098782 0.3783374 4.431056 -0.3638431 0.6779086 4.381535 0.02893926 0.0943507 4.372212 0.2516719 0.3301712 4.395483 0.3348703 0.6263474 4.373988 -0.0219395 0.2424271 4.366374 -0.1015027 0.6841455 4.331462 -0.07880066 1.096462 4.324096 -0.05428086 1.44197 4.350492 0.08412196 0.6895322 4.335464 0.1284819 1.087514 4.235231 0.1593669 1.434297 4.241147  O_Gathering_Close
-0.04955057 0.009181499 4.348486 -0.1057162 0.1112734 4.376837 -0.3070908 0.377548 4.429114 -0.3601277 0.6771106 4.378548 0.03150608 0.09413898 4.373134 0.2542643 0.3303975 4.397288 0.336801 0.6266767 4.37469 -0.01998024 0.2419659 4.366368 -0.09997414 0.6840056 4.331048 -0.07807074 1.096383 4.324739 -0.05422566 1.441991 4.350439 0.08566673 0.6888325 4.335012 0.1289498 1.087591 4.237433 0.159933 1.434392 4.24151  O_Gathering_Close
-0.04615132 0.008455873 4.34934 -0.1030882 0.1103486 4.376858 -0.3040722 0.376585 4.426652 -0.355877 0.6761057 4.374584 0.03425183 0.0939945 4.374118 0.2570041 0.3308626 4.399334 0.3386621 0.6272713 4.375286 -0.01804273 0.2414875 4.366339 -0.09868167 0.6838879 4.330607 -0.07746743 1.096316 4.325332 -0.05419527 1.442011 4.350368 0.08697493 0.6880991 4.334534 0.1293658 1.087708 4.24009 0.1605742 1.434508 4.241957  O_Gathering_Close
-0.04346309 0.00792551 4.349925 -0.1010539 0.1096188 4.376812 -0.3017111 0.3757993 4.424557 -0.3524432 0.6752612 4.371113 0.03637906 0.09394968 4.374835 0.2591054 0.3313607 4.400921 0.3399859 0.6278757 4.375592 -0.01661627 0.2411503 4.366301 -0.09786288 0.6838222 4.330287 -0.07709114 1.09628 4.325656 -0.05417738 1.442028 4.350301 0.08780409 0.6875768 4.334186 0.1296266 1.08781 4.242164 0.1610654 1.434594 4.242306  O_Gathering_Close
-0.04036562 0.007369637 4.350489 -0.09875093 0.1087885 4.37669 -0.2990096 0.3748767 4.422002 -0.3484034 0.6742404 4.366783 0.03878673 0.09397531 4.375586 0.2614612 0.3320712 4.402697 0.3413617 0.6287093 4.37575 -0.01507596 0.2408115 4.36624 -0.09712635 0.6837763 4.329953 -0.07676069 1.09626 4.325852 -0.05416993 1.44205 4.350208 0.0885504 0.687046 4.333823 0.1298541 1.087937 4.244469 0.1616085 1.434688 4.242692  O_Gathering_Close
-0.03747336 0.006915689 4.350913 -0.09661119 0.1080495 4.376521 -0.2964873 0.3740304 4.419557 -0.3445882 0.6732745 4.362576 0.04101713 0.09406388 4.37621 0.2636285 0.3328238 4.404279 0.3425533 0.6295716 4.375714 -0.01367633 0.2405468 4.366174 -0.09654288 0.6837548 4.329679 -0.07650225 1.096258 4.325893 -0.05416588 1.442073 4.350117 0.08914103 0.6866273 4.333522 0.1300476 1.088043 4.246368 0.1620516 1.434759 4.243004  O_Gathering_Close
-0.03445075 0.006508708 4.351257 -0.09438513 0.107317 4.37629 -0.2938466 0.3731648 4.416943 -0.3405491 0.6722546 4.358021 0.04333027 0.09422243 4.376789 0.2658634 0.3336986 4.40586 0.343703 0.6305531 4.375482 -0.01225136 0.2403241 4.366096 -0.09604029 0.6837525 4.329429 -0.07628636 1.096271 4.32581 -0.05417274 1.442101 4.350019 0.08964933 0.6862715 4.333245 0.1302237 1.088139 4.24804 0.1624425 1.434819 4.243269  O_Gathering_Close
-0.03014676 0.006054044 4.351611 -0.09122138 0.1063625 4.375885 -0.2900633 0.371995 4.413134 -0.3347154 0.6708125 4.351313 0.04660227 0.09456313 4.377519 0.2690138 0.3350767 4.40801 0.345173 0.6320618 4.374784 -0.01025854 0.2401069 4.365978 -0.09548084 0.6837742 4.329133 -0.07606427 1.096309 4.325595 -0.05420975 1.442149 4.3499 0.09021427 0.6859259 4.332905 0.1304173 1.088222 4.249568 0.1627759 1.434869 4.243485  O_Gathering_Close
-0.02767919 0.00587213 4.351755 -0.08941285 0.105876 4.375615 -0.2878776 0.3713752 4.410888 -0.3313177 0.6700079 4.347335 0.04846414 0.09483266 4.377902 0.2708076 0.3359467 4.409212 0.3459016 0.6329914 4.374145 -0.00913672 0.2400485 4.365908 -0.09526692 0.6837988 4.328992 -0.07600008 1.096341 4.325479 -0.05425886 1.442183 4.349855 0.0904301 0.6858392 4.332735 0.1304661 1.088225 4.249753 0.1627731 1.434873 4.24348  O_Gathering_Close
-0.02525489 0.005743861 4.351852 -0.0876417 0.105436 4.375315 -0.285714 0.3708003 4.408613 -0.3279276 0.6692283 4.343297 0.05028107 0.09514499 4.378257 0.2725631 0.3368498 4.410388 0.346502 0.6339395 4.373305 -0.00805114 0.2400326 4.365836 -0.09512572 0.6838287 4.328876 -0.07598041 1.096377 4.325385 -0.05432979 1.44222 4.349832 0.09057249 0.6858257 4.332582 0.1304693 1.088201 4.249481 0.162648 1.434864 4.243391  O_Gathering_Close
-0.02316128 0.005644798 4.351898 -0.08611964 0.1050581 4.375015 -0.2838265 0.3703043 4.406549 -0.3249386 0.6685352 4.339649 0.05183663 0.09542429 4.378551 0.2740739 0.3376354 4.41144 0.3468682 0.6347522 4.372365 -0.007129116 0.2400236 4.365765 -0.09501933 0.6838491 4.328784 -0.07597886 1.096403 4.325349 -0.05440633 1.442248 4.349829 0.09067978 0.6858248 4.332454 0.1304552 1.088176 4.249177 0.1625054 1.434855 4.243303  O_Gathering_Close
-0.02164046 0.005580664 4.351908 -0.08502172 0.104786 4.37476 -0.2824317 0.369954 4.404941 -0.3226957 0.6680268 4.336831 0.05295451 0.0956341 4.378767 0.2751729 0.3382035 4.412268 0.3469755 0.6353303 4.37147 -0.006470127 0.2400209 4.365706 -0.09494059 0.6838615 4.328722 -0.07598411 1.096419 4.325336 -0.05447422 1.442268 4.349833 0.09075923 0.6858313 4.33236 0.130437 1.088155 4.248905 0.1623764 1.434847 4.243228  O_Gathering_Close
-0.02033184 0.0055269 4.351891 -0.08408903 0.1045495 4.374489 -0.281194 0.3696712 4.403376 -0.32065 0.6675884 4.334122 0.05389996 0.09581625 4.378964 0.2761256 0.3386787 4.413086 0.3468327 0.6358021 4.370394 -0.005916161 0.2400173 4.365644 -0.09485261 0.6838688 4.328668 -0.07598768 1.096431 4.325328 -0.05454658 1.442282 4.349844 0.09084792 0.6858361 4.332273 0.1304199 1.08814 4.248672 0.1622491 1.434845 4.243162  O_Gathering_Close
-0.01952933 0.00549531 4.351869 -0.08353059 0.1044056 4.374268 -0.2804111 0.3695116 4.402252 -0.319324 0.6673285 4.332263 0.05446174 0.09592927 4.379117 0.2767273 0.3389466 4.413744 0.3464532 0.636054 4.36936 -0.005585236 0.2400157 4.365596 -0.09476726 0.6838695 4.328632 -0.07598619 1.096436 4.325326 -0.05460874 1.44229 4.349855 0.09093381 0.6858411 4.332207 0.1304096 1.088131 4.248494 0.1621431 1.434847 4.243111  O_Gathering_Close
-0.01905177 0.005476713 4.351838 -0.08322476 0.1043228 4.374028 -0.2799117 0.3694427 4.401274 -0.3184317 0.6671983 4.330809 0.05476214 0.09599745 4.379278 0.2771257 0.3390555 4.41445 0.3456485 0.6361258 4.367991 -0.005402071 0.2400155 4.365549 -0.09465311 0.6838635 4.328603 -0.07597642 1.096435 4.325331 -0.05467884 1.442293 4.349872 0.09104849 0.6858485 4.332142 0.1304055 1.088127 4.248317 0.1620263 1.434855 4.243059  O_Gathering_Close
-0.01883738 0.005468965 4.351817 -0.08309297 0.1042908 4.373877 -0.279702 0.3694041 4.400793 -0.3180855 0.6671507 4.330216 0.05488749 0.09602416 4.379383 0.2773318 0.3390701 4.414903 0.3450411 0.6361036 4.367039 -0.00531177 0.240015 4.365524 -0.09458999 0.6838607 4.328588 -0.0759673 1.096435 4.325336 -0.05471091 1.442295 4.349884 0.09111185 0.6858513 4.332108 0.1304072 1.088123 4.248222 0.1619687 1.434858 4.243034  O_Gathering_Close
-0.0186802 0.005463481 4.351796 -0.08300607 0.104273 4.373705 -0.279551 0.3693775 4.400335 -0.3178523 0.6671341 4.329756 0.0549642 0.09603977 4.379507 0.277517 0.3390377 4.415425 0.3442184 0.6360137 4.365821 -0.005239351 0.2400146 4.365501 -0.09452693 0.6838579 4.328575 -0.07595561 1.096434 4.325343 -0.05473826 1.442297 4.349899 0.09117527 0.6858532 4.332076 0.1304115 1.088118 4.24813 0.1619162 1.434859 4.243011  O_Gathering_Close
-0.01859335 0.005460143 4.351787 -0.0829625 0.104265 4.37359 -0.2794502 0.3693756 4.400009 -0.3176819 0.6671372 4.329412 0.05499985 0.09604681 4.3796 0.2776316 0.3390037 4.415793 0.3435459 0.635927 4.36484 -0.005197806 0.240014 4.36549 -0.09449266 0.6838563 4.32857 -0.07594965 1.096434 4.325349 -0.05475358 1.442297 4.34991 0.09120972 0.6858538 4.332059 0.130413 1.088115 4.248079 0.1618862 1.434859 4.243  O_Gathering_Close
-0.01855193 0.005458355 4.351783 -0.08294241 0.1042608 4.373534 -0.2794023 0.3693742 4.39985 -0.3175996 0.6671381 4.329245 0.05501588 0.0960505 4.379646 0.2776836 0.3389896 4.415968 0.3431435 0.6358806 4.364246 -0.00517915 0.2400137 4.365485 -0.09447758 0.6838555 4.328569 -0.07594739 1.096434 4.325352 -0.0547608 1.442298 4.349915 0.09122492 0.685854 4.332052 0.1304129 1.088113 4.248056 0.1618716 1.434859 4.242995  O_Gathering_Close
-0.01852022 0.005457044 4.351782 -0.08292817 0.1042575 4.37349 -0.2793649 0.3693731 4.399721 -0.3175338 0.6671389 4.329109 0.05502679 0.09605348 4.379685 0.2777211 0.3389808 4.416106 0.3427109 0.6358374 4.363599 -0.005166156 0.2400135 4.365483 -0.09446757 0.6838549 4.328569 -0.07594661 1.096434 4.325356 -0.05476693 1.442298 4.34992 0.091235 0.6858543 4.332047 0.1304116 1.088112 4.248041 0.1618602 1.434859 4.242991  O_Gathering_Close
-0.01850472 0.005456328 4.351783 -0.0829203 0.1042558 4.373473 -0.2793467 0.3693725 4.399666 -0.3175038 0.6671393 4.329051 0.05503317 0.09605467 4.379704 0.2777403 0.3389771 4.416164 0.3422244 0.6357976 4.362837 -0.005158884 0.2400132 4.365484 -0.09446172 0.6838545 4.328571 -0.07594524 1.096434 4.32536 -0.05476896 1.442298 4.349924 0.0912409 0.6858543 4.332047 0.130412 1.088112 4.248035 0.1618554 1.434859 4.242991  O_Gathering_Close
-0.0185043 0.005456328 4.351783 -0.08292006 0.1042558 4.373473 -0.2793464 0.3693726 4.399665 -0.3175032 0.6671392 4.32905 0.0550334 0.09605467 4.379705 0.2777409 0.3389771 4.416165 0.3422017 0.635796 4.362801 -0.005158646 0.2400132 4.365484 -0.09446149 0.6838545 4.328571 -0.07594524 1.096434 4.32536 -0.05476914 1.442298 4.349924 0.09124108 0.6858543 4.332047 0.1304121 1.088112 4.248035 0.1618553 1.434859 4.242992  O_Gathering_Close
