0.007710533 0.04648197 13.51355 -0.06559919 0.13478 13.54833 -0.2009753 0.3573321 13.41801 0.008096354 0.1605715 13.3054 0.07259424 0.1410798 13.54871 0.2964558 0.387725 13.55885 0.2564494 0.2583421 13.28179 -0.002943737 0.2782933 13.5527 -0.116036 0.719675 13.57282 -0.176069 1.128138 13.56148 -0.2163983 1.470653 13.60308 0.06950237 0.7275754 13.57664 0.1470762 1.097419 13.41051 0.2039463 1.427325 13.31472  SA_HookPunch_Far
0.00442596 0.04603839 13.51506 -0.06844829 0.1345211 13.55021 -0.2041368 0.3558128 13.41915 0.004828351 0.1581185 13.30798 0.06975879 0.1405094 13.54978 0.2955539 0.3855826 13.55623 0.2532344 0.2522205 13.28141 -0.005445642 0.2778989 13.55399 -0.1174207 0.7195659 13.57396 -0.1762603 1.12817 13.56152 -0.2155908 1.470869 13.60257 0.06815286 0.7270615 13.57676 0.1457607 1.097158 13.4112 0.2030102 1.42664 13.31419  SA_HookPunch_Far
-0.0001389812 0.04479718 13.51721 -0.07239257 0.1335346 13.55292 -0.2087985 0.352927 13.42089 -9.725797E-05 0.1538985 13.31163 0.06582232 0.1391003 13.55122 0.2943036 0.3818016 13.55204 0.2482749 0.2427821 13.28063 -0.008924348 0.2767274 13.55581 -0.119353 0.7187834 13.57564 -0.1764078 1.127593 13.56169 -0.2142559 1.470575 13.60175 0.06625952 0.72572 13.57682 0.1439095 1.096328 13.41243 0.2016511 1.42524 13.31379  SA_HookPunch_Far
-0.007928891 0.04158676 13.52149 -0.07900493 0.1307276 13.55864 -0.2190862 0.3456829 13.4254 -0.01197348 0.1437796 13.31841 0.0591528 0.1356844 13.55363 0.2923824 0.3731471 13.54075 0.2362592 0.2234321 13.27705 -0.01488088 0.2736558 13.55931 -0.1227553 0.7163359 13.57941 -0.1757426 1.125612 13.56328 -0.210277 1.469337 13.59982 0.0628667 0.722375 13.57633 0.1404917 1.094678 13.4158 0.1989373 1.422514 13.31404  SA_HookPunch_Far
-0.01709311 0.03684723 13.52797 -0.08646224 0.1262914 13.56793 -0.2354119 0.3337637 13.4341 -0.03255622 0.1269783 13.32828 0.05136963 0.1307019 13.55697 0.289772 0.3598466 13.5219 0.215875 0.1976358 13.27024 -0.02190248 0.2689856 13.5646 -0.126984 0.7123328 13.58551 -0.1746366 1.122169 13.56714 -0.2047034 1.466989 13.59662 0.05836501 0.7174406 13.5745 0.1360953 1.093224 13.42236 0.1951444 1.419704 13.31666  SA_HookPunch_Far
-0.02634804 0.03143692 13.53633 -0.093383 0.1210829 13.58076 -0.2568033 0.3184526 13.44936 -0.06178169 0.1043782 13.34331 0.04341348 0.1250086 13.56055 0.2841646 0.3441401 13.49431 0.1853333 0.1668154 13.26216 -0.02893691 0.263561 13.57141 -0.1311954 0.7075154 13.59404 -0.1736581 1.117824 13.57358 -0.1990729 1.46379 13.5919 0.05304261 0.7117789 13.57081 0.1310548 1.092482 13.43158 0.1894862 1.417226 13.32034  SA_HookPunch_Far
-0.0315151 0.02807117 13.54175 -0.09666519 0.1178968 13.58959 -0.2716988 0.3082108 13.4632 -0.08312105 0.08907104 13.35585 0.03882136 0.1215836 13.56189 0.2778182 0.333812 13.47203 0.1612643 0.1445899 13.25822 -0.03278766 0.26026 13.57569 -0.1333203 0.7045082 13.60046 -0.1732314 1.115009 13.57877 -0.1962748 1.461498 13.58817 0.04943534 0.7083402 13.56749 0.1275352 1.092325 13.43765 0.1839201 1.41592 13.32209  SA_HookPunch_Far
-0.03512434 0.02557194 13.54583 -0.09850143 0.11559 13.59656 -0.2837181 0.3002115 13.47668 -0.1009492 0.07707202 13.36753 0.03544315 0.1191474 13.56216 0.2704957 0.3255831 13.45201 0.1401186 0.1258324 13.25655 -0.03543822 0.2578861 13.5788 -0.1346019 0.7023086 13.60605 -0.1730524 1.112894 13.58333 -0.1948218 1.459589 13.58487 0.04638215 0.7058694 13.56441 0.1246828 1.092301 13.44217 0.1783322 1.415078 13.32307  SA_HookPunch_Far
-0.03999214 0.02198648 13.55128 -0.09962492 0.1123049 13.60716 -0.3034532 0.2873666 13.50402 -0.1322457 0.0578171 13.38956 0.03044684 0.1159704 13.5602 0.2511384 0.3131377 13.41431 0.1021652 0.09418774 13.25628 -0.03893862 0.2546399 13.58269 -0.1360075 0.6991622 13.61596 -0.1723577 1.109761 13.59023 -0.1927928 1.456333 13.57822 0.04051651 0.7025622 13.55826 0.1206048 1.092618 13.44943 0.1689343 1.415411 13.32811  SA_HookPunch_Far
-0.04287813 0.02012491 13.55456 -0.09868942 0.1105584 13.61471 -0.3169626 0.2781674 13.52941 -0.1572104 0.04346919 13.40898 0.02702864 0.1145879 13.55712 0.2290121 0.3057472 13.38337 0.07105972 0.07207501 13.25866 -0.04078154 0.2530559 13.58501 -0.1361817 0.6974729 13.62441 -0.1721799 1.107821 13.59453 -0.1929244 1.453881 13.57248 0.03536405 0.7010581 13.55328 0.1175961 1.092777 13.45229 0.1625202 1.416518 13.3322  SA_HookPunch_Far
-0.04589824 0.01922107 13.55772 -0.09566514 0.1096739 13.62339 -0.3303683 0.2683911 13.5668 -0.1881136 0.02754688 13.43694 0.02262725 0.1143624 13.55182 0.1919867 0.2995166 13.34546 0.03083803 0.04918528 13.26502 -0.04228906 0.2524724 13.58733 -0.1348035 0.6965926 13.6359 -0.1734602 1.106089 13.59858 -0.1972456 1.451055 13.56531 0.0284033 0.7007049 13.54731 0.1131696 1.09309 13.45112 0.1570339 1.41899 13.33661  SA_HookPunch_Far
-0.04823903 0.02059031 13.55966 -0.08962415 0.1108327 13.63136 -0.3370518 0.2620505 13.61562 -0.218156 0.01692808 13.4711 0.01758696 0.1165762 13.54412 0.1400206 0.2978456 13.30897 -0.01476912 0.03331006 13.27483 -0.04256467 0.2541194 13.58899 -0.1303546 0.6976652 13.64955 -0.1782271 1.105066 13.60151 -0.2093486 1.448584 13.56027 0.02093579 0.7028108 13.54191 0.1045928 1.09437 13.44148 0.1525264 1.423047 13.33697  SA_HookPunch_Far
-0.04889921 0.02232397 13.55975 -0.08553873 0.1123346 13.63434 -0.3349713 0.2624977 13.64164 -0.2302384 0.01679683 13.48747 0.01497872 0.118772 13.53951 0.1109549 0.2996252 13.29445 -0.0383055 0.0301435 13.28012 -0.0421118 0.2559408 13.58926 -0.1269275 0.6990929 13.65629 -0.1819602 1.104828 13.60221 -0.2174969 1.447733 13.55946 0.01756604 0.7049392 13.53972 0.0982665 1.095775 13.43419 0.1499514 1.425827 13.33599  SA_HookPunch_Far
-0.04942707 0.02565908 13.55917 -0.07978939 0.115297 13.63706 -0.3274888 0.266013 13.67391 -0.2428612 0.02085388 13.50705 0.01146628 0.1227114 13.53336 0.07318909 0.3039083 13.28054 -0.06722943 0.02943718 13.28779 -0.04122339 0.2593466 13.58907 -0.1217993 0.701937 13.66422 -0.1875545 1.105023 13.6028 -0.2286205 1.447272 13.55975 0.01359375 0.7087628 13.53724 0.08893324 1.098629 13.42441 0.1464991 1.430076 13.33453  SA_HookPunch_Far
-0.04954497 0.02891517 13.5577 -0.07496326 0.1181463 13.63796 -0.3167027 0.2729694 13.69718 -0.2511392 0.03102577 13.51754 0.008686678 0.1264451 13.52809 0.0450532 0.3096322 13.2735 -0.08799045 0.03206158 13.29243 -0.04032091 0.2625899 13.58819 -0.1175489 0.7046833 13.66942 -0.1922176 1.105267 13.6021 -0.2365894 1.447219 13.55999 0.01085492 0.7123477 13.53542 0.0813566 1.101644 13.4176 0.1448232 1.433961 13.33523  SA_HookPunch_Far
-0.04976986 0.03459048 13.55513 -0.06837629 0.1232427 13.63803 -0.298039 0.2850223 13.72658 -0.2620437 0.04961514 13.53063 0.004524784 0.1327759 13.52085 0.007975297 0.3192474 13.26846 -0.1137712 0.03753114 13.29877 -0.03915135 0.2682244 13.58639 -0.1114831 0.7096263 13.67544 -0.1990278 1.10635 13.60114 -0.2472807 1.44801 13.56096 0.007203059 0.7184224 13.53283 0.07121499 1.107026 13.40917 0.1437951 1.43972 13.3364  SA_HookPunch_Far
-0.05015187 0.04333556 13.55087 -0.0604528 0.1312319 13.63617 -0.2685056 0.304531 13.75811 -0.2754781 0.08283007 13.54385 -0.0009919833 0.142332 13.51175 -0.03363268 0.3343742 13.26884 -0.1419442 0.04782975 13.30441 -0.03786449 0.2768767 13.58308 -0.1039177 0.7174104 13.68093 -0.207893 1.108731 13.5995 -0.2593668 1.450312 13.5628 0.002913909 0.7275697 13.52932 0.05976691 1.115498 13.40016 0.1451893 1.447369 13.33842  SA_HookPunch_Far
-0.05035607 0.05092442 13.5468 -0.05463789 0.1382717 13.63316 -0.2417669 0.3221214 13.78002 -0.2880054 0.1188508 13.55275 -0.005059524 0.1505373 13.5046 -0.06045334 0.3480498 13.27352 -0.1614316 0.0585345 13.30651 -0.03690253 0.2843944 13.57955 -0.09821425 0.7242771 13.68333 -0.2148386 1.111123 13.59775 -0.267374 1.452912 13.56467 -0.0001376699 0.7354236 13.52598 0.05174591 1.122797 13.39311 0.1474833 1.45318 13.33899  SA_HookPunch_Far
-0.05053918 0.0573256 13.54349 -0.05018763 0.1442646 13.63033 -0.2184799 0.3364432 13.79458 -0.2967839 0.1501409 13.56162 -0.008303924 0.1574032 13.49914 -0.0797125 0.3590838 13.27901 -0.1762931 0.06770957 13.30863 -0.03617386 0.2907366 13.57657 -0.09369121 0.7301239 13.6846 -0.2205086 1.11318 13.59651 -0.273503 1.455168 13.56635 -0.002481563 0.7420051 13.52323 0.04528554 1.128903 13.38746 0.1493147 1.457645 13.33894  SA_HookPunch_Far
-0.05034314 0.06890345 13.53697 -0.04270349 0.155188 13.62396 -0.1751398 0.359688 13.81667 -0.311331 0.2153075 13.58064 -0.01299564 0.1697153 13.48963 -0.1058092 0.3789755 13.29138 -0.1999829 0.0859797 13.31111 -0.03463594 0.3021961 13.57044 -0.08628874 0.7407579 13.68474 -0.2304935 1.116928 13.59376 -0.2828986 1.45946 13.56929 -0.006141944 0.7538363 13.51768 0.03398551 1.139866 13.37706 0.152144 1.465112 13.33831  SA_HookPunch_Far
-0.0496097 0.07604551 13.53272 -0.03832726 0.1620305 13.6196 -0.1480782 0.3723032 13.82746 -0.3196917 0.2610028 13.59666 -0.01478056 0.1771505 13.48412 -0.1162094 0.3911889 13.29992 -0.2119976 0.09830642 13.31213 -0.03335522 0.3092546 13.5663 -0.08236144 0.7474423 13.68319 -0.2362039 1.119645 13.59169 -0.2871367 1.46267 13.57135 -0.007756276 0.7610552 13.51363 0.02730401 1.146683 13.37058 0.1534685 1.469573 13.33782  SA_HookPunch_Far
-0.04871653 0.08403671 13.52802 -0.03355334 0.169727 13.6146 -0.11638 0.3854789 13.83621 -0.3226579 0.3140606 13.61837 -0.01662175 0.1854275 13.47821 -0.1257083 0.4042763 13.31 -0.2247026 0.1122359 13.3141 -0.03189401 0.3171543 13.56166 -0.0780798 0.7549649 13.68111 -0.2433135 1.122165 13.58926 -0.2930056 1.465592 13.57306 -0.009440525 0.7691073 13.5091 0.01985093 1.154286 13.36355 0.154781 1.474206 13.33723  SA_HookPunch_Far
-0.04691057 0.09061801 13.52394 -0.02950595 0.176216 13.61042 -0.09161071 0.3945762 13.84178 -0.3241692 0.3603351 13.64215 -0.01647888 0.192028 13.4736 -0.1275109 0.4149492 13.31677 -0.2314742 0.124621 13.31441 -0.03004698 0.323661 13.5575 -0.07534765 0.7613415 13.67768 -0.248898 1.124868 13.58656 -0.2968833 1.468719 13.57481 -0.009971185 0.7756726 13.50442 0.01443924 1.160735 13.35767 0.1559444 1.478214 13.3369  SA_HookPunch_Far
-0.04351614 0.1008824 13.51734 -0.02315138 0.1864225 13.60366 -0.05186115 0.4071593 13.84652 -0.314517 0.4333754 13.68705 -0.01531707 0.2021979 13.46645 -0.1261179 0.4306422 13.325 -0.2394339 0.1440313 13.31414 -0.02686147 0.3338028 13.55069 -0.0717334 0.7713729 13.67124 -0.2576104 1.129192 13.58186 -0.3022932 1.473659 13.57749 -0.01045219 0.7858596 13.4965 0.006235199 1.170783 13.34831 0.1576575 1.484112 13.33632  SA_HookPunch_Far
-0.03395538 0.1156398 13.50724 -0.01293544 0.2014519 13.59414 0.002795773 0.4219738 13.84553 -0.2767774 0.5304769 13.7736 -0.006413741 0.2162057 13.45674 -0.1038784 0.449773 13.31771 -0.2339294 0.1706258 13.30134 -0.0193498 0.3483115 13.53999 -0.06975453 0.7861814 13.65663 -0.2685623 1.137647 13.5699 -0.3067083 1.482784 13.57987 -0.007467194 0.8002001 13.4822 -0.001681132 1.185044 13.33299 0.1607999 1.493005 13.33578  SA_HookPunch_Far
-0.01558111 0.1298717 13.49735 -0.001184089 0.2161914 13.58606 0.05188598 0.4303979 13.83674 -0.1992473 0.6028336 13.88476 0.0164624 0.2289697 13.44944 -0.04660432 0.457389 13.27045 -0.192158 0.1857728 13.25848 -0.006245716 0.3620106 13.52903 -0.0735511 0.800626 13.63286 -0.2749934 1.150313 13.54503 -0.3051223 1.494898 13.57708 0.003832655 0.8132372 13.46447 -0.002809806 1.196502 13.31128 0.1632186 1.5016 13.33574  SA_HookPunch_Far
-0.001992447 0.134621 13.49226 0.004028337 0.2209777 13.58152 0.06433626 0.4272457 13.83029 -0.1544021 0.6195949 13.93159 0.03523143 0.2333077 13.44731 0.00555809 0.4467918 13.22588 -0.1465141 0.178512 13.22377 0.00278713 0.3664182 13.52333 -0.07867776 0.804864 13.61669 -0.2724632 1.158567 13.52771 -0.2993994 1.501603 13.5754 0.01483257 0.8174294 13.45669 -0.0003433059 1.198108 13.29776 0.1593884 1.505355 13.33427  SA_HookPunch_Far
0.01166935 0.1359118 13.48562 0.007212119 0.2219201 13.57421 0.06283654 0.4179077 13.8241 -0.1256828 0.6231368 13.95619 0.054356 0.2350128 13.44482 0.07300533 0.4249083 13.18545 -0.09061585 0.163596 13.19241 0.01113399 0.3674861 13.51646 -0.08498119 0.8047819 13.59985 -0.2672348 1.165165 13.51335 -0.2904806 1.505857 13.57708 0.02655925 0.8189058 13.45199 0.006094532 1.195811 13.28488 0.1569007 1.506493 13.3294  SA_HookPunch_Far
0.02186151 0.1346709 13.47951 0.008854048 0.220168 13.56665 0.05435528 0.408011 13.81922 -0.1174644 0.6187825 13.96468 0.06845804 0.2344937 13.44264 0.1331928 0.4036372 13.16621 -0.04423664 0.1514933 13.17303 0.01709171 0.3661228 13.51035 -0.08959268 0.8021005 13.58656 -0.2637878 1.167364 13.50402 -0.2875652 1.505909 13.57815 0.03539284 0.8181846 13.4501 0.01381643 1.192157 13.27666 0.1561288 1.506261 13.32497  SA_HookPunch_Far
0.03338279 0.1306102 13.47069 0.01002927 0.2152606 13.55493 0.0371029 0.3939582 13.81159 -0.1232734 0.6084199 13.96454 0.08415838 0.2316262 13.43929 0.2098547 0.3755333 13.15991 0.01301362 0.1381927 13.15468 0.02349855 0.3619486 13.50162 -0.09488915 0.7960113 13.5697 -0.2586761 1.16814 13.49712 -0.2848078 1.503657 13.58325 0.04499765 0.8150289 13.44899 0.02526559 1.185939 13.26888 0.1556491 1.504859 13.31926  SA_HookPunch_Far
0.04802813 0.1195875 13.45463 0.009432035 0.2025862 13.53217 -0.005244477 0.3713032 13.79291 -0.169359 0.5827499 13.94609 0.1044495 0.2225016 13.43362 0.318435 0.3404124 13.19174 0.09866728 0.1311979 13.13665 0.03120549 0.3507051 13.48604 -0.1014011 0.7820104 13.5419 -0.2460527 1.165729 13.4928 -0.2811999 1.497483 13.58964 0.05778505 0.8053653 13.44907 0.0464042 1.174291 13.26423 0.1537364 1.502192 13.31123  SA_HookPunch_Far
0.06007918 0.1042686 13.43646 0.007312315 0.1855339 13.50387 -0.06213097 0.3458836 13.76021 -0.2454359 0.5477159 13.90433 0.1211991 0.2087438 13.42885 0.3984424 0.3185018 13.25961 0.182504 0.1354111 13.13733 0.03750457 0.3351263 13.4685 -0.1044884 0.7647703 13.51081 -0.2269455 1.158717 13.4912 -0.2754102 1.487179 13.59337 0.06952007 0.7907161 13.45123 0.07151021 1.160451 13.26767 0.1542942 1.496479 13.30614  SA_HookPunch_Far
0.07066853 0.08667874 13.41459 0.005015152 0.1666341 13.4671 -0.1346764 0.3172691 13.70164 -0.3506865 0.5064149 13.81421 0.1345346 0.1917247 13.42548 0.4416128 0.3092345 13.35489 0.2643922 0.144145 13.16399 0.04367854 0.317292 13.44844 -0.1013424 0.7471501 13.47704 -0.1988391 1.148069 13.4953 -0.2612242 1.474562 13.59621 0.0817994 0.7724311 13.45911 0.09986337 1.141576 13.27524 0.1559746 1.484807 13.29231  SA_HookPunch_Far
0.07730575 0.07381845 13.39553 0.004965143 0.1538427 13.43484 -0.1899285 0.2964102 13.63717 -0.4319305 0.475745 13.70336 0.1406464 0.1778318 13.4225 0.4420095 0.3075242 13.42888 0.3135391 0.1488314 13.19776 0.04861625 0.3042692 13.43216 -0.09352581 0.7357438 13.45343 -0.1770213 1.137102 13.50357 -0.2440622 1.463406 13.60209 0.09029777 0.7574739 13.46886 0.1217489 1.126973 13.28752 0.1617753 1.472859 13.28458  SA_HookPunch_Far
0.0820898 0.06412387 13.37738 0.00673403 0.1453854 13.40519 -0.232938 0.2804403 13.56793 -0.4889145 0.4523391 13.57379 0.1428929 0.1657497 13.41873 0.4214555 0.3081948 13.48487 0.3448981 0.1509405 13.23087 0.05340232 0.2943598 13.41821 -0.08288787 0.7280689 13.4375 -0.1594179 1.126701 13.51373 -0.2258909 1.452806 13.61328 0.09704007 0.7443029 13.48067 0.1391353 1.114175 13.30228 0.1688442 1.4604 13.28006  SA_HookPunch_Far
0.08842219 0.05528367 13.35801 0.01264878 0.1388069 13.37535 -0.2690888 0.2663914 13.48253 -0.5234496 0.4241379 13.40821 0.1448434 0.1529641 13.41358 0.3904265 0.3098384 13.52934 0.3666638 0.1539716 13.2643 0.06083627 0.2849299 13.40479 -0.06833045 0.7208783 13.42604 -0.1479081 1.113804 13.52529 -0.214411 1.439228 13.62703 0.1042211 0.7302049 13.49416 0.1558627 1.102051 13.3225 0.1801861 1.446675 13.27902  SA_HookPunch_Far
0.1013225 0.04474747 13.33057 0.02818616 0.1325004 13.3364 -0.2930783 0.2485045 13.32439 -0.4838925 0.3654265 13.11219 0.1483138 0.1344105 13.40497 0.3384542 0.3150048 13.56964 0.3803886 0.158693 13.30713 0.07552667 0.2722424 13.38904 -0.04414622 0.7104384 13.41859 -0.1373569 1.095362 13.53572 -0.2096152 1.41846 13.64089 0.1141717 0.7088401 13.51572 0.1749013 1.085704 13.3586 0.2002919 1.424737 13.28336  SA_HookPunch_Far
0.114914 0.03723276 13.31196 0.04343351 0.1272621 13.31423 -0.2530036 0.2313973 13.15284 -0.2980828 0.2780241 12.85134 0.1524941 0.1186267 13.3989 0.3066414 0.3192151 13.58106 0.3718123 0.1642003 13.32255 0.08917047 0.2609328 13.38192 -0.02519373 0.6996481 13.42027 -0.1233865 1.086102 13.52791 -0.2082463 1.4058 13.63405 0.1237817 0.6910285 13.53087 0.1853428 1.074425 13.3908 0.2181491 1.407157 13.29353  SA_HookPunch_Far
0.1205397 0.03601575 13.30533 0.04808052 0.125886 13.30792 -0.197654 0.2147377 13.07006 -0.1500012 0.2242959 12.76552 0.153767 0.113638 13.39634 0.3004833 0.3177915 13.58177 0.3614509 0.1697189 13.31822 0.09356065 0.2573591 13.37994 -0.01886003 0.6961834 13.42143 -0.1173074 1.084447 13.5221 -0.2054215 1.404376 13.62484 0.1284505 0.6857221 13.53409 0.189249 1.072672 13.40379 0.2267528 1.403376 13.30144  SA_HookPunch_Far
0.1230406 0.03642571 13.30033 0.04900809 0.1256316 13.30241 -0.1277975 0.2062632 13.01431 0.005350726 0.2031232 12.73616 0.1520853 0.1118393 13.39363 0.3051525 0.3062298 13.58203 0.3497883 0.1696458 13.30917 0.09343375 0.2561498 13.37679 -0.01658122 0.6956569 13.41839 -0.1137672 1.085669 13.51337 -0.2017357 1.407178 13.61118 0.1290275 0.6836217 13.53309 0.1934096 1.071119 13.40618 0.2345336 1.401563 13.30438  SA_HookPunch_Far
0.1259736 0.03820932 13.29421 0.05241777 0.1273211 13.2942 -0.06751804 0.2047659 12.98728 0.1269952 0.1922756 12.74829 0.151043 0.1122949 13.39004 0.3072595 0.296618 13.58243 0.3412034 0.1648589 13.30568 0.09405853 0.2570642 13.37149 -0.01428817 0.6972731 13.4116 -0.1104949 1.08793 13.5049 -0.1979825 1.410243 13.60048 0.1268809 0.6832661 13.5315 0.1950005 1.070177 13.40476 0.2373443 1.401095 13.30502  SA_HookPunch_Far
0.132565 0.04158854 13.2873 0.06184717 0.1310012 13.28329 -0.01247327 0.2136462 12.97267 0.2235573 0.1853852 12.7762 0.1525468 0.1150763 13.38652 0.3062182 0.2902734 13.58485 0.3374843 0.1561115 13.30894 0.09766306 0.2601534 13.36439 -0.0105143 0.7009923 13.3995 -0.1069431 1.091055 13.49504 -0.1949821 1.412975 13.59142 0.121498 0.6850047 13.52919 0.1954273 1.069333 13.39792 0.2370926 1.401038 13.30054  SA_HookPunch_Far
0.1486844 0.04739225 13.28443 0.08273138 0.1365846 13.27461 0.02597965 0.2384803 12.96469 0.2631312 0.1847752 12.775 0.1615322 0.1216418 13.38732 0.3006159 0.2971801 13.5943 0.350519 0.1512686 13.32724 0.1083493 0.266224 13.35874 -0.003599925 0.7070166 13.37961 -0.105873 1.093626 13.4828 -0.2012899 1.411381 13.58576 0.1125123 0.6916884 13.52377 0.1981247 1.069427 13.38099 0.2367059 1.40242 13.28678  SA_HookPunch_Far
0.1657672 0.05277121 13.28923 0.1003634 0.1404334 13.27538 0.03584881 0.25661 12.96219 0.2545623 0.193648 12.75408 0.1731376 0.1287606 13.39244 0.2975342 0.3108176 13.6075 0.3744634 0.1652999 13.34671 0.1196678 0.2719989 13.35819 0.003918903 0.7123068 13.36324 -0.10996 1.094218 13.47163 -0.2187491 1.405899 13.57977 0.1099985 0.7003801 13.51524 0.2056248 1.072272 13.36373 0.2373583 1.407857 13.27642  SA_HookPunch_Far
0.1741447 0.0552268 13.29286 0.1074253 0.1418706 13.27779 0.03607996 0.2602028 12.96221 0.2525888 0.1935402 12.75296 0.1798788 0.1321156 13.39523 0.2980613 0.3194883 13.61189 0.38702 0.1775644 13.35295 0.1259214 0.2746431 13.35884 0.008606629 0.7147112 13.3579 -0.1137396 1.093836 13.46685 -0.2312054 1.402132 13.57561 0.1137141 0.7046779 13.51071 0.211823 1.075058 13.3571 0.2387433 1.41241 13.27515  SA_HookPunch_Far
0.1803133 0.05618155 13.29533 0.1124246 0.1420742 13.28013 0.03657975 0.2608947 12.96421 0.2569731 0.1898602 12.76052 0.1857693 0.1335171 13.39711 0.300488 0.326334 13.61105 0.3943318 0.1831644 13.35454 0.13112 0.2755759 13.35994 0.01181819 0.7151921 13.35665 -0.1170857 1.09242 13.46462 -0.2400227 1.398916 13.57242 0.118478 0.7066621 13.50848 0.2154462 1.077313 13.35479 0.23952 1.415518 13.27551  SA_HookPunch_Far
0.1852028 0.05585861 13.29743 0.1163683 0.1411043 13.28259 0.03662558 0.2602805 12.96733 0.2608665 0.1836859 12.76995 0.1909896 0.1335204 13.39883 0.3041582 0.3310682 13.60861 0.3994776 0.1851864 13.35418 0.1354576 0.2751607 13.36136 0.0139121 0.7141922 13.35691 -0.119546 1.09017 13.4637 -0.2451427 1.39606 13.57014 0.1227354 0.7070984 13.50727 0.2168576 1.07876 13.35426 0.2392746 1.417319 13.27601  SA_HookPunch_Far
0.1897741 0.05531275 13.29955 0.1200653 0.1399091 13.28538 0.03629448 0.2594945 12.97149 0.2641041 0.1756991 12.78126 0.1963049 0.1332847 13.40062 0.3089935 0.3354467 13.60506 0.4038818 0.1858124 13.35265 0.1396633 0.2744809 13.36314 0.01547064 0.7127723 13.35808 -0.1216374 1.087808 13.46355 -0.2482781 1.393863 13.56827 0.1269536 0.7072457 13.50655 0.2168964 1.080452 13.35479 0.238259 1.419093 13.27659  SA_HookPunch_Far
0.1923396 0.05464292 13.30136 0.1220616 0.1388087 13.28785 0.03423579 0.2594821 12.97589 0.2637527 0.1696485 12.79053 0.1999089 0.1330435 13.40206 0.3143261 0.3376223 13.60271 0.4065816 0.1861985 13.35039 0.1421485 0.2738223 13.36472 0.01575561 0.711481 13.35947 -0.1225146 1.086307 13.46417 -0.2477119 1.393454 13.56742 0.1294241 0.7071812 13.50631 0.2149902 1.082311 13.35678 0.2364066 1.420888 13.27833  SA_HookPunch_Far
0.1957377 0.05369699 13.30386 0.1246791 0.1372749 13.2913 0.03125956 0.2595249 12.98217 0.262766 0.1613318 12.80365 0.2047824 0.1327308 13.40399 0.321742 0.3404809 13.59947 0.4101726 0.1869224 13.34707 0.145438 0.2729106 13.36688 0.01598342 0.7096739 13.36147 -0.1236651 1.084244 13.46525 -0.2467606 1.392937 13.56639 0.1326665 0.7070723 13.50597 0.21244 1.084701 13.35955 0.2340245 1.423126 13.28049  SA_HookPunch_Far
0.1985201 0.05243838 13.30728 0.126412 0.1353458 13.29589 0.02576573 0.260404 12.99121 0.258992 0.1524261 12.82076 0.2097531 0.1325724 13.40627 0.3322094 0.3430792 13.59646 0.413964 0.1898377 13.34163 0.148109 0.2718697 13.36959 0.01470466 0.7074835 13.36436 -0.1243767 1.082363 13.46778 -0.2431356 1.393459 13.56673 0.1353448 0.7069663 13.50559 0.2094199 1.086946 13.3623 0.2324187 1.424764 13.28108  SA_HookPunch_Far
0.2010577 0.05121946 13.31098 0.1276555 0.1333503 13.30098 0.01994558 0.2620547 13.00179 0.2544852 0.1446941 12.83954 0.2146648 0.1326084 13.40853 0.3434347 0.3460733 13.59272 0.417728 0.1940653 13.33489 0.1503456 0.2708647 13.3725 0.01255496 0.7051783 13.36779 -0.125133 1.080655 13.47092 -0.2390492 1.394325 13.56739 0.1375539 0.7069284 13.50518 0.2075326 1.088391 13.36378 0.2310495 1.425902 13.28143  SA_HookPunch_Far
0.2033462 0.05010569 13.31487 0.1284728 0.1313723 13.30645 0.01415064 0.2642856 13.01365 0.2494048 0.1377168 12.85956 0.2194145 0.1328613 13.41068 0.355039 0.3494183 13.58823 0.4212013 0.1993984 13.32704 0.1521521 0.2699457 13.37557 0.00968756 0.7028378 13.37173 -0.1259121 1.079168 13.47451 -0.2346867 1.395499 13.5682 0.1392717 0.7069785 13.50475 0.2066513 1.089131 13.36395 0.23007 1.426619 13.28148  SA_HookPunch_Far
0.2054487 0.04890847 13.31872 0.1288303 0.1291169 13.31235 0.008811073 0.269524 13.02853 0.2440514 0.1349521 12.88135 0.2241809 0.1330892 13.4125 0.3668805 0.3535177 13.58154 0.4243225 0.2056478 13.31708 0.1535481 0.2688214 13.37878 0.005918698 0.7000955 13.37647 -0.1267575 1.077726 13.47829 -0.2301273 1.396875 13.56847 0.1405866 0.7068439 13.50422 0.2058733 1.089832 13.36472 0.2286853 1.427768 13.28393  SA_HookPunch_Far
0.2078304 0.04779303 13.3235 0.1291806 0.1266729 13.31986 0.003291802 0.2729971 13.0462 0.2389825 0.1293588 12.90863 0.2296992 0.1336908 13.41465 0.3801964 0.3589678 13.57227 0.4269852 0.2134039 13.30446 0.1550233 0.267729 13.38292 0.001177387 0.6969572 13.38281 -0.1279095 1.076356 13.48265 -0.2254169 1.398727 13.56776 0.1418119 0.7069334 13.50374 0.2046653 1.090739 13.36537 0.226642 1.429173 13.28646  SA_HookPunch_Far
0.2098593 0.04670811 13.32873 0.1291332 0.1240897 13.3287 -0.001753015 0.2799727 13.06925 0.232162 0.1260668 12.94001 0.2353586 0.1344506 13.41671 0.3936857 0.3650888 13.55976 0.4280371 0.2220143 13.28873 0.1562403 0.2665808 13.38788 -0.004360242 0.6934478 13.39126 -0.12904 1.075177 13.48776 -0.2207491 1.400905 13.56628 0.1428942 0.7070245 13.50366 0.2026842 1.091557 13.36595 0.2235664 1.430405 13.28853  SA_HookPunch_Far
0.2103039 0.04575276 13.3342 0.1279712 0.1217976 13.33824 -0.00688581 0.2882974 13.0952 0.2236067 0.124772 12.97175 0.2396872 0.1353035 13.4187 0.4049186 0.3702663 13.54552 0.4262218 0.2297051 13.27185 0.1564689 0.265625 13.3934 -0.01019172 0.690222 13.40131 -0.1295878 1.074831 13.49293 -0.2163301 1.403494 13.56456 0.1435248 0.7072659 13.50418 0.2008006 1.092303 13.36682 0.220601 1.431704 13.29156  SA_HookPunch_Far
0.2091045 0.04512703 13.33909 0.1256652 0.1201974 13.34687 -0.01163278 0.2950436 13.11859 0.2147402 0.123226 12.99883 0.2418172 0.1361765 13.42029 0.4128226 0.3741802 13.53223 0.4219702 0.2349675 13.25721 0.1554784 0.2650852 13.39844 -0.01534407 0.6880131 13.41095 -0.1295983 1.075358 13.49747 -0.2121034 1.406427 13.56274 0.1436475 0.7077267 13.50495 0.1996122 1.092874 13.36735 0.2188899 1.432772 13.29424  SA_HookPunch_Far
0.2071846 0.04479647 13.34327 0.1230055 0.119176 13.35425 -0.01511006 0.3010975 13.13918 0.2065752 0.1222777 13.02092 0.2425608 0.1370265 13.42152 0.4181889 0.3771809 13.52062 0.4167684 0.2384751 13.24519 0.1539493 0.2648776 13.40278 -0.01955436 0.6866516 13.41947 -0.1297323 1.076194 13.50128 -0.2090781 1.409076 13.561 0.1435142 0.7083235 13.50572 0.1989667 1.09332 13.3675 0.2181414 1.433617 13.29624  SA_HookPunch_Far
0.2039988 0.04471624 13.3471 0.1192572 0.1186554 13.36107 -0.02034221 0.3046875 13.15675 0.1974952 0.1203671 13.03979 0.2416988 0.1378829 13.42251 0.4221307 0.3796046 13.50956 0.4105391 0.2402689 13.23469 0.1514465 0.2649915 13.40679 -0.02326856 0.6861671 13.42763 -0.1304602 1.077377 13.50535 -0.2075218 1.411646 13.56012 0.1432837 0.7091288 13.50659 0.199024 1.093708 13.36732 0.2184053 1.434406 13.29807  SA_HookPunch_Far
0.1977066 0.04497242 13.35291 0.112424 0.1185244 13.37132 -0.02902953 0.3094968 13.18241 0.1829133 0.1176037 13.0668 0.2386623 0.1393381 13.42393 0.4261993 0.3827952 13.49286 0.399382 0.2418391 13.21988 0.1466277 0.2656547 13.41283 -0.02840863 0.6864542 13.43998 -0.1321426 1.079586 13.51252 -0.2068858 1.415324 13.56117 0.1427573 0.7107887 13.50789 0.1993044 1.094446 13.36643 0.2191178 1.435809 13.30065  SA_HookPunch_Far
0.1892891 0.04567385 13.35929 0.1038665 0.1192036 13.38217 -0.03938613 0.3139699 13.20792 0.167235 0.1159091 13.09308 0.2333664 0.1410377 13.42564 0.4279903 0.3854094 13.4765 0.3862072 0.2427342 13.20631 0.1403449 0.2669587 13.41929 -0.03324513 0.687999 13.4527 -0.1344946 1.082575 13.52077 -0.2080709 1.41918 13.56501 0.1419302 0.7131085 13.50914 0.1995742 1.095539 13.36482 0.2200875 1.437619 13.30311  SA_HookPunch_Far
0.1844968 0.04623365 13.36275 0.09915705 0.1198703 13.38784 -0.04502307 0.3160617 13.22042 0.1593723 0.1154238 13.10607 0.2300636 0.1420325 13.42669 0.4280737 0.3865695 13.46869 0.3791007 0.2431961 13.20008 0.136813 0.2678809 13.4227 -0.03553538 0.6892178 13.45912 -0.1358734 1.084387 13.52506 -0.2092163 1.421252 13.56768 0.1413855 0.7145413 13.50971 0.1996327 1.096267 13.36377 0.2206543 1.438689 13.30417  SA_HookPunch_Far
0.1772312 0.04695165 13.3679 0.0921535 0.1209015 13.39578 -0.05394123 0.3180783 13.23625 0.1487455 0.1155522 13.1222 0.2246855 0.1432948 13.4285 0.4270848 0.3877054 13.4598 0.3697458 0.2442616 13.19289 0.1314184 0.2691904 13.42755 -0.03876684 0.6910971 13.46762 -0.1377081 1.087028 13.53105 -0.210496 1.424216 13.57204 0.1401926 0.7165681 13.51035 0.1992545 1.097411 13.36245 0.221306 1.440207 13.30542  SA_HookPunch_Far
0.1682153 0.04751015 13.37444 0.08358808 0.1219188 13.40554 -0.06502037 0.3195622 13.25453 0.1362959 0.1156124 13.14059 0.2176854 0.1444494 13.43099 0.4248422 0.3885043 13.45019 0.3585244 0.2453543 13.18521 0.124636 0.2704836 13.43355 -0.04269008 0.6931418 13.47766 -0.1399152 1.089921 13.53838 -0.2118479 1.427538 13.5773 0.1382374 0.718685 13.51104 0.1983125 1.098482 13.36087 0.2220132 1.441609 13.30656  SA_HookPunch_Far
0.1606645 0.04771447 13.38004 0.07646413 0.1225533 13.41359 -0.07484274 0.3197355 13.26838 0.1261994 0.1158047 13.15392 0.2115256 0.145103 13.43327 0.4221645 0.3888243 13.44376 0.3498302 0.2462761 13.18003 0.1188103 0.2712992 13.43854 -0.04611651 0.6945745 13.4856 -0.1416375 1.092046 13.54447 -0.2124718 1.430158 13.58103 0.1360169 0.7201314 13.51159 0.1969302 1.099226 13.36 0.2223801 1.442517 13.30755  SA_HookPunch_Far
0.1546101 0.04777205 13.38464 0.07078345 0.1229781 13.42006 -0.08274655 0.3195497 13.27898 0.1181368 0.1158147 13.16389 0.206428 0.1454804 13.43527 0.4196087 0.3889292 13.4393 0.3430464 0.246796 13.17655 0.1140712 0.2718366 13.4426 -0.04891966 0.6956146 13.49179 -0.1429721 1.093621 13.54941 -0.2128225 1.432176 13.58369 0.1339369 0.7211211 13.51215 0.1954307 1.099696 13.3595 0.2224596 1.443034 13.30815  SA_HookPunch_Far
0.144303 0.04767811 13.39268 0.06115283 0.1235505 13.43104 -0.09642188 0.3186078 13.29599 0.1043691 0.1156948 13.1793 0.1974476 0.1458526 13.43901 0.4145595 0.3888396 13.43323 0.3319885 0.2472857 13.17198 0.1058611 0.2725376 13.4496 -0.05385147 0.6971791 13.50198 -0.1451079 1.096081 13.55787 -0.2130874 1.435462 13.58742 0.1298097 0.7224886 13.51336 0.1921027 1.100305 13.35916 0.2221276 1.443562 13.30895  SA_HookPunch_Far
0.1348698 0.04747319 13.40029 0.05241652 0.1239684 13.44096 -0.1088842 0.3175015 13.31031 0.09164377 0.1154953 13.19161 0.1889808 0.1459379 13.44315 0.4091553 0.3885078 13.4298 0.3225223 0.246731 13.17 0.09823306 0.2729875 13.45629 -0.05861787 0.6984176 13.51092 -0.1467526 1.098071 13.56645 -0.2126988 1.438285 13.59053 0.1253885 0.7234029 13.51527 0.1872503 1.10084 13.35997 0.2199642 1.4438 13.30941  SA_HookPunch_Far
0.126796 0.04722095 13.40697 0.04500695 0.124247 13.44949 -0.119487 0.3165231 13.32242 0.0806473 0.1153681 13.20163 0.1816258 0.1458508 13.44708 0.4039706 0.3880594 13.42757 0.3143602 0.2455339 13.16919 0.09167744 0.2732466 13.46221 -0.06273554 0.6993585 13.51849 -0.1477672 1.099674 13.5741 -0.2117531 1.440583 13.59307 0.1213654 0.723994 13.51727 0.1820925 1.101249 13.36108 0.2169007 1.443842 13.30945  SA_HookPunch_Far
0.1196821 0.04695094 13.41296 0.03852769 0.1244341 13.45692 -0.1288723 0.3156999 13.33274 0.07061405 0.1153511 13.20957 0.1751043 0.145629 13.45102 0.3987649 0.3876377 13.42663 0.3072785 0.2436166 13.16975 0.08590712 0.2733675 13.46763 -0.06642745 0.7000814 13.52503 -0.1479844 1.101027 13.58129 -0.2096129 1.442612 13.59529 0.1176471 0.7243406 13.51959 0.1760339 1.101721 13.36281 0.212131 1.443869 13.30916  SA_HookPunch_Far
0.1104607 0.046507 13.42106 0.03013887 0.1246032 13.46661 -0.1407494 0.3148479 13.34592 0.05767174 0.1154137 13.21958 0.1665946 0.1451302 13.45682 0.3910685 0.387102 13.42669 0.2983384 0.2400945 13.17195 0.07845195 0.2733845 13.47502 -0.07109474 0.7009492 13.53338 -0.1492756 1.102877 13.58738 -0.2087201 1.445005 13.59679 0.112862 0.7245836 13.52323 0.1675078 1.102365 13.36607 0.2048837 1.443827 13.30902  SA_HookPunch_Far
0.1021292 0.04602802 13.42861 0.02256347 0.1246973 13.47541 -0.1512437 0.3142658 13.35768 0.04603561 0.1155523 13.22845 0.1588739 0.1445149 13.4626 0.3833872 0.3866576 13.42775 0.2904819 0.2361971 13.17509 0.0717416 0.2732887 13.48196 -0.07521372 0.7016737 13.54079 -0.1513184 1.104556 13.59048 -0.2094376 1.446975 13.59722 0.1085891 0.7246375 13.52698 0.1593561 1.102967 13.36984 0.1973873 1.443726 13.30914  SA_HookPunch_Far
0.09529097 0.04551542 13.43489 0.01625724 0.124716 13.48231 -0.1591574 0.3144401 13.36653 0.03734483 0.1161466 13.23548 0.1524934 0.1438251 13.46776 0.3757381 0.3867559 13.43021 0.2845974 0.2328591 13.17899 0.06621982 0.2730939 13.48765 -0.07847612 0.7022446 13.54625 -0.1536029 1.105924 13.59068 -0.2108372 1.448492 13.59741 0.1052451 0.7245173 13.53038 0.1530258 1.103459 13.37378 0.1912087 1.443653 13.31008  SA_HookPunch_Far
0.0862617 0.04476213 13.44329 0.007903771 0.1247005 13.4913 -0.1690356 0.3152052 13.37789 0.02654888 0.1173959 13.24476 0.1440358 0.1428752 13.47472 0.3650831 0.3871365 13.43431 0.2770072 0.2291257 13.18455 0.05885364 0.2727898 13.4951 -0.08294444 0.7029466 13.55297 -0.1567434 1.107547 13.59075 -0.2125474 1.450336 13.5982 0.1006728 0.7242997 13.5348 0.1458922 1.103896 13.37903 0.1844455 1.44325 13.3112  SA_HookPunch_Far
0.08026703 0.04420531 13.44895 0.002319889 0.1246666 13.49712 -0.1750453 0.3162502 13.38503 0.02006562 0.118683 13.25084 0.1383984 0.142229 13.47947 0.3574928 0.3876588 13.43782 0.2721704 0.2273299 13.18859 0.05388721 0.2725633 13.49997 -0.08608083 0.7033846 13.55695 -0.1588795 1.108528 13.59062 -0.2134639 1.451485 13.59929 0.09749426 0.7241278 13.53767 0.1423724 1.104004 13.38249 0.1815459 1.442706 13.31182  SA_HookPunch_Far
0.07300569 0.04344511 13.45654 -0.004451199 0.124588 13.50455 -0.1813606 0.3185313 13.39387 0.01317038 0.1211561 13.25856 0.1315967 0.1414533 13.48601 0.3479538 0.3886211 13.44394 0.2665395 0.2268471 13.19433 0.04777767 0.2722697 13.50628 -0.09029047 0.7038748 13.56127 -0.1619536 1.109595 13.59009 -0.2150256 1.452748 13.60025 0.0932935 0.7239401 13.54138 0.1393888 1.103865 13.38667 0.1796374 1.441607 13.31211  SA_HookPunch_Far
0.06770171 0.04288316 13.46239 -0.009396 0.1245431 13.51012 -0.1854839 0.3206679 13.40038 0.008593993 0.1233776 13.2643 0.126651 0.1409066 13.49113 0.3409129 0.3894461 13.44927 0.2624744 0.227321 13.19893 0.04329242 0.2720687 13.51106 -0.0935152 0.7042354 13.5642 -0.1644027 1.110326 13.58951 -0.2163566 1.453612 13.60088 0.09010787 0.7238246 13.54419 0.1377166 1.103649 13.38969 0.1788916 1.440603 13.31214  SA_HookPunch_Far
0.06304659 0.04238164 13.46798 -0.01371883 0.1245326 13.51518 -0.1881488 0.323366 13.40614 0.00539072 0.1260571 13.26932 0.1223914 0.1404353 13.49625 0.3349105 0.3903106 13.45562 0.2588754 0.2293578 13.2038 0.03938343 0.2719123 13.51556 -0.0964983 0.7045819 13.5663 -0.1669039 1.110932 13.5886 -0.2179474 1.454296 13.60162 0.0872357 0.7237607 13.54692 0.1369708 1.103243 13.39225 0.1791968 1.439399 13.31185  SA_HookPunch_Far
0.05761458 0.04186583 13.47468 -0.01877938 0.1246302 13.52102 -0.1907021 0.3269145 13.41263 0.002441304 0.1297939 13.27498 0.1174671 0.1399221 13.50258 0.3283765 0.3913121 13.46435 0.2550553 0.2328628 13.21014 0.03488572 0.2718062 13.52091 -0.09986179 0.7051113 13.56838 -0.1701233 1.11166 13.58724 -0.2203772 1.455041 13.60268 0.08406194 0.7237327 13.5503 0.1363365 1.10268 13.39516 0.1798509 1.437889 13.31156  SA_HookPunch_Far
0.05102893 0.04143071 13.48297 -0.02499918 0.1250267 13.52777 -0.1926238 0.3318896 13.4195 0.0008238722 0.1353906 13.28139 0.1115458 0.1393996 13.51086 0.3215875 0.3924384 13.47777 0.2516241 0.2394105 13.21933 0.02955063 0.2718771 13.52747 -0.1035575 0.706093 13.57009 -0.174169 1.11275 13.58487 -0.2237736 1.456027 13.60422 0.08070548 0.7238116 13.55476 0.1358987 1.101834 13.39838 0.1809302 1.435973 13.31137  SA_HookPunch_Far
0.04422619 0.04144406 13.49104 -0.03156356 0.1259674 13.53372 -0.1933428 0.3372726 13.42392 0.002090709 0.1416515 13.28738 0.1054193 0.1391507 13.51961 0.3168378 0.3927217 13.49443 0.2506129 0.2476519 13.23047 0.02417495 0.2723708 13.53379 -0.1066518 0.7077247 13.57078 -0.1771015 1.114543 13.58127 -0.225629 1.457668 13.60545 0.07802232 0.7241529 13.55951 0.1358823 1.100809 13.40081 0.1823092 1.434067 13.31119  SA_HookPunch_Far
0.03671427 0.04224133 13.49845 -0.03875808 0.1277056 13.53865 -0.193725 0.3427849 13.4252 0.005803483 0.148276 13.29306 0.09871002 0.1394396 13.52854 0.3126945 0.3927765 13.51377 0.2521145 0.2566054 13.24379 0.01844587 0.2735391 13.53969 -0.1093371 0.7102118 13.57078 -0.1784749 1.117353 13.57629 -0.2252954 1.460295 13.60583 0.07571204 0.7249969 13.56448 0.1372131 1.099642 13.40242 0.1854673 1.432034 13.31058  SA_HookPunch_Far
0.02412768 0.04474986 13.50667 -0.05050866 0.1315167 13.54358 -0.1951156 0.350934 13.42208 0.010884 0.1566181 13.29996 0.08746059 0.1408275 13.5397 0.3054381 0.3924692 13.54002 0.2557517 0.2642434 13.26399 0.009125249 0.2763453 13.54663 -0.1126851 0.7151422 13.5709 -0.1784057 1.122879 13.56836 -0.2225036 1.46551 13.60487 0.07268293 0.726978 13.57126 0.1421493 1.098471 13.40522 0.1944634 1.429543 13.31086  SA_HookPunch_Far
0.009723501 0.04635692 13.51277 -0.06375055 0.1344726 13.54775 -0.2000264 0.3567771 13.4184 0.008839088 0.1603351 13.30485 0.07442649 0.1411339 13.54775 0.297517 0.3884968 13.55705 0.2565498 0.2595873 13.2799 -0.001459105 0.2781472 13.55201 -0.1156376 0.7192249 13.57251 -0.1764273 1.127604 13.56221 -0.2172385 1.470123 13.6033 0.06988449 0.727604 13.5761 0.1466059 1.097547 13.40979 0.2029731 1.427573 13.31411  SA_HookPunch_Far
