-0.01850484 0.005456328 6.861136 -0.08292036 0.1042558 6.882826 -0.2793468 0.3693726 6.90902 -0.317504 0.6671394 6.838405 0.05503317 0.09605467 6.889058 0.2777403 0.3389771 6.925517 0.3422118 0.6357967 6.872169 -0.005158944 0.2400132 6.874837 -0.09446166 0.6838545 6.837924 -0.07594524 1.096434 6.834713 -0.05476902 1.442298 6.859277 0.0912409 0.6858543 6.8414 0.1304121 1.088112 6.757389 0.1618557 1.434859 6.752345  O_Gathering_Close
-0.01977961 0.005709529 6.860846 -0.08411805 0.1044184 6.883037 -0.280699 0.3694927 6.909871 -0.3178973 0.6669294 6.837378 0.05384137 0.09613144 6.889018 0.2769283 0.3387253 6.925673 0.340909 0.6354635 6.871292 -0.006288571 0.2401313 6.874952 -0.09555195 0.6839747 6.838219 -0.07645492 1.096523 6.834523 -0.05480568 1.44234 6.859335 0.09015544 0.6859749 6.841427 0.1302042 1.086174 6.748474 0.1610536 1.433005 6.750624  O_Gathering_Close
-0.02101914 0.006008267 6.860549 -0.08527748 0.1046213 6.883253 -0.2820152 0.3696504 6.910748 -0.3182019 0.666725 6.836285 0.0526876 0.0962472 6.888978 0.2761686 0.3384998 6.925831 0.3396485 0.635147 6.870377 -0.007379038 0.2402889 6.87507 -0.09660272 0.6841344 6.838521 -0.07691751 1.096651 6.834331 -0.0547847 1.442419 6.859395 0.08910926 0.6861351 6.841453 0.1300319 1.083891 6.738892 0.1589096 1.430759 6.748733  O_Gathering_Close
-0.02381776 0.006580353 6.85989 -0.08790235 0.1049948 6.88364 -0.2849513 0.3699366 6.912493 -0.3194082 0.666334 6.83459 0.05007162 0.09643209 6.888849 0.2743088 0.3379976 6.926122 0.3367802 0.6344605 6.868577 -0.009853048 0.240564 6.875269 -0.09898148 0.6844141 6.839093 -0.07799654 1.096854 6.833833 -0.05479847 1.442513 6.859443 0.0867383 0.6864161 6.841481 0.129311 1.080314 6.72557 0.1552067 1.426931 6.746399  O_Gathering_Close
-0.02747111 0.00725174 6.859019 -0.09133051 0.1054062 6.884069 -0.2887391 0.3702408 6.914621 -0.3211955 0.6657783 6.832696 0.04665102 0.09660554 6.888641 0.2718007 0.3373173 6.926437 0.3330433 0.6335291 6.866334 -0.01309065 0.2408512 6.875469 -0.102094 0.6847067 6.839752 -0.07946317 1.09704 6.833109 -0.0549017 1.442551 6.859429 0.08363302 0.6867106 6.841476 0.1281906 1.076701 6.713706 0.15256 1.42268 6.744577  O_Gathering_Close
-0.03508328 0.008682132 6.85727 -0.09846096 0.1062818 6.88489 -0.2965592 0.3708903 6.918853 -0.3254059 0.6646865 6.829638 0.03952475 0.09699476 6.888201 0.266449 0.3359772 6.927032 0.325315 0.6316081 6.861906 -0.01983128 0.2414716 6.875844 -0.1085651 0.6853372 6.841036 -0.08255003 1.097415 6.831579 -0.05513481 1.442601 6.859311 0.07716949 0.6873458 6.841459 0.1253732 1.070068 6.694477 0.1481838 1.414203 6.742416  O_Gathering_Close
-0.04149173 0.009887099 6.855979 -0.1044604 0.1070358 6.88555 -0.3031182 0.3714532 6.922146 -0.3298957 0.6641398 6.828739 0.03351756 0.09735 6.887901 0.2617296 0.3349878 6.927565 0.3188138 0.6301321 6.858748 -0.02550791 0.2420154 6.876183 -0.1140005 0.6858877 6.842069 -0.08515291 1.097719 6.830357 -0.0553333 1.442617 6.859168 0.07173367 0.6879014 6.841529 0.1222702 1.06589 6.683498 0.1443328 1.408342 6.742558  O_Gathering_Close
-0.06179838 0.01349032 6.852545 -0.1234597 0.1092733 6.887441 -0.3236575 0.3730928 6.931557 -0.3472167 0.6638731 6.83156 0.01444687 0.09836745 6.887141 0.2460426 0.3321092 6.929015 0.2984404 0.6257155 6.850565 -0.04350529 0.2436033 6.877267 -0.131167 0.6874952 6.845082 -0.09341232 1.098399 6.827562 -0.05604653 1.442351 6.85879 0.05454238 0.6895212 6.842007 0.1107826 1.058148 6.664935 0.1345959 1.395073 6.749566  O_Gathering_Close
-0.07611196 0.0154413 6.850519 -0.1368674 0.1104528 6.88831 -0.337846 0.3739134 6.937093 -0.3626349 0.6651939 6.838865 0.0009592344 0.09871709 6.886478 0.2343543 0.3300792 6.929115 0.2843749 0.6228175 6.846009 -0.05621378 0.2443355 6.877767 -0.1432145 0.6882489 6.846745 -0.09901451 1.098491 6.828794 -0.05656646 1.441924 6.859227 0.04246791 0.6902658 6.842327 0.1024715 1.056922 6.662421 0.1288012 1.390371 6.759201  O_Gathering_Close
-0.08990817 0.01825964 6.849732 -0.1499558 0.112578 6.889769 -0.3514773 0.3758423 6.941837 -0.3778982 0.6676791 6.845708 -0.01221101 0.1000615 6.887129 0.2224878 0.3293201 6.929873 0.2713558 0.6214828 6.844098 -0.06859456 0.2460371 6.879291 -0.1547901 0.6899878 6.849054 -0.1044867 1.099205 6.824852 -0.05671613 1.441623 6.858634 0.03088238 0.6919692 6.844224 0.09512807 1.060128 6.668909 0.1243682 1.389044 6.779394  O_Gathering_Close
-0.1007565 0.02115929 6.849866 -0.1603642 0.1149734 6.891343 -0.3622334 0.378183 6.945218 -0.390173 0.6704382 6.850805 -0.02268021 0.101855 6.888463 0.2127329 0.3296129 6.930831 0.2614257 0.6215489 6.84419 -0.07842676 0.2481033 6.881172 -0.1638888 0.6920961 6.851359 -0.1087816 1.100057 6.818106 -0.05575029 1.441096 6.857529 0.02178933 0.6940272 6.846728 0.08975144 1.065445 6.679894 0.1214703 1.389749 6.802649  O_Gathering_Close
-0.1102226 0.0250994 6.850851 -0.1699164 0.1184001 6.893012 -0.3716585 0.3818678 6.946626 -0.4006322 0.6741008 6.852457 -0.03226147 0.1047703 6.891398 0.203807 0.3310276 6.934557 0.2527293 0.622896 6.847817 -0.08738737 0.2512496 6.884027 -0.1719668 0.6952474 6.853748 -0.1131707 1.101668 6.809702 -0.05534021 1.441025 6.856245 0.01375206 0.6972017 6.851252 0.08569522 1.071975 6.693859 0.1195975 1.390803 6.829679  O_Gathering_Close
-0.1286425 0.03765261 6.855297 -0.1902429 0.1296877 6.896713 -0.3901334 0.3946439 6.9436 -0.420345 0.6855997 6.845929 -0.05281536 0.1150805 6.902841 0.1846305 0.3376393 6.952013 0.2352915 0.6298191 6.867344 -0.1064353 0.2619975 6.893372 -0.1882521 0.7059007 6.859244 -0.121418 1.106721 6.785413 -0.05107866 1.44007 6.85327 -0.002722306 0.7081099 6.867925 0.0778764 1.090613 6.735264 0.114546 1.392663 6.904585  O_Gathering_Close
-0.1370623 0.04651904 6.859307 -0.2000441 0.1378155 6.899842 -0.3982143 0.4039674 6.941753 -0.4283246 0.693536 6.840014 -0.06298129 0.1227537 6.910986 0.1751962 0.3428735 6.963748 0.2272718 0.6352248 6.880542 -0.1157765 0.2698747 6.900148 -0.1959646 0.713689 6.863624 -0.125602 1.110271 6.772262 -0.04857961 1.439515 6.851883 -0.01090644 0.7161168 6.879406 0.07416065 1.102359 6.761151 0.1115118 1.39419 6.947396  O_Gathering_Close
-0.1438222 0.05559742 6.863862 -0.2082129 0.1462065 6.903317 -0.4042727 0.4136732 6.940058 -0.4339947 0.7016703 6.833842 -0.07168494 0.1307636 6.919408 0.1671938 0.3483158 6.975595 0.2209143 0.640798 6.893909 -0.1237048 0.2780548 6.907215 -0.2023003 0.721767 6.868354 -0.1288342 1.11361 6.76048 -0.04609654 1.438777 6.850451 -0.01796989 0.7244316 6.891086 0.07101287 1.113807 6.786813 0.108595 1.395925 6.987423  O_Gathering_Close
-0.1552258 0.08849776 6.881652 -0.2238164 0.1769975 6.917631 -0.4134037 0.4478976 6.941046 -0.4356359 0.7259938 6.809608 -0.08963512 0.1609929 6.947237 0.1490582 0.3721905 7.012327 0.2061766 0.6655636 6.936339 -0.1399539 0.3085622 6.931723 -0.2149885 0.7519659 6.887661 -0.1369561 1.125604 6.729925 -0.04023443 1.437223 6.849139 -0.03393553 0.7554865 6.929001 0.05917998 1.15025 6.852226 0.09082456 1.406146 7.086243  O_Gathering_Close
-0.1578071 0.1139686 6.894425 -0.2289535 0.2009913 6.928385 -0.4147985 0.4736011 6.945777 -0.4299636 0.7420107 6.794668 -0.0966451 0.1849084 6.96544 0.1442977 0.3883773 7.034695 0.2075692 0.6815623 6.962976 -0.1463544 0.3325466 6.948667 -0.2199932 0.7758262 6.903305 -0.1405883 1.13276 6.711294 -0.03554342 1.435376 6.845693 -0.04156242 0.779883 6.954759 0.05173149 1.175606 6.883323 0.07657601 1.415463 7.13452  O_Gathering_Close
-0.1568695 0.1352245 6.902849 -0.2299922 0.2208792 6.935638 -0.4141073 0.4940041 6.951202 -0.4258418 0.7557424 6.788528 -0.09916882 0.2049226 6.977685 0.142088 0.4035276 7.048346 0.2082721 0.6966206 6.978915 -0.148882 0.3525358 6.960706 -0.2224628 0.7957542 6.91643 -0.1436341 1.138064 6.699209 -0.03317521 1.434084 6.843587 -0.04614471 0.8002858 6.974678 0.04751648 1.19533 6.900036 0.06607337 1.421476 7.16416  O_Gathering_Close
-0.1543292 0.1554266 6.908368 -0.2290012 0.2397532 6.940787 -0.412207 0.5133151 6.955634 -0.4196632 0.7689601 6.783304 -0.09922223 0.2239858 6.98602 0.1415085 0.419536 7.055297 0.2087376 0.712471 6.986205 -0.1493646 0.3715259 6.969678 -0.2236935 0.8146801 6.927731 -0.14703 1.144789 6.691669 -0.03292839 1.43392 6.846774 -0.04890619 0.8196131 6.990394 0.04620959 1.21233 6.905955 0.05947252 1.425683 7.180823  O_Gathering_Close
-0.1506739 0.180864 6.912253 -0.2265377 0.2636251 6.945685 -0.4085647 0.5385069 6.959407 -0.4054256 0.7864389 6.77603 -0.09710835 0.2481192 6.991998 0.1432061 0.4409113 7.054821 0.2106062 0.7331701 6.983083 -0.1483189 0.3955106 6.977761 -0.2243995 0.8385462 6.940084 -0.1498813 1.151214 6.680737 -0.03123091 1.432913 6.845788 -0.05025296 0.8438525 7.004477 0.04880138 1.229766 6.896484 0.05753406 1.428492 7.182281  O_Gathering_Close
-0.1456569 0.2088653 6.913627 -0.2223273 0.2899206 6.949204 -0.4037023 0.5661805 6.961797 -0.3863572 0.8050293 6.767483 -0.0925902 0.2747716 6.994768 0.146614 0.4658782 7.047327 0.2124405 0.7572465 6.970674 -0.1453506 0.4218963 6.983812 -0.2239367 0.8646905 6.951928 -0.1532848 1.157887 6.66976 -0.03105895 1.43234 6.844146 -0.04957293 0.8703691 7.015697 0.05392798 1.244726 6.875884 0.0584649 1.428315 7.171725  O_Gathering_Close
-0.1410001 0.2311534 6.912859 -0.2182923 0.3107425 6.950299 -0.4013347 0.5870669 6.962476 -0.3749312 0.8172677 6.758962 -0.08826427 0.2958914 6.995125 0.1497814 0.486455 7.038904 0.2140014 0.7769264 6.957623 -0.1423658 0.4427203 6.987147 -0.2229998 0.885174 6.96013 -0.1557625 1.162587 6.66164 -0.03109686 1.43166 6.842559 -0.04842315 0.8911711 7.023285 0.05701115 1.257017 6.863774 0.05811932 1.427588 7.167339  O_Gathering_Close
-0.1344014 0.2596743 6.910076 -0.2124269 0.337316 6.949996 -0.4008735 0.6121807 6.962396 -0.3657738 0.829575 6.74649 -0.08198111 0.322871 6.993728 0.1538062 0.5137376 7.025359 0.2148675 0.8027922 6.93691 -0.137869 0.469196 6.989866 -0.2210557 0.9109995 6.969183 -0.158606 1.167985 6.651956 -0.03129904 1.430598 6.840373 -0.04615418 0.9173921 7.031393 0.06016501 1.274091 6.852883 0.05716665 1.426751 7.165827  O_Gathering_Close
-0.1277743 0.2881571 6.906291 -0.2064546 0.3636755 6.948927 -0.4012435 0.6362044 6.961721 -0.3573041 0.8404495 6.734871 -0.07552581 0.3496372 6.991328 0.1574538 0.5416021 7.010428 0.2146852 0.8290299 6.914437 -0.1332563 0.4952945 6.992046 -0.2190311 0.9361474 6.978161 -0.1618045 1.172838 6.644579 -0.03238688 1.429706 6.83937 -0.04373149 0.9429646 7.039195 0.06506105 1.286526 6.837867 0.05974366 1.427996 7.155995  O_Gathering_Close
-0.1195609 0.3214341 6.898793 -0.1989755 0.3940126 6.945035 -0.399676 0.6635988 6.957448 -0.342326 0.8529542 6.720883 -0.067439 0.3804182 6.985663 0.1620073 0.5746317 6.989914 0.2146906 0.8598175 6.885044 -0.1274115 0.525003 6.992584 -0.2163783 0.9641977 6.987725 -0.1655568 1.177093 6.637486 -0.03403829 1.428251 6.838226 -0.04060207 0.971617 7.047301 0.06959911 1.301039 6.824276 0.06149079 1.428857 7.148073  O_Gathering_Close
-0.1113786 0.3532664 6.888997 -0.1913978 0.4226251 6.939 -0.3968593 0.6887944 6.950355 -0.3246173 0.864287 6.707269 -0.05923788 0.4094536 6.977697 0.1659895 0.6068325 6.967307 0.2134525 0.8894051 6.85327 -0.1213654 0.5526536 6.991238 -0.2133968 0.9896311 6.995841 -0.1690291 1.179917 6.631976 -0.03582339 1.426578 6.837132 -0.03713284 0.9976921 7.053871 0.07293911 1.315977 6.815162 0.06224527 1.429409 7.1442  O_Gathering_Close
-0.1043998 0.3797826 6.878596 -0.1849083 0.4460418 6.931921 -0.3943683 0.7084523 6.943383 -0.3102179 0.8736578 6.696942 -0.05223791 0.4332433 6.968962 0.1691971 0.6334766 6.946481 0.2122467 0.9136338 6.824978 -0.1162133 0.5749133 6.988613 -0.2109839 1.009519 7.002099 -0.1720463 1.181502 6.628628 -0.03757278 1.424969 6.83675 -0.03432409 1.018149 7.058829 0.07540257 1.327955 6.809061 0.06273641 1.429737 7.141819  O_Gathering_Close
-0.09801708 0.4038517 6.867229 -0.1789641 0.4668933 6.923714 -0.3922743 0.7250694 6.936333 -0.2983693 0.8824923 6.688325 -0.04584376 0.4544512 6.95923 0.1720916 0.6573498 6.925906 0.2113145 0.9351131 6.797791 -0.111545 0.5943466 6.98496 -0.2089826 1.026314 7.007469 -0.1748916 1.182343 6.626592 -0.03926913 1.423376 6.836791 -0.03197984 1.035477 7.063035 0.07753249 1.337916 6.804305 0.06329347 1.43002 7.139808  O_Gathering_Close
-0.08725731 0.4446625 6.844434 -0.1688612 0.5014054 6.906419 -0.3884939 0.7509738 6.923011 -0.2794243 0.8981102 6.674893 -0.03500501 0.4896215 6.939296 0.1761617 0.6975622 6.887836 0.2084031 0.9707162 6.748367 -0.1036302 0.6255446 6.976241 -0.2057894 1.051844 7.015737 -0.1796939 1.182591 6.624841 -0.04211603 1.420476 6.837343 -0.02822982 1.061954 7.069327 0.08088411 1.35369 6.798425 0.06435265 1.430546 7.137641  O_Gathering_Close
-0.08116041 0.4676548 6.829434 -0.1631365 0.5203 6.89449 -0.3861679 0.7643487 6.916118 -0.2697876 0.9070894 6.668755 -0.02890985 0.5089281 6.925972 0.1780684 0.7199417 6.864815 0.2063341 0.9903884 6.719337 -0.09921835 0.6419432 6.96971 -0.204311 1.06432 7.019917 -0.1824309 1.18238 6.624749 -0.04381905 1.418762 6.838253 -0.02647696 1.075018 7.072473 0.08270796 1.361683 6.796238 0.06481452 1.430691 7.137069  O_Gathering_Close
-0.07418172 0.4939801 6.809654 -0.1565928 0.5412836 6.8782 -0.3834395 0.7783495 6.908995 -0.2604619 0.9172537 6.662642 -0.02198122 0.5303947 6.908174 0.1802849 0.7450951 6.836293 0.2045552 1.012155 6.683996 -0.09426861 0.6592786 6.960258 -0.203029 1.076361 7.024122 -0.1855567 1.181907 6.625212 -0.0456746 1.416799 6.839531 -0.02492074 1.08776 7.075591 0.08464517 1.370147 6.795134 0.06524976 1.430866 7.137456  O_Gathering_Close
-0.06845538 0.5157247 6.791932 -0.1512114 0.5581537 6.863227 -0.381372 0.7886539 6.903554 -0.2543925 0.9253431 6.657993 -0.01631121 0.5476915 6.892033 0.1817378 0.765709 6.811842 0.2026873 1.029906 6.654155 -0.0902444 0.6724888 6.951269 -0.2022478 1.084485 7.027257 -0.1880807 1.181274 6.626002 -0.04707698 1.415149 6.840697 -0.02394627 1.096529 7.077903 0.08634765 1.376231 6.795051 0.06566043 1.430915 7.138313  O_Gathering_Close
-0.06178788 0.5408216 6.770951 -0.1449323 0.5772128 6.845114 -0.3799135 0.7985502 6.897454 -0.2498677 0.9338899 6.652752 -0.00973825 0.5673108 6.872714 0.1826049 0.7896622 6.784067 0.1991956 1.050938 6.621082 -0.08558582 0.6866468 6.940208 -0.2016367 1.091898 7.030801 -0.1909087 1.180266 6.627501 -0.04861937 1.413204 6.842367 -0.02316223 1.104869 7.080602 0.08882566 1.381467 6.795372 0.0662405 1.430594 7.139356  O_Gathering_Close
-0.05453573 0.5675237 6.746841 -0.1381361 0.5967335 6.823671 -0.3771864 0.8069896 6.893651 -0.2468933 0.9429735 6.649438 -0.002686067 0.5874796 6.850222 0.1833019 0.8149638 6.753752 0.1957335 1.073332 6.585836 -0.08068471 0.6997848 6.926727 -0.2016983 1.096413 7.03435 -0.193982 1.178858 6.629729 -0.05016313 1.411117 6.844312 -0.02312444 1.110649 7.083445 0.09194584 1.384369 6.79667 0.06687374 1.42973 7.140998  O_Gathering_Close
-0.04819302 0.5925019 6.725312 -0.1320967 0.6147755 6.804167 -0.3742464 0.8132882 6.890938 -0.2451278 0.9510863 6.647119 0.003580587 0.6062399 6.829781 0.1838995 0.8376721 6.725456 0.1934642 1.092032 6.551347 -0.0763257 0.7112267 6.914292 -0.2020564 1.098925 7.03758 -0.1968515 1.177298 6.632111 -0.05152188 1.409155 6.846109 -0.02344946 1.114523 7.086137 0.09570779 1.385247 6.79819 0.06767036 1.428557 7.142553  O_Gathering_Close
-0.04446445 0.6084365 6.712838 -0.1284664 0.6263249 6.792738 -0.3723804 0.8168213 6.889008 -0.2439195 0.956185 6.645732 0.007355886 0.6183202 6.817748 0.1839145 0.851788 6.70825 0.1917939 1.103059 6.529631 -0.07365988 0.7184227 6.906997 -0.2023075 1.100188 7.039654 -0.1987081 1.17623 6.633724 -0.05238126 1.407924 6.847219 -0.02370189 1.116758 7.087893 0.09877826 1.385069 6.799084 0.06836905 1.427651 7.143336  O_Gathering_Close
-0.03685079 0.6435157 6.68712 -0.1208167 0.6515701 6.76874 -0.367794 0.8227671 6.884697 -0.2418076 0.9670131 6.642978 0.01533063 0.6450734 6.792382 0.1812031 0.8853219 6.676761 0.1833833 1.133657 6.493924 -0.06794183 0.7335399 6.891321 -0.2030018 1.101258 7.043948 -0.2026813 1.173448 6.6373 -0.05409155 1.405078 6.849296 -0.02448408 1.120149 7.091657 0.1068166 1.382273 6.801045 0.0703171 1.425061 7.144681  O_Gathering_Close
-0.03342978 0.661144 6.67526 -0.1172273 0.6642282 6.75745 -0.3652881 0.8251014 6.882481 -0.2410756 0.9722925 6.641621 0.01908554 0.6587509 6.780385 0.1797154 0.901857 6.66187 0.1795864 1.148202 6.476348 -0.06522296 0.7410017 6.883712 -0.2034296 1.101192 7.046094 -0.2045462 1.17184 6.639175 -0.05489574 1.40361 6.850272 -0.02499525 1.121215 7.093652 0.1110604 1.379826 6.802083 0.07134695 1.423565 7.145241  O_Gathering_Close
-0.03047661 0.6775072 6.664834 -0.1140249 0.6759393 6.74738 -0.3628139 0.8268308 6.880374 -0.2406084 0.9771258 6.640406 0.02243592 0.6715842 6.769667 0.178163 0.917258 6.648932 0.1761145 1.161836 6.461097 -0.06277804 0.7478249 6.87679 -0.203889 1.100721 7.048077 -0.2062387 1.170237 6.640969 -0.05561851 1.402238 6.851119 -0.02555637 1.121792 7.095564 0.1151871 1.376859 6.803099 0.07237263 1.422041 7.145697  O_Gathering_Close
-0.02779995 0.6956016 6.654109 -0.1108331 0.6888154 6.736985 -0.3601109 0.8283534 6.877968 -0.2403783 0.9823693 6.639115 0.025813 0.6861048 6.75838 0.1760276 0.9346801 6.635692 0.1720814 1.177466 6.445577 -0.06025962 0.7554126 6.869453 -0.2043652 1.100113 7.05011 -0.2079255 1.168391 6.642802 -0.05630551 1.400673 6.851921 -0.02615563 1.122213 7.097591 0.1195043 1.373403 6.80418 0.07348163 1.420315 7.146129  O_Gathering_Close
-0.02565168 0.7157315 6.643226 -0.1077464 0.702992 6.726428 -0.3571904 0.8296182 6.875124 -0.2405013 0.9883137 6.637833 0.02911247 0.7028087 6.746599 0.1730457 0.9548143 6.622357 0.1672698 1.195841 6.430062 -0.05772636 0.7640158 6.861761 -0.2048209 1.099548 7.05216 -0.2096004 1.166302 6.644611 -0.05693613 1.398889 6.852628 -0.0267425 1.122558 7.099701 0.1238123 1.369609 6.805248 0.07465966 1.418447 7.146491  O_Gathering_Close
-0.02457611 0.7316779 6.635299 -0.1056383 0.7141 6.718714 -0.3549122 0.8302919 6.872727 -0.240805 0.992968 6.636881 0.03135725 0.7164411 6.737792 0.1702272 0.9712803 6.612751 0.1632577 1.211099 6.418992 -0.05590956 0.7709132 6.855973 -0.2051387 1.099123 7.053669 -0.2108241 1.164631 6.64593 -0.05734531 1.39746 6.853075 -0.02715556 1.122693 7.101293 0.1269165 1.366557 6.806003 0.07559903 1.416981 7.146696  O_Gathering_Close
-0.0244448 0.747529 6.627995 -0.1040748 0.7250084 6.711697 -0.3528673 0.830688 6.870262 -0.2411265 0.9969335 6.635776 0.03301587 0.7304217 6.72942 0.1667175 0.9882305 6.603901 0.1587388 1.227098 6.409009 -0.05434338 0.7778447 6.850534 -0.2053428 1.098894 7.054976 -0.2118209 1.162994 6.647025 -0.05756376 1.395991 6.853401 -0.02743254 1.122804 7.102702 0.1294431 1.363884 6.806604 0.07650204 1.415562 7.146861  O_Gathering_Close
-0.02534888 0.7613599 6.622136 -0.1032793 0.7343633 6.706212 -0.3514682 0.8307825 6.868016 -0.2413151 0.9994761 6.634529 0.03382482 0.7430893 6.722447 0.1628735 1.003725 6.596798 0.1541864 1.242041 6.401263 -0.05324565 0.7839949 6.846119 -0.2054206 1.099016 7.05598 -0.2124979 1.161611 6.647806 -0.0575851 1.394686 6.853601 -0.027539 1.122933 7.10381 0.1307917 1.362125 6.806955 0.07717158 1.414443 7.147008  O_Gathering_Close
-0.02793722 0.779273 6.615201 -0.102934 0.7461606 6.699912 -0.3498428 0.8302645 6.864937 -0.2414788 1.002009 6.632841 0.03397335 0.7602879 6.713842 0.1566319 1.025025 6.588449 0.1471568 1.263137 6.392701 -0.05214737 0.7920606 6.840819 -0.2053768 1.099533 7.057062 -0.2132054 1.159931 6.648571 -0.05740581 1.392985 6.853719 -0.02748917 1.123145 7.105021 0.1318619 1.360416 6.807173 0.07805999 1.413129 7.147136  O_Gathering_Close
-0.03135256 0.7922818 6.610584 -0.1032894 0.7542417 6.696033 -0.3482348 0.8287063 6.862642 -0.2417378 1.00375 6.632152 0.03316261 0.7737481 6.707764 0.1505723 1.042126 6.582748 0.1405449 1.280763 6.387668 -0.05158154 0.7978863 6.837321 -0.2051869 1.100136 7.057444 -0.2135367 1.158922 6.648727 -0.05703489 1.391755 6.853593 -0.02728174 1.123421 7.105497 0.1330204 1.359474 6.807193 0.07902367 1.412237 7.147117  O_Gathering_Close
-0.03489439 0.8003592 6.607983 -0.104038 0.7587818 6.694225 -0.346916 0.8265866 6.861155 -0.2420342 1.004612 6.632213 0.03180434 0.7830321 6.704024 0.1454126 1.054408 6.579357 0.1350765 1.294037 6.385513 -0.05144284 0.8014863 6.835473 -0.2049675 1.100806 7.057368 -0.2135933 1.158498 6.648501 -0.05662886 1.391026 6.853359 -0.02704166 1.123758 7.105505 0.1339069 1.359286 6.807133 0.07980789 1.411823 7.147076  O_Gathering_Close
-0.03929291 0.8073707 6.605632 -0.105104 0.7623143 6.692908 -0.3452071 0.8235708 6.859482 -0.2425029 1.005438 6.632582 0.02977468 0.7921033 6.7005 0.1396098 1.067058 6.576978 0.1284993 1.308916 6.385965 -0.05146424 0.8045856 6.833893 -0.2046677 1.10153 7.057108 -0.2136066 1.158248 6.648112 -0.05615268 1.390373 6.853051 -0.02672796 1.124078 7.105384 0.1348695 1.359255 6.807086 0.08071806 1.41149 7.147067  O_Gathering_Close
-0.04312972 0.8102076 6.604403 -0.1061954 0.7630522 6.692757 -0.3436468 0.8204669 6.858345 -0.2431682 1.005889 6.633333 0.02771039 0.797315 6.698462 0.1354408 1.075317 6.57655 0.1237794 1.320229 6.389503 -0.05168418 0.8057584 6.833276 -0.2044472 1.102039 7.056701 -0.213494 1.158352 6.647651 -0.0557696 1.390093 6.852818 -0.02652572 1.124246 7.105202 0.1355768 1.359433 6.807185 0.08134444 1.411387 7.147196  O_Gathering_Close
-0.04617606 0.8113573 6.603564 -0.1071395 0.763009 6.692909 -0.3424243 0.8178318 6.857499 -0.2437875 1.006031 6.633983 0.02588757 0.8007351 6.697129 0.1329518 1.081353 6.577832 0.11901 1.329748 6.395597 -0.05195884 0.8062856 6.832992 -0.2042858 1.102424 7.056289 -0.2134415 1.158524 6.647212 -0.05555312 1.389933 6.852625 -0.02639161 1.124355 7.105014 0.1360557 1.359785 6.807379 0.0817845 1.411446 7.147428  O_Gathering_Close
-0.04765109 0.8112837 6.603107 -0.1076826 0.7627256 6.693087 -0.3418686 0.8165021 6.857186 -0.2441253 1.005905 6.634295 0.02489789 0.8020653 6.696558 0.1325608 1.08416 6.580018 0.1150395 1.335287 6.401881 -0.05215315 0.806367 6.832918 -0.2042272 1.102592 7.056018 -0.2134637 1.158664 6.64694 -0.05554454 1.389876 6.852552 -0.02636258 1.124378 7.104917 0.1362203 1.360142 6.80762 0.08193447 1.411568 7.147703  O_Gathering_Close
-0.0489888 0.8100168 6.602578 -0.1083323 0.7619191 6.693443 -0.3414463 0.8151145 6.857029 -0.2446211 1.00545 6.634533 0.02381762 0.8027382 6.696175 0.1341772 1.086514 6.585173 0.1096586 1.342535 6.415008 -0.05249057 0.806107 6.832978 -0.204245 1.10271 7.055604 -0.2135623 1.158899 6.646544 -0.05571667 1.389853 6.852501 -0.02643274 1.124338 7.104763 0.1362679 1.360884 6.808152 0.08194901 1.411894 7.148292  O_Gathering_Close
-0.04898707 0.8086207 6.602098 -0.1084972 0.7614686 6.693511 -0.3415326 0.8146676 6.856977 -0.2450798 1.004987 6.634305 0.02353044 0.8026862 6.696167 0.138085 1.087163 6.591273 0.107357 1.348096 6.429798 -0.0527374 0.8059146 6.832996 -0.2043214 1.102673 7.055327 -0.2137802 1.158982 6.646286 -0.05607412 1.38981 6.852493 -0.02653836 1.124244 7.104616 0.1361018 1.361701 6.8087 0.08180501 1.4123 7.148905  O_Gathering_Close
-0.04828004 0.806147 6.601695 -0.1086184 0.7606773 6.693603 -0.3420846 0.8147736 6.856939 -0.2455964 1.004209 6.63353 0.02347608 0.8016568 6.696602 0.1448399 1.085977 6.600426 0.1072911 1.353183 6.45111 -0.05326299 0.8054246 6.833153 -0.2046985 1.102525 7.054912 -0.2141222 1.159127 6.645911 -0.05665718 1.389799 6.852476 -0.02693604 1.1241 7.104273 0.135837 1.362962 6.809565 0.0814652 1.413007 7.149839  O_Gathering_Close
-0.04811667 0.8040911 6.601671 -0.108997 0.7597569 6.693887 -0.3425807 0.8149466 6.856785 -0.2458705 1.003556 6.632773 0.02312984 0.800615 6.697107 0.1491988 1.08442 6.606572 0.1090726 1.355326 6.464782 -0.05396036 0.8048649 6.833447 -0.2052094 1.102485 7.054497 -0.2143358 1.159359 6.645527 -0.05697225 1.389835 6.852387 -0.02743946 1.124065 7.103829 0.1358518 1.363903 6.810202 0.081302 1.413598 7.1505  O_Gathering_Close
-0.04800324 0.8013957 6.6018 -0.1095921 0.7584414 6.694315 -0.3432695 0.8152586 6.856542 -0.2461458 1.002693 6.631724 0.02259501 0.7990768 6.697862 0.1544305 1.081879 6.614159 0.1123673 1.356736 6.480784 -0.05500041 0.8040411 6.83389 -0.2060158 1.102429 7.053916 -0.2145721 1.159712 6.64499 -0.0573207 1.38991 6.852246 -0.02822988 1.12402 7.103186 0.1359523 1.365085 6.811064 0.08108731 1.414395 7.151367  O_Gathering_Close
-0.0479813 0.7980014 6.602103 -0.1104646 0.7566553 6.694869 -0.3441314 0.8156464 6.856237 -0.2464443 1.001593 6.630431 0.02181937 0.7969312 6.698877 0.1605612 1.078202 6.623816 0.1163799 1.357203 6.500079 -0.05646596 0.8028745 6.834471 -0.2072089 1.102305 7.053102 -0.2148131 1.160219 6.644246 -0.05769728 1.390028 6.852036 -0.02940784 1.123897 7.102317 0.1361511 1.366572 6.812312 0.08077301 1.415479 7.15259  O_Gathering_Close
-0.04805772 0.7946409 6.602508 -0.1114271 0.754782 6.695416 -0.3449903 0.8160385 6.855915 -0.2466798 1.000474 6.629141 0.02096577 0.7946442 6.699931 0.1661788 1.074143 6.63343 0.1205413 1.356519 6.518168 -0.05804567 0.8016096 6.835053 -0.2085557 1.102118 7.052239 -0.214989 1.160755 6.643466 -0.0580136 1.390163 6.851805 -0.03074466 1.123705 7.10142 0.13639 1.36798 6.813672 0.08041121 1.416595 7.153894  O_Gathering_Close
-0.04813401 0.7916899 6.602815 -0.1123049 0.7530785 6.695776 -0.3457605 0.8163443 6.855535 -0.2468165 0.9993864 6.62791 0.02017959 0.7925736 6.700802 0.1709706 1.070446 6.64226 0.1250754 1.355455 6.53378 -0.05951748 0.800391 6.835474 -0.2099912 1.101759 7.051452 -0.2150607 1.161182 6.642774 -0.05829773 1.390275 6.851618 -0.03219704 1.12335 7.100692 0.1364924 1.369001 6.81503 0.0798908 1.417573 7.155155  O_Gathering_Close
-0.04824744 0.7892499 6.603019 -0.113097 0.7516378 6.695978 -0.3464136 0.8165853 6.855159 -0.2469065 0.9984303 6.626821 0.01946159 0.7908208 6.701471 0.1747259 1.067311 6.64982 0.1289259 1.354318 6.546701 -0.0608304 0.7993158 6.835748 -0.2113494 1.101337 7.050778 -0.2150911 1.161523 6.642198 -0.0585256 1.390359 6.851471 -0.03357975 1.122932 7.100106 0.1365299 1.369699 6.816254 0.07937904 1.418376 7.156272  O_Gathering_Close
-0.04831914 0.7863303 6.603299 -0.1139748 0.7498696 6.696216 -0.3471629 0.8168268 6.854692 -0.2469365 0.9972292 6.625525 0.0186673 0.7886828 6.702288 0.1790033 1.063513 6.659019 0.1339542 1.352678 6.561764 -0.06234811 0.7979772 6.836077 -0.2130181 1.100772 7.049965 -0.2150395 1.161884 6.641509 -0.05879305 1.390464 6.8513 -0.03529416 1.12238 7.09945 0.1365135 1.370461 6.817774 0.07864518 1.419339 7.157642  O_Gathering_Close
-0.04822091 0.7835221 6.60367 -0.1146322 0.7481266 6.696518 -0.3478239 0.8169889 6.854251 -0.246843 0.996015 6.624338 0.01808162 0.7866019 6.70315 0.182954 1.059882 6.66799 0.139463 1.35092 6.575743 -0.06362943 0.7966656 6.836459 -0.2145588 1.100234 7.049184 -0.2148628 1.162156 6.640846 -0.05905805 1.390577 6.851137 -0.03689955 1.121875 7.098887 0.1364291 1.371203 6.819252 0.07778104 1.420276 7.158957  O_Gathering_Close
-0.04764042 0.7778975 6.604647 -0.1155807 0.74459 6.697265 -0.3491518 0.8172188 6.853204 -0.246303 0.9933543 6.62189 0.01725073 0.7824292 6.705091 0.1903649 1.052745 6.687439 0.1514482 1.347271 6.604708 -0.06591998 0.794046 6.837368 -0.2177057 1.099206 7.047566 -0.2142551 1.162539 6.639459 -0.05968128 1.390816 6.850812 -0.04023449 1.120984 7.097878 0.1361292 1.3728 6.8224 0.07557137 1.422257 7.161715  O_Gathering_Close
-0.04660813 0.7708213 6.605894 -0.1161569 0.7397695 6.698199 -0.3502619 0.8166909 6.852159 -0.2457543 0.9901963 6.619604 0.01679333 0.7769023 6.70729 0.1971941 1.043926 6.707725 0.164875 1.341682 6.634228 -0.06792156 0.7903109 6.838412 -0.2207357 1.097411 7.045668 -0.2130892 1.16283 6.637947 -0.06018273 1.391195 6.850415 -0.04349701 1.119349 7.096724 0.1353482 1.374334 6.825799 0.07294281 1.424428 7.164685  O_Gathering_Close
-0.04561971 0.7649812 6.606992 -0.1163073 0.7356071 6.699045 -0.3508138 0.8158765 6.85158 -0.2453641 0.9877892 6.618269 0.01672931 0.7721995 6.709021 0.2015394 1.036847 6.721806 0.1755167 1.336666 6.654458 -0.06907336 0.7870257 6.83928 -0.2226273 1.095744 7.044128 -0.2118496 1.162982 6.636774 -0.06040941 1.391558 6.850064 -0.0455694 1.117803 7.095756 0.1345328 1.375456 6.828208 0.07089533 1.426074 7.166788  O_Gathering_Close
-0.04470686 0.7597002 6.60772 -0.1162535 0.731586 6.699546 -0.3509474 0.8145676 6.851099 -0.2452407 0.985698 6.61733 0.01684709 0.7677504 6.710206 0.2044986 1.030601 6.731816 0.183453 1.331741 6.668757 -0.0697829 0.7836834 6.839786 -0.2239818 1.093671 7.042967 -0.2107741 1.163014 6.636037 -0.06048171 1.391886 6.849822 -0.04707603 1.115807 7.095081 0.1334563 1.375783 6.830083 0.06924881 1.427206 7.168433  O_Gathering_Close
-0.04336856 0.7516055 6.608123 -0.1159338 0.7249253 6.69962 -0.350628 0.8114126 6.850252 -0.2455892 0.9826095 6.61623 0.01724811 0.7605249 6.711132 0.2078293 1.021254 6.741861 0.1926215 1.323563 6.682849 -0.07037382 0.777792 6.83987 -0.22551 1.089288 7.041684 -0.2093699 1.162901 6.635611 -0.06035761 1.392367 6.849654 -0.04880951 1.11145 7.094479 0.1311261 1.374782 6.832404 0.06716664 1.428208 7.170491  O_Gathering_Close
-0.04241477 0.7456123 6.608145 -0.1155947 0.7197775 6.699415 -0.3501419 0.8085917 6.849631 -0.2460633 0.9804063 6.615633 0.0176415 0.7549958 6.711458 0.2098621 1.014491 6.746843 0.1984443 1.317302 6.68958 -0.07058297 0.7731041 6.839668 -0.2263726 1.085552 7.040952 -0.2084281 1.162731 6.635618 -0.06016354 1.392715 6.849625 -0.04981039 1.107688 7.094219 0.1291199 1.373388 6.833853 0.06581207 1.428632 7.17177  O_Gathering_Close
-0.04110513 0.7367999 6.608198 -0.1150849 0.7120894 6.699158 -0.3493358 0.8041488 6.848748 -0.2469158 0.9772243 6.614948 0.01822026 0.7467991 6.711895 0.2123758 1.00473 6.752809 0.2058187 1.308019 6.697335 -0.07079194 0.766072 6.839389 -0.2274998 1.079867 7.040127 -0.2071868 1.162348 6.63595 -0.0598291 1.393199 6.849649 -0.05113004 1.101943 7.094051 0.1260981 1.370852 6.835824 0.06402917 1.429005 7.173483  O_Gathering_Close
-0.03977094 0.7273673 6.608355 -0.1145381 0.7037965 6.698994 -0.3484197 0.7991978 6.847836 -0.2478763 0.9738313 6.61438 0.01882835 0.7380083 6.712418 0.2146499 0.9944397 6.758457 0.2126467 1.298046 6.704385 -0.07096355 0.7584898 6.839175 -0.228636 1.073709 7.039469 -0.2059933 1.161788 6.636599 -0.05947576 1.393676 6.849753 -0.05246685 1.095709 7.094076 0.1227967 1.367758 6.837803 0.06223388 1.429215 7.17515  O_Gathering_Close
-0.03801523 0.7141709 6.608625 -0.113776 0.6920842 6.698836 -0.347035 0.7919837 6.846582 -0.2493062 0.9691744 6.613859 0.01966389 0.7256499 6.713133 0.2173668 0.9802635 6.765015 0.2210505 1.284064 6.712134 -0.07111286 0.7477597 6.838911 -0.2300744 1.06492 7.03877 -0.2044781 1.160846 6.637874 -0.05897371 1.394307 6.850002 -0.05417387 1.086792 7.094287 0.1181447 1.362929 6.8404 0.05988379 1.429272 7.177227  O_Gathering_Close
-0.0357912 0.6947665 6.609339 -0.1128341 0.6747453 6.698971 -0.3450232 0.7811245 6.844722 -0.2516127 0.9626471 6.61357 0.02069886 0.7074376 6.714379 0.2205783 0.9598038 6.772962 0.2314863 1.263612 6.721137 -0.0713384 0.7319093 6.838797 -0.2319603 1.051957 7.037918 -0.2024498 1.159299 6.640198 -0.05815588 1.395212 6.85043 -0.05642371 1.073625 7.094654 0.1118597 1.355309 6.844177 0.05695422 1.429067 7.180024  O_Gathering_Close
-0.03427593 0.6798264 6.610064 -0.1122141 0.6613415 6.699265 -0.3434608 0.7726278 6.843279 -0.2533855 0.9577786 6.613685 0.02138271 0.6933927 6.715447 0.2227084 0.9442426 6.778071 0.2386293 1.247889 6.726598 -0.07152389 0.7196716 6.838846 -0.2332823 1.041958 7.037345 -0.2009863 1.157987 6.64229 -0.05751465 1.39587 6.85086 -0.05801038 1.063447 7.09496 0.1073023 1.349102 6.847016 0.05492647 1.428735 7.181924  O_Gathering_Close
-0.03297172 0.6656858 6.610866 -0.1116739 0.6486078 6.699688 -0.3419607 0.7644548 6.841874 -0.2551722 0.9532751 6.61401 0.02197392 0.6801077 6.716519 0.2242124 0.9297915 6.782885 0.2443614 1.233258 6.731828 -0.07166849 0.7080733 6.838987 -0.2344376 1.032453 7.036831 -0.199733 1.156667 6.644478 -0.05700479 1.3965 6.851317 -0.05939816 1.053814 7.095196 0.103128 1.343204 6.849753 0.05313631 1.428376 7.183661  O_Gathering_Close
-0.03081594 0.6392374 6.612673 -0.1107687 0.6246926 6.700844 -0.3390911 0.7489302 6.839053 -0.2588167 0.9452284 6.615155 0.02295394 0.6552925 6.718709 0.225798 0.9034426 6.79207 0.2526411 1.206578 6.742146 -0.07188003 0.6863567 6.839501 -0.2363941 1.014596 7.035899 -0.1976098 1.153971 6.649059 -0.05628453 1.397671 6.852311 -0.06174831 1.035821 7.09548 0.09565111 1.332182 6.855066 0.05007758 1.427614 7.186824  O_Gathering_Close
-0.02907829 0.6095511 6.615498 -0.11038 0.5979795 6.702884 -0.3362367 0.7318363 6.835724 -0.2625517 0.9363734 6.616995 0.02344223 0.6274451 6.721875 0.2281744 0.8736374 6.799655 0.2624337 1.176049 6.749879 -0.07260822 0.6622176 6.840679 -0.2384794 0.9951853 7.034665 -0.1949223 1.150849 6.654604 -0.05500237 1.398905 6.853512 -0.06426691 1.016068 7.095619 0.08841093 1.31967 6.861272 0.04733022 1.426709 7.190063  O_Gathering_Close
-0.02804409 0.5854553 6.618183 -0.1103189 0.5763174 6.704949 -0.3340859 0.7177943 6.833071 -0.2654382 0.9285379 6.618636 0.02358295 0.604887 6.724731 0.2293568 0.8498276 6.80597 0.2688995 1.151672 6.756671 -0.07329862 0.6427544 6.841903 -0.2400217 0.9796489 7.033497 -0.1930836 1.148344 6.659447 -0.05416725 1.399947 6.854568 -0.06612657 1.000309 7.095426 0.08295836 1.309877 6.866636 0.04537 1.426062 7.192728  O_Gathering_Close
-0.02735023 0.5631691 6.620935 -0.110434 0.556285 6.707138 -0.3321746 0.7046587 6.830608 -0.2680275 0.9208848 6.620277 0.02354033 0.5840503 6.727564 0.2298778 0.8281159 6.811908 0.2737283 1.129471 6.763258 -0.07399426 0.6248213 6.84321 -0.2413286 0.965384 7.032312 -0.1916035 1.145986 6.664229 -0.05356489 1.400886 6.855659 -0.06770019 0.9858804 7.095039 0.07818003 1.300987 6.871813 0.04375537 1.425449 7.195189  O_Gathering_Close
-0.02702449 0.5198187 6.627153 -0.1114952 0.5176551 6.712249 -0.3292214 0.6789555 6.826414 -0.2722157 0.9040425 6.623452 0.02264591 0.5437875 6.733708 0.2298371 0.7865598 6.823114 0.2810358 1.087023 6.776155 -0.0758373 0.5905979 6.846221 -0.2435494 0.9388744 7.028956 -0.1885083 1.14178 6.673465 -0.05251108 1.402952 6.857768 -0.07036833 0.9590988 7.092994 0.07002331 1.285242 6.882462 0.0411947 1.424877 7.200139  O_Gathering_Close
-0.02742414 0.4942766 6.631319 -0.1126037 0.4950789 6.715728 -0.3279194 0.6637105 6.824227 -0.2742278 0.8930321 6.625138 0.02164789 0.5202068 6.737691 0.2292313 0.7624267 6.829533 0.2841826 1.062409 6.78376 -0.07720725 0.5707748 6.848235 -0.2446711 0.9238771 7.026378 -0.1864657 1.139428 6.678924 -0.0518652 1.404193 6.859079 -0.07171224 0.9439597 7.091058 0.06581278 1.276665 6.889075 0.04003199 1.42473 7.203177  O_Gathering_Close
-0.0281574 0.4728469 6.635159 -0.113866 0.4762738 6.718966 -0.3270207 0.6509921 6.822561 -0.2759596 0.8837333 6.626776 0.02048917 0.5005139 6.74129 0.2283496 0.7423694 6.834948 0.2861882 1.041977 6.790291 -0.07855801 0.5543803 6.85009 -0.2455011 0.9117228 7.023814 -0.1847899 1.137634 6.683442 -0.05139188 1.405313 6.860153 -0.07271175 0.9317024 7.088977 0.06252415 1.26995 6.894804 0.03921773 1.424849 7.205788  O_Gathering_Close
-0.02968059 0.4450778 6.640702 -0.1159871 0.4521226 6.723664 -0.3260929 0.6346942 6.820645 -0.278334 0.8718007 6.629315 0.01851775 0.4751312 6.746387 0.2266479 0.7166497 6.842108 0.2878605 1.015819 6.799039 -0.08060925 0.5334992 6.852765 -0.2464299 0.8966188 7.019894 -0.1827489 1.135622 6.689142 -0.0508884 1.406894 6.861474 -0.07384722 0.9164879 7.085636 0.05857571 1.261913 6.902471 0.03836914 1.42533 7.209284  O_Gathering_Close
-0.03257893 0.4090084 6.648746 -0.1194992 0.4210402 6.730486 -0.3252752 0.6136513 6.81843 -0.2815441 0.856266 6.633138 0.01521577 0.442335 6.75363 0.2235641 0.6836084 6.851572 0.2885673 0.9822931 6.810751 -0.08372764 0.5068254 6.856589 -0.2473708 0.8777317 7.013904 -0.1800909 1.133235 6.696466 -0.05031006 1.408977 6.86319 -0.07502101 0.8974841 7.080288 0.05386408 1.252111 6.91286 0.03761061 1.426166 7.214006  O_Gathering_Close
-0.03632073 0.3766605 6.656714 -0.1235751 0.3934301 6.737254 -0.3249571 0.594911 6.816694 -0.2849251 0.8428705 6.63775 0.01135262 0.4130665 6.760624 0.2199742 0.6541834 6.860169 0.2880643 0.9524908 6.821688 -0.08707576 0.4832828 6.860278 -0.2478904 0.8613656 7.007605 -0.1775355 1.131244 6.702989 -0.04992525 1.41097 6.864676 -0.07567327 0.8810362 7.074357 0.04990955 1.24378 6.922537 0.03735973 1.427429 7.21811  O_Gathering_Close
-0.04125271 0.3449689 6.665555 -0.1286109 0.3666936 6.744787 -0.3250181 0.5768399 6.815311 -0.2884953 0.8302796 6.643434 0.006549673 0.3845552 6.768236 0.2154938 0.6255841 6.86891 0.2862328 0.9235911 6.832963 -0.09101008 0.4606627 6.864356 -0.2481407 0.8459883 7.000566 -0.1748008 1.129469 6.709303 -0.0495653 1.41302 6.866111 -0.07597791 0.8655975 7.067476 0.04649951 1.235832 6.932092 0.03784831 1.429228 7.221524  O_Gathering_Close
-0.0450565 0.3232623 6.671393 -0.1323523 0.3484153 6.749675 -0.3256133 0.5641046 6.814282 -0.2922076 0.8217241 6.648078 0.002972322 0.3650093 6.773108 0.2122836 0.6058788 6.874518 0.2848161 0.9037032 6.840694 -0.0938044 0.4451324 6.866724 -0.2479833 0.8352852 6.994871 -0.1727159 1.128148 6.713552 -0.04925994 1.414378 6.866864 -0.07581143 0.8548467 7.061772 0.04374494 1.230733 6.940038 0.03758522 1.42988 7.225608  O_Gathering_Close
-0.0490397 0.3008472 6.676457 -0.1361708 0.3294638 6.753726 -0.3271144 0.5502789 6.812922 -0.2985032 0.8128453 6.653712 -0.0006814431 0.3447233 6.777114 0.2093731 0.5851438 6.879483 0.2840869 0.8827392 6.848512 -0.09652434 0.4288518 6.868141 -0.2473274 0.8237315 6.987681 -0.1702754 1.126602 6.717669 -0.04882894 1.4157 6.867158 -0.07511733 0.8432265 7.054503 0.03976687 1.226241 6.952008 0.03561117 1.429433 7.234751  O_Gathering_Close
-0.05899994 0.2576399 6.686597 -0.1453175 0.292955 6.761985 -0.3335115 0.522682 6.812197 -0.3180372 0.795871 6.669944 -0.00945775 0.3054672 6.78485 0.2026041 0.5444864 6.889284 0.2816239 0.8416439 6.865671 -0.1028572 0.3971909 6.870947 -0.2458785 0.8006528 6.973124 -0.1657775 1.123497 6.728318 -0.04892586 1.418651 6.869399 -0.07336442 0.8199765 7.039207 0.03604944 1.210677 6.963149 0.0389501 1.430687 7.233029  O_Gathering_Close
-0.06686603 0.2313353 6.690879 -0.1520828 0.2706442 6.765539 -0.3387048 0.5054339 6.811002 -0.3330631 0.7855217 6.682059 -0.01588605 0.2813747 6.787277 0.1970869 0.5196044 6.892567 0.2776227 0.8167282 6.874239 -0.1070896 0.3775285 6.870858 -0.2446273 0.7856184 6.963517 -0.1624897 1.120816 6.736646 -0.04890142 1.420382 6.870927 -0.07155703 0.8047686 7.028182 0.03357126 1.19801 6.959533 0.0404516 1.426941 7.221814  O_Gathering_Close
-0.07380365 0.2119694 6.693545 -0.1578363 0.2543091 6.767889 -0.3435819 0.4926473 6.810627 -0.3455837 0.7772283 6.691812 -0.02132623 0.2636315 6.788269 0.194039 0.5007058 6.892578 0.2776989 0.7971154 6.87687 -0.1104732 0.3630975 6.870176 -0.2434991 0.7744491 6.956009 -0.1599542 1.118596 6.743505 -0.04897277 1.421641 6.872036 -0.06978874 0.7934554 7.018977 0.03186562 1.187615 6.950364 0.04111727 1.421901 7.207798  O_Gathering_Close
-0.08123295 0.1946183 6.696574 -0.1638168 0.23992 6.770796 -0.348979 0.4813839 6.812026 -0.3570615 0.7688194 6.700567 -0.02696566 0.2478598 6.789396 0.1903035 0.484073 6.892392 0.2761088 0.7800003 6.879395 -0.1138052 0.3505211 6.869826 -0.2422563 0.7648571 6.949235 -0.1577318 1.1167 6.750145 -0.04919134 1.422924 6.873106 -0.06773649 0.7837429 7.009962 0.03148409 1.176915 6.932667 0.04249569 1.41568 7.185882  O_Gathering_Close
-0.08945201 0.1779259 6.699769 -0.1702476 0.2262837 6.774031 -0.3551311 0.4706895 6.814799 -0.3688329 0.7601987 6.709423 -0.03302918 0.2327567 6.790354 0.1859302 0.4682446 6.891546 0.2732909 0.7638282 6.881405 -0.1171928 0.3386689 6.869401 -0.2407868 0.7558683 6.942463 -0.1554005 1.114892 6.757029 -0.04927317 1.424266 6.874069 -0.06527536 0.7746187 7.000305 0.03158649 1.164924 6.907121 0.04405494 1.40755 7.156569  O_Gathering_Close
-0.09783797 0.1619648 6.703067 -0.1766069 0.2134217 6.777422 -0.3620282 0.4604272 6.819015 -0.3816458 0.7515116 6.719052 -0.03904037 0.2183623 6.791144 0.1815559 0.4532803 6.889671 0.2702216 0.7485422 6.881724 -0.1202947 0.3275226 6.868804 -0.2390565 0.747373 6.93573 -0.1529471 1.112889 6.763806 -0.04932986 1.425468 6.874404 -0.06246279 0.7659811 6.990228 0.03201576 1.151527 6.87695 0.04635622 1.398623 7.12187  O_Gathering_Close
-0.1053534 0.1489614 6.70618 -0.1821117 0.2031558 6.780694 -0.368955 0.451998 6.82479 -0.3938349 0.7437577 6.728018 -0.04426597 0.2067014 6.791795 0.177689 0.4412917 6.887125 0.2672146 0.7363254 6.880438 -0.1227521 0.318688 6.868269 -0.2373187 0.7406712 6.930089 -0.1505252 1.110948 6.769041 -0.04896281 1.426439 6.873082 -0.05969672 0.7591505 6.981183 0.03246804 1.137938 6.84543 0.04872217 1.389581 7.085554  O_Gathering_Close
-0.1106189 0.1394449 6.707985 -0.1857936 0.1956922 6.782592 -0.3731162 0.4460632 6.827784 -0.4022408 0.7390572 6.736058 -0.04777448 0.1981628 6.791641 0.1751434 0.4325379 6.884314 0.2652369 0.7274156 6.878414 -0.1241283 0.3122417 6.867176 -0.2356555 0.7357125 6.925299 -0.1490517 1.110324 6.774499 -0.04960326 1.42762 6.875035 -0.05726502 0.7540749 6.973685 0.03240402 1.127226 6.821628 0.05017026 1.381916 7.058409  O_Gathering_Close
-0.1171663 0.1274074 6.710579 -0.1902208 0.1863278 6.785229 -0.375764 0.4395485 6.827528 -0.4123034 0.7362855 6.7519 -0.05203227 0.1873626 6.791563 0.1720969 0.4214288 6.88063 0.2629598 0.7160891 6.875776 -0.1255822 0.3041304 6.865759 -0.2333603 0.7293971 6.919264 -0.1471408 1.109427 6.78245 -0.05062632 1.429144 6.878053 -0.05400125 0.7475802 6.964 0.0329165 1.110532 6.787605 0.0542325 1.371999 7.016578  O_Gathering_Close
-0.1215016 0.1188707 6.712188 -0.1929507 0.179746 6.786822 -0.3763393 0.4352437 6.825178 -0.4200614 0.7346288 6.765475 -0.05467979 0.1797079 6.791113 0.1702753 0.4135691 6.877328 0.2616557 0.7080796 6.87313 -0.1261498 0.2984153 6.864256 -0.2313303 0.7248999 6.914546 -0.1452021 1.108169 6.787024 -0.05068425 1.429921 6.877666 -0.05128167 0.742934 6.956484 0.03254678 1.098788 6.764795 0.05642017 1.364225 6.988895  O_Gathering_Close
-0.1263783 0.1071084 6.714667 -0.1956099 0.1707315 6.7891 -0.378288 0.4286206 6.825939 -0.4309279 0.7293496 6.782366 -0.05728988 0.1691599 6.79064 0.1686183 0.4028195 6.872589 0.2605318 0.6971716 6.868966 -0.1259147 0.2905537 6.862079 -0.2276783 0.7186654 6.907827 -0.1421642 1.106443 6.794289 -0.050934 1.431089 6.87769 -0.04674278 0.7364271 6.945885 0.03285696 1.083639 6.737291 0.06035729 1.35585 6.952682  O_Gathering_Close
-0.1290031 0.09845698 6.716598 -0.1966261 0.1641159 6.79074 -0.3806439 0.4231946 6.830348 -0.4376558 0.7240496 6.793695 -0.05831591 0.161394 6.790339 0.1681168 0.3949965 6.86888 0.2602383 0.6892848 6.865359 -0.1248986 0.2847464 6.860341 -0.2243335 0.7139993 6.902756 -0.1397931 1.105149 6.800631 -0.05145518 1.431956 6.878526 -0.04280023 0.7315159 6.937975 0.03408029 1.07411 6.720899 0.06433304 1.352363 6.928041  O_Gathering_Close
-0.1305323 0.09096253 6.718531 -0.1967629 0.1584386 6.792298 -0.3826688 0.4182826 6.835544 -0.4425249 0.7190186 6.802642 -0.05849127 0.1546906 6.790255 0.168309 0.3882761 6.86567 0.2605359 0.6825308 6.862094 -0.1233203 0.2797672 6.858829 -0.2208099 0.7100019 6.898198 -0.1374683 1.103984 6.806509 -0.05198906 1.432687 6.879462 -0.03878866 0.7272646 6.930936 0.03591998 1.066717 6.708239 0.06831665 1.350375 6.907579  O_Gathering_Close
-0.1311273 0.0830313 6.721036 -0.1958953 0.1525079 6.794243 -0.3846443 0.4127935 6.842249 -0.4466839 0.7132125 6.810514 -0.05769352 0.1476358 6.790529 0.1694151 0.3812174 6.862484 0.2617021 0.6754512 6.858747 -0.1206901 0.274583 6.857351 -0.2161728 0.7058723 6.893188 -0.1345394 1.102704 6.812967 -0.05250142 1.433483 6.880261 -0.03366701 0.7228072 6.923295 0.03881379 1.059352 6.695506 0.07311411 1.348533 6.886413  O_Gathering_Close
-0.1306187 0.07441747 6.724359 -0.1937936 0.1461843 6.796744 -0.3863542 0.4064347 6.851216 -0.4493131 0.7064775 6.81778 -0.05570124 0.1400408 6.791265 0.1716275 0.3736609 6.85917 0.2638772 0.6679015 6.855058 -0.1167199 0.2690911 6.855857 -0.2100965 0.7015361 6.8875 -0.130927 1.101278 6.820317 -0.05312995 1.434322 6.88117 -0.02709441 0.7180467 6.914688 0.04355164 1.052842 6.683767 0.07942607 1.348273 6.864548  O_Gathering_Close
-0.1298951 0.06857085 6.727298 -0.1919207 0.1420428 6.798963 -0.3867072 0.4023211 6.857366 -0.450093 0.7021302 6.822665 -0.05392848 0.1349722 6.792224 0.1734942 0.3686436 6.857038 0.2656519 0.6629071 6.852521 -0.1135442 0.2655594 6.855011 -0.2054656 0.6988119 6.883445 -0.1282144 1.100314 6.825108 -0.05354659 1.434843 6.881576 -0.02212606 0.7149844 6.908477 0.04832729 1.050205 6.678114 0.08467503 1.350585 6.850445  O_Gathering_Close
-0.1287199 0.06286132 6.730821 -0.1895649 0.1381371 6.80162 -0.3863547 0.3984759 6.86357 -0.4499318 0.6980322 6.827081 -0.05169408 0.1301011 6.793601 0.1757531 0.3638499 6.85506 0.2677392 0.6581579 6.849987 -0.1098903 0.2622857 6.854344 -0.2003715 0.6963519 6.879276 -0.1253217 1.099454 6.829768 -0.05403094 1.435429 6.881847 -0.01670293 0.7121399 6.902039 0.05482985 1.049389 6.674994 0.09124698 1.355167 6.837541  O_Gathering_Close
-0.1255097 0.05276883 6.739708 -0.184074 0.131775 6.808333 -0.3838293 0.3924319 6.876142 -0.4467026 0.6915779 6.835324 -0.04649202 0.1218255 6.797871 0.1808106 0.3557857 6.852282 0.2722885 0.6502236 6.845763 -0.102022 0.2572091 6.85388 -0.1899322 0.6927484 6.871569 -0.1197856 1.098206 6.836093 -0.05453156 1.436386 6.881367 -0.005688353 0.7077177 6.88978 0.0694526 1.051169 6.67345 0.1055654 1.368398 6.812407  O_Gathering_Close
-0.1237146 0.04886329 6.74456 -0.1812979 0.1295925 6.812 -0.3819314 0.3905255 6.881877 -0.4440267 0.6895205 6.838823 -0.0438631 0.118796 6.800495 0.1832799 0.3528762 6.85159 0.2744438 0.6473927 6.844275 -0.09828435 0.2556039 6.854079 -0.1851804 0.6917322 6.868433 -0.1175178 1.097978 6.837441 -0.05483095 1.436911 6.880676 -0.0007147025 0.7063153 6.884597 0.0765648 1.053188 6.674572 0.11263 1.375641 6.800951  O_Gathering_Close
-0.1209424 0.04412878 6.750727 -0.1773963 0.1270269 6.816468 -0.3791365 0.3881947 6.888826 -0.4404525 0.6870148 6.8435 -0.04014854 0.1151922 6.80381 0.1867176 0.3494288 6.850793 0.2774437 0.6440523 6.842412 -0.09331404 0.2537388 6.854085 -0.1790893 0.6905303 6.864272 -0.1145979 1.097583 6.837365 -0.05487047 1.437257 6.878931 0.005610662 0.7046246 6.878012 0.08455642 1.058663 6.680965 0.1204788 1.386288 6.793303  O_Gathering_Close
-0.1177025 0.04008329 6.757634 -0.1731679 0.1251007 6.821484 -0.3760752 0.3863047 6.896242 -0.4369874 0.6849813 6.849449 -0.03610025 0.1122919 6.807858 0.1904046 0.3467041 6.850857 0.2806365 0.6414449 6.841346 -0.08819477 0.2524717 6.854605 -0.1730497 0.6898277 6.860778 -0.1118366 1.097511 6.835836 -0.05489264 1.43772 6.876935 0.0118372 0.7034496 6.872303 0.09182896 1.064377 6.688628 0.1279462 1.397243 6.784251  O_Gathering_Close
-0.1097595 0.03296995 6.773934 -0.1636684 0.1221682 6.833252 -0.3683678 0.3834257 6.911658 -0.4281272 0.681961 6.862535 -0.02691321 0.107478 6.818438 0.1986337 0.342216 6.853899 0.2876998 0.6372236 6.841978 -0.07732819 0.2506598 6.857253 -0.1606958 0.6889606 6.855179 -0.1063704 1.097698 6.831581 -0.05491851 1.438745 6.872975 0.02445485 0.7016097 6.862975 0.1031167 1.076527 6.70918 0.1431803 1.418045 6.76403  O_Gathering_Close
-0.1062875 0.03054583 6.780414 -0.1597974 0.1212429 6.83779 -0.3649231 0.3825887 6.916899 -0.4241174 0.6811146 6.867041 -0.02312635 0.1058966 6.822864 0.2020084 0.3407421 6.855805 0.2905984 0.6358547 6.84297 -0.07309447 0.2500695 6.858455 -0.1560269 0.6886547 6.85327 -0.1043258 1.097728 6.829597 -0.05487834 1.439042 6.871237 0.02918895 0.7009434 6.860023 0.1057711 1.081609 6.719907 0.1475322 1.424892 6.760653  O_Gathering_Close
-0.1031865 0.02855551 6.786323 -0.1564395 0.1205217 6.841888 -0.3617623 0.3820626 6.921109 -0.4204481 0.6806136 6.870803 -0.01982175 0.1046317 6.827044 0.2049507 0.3395566 6.857988 0.293124 0.6347597 6.844388 -0.06948219 0.2496017 6.859708 -0.1520656 0.6884064 6.851848 -0.1025608 1.097763 6.828379 -0.05484072 1.439334 6.869925 0.0331951 0.7003816 6.857897 0.1079148 1.084494 6.726451 0.1505773 1.428605 6.758313  O_Gathering_Close
-0.09963195 0.02644145 6.793162 -0.1527113 0.1197618 6.846594 -0.3580971 0.3816428 6.925341 -0.4162281 0.6802483 6.874714 -0.01612626 0.1033112 6.832063 0.2082409 0.3383194 6.861049 0.2959445 0.6336235 6.84663 -0.06553958 0.2490819 6.861365 -0.1477828 0.688096 6.850595 -0.1006299 1.097752 6.827499 -0.05479888 1.43963 6.868644 0.03751524 0.699738 6.856132 0.1097891 1.086411 6.730977 0.1528159 1.430974 6.756925  O_Gathering_Close
-0.09654604 0.0247227 6.799133 -0.14954 0.1191529 6.850667 -0.3548747 0.3814013 6.928616 -0.4125757 0.6800663 6.877849 -0.01296793 0.1022588 6.836527 0.2110623 0.3373281 6.864006 0.298373 0.6327157 6.848925 -0.06222532 0.2486423 6.862889 -0.144197 0.6878125 6.849682 -0.09899704 1.097713 6.827025 -0.0547692 1.439866 6.867634 0.04112722 0.699172 6.854921 0.1111784 1.087416 6.733419 0.1540107 1.432225 6.756228  O_Gathering_Close
-0.09198956 0.02235353 6.808075 -0.1449243 0.1183513 6.856691 -0.3500105 0.3812684 6.932879 -0.40723 0.6800337 6.882157 -0.008356137 0.1008576 6.843261 0.2152035 0.3359921 6.868718 0.3019658 0.6314942 6.852744 -0.05744592 0.2480294 6.865171 -0.1390139 0.6874022 6.848433 -0.09660099 1.097654 6.826772 -0.05473928 1.440236 6.866254 0.04634489 0.6983281 6.85336 0.1133591 1.088119 6.735142 0.1550437 1.433255 6.754935  O_Gathering_Close
-0.08808415 0.02047396 6.815862 -0.1410431 0.1177349 6.861871 -0.345771 0.3813422 6.935936 -0.4027372 0.6802018 6.885485 -0.004460735 0.09979033 6.849202 0.2187241 0.3349634 6.873171 0.3050449 0.6305578 6.856525 -0.05347125 0.2475173 6.867204 -0.1346992 0.6870382 6.847525 -0.09457915 1.097579 6.827006 -0.05472664 1.440549 6.865185 0.05068423 0.6975865 6.852347 0.115157 1.087935 6.734557 0.1552014 1.43329 6.753908  O_Gathering_Close
-0.08484147 0.0190357 6.822235 -0.1378448 0.1172732 6.866067 -0.3422487 0.3814262 6.938248 -0.3990322 0.6803676 6.888076 -0.001245899 0.09899986 6.854063 0.2216816 0.3341705 6.876965 0.3076914 0.6298295 6.859865 -0.05021672 0.247098 6.868835 -0.1311483 0.6867337 6.846777 -0.09291105 1.097505 6.827291 -0.05472366 1.440789 6.864322 0.05425616 0.6969456 6.851518 0.1166127 1.087803 6.734274 0.1553733 1.433334 6.753084  O_Gathering_Close
-0.08150648 0.01766539 6.828752 -0.1345801 0.1168472 6.870312 -0.3386298 0.3815405 6.940404 -0.3952765 0.6805663 6.890583 0.002040403 0.09828055 6.859026 0.2247772 0.3334023 6.881031 0.3105559 0.6291107 6.863626 -0.0469176 0.2466779 6.87046 -0.1275274 0.6864266 6.845997 -0.09120832 1.097425 6.827677 -0.0547323 1.44103 6.863443 0.05789914 0.6962682 6.850653 0.1180706 1.087767 6.734414 0.1556427 1.433481 6.752242  O_Gathering_Close
-0.077821 0.01629579 6.835664 -0.1310046 0.1164175 6.874757 -0.3346554 0.3816512 6.942461 -0.3911846 0.6807718 6.893077 0.005646067 0.09758985 6.8643 0.228227 0.3326353 6.885537 0.3137918 0.6283917 6.867896 -0.04333035 0.246214 6.872144 -0.1235693 0.6860889 6.845153 -0.08934204 1.097326 6.828203 -0.05473522 1.441271 6.862525 0.06188228 0.6954895 6.849722 0.119638 1.087718 6.734723 0.1559517 1.433625 6.751382  O_Gathering_Close
-0.07532744 0.01546466 6.839981 -0.1285996 0.1161422 6.877494 -0.3320017 0.3816684 6.943676 -0.3884369 0.6808559 6.89459 0.008074062 0.09717619 6.867601 0.2305756 0.3321675 6.88844 0.316001 0.6279554 6.870649 -0.04092781 0.2458948 6.873168 -0.1208993 0.6858634 6.844585 -0.08808331 1.097253 6.828566 -0.05472765 1.441413 6.861953 0.06457014 0.6949391 6.849084 0.1206786 1.087691 6.73506 0.1561919 1.43372 6.750879  O_Gathering_Close
-0.07239978 0.01457536 6.844707 -0.125794 0.1158324 6.880444 -0.3289271 0.3816384 6.944894 -0.3852655 0.6809055 6.896183 0.01090975 0.09674406 6.871226 0.2333692 0.3316568 6.891763 0.3186744 0.627472 6.873852 -0.03813867 0.2455206 6.874256 -0.1177742 0.6856105 6.843924 -0.0866131 1.09717 6.829021 -0.05471913 1.441572 6.861331 0.06771715 0.6942756 6.848329 0.1218657 1.087675 6.735599 0.1564921 1.433841 6.750367  O_Gathering_Close
-0.06964152 0.01381385 6.848418 -0.1231896 0.1154991 6.882679 -0.326098 0.381494 6.945601 -0.382325 0.680831 6.897192 0.0135497 0.09636891 6.874096 0.2359925 0.3312452 6.894526 0.3211508 0.6270918 6.876437 -0.03558533 0.2451447 6.875044 -0.114953 0.6853743 6.843351 -0.08527766 1.097081 6.82951 -0.05469219 1.441692 6.860844 0.07055892 0.6936311 6.847673 0.1229837 1.087646 6.736285 0.1567982 1.433935 6.75001  O_Gathering_Close
-0.06691723 0.01312041 6.851028 -0.1206653 0.1150879 6.884118 -0.3233995 0.3811822 6.945705 -0.3795045 0.6805801 6.897533 0.01611753 0.09600365 6.876149 0.2385709 0.330902 6.896674 0.3235382 0.626785 6.878285 -0.03315691 0.2447349 6.875476 -0.1123443 0.6851414 6.842868 -0.08403222 1.096978 6.830076 -0.05464564 1.441775 6.860492 0.07318749 0.6929792 6.84712 0.124134 1.087588 6.737156 0.1571207 1.433997 6.74981  O_Gathering_Close
-0.06292079 0.0121671 6.853548 -0.1170401 0.1143694 6.885281 -0.3195581 0.3805214 6.945049 -0.3754106 0.679995 6.897053 0.0198194 0.0954808 6.878213 0.2423426 0.3304888 6.899189 0.3269834 0.6264278 6.880207 -0.02974598 0.2440958 6.875712 -0.1087968 0.6848187 6.842251 -0.08233003 1.096823 6.830999 -0.05455891 1.441863 6.86015 0.07676311 0.6920114 6.846413 0.1257579 1.087502 6.738756 0.1576535 1.434071 6.749743  O_Gathering_Close
-0.06045822 0.01160121 6.854692 -0.1148516 0.1138773 6.88571 -0.3172043 0.380069 6.944294 -0.3727668 0.6795793 6.896191 0.02206184 0.09517467 6.879216 0.2446334 0.3303009 6.900603 0.3290122 0.626285 6.881162 -0.02773277 0.2436943 6.875778 -0.1067857 0.6846335 6.84189 -0.0813574 1.096728 6.831584 -0.05448959 1.4419 6.860018 0.0787908 0.6914119 6.846006 0.1265901 1.087472 6.739917 0.1580267 1.434116 6.749818  O_Gathering_Close
-0.05835537 0.01113045 6.855336 -0.1130133 0.1134199 6.885841 -0.3152105 0.3796417 6.943398 -0.3704493 0.6791775 6.895082 0.0239503 0.09491932 6.879845 0.2465755 0.3301768 6.901682 0.3307037 0.6262023 6.881787 -0.02607392 0.2433453 6.875756 -0.105186 0.6844856 6.841602 -0.08058064 1.096649 6.8321 -0.05442564 1.441922 6.85996 0.08040418 0.6908996 6.845685 0.1272096 1.08746 6.741029 0.1583606 1.434155 6.749959  O_Gathering_Close
-0.05554835 0.01050532 6.856133 -0.1106114 0.1127764 6.885963 -0.31258 0.3790299 6.942028 -0.3672764 0.6785899 6.893248 0.02642597 0.09461355 6.880659 0.2491139 0.3301044 6.903161 0.3328385 0.6261954 6.882555 -0.02396928 0.2428881 6.875724 -0.1032437 0.6843062 6.84122 -0.07963924 1.096551 6.832772 -0.05434624 1.441947 6.8599 0.08236392 0.6902247 6.845261 0.1279203 1.087467 6.742661 0.1588364 1.434216 6.750197  O_Gathering_Close
-0.05359391 0.01006937 6.856721 -0.108982 0.1123053 6.886066 -0.3107711 0.3785746 6.940975 -0.3649983 0.678144 6.89173 0.02811213 0.094432 6.881268 0.2508315 0.3301334 6.904272 0.3342161 0.62628 6.88309 -0.02259509 0.2425787 6.875726 -0.1020481 0.684196 6.84095 -0.07906286 1.096491 6.833228 -0.05430095 1.441963 6.859861 0.08357097 0.6897609 6.844964 0.1283149 1.087494 6.743921 0.1591889 1.434269 6.750392  O_Gathering_Close
-0.05188445 0.009690404 6.857207 -0.1075854 0.1118764 6.886131 -0.3092043 0.3781536 6.939964 -0.3629588 0.6777251 6.890215 0.02956154 0.09429348 6.88179 0.2523027 0.3302108 6.905268 0.3353521 0.6264105 6.883523 -0.02145426 0.242314 6.875728 -0.1011097 0.6841094 6.840714 -0.07861237 1.096442 6.833613 -0.05426673 1.441976 6.859833 0.08451898 0.689361 6.844707 0.1285997 1.08753 6.745101 0.1595024 1.43432 6.750585  O_Gathering_Close
-0.04903249 0.009069443 6.857975 -0.1053085 0.1111358 6.886199 -0.3066268 0.3774074 6.938113 -0.3594909 0.6769658 6.887342 0.03193118 0.09411061 6.88264 0.2546907 0.3304535 6.90695 0.3371037 0.6267514 6.884146 -0.01966892 0.2418905 6.875718 -0.09974913 0.6839851 6.840332 -0.07796453 1.096371 6.834191 -0.05421893 1.441994 6.859782 0.08589424 0.6887178 6.844291 0.1290221 1.087606 6.747176 0.1600301 1.434409 6.750928  O_Gathering_Close
-0.04703907 0.00864172 6.85848 -0.1037656 0.1105932 6.886214 -0.3048553 0.3768433 6.936676 -0.3570008 0.6763785 6.885032 0.03354319 0.09402275 6.88322 0.2563004 0.3307204 6.908152 0.3382016 0.6270941 6.884503 -0.01852839 0.241608 6.875702 -0.09898268 0.6839147 6.840072 -0.0776066 1.096331 6.834546 -0.05420111 1.442006 6.859741 0.08667012 0.6882848 6.844008 0.1292688 1.087675 6.748738 0.1604073 1.434478 6.751191  O_Gathering_Close
-0.0452563 0.008273721 6.858898 -0.1024085 0.1101035 6.886201 -0.3032845 0.3763236 6.935317 -0.3547383 0.6758274 6.882805 0.03496285 0.0939728 6.883718 0.2577083 0.3310176 6.909223 0.3391137 0.6274616 6.884758 -0.01756118 0.2413703 6.875681 -0.09839468 0.6838633 6.839849 -0.0773354 1.096302 6.83481 -0.0541899 1.442017 6.8597 0.08726563 0.6879182 6.843767 0.1294581 1.087741 6.750146 0.16074 1.434537 6.751429  O_Gathering_Close
-0.04347221 0.00792706 6.859276 -0.1010607 0.1096209 6.886166 -0.3017189 0.3758019 6.933918 -0.3524546 0.6752641 6.880479 0.03637196 0.09394956 6.884187 0.2590985 0.3313587 6.910269 0.3399816 0.6278732 6.884944 -0.01662092 0.2411512 6.875654 -0.09786533 0.6838222 6.839641 -0.07709233 1.09628 6.835009 -0.0541775 1.442028 6.859654 0.08780165 0.6875783 6.84354 0.1296258 1.087809 6.75151 0.1610636 1.434593 6.751658  O_Gathering_Close
-0.04189847 0.007636666 6.859577 -0.09988688 0.1091962 6.886112 -0.3003451 0.3753337 6.932633 -0.3504114 0.6747499 6.878313 0.03759964 0.09395278 6.884578 0.2603024 0.3317038 6.91118 0.340698 0.6282812 6.88505 -0.01582818 0.2409722 6.875625 -0.09746914 0.6837954 6.839467 -0.07691352 1.096268 6.835129 -0.05417238 1.442039 6.859608 0.08820315 0.6872986 6.843351 0.1297477 1.087874 6.752705 0.1613472 1.434643 6.751859  O_Gathering_Close
-0.03972695 0.00726378 6.859944 -0.09827797 0.108622 6.886011 -0.298453 0.3746881 6.930819 -0.3475641 0.6740276 6.875218 0.03928031 0.09398973 6.885083 0.2619421 0.3322304 6.912407 0.3416317 0.6288933 6.885111 -0.01476447 0.2407488 6.875579 -0.09699015 0.6837698 6.839242 -0.07670031 1.096258 6.835227 -0.0541691 1.442055 6.859542 0.08868839 0.686947 6.843106 0.1298975 1.087961 6.754264 0.1617102 1.434705 6.752118  O_Gathering_Close
-0.03754566 0.006926179 6.860257 -0.09666453 0.1080676 6.88588 -0.2965504 0.3740512 6.928972 -0.3446842 0.6732986 6.872037 0.04096164 0.09406078 6.885549 0.2635747 0.3328038 6.913594 0.3425247 0.6295491 6.88507 -0.01371084 0.2405528 6.875529 -0.09655611 0.683755 6.839039 -0.07650803 1.096258 6.835247 -0.05416594 1.442072 6.859473 0.08912762 0.6866368 6.842883 0.1300429 1.08804 6.755676 0.162041 1.434757 6.75235  O_Gathering_Close
-0.0358213 0.006684661 6.860464 -0.095394 0.1076432 6.885754 -0.2950456 0.3735533 6.927487 -0.3423865 0.6727165 6.869455 0.04228308 0.09414256 6.885886 0.2648527 0.3332926 6.914503 0.3431936 0.6300998 6.884964 -0.01289479 0.2404183 6.875485 -0.09625737 0.6837517 6.838892 -0.07637851 1.096263 6.835208 -0.05416803 1.442088 6.859416 0.08942987 0.6864221 6.842721 0.1301474 1.088099 6.75669 0.1622827 1.434795 6.752512  O_Gathering_Close
-0.03425537 0.006484747 6.860631 -0.09424131 0.1072716 6.885628 -0.2936753 0.3731104 6.926126 -0.3402865 0.6721892 6.867076 0.04347946 0.09423482 6.886178 0.2660073 0.3337576 6.915314 0.3437741 0.6306186 6.884813 -0.01215981 0.2403117 6.875444 -0.09601049 0.6837529 6.838767 -0.0762739 1.096272 6.835157 -0.05417357 1.442103 6.859367 0.08967949 0.6862516 6.842581 0.130234 1.088144 6.757484 0.1624621 1.434822 6.752636  O_Gathering_Close
-0.03275762 0.006311774 6.86077 -0.09313922 0.1069289 6.885496 -0.2923616 0.3726954 6.924811 -0.3382676 0.6716858 6.86477 0.04462095 0.09433961 6.886443 0.2671075 0.3342211 6.916073 0.3443066 0.6311304 6.884616 -0.0114613 0.2402241 6.875404 -0.0957958 0.6837574 6.838657 -0.07618533 1.096283 6.835093 -0.05418233 1.442119 6.859323 0.08989634 0.6861119 6.842457 0.1303095 1.088178 6.75812 0.1626017 1.434843 6.752731  O_Gathering_Close
-0.03017835 0.006056786 6.860962 -0.09124456 0.1063691 6.885242 -0.2900912 0.3720031 6.922515 -0.3347587 0.6708227 6.860717 0.04657837 0.09456003 6.886867 0.2689909 0.335066 6.917348 0.3451632 0.6320501 6.884144 -0.01027302 0.2401081 6.875332 -0.09548424 0.6837739 6.838488 -0.07606541 1.096309 6.83495 -0.05420915 1.442149 6.859254 0.09021087 0.6859277 6.84226 0.1304162 1.088222 6.758914 0.1627745 1.434868 6.752838  O_Gathering_Close
-0.02824442 0.00590694 6.86108 -0.08982669 0.1059819 6.885033 -0.2883792 0.3715123 6.920761 -0.3320992 0.6701897 6.85761 0.04803868 0.09476435 6.88717 0.2703975 0.3357402 6.918293 0.3457427 0.6327727 6.883664 -0.009392066 0.240056 6.875278 -0.09530638 0.6837919 6.838376 -0.07600914 1.096333 6.834857 -0.05424516 1.442175 6.859217 0.09039028 0.685849 6.842125 0.1304607 1.088228 6.759127 0.1627904 1.434874 6.752847  O_Gathering_Close
-0.0269268 0.00582993 6.861142 -0.08886246 0.1057382 6.88488 -0.2872087 0.3711959 6.919545 -0.3302731 0.6697673 6.855451 0.04902955 0.09492743 6.887367 0.271353 0.3362254 6.918926 0.3461038 0.6332854 6.88326 -0.008798225 0.2400421 6.87524 -0.09522037 0.6838083 6.838308 -0.07599173 1.096352 6.8348 -0.05427901 1.442195 6.8592 0.090477 0.6858324 6.84204 0.1304694 1.088219 6.759039 0.1627401 1.434871 6.752809  O_Gathering_Close
-0.02544342 0.005753636 6.861199 -0.08777915 0.1054703 6.884693 -0.2858833 0.3708452 6.918147 -0.3281942 0.6692898 6.85297 0.05014034 0.09512055 6.887583 0.2724268 0.3367797 6.919647 0.3464619 0.6338662 6.882732 -0.008135064 0.240034 6.875196 -0.09513675 0.6838267 6.838238 -0.0759816 1.096374 6.834744 -0.05432371 1.442217 6.859187 0.09056135 0.685827 6.841947 0.1304692 1.088203 6.758855 0.162658 1.434865 6.752751  O_Gathering_Close
-0.02437405 0.005699635 6.86123 -0.0870003 0.1052756 6.884547 -0.284922 0.3705903 6.917111 -0.3266775 0.6689381 6.851138 0.05093731 0.09526014 6.887736 0.2731991 0.3371783 6.92018 0.3466757 0.6342814 6.882294 -0.007661087 0.2400271 6.87516 -0.09507702 0.6838377 6.838188 -0.07597648 1.096388 6.834717 -0.05435936 1.442232 6.859181 0.09062161 0.6858218 6.84188 0.1304665 1.088192 6.758728 0.1625956 1.434861 6.75271  O_Gathering_Close
-0.0223922 0.005612373 6.861258 -0.08556329 0.1049207 6.884244 -0.2831257 0.3701257 6.915107 -0.3238174 0.668278 6.847603 0.05240371 0.09553063 6.888012 0.2746288 0.3379248 6.921199 0.3469482 0.6350479 6.881297 -0.006794853 0.2400227 6.87509 -0.09498279 0.6838558 6.838106 -0.07598202 1.096411 6.834697 -0.05443905 1.442258 6.859184 0.09071667 0.6858289 6.841761 0.1304457 1.088165 6.758389 0.1624411 1.43485 6.752618  O_Gathering_Close
-0.02139847 0.005570531 6.86126 -0.08484821 0.1047425 6.884068 -0.2822057 0.3699002 6.914021 -0.3223267 0.6679458 6.845708 0.05313076 0.09566772 6.888156 0.2753482 0.3382927 6.921763 0.3469702 0.6354199 6.880653 -0.006366534 0.2400202 6.87505 -0.09492587 0.6838632 6.838065 -0.07598464 1.096422 6.834688 -0.05448614 1.442271 6.859189 0.09077401 0.685832 6.841698 0.1304343 1.088152 6.758217 0.162355 1.434847 6.75257  O_Gathering_Close
-0.02060823 0.005538106 6.86125 -0.08428465 0.1045996 6.883905 -0.2814588 0.3697292 6.913079 -0.3210924 0.6676807 6.844075 0.05370213 0.09577751 6.888274 0.2759231 0.3385803 6.922253 0.3468913 0.6357058 6.880013 -0.006031854 0.2400181 6.875012 -0.09487353 0.6838676 6.838033 -0.07598703 1.096429 6.834682 -0.05452959 1.44228 6.859194 0.09082676 0.6858348 6.841645 0.1304238 1.088143 6.758077 0.1622787 1.434845 6.75253  O_Gathering_Close
-0.02005933 0.005516052 6.861238 -0.08389722 0.1045004 6.883776 -0.2809312 0.369615 6.912373 -0.3202087 0.6674979 6.84287 0.05409356 0.09585428 6.888363 0.2763268 0.3387738 6.922636 0.3467515 0.6358939 6.879457 -0.005802674 0.2400167 6.874982 -0.09482943 0.6838696 6.83801 -0.07598798 1.096433 6.834681 -0.05456452 1.442285 6.8592 0.09087123 0.6858374 6.841606 0.1304161 1.088137 6.757971 0.1622179 1.434845 6.752501  O_Gathering_Close
-0.01931964 0.005486846 6.861211 -0.08339261 0.1043684 6.883533 -0.2801948 0.3694786 6.911218 -0.3189409 0.6672673 6.841017 0.05459865 0.09595931 6.88853 0.2768953 0.3390033 6.923357 0.3461916 0.6360995 6.878233 -0.005503697 0.2400154 6.874931 -0.09472565 0.6838676 6.837974 -0.07598321 1.096436 6.83468 -0.05463533 1.442292 6.859214 0.0909756 0.6858438 6.841535 0.1304072 1.088129 6.757779 0.1620986 1.43485 6.752444  O_Gathering_Close
-0.019015 0.005475283 6.861188 -0.08320139 0.1043168 6.88336 -0.2798741 0.3694366 6.91055 -0.3183668 0.6671889 6.840056 0.05478485 0.09600246 6.888645 0.2771581 0.3390616 6.923865 0.3455716 0.6361275 6.877219 -0.00538723 0.2400154 6.874899 -0.09464388 0.683863 6.837954 -0.07597534 1.096435 6.834684 -0.05468402 1.442293 6.859226 0.09105773 0.685849 6.84149 0.1304054 1.088126 6.757656 0.1620172 1.434855 6.752408  O_Gathering_Close
-0.01887695 0.005470157 6.861176 -0.08311604 0.1042958 6.883266 -0.2797389 0.3694118 6.910246 -0.3181427 0.6671576 6.839676 0.05486627 0.09601974 6.888711 0.2772892 0.3390731 6.924149 0.3451974 0.6361164 6.876629 -0.005329354 0.2400151 6.874883 -0.09460442 0.6838612 6.837945 -0.07596986 1.096435 6.834687 -0.05470435 1.442295 6.859234 0.09109743 0.6858507 6.841469 0.1304063 1.088124 6.757596 0.161981 1.434857 6.752392  O_Gathering_Close
-0.01879988 0.005467534 6.861165 -0.08307193 0.1042863 6.88319 -0.2796677 0.3693964 6.910044 -0.318034 0.6671458 6.839468 0.05490633 0.09602797 6.888764 0.2773751 0.3390635 6.924375 0.3448633 0.6360854 6.876128 -0.005294604 0.2400149 6.874872 -0.09457479 0.6838599 6.837938 -0.07596432 1.096435 6.83469 -0.05471722 1.442295 6.859241 0.09112717 0.6858518 6.841454 0.1304082 1.088122 6.757554 0.161956 1.434858 6.752382  O_Gathering_Close
-0.01870756 0.005464315 6.861152 -0.08302109 0.1042758 6.883088 -0.2795797 0.3693805 6.909773 -0.3178993 0.6671362 6.839199 0.05495103 0.09603691 6.888837 0.2774847 0.3390433 6.924685 0.3443703 0.6360307 6.875399 -0.005251868 0.2400146 6.874858 -0.094537 0.6838582 6.83793 -0.07595722 1.096434 6.834694 -0.05473362 1.442296 6.859249 0.09116514 0.6858528 6.841434 0.130411 1.088119 6.757498 0.1619248 1.434859 6.752368  O_Gathering_Close
-0.0186563 0.005462527 6.861147 -0.08299343 0.1042705 6.88303 -0.2795245 0.3693758 6.909608 -0.3178084 0.6671336 6.839023 0.05497499 0.0960418 6.888883 0.2775469 0.3390306 6.924869 0.3440646 0.6359949 6.874949 -0.005228145 0.2400144 6.874852 -0.09451775 0.6838574 6.837927 -0.07595401 1.096434 6.834697 -0.05474238 1.442297 6.859255 0.09118445 0.6858534 6.841425 0.1304119 1.088117 6.75747 0.1619081 1.434859 6.752362  O_Gathering_Close
-0.0186076 0.00546062 6.861141 -0.08296929 0.1042663 6.882963 -0.2794674 0.3693756 6.90942 -0.3177113 0.6671361 6.838826 0.05499448 0.09604597 6.888936 0.2776123 0.3390102 6.925081 0.343676 0.635944 6.874383 -0.00520472 0.2400142 6.874845 -0.09449832 0.6838567 6.837924 -0.07595049 1.096434 6.834701 -0.05475078 1.442297 6.859261 0.091204 0.6858538 6.841415 0.1304128 1.088116 6.757441 0.1618911 1.434859 6.752355  O_Gathering_Close
-0.01857815 0.005459428 6.861138 -0.08295505 0.1042635 6.882922 -0.2794324 0.3693753 6.909303 -0.3176516 0.6671377 6.838703 0.05500575 0.09604812 6.88897 0.2776514 0.3389978 6.925212 0.3434068 0.63591 6.873989 -0.005190773 0.2400138 6.874841 -0.09448682 0.683856 6.837923 -0.07594852 1.096434 6.834703 -0.05475597 1.442297 6.859264 0.09121557 0.6858539 6.841409 0.1304132 1.088114 6.757423 0.1618809 1.434859 6.752351  O_Gathering_Close
-0.01851009 0.005456567 6.861135 -0.08292346 0.1042563 6.882831 -0.279353 0.3693727 6.909035 -0.3175133 0.6671392 6.83842 0.05503048 0.09605443 6.889051 0.2777331 0.3389782 6.925502 0.3425396 0.6358209 6.872693 -0.005161805 0.2400134 6.874836 -0.09446417 0.6838547 6.837923 -0.0759462 1.096434 6.834711 -0.05476866 1.442298 6.859275 0.09123839 0.6858544 6.841399 0.1304115 1.088112 6.75739 0.1618568 1.434859 6.752344  O_Gathering_Close
-0.01850538 0.005456328 6.861136 -0.08292072 0.1042558 6.882827 -0.2793474 0.3693726 6.909021 -0.3175048 0.6671391 6.838406 0.05503281 0.09605467 6.889057 0.2777395 0.3389771 6.925516 0.3422761 0.6358014 6.872272 -0.005159302 0.2400132 6.874837 -0.09446202 0.6838545 6.837924 -0.07594554 1.096434 6.834713 -0.05476908 1.442298 6.859277 0.09124054 0.6858543 6.8414 0.1304119 1.088112 6.757389 0.1618555 1.434859 6.752345  O_Gathering_Close
-0.0185043 0.005456328 6.861136 -0.08292012 0.1042558 6.882825 -0.2793463 0.3693726 6.909018 -0.317503 0.6671392 6.838403 0.0550334 0.09605467 6.889058 0.2777409 0.338977 6.925518 0.3422061 0.6357961 6.87216 -0.005158706 0.2400132 6.874836 -0.09446155 0.6838545 6.837924 -0.07594524 1.096434 6.834713 -0.05476896 1.442298 6.859277 0.09124108 0.6858543 6.8414 0.130412 1.088112 6.757388 0.1618552 1.434859 6.752345  O_Gathering_Close
-0.0185046 0.005456448 6.861136 -0.08292024 0.1042558 6.882826 -0.2793465 0.3693727 6.909019 -0.3175033 0.6671395 6.838404 0.05503323 0.09605467 6.889058 0.2777406 0.3389771 6.925517 0.3422067 0.6357964 6.872161 -0.005158765 0.2400132 6.874837 -0.0944616 0.6838546 6.837924 -0.07594536 1.096434 6.834713 -0.0547692 1.442298 6.859277 0.09124102 0.6858544 6.8414 0.1304121 1.088112 6.757389 0.1618554 1.434859 6.752345  O_Gathering_Close
