0.004019039 0.05495536 10.59606 -0.06559967 0.1468054 10.62919 -0.2133777 0.3443604 10.49013 -0.07400851 0.09053624 10.38403 0.07273592 0.1474348 10.62954 0.4074293 0.2515391 10.58953 0.2024551 0.03308117 10.51628 0.002893405 0.2876822 10.63098 -0.09198634 0.7336257 10.64301 -0.1849268 1.133545 10.59827 -0.2547728 1.472157 10.56455 0.09372045 0.7339742 10.6468 0.1779862 1.113296 10.50746 0.2455208 1.441488 10.41271  A_Punch_Far
0.005005794 0.0549432 10.59726 -0.06520997 0.1466635 10.62991 -0.2126285 0.3433505 10.48945 -0.0721073 0.08956587 10.38479 0.07312132 0.1477436 10.63065 0.4080538 0.2511455 10.59143 0.2030875 0.03346741 10.51587 0.002821164 0.2877673 10.63142 -0.09242885 0.7337613 10.64254 -0.1845408 1.133932 10.59834 -0.2537096 1.472734 10.56514 0.09326495 0.7340382 10.64693 0.1776514 1.113653 10.50846 0.2450527 1.441732 10.41323  A_Punch_Far
0.005940156 0.05493808 10.5984 -0.06483953 0.1465322 10.63059 -0.2119087 0.3423922 10.48881 -0.07030044 0.08865201 10.38551 0.07348533 0.1480396 10.6317 0.4086334 0.2507732 10.59325 0.2036969 0.03384936 10.51547 0.002754526 0.2878484 10.63183 -0.09284477 0.7338881 10.6421 -0.1841773 1.134294 10.59841 -0.2527098 1.473274 10.56571 0.09283496 0.7340983 10.64705 0.1773295 1.11399 10.50941 0.244597 1.441962 10.41371  A_Punch_Far
0.007868366 0.05650747 10.59851 -0.06379132 0.1475974 10.63054 -0.2107682 0.3421993 10.48748 -0.06829117 0.08852315 10.38522 0.07451655 0.1500022 10.63209 0.4097711 0.2525154 10.59556 0.2045779 0.03685272 10.51501 0.002881544 0.2893498 10.63185 -0.09364925 0.7353348 10.64307 -0.1841369 1.135749 10.59774 -0.2523052 1.474924 10.56631 0.09201033 0.7355507 10.64872 0.1767206 1.114869 10.50964 0.2442228 1.442592 10.41326  A_Punch_Far
0.01149889 0.0605135 10.59767 -0.06176357 0.1505141 10.6297 -0.2094403 0.3426876 10.48518 -0.06499337 0.08974051 10.38389 0.07649203 0.1546487 10.63206 0.4116417 0.2577275 10.5993 0.20565 0.0444448 10.51455 0.003116863 0.2930877 10.63173 -0.09527598 0.738892 10.64539 -0.1844156 1.139004 10.595 -0.252448 1.478513 10.56709 0.09033521 0.7391822 10.65246 0.1760073 1.116578 10.50881 0.2447732 1.44399 10.41227  A_Punch_Far
0.01452555 0.0647949 10.59614 -0.06005887 0.1537629 10.62841 -0.2089778 0.3438898 10.48344 -0.06260745 0.09205389 10.38214 0.07813103 0.1593863 10.63144 0.4129407 0.2637719 10.60194 0.2059543 0.05250883 10.5146 0.003255086 0.2970196 10.63151 -0.09677403 0.7426082 10.64766 -0.1848602 1.142163 10.59135 -0.2530909 1.481939 10.56745 0.08878197 0.7429953 10.65605 0.1758731 1.11799 10.50706 0.2463668 1.445324 10.41151  A_Punch_Far
0.01704414 0.06956959 10.59406 -0.0586286 0.1576225 10.62659 -0.2088983 0.3462058 10.4816 -0.06037019 0.09559095 10.38041 0.07948686 0.164355 10.6306 0.4132201 0.2724775 10.60381 0.2060493 0.06173384 10.51565 0.003476815 0.3013637 10.6313 -0.09818874 0.7466295 10.64929 -0.1861008 1.145193 10.58609 -0.2553734 1.485114 10.56796 0.08730169 0.747355 10.659 0.176192 1.120187 10.5057 0.2487601 1.448351 10.41465  A_Punch_Far
0.01978804 0.07539642 10.59261 -0.05708895 0.162415 10.62542 -0.2088303 0.349262 10.48037 -0.05788003 0.1000308 10.37935 0.08092482 0.1703649 10.63055 0.4133438 0.2827566 10.60679 0.2060233 0.07246935 10.51789 0.003659742 0.3066643 10.63194 -0.09984212 0.7515466 10.65194 -0.187433 1.148875 10.581 -0.25756 1.488908 10.56945 0.08556314 0.7526487 10.66313 0.1768186 1.120416 10.49935 0.251661 1.448119 10.40848  A_Punch_Far
0.02305438 0.08405983 10.59089 -0.0553268 0.1698164 10.62357 -0.2076738 0.3555423 10.47777 -0.05368177 0.1074523 10.37854 0.0824848 0.1790012 10.63137 0.4119571 0.2997073 10.61123 0.2062165 0.08819115 10.52158 0.00388463 0.3145298 10.6332 -0.1020765 0.758859 10.65444 -0.1899742 1.15402 10.57261 -0.2616355 1.493925 10.57097 0.08316691 0.7606384 10.66798 0.1778023 1.122153 10.49261 0.2551313 1.450306 10.40552  A_Punch_Far
0.02627792 0.09527338 10.58915 -0.05379717 0.1796422 10.6212 -0.2054731 0.3650327 10.47389 -0.04839961 0.1178322 10.37731 0.08364435 0.189976 10.63305 0.4089058 0.3209481 10.6177 0.2060352 0.1074096 10.52633 0.003702598 0.3247173 10.63491 -0.1046058 0.7685065 10.65714 -0.1928142 1.160703 10.56239 -0.265774 1.500175 10.57285 0.080382 0.7708644 10.67373 0.1794995 1.124215 10.48473 0.2590859 1.453088 10.40253  A_Punch_Far
0.02868797 0.107326 10.5878 -0.05292503 0.1904869 10.61867 -0.2022961 0.3767887 10.46925 -0.04286258 0.1298997 10.37579 0.08393849 0.2015502 10.6355 0.4041484 0.3429501 10.62539 0.2052021 0.1268497 10.53145 0.002988713 0.3356949 10.63681 -0.1069261 0.7791126 10.65947 -0.1954003 1.167986 10.55212 -0.2691787 1.506685 10.57477 0.07772858 0.781767 10.6794 0.1817823 1.126267 10.47717 0.2629782 1.455987 10.4001  A_Punch_Far
0.02900906 0.1158545 10.58661 -0.05329905 0.1984991 10.61645 -0.1993451 0.386821 10.46577 -0.03951828 0.139804 10.37332 0.08305652 0.2095321 10.63701 0.3999285 0.3568493 10.63149 0.2040634 0.139655 10.53368 0.001896339 0.343554 10.63774 -0.1075762 0.7870323 10.66181 -0.1973182 1.173091 10.54571 -0.2717437 1.511068 10.57581 0.07694639 0.7892709 10.68298 0.1830674 1.127878 10.47206 0.2645289 1.458386 10.39873  A_Punch_Far
0.02931382 0.127728 10.58488 -0.05385564 0.2097297 10.61325 -0.1950274 0.4010462 10.46105 -0.03486 0.1538324 10.36973 0.08164246 0.2205694 10.63894 0.3936294 0.3755834 10.63987 0.2019503 0.1570487 10.53688 0.0002963115 0.3544805 10.63885 -0.1083836 0.7980624 10.66512 -0.1998775 1.179924 10.53712 -0.2745216 1.516799 10.57733 0.07596846 0.799639 10.68778 0.1847592 1.129853 10.46523 0.266054 1.461509 10.39709  A_Punch_Far
0.02768387 0.1358811 10.58228 -0.05563454 0.2178344 10.60979 -0.1915874 0.4122319 10.45734 -0.03219203 0.165078 10.36452 0.07929154 0.227939 10.6386 0.3889794 0.3860998 10.64619 0.1993654 0.1691231 10.53632 -0.001631541 0.3621057 10.63826 -0.1079472 0.8060293 10.66888 -0.201895 1.184837 10.53377 -0.2760488 1.52088 10.58121 0.0765986 0.8064393 10.68995 0.1856502 1.131456 10.46001 0.2669495 1.464063 10.39667  A_Punch_Far
0.02595617 0.1452472 10.58009 -0.05750064 0.2271646 10.60665 -0.1876056 0.4249616 10.45413 -0.0290067 0.1779511 10.35958 0.07670368 0.2363976 10.63891 0.3836447 0.3979051 10.65388 0.1963276 0.1827929 10.53665 -0.00372736 0.370859 10.63829 -0.1074686 0.8150802 10.67379 -0.2039763 1.188474 10.52602 -0.2771215 1.524204 10.5771 0.07726903 0.8142439 10.6931 0.1862504 1.133399 10.45506 0.2672498 1.467058 10.3971  A_Punch_Far
0.02163454 0.1548404 10.57552 -0.06123624 0.2371579 10.60259 -0.184165 0.4392511 10.4529 -0.02830921 0.19284 10.35241 0.07285132 0.2448817 10.63573 0.3801299 0.4052752 10.66003 0.1924346 0.1975801 10.53065 -0.006514592 0.3799738 10.6365 -0.1056496 0.8244177 10.68183 -0.2068839 1.191566 10.52205 -0.2773938 1.527612 10.57473 0.07969166 0.8219764 10.69383 0.1854435 1.13694 10.44885 0.2671883 1.47168 10.3987  A_Punch_Far
0.01825889 0.1622332 10.57167 -0.06400417 0.2448536 10.59973 -0.1819229 0.4500893 10.45321 -0.02838145 0.2044847 10.34733 0.07023628 0.2514299 10.63249 0.3784071 0.4099108 10.66337 0.1899111 0.2091736 10.52452 -0.008314533 0.3869776 10.63495 -0.1036667 0.8313746 10.68858 -0.2098273 1.193169 10.52003 -0.2781281 1.52965 10.57284 0.0819778 0.8279219 10.69365 0.1839405 1.140226 10.44371 0.2664623 1.475685 10.40006  A_Punch_Far
0.01362278 0.1703482 10.56624 -0.06724416 0.2532604 10.59791 -0.181646 0.4617474 10.45858 -0.03207384 0.2179739 10.34321 0.06813355 0.2586981 10.62585 0.3803442 0.4109118 10.66131 0.1880667 0.222478 10.51089 -0.009453518 0.3946494 10.63269 -0.09952669 0.8385227 10.69884 -0.214378 1.193042 10.5208 -0.279469 1.530904 10.56861 0.0859942 0.8345437 10.69062 0.1800081 1.14586 10.43636 0.2649647 1.481772 10.40182  A_Punch_Far
0.01082958 0.1753066 10.56231 -0.06870912 0.258239 10.59762 -0.1825861 0.4686164 10.46497 -0.03583525 0.2267867 10.34212 0.06768848 0.2631801 10.62017 0.3838727 0.4089825 10.65593 0.1882624 0.2308911 10.49743 -0.009240611 0.3992338 10.63115 -0.09548406 0.8424922 10.70617 -0.2179814 1.191827 10.52305 -0.2813981 1.53071 10.56561 0.08926095 0.8386487 10.6873 0.1762702 1.150618 10.43136 0.2635526 1.486573 10.40373  A_Punch_Far
0.007796185 0.1804886 10.55752 -0.0695117 0.2632208 10.59853 -0.1847409 0.4754391 10.47595 -0.041764 0.2366412 10.34313 0.06808062 0.267941 10.61207 0.3903299 0.4033383 10.64425 0.1897106 0.2399923 10.4764 -0.007857306 0.4038994 10.62934 -0.08908997 0.8461668 10.71521 -0.2226605 1.189093 10.52777 -0.2851399 1.529116 10.56175 0.09361263 0.8430555 10.68187 0.1708306 1.157236 10.42549 0.2621729 1.492719 10.40664  A_Punch_Far
0.00525214 0.1834785 10.55392 -0.06929426 0.2658919 10.60073 -0.1887694 0.4790286 10.48815 -0.04902778 0.2436782 10.34606 0.06890573 0.2706441 10.60466 0.3973051 0.3940972 10.62848 0.1931349 0.2460169 10.45102 -0.005699737 0.4064019 10.62818 -0.08280145 0.8476716 10.72226 -0.2262978 1.185638 10.53315 -0.2890749 1.526339 10.55876 0.09727629 0.8457475 10.67676 0.165395 1.162803 10.42135 0.2603226 1.497612 10.40953  A_Punch_Far
0.003012674 0.1854059 10.5513 -0.06863104 0.2674929 10.60324 -0.1925731 0.481105 10.49979 -0.05585335 0.2490114 10.34963 0.06953175 0.2723774 10.59829 0.4029582 0.3843383 10.61233 0.1963105 0.2502607 10.42679 -0.003507419 0.4079142 10.62735 -0.07702534 0.8482985 10.72779 -0.2291187 1.182248 10.53826 -0.2930127 1.523219 10.55643 0.1002284 0.8475901 10.67227 0.1606375 1.167361 10.4183 0.2589684 1.501336 10.41197  A_Punch_Far
-0.0001679491 0.1866406 10.54953 -0.06772457 0.2685004 10.60715 -0.1985582 0.4820659 10.51418 -0.0655676 0.2540333 10.35474 0.06966217 0.273384 10.59171 0.4086218 0.3696878 10.59067 0.2014401 0.2546557 10.39331 -0.0008830856 0.4088043 10.62684 -0.07110755 0.8481457 10.73291 -0.2317621 1.178547 10.54424 -0.2974434 1.519492 10.55503 0.1028808 0.8491539 10.66789 0.1558412 1.171656 10.41571 0.2578903 1.504571 10.41438  A_Punch_Far
-0.007638497 0.1869231 10.55003 -0.06498466 0.2687652 10.61782 -0.2127749 0.4807613 10.54744 -0.08939122 0.2623253 10.36808 0.06826688 0.2732923 10.58093 0.4133385 0.3338139 10.54013 0.2168523 0.2614672 10.31372 0.004536705 0.4088569 10.62686 -0.06183742 0.8460913 10.74024 -0.235533 1.171965 10.55528 -0.3053598 1.512254 10.55406 0.1062058 0.851229 10.66127 0.1480947 1.177896 10.41239 0.2566329 1.508709 10.41788  A_Punch_Far
-0.01223187 0.1860311 10.5543 -0.06231545 0.2683108 10.62697 -0.2220926 0.478121 10.57183 -0.1078256 0.2665792 10.3787 0.06663288 0.2723755 10.57703 0.4101118 0.3065298 10.50521 0.234704 0.2618021 10.25554 0.007851021 0.4083691 10.62802 -0.05970226 0.8443185 10.74255 -0.237544 1.16895 10.55935 -0.3096112 1.508708 10.55264 0.1062901 0.8524928 10.65959 0.1452277 1.179937 10.41126 0.2560331 1.509961 10.41863  A_Punch_Far
-0.01742111 0.1802684 10.5726 -0.04631666 0.2643982 10.65363 -0.2345177 0.4643252 10.64974 -0.1634243 0.2736589 10.41801 0.06326677 0.2681961 10.56929 0.3667602 0.2465596 10.39759 0.3175985 0.2305676 10.09356 0.01790978 0.4053185 10.63003 -0.06310986 0.8374855 10.7421 -0.2457181 1.162136 10.56368 -0.3229093 1.500489 10.54843 0.1011622 0.8546563 10.65712 0.1418582 1.180918 10.40752 0.2539261 1.51047 10.41669  A_Punch_Far
-0.01569269 0.176614 10.57859 -0.0374286 0.261615 10.66107 -0.2317036 0.4576198 10.67713 -0.1816755 0.2732229 10.43505 0.06261112 0.2656657 10.5656 0.3410643 0.235116 10.35907 0.3482927 0.2108219 10.05172 0.02157159 0.4030814 10.62871 -0.06596719 0.8339083 10.73931 -0.2501306 1.159597 10.56442 -0.3293123 1.49747 10.54874 0.09815539 0.8539898 10.65468 0.1414439 1.180298 10.40558 0.2525729 1.510152 10.4153  A_Punch_Far
-0.01530008 0.1732273 10.58132 -0.03371416 0.2590175 10.6642 -0.2295008 0.4543085 10.68956 -0.1897507 0.272107 10.44393 0.06109788 0.2627245 10.56353 0.3274966 0.2327391 10.34241 0.359942 0.2025182 10.03723 0.02234943 0.4005415 10.6272 -0.06680869 0.8312356 10.7367 -0.2525575 1.157805 10.56517 -0.3331514 1.495339 10.54938 0.09675594 0.8519697 10.65116 0.1413341 1.180034 10.4046 0.2523452 1.509897 10.4153  A_Punch_Far
-0.01502977 0.1686321 10.58408 -0.02999978 0.2554876 10.66722 -0.2270014 0.4501995 10.70259 -0.1974932 0.2706217 10.45361 0.05881764 0.2585068 10.5612 0.312376 0.2321616 10.3257 0.3701338 0.1966531 10.02486 0.02258982 0.3969096 10.62509 -0.06742011 0.8277897 10.73315 -0.2553498 1.155486 10.5662 -0.3377799 1.492572 10.55033 0.09523864 0.8487539 10.64595 0.141238 1.17968 10.40351 0.2523399 1.509464 10.41561  A_Punch_Far
-0.01783828 0.163722 10.58627 -0.03200762 0.2518766 10.6688 -0.2283919 0.4487001 10.70598 -0.2001776 0.2696254 10.4565 0.05531969 0.2530854 10.56152 0.3121068 0.2339482 10.32963 0.3687199 0.1975613 10.02867 0.02027138 0.392524 10.62379 -0.06734107 0.8246129 10.72902 -0.2560902 1.154022 10.56642 -0.3397526 1.490803 10.55052 0.09461744 0.844245 10.64021 0.1414288 1.179181 10.40351 0.2528888 1.508797 10.41684  A_Punch_Far
-0.02331529 0.1567533 10.58909 -0.03759573 0.2468187 10.67036 -0.2321707 0.4479994 10.70599 -0.2018728 0.26817 10.45729 0.04983606 0.2450063 10.56317 0.3178245 0.2376431 10.34493 0.3609632 0.1990732 10.04202 0.01579984 0.3860413 10.62233 -0.06702451 0.8201992 10.72286 -0.2559827 1.152449 10.5664 -0.3409926 1.488897 10.5506 0.09406687 0.8372575 10.63197 0.1421394 1.178185 10.40424 0.2543119 1.507488 10.41923  A_Punch_Far
-0.03191094 0.1489698 10.59235 -0.04954789 0.2413087 10.67044 -0.2407518 0.4490743 10.69406 -0.1993063 0.2648876 10.4502 0.04443284 0.2351387 10.56912 0.3360197 0.2421472 10.38351 0.3381023 0.2004278 10.07796 0.009531753 0.3782492 10.62251 -0.06723981 0.814895 10.71591 -0.2528742 1.152195 10.56644 -0.338669 1.488494 10.55174 0.09428598 0.8285117 10.62522 0.1434186 1.175764 10.40749 0.2551799 1.505261 10.42124  A_Punch_Far
-0.03891085 0.1418661 10.59493 -0.0606312 0.2361473 10.66924 -0.2481775 0.4490429 10.67801 -0.1947833 0.2592388 10.44088 0.04081287 0.2262546 10.5757 0.351024 0.2471305 10.42255 0.3157353 0.2013766 10.11962 0.00433399 0.3710488 10.62317 -0.0683587 0.8095664 10.70965 -0.2487588 1.152451 10.56661 -0.3346258 1.488799 10.55353 0.0945393 0.8204117 10.62106 0.1453211 1.172491 10.41162 0.2555369 1.502612 10.42261  A_Punch_Far
-0.04431639 0.1359639 10.5971 -0.07013516 0.23183 10.6673 -0.2535217 0.4484076 10.66042 -0.188889 0.2525655 10.43113 0.0384868 0.2189063 10.58261 0.362099 0.247959 10.45812 0.2940728 0.1968509 10.1617 0.0002538134 0.3650173 10.62432 -0.0699036 0.8049204 10.70428 -0.244269 1.153098 10.56665 -0.3297719 1.489595 10.55513 0.09490187 0.8136057 10.61905 0.1474858 1.169021 10.41578 0.2554466 1.499991 10.42294  A_Punch_Far
-0.04830877 0.1301225 10.59873 -0.07830743 0.2272516 10.66463 -0.2572901 0.4459695 10.64109 -0.1816827 0.2436446 10.42096 0.03687938 0.2120615 10.58953 0.3700608 0.2483273 10.49008 0.2764251 0.1932911 10.20145 -0.003300233 0.3591392 10.62563 -0.07213961 0.8001071 10.69953 -0.2395424 1.15348 10.56657 -0.3243279 1.490196 10.55619 0.09504302 0.8070388 10.61889 0.1504966 1.16483 10.42061 0.2558582 1.496706 10.42299  A_Punch_Far
-0.05134599 0.1244731 10.60001 -0.08530156 0.2226322 10.66147 -0.2591955 0.4424684 10.62131 -0.173501 0.233696 10.41112 0.03557589 0.2057114 10.59636 0.3755012 0.2484664 10.51929 0.260825 0.1900585 10.23903 -0.00643645 0.3535182 10.62698 -0.07460086 0.7953387 10.69518 -0.2349273 1.153569 10.56657 -0.3189319 1.490505 10.55704 0.09505971 0.8008074 10.61977 0.1537651 1.160384 10.4257 0.25642 1.493102 10.4228  A_Punch_Far
-0.05356453 0.1180509 10.60038 -0.09166996 0.216997 10.65718 -0.2594983 0.4369625 10.59938 -0.163624 0.2212638 10.40092 0.03426673 0.1989588 10.60285 0.3789857 0.2485335 10.54818 0.2465484 0.1839283 10.27727 -0.009693665 0.3472439 10.62792 -0.07734816 0.789857 10.69092 -0.2297255 1.153238 10.56718 -0.3128356 1.490406 10.55799 0.09499432 0.7938336 10.62175 0.1577801 1.15524 10.43242 0.2572462 1.488806 10.42302  A_Punch_Far
-0.05453263 0.1126153 10.60005 -0.09592341 0.2119718 10.65319 -0.2583423 0.4313134 10.58142 -0.1549364 0.2100787 10.39308 0.03333642 0.1935601 10.60747 0.3803191 0.2482474 10.5694 0.2370762 0.1773778 10.30565 -0.01220338 0.3420222 10.62832 -0.07963894 0.7852029 10.68776 -0.2254324 1.152642 10.56815 -0.307755 1.489998 10.55877 0.09482987 0.7880306 10.62409 0.1613168 1.15083 10.43873 0.2581179 1.484962 10.42346  A_Punch_Far
-0.05431871 0.1073166 10.59912 -0.09872691 0.2068108 10.64911 -0.2563478 0.425145 10.56538 -0.1465657 0.1989287 10.38682 0.03299679 0.1885653 10.61099 0.3808583 0.2482977 10.58678 0.2284921 0.1682116 10.3309 -0.01412503 0.3369945 10.62824 -0.08163087 0.7806699 10.68497 -0.2212791 1.151823 10.56957 -0.3029596 1.489316 10.55955 0.09470053 0.7824644 10.62662 0.1644709 1.146574 10.44507 0.2584749 1.481153 10.42343  A_Punch_Far
-0.05252592 0.1012361 10.59731 -0.1002802 0.2005405 10.64434 -0.2535129 0.4172977 10.54892 -0.1374904 0.1858714 10.38132 0.03349294 0.1831621 10.61368 0.3811831 0.2486891 10.60207 0.2203958 0.1544147 10.35637 -0.01564304 0.3312916 10.62756 -0.08365212 0.7754754 10.68216 -0.2165009 1.15063 10.57178 -0.2974693 1.488251 10.56036 0.09456535 0.7761713 10.62982 0.1677683 1.141712 10.45255 0.2583909 1.476591 10.42269  A_Punch_Far
-0.0499687 0.09683955 10.59543 -0.1001946 0.1957425 10.64059 -0.2509518 0.4112676 10.53766 -0.13074 0.1763414 10.37807 0.03479161 0.1793611 10.61514 0.381815 0.249411 10.60904 0.2141583 0.1420861 10.3735 -0.01598559 0.3271236 10.62685 -0.08512484 0.7715841 10.68004 -0.2127247 1.149706 10.57366 -0.2930732 1.487432 10.56103 0.09449722 0.7716869 10.63274 0.169943 1.138215 10.45847 0.2579901 1.473147 10.42219  A_Punch_Far
-0.04626672 0.09235108 10.59303 -0.09909008 0.1906168 10.63649 -0.2479609 0.4048187 10.52656 -0.1237018 0.1665031 10.37532 0.03692313 0.175555 10.61622 0.382914 0.2504325 10.6127 0.2079517 0.1276079 10.39042 -0.01570551 0.3228146 10.62593 -0.08662646 0.7674841 10.67774 -0.2086266 1.14869 10.57589 -0.2881894 1.486547 10.56189 0.0944158 0.7671338 10.63621 0.171987 1.134628 10.46493 0.2573561 1.469419 10.42164  A_Punch_Far
-0.04066078 0.08711517 10.59001 -0.09649323 0.1844321 10.63146 -0.2429103 0.3973905 10.51364 -0.1148645 0.1549681 10.37242 0.0405037 0.1709982 10.61772 0.3844788 0.2541429 10.61337 0.2014538 0.1099337 10.41136 -0.01425837 0.3176146 10.62508 -0.08844475 0.7623563 10.67445 -0.2031194 1.147482 10.57904 -0.2813863 1.485581 10.56364 0.09434099 0.7618812 10.64143 0.174164 1.130245 10.47308 0.2561328 1.464583 10.42067  A_Punch_Far
-0.03344456 0.08169377 10.58702 -0.09235738 0.1778429 10.6263 -0.2356441 0.3897637 10.50044 -0.1050222 0.1428199 10.36981 0.04533478 0.1661687 10.61983 0.3864394 0.2582438 10.61159 0.1964894 0.09059417 10.43576 -0.01158993 0.3120625 10.62473 -0.09020738 0.7567128 10.67047 -0.1969358 1.145865 10.58247 -0.2734876 1.48426 10.56508 0.09419377 0.756493 10.64816 0.1762294 1.125511 10.48233 0.2546309 1.458869 10.41929  A_Punch_Far
-0.0290464 0.07893455 10.58592 -0.08942823 0.1744417 10.62408 -0.2305485 0.3859419 10.49424 -0.09990971 0.136435 10.36859 0.04846235 0.1636628 10.62138 0.3887541 0.2571434 10.61084 0.1944071 0.07997286 10.44977 -0.009513779 0.309176 10.62514 -0.09095828 0.753682 10.66816 -0.1932305 1.14502 10.58468 -0.2684888 1.483648 10.5662 0.09411265 0.7538509 10.65234 0.1771401 1.123101 10.48752 0.2536058 1.455704 10.41842  A_Punch_Far
-0.02465223 0.07617366 10.58504 -0.0864176 0.171037 10.62212 -0.2253787 0.3820953 10.48859 -0.0951523 0.1300893 10.36759 0.05156573 0.1611769 10.62292 0.3909805 0.2560542 10.60964 0.1926559 0.07019854 10.46394 -0.007457776 0.3062919 10.62561 -0.09161107 0.7506507 10.66583 -0.1899232 1.143991 10.58714 -0.2638424 1.482851 10.56755 0.09388705 0.7512194 10.65626 0.1779269 1.120751 10.49259 0.2527792 1.452418 10.41748  A_Punch_Far
-0.02144436 0.07368088 10.58535 -0.08396129 0.1680441 10.6221 -0.2219681 0.3785008 10.48707 -0.09375922 0.1245823 10.36793 0.05407401 0.1591086 10.62402 0.3927191 0.2554675 10.60587 0.191186 0.0627532 10.47415 -0.005945487 0.303817 10.62657 -0.09226148 0.7480721 10.66429 -0.1881259 1.142767 10.58945 -0.2609959 1.481752 10.56817 0.09338202 0.74909 10.65821 0.178026 1.119379 10.49657 0.2519209 1.4503 10.41734  A_Punch_Far
-0.01701985 0.07035458 10.58587 -0.08055972 0.1640505 10.62218 -0.2177761 0.373337 10.48526 -0.09151785 0.117349 10.36848 0.05752857 0.1564156 10.62543 0.39504 0.2548381 10.60106 0.1902673 0.05399382 10.48777 -0.003884001 0.3005409 10.62783 -0.09303682 0.7446442 10.6621 -0.186106 1.140978 10.59259 -0.257552 1.480116 10.56904 0.09269483 0.7462811 10.66049 0.1780091 1.117637 10.50168 0.2506614 1.447506 10.41709  A_Punch_Far
-0.01396887 0.06802833 10.58658 -0.07822774 0.1613424 10.62262 -0.2152176 0.3696197 10.48501 -0.0894932 0.1129168 10.36924 0.05990757 0.1547378 10.62612 0.3967833 0.2547061 10.59882 0.1914162 0.04913366 10.49553 -0.002588732 0.2983946 10.62864 -0.09347485 0.7424673 10.66033 -0.185378 1.139683 10.59439 -0.2560755 1.478838 10.5689 0.09225954 0.744463 10.66088 0.178015 1.116708 10.50441 0.250061 1.44593 10.41683  A_Punch_Far
-0.01014344 0.06525803 10.58745 -0.07531403 0.1581172 10.62314 -0.2123679 0.3650347 10.48481 -0.08674149 0.1077243 10.37028 0.06287284 0.1528171 10.62682 0.3989676 0.2546546 10.59627 0.1933414 0.04407156 10.5042 -0.0009854268 0.2958719 10.62944 -0.09382282 0.7399358 10.658 -0.184689 1.138102 10.5965 -0.2545333 1.477268 10.5689 0.09188618 0.7422934 10.66086 0.1779081 1.115766 10.50749 0.2491059 1.444329 10.4168  A_Punch_Far
-0.00608818 0.06276047 10.58839 -0.07228975 0.15525 10.62362 -0.2108267 0.3603154 10.48502 -0.08300094 0.1034735 10.37188 0.06595428 0.1513926 10.62693 0.4014576 0.2549049 10.59461 0.1967184 0.04068696 10.50918 0.0006185938 0.293779 10.62952 -0.09353618 0.7380491 10.65512 -0.1844448 1.136869 10.59808 -0.2540465 1.475983 10.56925 0.09215792 0.7403765 10.65884 0.1776436 1.115507 10.50926 0.2477321 1.44399 10.41742  A_Punch_Far
-0.002493484 0.0605551 10.58997 -0.06968467 0.1527421 10.62471 -0.2100761 0.3558782 10.4859 -0.07964711 0.09966719 10.37431 0.06860204 0.1502519 10.62751 0.4036121 0.2550445 10.59342 0.1996368 0.03800547 10.51347 0.001879411 0.291996 10.62998 -0.09316044 0.7365697 10.65236 -0.1842974 1.135885 10.5993 -0.2537391 1.474927 10.56926 0.09252419 0.738672 10.65665 0.1775588 1.114577 10.50877 0.2467141 1.44256 10.41447  A_Punch_Far
-0.0003609489 0.05896616 10.59158 -0.06827603 0.1510302 10.62585 -0.2107257 0.3525229 10.48696 -0.07760535 0.09706235 10.37684 0.07003583 0.1495059 10.62803 0.4048283 0.2547073 10.59259 0.2012116 0.03643119 10.51513 0.002345281 0.2907944 10.63025 -0.09273492 0.7357814 10.64972 -0.1842763 1.135314 10.59904 -0.2537733 1.474261 10.56807 0.09295501 0.7373906 10.65399 0.1777977 1.114261 10.50848 0.2464984 1.442262 10.41391  A_Punch_Far
0.001565533 0.05754566 10.59309 -0.06701617 0.1494937 10.62692 -0.2113501 0.3494633 10.48796 -0.07576816 0.09471309 10.3792 0.07131054 0.1488441 10.62853 0.4059252 0.254299 10.59178 0.2025222 0.03504097 10.51656 0.002743917 0.289713 10.63051 -0.09235971 0.7350622 10.64726 -0.184282 1.134779 10.59877 -0.2538288 1.473639 10.56698 0.09333409 0.7362156 10.65151 0.1780055 1.113969 10.5082 0.2462867 1.44201 10.41347  A_Punch_Far
0.003060358 0.05628097 10.59485 -0.06616329 0.1481792 10.6282 -0.2123288 0.3466717 10.48897 -0.07437919 0.09251583 10.38181 0.07217063 0.1482842 10.62919 0.406855 0.2529262 10.59072 0.2025293 0.03397143 10.51714 0.002850907 0.2887892 10.63078 -0.09210478 0.7345049 10.64462 -0.1845748 1.134349 10.59827 -0.254349 1.473122 10.56605 0.09359361 0.7351692 10.64877 0.1781739 1.113853 10.50789 0.2462272 1.442107 10.41373  A_Punch_Far
