-0.03669612 0.001414895 10.97696 -0.1064585 0.09303176 11.01163 -0.3576117 0.3002059 11.08858 -0.515421 0.5055305 10.92111 0.03183498 0.09231353 11.00821 0.2865026 0.3103036 11.09889 0.4190856 0.5505487 10.95815 -0.03693936 0.2326341 10.99683 -0.1282688 0.6783187 10.96463 -0.1815188 1.084213 10.90996 -0.2168239 1.428407 10.87901 0.0574698 0.6772084 10.96341 0.0991322 1.076699 10.86814 0.1319621 1.418058 10.80778  S_DodgingRight_Far
-0.0383266 0.001855254 10.97835 -0.1082229 0.09357941 11.01246 -0.3592514 0.3003432 11.0893 -0.5171862 0.5056474 10.92192 0.03007849 0.09292829 11.00936 0.2848402 0.3111088 11.09958 0.4174237 0.5507128 10.95774 -0.0387514 0.2331563 10.9972 -0.1289655 0.6790785 10.9638 -0.1823095 1.084729 10.90743 -0.2175497 1.429135 10.87886 0.0567704 0.6773288 10.96299 0.09750862 1.077008 10.86812 0.1299239 1.418512 10.80835  S_DodgingRight_Far
-0.03988359 0.002402186 10.97967 -0.1099053 0.09422684 11.01324 -0.3608099 0.3006016 11.08998 -0.5188647 0.5058839 10.92269 0.02840288 0.09363997 11.01046 0.2832563 0.3119972 11.10022 0.4158441 0.5509855 10.95736 -0.0404772 0.233777 10.99755 -0.1296256 0.6799197 10.963 -0.1830543 1.085332 10.90503 -0.2182309 1.429924 10.87871 0.05610486 0.6775623 10.96259 0.09596522 1.077418 10.86809 0.1279935 1.419057 10.80888  S_DodgingRight_Far
-0.04174207 0.003229976 10.98182 -0.1121299 0.09505343 11.01465 -0.3632831 0.3001722 11.09183 -0.5217599 0.5046304 10.92393 0.02618839 0.09480906 11.01235 0.2810591 0.3136466 11.10162 0.4124754 0.5514214 10.95568 -0.04300491 0.2346954 10.99844 -0.1310524 0.6810937 10.96237 -0.1847059 1.0858 10.89986 -0.2197336 1.430618 10.87645 0.05466719 0.6779705 10.9622 0.093511 1.077899 10.86758 0.1254619 1.419718 10.80939  S_DodgingRight_Far
-0.04415123 0.004541159 10.98479 -0.1150832 0.0963093 11.01662 -0.3666805 0.2995296 11.09458 -0.5258063 0.5026124 10.92563 0.02324434 0.09660566 11.01499 0.2788042 0.3155689 11.10351 0.4093157 0.5508817 10.95285 -0.04643873 0.2361109 10.99976 -0.1331466 0.6828214 10.9617 -0.1871274 1.086382 10.89242 -0.2218634 1.431465 10.87279 0.05255385 0.6787091 10.96174 0.09013136 1.078674 10.86677 0.1222066 1.420714 10.80996  S_DodgingRight_Far
-0.04614673 0.00613904 10.98829 -0.1178841 0.09771776 11.01896 -0.3703457 0.2980019 11.0986 -0.5304384 0.4984201 10.9274 0.02044667 0.09883976 11.0182 0.2770561 0.3178328 11.10601 0.4054085 0.5486223 10.94674 -0.0499755 0.2377998 11.00146 -0.1362535 0.684577 10.9609 -0.1914892 1.086429 10.88319 -0.2262405 1.431803 10.86966 0.04943265 0.6798745 10.96115 0.08689798 1.079419 10.86438 0.1205639 1.421624 10.80951  S_DodgingRight_Far
-0.04851143 0.008440018 10.99276 -0.1213087 0.09972668 11.02196 -0.3748685 0.2960777 11.10393 -0.5362226 0.4927499 10.92959 0.01701029 0.1019605 11.02232 0.2749973 0.3208853 11.1093 0.4000798 0.5452131 10.93861 -0.05438272 0.2401793 11.00366 -0.1403956 0.6869459 10.95985 -0.1974407 1.086295 10.8713 -0.2319707 1.431915 10.86598 0.04527368 0.6816364 10.96037 0.08297409 1.080509 10.86095 0.1191229 1.422858 10.80863  S_DodgingRight_Far
-0.05221484 0.01163161 10.99907 -0.1262497 0.1028316 11.02571 -0.3821173 0.29348 11.10894 -0.5462515 0.4845767 10.93104 0.01202621 0.1060036 11.02835 0.2725179 0.3241675 11.1139 0.3940085 0.5372301 10.92696 -0.05994062 0.2434576 11.00652 -0.1459592 0.6897753 10.95703 -0.2075292 1.085597 10.85649 -0.243685 1.431033 10.86284 0.03969218 0.6843538 10.95942 0.07949014 1.081562 10.85432 0.1201995 1.423895 10.80534  S_DodgingRight_Far
-0.0580443 0.01576734 11.00688 -0.1332007 0.1071801 11.02989 -0.3921641 0.2916811 11.11162 -0.5592936 0.4760997 10.92951 0.004954236 0.1109107 11.03593 0.2684514 0.3281664 11.11884 0.3866701 0.5271821 10.91507 -0.06688188 0.2476621 11.0097 -0.1518949 0.6933305 10.95249 -0.2199151 1.084863 10.84002 -0.2590832 1.429424 10.86046 0.03367927 0.6877399 10.95819 0.07621653 1.082762 10.84616 0.1218956 1.424997 10.80103  S_DodgingRight_Far
-0.06450634 0.01892614 11.01315 -0.1399892 0.1109755 11.03262 -0.4018909 0.291886 11.10882 -0.5706798 0.4715153 10.92348 -0.002025349 0.1143274 11.04221 0.2638242 0.331127 11.1215 0.3818062 0.5197357 10.90793 -0.07261775 0.2508663 11.01182 -0.1552508 0.6959685 10.94754 -0.2296839 1.084584 10.82917 -0.2732045 1.427812 10.86039 0.0301518 0.6900915 10.95718 0.07478781 1.083361 10.83992 0.1235258 1.4255 10.79733  S_DodgingRight_Far
-0.07523976 0.02342355 11.02162 -0.1505543 0.1166505 11.03577 -0.4165744 0.2942749 11.1007 -0.584918 0.4674048 10.90889 -0.01305018 0.1189187 11.05076 0.2562539 0.334967 11.1235 0.3750828 0.5113525 10.90018 -0.08094232 0.2553333 11.01428 -0.1586301 0.6996365 10.94006 -0.2429512 1.084552 10.81635 -0.2937469 1.425179 10.86181 0.02636387 0.6930461 10.9554 0.07355084 1.084125 10.83197 0.1255576 1.426174 10.79266  S_DodgingRight_Far
-0.08994786 0.02827847 11.03028 -0.1639472 0.1233048 11.038 -0.4342574 0.3001893 11.08411 -0.5970705 0.4666648 10.88191 -0.02732597 0.1233971 11.05973 0.2461125 0.3382806 11.12231 0.3681562 0.5061079 10.89418 -0.09054957 0.2599555 11.01609 -0.1600092 0.7033713 10.93095 -0.2572341 1.085 10.80653 -0.3184692 1.421693 10.86621 0.02426417 0.6954164 10.9529 0.07333221 1.084677 10.82455 0.1274607 1.426708 10.78805  S_DodgingRight_Far
-0.109033 0.03414869 11.03946 -0.1804089 0.131421 11.03995 -0.4537458 0.3105208 11.06135 -0.6015752 0.4677175 10.84102 -0.04522286 0.1284698 11.06916 0.2328099 0.340825 11.11997 0.3580846 0.5050503 10.89097 -0.1019371 0.2651705 11.01772 -0.1605998 0.7073221 10.92108 -0.2726958 1.085772 10.79949 -0.3463004 1.41759 10.87128 0.02275051 0.6975031 10.94915 0.0741507 1.085258 10.81721 0.1302624 1.427258 10.78352  S_DodgingRight_Far
-0.1299792 0.04059041 11.04776 -0.1977216 0.1401218 11.0412 -0.4716728 0.3233868 11.03518 -0.5963269 0.4688717 10.79351 -0.06443022 0.1337765 11.07768 0.2180641 0.3423529 11.1165 0.3465122 0.5078381 10.89018 -0.1136611 0.2704184 11.0189 -0.1604481 0.7109734 10.91175 -0.2873635 1.086627 10.7962 -0.3735249 1.413371 10.87675 0.02195914 0.6990098 10.94471 0.07573302 1.0858 10.81089 0.1334967 1.42776 10.77968  S_DodgingRight_Far
-0.2124132 0.06738567 11.06652 -0.2614766 0.1745139 11.0429 -0.5149689 0.3777946 10.93421 -0.4871869 0.4562367 10.63726 -0.1363402 0.1525695 11.09764 0.1563529 0.3441238 11.1188 0.2773837 0.5313749 10.90575 -0.156175 0.2887233 11.02268 -0.1617594 0.7225727 10.89332 -0.3232705 1.093286 10.80929 -0.4408819 1.413908 10.87288 0.01932027 0.7010728 10.92867 0.08245845 1.087494 10.79792 0.1481655 1.428916 10.7789  S_DodgingRight_Far
-0.2400972 0.07778633 11.06926 -0.2823016 0.1868346 11.04219 -0.5216852 0.392892 10.90006 -0.4364059 0.4425122 10.60787 -0.1603149 0.1594094 11.10138 0.135104 0.3444821 11.12445 0.2547066 0.5377996 10.91605 -0.1705617 0.2950498 11.02363 -0.1632622 0.7266471 10.89094 -0.3298141 1.097371 10.81747 -0.4534189 1.418226 10.86694 0.01764389 0.7014346 10.92469 0.08513017 1.087651 10.79551 0.1545966 1.428544 10.78089  S_DodgingRight_Far
-0.294996 0.09884155 11.06557 -0.3241384 0.2110201 11.03609 -0.5254568 0.4138042 10.8316 -0.3317952 0.3977591 10.59213 -0.2091433 0.1725193 11.10265 0.08263572 0.3518327 11.14952 0.2007128 0.5549768 10.94978 -0.2017098 0.3080519 11.02439 -0.1691185 0.7372661 10.89495 -0.3357118 1.110257 10.83413 -0.4623841 1.432871 10.85754 0.01110722 0.7033281 10.92442 0.08682473 1.086522 10.79088 0.1644327 1.425857 10.7821  S_DodgingRight_Far
-0.331114 0.1142507 11.05801 -0.352406 0.2280625 11.02971 -0.5258005 0.4232222 10.79141 -0.281725 0.363343 10.61267 -0.2424203 0.1823291 11.10005 0.0455872 0.3564943 11.17152 0.1685826 0.5638885 10.97926 -0.2245418 0.3184192 11.0245 -0.174925 0.7467276 10.90136 -0.3432618 1.118407 10.8374 -0.4705064 1.441015 10.85758 0.004337626 0.7064434 10.92863 0.08517559 1.086365 10.78889 0.1686537 1.42438 10.78383  S_DodgingRight_Far
-0.3569496 0.1265198 11.05093 -0.3726604 0.241297 11.0242 -0.5240765 0.4294937 10.76478 -0.2564047 0.3415102 10.63941 -0.2665808 0.1902596 11.09686 0.01803036 0.3593508 11.18705 0.1462187 0.5692816 11.00104 -0.2413187 0.3266791 11.02405 -0.1794182 0.7541777 10.90656 -0.3498554 1.124235 10.83885 -0.4774837 1.446633 10.85993 -0.001029296 0.7092839 10.93232 0.08314665 1.086766 10.78801 0.1706054 1.423804 10.78603  S_DodgingRight_Far
-0.3864099 0.1420354 11.04017 -0.3962877 0.257944 11.01738 -0.5244467 0.4411544 10.74152 -0.2468937 0.3250633 10.67374 -0.2946036 0.2001277 11.09124 -0.01014827 0.3554761 11.2046 0.1308686 0.5702293 11.03401 -0.2615585 0.3376192 11.02376 -0.1858226 0.7641854 10.91408 -0.3604001 1.129861 10.83421 -0.4864094 1.452107 10.86508 -0.008688195 0.7142588 10.93923 0.07963993 1.088271 10.78851 0.1711887 1.424226 10.78976  S_DodgingRight_Far
-0.4109561 0.1568962 11.02986 -0.4159245 0.2735856 11.01114 -0.5260675 0.45544 10.72643 -0.2505644 0.3191973 10.70107 -0.3181098 0.2096239 11.08516 -0.03344111 0.3488992 11.21795 0.1211326 0.5679879 11.06559 -0.2785137 0.3478768 11.02297 -0.1913917 0.7733917 10.92077 -0.3698559 1.134587 10.82987 -0.4934954 1.456691 10.87032 -0.01540367 0.7194458 10.94567 0.07679589 1.090265 10.78947 0.17135 1.425367 10.79328  S_DodgingRight_Far
-0.4309956 0.1708796 11.02035 -0.4319608 0.2881277 11.0059 -0.5305244 0.4744669 10.71975 -0.2621308 0.3226095 10.71631 -0.337322 0.2185297 11.07896 -0.05113946 0.3383999 11.22727 0.1186287 0.5607719 11.09752 -0.2923884 0.3574133 11.02202 -0.1962628 0.7819152 10.92675 -0.3779536 1.13853 10.82483 -0.4985506 1.460513 10.87439 -0.02126573 0.7249755 10.95196 0.07505174 1.092603 10.79079 0.1717069 1.427085 10.79599  S_DodgingRight_Far
-0.4515092 0.1873258 11.00911 -0.4483994 0.3049757 10.99997 -0.5383976 0.5031143 10.71894 -0.280213 0.3345363 10.7244 -0.3569005 0.2290701 11.07071 -0.06985764 0.3251896 11.23408 0.1168707 0.549322 11.13407 -0.3066502 0.3685688 11.02007 -0.2017093 0.7921357 10.93374 -0.3862889 1.143489 10.81948 -0.5033457 1.465346 10.87762 -0.0277314 0.7322243 10.95912 0.07400973 1.09587 10.79234 0.1729293 1.429677 10.7983  S_DodgingRight_Far
-0.4790149 0.211277 10.98868 -0.4706436 0.3290558 10.98936 -0.5557486 0.5633191 10.73616 -0.3152338 0.3718213 10.71189 -0.3828223 0.2434078 11.05331 -0.09772925 0.2994651 11.23625 0.1147519 0.5185536 11.19202 -0.3260128 0.3840122 11.01391 -0.2102527 0.8069704 10.94553 -0.3967184 1.150424 10.81195 -0.5088434 1.472061 10.88015 -0.03761355 0.7431391 10.97049 0.07413907 1.099704 10.79506 0.1761792 1.432577 10.80067  S_DodgingRight_Far
-0.4915258 0.2229187 10.97386 -0.4810466 0.3404137 10.98112 -0.5650783 0.6024415 10.75697 -0.3361999 0.4066808 10.69063 -0.3945846 0.2496231 11.03959 -0.1146698 0.2836437 11.23382 0.1103133 0.4942989 11.22327 -0.3352376 0.3911014 11.00779 -0.214999 0.8143107 10.95274 -0.4007166 1.153994 10.80887 -0.5102181 1.47549 10.88184 -0.04296706 0.7485095 10.97676 0.07412679 1.101102 10.79684 0.1770176 1.433716 10.80222  S_DodgingRight_Far
-0.4978034 0.2300538 10.95957 -0.4866308 0.3471276 10.97266 -0.5701615 0.6324806 10.78008 -0.3514645 0.4477357 10.66541 -0.4006529 0.2528822 11.02616 -0.1279028 0.2713305 11.23061 0.1050069 0.4730108 11.24411 -0.3403546 0.395341 11.00128 -0.2181861 0.8192307 10.95866 -0.4022048 1.156622 10.8074 -0.5093395 1.478348 10.88282 -0.04642526 0.7522112 10.9812 0.07375224 1.102018 10.7979 0.1761102 1.434797 10.80324  S_DodgingRight_Far
-0.4976142 0.232227 10.95139 -0.4868368 0.3490134 10.96781 -0.5724934 0.6451745 10.79423 -0.3582 0.4769611 10.64969 -0.4004434 0.2534755 11.01826 -0.1311926 0.2643733 11.22713 0.1066522 0.4592388 11.25082 -0.3405506 0.3967212 10.99722 -0.2190966 0.8214602 10.96175 -0.4028472 1.157817 10.80789 -0.5088279 1.479808 10.88381 -0.04718749 0.754315 10.98274 0.07334693 1.102984 10.79752 0.1747418 1.436054 10.80309  S_DodgingRight_Far
-0.496738 0.2330747 10.94501 -0.4864093 0.3495843 10.96403 -0.5741342 0.6531374 10.8057 -0.3638193 0.5013865 10.63882 -0.3995614 0.253208 11.01205 -0.132922 0.2583681 11.22394 0.1088001 0.4473566 11.25489 -0.3401594 0.3970636 10.99399 -0.2196072 0.8224954 10.96413 -0.4033442 1.157975 10.80835 -0.5085033 1.480229 10.88429 -0.04752521 0.7553821 10.98376 0.07295854 1.103267 10.79704 0.1734199 1.436616 10.80282  S_DodgingRight_Far
-0.484048 0.2289356 10.93359 -0.4763885 0.3449545 10.95722 -0.5763875 0.6573474 10.82699 -0.3708585 0.5542563 10.62147 -0.386851 0.2487218 11.00034 -0.1184048 0.2442653 11.21099 0.135627 0.4152 11.24778 -0.3308158 0.3944509 10.98721 -0.2176491 0.8227076 10.96854 -0.4046161 1.155793 10.81147 -0.5107694 1.478711 10.88308 -0.04433493 0.7577687 10.98425 0.0727814 1.105034 10.79426 0.170053 1.4393 10.80149  S_DodgingRight_Far
-0.4686376 0.2219729 10.92776 -0.4636813 0.3377998 10.95347 -0.5741297 0.6521271 10.83776 -0.3736706 0.5825087 10.61398 -0.3715069 0.2429467 10.99401 -0.0964133 0.2331152 11.19833 0.167229 0.3895503 11.23187 -0.3190297 0.3901707 10.98303 -0.2143888 0.8209359 10.97016 -0.4041589 1.154026 10.81649 -0.5125489 1.477018 10.88433 -0.03975741 0.759031 10.98332 0.07341613 1.106405 10.79116 0.1677331 1.441476 10.80008  S_DodgingRight_Far
-0.4515993 0.213757 10.92366 -0.4495662 0.3294837 10.95079 -0.5687887 0.644787 10.84829 -0.3780836 0.6039711 10.60939 -0.3547421 0.2364861 10.98949 -0.07143454 0.2212194 11.18563 0.1990103 0.3679355 11.20656 -0.306076 0.3851198 10.98005 -0.2106202 0.8182327 10.97091 -0.4023282 1.152172 10.82155 -0.5136742 1.474916 10.88568 -0.03468887 0.7597805 10.98244 0.07472236 1.107012 10.78786 0.1657865 1.442947 10.79801  S_DodgingRight_Far
-0.4329471 0.2044488 10.9201 -0.4340678 0.320065 10.94841 -0.5615125 0.6356517 10.85908 -0.3841471 0.6226169 10.60713 -0.3365249 0.2292663 10.98553 -0.04420589 0.2083544 11.17175 0.2309824 0.3475279 11.17432 -0.2919637 0.3792604 10.97744 -0.2064034 0.8146132 10.97123 -0.3996634 1.14988 10.82693 -0.5143558 1.472179 10.88729 -0.02918015 0.7599607 10.98155 0.07652541 1.106998 10.78459 0.1640701 1.443825 10.79603  S_DodgingRight_Far
-0.407718 0.1921306 10.91765 -0.4132155 0.3076482 10.94694 -0.5463002 0.6239351 10.87333 -0.3924025 0.6383408 10.60646 -0.3122632 0.2201116 10.98276 -0.00805275 0.1950576 11.15389 0.264611 0.3359017 11.12353 -0.2732356 0.3717037 10.97598 -0.2004083 0.8095587 10.9705 -0.3931855 1.147812 10.83267 -0.5126248 1.469064 10.88929 -0.0217341 0.7598943 10.98101 0.07967438 1.106509 10.78107 0.1620267 1.444649 10.79235  S_DodgingRight_Far
-0.3875203 0.1824628 10.91611 -0.3965283 0.2977724 10.94621 -0.5330676 0.6142742 10.88503 -0.3993891 0.6501706 10.60944 -0.2929423 0.2129422 10.98101 0.02019336 0.1811377 11.13894 0.2901421 0.3191253 11.08245 -0.2583788 0.3656586 10.97531 -0.1955611 0.8052341 10.97029 -0.3878494 1.144718 10.83483 -0.5112208 1.465394 10.88602 -0.0158699 0.7594705 10.98117 0.08224 1.105812 10.77912 0.1604247 1.444949 10.79011  S_DodgingRight_Far
-0.3517178 0.16528 10.9142 -0.3672264 0.2798932 10.94585 -0.5053472 0.5968956 10.90367 -0.4096816 0.665171 10.61855 -0.2589945 0.2002819 10.97879 0.06699784 0.1659138 11.11328 0.3206882 0.3083891 11.01108 -0.2327596 0.3547107 10.9752 -0.1865293 0.7968559 10.96962 -0.374655 1.139792 10.83704 -0.504364 1.459268 10.87928 -0.005507274 0.7573026 10.98259 0.08689578 1.103756 10.77805 0.1575296 1.444619 10.78649  S_DodgingRight_Far
-0.3043135 0.142022 10.91151 -0.3289332 0.2547338 10.94583 -0.4683864 0.5705287 10.92532 -0.4178334 0.6774474 10.6405 -0.2144016 0.1831092 10.97566 0.1239029 0.1594588 11.08168 0.3456388 0.305943 10.92521 -0.200373 0.3391622 10.97558 -0.1741466 0.7841787 10.97015 -0.3534172 1.131549 10.83684 -0.4882233 1.450514 10.86445 0.007957773 0.7512656 10.98616 0.0925975 1.099612 10.78148 0.1544073 1.442278 10.78417  S_DodgingRight_Far
-0.267063 0.1233047 10.9095 -0.2992322 0.2336076 10.94627 -0.4445956 0.5451585 10.94024 -0.422965 0.6774757 10.66251 -0.179579 0.1695465 10.97303 0.1648546 0.1687208 11.06072 0.355089 0.3147961 10.86687 -0.1763817 0.3261691 10.97594 -0.1645005 0.773258 10.97206 -0.3345937 1.124303 10.83638 -0.4692096 1.444143 10.85234 0.01814605 0.7441919 10.98929 0.0965655 1.095722 10.7876 0.1533139 1.439256 10.78412  S_DodgingRight_Far
-0.2437794 0.1125058 10.9081 -0.2806587 0.2209278 10.94647 -0.4309148 0.5288142 10.94897 -0.4257656 0.6751374 10.67755 -0.1579589 0.1620147 10.97119 0.1884815 0.1790795 11.04871 0.3578833 0.3218163 10.83416 -0.1617861 0.318575 10.97605 -0.158593 0.7667997 10.97362 -0.3224956 1.120156 10.83632 -0.4557199 1.44085 10.84529 0.02433868 0.7398208 10.99122 0.09880485 1.093736 10.79221 0.1527918 1.437648 10.78463  S_DodgingRight_Far
-0.2183834 0.1008103 10.90704 -0.2604533 0.2067572 10.94719 -0.422913 0.5070746 10.95918 -0.4316646 0.6671755 10.69574 -0.1343347 0.1543155 10.96912 0.2114058 0.19876 11.03796 0.3583748 0.3391113 10.80599 -0.1465232 0.3103765 10.97589 -0.1533107 0.7597818 10.97631 -0.3105793 1.115329 10.83693 -0.4394286 1.437906 10.84091 0.03006061 0.7349737 10.99247 0.0998605 1.092431 10.79816 0.1515882 1.436572 10.78635  S_DodgingRight_Far
-0.1955296 0.09137487 10.90581 -0.2420856 0.1948538 10.9476 -0.4153446 0.487653 10.96807 -0.4367656 0.6590958 10.71262 -0.1132352 0.1483986 10.96701 0.2297418 0.2173029 11.02855 0.3579514 0.3534166 10.78332 -0.1328602 0.3036114 10.97557 -0.1487642 0.7538115 10.97876 -0.3001781 1.111205 10.83763 -0.424806 1.435461 10.83768 0.03498789 0.7310402 10.99354 0.1006445 1.091573 10.80351 0.1502603 1.43588 10.78804  S_DodgingRight_Far
-0.1693206 0.08111155 10.90466 -0.2206982 0.1815172 10.9483 -0.4095831 0.4631693 10.97794 -0.4435686 0.6467552 10.73249 -0.08896933 0.142424 10.96432 0.2481222 0.2397413 11.0186 0.3584442 0.3750433 10.76438 -0.1172717 0.2961797 10.97469 -0.1451304 0.7468395 10.98179 -0.2903735 1.106145 10.83903 -0.4076766 1.433122 10.83918 0.03916164 0.7271623 10.99407 0.1008038 1.090934 10.80893 0.1487045 1.435301 10.78982  S_DodgingRight_Far
-0.1505992 0.07457519 10.90366 -0.2052413 0.1726345 10.94866 -0.4047434 0.4457512 10.98485 -0.4481623 0.6372011 10.74701 -0.07176869 0.1388918 10.96221 0.2596754 0.255646 11.01186 0.3587777 0.3902143 10.75268 -0.1061537 0.2913026 10.97396 -0.1426619 0.7420225 10.98395 -0.283462 1.102615 10.84 -0.3951257 1.43156 10.84046 0.04197039 0.7246547 10.99448 0.100767 1.090628 10.81279 0.1473761 1.43502 10.79113  S_DodgingRight_Far
-0.07372253 0.04892826 10.90338 -0.1391452 0.1371635 10.95336 -0.379341 0.3692251 11.0155 -0.4710148 0.5834017 10.81343 -0.001229806 0.126423 10.95447 0.2997075 0.3089021 10.99527 0.3879835 0.4736118 10.74995 -0.05951224 0.2709849 10.97042 -0.1346481 0.7192252 10.98966 -0.24717 1.089377 10.84508 -0.3144687 1.43006 10.85401 0.05098237 0.7134109 10.99267 0.09777732 1.089187 10.82833 0.1397637 1.433473 10.79748  S_DodgingRight_Far
-0.05947439 0.04317284 10.90526 -0.1265454 0.1298296 10.95564 -0.3732885 0.3525386 11.02367 -0.4784033 0.5686901 10.83044 0.01163806 0.1234875 10.9541 0.3041911 0.3183622 10.99643 0.3976215 0.4957269 10.76209 -0.05091016 0.2662785 10.96984 -0.1323166 0.7139924 10.98881 -0.2339686 1.089143 10.84915 -0.2886154 1.432055 10.8591 0.05338164 0.7098616 10.9896 0.09824844 1.089056 10.83275 0.139612 1.433337 10.80101  S_DodgingRight_Far
-0.05380146 0.03974938 10.9072 -0.1215647 0.1259818 10.95734 -0.3710934 0.3439854 11.02837 -0.4835122 0.5600508 10.83921 0.01667293 0.1214451 10.95469 0.3045006 0.3223513 10.99933 0.4026041 0.5068516 10.77252 -0.04762755 0.263546 10.9696 -0.1309571 0.7112485 10.98718 -0.225196 1.09054 10.85365 -0.2744017 1.434306 10.86246 0.05474903 0.7074476 10.98662 0.09915586 1.088765 10.83487 0.1403945 1.433077 10.8033  S_DodgingRight_Far
-0.04798357 0.03653669 10.90915 -0.1164528 0.1223191 10.95906 -0.3686523 0.3354801 11.03327 -0.4884894 0.5513016 10.84842 0.0218059 0.1196245 10.95525 0.3046157 0.3265992 11.00222 0.4069113 0.5185421 10.78359 -0.04429023 0.2609842 10.96932 -0.1295884 0.7086571 10.98551 -0.216055 1.091942 10.85827 -0.2595793 1.436503 10.86587 0.05611469 0.7051814 10.98356 0.1001427 1.088592 10.83707 0.1412639 1.432934 10.80567  S_DodgingRight_Far
-0.04402004 0.03337741 10.91181 -0.1130662 0.1190633 10.96106 -0.3671885 0.3279932 11.03831 -0.493652 0.5423976 10.85625 0.02519007 0.1176811 10.95653 0.3032269 0.3296747 11.00689 0.4102572 0.5279503 10.79633 -0.04222808 0.2585523 10.96916 -0.1284705 0.706369 10.983 -0.2081247 1.093872 10.86438 -0.2491205 1.438792 10.86917 0.0572203 0.702845 10.98017 0.101161 1.087922 10.83808 0.1420317 1.432293 10.80668  S_DodgingRight_Far
-0.04064326 0.03078008 10.91425 -0.1101975 0.116401 10.96289 -0.3658387 0.3216076 11.0429 -0.498131 0.5345569 10.8633 0.0280437 0.1161427 10.95773 0.3016799 0.3324863 11.01116 0.4125428 0.5364265 10.80813 -0.04052148 0.2565738 10.96902 -0.1275167 0.7045209 10.98065 -0.2010207 1.095592 10.87004 -0.2396969 1.440808 10.87207 0.05815979 0.7009105 10.97708 0.1020968 1.087404 10.83889 0.1427508 1.431799 10.80747  S_DodgingRight_Far
-0.03780298 0.02841902 10.91705 -0.1077898 0.114105 10.9649 -0.3642886 0.3163964 11.04754 -0.5019116 0.5276345 10.86993 0.03043838 0.1146824 10.95943 0.3000868 0.3344685 11.01621 0.4149171 0.5434265 10.82063 -0.03901581 0.2547908 10.96919 -0.1266298 0.7028317 10.9782 -0.1960316 1.096673 10.87502 -0.2341501 1.441953 10.87359 0.05904438 0.6991695 10.97456 0.1024392 1.086858 10.83959 0.1424641 1.431268 10.80753  S_DodgingRight_Far
-0.0345584 0.02587605 10.92054 -0.1050409 0.1116766 10.96739 -0.3622359 0.3107736 11.05317 -0.5060748 0.5198088 10.8779 0.03316905 0.1131594 10.96164 0.2980233 0.3367449 11.0225 0.4172609 0.5515715 10.83612 -0.03726761 0.2528969 10.96949 -0.1255818 0.7010181 10.9752 -0.1907441 1.09779 10.88085 -0.2284542 1.443067 10.87493 0.06009426 0.6973078 10.97171 0.1026342 1.086347 10.8404 0.1417153 1.430773 10.80737  S_DodgingRight_Far
-0.03182731 0.02396595 10.92348 -0.1025627 0.1099374 10.96956 -0.3596522 0.3078345 11.05719 -0.5078668 0.5157763 10.88428 0.0356402 0.1118418 10.96377 0.2977364 0.3370897 11.02777 0.4203652 0.5564477 10.84903 -0.03527949 0.2514057 10.97023 -0.1248894 0.6992983 10.9731 -0.1888827 1.097398 10.88369 -0.2271013 1.442559 10.87488 0.06080617 0.6961113 10.97018 0.1020234 1.08638 10.84214 0.1401695 1.430796 10.80793  S_DodgingRight_Far
-0.02844898 0.02130878 10.92749 -0.09941547 0.1075557 10.9726 -0.3561015 0.3044559 11.06224 -0.5095773 0.5112178 10.89252 0.03877689 0.1098779 10.9667 0.2977124 0.3366668 11.03471 0.423771 0.5616052 10.86555 -0.03263698 0.2492597 10.97141 -0.1242475 0.6967042 10.97065 -0.1866587 1.096377 10.88734 -0.225167 1.441393 10.8749 0.06147065 0.6944466 10.96837 0.10132 1.086317 10.84486 0.138529 1.430613 10.80848  S_DodgingRight_Far
-0.02652357 0.01945293 10.93029 -0.09751384 0.1059512 10.97481 -0.3536719 0.3029029 11.06521 -0.5100153 0.5092602 10.89763 0.04067184 0.1083761 10.9688 0.2982242 0.3353903 11.03933 0.4256531 0.5635428 10.87558 -0.03088991 0.2477134 10.97246 -0.1241853 0.6946989 10.96945 -0.1854592 1.095255 10.8896 -0.2238132 1.440204 10.875 0.06154491 0.6933472 10.96745 0.1010127 1.08627 10.84721 0.1380244 1.430349 10.80864  S_DodgingRight_Far
-0.0255432 0.01774693 10.93285 -0.09651534 0.1044946 10.97684 -0.3521468 0.3017124 11.06758 -0.5105435 0.507961 10.90181 0.0416648 0.1069527 10.97072 0.2982928 0.3339109 11.04325 0.4264892 0.5645017 10.88357 -0.02997045 0.2462732 10.97348 -0.1244768 0.6929067 10.96861 -0.184327 1.094295 10.89193 -0.2221781 1.439214 10.87545 0.0612581 0.6922228 10.96671 0.100684 1.086048 10.84944 0.1374384 1.42986 10.80833  S_DodgingRight_Far
-0.02524362 0.01606357 10.93536 -0.09616385 0.1030738 10.97887 -0.351242 0.3007383 11.06964 -0.5111853 0.5071064 10.90551 0.04201122 0.1055137 10.97263 0.2980207 0.3321992 11.04689 0.4265985 0.5647884 10.89044 -0.02964465 0.244838 10.97452 -0.1250669 0.6911857 10.96802 -0.1831718 1.093411 10.89445 -0.2201973 1.438331 10.87619 0.06066873 0.6910231 10.96607 0.100327 1.085686 10.85174 0.136761 1.429163 10.80764  S_DodgingRight_Far
-0.02589093 0.01317692 10.93962 -0.09676759 0.1006333 10.98221 -0.3509656 0.2991363 11.07253 -0.5125409 0.5059682 10.9106 0.04140576 0.1030236 10.97591 0.2966563 0.3290926 11.0528 0.4257593 0.5643597 10.90086 -0.03026943 0.2423502 10.97629 -0.1261855 0.6885031 10.96708 -0.1817657 1.091992 10.89866 -0.2175438 1.436855 10.87712 0.05954875 0.6886205 10.965 0.1000586 1.084848 10.85653 0.1359673 1.42776 10.80785  S_DodgingRight_Far
-0.02674673 0.0112797 10.94246 -0.09761785 0.09903109 10.9844 -0.3512712 0.2981139 11.0742 -0.5134835 0.5053558 10.91343 0.040558 0.1013796 10.97814 0.2954172 0.3269795 11.05664 0.4248125 0.5637196 10.90726 -0.03112088 0.2407033 10.97748 -0.126935 0.6868409 10.96648 -0.1811045 1.091073 10.90139 -0.2161558 1.435863 10.87761 0.05879833 0.6869003 10.96431 0.1000336 1.084181 10.86005 0.1355031 1.426725 10.80854  S_DodgingRight_Far
-0.02743904 0.00954771 10.9452 -0.09835742 0.09757936 10.98645 -0.3516642 0.2971368 11.07554 -0.51397 0.5047412 10.91534 0.03982862 0.09986901 10.9804 0.2944434 0.324972 11.06025 0.4241167 0.5627593 10.91278 -0.03183095 0.2391937 10.97868 -0.1273398 0.6853616 10.96588 -0.181048 1.090096 10.90359 -0.2159779 1.434775 10.87809 0.05839397 0.6852613 10.96376 0.1001434 1.083437 10.86318 0.1350342 1.425652 10.80915  S_DodgingRight_Far
-0.02798776 0.008077621 10.94765 -0.09894489 0.09635711 10.98829 -0.3519762 0.2963217 11.07671 -0.5143331 0.5042225 10.91695 0.03925021 0.09858847 10.98242 0.2936403 0.3232565 11.06343 0.4235159 0.5619341 10.91759 -0.03238336 0.2379116 10.97976 -0.1276702 0.6840839 10.96536 -0.1810135 1.089232 10.90549 -0.2158512 1.433807 10.87851 0.05806406 0.6838741 10.96329 0.1001963 1.082782 10.86582 0.1344202 1.424708 10.80958  S_DodgingRight_Far
-0.02815305 0.00638783 10.9508 -0.09913675 0.09499633 10.99066 -0.3520061 0.2954944 11.07805 -0.5141081 0.5036052 10.9183 0.03907206 0.09709179 10.98507 0.2932758 0.3211955 11.06728 0.4232255 0.5606505 10.92278 -0.03246037 0.2364393 10.98123 -0.1278842 0.6824716 10.9648 -0.181167 1.087985 10.9074 -0.2161411 1.432432 10.879 0.05785139 0.6823961 10.96285 0.09986623 1.081907 10.86782 0.1329373 1.423492 10.80889  S_DodgingRight_Far
-0.02836464 0.004977345 10.95367 -0.09934364 0.09388924 10.99285 -0.352127 0.2949064 11.0792 -0.5139162 0.5030779 10.91921 0.03887661 0.09583473 10.9875 0.2929836 0.3193604 11.07072 0.4230054 0.5593946 10.92725 -0.03253303 0.2352124 10.98262 -0.128124 0.681091 10.96436 -0.1811791 1.086902 10.90889 -0.2161214 1.431251 10.87928 0.05761232 0.6811742 10.96247 0.09949996 1.081111 10.8692 0.1316127 1.422431 10.80823  S_DodgingRight_Far
-0.02865694 0.003810167 10.95635 -0.09958856 0.09301162 10.99494 -0.3523886 0.2945598 11.08016 -0.5137702 0.5025843 10.91956 0.03864105 0.09477675 10.98977 0.2927872 0.3176621 11.07381 0.4229028 0.5580329 10.93099 -0.03260998 0.2342008 10.98397 -0.1284219 0.6799027 10.96406 -0.1810003 1.085947 10.90985 -0.2156725 1.430241 10.8793 0.05731412 0.6801876 10.96216 0.09905936 1.080347 10.86979 0.1305502 1.421493 10.80754  S_DodgingRight_Far
-0.02931051 0.002687454 10.95933 -0.1001437 0.09221566 10.99731 -0.3529702 0.29439 11.08122 -0.5138773 0.5021102 10.91976 0.03809531 0.09374177 10.99232 0.2923207 0.3158684 11.07728 0.4225307 0.5565308 10.93505 -0.03293685 0.2332358 10.98559 -0.1287831 0.6787871 10.96384 -0.1807175 1.085026 10.91048 -0.2149592 1.429278 10.87899 0.05695202 0.6791895 10.96188 0.09868957 1.079441 10.8699 0.1299075 1.42047 10.80687  S_DodgingRight_Far
-0.03000264 0.002003312 10.96156 -0.1007349 0.09177697 10.99911 -0.3535759 0.2944484 11.08202 -0.5141088 0.5018641 10.9198 0.03751023 0.09310246 10.99423 0.2919429 0.3145384 11.07986 0.4224072 0.5552408 10.93792 -0.03333376 0.2326598 10.98687 -0.1290766 0.6781269 10.96376 -0.1804626 1.084471 10.91067 -0.2143062 1.428706 10.87856 0.05665745 0.6785511 10.96171 0.09848268 1.078777 10.86966 0.1297706 1.419765 10.80644  S_DodgingRight_Far
-0.03113423 0.001315832 10.96446 -0.1016936 0.09143138 11.00146 -0.3544632 0.2948623 11.08303 -0.5144989 0.5017788 10.91969 0.03656073 0.09243178 10.99677 0.2912327 0.3129747 11.08334 0.4220625 0.5536594 10.94171 -0.03396831 0.2321036 10.9886 -0.1292634 0.6775272 10.96366 -0.180448 1.083889 10.91051 -0.2141495 1.428105 10.87805 0.05647017 0.6778334 10.96154 0.09845586 1.077922 10.86897 0.1300654 1.418899 10.80585  S_DodgingRight_Far
-0.0319765 0.001022339 10.96642 -0.1024045 0.09137523 11.00305 -0.3550939 0.2953545 11.0837 -0.5147908 0.5018978 10.91956 0.03585591 0.09213448 10.9985 0.2906696 0.3120835 11.08573 0.4217493 0.5527375 10.94428 -0.03443639 0.2318937 10.98979 -0.1293213 0.6773083 10.9636 -0.180546 1.083641 10.91026 -0.2142819 1.427845 10.87772 0.05641218 0.6774843 10.96145 0.0985225 1.077443 10.86837 0.1304277 1.418428 10.80545  S_DodgingRight_Far
-0.0329269 0.0008778572 10.9684 -0.1032013 0.09150577 11.00461 -0.3556578 0.2961727 11.08435 -0.5149674 0.5023471 10.91936 0.03506698 0.09195733 11.00026 0.2899632 0.3113444 11.08825 0.4213676 0.5519102 10.94695 -0.03491638 0.2318343 10.99098 -0.1291596 0.6772798 10.96342 -0.1807485 1.083522 10.90975 -0.2147627 1.427719 10.87741 0.05657514 0.6772339 10.96138 0.09865899 1.07706 10.86772 0.1308205 1.418103 10.80525  S_DodgingRight_Far
-0.03398321 0.0009446144 10.97052 -0.1040841 0.09187877 11.00626 -0.3562283 0.2973319 11.08502 -0.5151059 0.5031145 10.91913 0.0341924 0.09197688 11.00216 0.2891461 0.3107824 11.09097 0.4209238 0.5512315 10.94982 -0.03543178 0.2319894 10.99224 -0.128896 0.6774802 10.96318 -0.1810052 1.083601 10.9091 -0.2154134 1.427791 10.8771 0.05684014 0.6771609 10.96131 0.09883358 1.076843 10.867 0.1312471 1.417969 10.80511  S_DodgingRight_Far
-0.03627495 0.001375198 10.97429 -0.1060651 0.09293592 11.00904 -0.3573028 0.2999692 11.08614 -0.515201 0.5053282 10.9188 0.03222718 0.09228528 11.00557 0.286924 0.3103372 11.09609 0.4194416 0.5505984 10.95531 -0.03661815 0.2325808 10.9943 -0.1281286 0.6782495 10.96237 -0.1812846 1.084162 10.90774 -0.2165154 1.428356 10.8767 0.05760993 0.6772063 10.96108 0.09930088 1.076712 10.8659 0.1320981 1.418051 10.8054  S_DodgingRight_Far
