0.007710533 0.04648197 0.1292757 -0.06559919 0.13478 0.1640643 -0.2009753 0.3573321 0.03374326 0.008096354 0.1605715 -0.07886994 0.07259424 0.1410798 0.1644439 0.2964558 0.387725 0.1745847 0.2564494 0.2583421 -0.1024786 -0.002943737 0.2782933 0.1684254 -0.116036 0.719675 0.1885456 -0.176069 1.128138 0.1772107 -0.2163983 1.470653 0.2188133 0.06950237 0.7275754 0.1923741 0.1470762 1.097419 0.02623689 0.2039463 1.427325 -0.06955111  SA_HookPunch_SoClose
0.004612701 0.04607475 0.1307005 -0.0682864 0.1345469 0.1658362 -0.2039568 0.3559107 0.03481424 0.005013959 0.1582688 -0.07643569 0.06992008 0.1405528 0.1654428 0.2956067 0.3857163 0.1721076 0.2534196 0.2525799 -0.1028458 -0.005303426 0.2779323 0.1696452 -0.117342 0.7195831 0.1896275 -0.1762492 1.12818 0.1772469 -0.2156364 1.470868 0.2183269 0.06822975 0.7271019 0.1924819 0.1458352 1.097184 0.02689254 0.2030636 1.42669 -0.0700556  SA_HookPunch_SoClose
0.001034575 0.04517436 0.1323589 -0.07138614 0.1338474 0.1678919 -0.2074058 0.3538226 0.03607643 0.001463966 0.1551918 -0.07358992 0.06682928 0.1395119 0.1666054 0.2945664 0.3829186 0.1692284 0.2498245 0.245474 -0.1031896 -0.00802849 0.2770832 0.1710609 -0.1188488 0.7190421 0.1908749 -0.1764649 1.127784 0.1772736 -0.2147713 1.470668 0.2177395 0.06675418 0.7261174 0.1926016 0.1444104 1.096472 0.02764642 0.2020351 1.42551 -0.07064736  SA_HookPunch_SoClose
-0.003696663 0.04345298 0.1347369 -0.07542996 0.1323843 0.1710514 -0.2132569 0.349885 0.03843153 -0.005171699 0.1496022 -0.0697118 0.06277187 0.1376607 0.1679419 0.2934986 0.378064 0.1628469 0.2431566 0.2341567 -0.1052219 -0.01164304 0.2754514 0.1729988 -0.1208901 0.7177976 0.1929249 -0.1761252 1.126821 0.1779689 -0.2124942 1.470129 0.2165745 0.06474043 0.7243168 0.1923174 0.1423811 1.095824 0.02996671 0.2004622 1.424379 -0.06966364  SA_HookPunch_SoClose
-0.008866055 0.04113638 0.1378359 -0.07977943 0.1303126 0.1752394 -0.2206586 0.3445541 0.04188764 -0.01390455 0.1422056 -0.06495488 0.05835928 0.1352127 0.1696781 0.2921128 0.3719529 0.1547111 0.2343736 0.2209276 -0.1078945 -0.01559965 0.2732166 0.1755394 -0.1231896 0.7159659 0.195721 -0.175629 1.125304 0.1793646 -0.2097128 1.46914 0.2152628 0.062422 0.7219095 0.1919078 0.140029 1.094542 0.03214109 0.1985422 1.422248 -0.0700022  SA_HookPunch_SoClose
-0.01448308 0.03825295 0.141559 -0.08439945 0.127647 0.1804498 -0.2299855 0.337623 0.04656541 -0.02529399 0.1326703 -0.05928051 0.05358227 0.1321918 0.1716388 0.2906781 0.3638827 0.1440762 0.2229418 0.2053469 -0.1116239 -0.01990674 0.270398 0.178553 -0.1257607 0.7135656 0.1991547 -0.1749338 1.123248 0.1813434 -0.2063314 1.46772 0.2133955 0.05972977 0.718913 0.1910156 0.1374366 1.093416 0.03573358 0.19637 1.420317 -0.06872094  SA_HookPunch_SoClose
-0.02978848 0.02935481 0.1555198 -0.09573267 0.1190917 0.2019585 -0.2657529 0.3120998 0.07272899 -0.07427107 0.09494352 -0.03350413 0.0403734 0.1228278 0.1774958 0.2806833 0.3376964 0.09742534 0.1712432 0.1537611 -0.1246001 -0.03153287 0.2614796 0.1899256 -0.1326781 0.7056489 0.2134975 -0.1733149 1.116101 0.1922225 -0.197092 1.462419 0.2053379 0.050779 0.7095951 0.184697 0.129117 1.092263 0.05116117 0.1867138 1.416246 -0.06270564  SA_HookPunch_SoClose
-0.03359662 0.02659523 0.1598276 -0.0977426 0.1165308 0.2093476 -0.2787008 0.3035711 0.08661544 -0.09351973 0.08209908 -0.02185404 0.03689511 0.1201471 0.1777743 0.2738144 0.3290793 0.07616985 0.1491068 0.1336967 -0.127246 -0.03431163 0.2588576 0.1932133 -0.1340691 0.7032049 0.2194246 -0.1731282 1.113757 0.1971601 -0.1953935 1.46039 0.2020439 0.04771485 0.7068858 0.1814431 0.1258159 1.092332 0.05600488 0.1806567 1.415457 -0.06160033  SA_HookPunch_SoClose
-0.03693376 0.02418125 0.1635951 -0.09906654 0.1143066 0.2161568 -0.2909192 0.295554 0.1016282 -0.1121821 0.07008708 -0.00939095 0.03367342 0.1178836 0.177368 0.264522 0.3210462 0.05449569 0.1267705 0.1144429 -0.1283814 -0.0367351 0.2566079 0.1960105 -0.1351797 0.7010772 0.2252721 -0.172816 1.111685 0.2016181 -0.1939661 1.458407 0.1984004 0.04442086 0.7045653 0.178017 0.1230615 1.092406 0.06054866 0.1748763 1.415089 -0.05961192  SA_HookPunch_SoClose
-0.03992967 0.02202547 0.1669382 -0.09961526 0.11234 0.2227548 -0.3032097 0.2875283 0.1193746 -0.1318541 0.05805933 0.004968524 0.03051569 0.1160041 0.1759599 0.2514354 0.313297 0.0305227 0.1026613 0.09458697 -0.1280223 -0.03889303 0.2546744 0.1983732 -0.1359922 0.6991956 0.2315634 -0.1723658 1.109795 0.20587 -0.1928093 1.456372 0.1940469 0.04060032 0.7025978 0.1740741 0.1206465 1.092615 0.06506574 0.1690478 1.415406 -0.05622447  SA_HookPunch_SoClose
-0.04188846 0.02067816 0.1691693 -0.09912293 0.1110756 0.2278112 -0.3124094 0.2813501 0.1358494 -0.1485022 0.04847395 0.01748216 0.02826519 0.1149659 0.1740116 0.2374733 0.3082364 0.009959102 0.0820628 0.07967436 -0.1268307 -0.04015807 0.253511 0.1999525 -0.1361914 0.6979722 0.2371181 -0.1721936 1.108432 0.2088073 -0.1926843 1.454714 0.1903037 0.03726353 0.7014807 0.1707658 0.1186075 1.092707 0.06718671 0.1646477 1.416088 -0.05344832  SA_HookPunch_SoClose
-0.04426895 0.01955414 0.1717933 -0.09793 0.110033 0.2340616 -0.3227362 0.2741309 0.1587805 -0.1693303 0.03667414 0.03553903 0.02518411 0.1142621 0.1711148 0.2158866 0.3025141 -0.01590312 0.0555317 0.06196141 -0.1232582 -0.04163138 0.25262 0.2018098 -0.1359978 0.6969691 0.2444743 -0.172306 1.107104 0.2121409 -0.193727 1.452775 0.1851758 0.03258171 0.7006713 0.166572 0.1162313 1.092881 0.06870687 0.159926 1.417204 -0.05026209  SA_HookPunch_SoClose
-0.04598038 0.01922452 0.1735314 -0.09554343 0.1096761 0.2393659 -0.3307166 0.2680995 0.1837639 -0.1890049 0.02710223 0.05358827 0.02248736 0.1143876 0.1673673 0.1907084 0.2993757 -0.03991425 0.02962347 0.04856992 -0.1189872 -0.04232309 0.252485 0.2031177 -0.1347336 0.6965935 0.2519854 -0.1735306 1.106054 0.2144135 -0.1974581 1.450979 0.1808285 0.02818157 0.7007267 0.1628617 0.1130173 1.093114 0.06674516 0.1569073 1.419087 -0.04755127  SA_HookPunch_SoClose
-0.04705099 0.01947367 0.1745356 -0.09353571 0.1098793 0.2427543 -0.3347377 0.2646463 0.2020921 -0.2013432 0.02169037 0.06686723 0.02049388 0.1149565 0.164596 0.1714612 0.2979374 -0.0551101 0.01199861 0.0409081 -0.1152102 -0.0426542 0.2528569 0.203905 -0.1334265 0.6967746 0.2572349 -0.174902 1.105595 0.2157611 -0.2012533 1.449937 0.178234 0.02509715 0.7012496 0.1605304 0.1103819 1.093492 0.06421793 0.1551941 1.420532 -0.0466181  SA_HookPunch_SoClose
-0.04789625 0.02015865 0.175156 -0.09078054 0.1104479 0.2458876 -0.3366697 0.2627149 0.2228798 -0.2135604 0.01821041 0.08086145 0.01847567 0.1159996 0.1612147 0.1493224 0.2978019 -0.06983578 -0.007237418 0.03536952 -0.1113411 -0.04259036 0.2536459 0.204502 -0.1312977 0.6972992 0.2629961 -0.1772096 1.105137 0.2167906 -0.2068853 1.448905 0.1765779 0.02216037 0.7022519 0.158461 0.10631 1.094016 0.05924928 0.1532772 1.422267 -0.04702055  SA_HookPunch_SoClose
-0.04867015 0.02133512 0.1756262 -0.08789997 0.1114997 0.2486476 -0.336951 0.2615136 0.243348 -0.2241692 0.0157038 0.09514129 0.01631279 0.1175283 0.1578702 0.1266551 0.2981831 -0.08244574 -0.02531855 0.03093541 -0.1066738 -0.04247884 0.2549176 0.2049559 -0.1289126 0.698303 0.2684363 -0.1797867 1.105025 0.217801 -0.2130021 1.448201 0.1753677 0.0192401 0.7037351 0.1565312 0.1019933 1.094984 0.05416143 0.1514433 1.424244 -0.04777157  SA_HookPunch_SoClose
-0.04898397 0.02275097 0.175414 -0.08466171 0.1127051 0.2505521 -0.3340801 0.2629124 0.2624696 -0.2323601 0.01725423 0.1062244 0.01446428 0.1192926 0.154282 0.105133 0.3001988 -0.09230816 -0.04296474 0.02991188 -0.1030957 -0.04197655 0.2563801 0.204986 -0.1261694 0.6994461 0.2733096 -0.1827885 1.1048 0.2180156 -0.2191867 1.447603 0.1751755 0.01694842 0.705444 0.1550602 0.09686424 1.096128 0.04836881 0.1494032 1.426437 -0.04849923  SA_HookPunch_SoClose
-0.04942987 0.02574897 0.1748503 -0.07963733 0.1153738 0.2528294 -0.3271793 0.2662235 0.2903947 -0.2431367 0.02116299 0.1230935 0.01138301 0.1228163 0.1489199 0.07229967 0.3040802 -0.1039973 -0.06790356 0.02950954 -0.09635746 -0.04119442 0.259436 0.2047776 -0.1216693 0.7020108 0.2801217 -0.1876963 1.105022 0.218501 -0.2288672 1.447262 0.1754793 0.01350703 0.7088633 0.1529135 0.08869822 1.098711 0.03991544 0.1464434 1.430194 -0.04970849  SA_HookPunch_SoClose
-0.04962216 0.0307014 0.1727275 -0.07274263 0.1197472 0.2539428 -0.3110928 0.2763778 0.3231081 -0.2546251 0.0359751 0.1383775 0.007312017 0.1284503 0.1414584 0.03217473 0.3124591 -0.113125 -0.09712248 0.03350222 -0.08925641 -0.03991799 0.2643688 0.2034653 -0.1155063 0.7062322 0.2873982 -0.1944745 1.105574 0.2176532 -0.2403537 1.447387 0.1760248 0.009600298 0.7142782 0.1503395 0.07777961 1.103312 0.03030717 0.1441018 1.435854 -0.04884446  SA_HookPunch_SoClose
-0.04979024 0.03516352 0.1705498 -0.06777571 0.1237584 0.2536653 -0.2960114 0.286422 0.3448561 -0.2631328 0.05194366 0.1472543 0.004132764 0.1334101 0.1358804 0.004774766 0.3203167 -0.1159822 -0.1159502 0.03821862 -0.08515036 -0.03904907 0.2687911 0.2018861 -0.1109308 0.7101283 0.2916259 -0.1996668 1.106472 0.216709 -0.248178 1.448125 0.1767868 0.006880062 0.7190278 0.1482977 0.07036765 1.107581 0.02420509 0.1438785 1.440265 -0.04766715  SA_HookPunch_SoClose
-0.05015687 0.04363453 0.1664346 -0.06020979 0.1315078 0.2517828 -0.2674711 0.3052584 0.374823 -0.2760559 0.08427608 0.1598796 -0.00115232 0.1426564 0.1271828 -0.03476654 0.3349363 -0.115285 -0.1427545 0.0482589 -0.07980168 -0.03782211 0.2771728 0.1986674 -0.103686 0.7176796 0.2967719 -0.2081718 1.108824 0.2151407 -0.2596937 1.450413 0.178594 0.002788918 0.7278802 0.144915 0.05944242 1.115786 0.01559627 0.1452857 1.44761 -0.04581463  SA_HookPunch_SoClose
-0.05038826 0.0517714 0.1620973 -0.05402843 0.1390613 0.2485431 -0.2387262 0.3239871 0.3978456 -0.2891411 0.1227973 0.1696166 -0.005514843 0.1514494 0.1195849 -0.0632271 0.3495102 -0.110108 -0.1634877 0.05970836 -0.07744181 -0.03680853 0.2852335 0.1948971 -0.09759669 0.7250471 0.2992834 -0.2156003 1.111392 0.2133316 -0.2682359 1.453201 0.1806291 -0.0004659127 0.736297 0.1413573 0.05087175 1.12361 0.008102298 0.1477212 1.453793 -0.0452553  SA_HookPunch_SoClose
-0.05052124 0.05947626 0.1580361 -0.04876314 0.1462935 0.2449521 -0.2104239 0.341669 0.4146465 -0.3004256 0.1623343 0.1804537 -0.009195728 0.1596886 0.1130723 -0.08497046 0.3629094 -0.103068 -0.1808903 0.07113206 -0.07532179 -0.03588412 0.2928661 0.1911806 -0.09227864 0.7321085 0.3004097 -0.2223557 1.113899 0.2115782 -0.2752467 1.455997 0.1825064 -0.003162248 0.7442016 0.1378874 0.04321297 1.13092 0.001132369 0.1499831 1.459062 -0.04545844  SA_HookPunch_SoClose
-0.05038629 0.06575203 0.154478 -0.04467873 0.1522099 0.2414883 -0.1871181 0.3539981 0.4270147 -0.3085356 0.1975805 0.190585 -0.0117089 0.166366 0.1078848 -0.09916829 0.3737251 -0.09642804 -0.193717 0.08103955 -0.0740639 -0.03502981 0.2990768 0.1878432 -0.08826707 0.7378652 0.3004969 -0.2277698 1.115939 0.2100872 -0.2803627 1.458333 0.1841201 -0.005143447 0.750618 0.134879 0.03708585 1.136874 -0.004499078 0.1514974 1.463149 -0.04576361  SA_HookPunch_SoClose
-0.04974101 0.07500243 0.149062 -0.03896777 0.1610278 0.2359651 -0.1520863 0.3705107 0.4417838 -0.3187254 0.2541772 0.2098235 -0.0145577 0.1760691 0.1006316 -0.1148756 0.3894303 -0.08562338 -0.2103292 0.09648669 -0.07231772 -0.03356026 0.3082238 0.182628 -0.08292983 0.7464617 0.299179 -0.235287 1.119297 0.2077693 -0.2863635 1.462267 0.1868728 -0.007548971 0.7600031 0.1299576 0.02825602 1.145687 -0.01276267 0.1532739 1.468934 -0.04637825  SA_HookPunch_SoClose
-0.0489168 0.08208263 0.1448964 -0.03470091 0.167843 0.2315735 -0.124294 0.3823465 0.4501394 -0.3226837 0.3009647 0.2284955 -0.01614879 0.1834048 0.0953716 -0.1234993 0.4011365 -0.07678425 -0.2216047 0.1088295 -0.07075751 -0.03223388 0.3152225 0.1785268 -0.07911663 0.7531241 0.2973694 -0.2415581 1.121575 0.2055458 -0.2915761 1.464906 0.1883534 -0.009011967 0.7671397 0.1259326 0.02170326 1.152431 -0.01901829 0.1544891 1.473117 -0.0468837  SA_HookPunch_SoClose
-0.04688184 0.0907222 0.1396044 -0.02944229 0.1763189 0.2260784 -0.09121041 0.3947132 0.4575814 -0.3241427 0.3610785 0.2582859 -0.01647614 0.1921322 0.08926094 -0.1275307 0.4151155 -0.06739247 -0.2315786 0.1248186 -0.06985247 -0.03001801 0.323764 0.17316 -0.07530586 0.7614425 0.2933573 -0.2489874 1.12491 0.2022485 -0.2969435 1.468767 0.1905688 -0.009980066 0.7757763 0.1200699 0.01435228 1.160836 -0.02669585 0.1559622 1.478275 -0.04737151  SA_HookPunch_SoClose
-0.04418735 0.09962797 0.1338953 -0.02398477 0.1851523 0.220189 -0.05639319 0.4057156 0.461924 -0.3158654 0.4248232 0.2963442 -0.01585285 0.200989 0.08300197 -0.1273872 0.4288722 -0.059322 -0.2393597 0.1417093 -0.06952059 -0.02741359 0.3325641 0.1672853 -0.0720139 0.7701202 0.2880377 -0.2566602 1.128515 0.1984071 -0.3018232 1.472905 0.1929568 -0.01060132 0.7846256 0.1133388 0.006992118 1.169542 -0.03476059 0.1574092 1.48331 -0.04788935  SA_HookPunch_SoClose
-0.04045061 0.106603 0.1292223 -0.01932452 0.1922182 0.2156376 -0.03048985 0.4132854 0.4629949 -0.3040818 0.4727305 0.3336843 -0.01288198 0.2077022 0.07832038 -0.1201504 0.4386355 -0.05901349 -0.2397451 0.1547205 -0.07293618 -0.02435134 0.3394463 0.162352 -0.07050054 0.7770771 0.2820028 -0.2621087 1.13215 0.1937765 -0.3044915 1.476936 0.1943969 -0.009833617 0.7914755 0.107035 0.002610283 1.176409 -0.04153931 0.1587245 1.487586 -0.04827034  SA_HookPunch_SoClose
-0.03553943 0.1138988 0.1241726 -0.01422582 0.1996593 0.2109092 -0.00325988 0.420346 0.4618572 -0.2826044 0.5203201 0.3777183 -0.008191032 0.214602 0.07351339 -0.108337 0.4479078 -0.06352389 -0.2363339 0.1678112 -0.07986367 -0.02052586 0.3466123 0.1570028 -0.06967752 0.7844085 0.2745394 -0.2675072 1.136378 0.1876177 -0.3065327 1.481471 0.1955036 -0.008229299 0.7985454 0.09982288 -0.001209302 1.183423 -0.04925168 0.1603042 1.491904 -0.04851115  SA_HookPunch_SoClose
-0.02953116 0.1203023 0.1195768 -0.009350998 0.2062544 0.2069315 0.01985754 0.4257265 0.4590915 -0.256395 0.5577176 0.4220723 -0.001449866 0.2204806 0.06955469 -0.09117787 0.4545773 -0.07495701 -0.2269257 0.1781751 -0.0916549 -0.01608281 0.352847 0.1521038 -0.07001422 0.7909037 0.2661985 -0.2716205 1.1409 0.1799887 -0.3073533 1.486073 0.1958789 -0.005359454 0.8046035 0.09260786 -0.003082676 1.189313 -0.05704844 0.1620601 1.495747 -0.04844964  SA_HookPunch_SoClose
-0.0227143 0.1255361 0.1160887 -0.005092246 0.2116838 0.2041343 0.03721603 0.429129 0.4558386 -0.2294311 0.5839391 0.4622186 0.007143633 0.225172 0.06700075 -0.07040583 0.45744 -0.09332335 -0.211425 0.1835709 -0.1079394 -0.01122813 0.3578926 0.1482233 -0.07156174 0.7962517 0.2575697 -0.2736818 1.145806 0.1707729 -0.3063417 1.490827 0.1946052 -0.001080317 0.8094016 0.08621919 -0.003314001 1.193552 -0.06486762 0.1629178 1.499071 -0.04834044  SA_HookPunch_SoClose
-0.01425789 0.1305531 0.1125368 -0.0005173515 0.2168967 0.2013487 0.05423399 0.4303714 0.4518145 -0.1934847 0.6056013 0.5069278 0.01821383 0.2295657 0.06487215 -0.04197852 0.4570562 -0.1177231 -0.1883039 0.1858307 -0.1291243 -0.005335135 0.3626513 0.1441377 -0.0739526 0.8012943 0.2469352 -0.2751286 1.151089 0.1589197 -0.304845 1.495562 0.1925172 0.004785376 0.8138319 0.07917154 -0.002685888 1.196905 -0.07446063 0.1631502 1.50199 -0.04859221  SA_HookPunch_SoClose
-0.005525215 0.1336482 0.109291 0.002746778 0.2200143 0.1984771 0.06154897 0.4286969 0.4476641 -0.1664189 0.6168358 0.5356525 0.03034307 0.2324232 0.06348932 -0.009123726 0.4505289 -0.1472846 -0.1591788 0.1811459 -0.1518432 0.0004567672 0.3655411 0.1405333 -0.0773599 0.8040668 0.2367367 -0.2731636 1.156695 0.1479152 -0.3006491 1.500245 0.1914076 0.01192512 0.8165979 0.07433975 -0.001079602 1.198077 -0.08284771 0.1604889 1.504702 -0.04930651  SA_HookPunch_SoClose
0.004163163 0.1356407 0.1052326 0.005712347 0.221893 0.1943854 0.06549098 0.4236941 0.443251 -0.1386162 0.6224731 0.5612959 0.04382827 0.2344021 0.06199205 0.03391572 0.4383715 -0.1776105 -0.1225227 0.1726159 -0.1752988 0.006641584 0.367319 0.1361517 -0.08137463 0.8053733 0.2249321 -0.2703937 1.161776 0.1364826 -0.2957636 1.503859 0.1913456 0.02007158 0.8184254 0.06988418 0.001954811 1.197544 -0.09242451 0.1579008 1.506205 -0.05171502  SA_HookPunch_SoClose
0.01848598 0.1354719 0.09788835 0.008635597 0.2211983 0.185656 0.05944933 0.4115855 0.4367727 -0.1159487 0.6205941 0.5805029 0.06375386 0.2349368 0.05951917 0.1110696 0.4108348 -0.2130162 -0.0606765 0.1548432 -0.2042996 0.01525583 0.3669423 0.1285981 -0.08780079 0.8034757 0.2069801 -0.2657576 1.166353 0.121972 -0.2894486 1.50563 0.1927069 0.0324284 0.8186946 0.06621444 0.01064547 1.19344 -0.1055261 0.156616 1.506013 -0.05820906  SA_HookPunch_SoClose
0.03128113 0.1315082 0.08800161 0.009759979 0.2163197 0.1728562 0.04021968 0.3967355 0.4288734 -0.1221434 0.610792 0.5802854 0.08133818 0.2323104 0.05556142 0.1958761 0.3810493 -0.2244774 0.00249608 0.1408349 -0.2268678 0.02231147 0.3628727 0.1189545 -0.09402435 0.7972859 0.1885933 -0.2594203 1.168312 0.1140369 -0.2848867 1.504441 0.197956 0.043305 0.8157723 0.06489837 0.02310117 1.187288 -0.113907 0.1555851 1.505377 -0.06375372  SA_HookPunch_SoClose
0.04131402 0.1251878 0.07778585 0.009492354 0.2089579 0.1587366 0.01451679 0.3821309 0.4183973 -0.1468335 0.5954888 0.571864 0.09533627 0.2272537 0.05180967 0.2704173 0.3568783 -0.2115489 0.05911471 0.1342131 -0.2411433 0.02760293 0.3564199 0.1090606 -0.09882562 0.7889702 0.1706942 -0.251348 1.167925 0.1098293 -0.2815751 1.50149 0.2019972 0.05215516 0.8103916 0.06463993 0.03652539 1.180207 -0.1181041 0.1543507 1.504132 -0.06873047  SA_HookPunch_SoClose
0.05614539 0.1095719 0.05844247 0.007907467 0.1914004 0.1296281 -0.04227595 0.3544029 0.3888334 -0.2180543 0.5598883 0.5371078 0.1158849 0.2135811 0.04604471 0.3750783 0.3247721 -0.1502482 0.1548024 0.1331044 -0.249477 0.03540059 0.3405224 0.09028947 -0.1039208 0.7706106 0.1372784 -0.2335434 1.161571 0.1068991 -0.2772562 1.491099 0.207765 0.0657502 0.79589 0.06604421 0.06291731 1.165175 -0.1184117 0.1538445 1.498664 -0.07639897  SA_HookPunch_SoClose
0.06747074 0.09300697 0.03870237 0.006023781 0.1732975 0.0969938 -0.1072996 0.3275012 0.341997 -0.3104554 0.5211426 0.4698185 0.1307253 0.1980604 0.04246318 0.4328155 0.3102649 -0.06448901 0.2375187 0.1410527 -0.2328063 0.04176219 0.323697 0.07162559 -0.1032708 0.7531406 0.1046656 -0.2102777 1.152022 0.108899 -0.2686464 1.478767 0.2113913 0.07757147 0.7792626 0.07126939 0.08939429 1.148161 -0.1136018 0.1545403 1.489305 -0.08861172  SA_HookPunch_SoClose
0.07670482 0.07545197 0.01406467 0.00505002 0.1553382 0.0551151 -0.1822089 0.299307 0.262431 -0.4205382 0.4801419 0.3373007 0.1402286 0.1797768 0.03878295 0.4439273 0.3070989 0.03550327 0.3079781 0.1481599 -0.1911255 0.04797145 0.3059139 0.05007112 -0.09507649 0.7370287 0.07173526 -0.180298 1.138484 0.1180552 -0.2472161 1.464816 0.2165593 0.08896859 0.7595208 0.08282793 0.1189382 1.128865 -0.09907877 0.1611422 1.474504 -0.09938061  SA_HookPunch_SoClose
0.0833248 0.06225121 -0.01076996 0.007645922 0.1438522 0.01456249 -0.2403957 0.2776762 0.1673068 -0.4970546 0.4484812 0.1596011 0.1432815 0.1632863 0.03360307 0.4153048 0.3079172 0.1116894 0.3505253 0.1509002 -0.1457082 0.05456843 0.2924086 0.03099573 -0.08048289 0.7265729 0.04999864 -0.1564948 1.124155 0.1320056 -0.2225681 1.450188 0.2320617 0.09806408 0.7415102 0.09898221 0.1426752 1.111319 -0.07893622 0.1710684 1.45733 -0.1057349  SA_HookPunch_SoClose
0.09028347 0.053262 -0.03129923 0.0147592 0.1375153 -0.01631224 -0.2764471 0.2629923 0.07386625 -0.5260031 0.4156475 -0.02373326 0.1453199 0.1496794 0.02776992 0.3815821 0.3107228 0.1540493 0.3706206 0.1550386 -0.1119334 0.06312604 0.2826644 0.01735055 -0.06414221 0.7191294 0.03980339 -0.1458708 1.110385 0.1437939 -0.2128055 1.435574 0.2459997 0.1061413 0.7265238 0.1136297 0.1597001 1.099211 -0.05560219 0.1833618 1.44315 -0.1045305  SA_HookPunch_SoClose
0.1005488 0.0453074 -0.05254185 0.02727337 0.1328919 -0.04643071 -0.2930056 0.249321 -0.05063403 -0.4895861 0.3697934 -0.2554508 0.1480087 0.1354324 0.02105129 0.3404341 0.3146584 0.1843017 0.3804861 0.1583698 -0.07851756 0.07465054 0.2729776 0.005262256 -0.0453851 0.7111223 0.03426206 -0.1382083 1.09602 0.1517876 -0.2096646 1.419382 0.2566904 0.1135087 0.7099713 0.1304544 0.1741275 1.086455 -0.02762473 0.1993318 1.425813 -0.1014386  SA_HookPunch_SoClose
0.1142987 0.03762484 -0.07160723 0.04291465 0.1276635 -0.06938088 -0.2575283 0.2317152 -0.2221586 -0.3122202 0.2814069 -0.5215698 0.1523231 0.1194198 0.01487482 0.3072572 0.3196459 0.1966485 0.3728167 0.1638453 -0.06129038 0.08866258 0.2615683 -0.002169728 -0.02593015 0.7002664 0.03582561 -0.1240966 1.086529 0.1441749 -0.208622 1.406206 0.2506431 0.1232216 0.6918557 0.1462096 0.1848323 1.074853 0.00507009 0.2172162 1.407789 -0.09163964  SA_HookPunch_SoClose
0.1220493 0.03594828 -0.08141339 0.04873957 0.1254617 -0.07908404 -0.162428 0.210343 -0.3467695 -0.06857358 0.2124672 -0.6405283 0.1530377 0.1124036 0.01085317 0.3030712 0.3115662 0.1978563 0.3555263 0.1693033 -0.07068408 0.09364797 0.2564344 -0.005802751 -0.01756494 0.6956089 0.03569639 -0.1154373 1.08481 0.1332558 -0.2035727 1.405577 0.2333292 0.128841 0.6843456 0.1494507 0.1914671 1.071604 0.02095068 0.2308476 1.402151 -0.08120644  SA_HookPunch_SoClose
0.12879 0.04029858 -0.09502232 0.05650391 0.1295604 -0.0972296 -0.02698831 0.2073609 -0.4079529 0.2025011 0.1869131 -0.6129504 0.150721 0.1137339 0.002819896 0.3077315 0.2900447 0.1987098 0.3356956 0.1595594 -0.07931197 0.09514834 0.2588023 -0.01758111 -0.01222817 0.699562 0.02058256 -0.1080053 1.090257 0.11417 -0.1951271 1.41286 0.2090958 0.1241493 0.6839183 0.1457146 0.1953899 1.069833 0.01766002 0.237616 1.401335 -0.0801717  SA_HookPunch_SoClose
0.1391249 0.04439378 -0.1001984 0.07122369 0.1340008 -0.107134 0.01255997 0.2247858 -0.4166394 0.2574452 0.1824355 -0.5992461 0.1556081 0.117914 0.001299262 0.3034256 0.2910584 0.2036475 0.3399853 0.1507511 -0.06853163 0.1020413 0.2630048 -0.02377284 -0.007308347 0.7039828 0.006002307 -0.1054416 1.092765 0.1049622 -0.1955373 1.413342 0.2038912 0.1168233 0.6874121 0.1431822 0.1960495 1.068794 0.006526351 0.2370519 1.400768 -0.09021914  SA_HookPunch_SoClose
0.1518513 0.04844666 -0.09960234 0.0865301 0.1374798 -0.1103331 0.02998401 0.2431196 -0.420303 0.2638904 0.1861141 -0.6130348 0.1634948 0.122941 0.003694892 0.299617 0.2993751 0.2121314 0.3540219 0.1516767 -0.05306637 0.1104455 0.2673396 -0.0260402 -0.002285464 0.7080477 -0.0081774 -0.1061603 1.093855 0.09640348 -0.2035635 1.410576 0.2006835 0.1111373 0.6931697 0.138163 0.1990136 1.069664 -0.006520867 0.236798 1.402999 -0.09983504  SA_HookPunch_SoClose
0.1623306 0.05173504 -0.09628356 0.09703912 0.1397612 -0.1093971 0.03476681 0.253544 -0.4218456 0.2571891 0.1917893 -0.62635 0.1707164 0.1273453 0.007027984 0.2980213 0.3079299 0.2205161 0.3693086 0.1615075 -0.04136717 0.1173656 0.2708858 -0.0261265 0.002298849 0.7113074 -0.01794255 -0.1089088 1.094238 0.08962858 -0.214708 1.407233 0.1969351 0.1100359 0.6986225 0.1328334 0.2037854 1.071624 -0.0171138 0.2371302 1.406632 -0.1060282  SA_HookPunch_SoClose
0.1674389 0.05334663 -0.09431565 0.1017719 0.1408091 -0.1084124 0.03588726 0.2574171 -0.4221398 0.2541306 0.1936657 -0.6304981 0.1744824 0.1295178 0.008732677 0.2976579 0.3126385 0.2241257 0.3769871 0.1677983 -0.03632128 0.1209123 0.2726165 -0.02594292 0.004841583 0.7128808 -0.02208912 -0.110722 1.094254 0.08641994 -0.2212365 1.405281 0.1946906 0.1107286 0.7013317 0.130082 0.2068389 1.072926 -0.02185261 0.2376201 1.408872 -0.1081125  SA_HookPunch_SoClose
0.1725535 0.05485666 -0.09209692 0.1060833 0.1416973 -0.1069409 0.03602817 0.2596214 -0.4221236 0.2529261 0.1936115 -0.6311823 0.178598 0.1315769 0.01043212 0.297979 0.317943 0.226806 0.3846529 0.1752979 -0.03250945 0.1247302 0.2742416 -0.02554667 0.007703798 0.7143593 -0.02534926 -0.1130295 1.094031 0.08349836 -0.2288414 1.402991 0.1921486 0.1129972 0.7039661 0.1273164 0.2106234 1.074638 -0.02589953 0.2384659 1.411662 -0.1088887  SA_HookPunch_SoClose
0.1783639 0.0560323 -0.08970749 0.1108524 0.1421632 -0.1049 0.0364082 0.2608733 -0.4207693 0.2553498 0.1912369 -0.6264941 0.1838704 0.1332361 0.01225793 0.2996446 0.3242806 0.2272204 0.3921047 0.1816499 -0.03009617 0.1294539 0.2754411 -0.02470171 0.01081534 0.715212 -0.02733481 -0.116009 1.093044 0.08098686 -0.2372595 1.40009 0.1891297 0.1168943 0.7062025 0.124874 0.2143395 1.076714 -0.02884352 0.239277 1.414669 -0.1089197  SA_HookPunch_SoClose
0.1844654 0.05593967 -0.08717978 0.1157732 0.1412897 -0.1021324 0.03667583 0.260401 -0.4176031 0.2603177 0.1849737 -0.6161042 0.1901345 0.1335523 0.01426256 0.3033743 0.3303429 0.2249078 0.3987635 0.1850778 -0.02985346 0.1347798 0.2752631 -0.02319777 0.01365872 0.7144116 -0.027547 -0.1192081 1.090534 0.07947099 -0.2446331 1.396398 0.1861943 0.1220517 0.7070665 0.1231135 0.2168478 1.078478 -0.03008854 0.2394409 1.417023 -0.1083494  SA_HookPunch_SoClose
0.1892806 0.05538166 -0.08496201 0.1196674 0.1400496 -0.09920943 0.03636964 0.2595731 -0.4132739 0.2638081 0.1765918 -0.6043063 0.1957175 0.1333147 0.01615179 0.3084203 0.3349872 0.2211846 0.4034027 0.1857467 -0.03142178 0.1392065 0.2745627 -0.02133 0.01531513 0.7129391 -0.02633345 -0.1214179 1.088073 0.07927454 -0.2479885 1.39409 0.1841902 0.1264973 0.7072357 0.1223525 0.2169327 1.080254 -0.02957547 0.2383934 1.418888 -0.1077696  SA_HookPunch_SoClose
0.1937061 0.05428433 -0.08195937 0.1231307 0.138222 -0.09510672 0.03316857 0.2594638 -0.4060255 0.2635039 0.1663978 -0.58876 0.2018253 0.1329137 0.01854265 0.3171259 0.3387661 0.2171577 0.407992 0.1863906 -0.03509104 0.1434717 0.2734692 -0.01871836 0.015911 0.7107872 -0.02405226 -0.1229855 1.085491 0.08025157 -0.2474446 1.393212 0.1826795 0.130729 0.7071397 0.1219105 0.2139996 1.083269 -0.02640212 0.2354304 1.421806 -0.1050202  SA_HookPunch_SoClose
0.1966763 0.05326545 -0.07924521 0.1252582 0.1366163 -0.091416 0.02936502 0.2598296 -0.399057 0.2615342 0.1583625 -0.5748678 0.2064675 0.1326715 0.02050722 0.3253089 0.3413557 0.2142185 0.4114905 0.1879146 -0.03902638 0.1463419 0.272554 -0.01646817 0.01554658 0.7089314 -0.02183402 -0.1239053 1.083607 0.08182847 -0.2455089 1.39312 0.182269 0.1335818 0.7070358 0.1215729 0.2113976 1.085474 -0.02379811 0.2334788 1.423701 -0.1035649  SA_HookPunch_SoClose
0.2001375 0.05170596 -0.07489216 0.1273524 0.1341877 -0.0855118 0.02246906 0.2611001 -0.3872448 0.2564581 0.1472837 -0.5527822 0.2127136 0.1325362 0.02333677 0.3386088 0.3447393 0.2101368 0.4161597 0.1918808 -0.04623091 0.1496093 0.2712646 -0.01301825 0.01374431 0.7061481 -0.01802981 -0.1248149 1.081278 0.08518732 -0.2409097 1.393839 0.1826619 0.1368226 0.7069218 0.1210841 0.2079204 1.088078 -0.02057993 0.2315106 1.425585 -0.102924  SA_HookPunch_SoClose
0.2020402 0.05072427 -0.07160485 0.1279954 0.1324825 -0.08093226 0.01737507 0.263036 -0.3773905 0.2523347 0.1417885 -0.5361372 0.2167214 0.1327035 0.02520406 0.3484845 0.3475037 0.2065767 0.4192923 0.1963706 -0.05274832 0.1511254 0.2704566 -0.0104419 0.01130857 0.7041606 -0.01479781 -0.1254696 1.080005 0.0881952 -0.2371307 1.394835 0.1835264 0.1383086 0.7069434 0.1207188 0.2071398 1.088714 -0.02040684 0.2306001 1.426221 -0.1027876  SA_HookPunch_SoClose
0.2038508 0.04985523 -0.068524 0.1286294 0.1309131 -0.07655537 0.01290728 0.265007 -0.3677174 0.2482163 0.1364356 -0.5200545 0.2204815 0.1329222 0.02686775 0.3576487 0.3502319 0.2027625 0.4219297 0.2006626 -0.05915606 0.1525285 0.2697287 -0.008000016 0.008980529 0.7022848 -0.01158106 -0.126091 1.07884 0.09106529 -0.2337072 1.395775 0.1840433 0.1396222 0.7069786 0.1203746 0.2064652 1.089292 -0.02023757 0.2298268 1.426808 -0.1026102  SA_HookPunch_SoClose
0.2057111 0.0487777 -0.06505787 0.1288748 0.1288491 -0.07116091 0.008209722 0.2699804 -0.3539187 0.2434808 0.1344043 -0.5001174 0.2247699 0.1331384 0.02845323 0.3683213 0.3540695 0.1963757 0.424662 0.2064536 -0.06846344 0.1537134 0.2686961 -0.005080342 0.005433934 0.6997616 -0.007179856 -0.1268759 1.077564 0.09447801 -0.2295983 1.397058 0.1841716 0.1407293 0.7068426 0.1198891 0.205779 1.089927 -0.01945889 0.2285143 1.427923 -0.100021  SA_HookPunch_SoClose
0.2092964 0.04696786 -0.05698311 0.1291237 0.1247659 -0.05804551 -0.0005695652 0.2781255 -0.3214675 0.2340541 0.1273783 -0.4531285 0.2338076 0.1341977 0.03189695 0.390061 0.3633546 0.1790828 0.4279252 0.2196107 -0.09111798 0.1559035 0.266862 0.002223372 -0.002846939 0.6943905 0.00458467 -0.1287071 1.075481 0.102074 -0.2219364 1.400304 0.1825236 0.1426164 0.7069684 0.1194052 0.2032038 1.091322 -0.01845324 0.2243388 1.430067 -0.09625494  SA_HookPunch_SoClose
0.2100976 0.04622138 -0.05306971 0.1286041 0.122991 -0.05128539 -0.004364533 0.2838354 -0.3033482 0.2282602 0.1259143 -0.4300534 0.2373778 0.1347842 0.03336942 0.3989809 0.3674191 0.1691679 0.4274914 0.2255007 -0.1031386 0.1563662 0.2660937 0.006087184 -0.007034225 0.6919308 0.01145446 -0.1292642 1.074975 0.1058582 -0.2186084 1.402072 0.1813468 0.143215 0.7070867 0.1196073 0.2017945 1.09188 -0.01789248 0.2221216 1.430991 -0.09430325  SA_HookPunch_SoClose
0.2092254 0.04516077 -0.04550374 0.1258508 0.1202903 -0.03797448 -0.01131688 0.2946136 -0.267243 0.2153579 0.1233397 -0.3872072 0.2417216 0.1361139 0.03592288 0.4123562 0.3739372 0.1488613 0.4223228 0.2346597 -0.1261054 0.1555752 0.2651111 0.01383436 -0.01500432 0.6881399 0.02602613 -0.1296075 1.075301 0.1129016 -0.2123877 1.406215 0.1786026 0.1436514 0.7076874 0.1206192 0.1996792 1.092837 -0.01694643 0.2189789 1.432703 -0.0902015  SA_HookPunch_SoClose
0.2067862 0.04475999 -0.04054081 0.1225308 0.1190847 -0.0291878 -0.01567171 0.301841 -0.2426702 0.2054369 0.1224176 -0.3611008 0.2424577 0.137107 0.03737056 0.4187141 0.3774605 0.1349992 0.4160354 0.2386825 -0.1403881 0.1536358 0.2648655 0.01899087 -0.02002738 0.6865641 0.0361923 -0.1298143 1.07632 0.1175083 -0.2088529 1.409382 0.1766351 0.1434886 0.7083976 0.1215585 0.1989688 1.093349 -0.01677954 0.2181571 1.433701 -0.08777678  SA_HookPunch_SoClose
0.2042027 0.04471195 -0.03741944 0.1194934 0.1186794 -0.023646 -0.02002434 0.3044827 -0.2286326 0.1980714 0.120543 -0.3457137 0.2417575 0.1378192 0.03817976 0.4218999 0.3794429 0.1260141 0.410962 0.2401508 -0.1489083 0.1516066 0.2649752 0.02225673 -0.02303587 0.6861885 0.04283273 -0.1304075 1.077295 0.1208171 -0.2076022 1.411479 0.1759156 0.1433016 0.7090683 0.1222676 0.1990193 1.093678 -0.0169245 0.2183809 1.434353 -0.08630335  SA_HookPunch_SoClose
0.2012212 0.04481745 -0.03418982 0.1161505 0.1184841 -0.01792872 -0.02436207 0.3071189 -0.2142984 0.1903797 0.1185161 -0.3301536 0.2406117 0.1386491 0.03899276 0.4245368 0.3814069 0.1167134 0.4051648 0.2414075 -0.157384 0.1492935 0.2652661 0.02563035 -0.02596102 0.6861092 0.04969347 -0.1312103 1.078427 0.1244196 -0.2069023 1.413571 0.1756328 0.1430409 0.7099209 0.1229934 0.1991256 1.094077 -0.01729882 0.2187461 1.435079 -0.08497965  SA_HookPunch_SoClose
0.1942341 0.04529524 -0.02849209 0.1088052 0.118737 -0.007918 -0.03319363 0.3118393 -0.1894361 0.1756704 0.116347 -0.3046147 0.2366638 0.1401731 0.04035127 0.4274474 0.384259 0.1003665 0.3933049 0.242301 -0.1712705 0.1439915 0.2662028 0.03153455 -0.03073571 0.6869755 0.06173837 -0.1331335 1.080862 0.1320461 -0.2071081 1.417135 0.1781119 0.1424129 0.7118034 0.124226 0.1994583 1.094896 -0.01856482 0.2195661 1.436578 -0.0825721  SA_HookPunch_SoClose
0.1834904 0.04637933 -0.0207783 0.09817679 0.1200392 0.004773974 -0.04615406 0.3165162 -0.161213 0.157746 0.1153016 -0.2754279 0.2293595 0.1422668 0.04264629 0.4280406 0.3868285 0.08275783 0.3775624 0.243302 -0.1854893 0.1360706 0.2681017 0.0391587 -0.03600423 0.6895033 0.07619989 -0.1361716 1.08479 0.141692 -0.2094804 1.421706 0.1839756 0.1412603 0.7148675 0.1255506 0.1996377 1.096435 -0.02074206 0.220781 1.438924 -0.07992232  SA_HookPunch_SoClose
0.1777364 0.04691017 -0.016729 0.09263666 0.1208359 0.01096094 -0.05332283 0.3179622 -0.1490752 0.1494586 0.1155398 -0.263147 0.2250676 0.1432182 0.04410255 0.4271785 0.3876454 0.07611167 0.3703829 0.244193 -0.1909095 0.1317946 0.2691077 0.04294384 -0.03854785 0.6909726 0.08277357 -0.137583 1.086853 0.1463741 -0.2104105 1.424021 0.1874608 0.1402844 0.7164371 0.1260418 0.1992894 1.097341 -0.02172291 0.2212614 1.440114 -0.0789181  SA_HookPunch_SoClose
0.1718171 0.04734719 -0.01244938 0.08700712 0.1215603 0.01743495 -0.06040851 0.31926 -0.1365834 0.141209 0.1155392 -0.2504064 0.2205474 0.1440567 0.04568708 0.4259154 0.388248 0.06928766 0.3627588 0.2448704 -0.1963407 0.1273824 0.2700256 0.04690826 -0.04107181 0.6923895 0.08951509 -0.1390735 1.08883 0.1512007 -0.2114789 1.42623 0.1911138 0.1391582 0.7179094 0.1264938 0.1988467 1.09806 -0.02292597 0.221814 1.441078 -0.07823288  SA_HookPunch_SoClose
0.159225 0.04774141 -0.003145337 0.07511647 0.1226634 0.03088605 -0.07667665 0.3197581 -0.1132108 0.1243066 0.115821 -0.2277662 0.2103353 0.145211 0.04945266 0.421606 0.3888545 0.05824316 0.3481223 0.2464113 -0.2052232 0.1176965 0.2714406 0.05523765 -0.04675834 0.6948361 0.1028498 -0.1419723 1.092434 0.1613716 -0.2126169 1.430635 0.1974772 0.1355729 0.7203887 0.1274246 0.196657 1.099335 -0.02446949 0.222464 1.44265 -0.07659113  SA_HookPunch_SoClose
0.1519111 0.04776216 0.002443671 0.06824864 0.123142 0.03862989 -0.08636467 0.3193134 -0.1008893 0.1144968 0.1157911 -0.2163922 0.2040987 0.1455994 0.05195987 0.4183424 0.3889481 0.05346048 0.3402143 0.2469802 -0.2089235 0.1119271 0.2720385 0.0601424 -0.05022184 0.6960397 0.1101793 -0.1435272 1.094285 0.1673592 -0.2128541 1.433069 0.2004131 0.1328856 0.7215034 0.1282004 0.1945722 1.099896 -0.02482569 0.2223565 1.443223 -0.07584155  SA_HookPunch_SoClose
0.1456669 0.04769909 0.00732553 0.06241937 0.1234828 0.04529464 -0.09463464 0.3187383 -0.09056103 0.1061698 0.1157151 -0.2070371 0.1986492 0.145816 0.05423486 0.4152614 0.3888764 0.0497731 0.3334898 0.2472543 -0.2116867 0.1069509 0.2724555 0.06439531 -0.05320523 0.696981 0.1163529 -0.1448228 1.095767 0.1724833 -0.2130297 1.435047 0.2026671 0.1303736 0.7223219 0.12893 0.1925512 1.100249 -0.02504599 0.2221626 1.443522 -0.07538617  SA_HookPunch_SoClose
0.1379681 0.0475533 0.01349533 0.05527778 0.1238431 0.05342376 -0.1048052 0.3178797 -0.07864344 0.09581621 0.1155648 -0.1966573 0.1917802 0.1459305 0.05748594 0.4109813 0.3886472 0.04658449 0.3256368 0.2469774 -0.2137047 0.1007454 0.2728567 0.06980646 -0.05704598 0.6980271 0.12372 -0.1462286 1.097436 0.1793412 -0.212833 1.437386 0.2052664 0.1268769 0.7231277 0.1303433 0.1889137 1.100682 -0.02460158 0.2207405 1.443752 -0.07498085  SA_HookPunch_SoClose
0.1284309 0.04727471 0.02132976 0.046501 0.1241962 0.0635289 -0.1173169 0.316707 -0.06419146 0.08296044 0.1153702 -0.1844412 0.1831172 0.145891 0.06191432 0.4051466 0.3881388 0.04351842 0.3159635 0.2459521 -0.2151972 0.0930018 0.2732092 0.07670248 -0.0618848 0.6991828 0.1327175 -0.1477086 1.099352 0.1881589 -0.2122469 1.440093 0.2082657 0.1222088 0.7239018 0.1324676 0.1834794 1.101128 -0.02357733 0.2179783 1.44382 -0.07476008  SA_HookPunch_SoClose
0.1198281 0.0469569 0.02856767 0.03866025 0.1244308 0.07249629 -0.1286806 0.3157171 -0.05173934 0.07081945 0.1153513 -0.1748687 0.1752387 0.1456343 0.06666505 0.3988733 0.3876475 0.04238451 0.3074255 0.2436575 -0.2145368 0.08602567 0.2733656 0.08325088 -0.06635182 0.7000672 0.1406258 -0.1479804 1.101 0.196875 -0.2096563 1.442572 0.2109741 0.1177243 0.7243342 0.1352748 0.176159 1.101712 -0.02149022 0.2122305 1.44387 -0.07510626  SA_HookPunch_SoClose
0.1078875 0.04636574 0.03911054 0.02779724 0.1246375 0.08505285 -0.1440093 0.3146604 -0.03472435 0.05406423 0.1154495 -0.1619622 0.1642143 0.1449493 0.07432497 0.3887278 0.3869669 0.04271924 0.295917 0.2389024 -0.211382 0.07637985 0.2733625 0.09288728 -0.07237081 0.7011795 0.1514047 -0.149887 1.103409 0.2041086 -0.2089099 1.445632 0.212664 0.1115452 0.7246109 0.1401166 0.1649866 1.102558 -0.01705611 0.2026046 1.443805 -0.0752207  SA_HookPunch_SoClose
0.1010952 0.04595196 0.04529083 0.02160908 0.1247016 0.09217775 -0.1524428 0.3142921 -0.0252558 0.04472132 0.1156418 -0.1547619 0.1579099 0.1444125 0.07910812 0.3822334 0.386675 0.0438484 0.2895932 0.2356914 -0.2085921 0.07090659 0.2732612 0.09854591 -0.07570748 0.7017626 0.1573471 -0.1516582 1.104771 0.2062405 -0.2096445 1.447212 0.2129797 0.1080846 0.7246224 0.1432256 0.1583985 1.103044 -0.01383841 0.1964694 1.443719 -0.07498801  SA_HookPunch_SoClose
0.09419943 0.04543197 0.05162656 0.01525171 0.1247177 0.09914434 -0.1604173 0.3144684 -0.01631558 0.03595789 0.1162425 -0.147658 0.1514736 0.1437128 0.08431089 0.3745126 0.3867687 0.04634368 0.2836562 0.2323284 -0.2046496 0.06533833 0.2730606 0.1042913 -0.07899623 0.702333 0.1628555 -0.1539754 1.106132 0.2064375 -0.211067 1.448724 0.2131652 0.1047096 0.7244945 0.1466521 0.1520157 1.103534 -0.009856343 0.1901984 1.443636 -0.07404387  SA_HookPunch_SoClose
0.0838774 0.04453969 0.06126773 0.005682366 0.124686 0.1093439 -0.1714297 0.3156182 -0.003542542 0.02396818 0.1179049 -0.137097 0.1417943 0.1426177 0.09233654 0.3620668 0.3873457 0.05143011 0.2750834 0.2284043 -0.1981217 0.05687859 0.2726996 0.1127676 -0.08419155 0.7031216 0.1702842 -0.1575887 1.107944 0.2064298 -0.2129116 1.4508 0.2143639 0.09940989 0.7242327 0.1516732 0.1444915 1.10394 -0.003869176 0.1833074 1.443037 -0.0728246  SA_HookPunch_SoClose
0.07500137 0.04366183 0.070104 -0.002589149 0.1246122 0.1181997 -0.1797352 0.3177905 0.007151008 0.01495524 0.1203752 -0.1278688 0.1334627 0.1416638 0.09985912 0.3506131 0.3883197 0.05778587 0.2680642 0.2267909 -0.1916105 0.04946717 0.272351 0.1202301 -0.08908795 0.7037433 0.1758693 -0.1610576 1.109313 0.2060074 -0.2145496 1.452413 0.2157553 0.09448631 0.7239879 0.1560653 0.1400669 1.103932 0.001248717 0.1799752 1.441959 -0.07218897  SA_HookPunch_SoClose
0.07063879 0.04319417 0.07484424 -0.006659193 0.1245646 0.122754 -0.1832788 0.3194166 0.01249969 0.01106222 0.1220874 -0.1231481 0.1293834 0.1412081 0.1039747 0.3447978 0.3889786 0.06191099 0.2647279 0.2269248 -0.1879526 0.04577412 0.2721778 0.1241182 -0.09171663 0.704033 0.1783484 -0.163017 1.109926 0.2055916 -0.2155857 1.453141 0.2162503 0.09187855 0.7238856 0.1583432 0.1385845 1.103786 0.003754497 0.1792314 1.441186 -0.07211983  SA_HookPunch_SoClose
0.06701286 0.04280543 0.07895076 -0.0100358 0.1245383 0.1266035 -0.1858824 0.3210649 0.01696336 0.00811507 0.1237726 -0.119229 0.1260207 0.1408337 0.1076201 0.3400255 0.3895724 0.06593978 0.2619447 0.2276193 -0.1846176 0.04271384 0.2720426 0.1274585 -0.09395723 0.7042845 0.1802434 -0.1647746 1.110415 0.2051023 -0.2165959 1.453712 0.2167238 0.08968247 0.7238128 0.1603278 0.1376066 1.103587 0.005800605 0.1789356 1.440424 -0.07217419  SA_HookPunch_SoClose
0.06221588 0.04229844 0.08471191 -0.01448993 0.1245364 0.1318134 -0.1886171 0.3238517 0.02289283 0.004827337 0.1265382 -0.1140529 0.1216313 0.1403568 0.1128935 0.3338384 0.3904678 0.0724858 0.2582286 0.2297266 -0.1796051 0.03868629 0.2718897 0.1320919 -0.09702949 0.7046476 0.1824044 -0.1673475 1.111042 0.2041639 -0.2182252 1.454419 0.2174858 0.086724 0.7237536 0.1631383 0.1368373 1.103174 0.008438945 0.1792532 1.439185 -0.07246602  SA_HookPunch_SoClose
0.05806066 0.04190493 0.08984601 -0.01836239 0.1246151 0.136279 -0.1905368 0.3265907 0.02784097 0.002619224 0.1294353 -0.1097385 0.1178675 0.1399632 0.1177567 0.3288727 0.3912312 0.07924926 0.2553341 0.2324798 -0.1747085 0.03524973 0.2718105 0.1361946 -0.09959553 0.7050585 0.1839722 -0.1698321 1.111599 0.2031072 -0.2201257 1.454984 0.2183098 0.08430757 0.7237324 0.165738 0.136368 1.102735 0.01065767 0.1797725 1.438021 -0.07269204  SA_HookPunch_SoClose
0.05308475 0.0415318 0.09613216 -0.02301983 0.1248448 0.141539 -0.1922832 0.3302571 0.0334872 0.0008115937 0.1335032 -0.1047512 0.1133987 0.1395569 0.1239098 0.3232701 0.3922621 0.0886749 0.2522598 0.2369947 -0.1681405 0.03119494 0.2718189 0.1411923 -0.1025319 0.7057017 0.1854857 -0.1730414 1.112329 0.2015351 -0.2228733 1.45565 0.2194613 0.08159967 0.7237791 0.1690449 0.1360093 1.10215 0.0132302 0.1806332 1.436572 -0.07290423  SA_HookPunch_SoClose
0.04683651 0.04135478 0.1038359 -0.02902894 0.1255201 0.1474127 -0.1932447 0.3352604 0.03860176 0.001038926 0.1392761 -0.09906304 0.1077652 0.1391979 0.1320003 0.3183154 0.3927358 0.1033152 0.2504561 0.2443398 -0.1583682 0.02621038 0.2721125 0.1472281 -0.1055864 0.7069996 0.1864384 -0.1763201 1.113721 0.1986331 -0.2254158 1.456897 0.2208575 0.07892378 0.7239807 0.1734313 0.1357281 1.10126 0.01583421 0.1816117 1.434824 -0.07292283  SA_HookPunch_SoClose
0.04051341 0.04172468 0.1107639 -0.03514556 0.1267385 0.1521872 -0.1934829 0.3401358 0.04089105 0.003711777 0.1450377 -0.09386265 0.1020842 0.139219 0.1399616 0.3146887 0.3927821 0.1198028 0.2509775 0.25234 -0.1472574 0.02130194 0.2728693 0.1526598 -0.1080925 0.7088738 0.1865872 -0.1780506 1.115833 0.194651 -0.2257814 1.458866 0.2215546 0.07678361 0.7245139 0.1777681 0.1362445 1.100244 0.0174731 0.1834924 1.433066 -0.07332909  SA_HookPunch_SoClose
0.03748455 0.04212236 0.1134948 -0.03802703 0.1274961 0.1539348 -0.1936793 0.3422374 0.04092348 0.005378501 0.1476096 -0.09175503 0.09939589 0.1393808 0.1434015 0.3131131 0.3927646 0.1275405 0.2518896 0.2557281 -0.1418606 0.01902487 0.2733899 0.1548671 -0.1090873 0.7099286 0.1865262 -0.1783946 1.117034 0.1925491 -0.225393 1.459997 0.221558 0.0759299 0.7248861 0.1797107 0.1370152 1.099753 0.0180105 0.1850646 1.432233 -0.07361901  SA_HookPunch_SoClose
0.03420301 0.04267383 0.1163033 -0.04113243 0.1284242 0.1557125 -0.1938929 0.3445504 0.04081953 0.007145302 0.150368 -0.08950484 0.09647109 0.1396694 0.1469907 0.3112918 0.3928229 0.1357001 0.2528627 0.2592418 -0.136047 0.01656367 0.2740601 0.1571568 -0.1101205 0.7111652 0.1864723 -0.1786758 1.118425 0.1902999 -0.2249312 1.461294 0.2215217 0.07502069 0.7253841 0.1817712 0.1379451 1.099317 0.01861942 0.1869047 1.431425 -0.07387173  SA_HookPunch_SoClose
0.02986522 0.04352522 0.1191715 -0.0451902 0.1297221 0.1573981 -0.1943399 0.3473229 0.0395807 0.009144025 0.1532933 -0.08712494 0.09260429 0.1401284 0.1509441 0.3088038 0.3927639 0.1451157 0.2543094 0.2620835 -0.1288506 0.01334985 0.2750117 0.1595806 -0.1113013 0.7128536 0.1864585 -0.1786774 1.120326 0.1874379 -0.2239722 1.463089 0.2211465 0.07396092 0.7260556 0.1841902 0.1397733 1.098838 0.01955307 0.1901921 1.43048 -0.07382452  SA_HookPunch_SoClose
0.02526529 0.04454112 0.1218623 -0.04946069 0.1311972 0.1589864 -0.1949131 0.3502752 0.03819215 0.01071955 0.1561127 -0.08478653 0.0884812 0.1407237 0.1546811 0.3060859 0.3926222 0.1539973 0.255542 0.2641824 -0.1217796 0.009957271 0.2761174 0.1618856 -0.1124409 0.7147258 0.1865596 -0.1784994 1.122411 0.1846708 -0.2228375 1.46506 0.2207211 0.07290967 0.7268382 0.1865152 0.1416895 1.098537 0.0206455 0.1936354 1.429711 -0.07355273  SA_HookPunch_SoClose
0.01876559 0.04555809 0.1249026 -0.05543945 0.1328422 0.1608094 -0.1960194 0.3538287 0.03602254 0.01165386 0.1587938 -0.08204806 0.08263631 0.1411389 0.1589388 0.3023009 0.3915612 0.1640071 0.2566698 0.264323 -0.1131798 0.005203502 0.2772347 0.1645516 -0.1138218 0.7169071 0.1869715 -0.1779185 1.124872 0.181373 -0.2209302 1.467404 0.2200445 0.0716113 0.7274413 0.189236 0.1443171 1.097955 0.02239215 0.1983704 1.42854 -0.07268441  SA_HookPunch_SoClose
0.01054152 0.0463022 0.1281837 -0.06299905 0.1343435 0.1632336 -0.1996384 0.3565465 0.03429019 0.009140747 0.1602336 -0.07963955 0.07517071 0.1411518 0.1630853 0.2979477 0.3888041 0.1720418 0.2565874 0.2600859 -0.1051317 -0.0008557867 0.2780834 0.1674551 -0.1154753 0.7190367 0.1881188 -0.1765719 1.12738 0.1782335 -0.2175812 1.4699 0.2191213 0.07003982 0.7276103 0.1916074 0.1464147 1.097593 0.02522457 0.2025783 1.427667 -0.07040322  SA_HookPunch_SoClose
