0.004019039 0.05495536 15.4919 -0.06559967 0.1468054 15.52503 -0.2133777 0.3443604 15.38597 -0.07400851 0.09053624 15.27987 0.07273592 0.1474348 15.52538 0.4074293 0.2515391 15.48538 0.2024551 0.03308117 15.41212 0.002893405 0.2876822 15.52682 -0.09198634 0.7336257 15.53885 -0.1849268 1.133545 15.49411 -0.2547728 1.472157 15.46039 0.09372045 0.7339742 15.54265 0.1779862 1.113296 15.4033 0.2455208 1.441488 15.30855  A_Punch_Far
0.00489326 0.05494404 15.49296 -0.06525443 0.1466794 15.52567 -0.2127144 0.3434657 15.38537 -0.0723245 0.08967614 15.28054 0.07307746 0.1477079 15.52636 0.4079833 0.2511902 15.48706 0.2030148 0.03342259 15.41176 0.00282933 0.2877575 15.52721 -0.09237854 0.7337459 15.53844 -0.1845847 1.133888 15.49418 -0.2538306 1.472669 15.46091 0.09331687 0.734031 15.54276 0.1776897 1.113612 15.40419 0.2451067 1.441704 15.30901  A_Punch_Far
0.00594254 0.05493796 15.49424 -0.06483857 0.1465317 15.52643 -0.2119067 0.3423896 15.38465 -0.0702958 0.08864939 15.28136 0.07348628 0.1480401 15.52754 0.408635 0.250772 15.4891 0.2036985 0.03385007 15.41131 0.002754407 0.2878484 15.52767 -0.09284584 0.7338882 15.53794 -0.1841765 1.134295 15.49426 -0.2527073 1.473275 15.46155 0.09283383 0.7340983 15.5429 0.1773286 1.113991 15.40525 0.2445957 1.441963 15.30956  A_Punch_Far
0.008979278 0.05746663 15.49435 -0.06317757 0.1482562 15.52631 -0.2101108 0.3421475 15.38255 -0.06717543 0.08850908 15.28084 0.0751173 0.1511784 15.52811 0.4104137 0.2535952 15.49271 0.2050738 0.03866422 15.41058 0.002962785 0.2902572 15.52769 -0.09411423 0.7362027 15.53952 -0.1841293 1.136606 15.49316 -0.252115 1.475886 15.46249 0.09153302 0.7364258 15.54557 0.1763719 1.115376 15.40556 0.2440266 1.442953 15.30879  A_Punch_Far
0.01139994 0.06037533 15.49356 -0.06181924 0.1504093 15.52559 -0.2094546 0.3426491 15.38108 -0.06507032 0.08966601 15.27979 0.07643808 0.1544952 15.52792 0.4115983 0.257531 15.49506 0.2056393 0.04418314 15.41039 0.003111916 0.2929602 15.52757 -0.09522776 0.7387711 15.54116 -0.1843992 1.1389 15.49096 -0.2524222 1.4784 15.46292 0.09038503 0.7390579 15.54819 0.1760124 1.11653 15.40471 0.2447201 1.443946 15.30814  A_Punch_Far
0.01589002 0.06733954 15.49087 -0.05928389 0.155815 15.52328 -0.2089304 0.3451058 15.37829 -0.06140492 0.09392297 15.27705 0.07886775 0.1620423 15.52683 0.4131205 0.268391 15.49879 0.2060176 0.05744159 15.41097 0.003375726 0.2993381 15.52723 -0.09753232 0.7447569 15.54438 -0.1855236 1.143797 15.48439 -0.254331 1.483658 15.46355 0.08798976 0.7453223 15.55348 0.1760292 1.11918 15.40221 0.2476626 1.446956 15.30905  A_Punch_Far
0.01941534 0.0745945 15.48865 -0.05729763 0.1617551 15.52143 -0.2088413 0.348841 15.37638 -0.05822114 0.09942019 15.27534 0.08073117 0.1695393 15.5264 0.4133342 0.2813507 15.50222 0.2060328 0.07100475 15.41342 0.00363739 0.3059367 15.5277 -0.09961383 0.7508723 15.54742 -0.1872595 1.148376 15.47754 -0.2572927 1.488397 15.46509 0.08580376 0.751924 15.55841 0.176727 1.120403 15.39606 0.2512771 1.448164 15.30516  A_Punch_Far
0.02238138 0.08225191 15.48708 -0.05568985 0.1682705 15.5198 -0.2079193 0.3542277 15.37416 -0.05455242 0.1059042 15.27455 0.08216877 0.1772035 15.52704 0.4122779 0.29619 15.50614 0.2061976 0.08495057 15.41663 0.003844397 0.3128929 15.52878 -0.101608 0.7573382 15.54978 -0.1894685 1.152966 15.47019 -0.2608722 1.49291 15.4665 0.08367153 0.7589785 15.56283 0.1775826 1.121821 15.38982 0.2544561 1.449868 15.30194  A_Punch_Far
0.02525391 0.09017766 15.48558 -0.05415223 0.1750636 15.51812 -0.2067975 0.3600688 15.37172 -0.05076371 0.1127282 15.27382 0.08348145 0.1850613 15.52783 0.4107226 0.3114965 15.51024 0.2061953 0.09897387 15.4202 0.003974991 0.3200568 15.52991 -0.103648 0.7640016 15.55194 -0.191584 1.157528 15.46262 -0.2638961 1.497259 15.46785 0.08146401 0.7662261 15.56711 0.1786098 1.123169 15.38392 0.2572471 1.451713 15.29953  A_Punch_Far
0.02758677 0.1018083 15.48425 -0.05332993 0.1855197 15.51567 -0.2037582 0.3714042 15.3672 -0.04538791 0.1243759 15.27232 0.0838194 0.1962602 15.53023 0.4064048 0.3329399 15.51774 0.2056602 0.1180406 15.42487 0.003327267 0.3306773 15.5318 -0.1058547 0.7742656 15.55426 -0.1942721 1.16469 15.45265 -0.2677976 1.50377 15.46975 0.07895924 0.7767876 15.57267 0.1807078 1.1254 15.37641 0.2612756 1.454719 15.297  A_Punch_Far
0.02886798 0.1103078 15.48324 -0.05301027 0.1932694 15.51376 -0.2013071 0.3802058 15.36388 -0.04166977 0.1332889 15.27084 0.08368607 0.2043532 15.53189 0.4027259 0.3479081 15.52334 0.2048468 0.1313816 15.42813 0.002635079 0.3384385 15.53301 -0.1072038 0.7818618 15.5561 -0.1960661 1.169784 15.44567 -0.2700895 1.508241 15.47099 0.07739879 0.7844025 15.57652 0.1822559 1.126829 15.37121 0.2636016 1.456815 15.29544  A_Punch_Far
0.02904542 0.1290244 15.48032 -0.05414937 0.2110175 15.50854 -0.1944902 0.4028275 15.35629 -0.03444956 0.1556189 15.26474 0.08126219 0.2217429 15.53473 0.3928928 0.3772683 15.53673 0.2015434 0.1589743 15.43262 -1.762616E-05 0.3556942 15.5346 -0.1083168 0.7993355 15.56157 -0.2001872 1.18072 15.43241 -0.2747753 1.517469 15.47378 0.07606764 0.8007228 15.58397 0.1849205 1.130111 15.36024 0.2662335 1.461919 15.29286  A_Punch_Far
0.02617742 0.1440033 15.47613 -0.05726312 0.2259244 15.50282 -0.1881286 0.4232823 15.3503 -0.02943031 0.1762487 15.25597 0.07703997 0.2352735 15.53464 0.3843481 0.3963562 15.54865 0.1967336 0.1809951 15.43236 -0.003456218 0.369696 15.53405 -0.1075279 0.8138836 15.56892 -0.2037327 1.188207 15.42331 -0.2770345 1.523901 15.4744 0.07718624 0.8132058 15.58846 0.1861977 1.133126 15.35145 0.267254 1.466649 15.2928  A_Punch_Far
0.0206426 0.1571524 15.47026 -0.06208621 0.2395654 15.49745 -0.1832986 0.4426502 15.34847 -0.02807443 0.1964209 15.24657 0.07197221 0.2469256 15.53079 0.3793122 0.4070091 15.55732 0.1915717 0.2011638 15.42508 -0.007137937 0.3821651 15.5319 -0.105149 0.8266284 15.57957 -0.2077218 1.192196 15.41705 -0.2776498 1.528301 15.47013 0.0802926 0.8238316 15.58982 0.1851446 1.137819 15.3432 0.2670501 1.472795 15.29493  A_Punch_Far
0.01633032 0.1655385 15.46527 -0.06537275 0.2482855 15.49482 -0.1818731 0.4548993 15.35127 -0.02995293 0.2100216 15.24144 0.06935735 0.2543867 15.5256 0.3792016 0.4103574 15.5584 0.1891206 0.2145826 15.41471 -0.008815272 0.3901079 15.52986 -0.1020832 0.8343185 15.58867 -0.2115429 1.193227 15.41611 -0.2783373 1.530324 15.46688 0.08362545 0.8306187 15.58827 0.1823958 1.142517 15.33654 0.2658451 1.478218 15.29668  A_Punch_Far
0.008760827 0.1788336 15.45484 -0.0692883 0.2616342 15.49407 -0.1841615 0.4733016 15.36834 -0.03994773 0.233552 15.23861 0.06799217 0.2664152 15.51045 0.388368 0.4051591 15.54386 0.1893174 0.2370982 15.37882 -0.008302553 0.4024097 15.52575 -0.09120135 0.845001 15.60824 -0.2211143 1.190017 15.42207 -0.2836906 1.529741 15.45875 0.09226699 0.8416428 15.57944 0.172552 1.155156 15.32318 0.2624952 1.490856 15.30165  A_Punch_Far
0.005654233 0.1831268 15.45029 -0.06939797 0.2656002 15.49611 -0.1879687 0.4786378 15.38184 -0.04771058 0.2426769 15.24128 0.06874557 0.2703315 15.5017 0.3961239 0.3958966 15.52726 0.192448 0.2452159 15.35144 -0.006111426 0.4061288 15.52417 -0.08383887 0.8475633 15.61704 -0.2257781 1.186254 15.42806 -0.288449 1.526866 15.45507 0.09670444 0.8454136 15.57344 0.1663005 1.161939 15.31777 0.2606643 1.496867 15.30487  A_Punch_Far
-0.001268728 0.1867434 15.44516 -0.06741415 0.2685767 15.50443 -0.2008235 0.4819849 15.41471 -0.0690202 0.2552991 15.25239 0.06957145 0.2734131 15.48575 0.4100412 0.3643773 15.47919 0.2034329 0.2557958 15.27763 -6.447541E-05 0.4088385 15.52264 -0.06956588 0.8478621 15.63001 -0.2323682 1.177519 15.44187 -0.2985793 1.518417 15.45074 0.1035124 0.8494644 15.56261 0.1545538 1.172716 15.311 0.2575876 1.505329 15.31088  A_Punch_Far
-0.007971926 0.1868579 15.44614 -0.064835 0.2687286 15.51429 -0.2134983 0.4805784 15.44489 -0.09067152 0.2625916 15.26461 0.06816281 0.273226 15.47649 0.4133042 0.3319513 15.43356 0.2180495 0.261713 15.20542 0.00475766 0.4088191 15.52279 -0.06169133 0.8459685 15.63624 -0.2356663 1.171758 15.4514 -0.3056333 1.512017 15.4498 0.1062162 0.8513117 15.557 0.1479077 1.17803 15.30816 0.2566029 1.50879 15.31378  A_Punch_Far
-0.01183109 0.1861076 15.44973 -0.06260614 0.2683451 15.52197 -0.2213439 0.4783618 15.46534 -0.1061389 0.2661505 15.2735 0.06679459 0.2724553 15.47323 0.4106543 0.3090641 15.40424 0.2330169 0.2621044 15.15657 0.00753613 0.4084079 15.52377 -0.05989979 0.8444806 15.63818 -0.2373522 1.169229 15.45482 -0.3091944 1.509044 15.44861 0.1062888 0.8523701 15.5556 0.145505 1.179739 15.30721 0.2561022 1.509837 15.3144  A_Punch_Far
-0.0151848 0.1850189 15.45463 -0.05915479 0.2677259 15.53052 -0.2282018 0.475149 15.48904 -0.1231356 0.2698569 15.28429 0.06532617 0.2715151 15.4703 0.4028314 0.2858552 15.37153 0.2529957 0.2577071 15.10346 0.01062902 0.4078612 15.52477 -0.0590059 0.842764 15.63952 -0.2393445 1.166738 15.4576 -0.3131464 1.506027 15.44711 0.1057554 0.8534545 15.55442 0.1434426 1.181041 15.30609 0.2555912 1.510587 15.31447  A_Punch_Far
-0.0170878 0.1830355 15.46138 -0.05383597 0.2663821 15.54011 -0.2331526 0.4703091 15.51584 -0.1427488 0.2720963 15.29755 0.06423689 0.2701083 15.46812 0.3883851 0.2650059 15.33386 0.2834343 0.2488483 15.04433 0.01403202 0.406849 15.52584 -0.0607358 0.8404791 15.6393 -0.2419934 1.164604 15.45857 -0.3172723 1.503471 15.44529 0.1037839 0.854296 15.55419 0.142686 1.181039 15.30494 0.2550761 1.510495 15.31361  A_Punch_Far
-0.01712285 0.1793374 15.47004 -0.04425071 0.2636783 15.55149 -0.2341767 0.4626356 15.55242 -0.168098 0.2735314 15.31794 0.06307544 0.2675556 15.46429 0.3607657 0.2437805 15.28355 0.3254665 0.2264353 14.97768 0.01877625 0.4047486 15.52565 -0.0638005 0.8366287 15.63726 -0.2467521 1.161524 15.45965 -0.3243886 1.499767 15.44421 0.10044 0.8544816 15.55237 0.1418146 1.180691 15.30281 0.2536906 1.510306 15.31204  A_Punch_Far
-0.01550911 0.1763512 15.47484 -0.03670595 0.2614194 15.55739 -0.2313391 0.4571297 15.57499 -0.1829773 0.2731992 15.33222 0.06257291 0.2654816 15.46114 0.3389834 0.2342337 15.25217 0.3504638 0.2090079 14.94503 0.02186223 0.4029202 15.5244 -0.06618898 0.8336271 15.63493 -0.250485 1.1594 15.46034 -0.329835 1.497234 15.44466 0.09792031 0.8539433 15.55033 0.1413903 1.180284 15.3013 0.252433 1.510164 15.31111  A_Punch_Far
-0.01527981 0.1716343 15.47816 -0.03250865 0.2577927 15.56114 -0.2285979 0.4530877 15.58977 -0.1925493 0.2715057 15.34312 0.06027849 0.2612665 15.45859 0.3223741 0.2325404 15.23246 0.3635457 0.2003775 14.92853 0.02240409 0.3992877 15.52235 -0.0670049 0.8300634 15.63133 -0.2534852 1.157025 15.46134 -0.3346796 1.494412 15.44549 0.09625198 0.850857 15.54521 0.1413359 1.179893 15.30004 0.2523987 1.509724 15.3112  A_Punch_Far
-0.01539974 0.1669557 15.48077 -0.02959899 0.2542292 15.56383 -0.2267724 0.4490575 15.60149 -0.1992711 0.270246 15.35173 0.05782666 0.2568055 15.45665 0.3094845 0.2323428 15.21918 0.3716789 0.195908 14.91933 0.02225949 0.3954937 15.52029 -0.06753056 0.8266028 15.62763 -0.2560171 1.154794 15.46229 -0.3390203 1.49174 15.44642 0.09484042 0.8473971 15.53986 0.1412219 1.179545 15.29917 0.2523851 1.509291 15.31175  A_Punch_Far
-0.02223496 0.1579921 15.48441 -0.03635667 0.2477124 15.56598 -0.2313006 0.448042 15.60232 -0.2017489 0.268494 15.35333 0.05077888 0.24648 15.45854 0.3162741 0.2369738 15.23718 0.3628961 0.1987673 14.93474 0.01665308 0.3872194 15.51835 -0.06705002 0.8210012 15.6198 -0.2561282 1.152663 15.46224 -0.3409298 1.489161 15.44639 0.09413888 0.8385433 15.52918 0.1419824 1.178429 15.29985 0.2540657 1.50777 15.31468  A_Punch_Far
-0.02980827 0.1508496 15.48748 -0.04663263 0.2426361 15.56637 -0.2387105 0.4488354 15.59293 -0.2000011 0.2657194 15.34782 0.0457796 0.2375213 15.46356 0.3319592 0.2409698 15.26961 0.3440483 0.2009641 14.96406 0.01106788 0.3801395 15.51837 -0.06719463 0.8162054 15.61347 -0.2536666 1.152257 15.46224 -0.3392809 1.488589 15.44724 0.09422709 0.8306562 15.52273 0.1430763 1.176349 15.30246 0.2549579 1.505794 15.31646  A_Punch_Far
-0.04426138 0.1360241 15.49293 -0.07003956 0.2318743 15.56316 -0.2534738 0.4484161 15.55645 -0.1889543 0.2526356 15.32707 0.03851231 0.2189809 15.47838 0.3620016 0.2479454 15.35359 0.2943062 0.1969098 15.05708 0.000295477 0.3650788 15.52015 -0.06988858 0.8049685 15.60018 -0.2443153 1.153093 15.46249 -0.3298214 1.489589 15.45095 0.09489758 0.8136757 15.51491 0.1474639 1.169056 15.31158 0.2554493 1.500017 15.31877  A_Punch_Far
-0.05317072 0.1200286 15.49634 -0.09002809 0.2188193 15.55441 -0.2595694 0.43897 15.50177 -0.1666235 0.2253257 15.29972 0.03456684 0.200935 15.49702 0.3781777 0.2486447 15.43636 0.2497203 0.1861778 15.16304 -0.008757873 0.3491476 15.52358 -0.07648031 0.7915474 15.58788 -0.2313363 1.153396 15.46274 -0.3147597 1.490488 15.45361 0.0950488 0.79595 15.51674 0.1564311 1.156851 15.32599 0.2568727 1.490177 15.3187  A_Punch_Far
-0.05330912 0.1038187 15.49391 -0.09965985 0.2032059 15.54222 -0.2548594 0.4206408 15.45175 -0.1413891 0.191408 15.27945 0.03329249 0.185455 15.50837 0.3811508 0.2485409 15.49141 0.2238953 0.1602381 15.24125 -0.01501064 0.3337146 15.52371 -0.08280931 0.7776836 15.57921 -0.2184989 1.151168 15.46664 -0.2997756 1.488734 15.45582 0.09463133 0.7788456 15.5243 0.1664028 1.143779 15.34521 0.2584388 1.478568 15.31887  A_Punch_Far
-0.04386066 0.08970666 15.4874 -0.09818898 0.1875601 15.52982 -0.2458186 0.4010348 15.41582 -0.11945 0.160717 15.26958 0.03834005 0.1732874 15.51269 0.3835331 0.2513998 15.50999 0.2044776 0.119086 15.2966 -0.01534788 0.3202389 15.52119 -0.08751135 0.7650011 15.57205 -0.2060675 1.148161 15.47352 -0.2849918 1.486149 15.45908 0.09434105 0.7644512 15.53422 0.1730949 1.132464 15.36461 0.2568871 1.467069 15.317  A_Punch_Far
-0.03648845 0.08382881 15.48392 -0.09421842 0.1804508 15.52406 -0.2389074 0.3927511 15.40134 -0.1089234 0.1476653 15.26664 0.04324748 0.168085 15.51471 0.3853453 0.257545 15.50811 0.1982709 0.09851897 15.32152 -0.01284419 0.3142664 15.52055 -0.08954827 0.7589791 15.56796 -0.1995399 1.146503 15.47684 -0.2768858 1.484758 15.46027 0.09425057 0.7585872 15.54113 0.1754597 1.127374 15.37439 0.2553103 1.461185 15.31572  A_Punch_Far
-0.02782248 0.07818151 15.48147 -0.08860485 0.1735104 15.51931 -0.2291066 0.3848965 15.38838 -0.09848957 0.1346935 15.2641 0.04932119 0.1629776 15.51765 0.3893768 0.2568337 15.50648 0.1939043 0.07719886 15.34955 -0.008939905 0.3083848 15.52108 -0.09114246 0.7528496 15.56335 -0.1922582 1.144763 15.48117 -0.2671488 1.483457 15.46241 0.09407283 0.7531244 15.54932 0.1773827 1.122432 15.38478 0.2533638 1.454792 15.31399  A_Punch_Far
-0.02306418 0.07492912 15.48103 -0.08520298 0.1695446 15.51795 -0.2236575 0.3803271 15.38368 -0.09447764 0.1273421 15.2636 0.05280795 0.1601428 15.51931 0.3918514 0.2557542 15.5036 0.1918679 0.06640244 15.36483 -0.00670944 0.3050573 15.52193 -0.09194194 0.7493672 15.56091 -0.1890075 1.143393 15.48412 -0.262412 1.482315 15.46368 0.093637 0.7501568 15.55307 0.17799 1.120064 15.39042 0.2523672 1.451366 15.31325  A_Punch_Far
-0.01708071 0.07040155 15.48169 -0.08060627 0.1641048 15.51801 -0.2178273 0.3734115 15.3811 -0.09155802 0.1174382 15.26431 0.05748107 0.1564494 15.52126 0.3950047 0.2548413 15.49694 0.1902458 0.05409563 15.38346 -0.003909869 0.3005842 15.52365 -0.0930277 0.7446878 15.55798 -0.1861216 1.141003 15.48839 -0.2575819 1.480141 15.46488 0.09270366 0.7463177 15.55632 0.1780083 1.117656 15.39747 0.2506724 1.447538 15.31293  A_Punch_Far
-0.01240812 0.06685543 15.48278 -0.07703297 0.1599727 15.51868 -0.21391 0.3677342 15.38073 -0.08845173 0.1106741 15.26546 0.06112321 0.1538943 15.52232 0.3976605 0.2546539 15.49352 0.1920573 0.04683375 15.39533 -0.001925392 0.2973084 15.52489 -0.09368442 0.7413574 15.55526 -0.1850405 1.139 15.49116 -0.2553304 1.478166 15.46471 0.09204133 0.7435404 15.55691 0.1779913 1.116239 15.40163 0.249712 1.445128 15.31255  A_Punch_Far
-0.008133931 0.0640049 15.48374 -0.07381599 0.1566827 15.5192 -0.2116071 0.3626833 15.38073 -0.08488898 0.1056024 15.2669 0.06440122 0.1520982 15.5227 0.4002052 0.2547674 15.49127 0.1950126 0.04235458 15.40249 -0.0001908373 0.2948233 15.5253 -0.09368198 0.7389932 15.55239 -0.1845637 1.137491 15.49311 -0.2542948 1.476631 15.46489 0.09202011 0.7413344 15.55567 0.1777835 1.115687 15.40432 0.24844 1.444242 15.31318  A_Punch_Far
-0.002278132 0.06039274 15.48598 -0.06954251 0.152568 15.52067 -0.2101424 0.3555385 15.38184 -0.07944064 0.09940147 15.27041 0.06874718 0.1501756 15.5234 0.4037355 0.2550099 15.48918 0.1997961 0.03784478 15.40948 0.001926498 0.2918738 15.52585 -0.09311716 0.7364906 15.54794 -0.1842955 1.135829 15.49512 -0.253744 1.474861 15.46498 0.09256805 0.7385429 15.55222 0.1775834 1.114546 15.40458 0.246694 1.442531 15.31025  A_Punch_Far
0.001160042 0.05785847 15.48857 -0.06727092 0.1498277 15.5225 -0.2111774 0.3501428 15.38357 -0.07615159 0.0952394 15.27448 0.0710531 0.1489875 15.52424 0.4056878 0.2544739 15.48783 0.2023312 0.0353322 15.41215 0.002676981 0.2899481 15.52629 -0.09243576 0.7352136 15.54368 -0.1842564 1.134893 15.49469 -0.2537768 1.473774 15.46306 0.09325708 0.7364743 15.54794 0.1779615 1.114021 15.40411 0.2463232 1.442038 15.30935  A_Punch_Far
0.003026919 0.05630875 15.49065 -0.06618236 0.148208 15.52401 -0.212307 0.3467336 15.38479 -0.07441013 0.09256411 15.2776 0.07215144 0.1482964 15.52501 0.4068342 0.2529567 15.48658 0.202529 0.03399503 15.41297 0.002848463 0.2888094 15.52661 -0.09211044 0.7345175 15.54052 -0.1845682 1.134359 15.49412 -0.2543375 1.473134 15.46191 0.09358783 0.7351926 15.54467 0.17817 1.113855 15.40374 0.2462288 1.442105 15.30956  A_Punch_Far
