-0.07329683 -0.0009545088 7.510513 -0.1418724 0.09444523 7.534543 -0.2762141 0.3973426 7.493229 -0.3145857 0.6999348 7.447699 -0.003544493 0.09405065 7.532965 0.1953431 0.3495792 7.511361 0.2699823 0.6422697 7.449186 -0.07249384 0.2341757 7.520303 -0.1644435 0.6795552 7.485736 -0.1743502 1.092244 7.498563 -0.1732982 1.439254 7.514583 0.02129699 0.6788883 7.48698 0.04287763 1.090988 7.476395 0.06451268 1.438485 7.481407  A_Throw_Close
-0.07785808 -0.0009944439 7.510505 -0.1449714 0.09505677 7.536039 -0.2785538 0.3987597 7.496706 -0.316368 0.70113 7.449272 -0.006722791 0.09334135 7.531389 0.1922576 0.347239 7.504696 0.2665273 0.6401461 7.443102 -0.07459353 0.2341244 7.520294 -0.1647701 0.6797658 7.48822 -0.1745353 1.092517 7.498992 -0.1731992 1.439572 7.513981 0.02096541 0.678708 7.486566 0.04333641 1.090808 7.47781 0.06462581 1.438324 7.483065  A_Throw_Close
-0.08357476 -0.0009465218 7.510631 -0.1487855 0.09590411 7.538031 -0.2814656 0.4005609 7.501186 -0.3188124 0.7026172 7.45144 -0.01075367 0.09252882 7.529482 0.1882194 0.3442287 7.496348 0.2623962 0.6373233 7.435539 -0.07721017 0.2341247 7.520345 -0.1651153 0.6800614 7.491395 -0.1748785 1.092871 7.499633 -0.1732929 1.43998 7.513288 0.02054449 0.6785316 7.48595 0.04400589 1.090613 7.479439 0.06496145 1.438141 7.485172  A_Throw_Close
-0.08797638 -0.0008276701 7.51088 -0.151654 0.09662831 7.539718 -0.2837428 0.4019413 7.504792 -0.3209606 0.7037352 7.453384 -0.01388423 0.09196198 7.5281 0.1850744 0.3417029 7.489856 0.2596546 0.634828 7.429691 -0.07919417 0.2341803 7.520488 -0.1653247 0.6803118 7.493977 -0.1752824 1.09315 7.500312 -0.1736347 1.440301 7.512847 0.02021142 0.6784438 7.485353 0.04461487 1.090493 7.480475 0.06555434 1.438013 7.486746  A_Throw_Close
-0.09229271 -0.0006569624 7.511162 -0.1544099 0.09738147 7.541415 -0.2859256 0.4033145 7.508441 -0.3231339 0.7048373 7.455459 -0.01698242 0.09144115 7.52673 0.1818317 0.3391861 7.483427 0.2568843 0.6322929 7.423761 -0.08111857 0.2342654 7.520633 -0.1654584 0.6805711 7.496554 -0.1757398 1.093425 7.501072 -0.1741136 1.440615 7.51251 0.0198967 0.6783813 7.484712 0.04530801 1.090385 7.481429 0.06634273 1.437887 7.488348  A_Throw_Close
-0.09751241 -0.0003662109 7.511507 -0.1576199 0.09836614 7.54355 -0.2884888 0.4049819 7.513153 -0.325875 0.7061745 7.458446 -0.02074157 0.09084928 7.524974 0.1777931 0.3358943 7.475324 0.2533971 0.6288878 7.415798 -0.08335762 0.2344161 7.520828 -0.1654454 0.6809064 7.499888 -0.1764192 1.09376 7.502319 -0.1750179 1.440993 7.512377 0.01958539 0.6783505 7.483808 0.04641851 1.090275 7.4824 0.06804831 1.437717 7.490366  A_Throw_Close
-0.1033682 5.543232E-05 7.512002 -0.1610919 0.09954655 7.546074 -0.2912207 0.4068898 7.518784 -0.3289914 0.7076322 7.461908 -0.02501373 0.09024274 7.522978 0.1731379 0.3320796 7.466142 0.2495069 0.6248373 7.406434 -0.08581375 0.234635 7.521072 -0.165245 0.6813018 7.503704 -0.1771998 1.094136 7.503844 -0.1761781 1.441412 7.512338 0.01928385 0.678346 7.482682 0.04783292 1.090157 7.483309 0.07040085 1.437508 7.492579  A_Throw_Close
-0.1098627 0.00065732 7.512695 -0.1647203 0.1009688 7.549108 -0.293999 0.4090501 7.525705 -0.3324924 0.7091291 7.465886 -0.02980916 0.08963633 7.520685 0.1680514 0.3275106 7.45565 0.2453894 0.6198196 7.394999 -0.08840875 0.2349461 7.521406 -0.1646828 0.68177 7.508129 -0.1780337 1.094554 7.50577 -0.1776364 1.441871 7.512444 0.01907678 0.6783816 7.481249 0.0497085 1.090034 7.483967 0.07391198 1.437227 7.494864  A_Throw_Close
-0.1166526 0.001447558 7.513832 -0.1681864 0.102597 7.552826 -0.2967029 0.4115378 7.535436 -0.3367178 0.7106115 7.471708 -0.03490929 0.08908343 7.518303 0.1630439 0.3222549 7.444249 0.241379 0.613863 7.381538 -0.09096222 0.2353508 7.521946 -0.1636401 0.6823004 7.512962 -0.1785206 1.095007 7.507779 -0.1788148 1.442358 7.512324 0.01902642 0.6784374 7.479502 0.05195864 1.089896 7.484075 0.07862248 1.436848 7.496773  A_Throw_Close
-0.1221177 0.002191901 7.514998 -0.1707745 0.1039883 7.556067 -0.2985527 0.4136487 7.544333 -0.3403294 0.7117448 7.477243 -0.03912381 0.08870435 7.516422 0.1587926 0.3178518 7.434834 0.2378434 0.6088148 7.370058 -0.09295617 0.2357254 7.522446 -0.1625503 0.6827377 7.516911 -0.1788368 1.095356 7.509466 -0.179809 1.442725 7.512277 0.01901414 0.6785011 7.47795 0.05389233 1.089781 7.483905 0.08286329 1.43649 7.498095  A_Throw_Close
-0.1298078 0.003481507 7.517402 -0.1736817 0.1061847 7.561711 -0.3009128 0.4170865 7.563745 -0.3479573 0.7127863 7.48988 -0.04523329 0.08826911 7.513573 0.1529718 0.3109918 7.419753 0.2319341 0.6008485 7.350095 -0.09545211 0.2363652 7.523319 -0.1602816 0.6833841 7.522775 -0.1784741 1.095842 7.511738 -0.1803095 1.443219 7.511783 0.01918902 0.6786435 7.475137 0.05677028 1.089658 7.482756 0.0904844 1.435816 7.499676  A_Throw_Close
-0.1338273 0.004335523 7.518978 -0.1749447 0.1074992 7.564962 -0.3017947 0.4189957 7.575869 -0.3527028 0.7129505 7.497724 -0.04857526 0.08817947 7.512097 0.1507805 0.3059207 7.410672 0.2312583 0.5944539 7.337348 -0.09671251 0.236825 7.523788 -0.1588698 0.6838086 7.525793 -0.1781728 1.096163 7.512914 -0.1805208 1.443534 7.511533 0.01927062 0.6788133 7.473423 0.0582902 1.089678 7.481849 0.09503426 1.435439 7.500489  A_Throw_Close
-0.1380419 0.005396605 7.52097 -0.1757274 0.1090574 7.568909 -0.3022116 0.4210193 7.592673 -0.3591425 0.712169 7.508422 -0.05222027 0.08814764 7.510206 0.1477595 0.3003018 7.399288 0.2293683 0.5872841 7.321279 -0.09782045 0.237395 7.524179 -0.1568993 0.6842815 7.529123 -0.177636 1.0965 7.514263 -0.1806685 1.443856 7.511347 0.01946564 0.6790684 7.471073 0.05995633 1.089771 7.48042 0.1008762 1.434914 7.501633  A_Throw_Close
-0.1421451 0.006732702 7.52333 -0.1757006 0.1109061 7.573386 -0.3016026 0.4228064 7.614164 -0.3671439 0.7103367 7.523952 -0.05600099 0.0882647 7.507838 0.1442271 0.2934381 7.385036 0.2283923 0.577989 7.301064 -0.09859549 0.2381418 7.524329 -0.1542196 0.6848556 7.532475 -0.1769488 1.096893 7.51564 -0.1810109 1.444222 7.511193 0.0198638 0.6794797 7.467918 0.06174966 1.090018 7.478281 0.1079177 1.434258 7.503091  A_Throw_Close
-0.1456349 0.008338094 7.525908 -0.1744695 0.1129969 7.578081 -0.298821 0.4237882 7.640135 -0.3756172 0.7069928 7.54524 -0.05958579 0.08859301 7.504982 0.1401422 0.2854172 7.368039 0.2287136 0.5662668 7.276481 -0.09879957 0.2390832 7.524071 -0.1507659 0.6855432 7.535494 -0.1760695 1.097355 7.516901 -0.1815337 1.444645 7.511102 0.02053495 0.680088 7.463885 0.06358762 1.090478 7.475293 0.1159268 1.433449 7.504945  A_Throw_Close
-0.1469052 0.009644032 7.527525 -0.1721562 0.1146021 7.58111 -0.294241 0.4235229 7.660897 -0.3830846 0.7031063 7.565779 -0.06128107 0.08902693 7.502435 0.1376717 0.278976 7.354074 0.2324107 0.5554634 7.255669 -0.09800212 0.2399077 7.523314 -0.1474454 0.6861568 7.536902 -0.1750051 1.097778 7.517336 -0.1817585 1.445033 7.510848 0.02160658 0.6806856 7.460136 0.06511725 1.091016 7.471955 0.122376 1.432796 7.505942  A_Throw_Close
-0.1473612 0.01060939 7.52848 -0.1700885 0.1157402 7.582967 -0.2896212 0.4228756 7.67531 -0.3884277 0.699325 7.580862 -0.06218151 0.08941197 7.500504 0.1360029 0.2743555 7.34409 0.2353687 0.5472684 7.240411 -0.09715377 0.2405379 7.522578 -0.1448588 0.6866342 7.537656 -0.1741328 1.098111 7.517532 -0.1818812 1.445338 7.510672 0.02250357 0.6811665 7.457272 0.06629063 1.091461 7.469307 0.1270463 1.432282 7.506693  A_Throw_Close
-0.1467538 0.01171923 7.52894 -0.1668132 0.1169755 7.584349 -0.2826778 0.4215639 7.690475 -0.3970498 0.6928107 7.598542 -0.06221811 0.08997464 7.497931 0.1354651 0.2691275 7.332807 0.2413334 0.5370579 7.222763 -0.09539632 0.241316 7.521263 -0.1413745 0.6872619 7.537923 -0.1727398 1.098561 7.517338 -0.1817287 1.445753 7.510224 0.02401389 0.681807 7.453552 0.06791927 1.09209 7.465526 0.1327539 1.431655 7.50724  A_Throw_Close
-0.1458993 0.01271987 7.529117 -0.1636602 0.1180469 7.585271 -0.275755 0.4199929 7.703112 -0.4052176 0.6855708 7.614707 -0.06202231 0.0905385 7.495547 0.1351269 0.264528 7.32296 0.2465912 0.5277319 7.207185 -0.09366672 0.2420402 7.519946 -0.1381636 0.6878639 7.538014 -0.1714814 1.098992 7.517086 -0.1815667 1.446153 7.509906 0.02538438 0.6824229 7.450128 0.06936438 1.092701 7.462019 0.1376622 1.431057 7.507829  A_Throw_Close
-0.1430732 0.01425374 7.52813 -0.1576788 0.1195302 7.585387 -0.2640967 0.4165651 7.719544 -0.4223761 0.6688049 7.639356 -0.06034086 0.09162951 7.491132 0.1371136 0.2576176 7.308303 0.2580518 0.5126263 7.18401 -0.09000711 0.2432573 7.517176 -0.1325376 0.6889827 7.537598 -0.1693557 1.099783 7.516102 -0.1810541 1.446903 7.509386 0.02786704 0.6835369 7.444098 0.07174249 1.093839 7.45554 0.1453957 1.430047 7.508334  A_Throw_Close
-0.1399867 0.01559138 7.526569 -0.1520909 0.1206952 7.584771 -0.2547683 0.4126792 7.73188 -0.4398583 0.6487533 7.660338 -0.05831419 0.09274268 7.486986 0.1399806 0.2519852 7.296529 0.2685331 0.4999493 7.165791 -0.08648758 0.2443929 7.514516 -0.1274333 0.6901229 7.537034 -0.1677509 1.100551 7.514728 -0.1806296 1.447645 7.508904 0.03004785 0.6845966 7.438694 0.0737067 1.094938 7.449514 0.1517322 1.429085 7.508721  A_Throw_Close
-0.1365519 0.01699221 7.524578 -0.1462186 0.121852 7.583699 -0.2454386 0.4081975 7.74328 -0.4576005 0.6237502 7.683015 -0.05600588 0.09399843 7.482589 0.1433142 0.246377 7.285025 0.2791289 0.4870559 7.148159 -0.08274679 0.2456243 7.51164 -0.1220966 0.6914061 7.536285 -0.1662641 1.10139 7.513104 -0.1802124 1.44846 7.508491 0.03224297 0.6857553 7.433092 0.07561035 1.096147 7.443171 0.1577014 1.428031 7.509215  A_Throw_Close
-0.1323587 0.01848722 7.522196 -0.1397418 0.1230009 7.582253 -0.2380562 0.402375 7.754711 -0.4770935 0.5905873 7.704264 -0.05294887 0.09546375 7.478108 0.1483946 0.2411997 7.275126 0.2910228 0.475361 7.133952 -0.07837348 0.2469983 7.508772 -0.1163505 0.6929328 7.535294 -0.1654823 1.102246 7.510321 -0.1806109 1.449282 7.507056 0.03476216 0.6870452 7.427443 0.07766815 1.097517 7.43611 0.163562 1.42692 7.509348  A_Throw_Close
-0.1286223 0.01989949 7.520017 -0.1339499 0.1240939 7.580839 -0.2310346 0.3968406 7.764687 -0.4911627 0.5575253 7.724421 -0.05025778 0.09685361 7.474112 0.1527042 0.236477 7.266432 0.3010969 0.4646313 7.121416 -0.07446091 0.2482986 7.506173 -0.1111657 0.6943774 7.534283 -0.1649085 1.103019 7.507859 -0.1810917 1.450018 7.505905 0.03696652 0.688261 7.422385 0.07942303 1.098805 7.429754 0.1682043 1.42588 7.509678  A_Throw_Close
-0.1238378 0.02164745 7.51735 -0.1271193 0.125525 7.578856 -0.225867 0.3888528 7.776759 -0.5072075 0.5110246 7.744679 -0.04649727 0.09855902 7.469721 0.1592835 0.2318208 7.259062 0.3140995 0.4545695 7.112367 -0.06941943 0.2499177 7.503106 -0.1051813 0.6961586 7.532194 -0.1648247 1.103858 7.503943 -0.1820237 1.450814 7.504165 0.04014369 0.6897795 7.416688 0.08153053 1.100468 7.421731 0.1729862 1.424826 7.509344  A_Throw_Close
-0.1199659 0.02317238 7.515166 -0.1215185 0.1267889 7.577179 -0.2209084 0.3818054 7.786607 -0.5153083 0.4699746 7.760868 -0.04349784 0.1000382 7.466118 0.1643861 0.2277756 7.25297 0.3243684 0.4458096 7.104743 -0.06530665 0.251326 7.500553 -0.1002332 0.6977038 7.530398 -0.1648215 1.104556 7.500831 -0.1828234 1.451465 7.502925 0.04269423 0.6910878 7.411952 0.08315797 1.101888 7.41508 0.1762984 1.423905 7.5093  A_Throw_Close
-0.1125188 0.02569759 7.51115 -0.1119745 0.1291075 7.573543 -0.2159122 0.3669478 7.803208 -0.5224184 0.3935291 7.78188 -0.03721813 0.1024497 7.460238 0.1750432 0.2226396 7.246778 0.3428467 0.4357635 7.100065 -0.05771838 0.2537032 7.495614 -0.09295134 0.7000502 7.525621 -0.1652707 1.105541 7.495259 -0.1839174 1.452357 7.501937 0.04771765 0.6935928 7.404493 0.0851893 1.104688 7.403933 0.1794028 1.423063 7.508856  A_Throw_Close
-0.1077791 0.02723742 7.50867 -0.1060961 0.1305733 7.571164 -0.2121808 0.3569365 7.812859 -0.5196557 0.3460423 7.791691 -0.03315846 0.1039085 7.456681 0.1817718 0.2196152 7.24373 0.3541391 0.4301453 7.098572 -0.05298559 0.2551621 7.492439 -0.0888062 0.7014236 7.522347 -0.1656187 1.106082 7.491913 -0.1846383 1.452809 7.501511 0.0508485 0.6952024 7.400038 0.08600201 1.106494 7.397378 0.1800804 1.422663 7.508886  A_Throw_Close
-0.1011642 0.02888954 7.505334 -0.09873597 0.1322887 7.56765 -0.2082072 0.3427525 7.823718 -0.5112358 0.2899213 7.801579 -0.02718417 0.1054907 7.452327 0.1912957 0.2172253 7.242328 0.368367 0.4266952 7.101358 -0.04679755 0.2567899 7.488009 -0.0848823 0.7026867 7.517351 -0.1661967 1.106546 7.488021 -0.1859839 1.453104 7.501443 0.05494388 0.6973594 7.395196 0.08571132 1.108987 7.390763 0.1784764 1.422905 7.509499  A_Throw_Close
-0.09561305 0.03038323 7.502614 -0.09253387 0.1338468 7.564752 -0.2046894 0.3290863 7.833067 -0.4989332 0.2408147 7.805932 -0.02218585 0.1069058 7.448723 0.1991714 0.2150693 7.241289 0.3801775 0.4235234 7.103855 -0.04159955 0.2582518 7.484317 -0.08157967 0.7038324 7.513128 -0.1667084 1.10697 7.484706 -0.1870997 1.453353 7.501345 0.05837949 0.6992463 7.391095 0.08542807 1.111115 7.385096 0.1768445 1.423011 7.510045  A_Throw_Close
-0.08594076 0.03126669 7.497371 -0.08336799 0.1348524 7.559027 -0.2021795 0.3083876 7.841008 -0.4790809 0.1763551 7.809377 -0.01286106 0.1080279 7.443068 0.214104 0.2130818 7.243075 0.3959335 0.4250008 7.112183 -0.03346733 0.2593498 7.478088 -0.07902215 0.7042171 7.5054 -0.1660673 1.107165 7.480287 -0.1880563 1.453227 7.501067 0.06400014 0.7014556 7.386915 0.08328702 1.113744 7.379893 0.1707906 1.423872 7.511846  A_Throw_Close
-0.07428508 0.03068078 7.490865 -0.07322983 0.1343144 7.551991 -0.2021601 0.2833965 7.845078 -0.4515781 0.1069201 7.803193 -0.001315339 0.108042 7.436773 0.2328208 0.2105365 7.24747 0.4120973 0.4288425 7.12375 -0.02419017 0.2591935 7.471115 -0.07717137 0.7031857 7.496411 -0.1647821 1.106265 7.47578 -0.1888686 1.451902 7.500864 0.07018192 0.7026882 7.383326 0.08028193 1.115285 7.375245 0.1624845 1.424045 7.513659  A_Throw_Close
-0.06128512 0.02844775 7.483168 -0.0634319 0.1319133 7.543793 -0.2087183 0.2585708 7.840971 -0.4240501 0.04419386 7.788223 0.01203151 0.1070482 7.430549 0.2547013 0.2091271 7.255813 0.4251355 0.437616 7.13813 -0.01474862 0.2577233 7.464153 -0.07704638 0.7007284 7.486954 -0.1625626 1.104527 7.472528 -0.1892493 1.449681 7.501354 0.07598098 0.7028499 7.381694 0.07631095 1.115556 7.372915 0.1519396 1.424292 7.515079  A_Throw_Close
-0.04626219 0.0247823 7.474875 -0.05409918 0.1277496 7.534844 -0.2285713 0.2331667 7.824964 -0.3947176 -0.0171628 7.755407 0.02789219 0.1055566 7.425655 0.2802497 0.2108206 7.269076 0.4336959 0.452118 7.153603 -0.005080504 0.2552452 7.458144 -0.07823865 0.6973177 7.477392 -0.1594235 1.102199 7.46999 -0.1887075 1.446973 7.500766 0.08107342 0.7019528 7.381999 0.07256015 1.114542 7.37194 0.1402685 1.424841 7.514691  A_Throw_Close
-0.03422324 0.02158582 7.468667 -0.04703109 0.123986 7.527877 -0.2458135 0.2125607 7.807254 -0.3676799 -0.05948281 7.728208 0.04053821 0.1042869 7.422612 0.2998074 0.2131891 7.281145 0.43779 0.4632815 7.164874 0.002270477 0.252969 7.453894 -0.07940601 0.69423 7.469892 -0.1572563 1.099832 7.468704 -0.1887293 1.444299 7.500724 0.08447976 0.7007985 7.382715 0.06967111 1.113177 7.371409 0.1310522 1.425065 7.513558  A_Throw_Close
-0.0179017 0.01723719 7.46156 -0.03912197 0.1185743 7.519053 -0.2766011 0.1822495 7.7721 -0.3278199 -0.1089286 7.684353 0.05773898 0.1030296 7.421515 0.3248846 0.220852 7.298854 0.4412269 0.4798228 7.178426 0.01120301 0.2498969 7.450042 -0.08121626 0.6902736 7.461083 -0.1534917 1.096848 7.468028 -0.187614 1.441154 7.499059 0.08787669 0.6987636 7.384683 0.06775077 1.11086 7.371467 0.1214247 1.425377 7.510918  A_Throw_Close
-0.002559884 0.01333809 7.455796 -0.03184084 0.1133871 7.510921 -0.3014162 0.151562 7.732067 -0.2841262 -0.1451304 7.649713 0.07341589 0.1021392 7.421861 0.3464311 0.2293055 7.316697 0.44284 0.4935501 7.190267 0.01914628 0.2469711 7.446919 -0.08285026 0.6864001 7.452742 -0.1505538 1.093532 7.468048 -0.1872824 1.437681 7.497824 0.09038581 0.6965607 7.386503 0.06627233 1.108382 7.3715 0.1130679 1.42532 7.507913  A_Throw_Close
0.01222839 0.009883523 7.451296 -0.02552675 0.1084059 7.50314 -0.32222 0.1155016 7.686028 -0.2443549 -0.1762252 7.623259 0.08813669 0.1016939 7.424573 0.3639071 0.2414609 7.334971 0.4427817 0.5089887 7.203396 0.02644803 0.2442665 7.444992 -0.08397321 0.6828103 7.445472 -0.145948 1.09047 7.468875 -0.1846816 1.434687 7.495106 0.09263588 0.6942855 7.389089 0.0660456 1.105867 7.371851 0.106347 1.425332 7.504388  A_Throw_Close
0.05987908 0.00101757 7.4442 -0.00446598 0.09260547 7.477996 -0.3233791 -0.01948178 7.507516 -0.1557169 -0.2728891 7.560256 0.1295691 0.1022395 7.445148 0.3926673 0.2914796 7.40067 0.4213463 0.5575457 7.247402 0.04810925 0.2360705 7.443436 -0.08518831 0.6715702 7.423656 -0.1291362 1.079211 7.473375 -0.1637987 1.424716 7.483331 0.09859796 0.6861809 7.401058 0.06903113 1.09697 7.3731 0.08879746 1.425119 7.487885  A_Throw_Close
0.08144303 -0.002086282 7.445219 0.006864266 0.08535445 7.467229 -0.2844111 -0.07227314 7.422054 -0.1501393 -0.3421992 7.487005 0.143916 0.1027501 7.460053 0.3861009 0.3157791 7.431572 0.3924467 0.5734788 7.262294 0.05688502 0.2322625 7.445858 -0.08447479 0.6665313 7.416143 -0.1227056 1.073841 7.472818 -0.1474237 1.420293 7.478641 0.1005355 0.6818672 7.410015 0.07303835 1.092264 7.375062 0.08397539 1.4249 7.47744  A_Throw_Close
0.1071597 -0.005454779 7.450028 0.02332302 0.07651138 7.457884 -0.2253699 -0.1037123 7.328545 -0.1642427 -0.4017289 7.277977 0.1574768 0.1023965 7.479563 0.3647214 0.3383362 7.46259 0.3450315 0.5752162 7.26611 0.06651254 0.226985 7.452129 -0.08345132 0.6598222 7.412361 -0.1190211 1.067918 7.46497 -0.1356037 1.414765 7.474771 0.1011998 0.6757128 7.424731 0.07938625 1.085746 7.382303 0.08200093 1.423896 7.465346  A_Throw_Close
0.1305921 -0.008037806 7.454962 0.04081078 0.06868815 7.453257 -0.1812857 -0.1022384 7.258266 -0.1905987 -0.3331088 7.054012 0.1690688 0.101259 7.493585 0.3481589 0.350191 7.481848 0.313158 0.5579067 7.256607 0.07499595 0.2214847 7.458293 -0.08368234 0.6522958 7.412159 -0.1201577 1.061829 7.451232 -0.1396662 1.408216 7.468811 0.09936906 0.6693271 7.438686 0.08236237 1.079347 7.393985 0.08079447 1.421786 7.457076  A_Throw_Close
0.144081 -0.008544564 7.45677 0.05136659 0.0649035 7.450951 -0.1589359 -0.09346521 7.226555 -0.1880729 -0.2693014 6.97488 0.1758515 0.1012117 7.499143 0.342951 0.3561505 7.491168 0.3071115 0.5452319 7.250195 0.0795743 0.21869 7.460686 -0.08502404 0.6477426 7.411611 -0.1228239 1.057922 7.441584 -0.1452973 1.40382 7.464467 0.09653981 0.665988 7.446298 0.08035471 1.076124 7.402365 0.07735641 1.420686 7.452525  A_Throw_Close
0.1697133 -0.008287191 7.454127 0.07233877 0.05798662 7.436344 -0.05331508 0.03866196 7.119614 0.01277848 0.07785225 6.820945 0.1841736 0.1004572 7.505816 0.331101 0.3666871 7.520294 0.3347722 0.5295367 7.258433 0.08522983 0.2124848 7.458813 -0.09004544 0.6380313 7.404269 -0.130947 1.04879 7.417653 -0.1607173 1.392852 7.455187 0.08431722 0.6578606 7.465146 0.06740566 1.068304 7.42448 0.05835797 1.416246 7.434608  A_Throw_Close
0.1755773 -0.006872654 7.445817 0.07817443 0.05830026 7.423178 -0.000539584 0.1458235 7.112291 0.140654 0.2912644 6.879871 0.1840897 0.1002324 7.501669 0.3286675 0.3679819 7.534849 0.361081 0.5454546 7.284735 0.08617033 0.2120543 7.452101 -0.0910068 0.6369944 7.398703 -0.1352439 1.047427 7.411454 -0.1698786 1.390198 7.455977 0.07903518 0.6568371 7.470769 0.06229617 1.067166 7.428891 0.05068167 1.415177 7.429723  A_Throw_Close
0.1789611 -0.003818274 7.438319 0.08202006 0.06141615 7.413353 0.02195181 0.1955304 7.11987 0.1882415 0.3752354 6.932357 0.1845631 0.1019245 7.496907 0.3292411 0.3690274 7.54475 0.377598 0.5660295 7.312466 0.0876642 0.2143675 7.446742 -0.09079652 0.6388503 7.395864 -0.1370558 1.048953 7.411696 -0.1741807 1.390757 7.461353 0.0769185 0.6590093 7.473109 0.06123419 1.068965 7.427354 0.04934438 1.416945 7.43141  A_Throw_Close
0.1816046 -0.0002844334 7.433132 0.08508749 0.06509268 7.406641 0.03803499 0.2194375 7.123748 0.2165941 0.4135243 6.96389 0.1851847 0.1044204 7.493654 0.3297211 0.37062 7.55225 0.3879329 0.5835044 7.336853 0.08899643 0.2173619 7.443242 -0.09046637 0.6414863 7.394456 -0.13858 1.051285 7.412476 -0.1777135 1.392364 7.465463 0.07582749 0.6618491 7.474664 0.06113197 1.071388 7.42501 0.04873808 1.419278 7.433169  A_Throw_Close
0.1840077 0.003580809 7.42827 0.08800061 0.0692848 7.400702 0.05118819 0.2386469 7.127646 0.2335537 0.4449272 6.988727 0.1860168 0.1072689 7.490632 0.3306219 0.3720564 7.559308 0.3958219 0.6028077 7.365382 0.09047796 0.2208189 7.440351 -0.08977376 0.6447185 7.394238 -0.1401183 1.054148 7.414433 -0.1812791 1.394582 7.469969 0.07585593 0.6651897 7.475781 0.06229063 1.074085 7.42079 0.04856541 1.421685 7.436069  A_Throw_Close
0.1885002 0.01163256 7.419571 0.0935405 0.07791865 7.390092 0.07313772 0.2708728 7.136825 0.2555165 0.4975458 7.034527 0.1874628 0.1134021 7.485259 0.3302508 0.3754636 7.571007 0.404754 0.6354862 7.422879 0.09300603 0.2279431 7.435183 -0.08822189 0.6518574 7.39472 -0.1410977 1.060733 7.419202 -0.1844779 1.400226 7.478677 0.07685538 0.6716783 7.477534 0.06506439 1.07931 7.413497 0.04651811 1.425849 7.442041  A_Throw_Close
0.1906942 0.0158242 7.415503 0.09630157 0.08238137 7.385128 0.082523 0.2849283 7.141899 0.2612425 0.5210454 7.055786 0.1880934 0.1166358 7.482791 0.3290556 0.3774132 7.576003 0.4065349 0.6495011 7.453245 0.09411032 0.2315956 7.432783 -0.08732836 0.6557527 7.395503 -0.140576 1.064438 7.422256 -0.1842062 1.403627 7.483257 0.07786812 0.6748077 7.478259 0.06662185 1.081799 7.410178 0.0451916 1.427567 7.445295  A_Throw_Close
0.1926776 0.02012062 7.411611 0.09886195 0.08688807 7.3803 0.08908875 0.2983723 7.146859 0.2632492 0.5425642 7.075123 0.1884006 0.119982 7.480424 0.3260088 0.3799903 7.580834 0.4048594 0.661598 7.482936 0.09487529 0.2352819 7.430341 -0.08651774 0.6598988 7.396435 -0.1384751 1.068523 7.426453 -0.180838 1.407731 7.488236 0.07882126 0.6777276 7.47918 0.06801505 1.084242 7.408235 0.04415383 1.429368 7.447816  A_Throw_Close
0.195398 0.02573097 7.406246 0.102427 0.0927639 7.373596 0.09577341 0.3159726 7.154046 0.2622717 0.5701707 7.101422 0.1886298 0.1242234 7.477118 0.320068 0.3834567 7.587376 0.3991021 0.6748366 7.524481 0.09574588 0.2399482 7.426821 -0.08542566 0.6653379 7.397883 -0.1342023 1.073916 7.433376 -0.1734474 1.413407 7.49566 0.08013286 0.6810622 7.480616 0.06977071 1.087043 7.406616 0.04291864 1.431395 7.450758  A_Throw_Close
0.1961033 0.02878821 7.403429 0.1035646 0.09600711 7.37017 0.09403308 0.3252618 7.157133 0.255062 0.5842683 7.111385 0.188224 0.1266228 7.475206 0.3143773 0.3861954 7.592915 0.3907824 0.6816308 7.548366 0.09579255 0.2426403 7.42475 -0.08474068 0.668653 7.398354 -0.1298318 1.077134 7.4394 -0.1654818 1.417219 7.500595 0.0805542 0.6829358 7.481871 0.07016619 1.088718 7.406795 0.04177775 1.432825 7.451879  A_Throw_Close
0.1967259 0.03056252 7.401045 0.1045588 0.09794438 7.367277 0.09238286 0.3320628 7.159874 0.2485778 0.5949717 7.120004 0.1879012 0.1278343 7.473569 0.3093726 0.3875692 7.597526 0.383005 0.685632 7.568521 0.09585722 0.2441021 7.422981 -0.08415268 0.67062 7.398741 -0.1261284 1.078924 7.444573 -0.1584443 1.419498 7.504894 0.0809048 0.6836792 7.482925 0.07047178 1.089293 7.406951 0.04074146 1.433187 7.452786  A_Throw_Close
0.1944932 0.03121817 7.39933 0.1026988 0.099195 7.365731 0.08230539 0.3367658 7.160794 0.2312763 0.6038302 7.120898 0.1859883 0.1281447 7.472323 0.3024627 0.3881876 7.605192 0.3709048 0.6885799 7.591607 0.09476472 0.2451758 7.422011 -0.08309011 0.6726878 7.39932 -0.1220179 1.080679 7.450333 -0.1504064 1.422056 7.508037 0.08164419 0.6845006 7.484317 0.07034619 1.089906 7.40736 0.03931798 1.433751 7.452701  A_Throw_Close
0.1917775 0.03112662 7.398208 0.1002722 0.0997051 7.365008 0.07210781 0.3392967 7.161073 0.21457 0.6096368 7.1195 0.183981 0.1278656 7.471484 0.2967775 0.3879033 7.611273 0.3605685 0.6896163 7.609161 0.093502 0.2456392 7.421561 -0.08214228 0.6740761 7.399947 -0.1192966 1.081779 7.454471 -0.1447311 1.423732 7.510103 0.08244558 0.6849356 7.485354 0.07023109 1.090213 7.407866 0.03843166 1.434055 7.452693  A_Throw_Close
0.186047 0.02991927 7.397619 0.09486641 0.09954834 7.36563 0.05444272 0.3397105 7.160069 0.1871682 0.6139013 7.111998 0.1803409 0.1266747 7.470965 0.2903202 0.3863569 7.618079 0.3484302 0.6890899 7.627045 0.09096189 0.2456703 7.421967 -0.08076809 0.6755461 7.401172 -0.117856 1.082977 7.457733 -0.1416882 1.425439 7.510891 0.08403774 0.6854287 7.486278 0.07012577 1.090697 7.409028 0.03823252 1.434629 7.453088  A_Throw_Close
0.1811219 0.02859521 7.397583 0.09019496 0.09905696 7.366696 0.03992655 0.3390348 7.159264 0.1643942 0.6159071 7.104886 0.1773065 0.1254493 7.47087 0.2860262 0.3846507 7.622252 0.3403701 0.6878107 7.63791 0.08874412 0.2453704 7.422652 -0.07989196 0.6763093 7.402208 -0.1175008 1.083648 7.45909 -0.1410994 1.426333 7.510896 0.08536531 0.6856403 7.486496 0.0699916 1.091053 7.410285 0.03852059 1.435083 7.453878  A_Throw_Close
0.1757543 0.02701437 7.397806 0.08510585 0.09834826 7.36815 0.02439161 0.3377234 7.158709 0.139689 0.6171014 7.097373 0.1740485 0.1240096 7.470951 0.2820542 0.3825738 7.625898 0.3329793 0.6859719 7.64736 0.08631863 0.2448703 7.423563 -0.07909106 0.6768627 7.403293 -0.1175757 1.084172 7.459795 -0.1416005 1.426987 7.510537 0.08679302 0.685742 7.48639 0.06985034 1.09139 7.411782 0.03908183 1.435536 7.454967  A_Throw_Close
0.1709541 0.02554464 7.398122 0.08055098 0.09761894 7.369578 0.01043792 0.3364422 7.159075 0.1171981 0.6178682 7.091925 0.1711283 0.1226709 7.471094 0.2786627 0.380549 7.628928 0.3267611 0.6840647 7.654797 0.08408828 0.2443118 7.424437 -0.07857071 0.6771726 7.404273 -0.117682 1.084492 7.460272 -0.1420535 1.42741 7.51014 0.08797415 0.6857128 7.486073 0.0697213 1.091599 7.413089 0.03975 1.435843 7.456047  A_Throw_Close
0.1611733 0.02255189 7.399289 0.07121249 0.09595501 7.373065 -0.01796691 0.3337904 7.16275 0.07049371 0.6187193 7.084662 0.1651529 0.1200113 7.471725 0.2725027 0.3762857 7.634161 0.3159204 0.6799932 7.66548 0.07923205 0.2429891 7.42652 -0.07844834 0.6773396 7.406408 -0.1181468 1.084844 7.460618 -0.1430595 1.427927 7.509065 0.08989049 0.6854752 7.484494 0.06941874 1.091983 7.415679 0.0419292 1.436412 7.458817  A_Throw_Close
0.1518654 0.01977599 7.400864 0.06224074 0.0942589 7.376884 -0.04395829 0.3316798 7.170529 0.02768345 0.6188531 7.08389 0.1594284 0.1176157 7.472521 0.2673184 0.3721223 7.63855 0.307401 0.6759918 7.672625 0.07429881 0.2416219 7.428648 -0.07901429 0.6772382 7.40836 -0.1186139 1.084976 7.46086 -0.1436013 1.428195 7.508301 0.09107138 0.6849842 7.482605 0.06919302 1.092069 7.417745 0.04416682 1.436602 7.461546  A_Throw_Close
0.1402406 0.0164324 7.403247 0.05101873 0.09213758 7.382085 -0.07425211 0.3296032 7.184236 -0.02289454 0.6185001 7.089323 0.1522232 0.114763 7.473644 0.2616048 0.3668047 7.643178 0.2988749 0.6708137 7.679147 0.06789251 0.2398715 7.431388 -0.08025025 0.6769341 7.410632 -0.1193189 1.084984 7.46107 -0.1440706 1.428361 7.507477 0.09191664 0.6841236 7.479975 0.06902952 1.091883 7.419874 0.04707094 1.436489 7.464736  A_Throw_Close
0.1318004 0.014171 7.405365 0.04281237 0.0906564 7.386294 -0.09310387 0.3289527 7.196937 -0.05491571 0.6181613 7.096898 0.1469684 0.1128956 7.474579 0.2584575 0.3633283 7.645157 0.2944977 0.6674328 7.681571 0.06301583 0.2386529 7.433513 -0.08156197 0.6767008 7.412217 -0.1201042 1.084975 7.461219 -0.1445022 1.428487 7.506803 0.09193672 0.6833694 7.478211 0.06893297 1.091529 7.420941 0.04886516 1.436156 7.46652  A_Throw_Close
0.1230749 0.01191485 7.407668 0.03439249 0.08921123 7.39074 -0.1112309 0.3284693 7.210641 -0.08709459 0.6179039 7.106946 0.1414899 0.1110059 7.475549 0.2554679 0.3597248 7.646718 0.2905989 0.6638631 7.683733 0.05794169 0.2374195 7.43569 -0.08301429 0.6764361 7.413766 -0.1210174 1.08492 7.461423 -0.1450056 1.428573 7.506162 0.09177299 0.6825191 7.476328 0.06887753 1.091081 7.421952 0.050797 1.435729 7.468194  A_Throw_Close
0.1132697 0.009564281 7.41055 0.02493461 0.08771622 7.39603 -0.1282292 0.3283392 7.22562 -0.1199604 0.6175531 7.118876 0.1352646 0.1090704 7.476706 0.2531742 0.3565784 7.646288 0.2872575 0.6607158 7.684276 0.05205311 0.2361277 7.438213 -0.08505158 0.6761772 7.415607 -0.1224465 1.084838 7.462216 -0.1458036 1.428684 7.505786 0.09103109 0.6814857 7.474499 0.06876345 1.09047 7.423125 0.05287351 1.435174 7.469762  A_Throw_Close
0.1014761 0.006934881 7.41424 0.01367499 0.086128 7.402539 -0.1473784 0.3282293 7.243022 -0.1584193 0.6171971 7.135862 0.1276509 0.1068716 7.478147 0.2508294 0.3531984 7.644665 0.2839228 0.6572438 7.684233 0.04488148 0.2346854 7.441238 -0.08775549 0.675889 7.417756 -0.1242793 1.084723 7.463535 -0.1466518 1.428827 7.505549 0.08974339 0.6802221 7.472317 0.06855275 1.089705 7.424589 0.05546035 1.43448 7.471564  A_Throw_Close
0.09175874 0.004979014 7.417536 0.004469769 0.08501959 7.408059 -0.1623487 0.3278961 7.255713 -0.1891363 0.6163113 7.149852 0.1212354 0.1052343 7.479434 0.2494964 0.3512892 7.641594 0.2819344 0.6551552 7.683037 0.03882571 0.2336313 7.443766 -0.09036182 0.6757064 7.419601 -0.1259284 1.084631 7.465325 -0.1471268 1.429002 7.505737 0.08816989 0.6792026 7.470746 0.06819345 1.089093 7.426088 0.05759718 1.433944 7.473135  A_Throw_Close
0.07551654 0.002188206 7.423314 -0.01076613 0.08363831 7.417284 -0.1878667 0.3271737 7.275751 -0.2382548 0.6142064 7.17485 0.1101214 0.1028394 7.481741 0.2477784 0.3490556 7.634701 0.2809019 0.652458 7.678908 0.02837463 0.2321801 7.448009 -0.09545289 0.6755426 7.422823 -0.12866 1.084585 7.469259 -0.1471256 1.429468 7.506524 0.08457161 0.6776658 7.46852 0.06707646 1.08821 7.429138 0.06110622 1.433231 7.475748  A_Throw_Close
0.06631137 0.0009067059 7.426737 -0.01932166 0.08315778 7.422554 -0.2023645 0.3269212 7.287079 -0.2650087 0.6128864 7.190088 0.1036587 0.1017127 7.483124 0.2468302 0.348168 7.63013 0.2811616 0.6512247 7.675762 0.02232404 0.2315797 7.450435 -0.09860615 0.6756008 7.424675 -0.130183 1.084698 7.471763 -0.1468478 1.429879 7.507062 0.08216037 0.6769477 7.467374 0.06628866 1.087836 7.431007 0.06304176 1.432958 7.477139  A_Throw_Close
0.05769577 -5.090237E-05 7.429891 -0.02732776 0.08291507 7.427285 -0.2162763 0.3268737 7.298045 -0.2859181 0.612303 7.204303 0.09733827 0.1008172 7.484514 0.2462967 0.3477526 7.625183 0.283544 0.6505085 7.670525 0.01638933 0.2311667 7.452802 -0.1020818 0.6757247 7.426802 -0.1316665 1.084875 7.474718 -0.1462225 1.430338 7.508135 0.07928689 0.6764088 7.466883 0.06498422 1.087591 7.433294 0.06439562 1.432885 7.478235  A_Throw_Close
0.04955592 -0.0007448196 7.432951 -0.03484778 0.08290386 7.431816 -0.2290653 0.3271321 7.308838 -0.3050846 0.612096 7.218704 0.09132488 0.1001508 7.485855 0.2455906 0.34744 7.620399 0.2857439 0.6498724 7.665419 0.01076622 0.2309589 7.45505 -0.1053849 0.6760046 7.428768 -0.1330501 1.085199 7.47744 -0.1456086 1.430912 7.509052 0.07651432 0.6760504 7.466374 0.06378742 1.087488 7.435381 0.06560643 1.432927 7.479161  A_Throw_Close
0.04165103 -0.001267314 7.435956 -0.04214649 0.08302653 7.436267 -0.2402781 0.3282831 7.320483 -0.3194214 0.6136222 7.234312 0.08537944 0.09958887 7.487258 0.245063 0.3472307 7.615447 0.2889015 0.6494297 7.658556 0.005185144 0.2308503 7.457448 -0.1088735 0.6763018 7.431015 -0.1349572 1.085547 7.480134 -0.1458272 1.431497 7.509702 0.07348789 0.6758113 7.466309 0.06226619 1.087459 7.437616 0.06633092 1.433104 7.479579  A_Throw_Close
0.03042777 -0.001939774 7.440326 -0.05245785 0.08326769 7.442678 -0.2551021 0.3304037 7.337812 -0.3369265 0.6167298 7.257628 0.07684465 0.0988009 7.489335 0.2441073 0.3468156 7.608121 0.2935181 0.6486461 7.647634 -0.00280307 0.2307143 7.460972 -0.1139628 0.6766948 7.434333 -0.1379036 1.086013 7.483932 -0.1464979 1.432274 7.510447 0.06899329 0.675469 7.466381 0.05998244 1.087378 7.440817 0.06695308 1.433317 7.479871  A_Throw_Close
0.01931222 -0.002570271 7.444736 -0.06261806 0.08354342 7.449186 -0.2664673 0.3340515 7.355325 -0.3482324 0.6220311 7.281231 0.06830092 0.09795415 7.491493 0.2432924 0.3460993 7.600478 0.2992087 0.6474877 7.634284 -0.0107746 0.2305492 7.464754 -0.1194239 0.6768901 7.43804 -0.1415454 1.086314 7.487608 -0.1482442 1.432855 7.510822 0.06402649 0.6751986 7.467102 0.05743547 1.087328 7.444529 0.06704529 1.433597 7.479927  A_Throw_Close
0.01211854 -0.002940297 7.447663 -0.06915127 0.08376396 7.45346 -0.273205 0.3365839 7.366724 -0.3545193 0.6256781 7.29658 0.06273176 0.09741628 7.492929 0.2425532 0.3455223 7.595388 0.3026219 0.6465325 7.625205 -0.01593964 0.2304589 7.46724 -0.1229852 0.6770122 7.440455 -0.1439317 1.086506 7.48996 -0.1494399 1.433205 7.511013 0.06075593 0.67503 7.467599 0.05580576 1.087282 7.446923 0.06687911 1.433744 7.479926  A_Throw_Close
0.003000753 -0.003402591 7.451408 -0.07737415 0.08407795 7.458965 -0.2793022 0.3408725 7.380917 -0.359917 0.6316184 7.317076 0.05566211 0.09667778 7.49474 0.2418226 0.3444985 7.588554 0.3074264 0.6449626 7.611398 -0.02243106 0.2303287 7.470486 -0.1277843 0.6769785 7.443604 -0.1469471 1.086568 7.49304 -0.1508435 1.433421 7.511792 0.05626609 0.6749538 7.468563 0.0537792 1.087343 7.450319 0.06659009 1.434066 7.479757  A_Throw_Close
-0.004448993 -0.003740311 7.45455 -0.0840482 0.08437979 7.463525 -0.2837826 0.3444405 7.392431 -0.3634488 0.6365427 7.333805 0.0498475 0.0960896 7.496267 0.2409911 0.3435376 7.582853 0.3109029 0.6434235 7.599742 -0.02773194 0.2302436 7.473169 -0.1317034 0.6769589 7.44618 -0.1493958 1.086626 7.495522 -0.1520043 1.433587 7.512407 0.05257942 0.6749009 7.469357 0.05215593 1.087378 7.453057 0.0660692 1.434292 7.479619  A_Throw_Close
-0.01076148 -0.004013181 7.457371 -0.08966343 0.08467257 7.467535 -0.2862845 0.3479629 7.402013 -0.3647501 0.6413205 7.348237 0.04490395 0.09556675 7.497705 0.2404488 0.3424668 7.578034 0.3139636 0.6417807 7.588573 -0.03217379 0.2301747 7.475589 -0.1350702 0.6768764 7.448446 -0.1515401 1.086629 7.497498 -0.1532171 1.433655 7.51314 0.04938747 0.6749148 7.470196 0.05071159 1.087449 7.455449 0.06522305 1.434546 7.479136  A_Throw_Close
-0.01829873 -0.004299283 7.460801 -0.09633045 0.08506465 7.472365 -0.2889186 0.3521367 7.413308 -0.3655398 0.6469938 7.36539 0.03896763 0.09496176 7.499453 0.2395654 0.3410863 7.572171 0.3171086 0.6395546 7.575006 -0.03747712 0.2301146 7.478494 -0.1390817 0.6767938 7.451149 -0.1540808 1.086646 7.499838 -0.1546575 1.433739 7.513985 0.04557027 0.6749382 7.471192 0.04902335 1.087521 7.458271 0.06391241 1.434811 7.478664  A_Throw_Close
-0.02655749 -0.004571915 7.464968 -0.1035731 0.08554912 7.478037 -0.2905405 0.3570116 7.42562 -0.3650025 0.6534386 7.384462 0.0324324 0.0943017 7.501767 0.2388234 0.3391738 7.565936 0.3203265 0.6364939 7.558033 -0.04325215 0.2300689 7.482058 -0.1433494 0.6767415 7.454448 -0.1569589 1.086851 7.501348 -0.1569025 1.433987 7.514407 0.04149886 0.6749362 7.472598 0.04713269 1.087553 7.461677 0.06169649 1.435071 7.478024  A_Throw_Close
-0.03271065 -0.00473702 7.468165 -0.1089343 0.08594978 7.482341 -0.2914027 0.360599 7.434643 -0.3638573 0.658199 7.398697 0.02753879 0.09383059 7.50356 0.2381078 0.3376338 7.561212 0.3222216 0.6338874 7.544994 -0.04755143 0.2300574 7.484769 -0.1465 0.6767282 7.456946 -0.1590842 1.087047 7.502275 -0.1585913 1.434211 7.514574 0.03848191 0.6749332 7.473679 0.04577084 1.087561 7.464249 0.05968602 1.435228 7.477737  A_Throw_Close
-0.0391467 -0.004872203 7.471821 -0.1144911 0.08639801 7.487177 -0.291937 0.3643131 7.444104 -0.3625261 0.6629822 7.413747 0.02242281 0.09336638 7.505704 0.2373776 0.3358788 7.556233 0.3237837 0.630755 7.530034 -0.05204425 0.2300665 7.487896 -0.149663 0.6768036 7.459854 -0.1611211 1.087496 7.501982 -0.1603004 1.434678 7.513728 0.03544863 0.6748608 7.475068 0.04451354 1.087489 7.467369 0.05720885 1.435308 7.47778  A_Throw_Close
-0.0451347 -0.004956603 7.475329 -0.1196185 0.08686292 7.491787 -0.292346 0.3676804 7.452779 -0.3608817 0.6673242 7.427801 0.01765914 0.09296143 7.507753 0.2365139 0.3342061 7.551351 0.3246993 0.627548 7.515596 -0.05620263 0.230105 7.490859 -0.1525728 0.6769023 7.462571 -0.1629557 1.087925 7.501645 -0.1617195 1.435118 7.513035 0.03264876 0.6748044 7.476359 0.04337027 1.08742 7.470294 0.05438806 1.435365 7.478101  A_Throw_Close
-0.0497856 -0.004983068 7.478266 -0.1235416 0.08727586 7.495624 -0.2929021 0.3702055 7.459538 -0.3602358 0.6704351 7.438661 0.0139968 0.09267581 7.509454 0.2357268 0.3329679 7.547063 0.3250066 0.6248853 7.50327 -0.05937813 0.2301687 7.493294 -0.1547676 0.6770179 7.464746 -0.1641835 1.0883 7.501263 -0.1624267 1.435485 7.512788 0.03053387 0.6747686 7.477388 0.04247745 1.087369 7.472698 0.05152955 1.435408 7.478563  A_Throw_Close
-0.05459807 -0.004983068 7.481435 -0.1275573 0.0877459 7.499731 -0.2935697 0.3727835 7.466496 -0.3594434 0.6736005 7.44984 0.01021864 0.09239006 7.511284 0.2346026 0.3318102 7.542323 0.3245052 0.6221027 7.489861 -0.06261913 0.2302555 7.495885 -0.1569937 0.6771451 7.467013 -0.1654943 1.088665 7.500978 -0.1632393 1.435843 7.512654 0.02838601 0.6747481 7.478422 0.04154434 1.087325 7.475154 0.04797776 1.435447 7.479353  A_Throw_Close
-0.05944936 -0.004922032 7.484983 -0.1315047 0.08833075 7.504267 -0.2949496 0.3753374 7.47355 -0.3600254 0.6765017 7.460408 0.006483154 0.09212554 7.513334 0.2332244 0.3307358 7.536741 0.323192 0.6190838 7.474566 -0.06573395 0.2304016 7.498713 -0.1590745 0.6772993 7.469352 -0.1668816 1.089007 7.501144 -0.1643108 1.436176 7.51302 0.02638389 0.6747843 7.479373 0.04053976 1.087337 7.47754 0.04314371 1.435521 7.480468  A_Throw_Close
-0.06460612 -0.004791021 7.489088 -0.1356081 0.08907115 7.509437 -0.2968688 0.3781079 7.480739 -0.3612536 0.6795148 7.469968 0.002556162 0.09184813 7.515775 0.2311967 0.3297088 7.530355 0.3204071 0.6157489 7.45737 -0.06888704 0.2306112 7.501989 -0.1610831 0.6774752 7.472031 -0.1684197 1.089367 7.501461 -0.1657103 1.436546 7.512987 0.02446069 0.6748831 7.480297 0.03946372 1.08741 7.479837 0.03714617 1.435599 7.482421  A_Throw_Close
-0.06775342 -0.004679084 7.491725 -0.1380697 0.08957613 7.512733 -0.2982101 0.3798345 7.484974 -0.3623083 0.6813307 7.475024 0.0001741816 0.09168088 7.517365 0.2295595 0.3292252 7.526237 0.3177715 0.6137611 7.446473 -0.07074593 0.2307628 7.504099 -0.1622324 0.6775863 7.473765 -0.1693783 1.089584 7.501723 -0.1666516 1.436776 7.512869 0.02336134 0.6749685 7.480812 0.03884645 1.087478 7.481131 0.03327294 1.435627 7.484127  A_Throw_Close
-0.06992804 -0.004570723 7.493596 -0.1397449 0.08997047 7.515087 -0.2992938 0.3810794 7.487503 -0.3633983 0.6825615 7.477174 -0.001459403 0.09156585 7.518525 0.2280486 0.3290507 7.523203 0.3151817 0.612572 7.438776 -0.07197265 0.2308915 7.505655 -0.1629642 0.6776729 7.475158 -0.1699712 1.089743 7.502059 -0.1672188 1.436941 7.513011 0.02266784 0.6750587 7.481112 0.03864469 1.087548 7.481887 0.03118254 1.435658 7.485287  A_Throw_Close
-0.07208972 -0.004453182 7.495465 -0.1414031 0.09037292 7.517431 -0.3003663 0.382316 7.490015 -0.3644998 0.6837789 7.479318 -0.003088159 0.09145737 7.51968 0.2264822 0.3288616 7.520183 0.3124587 0.6113216 7.431139 -0.07319061 0.2310255 7.507199 -0.1636887 0.6777636 7.476535 -0.1705651 1.089903 7.502385 -0.1677807 1.437107 7.513146 0.021975 0.6751507 7.481402 0.03845199 1.08762 7.482627 0.02909358 1.435678 7.486607  A_Throw_Close
-0.07422118 -0.004296422 7.497545 -0.1430064 0.09082699 7.520041 -0.3012808 0.3837042 7.49221 -0.3653326 0.6851169 7.479753 -0.004673285 0.09136617 7.521001 0.2242679 0.3290652 7.516609 0.3083433 0.6105657 7.422837 -0.07433693 0.2311926 7.508962 -0.1644358 0.6778466 7.478215 -0.1711342 1.090067 7.502792 -0.168255 1.437275 7.513398 0.02125873 0.6753111 7.481773 0.03845723 1.087749 7.483448 0.02764149 1.435758 7.488017  A_Throw_Close
-0.07578783 -0.004170418 7.4991 -0.1441772 0.09117341 7.52199 -0.3019481 0.3847274 7.4938 -0.3659775 0.6860834 7.479935 -0.005839748 0.09130549 7.521989 0.2225325 0.3292322 7.513942 0.3050905 0.6100057 7.416706 -0.07517348 0.2313235 7.510276 -0.1649839 0.6779115 7.479474 -0.1715539 1.09019 7.503097 -0.1685954 1.4374 7.513592 0.02072771 0.6754375 7.482049 0.03848364 1.08785 7.484051 0.0266303 1.435818 7.489116  A_Throw_Close
-0.07727782 -0.004012465 7.500922 -0.1452763 0.09156311 7.52419 -0.302179 0.3859313 7.495181 -0.3657123 0.6872599 7.478686 -0.006942673 0.09127414 7.5232 0.2200264 0.3299208 7.510859 0.3001257 0.6101827 7.410153 -0.07593338 0.2314844 7.511765 -0.1654494 0.6780027 7.480811 -0.1719227 1.090346 7.503302 -0.16888 1.437556 7.513783 0.02027317 0.6755865 7.482487 0.0383906 1.087982 7.484736 0.02584346 1.435918 7.490311  A_Throw_Close
-0.07912795 -0.0037781 7.503439 -0.1466533 0.09209752 7.527123 -0.3021571 0.3875585 7.496672 -0.3647248 0.6888338 7.476035 -0.008335752 0.09127343 7.52493 0.2161424 0.3312112 7.506954 0.2923323 0.6110063 7.402005 -0.0768861 0.2317195 7.513744 -0.165935 0.678172 7.482432 -0.1723608 1.090591 7.503492 -0.1692437 1.437796 7.514133 0.019794 0.6757646 7.483123 0.03822537 1.088145 7.485553 0.02529063 1.436055 7.491846  A_Throw_Close
-0.08011775 -0.003615379 7.505029 -0.1474001 0.09243155 7.528908 -0.3018473 0.3885808 7.497356 -0.3635732 0.6898163 7.473804 -0.009096188 0.09130859 7.526072 0.2133868 0.3323095 7.504757 0.2867448 0.6120117 7.397567 -0.0773996 0.2318803 7.514953 -0.1661469 0.6783023 7.48332 -0.1726066 1.090763 7.503551 -0.1694793 1.43796 7.514423 0.01958294 0.6758717 7.48354 0.03821935 1.088243 7.485961 0.02562024 1.436159 7.492565  A_Throw_Close
-0.0806704 -0.003480077 7.506198 -0.1478233 0.09267354 7.530182 -0.3013307 0.3893626 7.497751 -0.3622425 0.6905813 7.471973 -0.009529574 0.09136736 7.526955 0.2111429 0.3333741 7.503356 0.2821592 0.6131917 7.394897 -0.07768254 0.2320118 7.515832 -0.1662643 0.6784015 7.483923 -0.1728021 1.090889 7.503564 -0.1697026 1.438078 7.514699 0.01946576 0.6759704 7.483844 0.03849216 1.088325 7.486161 0.0268112 1.436274 7.492686  A_Throw_Close
-0.080994 -0.003370881 7.507057 -0.1480691 0.09285212 7.531108 -0.3008015 0.3899596 7.497999 -0.3610259 0.6911695 7.470556 -0.009782774 0.09142506 7.527629 0.2094293 0.3342404 7.502433 0.2786551 0.614207 7.393205 -0.07783662 0.2321163 7.516491 -0.1663506 0.6784675 7.484367 -0.1729557 1.090976 7.50355 -0.1698799 1.438159 7.514894 0.01937957 0.676065 7.484076 0.03881605 1.088401 7.486248 0.02807661 1.436386 7.4925  A_Throw_Close
-0.08112262 -0.00324893 7.507871 -0.1481629 0.09302092 7.531966 -0.2999614 0.3905921 7.498145 -0.3593121 0.6918209 7.469057 -0.009881718 0.09150958 7.528321 0.207673 0.3352653 7.501775 0.2750497 0.6155264 7.392146 -0.07786642 0.2322311 7.517144 -0.1664343 0.6785138 7.484792 -0.1731243 1.091043 7.503481 -0.1700805 1.438219 7.515061 0.01929666 0.6762024 7.484314 0.03939434 1.088508 7.486198 0.03014375 1.436548 7.491742  A_Throw_Close
-0.08115672 -0.003065705 7.50889 -0.1481805 0.09324563 7.533036 -0.2984198 0.391534 7.498168 -0.3562357 0.6928241 7.466721 -0.009903951 0.09164798 7.529255 0.2052174 0.3367846 7.501215 0.270108 0.617638 7.391603 -0.07781522 0.2324001 7.518019 -0.1665419 0.6785701 7.48535 -0.1733482 1.091131 7.503294 -0.1703384 1.438295 7.515205 0.01919039 0.676425 7.484658 0.04027464 1.088684 7.485954 0.03354104 1.436799 7.49022  A_Throw_Close
-0.08104067 -0.002901196 7.509612 -0.1480834 0.09342003 7.533791 -0.2967768 0.39237 7.498014 -0.3530036 0.6937447 7.464558 -0.009807868 0.09178281 7.529991 0.2031834 0.338135 7.5011 0.26612 0.6196654 7.392086 -0.07768224 0.2325486 7.518702 -0.1666196 0.6786102 7.485773 -0.1735268 1.091198 7.503046 -0.1705422 1.438353 7.515234 0.01911397 0.6766387 7.484953 0.04106416 1.088854 7.485576 0.03685232 1.437022 7.488592  A_Throw_Close
-0.08081536 -0.002781749 7.509931 -0.1479067 0.09351647 7.534135 -0.2953731 0.3929585 7.497815 -0.3502645 0.6944339 7.463072 -0.009629173 0.09189272 7.5304 0.2018836 0.3391244 7.501369 0.2637286 0.6213297 7.393481 -0.07751177 0.2326527 7.519086 -0.166637 0.6786426 7.486 -0.1736787 1.091248 7.5028 -0.1707646 1.438396 7.515179 0.01909776 0.6767939 7.485163 0.04153081 1.088984 7.485156 0.03933974 1.437177 7.487278  A_Throw_Close
-0.08057813 -0.002661586 7.510237 -0.1477205 0.0936116 7.534466 -0.2939611 0.3935339 7.497608 -0.3475158 0.6950994 7.461586 -0.009441001 0.09200418 7.530798 0.2005962 0.3401049 7.501654 0.2613759 0.6229863 7.394937 -0.07733439 0.2327569 7.51946 -0.1666502 0.6786753 7.486217 -0.1738311 1.091297 7.502546 -0.1709907 1.438439 7.515117 0.01908578 0.6769496 7.485368 0.04199006 1.089113 7.484725 0.0418181 1.437317 7.486085  A_Throw_Close
-0.08021526 -0.002552152 7.510396 -0.1474343 0.09367526 7.534649 -0.2926204 0.3939781 7.497396 -0.3449629 0.6956343 7.460363 -0.00915168 0.09211981 7.531077 0.1996654 0.3409785 7.502147 0.2598489 0.6245868 7.397035 -0.07708953 0.2328491 7.519716 -0.1666146 0.678705 7.486334 -0.1739819 1.091338 7.502285 -0.171261 1.438475 7.515032 0.01912268 0.677093 7.485548 0.04229196 1.08924 7.484266 0.04398539 1.437441 7.48509  A_Throw_Close
-0.07980792 -0.002430201 7.51057 -0.1471129 0.09374607 7.534849 -0.2911172 0.3944681 7.497155 -0.3421023 0.6962155 7.45899 -0.008826895 0.09224904 7.531385 0.19862 0.3419484 7.502695 0.2581308 0.6263578 7.39938 -0.07681452 0.2329521 7.519997 -0.1665735 0.6787376 7.486462 -0.1741491 1.091383 7.501988 -0.1715606 1.438514 7.514933 0.01916512 0.6772529 7.485745 0.04263218 1.08938 7.483747 0.04638513 1.437566 7.484108  A_Throw_Close
-0.07921813 -0.00229001 7.51067 -0.1466445 0.09381187 7.534975 -0.2894009 0.3949375 7.496869 -0.3388839 0.6967912 7.457583 -0.008354051 0.09240961 7.531652 0.1977242 0.342983 7.503469 0.2569922 0.6283598 7.402713 -0.07642601 0.2330678 7.520214 -0.1664702 0.6787773 7.4865 -0.1743199 1.091432 7.501638 -0.1719153 1.438554 7.514839 0.01927008 0.6774349 7.485948 0.04285588 1.08955 7.483125 0.04885634 1.437705 7.483231  A_Throw_Close
-0.07869737 -0.002169371 7.510747 -0.1462303 0.09386694 7.535073 -0.2879089 0.3953325 7.496616 -0.3360903 0.6972701 7.45637 -0.007936103 0.09254849 7.531874 0.1969648 0.3438677 7.504142 0.2560603 0.6300713 7.405655 -0.07608263 0.2331668 7.52039 -0.166373 0.6788111 7.486522 -0.1744616 1.091473 7.501329 -0.1722165 1.438588 7.514755 0.01936843 0.6775906 7.486116 0.04303892 1.089696 7.482575 0.05093189 1.437813 7.482612  A_Throw_Close
-0.07817917 -0.002054572 7.510781 -0.1458118 0.09391844 7.535119 -0.2865579 0.3956515 7.496395 -0.3335688 0.6976694 7.455377 -0.007514102 0.09268272 7.532041 0.1964548 0.344606 7.504794 0.2559718 0.6315966 7.408885 -0.07573514 0.2332598 7.520491 -0.1662105 0.6788628 7.486481 -0.1745116 1.09153 7.501037 -0.172409 1.438636 7.514696 0.01953168 0.6777179 7.486239 0.0430357 1.089826 7.48202 0.05250641 1.437904 7.482184  A_Throw_Close
-0.07765965 -0.0019418 7.510811 -0.145392 0.09396744 7.535161 -0.2852059 0.3959641 7.496171 -0.3310473 0.6980566 7.454383 -0.007090909 0.09281504 7.532204 0.1959441 0.3453373 7.505441 0.2558697 0.6330934 7.412115 -0.07538633 0.2333504 7.520588 -0.1660464 0.6789123 7.486437 -0.1745593 1.091584 7.500741 -0.1725985 1.438682 7.514633 0.01969637 0.6778428 7.486359 0.04303535 1.089953 7.481463 0.05403497 1.437986 7.481849  A_Throw_Close
-0.07717888 -0.001827717 7.510862 -0.1450021 0.09402406 7.535204 -0.283967 0.396235 7.495953 -0.328714 0.6983961 7.453481 -0.006697698 0.09295022 7.532375 0.1955894 0.3459643 7.506107 0.2564916 0.6344551 7.415728 -0.07506292 0.2334439 7.520664 -0.1658457 0.678985 7.486364 -0.1745807 1.09166 7.500431 -0.1727729 1.43875 7.514536 0.01989724 0.6779469 7.486439 0.04304023 1.090059 7.480844 0.05548711 1.438043 7.48154  A_Throw_Close
-0.07657127 -0.001683235 7.51093 -0.1445084 0.09409618 7.535255 -0.2824066 0.3965648 7.495671 -0.3257705 0.6988069 7.452349 -0.006199999 0.09312189 7.532593 0.1951766 0.346734 7.506961 0.2574619 0.6361224 7.420478 -0.07465313 0.2335616 7.520752 -0.1655763 0.6790819 7.48626 -0.1745989 1.091761 7.500025 -0.1729899 1.438841 7.514398 0.02016665 0.6780719 7.486526 0.04305096 1.090185 7.48003 0.05728145 1.438099 7.481225  A_Throw_Close
-0.07590012 -0.001523137 7.510965 -0.1439701 0.09417415 7.535242 -0.2808878 0.3968335 7.495294 -0.3229319 0.699155 7.451231 -0.005657 0.09332335 7.53279 0.1949643 0.3474674 7.507907 0.2594431 0.6377506 7.42616 -0.07421868 0.2336954 7.520774 -0.1653243 0.6791915 7.486131 -0.1745775 1.091874 7.499616 -0.1731181 1.438943 7.514294 0.02041854 0.6782224 7.486594 0.04307963 1.090332 7.479134 0.05919619 1.43816 7.48099  A_Throw_Close
-0.0754035 -0.001408815 7.51098 -0.1435721 0.09422755 7.535216 -0.2797991 0.397012 7.495005 -0.3209057 0.6993875 7.450431 -0.005255802 0.09346938 7.532923 0.19484 0.3479863 7.508596 0.2609735 0.6388733 7.430394 -0.07389848 0.2337905 7.520776 -0.1651447 0.6792677 7.486033 -0.1745558 1.091954 7.499322 -0.1731976 1.439012 7.514229 0.02059789 0.6783323 7.486641 0.04310091 1.090437 7.478483 0.0605429 1.438199 7.480894  A_Throw_Close
-0.0748751 -0.001300097 7.510878 -0.1431514 0.09427071 7.535068 -0.2789013 0.3971001 7.494627 -0.3193165 0.6995263 7.449766 -0.004831834 0.09361637 7.532945 0.1948942 0.34843 7.509235 0.2629323 0.6398367 7.434688 -0.07356541 0.2338824 7.520677 -0.165022 0.6793277 7.48595 -0.1745314 1.092014 7.49914 -0.1732288 1.439061 7.514322 0.02072044 0.6784706 7.486706 0.04305728 1.090573 7.477979 0.06164028 1.438271 7.480986  A_Throw_Close
-0.07416932 -0.001155972 7.510734 -0.142587 0.09432971 7.53486 -0.2777025 0.3972116 7.494097 -0.3171977 0.6997052 7.448874 -0.004263384 0.09380901 7.532969 0.1949936 0.349 7.510104 0.2656256 0.6410331 7.440591 -0.07311241 0.2340038 7.520535 -0.1648364 0.679409 7.485841 -0.1744868 1.092097 7.498892 -0.1732668 1.439128 7.514443 0.02090551 0.6786519 7.486799 0.04299654 1.09075 7.477297 0.06303187 1.438359 7.481163  A_Throw_Close
-0.07365642 -0.001035333 7.510604 -0.1421671 0.09439993 7.534674 -0.2768274 0.3972911 7.493586 -0.3156614 0.6998431 7.448181 -0.003840847 0.09395337 7.532967 0.1951997 0.3493434 7.510845 0.26821 0.6417852 7.445641 -0.07274906 0.2341071 7.520399 -0.1646058 0.6794974 7.48578 -0.1744075 1.092186 7.498698 -0.1732863 1.439205 7.514525 0.02113535 0.6787934 7.486906 0.04292561 1.090893 7.476767 0.06391676 1.438437 7.481293  A_Throw_Close
