-0.05253534 0.07408905 10.17034 -0.1198014 0.1726139 10.17693 -0.3331397 0.4095793 10.24272 -0.3188202 0.6178765 10.01575 0.01844867 0.1680971 10.17887 0.2413782 0.3977767 10.24631 0.2266836 0.6078271 10.02099 -0.04571066 0.2997118 10.1231 -0.1226021 0.7163768 9.95431 -0.1432705 1.112082 9.837844 -0.1615023 1.456203 9.793996 0.06297894 0.7111923 9.96017 0.1266775 1.10212 9.843889 0.1781379 1.444861 9.810292  SA_DodgeSlap_Far
-0.05280892 0.07321262 10.16916 -0.1198686 0.1718447 10.17531 -0.3344215 0.4092667 10.23833 -0.3161655 0.6170813 10.0112 0.01835086 0.1671275 10.17853 0.2408664 0.3965375 10.24844 0.2279517 0.6070663 10.02347 -0.0451046 0.2990518 10.12269 -0.1214337 0.7158119 9.954179 -0.1418242 1.112045 9.839467 -0.1598019 1.456012 9.794333 0.06411035 0.7112117 9.961513 0.1285014 1.101553 9.843653 0.1797269 1.444265 9.809409  SA_DodgeSlap_Far
-0.05464832 0.07154846 10.16729 -0.1213446 0.1703857 10.17248 -0.3373355 0.4086192 10.23147 -0.3134624 0.6152419 10.00378 0.01676662 0.1652379 10.17849 0.2386544 0.393732 10.25368 0.230065 0.6049731 10.02916 -0.04516326 0.2977166 10.12224 -0.1185557 0.7145931 9.953079 -0.1388474 1.112119 9.842916 -0.1565576 1.455784 9.795433 0.06680031 0.7105863 9.96442 0.1324902 1.099979 9.844163 0.1834892 1.4425 9.807748  SA_DodgeSlap_Far
-0.05610387 0.07063472 10.16634 -0.1225979 0.1695894 10.17094 -0.3391368 0.4082654 10.22803 -0.3126424 0.6141084 9.999915 0.01541873 0.1641799 10.17865 0.2369649 0.3920238 10.25703 0.2311377 0.6036007 10.03274 -0.04558001 0.2969612 10.1221 -0.1166869 0.7138779 9.952203 -0.137126 1.112201 9.844985 -0.1547198 1.455684 9.796163 0.06849058 0.7100433 9.966208 0.1349519 1.098932 9.84475 0.1859432 1.441285 9.806776  SA_DodgeSlap_Far
-0.0586742 0.06950247 10.16493 -0.1250151 0.168497 10.16811 -0.3424095 0.4078274 10.22139 -0.3128829 0.6097301 9.990151 0.01275487 0.1629653 10.17934 0.2329577 0.3900694 10.26393 0.2326462 0.6014912 10.03942 -0.04669241 0.2959887 10.12172 -0.1131841 0.7127741 9.949708 -0.133591 1.112998 9.849812 -0.1504769 1.456253 9.799172 0.07149418 0.7092289 9.969275 0.1392497 1.097419 9.846306 0.1904141 1.439395 9.805292  SA_DodgeSlap_Far
-0.06121771 0.06839585 10.16349 -0.1273953 0.1674118 10.16519 -0.3455886 0.4073677 10.21453 -0.3130786 0.6049132 9.979953 0.0100279 0.1617937 10.18004 0.2286208 0.3881955 10.27094 0.2339783 0.5993636 10.04626 -0.04783789 0.2950253 10.1213 -0.1095121 0.711641 9.947145 -0.1302825 1.11366 9.854817 -0.1461931 1.456694 9.802394 0.07447596 0.7083877 9.97243 0.1436766 1.095837 9.84794 0.1951998 1.437365 9.803756  SA_DodgeSlap_Far
-0.06344245 0.06745625 10.16243 -0.1296304 0.16623 10.16174 -0.3492353 0.4068815 10.20401 -0.3142493 0.5946782 9.961904 0.007186191 0.1611075 10.18155 0.2222443 0.387747 10.28048 0.2351292 0.5979157 10.05516 -0.04900317 0.294138 10.12076 -0.1049837 0.7104366 9.943722 -0.1253385 1.11458 9.861089 -0.1379747 1.457135 9.804779 0.07784523 0.7076388 9.976392 0.1488921 1.094274 9.850419 0.2009559 1.435161 9.802118  SA_DodgeSlap_Far
-0.06590693 0.06643784 10.16114 -0.1320301 0.1648804 10.15752 -0.3530908 0.4062967 10.19093 -0.3149345 0.5813243 9.939901 0.003812211 0.160442 10.1833 0.2140541 0.3875297 10.29169 0.2360929 0.5963993 10.06587 -0.05031375 0.2931625 10.12001 -0.09936689 0.7090566 9.939696 -0.1201219 1.115377 9.86865 -0.1273346 1.457364 9.808094 0.08166964 0.7068331 9.981198 0.1551693 1.092432 9.853468 0.2082039 1.432423 9.800164  SA_DodgeSlap_Far
-0.06945847 0.06562531 10.16208 -0.1353175 0.1630501 10.15218 -0.3599081 0.4060285 10.15909 -0.3174993 0.5424789 9.885797 -0.001889391 0.1608504 10.18864 0.1962327 0.3913106 10.31179 0.2355876 0.5973319 10.08572 -0.05258278 0.2920009 10.1195 -0.08989535 0.7073304 9.933902 -0.1109033 1.116599 9.882596 -0.09711055 1.456833 9.813859 0.08713295 0.705632 9.990113 0.1656736 1.089399 9.85989 0.2210806 1.427619 9.798367  SA_DodgeSlap_Far
-0.07769136 0.06671 10.16896 -0.1417264 0.162609 10.1489 -0.3659375 0.4055206 10.09424 -0.3046936 0.4584545 9.796664 -0.01312713 0.1638366 10.19987 0.1650244 0.4007754 10.33849 0.2313614 0.6022376 10.11462 -0.05741517 0.2915982 10.12072 -0.07715069 0.7059454 9.928314 -0.100297 1.117267 9.899105 -0.03927146 1.454519 9.842438 0.09291251 0.7039594 10.00299 0.1794654 1.084526 9.868522 0.2388594 1.420334 9.798143  SA_DodgeSlap_Far
-0.08637683 0.06901014 10.17564 -0.148094 0.1644405 10.1494 -0.3618888 0.4024376 10.0412 -0.274649 0.3935814 9.745537 -0.02294515 0.1667298 10.2083 0.144904 0.4062558 10.35322 0.2274575 0.6051397 10.13246 -0.06158493 0.2923468 10.123 -0.07016258 0.7057016 9.927238 -0.09350149 1.117404 9.90419 -0.01322751 1.452983 9.863982 0.09589584 0.7031359 10.01042 0.1874559 1.081093 9.871971 0.2489312 1.416118 9.799675  SA_DodgeSlap_Far
-0.09579502 0.07188284 10.18141 -0.1548217 0.166994 10.14972 -0.3497115 0.3949332 9.990705 -0.2368443 0.3281956 9.711573 -0.03319995 0.1699152 10.21558 0.1259155 0.4111761 10.36543 0.2229217 0.6077679 10.14853 -0.06586598 0.2935612 10.12505 -0.06391858 0.7058552 9.926847 -0.08711825 1.11776 9.907591 0.004811423 1.451859 9.883081 0.09845687 0.7026858 10.01699 0.1949493 1.077928 9.87456 0.2582659 1.412441 9.801488  SA_DodgeSlap_Far
-0.1134288 0.07736003 10.1867 -0.1672434 0.1729491 10.14794 -0.3043587 0.3705986 9.907024 -0.1444512 0.2230445 9.688472 -0.05178921 0.174654 10.22412 0.09792073 0.4139441 10.3834 0.2145086 0.6076547 10.17366 -0.07300989 0.296479 10.12791 -0.05535708 0.7069487 9.928576 -0.07733087 1.118968 9.910347 0.004703121 1.455266 9.881229 0.1029827 0.7029411 10.0256 0.2069942 1.072946 9.874998 0.271772 1.407869 9.805154  SA_DodgeSlap_Far
-0.1282973 0.08159566 10.18334 -0.177136 0.1779656 10.13957 -0.2430783 0.3396358 9.848388 -0.0545905 0.1446788 9.701515 -0.06845354 0.177824 10.22516 0.07238485 0.4133728 10.39557 0.2029804 0.6050836 10.19236 -0.07870822 0.2991379 10.12653 -0.04875062 0.7088439 9.929905 -0.0709372 1.120876 9.912241 -0.004717393 1.460035 9.876744 0.1071623 0.7040216 10.03075 0.2168306 1.069981 9.874384 0.2818923 1.405876 9.809658  SA_DodgeSlap_Far
-0.1383296 0.08450413 10.17776 -0.1834266 0.181469 10.13092 -0.1938772 0.3147283 9.820467 0.002809064 0.0962652 9.727215 -0.08022766 0.1799334 10.22303 0.0534909 0.4125595 10.40177 0.1930149 0.602896 10.20325 -0.08256023 0.3011152 10.12374 -0.04429875 0.7106683 9.930507 -0.06669663 1.12272 9.913588 -0.01200341 1.463669 9.875684 0.1101372 0.7050396 10.03356 0.2236187 1.068543 9.874211 0.288734 1.405252 9.813923  SA_DodgeSlap_Far
-0.1456871 0.08610392 10.16887 -0.1871532 0.183395 10.11915 -0.1440193 0.2926475 9.803357 0.0602599 0.06678152 9.754755 -0.09066872 0.1811182 10.21826 0.03291376 0.4119619 10.40586 0.1791428 0.6008265 10.2108 -0.08532183 0.3024375 10.11925 -0.04043214 0.7125347 9.931028 -0.06372456 1.124568 9.914887 -0.01727871 1.466632 9.876046 0.1130254 0.7060122 10.03548 0.2285583 1.068228 9.874681 0.2931258 1.405902 9.819406  SA_DodgeSlap_Far
-0.15206 0.08648145 10.14886 -0.1857331 0.1824533 10.09254 -0.04829107 0.2585704 9.797511 0.1753877 0.04721463 9.817612 -0.1072808 0.1829609 10.20648 -0.0158752 0.4187751 10.40639 0.1418042 0.602491 10.21537 -0.08758955 0.3035241 10.10837 -0.03209321 0.7162659 9.932091 -0.0587487 1.128215 9.919361 -0.0253248 1.472024 9.882593 0.1182663 0.7076018 10.0408 0.2370156 1.068223 9.878772 0.3003737 1.40738 9.831806  SA_DodgeSlap_Far
-0.1427503 0.08387864 10.13811 -0.171597 0.176845 10.07828 -0.0124952 0.2575146 9.799195 0.2385543 0.08566368 9.849682 -0.1078661 0.1837299 10.20087 -0.04926745 0.4301326 10.40101 0.1153934 0.6145005 10.21662 -0.08255945 0.3033624 10.1029 -0.02176593 0.718496 9.932015 -0.0504965 1.130402 9.922922 -0.02506541 1.475677 9.894421 0.1186 0.7118096 10.05348 0.245758 1.063354 9.878408 0.3091467 1.402596 9.832093  SA_DodgeSlap_Far
-0.141671 0.08377922 10.13522 -0.17009 0.1770157 10.07571 -0.00927381 0.2574362 9.797672 0.2407689 0.08566737 9.853186 -0.1076411 0.1833985 10.19899 -0.05136518 0.42857 10.40144 0.1130513 0.6146951 10.2186 -0.08190303 0.3037816 10.10206 -0.02035038 0.7190031 9.932039 -0.04826705 1.130963 9.922841 -0.02635394 1.476652 9.896527 0.1180081 0.7133895 10.05584 0.2480513 1.061897 9.876858 0.3116081 1.40117 9.831012  SA_DodgeSlap_Far
-0.1406686 0.08370674 10.13248 -0.1687679 0.177247 10.07333 -0.00638376 0.2573225 9.796194 0.2423448 0.08511353 9.856075 -0.1073615 0.1830481 10.19716 -0.05293218 0.4268668 10.40188 0.1110214 0.6146838 10.22036 -0.08131711 0.304185 10.10126 -0.01919536 0.7194986 9.932096 -0.04633103 1.13151 9.922861 -0.02778445 1.477554 9.898707 0.1174078 0.7148615 10.05787 0.2501355 1.060551 9.875428 0.3138711 1.399862 9.830108  SA_DodgeSlap_Far
-0.1386236 0.08359683 10.1282 -0.1666052 0.1776862 10.06953 0.0001334716 0.2563459 9.794757 0.2451114 0.0806874 9.859853 -0.1066398 0.1824393 10.19411 -0.05510114 0.4235344 10.40312 0.1073403 0.6144326 10.22347 -0.08042268 0.3049142 10.09997 -0.01844893 0.7204825 9.932375 -0.04409615 1.132569 9.922289 -0.03204785 1.479116 9.901453 0.1163665 0.7172737 10.06011 0.2527326 1.059036 9.873009 0.3162391 1.398654 9.829715  SA_DodgeSlap_Far
-0.136643 0.08347464 10.12637 -0.1649089 0.1776863 10.06785 0.004514234 0.2558495 9.794984 0.2479807 0.07887614 9.862155 -0.105604 0.1822213 10.19275 -0.0562766 0.4222572 10.4038 0.1051562 0.6150481 10.22526 -0.07969354 0.3053111 10.09933 -0.01872437 0.7211149 9.932368 -0.04348938 1.133228 9.921233 -0.03629069 1.480039 9.902684 0.1156164 0.7186541 10.06062 0.2533973 1.058966 9.871919 0.3163303 1.398962 9.830804  SA_DodgeSlap_Far
-0.1356163 0.08350801 10.12634 -0.1642145 0.1776583 10.06782 0.006386952 0.2559005 9.796002 0.2499332 0.07940555 9.864136 -0.1049979 0.182319 10.19276 -0.05664251 0.4223942 10.40411 0.1046744 0.61566 10.22598 -0.07945029 0.3055521 10.09943 -0.01931862 0.7213966 9.932292 -0.04349725 1.133519 9.920242 -0.03836672 1.480404 9.902411 0.1151797 0.7192115 10.06038 0.2533078 1.059221 9.871391 0.3159928 1.399393 9.831369  SA_DodgeSlap_Far
-0.1347381 0.0835768 10.12676 -0.1637294 0.1776252 10.06825 0.007669227 0.2561697 9.797289 0.2517309 0.08063877 9.866066 -0.1044044 0.1824844 10.19313 -0.05666379 0.4228716 10.40434 0.1046869 0.6162801 10.2264 -0.07929842 0.3057671 10.09974 -0.02008991 0.7216129 9.932221 -0.04370258 1.133739 9.919221 -0.04008643 1.480663 9.901759 0.1147863 0.7196022 10.05992 0.2529502 1.059603 9.870936 0.3154265 1.39992 9.831829  SA_DodgeSlap_Far
-0.1344228 0.08368289 10.12757 -0.1637647 0.1776586 10.06913 0.007710652 0.2568355 9.798479 0.2525645 0.08235765 9.867121 -0.1040448 0.1826471 10.19382 -0.05604164 0.4235466 10.40438 0.1053772 0.6165884 10.22611 -0.07936035 0.3059018 10.10029 -0.02090148 0.7216867 9.93224 -0.04404543 1.133813 9.918427 -0.0408179 1.480728 9.900712 0.1145186 0.719695 10.05936 0.2523418 1.060054 9.870774 0.3146702 1.400452 9.832142  SA_DodgeSlap_Far
-0.1340636 0.08377969 10.12839 -0.1637779 0.1776842 10.07005 0.007710116 0.257527 9.79967 0.2533854 0.08412743 9.868109 -0.1036275 0.1827976 10.19452 -0.05531738 0.4242043 10.40442 0.1061247 0.6168882 10.22578 -0.07939737 0.3060299 10.10084 -0.02175204 0.721764 9.932273 -0.04443602 1.133888 9.917658 -0.04161511 1.480795 9.899714 0.1142493 0.7197859 10.05877 0.2516806 1.060523 9.870582 0.3138478 1.401006 9.83244  SA_DodgeSlap_Far
-0.1339648 0.0839355 10.1296 -0.1642555 0.1778345 10.07156 0.006701784 0.2587572 9.801171 0.2533654 0.08625054 9.868298 -0.1031161 0.1829294 10.19555 -0.05319564 0.4248352 10.4045 0.1078833 0.6168415 10.2248 -0.07965516 0.3061882 10.10171 -0.02308188 0.7218595 9.932524 -0.04500065 1.133986 9.916825 -0.04257868 1.480879 9.898577 0.1138854 0.7197947 10.05797 0.2505936 1.061207 9.870482 0.3127179 1.401711 9.832461  SA_DodgeSlap_Far
-0.1338605 0.08407164 10.13093 -0.164835 0.1779883 10.07327 0.00525363 0.2603446 9.802831 0.2530265 0.0887599 9.868213 -0.1024715 0.1830184 10.19665 -0.05040447 0.4253478 10.40462 0.1099737 0.6166547 10.22356 -0.07995723 0.3063359 10.10266 -0.0246223 0.7219812 9.932888 -0.04567717 1.134105 9.915998 -0.04364393 1.480983 9.897403 0.1134729 0.7197664 10.05709 0.2493157 1.061943 9.870369 0.3114539 1.40244 9.832308  SA_DodgeSlap_Far
-0.1337949 0.08417737 10.13251 -0.165689 0.1781652 10.0754 0.002504366 0.2623268 9.804458 0.2514636 0.09143019 9.867077 -0.1015847 0.1830305 10.19789 -0.04604302 0.4255068 10.40495 0.112703 0.6161433 10.22175 -0.08042149 0.3064847 10.10376 -0.02658026 0.7222072 9.93354 -0.04649327 1.134324 9.915164 -0.04473088 1.481173 9.896008 0.11295 0.7196681 10.05612 0.2477089 1.062756 9.87029 0.3100657 1.403149 9.831661  SA_DodgeSlap_Far
-0.133544 0.08418012 10.13457 -0.1666243 0.1782277 10.07807 -0.002352698 0.2657691 9.806019 0.248192 0.09587526 9.864933 -0.1002982 0.1829706 10.19938 -0.04030601 0.4254354 10.40554 0.1158435 0.6155715 10.21961 -0.08092968 0.3065622 10.10504 -0.02885847 0.7224468 9.934377 -0.04732011 1.13453 9.913851 -0.04558418 1.481315 9.893582 0.1124217 0.7193844 10.05493 0.245688 1.063676 9.870245 0.3081908 1.403937 9.830702  SA_DodgeSlap_Far
-0.1332969 0.08414173 10.13597 -0.1671976 0.1782264 10.07989 -0.006013079 0.2683849 9.807028 0.245619 0.09921765 9.863341 -0.09933995 0.1828978 10.20035 -0.03629212 0.4253061 10.40591 0.1179411 0.6151816 10.21812 -0.08122997 0.3065801 10.10589 -0.0303766 0.7225948 9.934959 -0.04789947 1.134641 9.912923 -0.046145 1.481377 9.891828 0.1120916 0.7191497 10.05409 0.2443015 1.06428 9.870219 0.3068682 1.404454 9.830033  SA_DodgeSlap_Far
-0.1328295 0.08400023 10.13776 -0.1677568 0.1781291 10.0822 -0.01213257 0.2731464 9.80794 0.2409578 0.1052203 9.861359 -0.09791754 0.1827216 10.20152 -0.03128396 0.4250057 10.40634 0.1205948 0.6146691 10.21643 -0.08140807 0.3064872 10.10687 -0.03205971 0.7226495 9.935551 -0.04864011 1.13463 9.911638 -0.0467693 1.481289 9.889324 0.1119025 0.7186856 10.05286 0.2426961 1.065005 9.870211 0.3051387 1.405136 9.829468  SA_DodgeSlap_Far
-0.1321075 0.08377719 10.14015 -0.1684161 0.1779824 10.08536 -0.02099518 0.2800781 9.809335 0.2340412 0.1138729 9.858729 -0.0958523 0.1824337 10.20305 -0.02442471 0.4245192 10.40676 0.1242275 0.6139199 10.21406 -0.08153372 0.3063195 10.1082 -0.0343015 0.7226586 9.936316 -0.04980211 1.134531 9.909945 -0.04783748 1.481081 9.886006 0.111665 0.7180333 10.0511 0.2405548 1.065963 9.870163 0.3027878 1.406053 9.828769  SA_DodgeSlap_Far
-0.1308998 0.08337545 10.14372 -0.1691683 0.1777575 10.09022 -0.03659592 0.292591 9.811769 0.2213817 0.1292783 9.855174 -0.09242295 0.1818707 10.20524 -0.01431088 0.4235946 10.40708 0.1297322 0.6126308 10.21056 -0.08133803 0.3059292 10.11019 -0.03738819 0.72236 9.937163 -0.05187134 1.134046 9.90751 -0.04984246 1.480423 9.881191 0.1114496 0.7169688 10.04816 0.2376003 1.06729 9.869932 0.2993016 1.407412 9.828002  SA_DodgeSlap_Far
-0.1298532 0.0830003 10.14659 -0.1696005 0.1775753 10.09425 -0.05125849 0.3038086 9.813972 0.2101303 0.1445073 9.851476 -0.08948092 0.1813105 10.20697 -0.006586595 0.4226854 10.40723 0.1342195 0.6113633 10.20804 -0.08094512 0.3055259 10.11185 -0.03979323 0.7218593 9.937647 -0.05374144 1.133375 9.905471 -0.05161284 1.479592 9.877131 0.1111141 0.7161934 10.0458 0.2353765 1.068242 9.86966 0.2967385 1.408355 9.827168  SA_DodgeSlap_Far
-0.1287182 0.08260393 10.14935 -0.1699053 0.1773905 10.09825 -0.06642495 0.3151457 9.81724 0.1981903 0.1598866 9.848558 -0.0864474 0.1807075 10.20853 0.001122134 0.4216866 10.40715 0.1387236 0.6100201 10.20541 -0.08046143 0.3050995 10.11345 -0.04219351 0.7213275 9.938102 -0.05574642 1.132656 9.903464 -0.05357776 1.478703 9.873118 0.1107125 0.7154388 10.0434 0.2331953 1.06917 9.869395 0.2942804 1.409264 9.82636  SA_DodgeSlap_Far
-0.1263841 0.0816766 10.15351 -0.169956 0.1768986 10.10483 -0.09640591 0.3346478 9.823436 0.1765961 0.1922684 9.840915 -0.08086835 0.1793343 10.21064 0.01427169 0.4194191 10.4067 0.1474102 0.6068271 10.20114 -0.07929538 0.3041681 10.11596 -0.04641322 0.7201822 9.938716 -0.05940686 1.131182 9.900184 -0.05684702 1.476898 9.866303 0.1094747 0.714377 10.03955 0.2291832 1.070729 9.868998 0.2898218 1.410761 9.824853  SA_DodgeSlap_Far
-0.1232323 0.08041131 10.15689 -0.1692405 0.1760993 10.11104 -0.1307216 0.353626 9.832392 0.152094 0.2306533 9.831589 -0.07458906 0.177573 10.21191 0.02822395 0.4165998 10.40544 0.1569021 0.6030429 10.19619 -0.07770185 0.3030303 10.1181 -0.05101774 0.7190089 9.939403 -0.06343769 1.129655 9.897094 -0.0607057 1.475043 9.860026 0.107811 0.7134196 10.03555 0.2247175 1.072286 9.868361 0.2848995 1.412289 9.823372  SA_DodgeSlap_Far
-0.1186188 0.07859695 10.15943 -0.1673534 0.1747844 10.11712 -0.1730263 0.3729546 9.847102 0.1199107 0.2804348 9.819983 -0.0668209 0.1752017 10.21214 0.04444553 0.4129062 10.40291 0.1679257 0.5986499 10.18994 -0.07535742 0.3015513 10.11988 -0.05643831 0.7177593 9.940283 -0.06813686 1.127982 9.893865 -0.06567697 1.473057 9.853971 0.1055714 0.7125182 10.03099 0.2193294 1.073972 9.867237 0.2789086 1.414015 9.821751  SA_DodgeSlap_Far
-0.1106796 0.07596529 10.16042 -0.162922 0.1726496 10.1231 -0.2314397 0.3926017 9.87556 0.06624867 0.3561058 9.803745 -0.05565558 0.1719536 10.21045 0.06612457 0.4078833 10.39767 0.1820335 0.5942914 10.18105 -0.07128684 0.2996917 10.12108 -0.06347339 0.7165735 9.94153 -0.07398956 1.126163 9.889565 -0.07293974 1.470999 9.847601 0.102298 0.7120373 10.0252 0.212033 1.07618 9.864697 0.2704385 1.416454 9.819412  SA_DodgeSlap_Far
-0.1005717 0.07331789 10.15926 -0.1565139 0.1703998 10.12774 -0.2902203 0.40531 9.921377 -0.01142572 0.4451324 9.795697 -0.0427979 0.168712 10.2065 0.09149326 0.4026662 10.38855 0.1970083 0.5919846 10.16916 -0.0659828 0.2980796 10.1212 -0.07070707 0.7157463 9.942677 -0.08002512 1.124447 9.883925 -0.08174627 1.469202 9.841325 0.09845777 0.7125112 10.01932 0.2042776 1.078538 9.860482 0.2608838 1.419311 9.816689  SA_DodgeSlap_Far
-0.09408055 0.07201481 10.15793 -0.152287 0.1693341 10.1304 -0.321468 0.408888 9.958652 -0.07168351 0.5012511 9.803138 -0.03467397 0.1670097 10.2032 0.1090435 0.3996267 10.38042 0.2063262 0.5916921 10.15963 -0.06259869 0.2974271 10.12097 -0.07514636 0.715457 9.943295 -0.08380429 1.123414 9.879493 -0.08781557 1.468193 9.837235 0.09588279 0.713218 10.01572 0.1996304 1.07988 9.856977 0.2550736 1.421035 9.814703  SA_DodgeSlap_Far
-0.09071963 0.07152605 10.15739 -0.1502725 0.169036 10.13254 -0.3364304 0.4101027 9.983741 -0.1100516 0.5324602 9.813774 -0.03019945 0.1662208 10.20118 0.1205971 0.3978068 10.37432 0.2114777 0.5919773 10.15264 -0.0610526 0.2972895 10.12107 -0.07807933 0.7154188 9.943805 -0.08629338 1.122759 9.876121 -0.0920233 1.467585 9.834453 0.09410055 0.7136761 10.01347 0.1966371 1.080633 9.854619 0.251514 1.422009 9.813402  SA_DodgeSlap_Far
-0.08771996 0.07118642 10.1568 -0.1484755 0.1688783 10.13458 -0.3482877 0.4103907 10.00871 -0.1468914 0.5601737 9.829512 -0.02614824 0.1655852 10.1991 0.1315729 0.3961569 10.36785 0.2160669 0.5924088 10.14548 -0.05972825 0.2972653 10.12111 -0.08092271 0.7154617 9.944286 -0.08878414 1.122144 9.872714 -0.09613369 1.467026 9.831776 0.0923204 0.7141604 10.01127 0.1937378 1.081376 9.852302 0.2481346 1.422954 9.812136  SA_DodgeSlap_Far
-0.0847538 0.07106352 10.15663 -0.1469005 0.1690252 10.138 -0.3588805 0.4106461 10.04051 -0.1883037 0.5877932 9.854414 -0.02167181 0.165053 10.19664 0.1456968 0.3942022 10.35851 0.2207014 0.5932831 10.13525 -0.05874417 0.2974712 10.12154 -0.08512561 0.7157018 9.945273 -0.09244977 1.121373 9.868123 -0.1016099 1.46632 9.82811 0.08967967 0.714632 10.00807 0.1890976 1.082608 9.849599 0.2430186 1.424433 9.81092  SA_DodgeSlap_Far
-0.08144031 0.07124972 10.15717 -0.1451709 0.1695733 10.14361 -0.3668164 0.4106381 10.08286 -0.234174 0.6144648 9.893212 -0.01621716 0.1647193 10.19346 0.1645894 0.3920368 10.34384 0.2252518 0.5949101 10.11963 -0.05798171 0.2979875 10.12243 -0.09154396 0.7162162 9.947045 -0.09845768 1.120245 9.861676 -0.1096095 1.465251 9.822684 0.08560027 0.7150328 10.0029 0.1812431 1.084858 9.846425 0.2347267 1.426987 9.809891  SA_DodgeSlap_Far
-0.07921295 0.07156825 10.15835 -0.143789 0.1700817 10.14815 -0.3683357 0.4106919 10.10954 -0.2555211 0.6234307 9.916863 -0.01253997 0.164812 10.19155 0.1769921 0.3913162 10.33255 0.2271333 0.5963361 10.1077 -0.05749224 0.2984078 10.12313 -0.0963379 0.7166241 9.948485 -0.1034579 1.119401 9.857411 -0.115573 1.464382 9.818481 0.08257939 0.7149906 9.99836 0.1744071 1.087075 9.844984 0.2277485 1.429382 9.809928  SA_DodgeSlap_Far
-0.07646595 0.07195795 10.16 -0.1417081 0.1705724 10.15275 -0.3675112 0.4105108 10.13327 -0.2709039 0.6272306 9.936271 -0.008552117 0.1651419 10.18986 0.1884357 0.3914464 10.32087 0.2284443 0.5979329 10.09534 -0.05653481 0.2987841 10.12362 -0.1008402 0.7169129 9.949677 -0.1088547 1.118515 9.853624 -0.1218758 1.463441 9.814501 0.07971002 0.7147712 9.993251 0.1672101 1.089494 9.843817 0.2204852 1.431905 9.809694  SA_DodgeSlap_Far
-0.07235055 0.07250357 10.16242 -0.1382587 0.1711841 10.15867 -0.3638427 0.410247 10.16145 -0.2857543 0.6278887 9.957387 -0.003109915 0.1657397 10.18769 0.2021828 0.3922753 10.30503 0.2293095 0.60008 10.07879 -0.0548899 0.2992048 10.12401 -0.1064446 0.7171626 9.951081 -0.116356 1.117284 9.849202 -0.1305479 1.462109 9.8096 0.07594617 0.7142782 9.986108 0.1577286 1.092651 9.842759 0.2110403 1.435127 9.809348  SA_DodgeSlap_Far
-0.06446932 0.07328999 10.1663 -0.131148 0.1719106 10.16699 -0.3537371 0.4099038 10.19783 -0.301623 0.6237042 9.981772 0.005989509 0.1668655 10.18445 0.2203403 0.3948053 10.28075 0.2292599 0.6034938 10.05387 -0.05122666 0.2995852 10.12395 -0.113648 0.7170755 9.952523 -0.1276216 1.115323 9.843994 -0.1435022 1.459912 9.803007 0.07069321 0.7131735 9.974986 0.1440824 1.097153 9.842407 0.196884 1.439731 9.809231  SA_DodgeSlap_Far
-0.05489389 0.07396221 10.16968 -0.1220941 0.1725012 10.17512 -0.3376904 0.4096279 10.23431 -0.3158418 0.6189984 10.00894 0.01607783 0.167897 10.18007 0.2376196 0.3972726 10.25316 0.2274357 0.6070506 10.02734 -0.04677586 0.2997239 10.12332 -0.1208905 0.7165516 9.953938 -0.1401731 1.112763 9.838962 -0.1579283 1.456982 9.795694 0.06456836 0.7116256 9.96301 0.1298906 1.101298 9.84346 0.1816264 1.444006 9.809965  SA_DodgeSlap_Far
