-0.0111063 0.04955614 9.430921 -0.07766221 0.1420635 9.468254 -0.213819 0.361618 9.334401 -0.03916393 0.1275629 9.235298 0.06062885 0.1387728 9.466836 0.341184 0.3130859 9.390982 0.2420103 0.1322926 9.161673 -0.005138857 0.2807903 9.474255 -0.08703481 0.728498 9.503638 -0.1502734 1.136115 9.524229 -0.1983908 1.474847 9.584389 0.09863754 0.7234629 9.505042 0.1763226 1.097103 9.347685 0.2331914 1.427564 9.253824  A_Kick_Far
-0.01194458 0.04641116 9.434061 -0.07716303 0.1390902 9.473097 -0.2255464 0.3590177 9.34545 -0.04070328 0.1366884 9.238165 0.06098278 0.1361095 9.466455 0.3431228 0.3077642 9.383375 0.2434533 0.1489366 9.13854 -0.004825218 0.2780256 9.475313 -0.08606993 0.7259367 9.504706 -0.1503715 1.133386 9.525325 -0.1986147 1.473002 9.580165 0.0995511 0.7208372 9.500194 0.1755881 1.096639 9.34724 0.2320326 1.427956 9.256184  A_Kick_Far
-0.01206015 0.04293144 9.43714 -0.07568388 0.1356993 9.47829 -0.2379073 0.3559636 9.359409 -0.04240183 0.1496879 9.239678 0.06203898 0.1331505 9.465516 0.3450342 0.3020927 9.373463 0.2453599 0.1698933 9.113284 -0.00384794 0.2748982 9.47628 -0.08444636 0.7230363 9.506033 -0.1493838 1.130371 9.526918 -0.1975111 1.471011 9.575104 0.100877 0.7178015 9.494658 0.1748697 1.095343 9.345023 0.2306697 1.427252 9.255742  A_Kick_Far
-0.01025294 0.03781831 9.439401 -0.07139091 0.1304359 9.48408 -0.2532222 0.3510091 9.381545 -0.0453472 0.1745667 9.237449 0.0651681 0.1287544 9.462033 0.3471005 0.2947923 9.355358 0.2481531 0.203663 9.077852 -0.0008997153 0.2701148 9.476234 -0.08076535 0.7185723 9.507426 -0.1451764 1.125951 9.529071 -0.1921228 1.46816 9.56599 0.103644 0.7130296 9.485885 0.17429 1.093538 9.342267 0.2287668 1.426681 9.256852  A_Kick_Far
-0.007141275 0.03339255 9.439793 -0.0659586 0.1256835 9.487784 -0.2638705 0.3459973 9.402242 -0.05041138 0.2002823 9.233986 0.06905152 0.1249062 9.457636 0.348636 0.2891357 9.338068 0.2519369 0.2354552 9.050193 0.002901809 0.2658374 9.475299 -0.07639991 0.7145814 9.508417 -0.1410434 1.122054 9.527448 -0.187536 1.465123 9.556009 0.1067373 0.708663 9.477966 0.1736625 1.091883 9.339884 0.226264 1.426131 9.25767  A_Kick_Far
-0.002990289 0.02822673 9.43969 -0.05880104 0.1201066 9.491517 -0.2735734 0.3395108 9.428556 -0.06072048 0.2331756 9.232357 0.07374753 0.1203843 9.451918 0.3496114 0.2824827 9.317202 0.258792 0.273244 9.022633 0.007776456 0.2608021 9.473826 -0.07073437 0.7098994 9.509369 -0.1369698 1.117338 9.52283 -0.184296 1.460903 9.542755 0.1103363 0.7034544 9.468461 0.1732741 1.089716 9.337142 0.2238296 1.42516 9.258598  A_Kick_Far
0.005664663 0.01985776 9.437255 -0.04431747 0.1109036 9.49553 -0.2806087 0.3277568 9.476164 -0.08722691 0.2927004 9.238504 0.08254571 0.1129116 9.440404 0.3504572 0.2714914 9.281407 0.2795806 0.3345686 8.987975 0.01777788 0.2524582 9.47009 -0.05853919 0.7022734 9.510527 -0.1398927 1.106822 9.493314 -0.1957257 1.449219 9.511226 0.1175784 0.6945297 9.452011 0.1730318 1.086181 9.333952 0.2187296 1.423626 9.261217  A_Kick_Far
0.0115396 0.01461339 9.434379 -0.03392492 0.10516 9.496701 -0.2784825 0.3201574 9.508523 -0.1075619 0.3301517 9.25202 0.08814807 0.1080437 9.431685 0.3509313 0.2638863 9.258672 0.3015567 0.3700771 8.973383 0.02508034 0.2471381 9.46668 -0.04852859 0.6976255 9.510447 -0.1459567 1.096841 9.469106 -0.2027053 1.43882 9.491556 0.1232077 0.6885181 9.440267 0.1731278 1.083983 9.332939 0.2140153 1.422768 9.263651  A_Kick_Far
0.01674755 0.009485245 9.430902 -0.02353053 0.09960938 9.497037 -0.271909 0.3124416 9.541834 -0.1286591 0.3655391 9.273939 0.092824 0.1031113 9.422293 0.3512321 0.2557969 9.23735 0.3319331 0.3988721 8.96484 0.03228708 0.2418821 9.462633 -0.03766481 0.693164 9.509571 -0.1516251 1.08495 9.445607 -0.1997933 1.427969 9.471906 0.1286455 0.682376 9.427559 0.1736924 1.081594 9.332693 0.209064 1.421728 9.26708  A_Kick_Far
0.02070441 0.004462838 9.427103 -0.01368294 0.09427083 9.496701 -0.2608756 0.3049853 9.574953 -0.1475388 0.396232 9.303041 0.09610339 0.09799767 9.412616 0.352239 0.2467731 9.219231 0.3708348 0.4182709 8.963599 0.03909322 0.2366474 9.458174 -0.0259016 0.6888847 9.50796 -0.1548317 1.071882 9.422725 -0.1821239 1.417177 9.449175 0.1338602 0.6759912 9.414091 0.1746991 1.078892 9.334049 0.2030785 1.420459 9.272612  A_Kick_Far
0.02097054 -0.0003713369 9.424587 -0.007747216 0.08955956 9.496545 -0.2511757 0.2986829 9.599805 -0.1639407 0.4137746 9.327313 0.09617366 0.09239173 9.405278 0.3568371 0.2363597 9.213574 0.4127102 0.4251566 8.976217 0.04346235 0.2315017 9.454465 -0.01551114 0.684822 9.505103 -0.1445672 1.065114 9.408681 -0.1435896 1.411752 9.43137 0.1373823 0.6694803 9.400749 0.1730335 1.074652 9.330261 0.1960145 1.417691 9.275088  A_Kick_Far
0.02011331 -0.004883289 9.423717 -0.002522213 0.08538282 9.497486 -0.2397211 0.2935472 9.623349 -0.1790228 0.4278107 9.352431 0.09528174 0.0866549 9.399659 0.3630463 0.2233915 9.214128 0.4577406 0.4226432 8.998638 0.04770477 0.2265491 9.451769 -0.004103286 0.6810965 9.501976 -0.1323722 1.058106 9.392499 -0.1044969 1.404221 9.40256 0.1408171 0.6628174 9.387236 0.1712211 1.069676 9.324424 0.1909231 1.414111 9.277265  A_Kick_Far
0.0129738 -0.009910464 9.426257 -0.0029494 0.08160436 9.500718 -0.2349242 0.2908853 9.639078 -0.2062561 0.429674 9.365174 0.08966769 0.07864487 9.398003 0.3725048 0.2031616 9.235073 0.5028964 0.4108702 9.048098 0.04939683 0.2205604 9.4508 0.0092081 0.6769214 9.496152 -0.1004762 1.058519 9.382456 -0.05174349 1.402415 9.376576 0.1441502 0.6536919 9.370643 0.1638146 1.06075 9.304911 0.1887593 1.40626 9.269582  A_Kick_Far
0.002745526 -0.01290834 9.431682 -0.007558508 0.08019745 9.505863 -0.2364202 0.292788 9.646261 -0.2396314 0.4228228 9.366639 0.08202507 0.07176423 9.400787 0.377077 0.183627 9.265854 0.5301359 0.3988931 9.106675 0.04930045 0.216032 9.452414 0.02351053 0.6741883 9.490056 -0.06997435 1.059195 9.373416 -0.0168852 1.401803 9.351608 0.1494199 0.6446675 9.356726 0.157601 1.050632 9.282366 0.1912781 1.396064 9.254247  A_Kick_Far
-0.008000894 -0.01409721 9.43763 -0.01384668 0.08052588 9.511104 -0.2407477 0.297485 9.647962 -0.2714542 0.4118706 9.363215 0.07401003 0.06662297 9.405154 0.3774582 0.1635256 9.295404 0.5458832 0.3804841 9.155168 0.04809089 0.2129495 9.454814 0.03633626 0.6722909 9.484217 -0.04164956 1.060549 9.366964 0.009571867 1.402422 9.332707 0.1546099 0.6366734 9.345493 0.1517691 1.040914 9.261916 0.1945687 1.385681 9.23843  A_Kick_Far
-0.03082178 -0.0105201 9.449515 -0.03024392 0.0865463 9.521446 -0.2546277 0.3120892 9.645982 -0.329258 0.3891144 9.356836 0.05665769 0.06263709 9.4165 0.3673992 0.1363465 9.343605 0.5512615 0.3535823 9.22483 0.0427831 0.2118527 9.462234 0.06120153 0.6718341 9.475881 -5.82444E-06 1.062783 9.357612 0.03834393 1.404066 9.305374 0.1691194 0.6238345 9.332523 0.1400674 1.01909 9.217057 0.2050744 1.360686 9.198776  A_Kick_Far
-0.05971978 -2.360344E-05 9.461458 -0.05248485 0.09927809 9.531641 -0.2726694 0.334375 9.642206 -0.3910158 0.3682595 9.359446 0.03363605 0.06415856 9.429235 0.3469053 0.1124825 9.387774 0.5451277 0.3234311 9.281412 0.0335985 0.2152042 9.470883 0.09053941 0.6724715 9.466503 0.03829249 1.064777 9.34843 0.05946596 1.404841 9.280738 0.1884946 0.6097265 9.321695 0.1323093 0.9882805 9.166958 0.2291983 1.322637 9.158813  A_Kick_Far
-0.08894925 0.01941597 9.472124 -0.07531343 0.1202521 9.540904 -0.2891389 0.3644898 9.641968 -0.4446933 0.3625609 9.375686 0.009714263 0.07431698 9.441921 0.3245979 0.09863484 9.418562 0.5373753 0.2961186 9.314493 0.02393015 0.2254559 9.480707 0.1253829 0.6749292 9.458833 0.06821509 1.067489 9.343927 0.07118 1.406706 9.269114 0.2148574 0.5962239 9.31635 0.1149628 0.9383376 9.108065 0.2329953 1.265879 9.102327  A_Kick_Far
-0.1343151 0.06496358 9.484937 -0.1107308 0.1663508 9.552928 -0.303183 0.4275198 9.661417 -0.4897854 0.4056222 9.416861 -0.03025113 0.1069485 9.457369 0.2898789 0.09595454 9.430449 0.5245953 0.2589658 9.314518 0.005008655 0.254819 9.495322 0.1804319 0.6800984 9.447684 0.1012249 1.0709 9.340099 0.07581444 1.408167 9.260856 0.2571555 0.5751368 9.315027 0.09556474 0.8255555 9.029401 0.2610756 1.131667 9.017159  A_Kick_Far
-0.1611692 0.09937954 9.492348 -0.1306638 0.199639 9.560952 -0.2955652 0.47361 9.690919 -0.4775805 0.4666544 9.442062 -0.05591778 0.1351411 9.464048 0.2659419 0.1055509 9.416506 0.5105529 0.242183 9.287659 -0.008632286 0.2792419 9.503399 0.2094898 0.6830324 9.440127 0.1189578 1.073714 9.341402 0.07542761 1.409199 9.262478 0.2758884 0.5630906 9.3148 0.08727933 0.746006 8.99641 0.306753 1.013025 8.954216  A_Kick_Far
-0.1875231 0.1317686 9.501661 -0.1482719 0.2294689 9.570985 -0.2716348 0.5124069 9.733194 -0.4333472 0.5395571 9.472006 -0.08254854 0.1621913 9.469538 0.2357789 0.1170348 9.394901 0.4870077 0.2279483 9.254592 -0.0231881 0.3014282 9.51002 0.2294117 0.6823301 9.43162 0.137458 1.074959 9.342391 0.07564379 1.40754 9.263381 0.2822823 0.5520592 9.310228 0.09677215 0.7002185 8.972533 0.3816641 0.8786384 8.8817  A_Kick_Far
-0.2095137 0.1590985 9.513103 -0.161026 0.2532567 9.582486 -0.2384819 0.5362107 9.775784 -0.3730249 0.5983525 9.505333 -0.1057775 0.1851074 9.475526 0.2048944 0.1276692 9.376316 0.4606617 0.2181019 9.229655 -0.03537456 0.3190962 9.516021 0.2409569 0.6802445 9.424154 0.1492455 1.074383 9.341582 0.07421584 1.40446 9.263519 0.2804871 0.5443792 9.303823 0.131743 0.6811221 8.943851 0.4478856 0.7520002 8.816266  A_Kick_Far
-0.229302 0.1859792 9.527067 -0.1707454 0.275503 9.59551 -0.1976289 0.5497319 9.816461 -0.3013511 0.6413563 9.540863 -0.1277204 0.2078668 9.482764 0.1719052 0.1390566 9.361244 0.4321116 0.210961 9.212157 -0.04629258 0.3358607 9.521962 0.2478176 0.6789743 9.416739 0.154744 1.073779 9.339013 0.0702274 1.402012 9.262897 0.2737759 0.5403786 9.295831 0.1921206 0.6642824 8.910625 0.501704 0.6254647 8.75603  A_Kick_Far
-0.2452513 0.2082267 9.543009 -0.1773497 0.2927259 9.609228 -0.1626913 0.5546274 9.846941 -0.2506173 0.6629205 9.571898 -0.1461952 0.2264692 9.491854 0.1414334 0.1456373 9.356623 0.4076107 0.2041602 9.212299 -0.05528651 0.3486922 9.528549 0.2498644 0.6789936 9.414551 0.1543576 1.073405 9.337788 0.06662978 1.400988 9.262508 0.2652083 0.5407283 9.291471 0.2519157 0.6349675 8.889791 0.5357834 0.551548 8.706194  A_Kick_Far
-0.2589744 0.2322495 9.558814 -0.1820802 0.3111868 9.621889 -0.1271449 0.5573181 9.871018 -0.2052715 0.6764831 9.597516 -0.1630788 0.2471049 9.500771 0.110975 0.1543014 9.35249 0.3821554 0.1985977 9.212479 -0.06316946 0.3631053 9.534108 0.2515285 0.6809209 9.411517 0.1525595 1.074771 9.33627 0.06265344 1.402161 9.262741 0.2568855 0.543638 9.286512 0.3075144 0.5912811 8.879609 0.5608613 0.4800487 8.668207  A_Kick_Far
-0.2764541 0.2819266 9.591558 -0.1833006 0.348502 9.645244 -0.05919931 0.5614964 9.900305 -0.1488815 0.6951882 9.637263 -0.1884929 0.2902533 9.519875 0.0534931 0.1732939 9.346106 0.3302601 0.1917436 9.211331 -0.07243507 0.3927596 9.543799 0.2573919 0.6877375 9.407207 0.1471687 1.079128 9.334825 0.06152948 1.408648 9.265861 0.2477049 0.5531845 9.279523 0.3904577 0.49033 8.897326 0.5606195 0.4041775 8.606001  A_Kick_Far
-0.2813673 0.3045001 9.603974 -0.1826534 0.365937 9.653067 -0.03436999 0.5680723 9.903821 -0.1356418 0.7047961 9.646608 -0.196877 0.3097414 9.52746 0.03108581 0.1840732 9.342008 0.3069749 0.1935725 9.204533 -0.07499664 0.4063106 9.546667 0.2604313 0.691358 9.404109 0.1437442 1.080969 9.332263 0.06256439 1.411884 9.264593 0.2469195 0.5565519 9.27704 0.4314247 0.4502244 8.923409 0.5597876 0.3989867 8.603806  A_Kick_Far
-0.2854944 0.3209536 9.609689 -0.1842219 0.37991 9.656363 -0.02469478 0.5833974 9.898389 -0.1353722 0.7146821 9.64222 -0.2021402 0.3228333 9.531629 0.02007927 0.193334 9.338408 0.2922314 0.2016582 9.193604 -0.07702027 0.4157304 9.547894 0.2624904 0.6931324 9.401033 0.1405379 1.080788 9.327378 0.06268229 1.412386 9.259149 0.2492191 0.5556207 9.276873 0.4691938 0.4315327 8.95035 0.5845791 0.4298755 8.62182  A_Kick_Far
-0.2901281 0.3413817 9.612738 -0.1878202 0.3998715 9.658319 -0.02364312 0.6211099 9.878946 -0.1447689 0.7300709 9.6171 -0.2056982 0.3371581 9.536316 0.01782401 0.2059516 9.336934 0.2803626 0.2188066 9.17565 -0.07803963 0.4269806 9.549902 0.2666992 0.6941824 9.397803 0.1399915 1.079655 9.320794 0.06241741 1.411019 9.251123 0.2563967 0.5509105 9.280039 0.4679495 0.4534041 8.939243 0.5990288 0.4252998 8.617878  A_Kick_Far
-0.291912 0.3508527 9.606865 -0.1912452 0.4121693 9.653544 -0.03471873 0.658891 9.848463 -0.1620294 0.7377584 9.578872 -0.2043767 0.3415189 9.535336 0.02813192 0.2130135 9.336324 0.277224 0.2398586 9.156499 -0.07679199 0.4315311 9.548348 0.2713337 0.6931052 9.395412 0.1442962 1.078101 9.316581 0.06372662 1.408575 9.246086 0.2657063 0.5450997 9.283322 0.4385456 0.4929782 8.912089 0.6228595 0.4340477 8.622602  A_Kick_Far
-0.2916208 0.354516 9.595709 -0.19362 0.4197599 9.643878 -0.04915528 0.6896427 9.811888 -0.1811162 0.7382465 9.537422 -0.2007373 0.3414503 9.530062 0.04143735 0.2171582 9.334208 0.2727922 0.2603571 9.134927 -0.0742998 0.4330424 9.543244 0.2762249 0.692055 9.392615 0.1503436 1.077296 9.313128 0.0661995 1.406768 9.242124 0.2757415 0.5406756 9.284979 0.4108311 0.5268314 8.895155 0.6492537 0.4554452 8.651626  A_Kick_Far
-0.2800492 0.343989 9.559756 -0.190166 0.4188554 9.611374 -0.08512084 0.7257896 9.725271 -0.2298479 0.7140377 9.453199 -0.1823514 0.3277693 9.507549 0.07854129 0.2130058 9.324724 0.2376394 0.294488 9.073422 -0.06112711 0.4258544 9.522826 0.2915814 0.6905893 9.390594 0.1693779 1.076916 9.310642 0.08067943 1.404953 9.238542 0.3054411 0.5363297 9.288059 0.3371122 0.591499 8.880191 0.6573715 0.5502797 8.749872  A_Kick_Far
-0.2675863 0.3239524 9.529097 -0.1846061 0.4048531 9.583488 -0.1126182 0.7254933 9.670817 -0.2672284 0.6783418 9.408176 -0.1660177 0.3095508 9.484953 0.1056027 0.2031074 9.311459 0.1753037 0.3018799 9.02775 -0.05034653 0.4136406 9.503252 0.2986917 0.6923355 9.392983 0.1766082 1.078404 9.31161 0.09040274 1.407192 9.239909 0.3260803 0.5391636 9.291545 0.2860964 0.6300001 8.890853 0.6279392 0.6887404 8.860178  A_Kick_Far
-0.2585573 0.3046916 9.510062 -0.1803785 0.3887931 9.56661 -0.1287654 0.7137583 9.646068 -0.2854369 0.6496182 9.388293 -0.1550015 0.2931985 9.46989 0.122753 0.1950518 9.30055 0.1244689 0.2995074 9.010393 -0.0438414 0.401605 9.490886 0.2986362 0.6938 9.396484 0.1767845 1.079346 9.312336 0.09544851 1.409408 9.240798 0.3360799 0.5426283 9.295259 0.2665949 0.6609051 8.905918 0.5786353 0.8117395 8.939498  A_Kick_Far
-0.2467025 0.2756559 9.489132 -0.1745982 0.3629589 9.548546 -0.1443253 0.690293 9.627611 -0.2957022 0.6131389 9.37024 -0.1412708 0.2690192 9.45262 0.1432422 0.1851023 9.28621 0.06678583 0.2918029 9.007152 -0.03651671 0.3828926 9.477294 0.2929777 0.6947728 9.401428 0.1747402 1.080176 9.311659 0.1020146 1.411999 9.239006 0.343471 0.5471717 9.300602 0.2621784 0.7169144 8.933203 0.4859736 0.9631934 9.035722  A_Kick_Far
-0.2359577 0.2491065 9.474955 -0.1688137 0.3386102 9.536576 -0.1518694 0.6665424 9.620536 -0.2912647 0.5853539 9.357696 -0.1294755 0.2470086 9.440666 0.1597036 0.1793838 9.27516 0.03480097 0.286499 9.014334 -0.03049545 0.365338 9.46806 0.2838497 0.6950322 9.405467 0.1726832 1.081643 9.311934 0.1071732 1.41467 9.237936 0.3454472 0.5518187 9.304486 0.2616189 0.7759414 8.968115 0.4260735 1.060893 9.082156  A_Kick_Far
-0.2245619 0.2252511 9.462233 -0.1621589 0.3166256 9.525794 -0.1568426 0.6445311 9.615026 -0.2829034 0.5617297 9.346028 -0.1173668 0.2275418 9.429904 0.1754467 0.1768292 9.265548 0.01463933 0.2810506 9.023921 -0.02412824 0.3499085 9.459608 0.2740606 0.6959084 9.408605 0.1705495 1.084033 9.312587 0.1117757 1.418148 9.237843 0.3457765 0.5576468 9.307401 0.2591039 0.8249571 9.005016 0.3764572 1.132574 9.118363  A_Kick_Far
-0.2096818 0.1975204 9.448185 -0.1530576 0.2908756 9.513921 -0.1604592 0.617996 9.610538 -0.2678541 0.536431 9.333192 -0.1019916 0.2052411 9.418024 0.1939007 0.1770071 9.255508 0.001526134 0.2762764 9.035868 -0.01605616 0.3322415 9.450201 0.2602733 0.6971006 9.411989 0.1673692 1.08751 9.314398 0.1167209 1.422871 9.239285 0.3436522 0.5658935 9.310331 0.255092 0.8762938 9.053015 0.3341044 1.202189 9.146808  A_Kick_Far
-0.1887528 0.1633953 9.431778 -0.1399318 0.2588362 9.500193 -0.1640989 0.5835565 9.606368 -0.2464991 0.5053117 9.319671 -0.08092205 0.1785369 9.404239 0.2160042 0.1823097 9.244093 -0.005461914 0.2726187 9.04941 -0.005316062 0.311159 9.439516 0.2395949 0.6985387 9.416956 0.1627408 1.091796 9.316874 0.1237714 1.428398 9.240358 0.3372065 0.5779505 9.314818 0.2556307 0.9287952 9.113183 0.2985408 1.269108 9.173134  A_Kick_Far
-0.1610327 0.1275504 9.413166 -0.1217519 0.2245972 9.484612 -0.1667159 0.5444769 9.600699 -0.2215235 0.4700873 9.306473 -0.05374501 0.1517839 9.38864 0.2395032 0.1947339 9.23105 -0.007137341 0.269642 9.061752 0.0086654 0.2900975 9.427675 0.2138518 0.7000111 9.422619 0.1571906 1.096399 9.321422 0.1329343 1.43425 9.244336 0.3265754 0.5934103 9.320486 0.2581544 0.975741 9.180681 0.2654386 1.32333 9.200093  A_Kick_Far
-0.1362689 0.1020272 9.398212 -0.1050023 0.1996398 9.472046 -0.1678409 0.5139272 9.594784 -0.2022184 0.4417938 9.296921 -0.03002326 0.1339049 9.376159 0.2561036 0.2090522 9.220454 -0.005890651 0.2684891 9.069025 0.02085658 0.2759473 9.418404 0.1920788 0.7008092 9.427035 0.1521169 1.099459 9.326756 0.1402044 1.438165 9.250532 0.3157474 0.6065331 9.325449 0.2625785 1.005073 9.231949 0.2459266 1.352715 9.221179  A_Kick_Far
-0.1125951 0.08312047 9.385345 -0.08898608 0.1806308 9.46122 -0.1694958 0.4887389 9.585953 -0.1892634 0.4139766 9.287411 -0.007743997 0.1223134 9.365638 0.2683516 0.2264087 9.210445 -0.003007932 0.2681323 9.069991 0.03180303 0.2669224 9.411175 0.1723452 0.7024392 9.43135 0.1445339 1.102177 9.331295 0.1424843 1.441247 9.255793 0.3046456 0.6192567 9.330956 0.2707444 1.025673 9.267081 0.2477745 1.372173 9.241426  A_Kick_Far
-0.08939998 0.06881762 9.374701 -0.07253353 0.1657881 9.452249 -0.1698116 0.4672186 9.578534 -0.1760946 0.3910724 9.279754 0.01380159 0.1143696 9.357172 0.2788663 0.2428169 9.202818 0.0009709765 0.2671424 9.071339 0.04317148 0.2604883 9.405505 0.1562243 0.7033364 9.435476 0.1387318 1.104151 9.337414 0.1456684 1.443751 9.26463 0.295385 0.6302692 9.336496 0.2693304 1.039822 9.291875 0.2351695 1.383705 9.249145  A_Kick_Far
-0.06235467 0.05632067 9.362238 -0.05358158 0.1520737 9.441618 -0.171171 0.4447826 9.564839 -0.1640929 0.3629757 9.267576 0.03850218 0.109267 9.347674 0.2881278 0.2643617 9.193902 0.006990688 0.2646846 9.06715 0.05573137 0.2561034 9.399555 0.1396216 0.7047893 9.440112 0.1181669 1.104962 9.340233 0.1379725 1.446887 9.28219 0.2854126 0.642184 9.343535 0.2650689 1.05253 9.303464 0.2330582 1.396347 9.258597  A_Kick_Far
-0.03214489 0.04573274 9.348489 -0.03239666 0.1394906 9.429658 -0.1723074 0.4210047 9.546866 -0.1494653 0.3328456 9.252225 0.06552668 0.1065565 9.33766 0.2956587 0.288345 9.185043 0.01462461 0.2601484 9.061232 0.06924595 0.2529985 9.39325 0.1220904 0.7055941 9.445007 0.0943789 1.105219 9.344475 0.1269655 1.448689 9.303977 0.2742864 0.6541346 9.351789 0.2587262 1.064775 9.3126 0.2314387 1.409129 9.268739  A_Kick_Far
0.01034756 0.03758645 9.328878 -0.003810687 0.1272421 9.412032 -0.1768283 0.3889115 9.51065 -0.1269465 0.2895319 9.222999 0.1024083 0.1090093 9.3253 0.3017258 0.3232169 9.175725 0.03052886 0.249037 9.049021 0.08628429 0.2526684 9.385728 0.09940226 0.7069124 9.453135 0.05485262 1.105984 9.356535 0.09441461 1.450925 9.345368 0.2596456 0.6692001 9.367105 0.2474682 1.077753 9.309316 0.2331724 1.423813 9.273451  A_Kick_Far
0.04208912 0.03743482 9.313257 0.01484652 0.1228482 9.39677 -0.1848066 0.3645226 9.465924 -0.1029412 0.25488 9.189548 0.1288434 0.1160237 9.318696 0.3049384 0.3499489 9.175184 0.05361201 0.2352554 9.038126 0.09606142 0.2559011 9.381219 0.08102794 0.7090168 9.460299 0.01710268 1.109403 9.381694 0.03233453 1.456102 9.397248 0.2480326 0.6800645 9.384321 0.2400901 1.083881 9.299043 0.2368995 1.430722 9.268392  A_Kick_Far
0.05714758 0.039518 9.306816 0.02229025 0.1226202 9.389536 -0.1895965 0.3527373 9.435533 -0.08556889 0.2367058 9.169407 0.1409452 0.1208531 9.318437 0.3082841 0.3618878 9.17999 0.07292868 0.2266047 9.033667 0.09946211 0.2586432 9.380424 0.07024254 0.7106784 9.463516 -0.004278464 1.112866 9.406363 -0.01998494 1.459055 9.43045 0.2410969 0.6856712 9.39507 0.2377187 1.086689 9.297211 0.2391042 1.433609 9.267333  A_Kick_Far
0.07854445 0.04698944 9.30648 0.02858253 0.1262462 9.384651 -0.1963908 0.3341703 9.36619 -0.03736727 0.1984458 9.139479 0.1567562 0.1304659 9.332777 0.3245526 0.3766234 9.209092 0.1297861 0.2101194 9.037492 0.1000439 0.2656074 9.388184 0.04123332 0.7152753 9.467816 -0.04372839 1.118148 9.500217 -0.1018926 1.460423 9.488442 0.2195544 0.6986414 9.418558 0.2292354 1.093865 9.299782 0.238341 1.440166 9.264557  A_Kick_Far
0.08226426 0.05056274 9.310256 0.02664979 0.1281823 9.385576 -0.1967201 0.3280963 9.337613 -0.01537274 0.1825641 9.135027 0.1580907 0.1342766 9.342875 0.3342752 0.3793281 9.22737 0.1568104 0.2064457 9.043734 0.09561355 0.2685932 9.393914 0.02458514 0.7172611 9.468689 -0.05766378 1.116115 9.537429 -0.07279705 1.462604 9.517668 0.2053166 0.70402 9.427917 0.2219151 1.096212 9.300193 0.235424 1.442026 9.261744  A_Kick_Far
0.08541168 0.05396342 9.315425 0.02464326 0.1298387 9.387344 -0.1921499 0.323599 9.312523 0.007044034 0.1688052 9.13513 0.1586384 0.1381577 9.353977 0.3472266 0.3800077 9.247363 0.1852699 0.2051883 9.051627 0.09041663 0.2714399 9.40014 0.00844069 0.7191097 9.469903 -0.0734009 1.115739 9.550911 -0.07533209 1.462997 9.541866 0.1910767 0.7086582 9.43771 0.2149719 1.097585 9.301445 0.2331743 1.442641 9.258397  A_Kick_Far
0.0866545 0.05592394 9.320379 0.02280028 0.1308179 9.389569 -0.186717 0.3226833 9.299664 0.02080865 0.1619529 9.13778 0.1580895 0.1406956 9.362431 0.3568111 0.3789644 9.261909 0.2043378 0.2050925 9.057888 0.08618195 0.27325 9.404952 -0.001889391 0.7203785 9.471302 -0.08316974 1.117545 9.550212 -0.09828489 1.464576 9.546357 0.1817663 0.7112542 9.445056 0.2109159 1.098078 9.303914 0.2324857 1.442426 9.256936  A_Kick_Far
0.08465011 0.05823338 9.330065 0.01685782 0.1326035 9.394361 -0.1788339 0.325189 9.286771 0.03557547 0.1550692 9.14466 0.1535159 0.1441296 9.376224 0.3680687 0.3753954 9.284873 0.2298728 0.2028939 9.069817 0.07717468 0.276021 9.412639 -0.017763 0.7225556 9.473534 -0.09533773 1.120912 9.550143 -0.1224335 1.467207 9.554558 0.1670309 0.7148797 9.456392 0.204536 1.099095 9.31019 0.231428 1.442097 9.256572  A_Kick_Far
0.07909293 0.05883026 9.338539 0.009698885 0.1340761 9.399469 -0.1764975 0.3296179 9.284741 0.03745731 0.1520958 9.151261 0.1469139 0.14534 9.385963 0.3701225 0.3716923 9.299225 0.2403736 0.1973108 9.080454 0.06948616 0.2776245 9.418446 -0.02718894 0.7240435 9.475761 -0.1023483 1.123269 9.550225 -0.1339989 1.469067 9.560016 0.1580278 0.7169522 9.463679 0.2005907 1.099656 9.314918 0.2307227 1.441544 9.256165  A_Kick_Far
0.07043619 0.05895102 9.349263 -0.0001643132 0.135866 9.406372 -0.1754927 0.3353401 9.285384 0.0350376 0.1482286 9.15979 0.1375074 0.1459798 9.397346 0.3690051 0.3667543 9.314888 0.2480514 0.1870667 9.095372 0.06003209 0.2792201 9.425524 -0.0369889 0.7256642 9.47882 -0.1101194 1.126413 9.546841 -0.1488679 1.471121 9.56552 0.148507 0.7190539 9.471813 0.1969892 1.099987 9.320344 0.2309585 1.440481 9.255865  A_Kick_Far
0.06464501 0.05891192 9.355853 -0.006470008 0.1369737 9.4107 -0.1753111 0.3387884 9.286531 0.03230341 0.1457895 9.165061 0.1314033 0.1461893 9.40412 0.367343 0.3636543 9.323981 0.2511955 0.179937 9.105206 0.05424483 0.2801136 9.429816 -0.0425425 0.7266046 9.480762 -0.1145543 1.128384 9.543712 -0.1573433 1.472205 9.568811 0.1430469 0.7202353 9.476573 0.1951146 1.100043 9.323479 0.2314472 1.439636 9.255618  A_Kick_Far
0.05375113 0.05852294 9.367195 -0.01782493 0.1388501 9.418276 -0.1758619 0.3443884 9.289491 0.02503456 0.1408759 9.174032 0.1202902 0.1461042 9.415302 0.3627903 0.3579719 9.338247 0.2534949 0.1659547 9.1231 0.04433974 0.2814145 9.437029 -0.05115555 0.7280298 9.484276 -0.1214974 1.131431 9.538073 -0.1691345 1.47365 9.573997 0.1344915 0.721974 9.484372 0.1926221 1.099754 9.328465 0.2328892 1.437714 9.254914  A_Kick_Far
0.04546775 0.05814433 9.375394 -0.02621768 0.1401502 9.423811 -0.1767445 0.3481541 9.292225 0.01872935 0.1373678 9.180571 0.1119974 0.1459315 9.423161 0.3589955 0.3536077 9.347912 0.2536805 0.1557847 9.136065 0.03712352 0.2822511 9.442141 -0.05718384 0.7289541 9.486807 -0.1261391 1.133337 9.534711 -0.1756274 1.474489 9.577605 0.1284479 0.7231132 9.489683 0.1907683 1.099429 9.331868 0.233847 1.436143 9.254302  A_Kick_Far
0.03194632 0.0573746 9.388213 -0.03954093 0.142037 9.432621 -0.1791293 0.3535327 9.297526 0.007307844 0.1321894 9.190963 0.0987329 0.1454502 9.435061 0.3525725 0.3462949 9.362004 0.2518364 0.1404599 9.155634 0.02583416 0.2833352 9.449991 -0.06623279 0.7301691 9.490799 -0.132822 1.13584 9.530442 -0.1833083 1.475521 9.582806 0.1193139 0.7246397 9.497384 0.1877313 1.098775 9.33693 0.2350938 1.433473 9.253374  A_Kick_Far
0.01890506 0.05632985 9.400163 -0.05195342 0.1434481 9.441192 -0.183178 0.3578138 9.303936 -0.004869265 0.1281424 9.201152 0.08630897 0.1446406 9.44559 0.3467098 0.3387452 9.373925 0.2483388 0.1283658 9.171026 0.01550164 0.2839299 9.457173 -0.07407413 0.7308951 9.494617 -0.1383712 1.137551 9.527355 -0.1884277 1.476123 9.586831 0.1113823 0.7256106 9.503535 0.184591 1.098112 9.341402 0.2356314 1.430996 9.252912  A_Kick_Far
0.01072391 0.05534136 9.407704 -0.05946926 0.1439456 9.446999 -0.1874189 0.3599056 9.309141 -0.01316629 0.1263452 9.20818 0.07878555 0.1438012 9.451777 0.3436761 0.3334999 9.380633 0.2458564 0.1234641 9.177113 0.009349661 0.2839117 9.461634 -0.07846706 0.7309881 9.49704 -0.141493 1.138134 9.525934 -0.1909075 1.476269 9.588353 0.1069729 0.7258275 9.506362 0.1824459 1.097744 9.343927 0.235479 1.429649 9.252961  A_Kick_Far
0.003318029 0.05414271 9.41478 -0.06607477 0.1440614 9.45279 -0.1928214 0.361352 9.31491 -0.02106194 0.1253554 9.215351 0.07218648 0.1427621 9.457194 0.3415134 0.3281705 9.386055 0.2437236 0.1213039 9.179299 0.004000084 0.283571 9.465728 -0.08209114 0.7307826 9.499219 -0.1442053 1.138287 9.524848 -0.1929054 1.476241 9.588796 0.1033778 0.7257111 9.508 0.1804626 1.09745 9.345917 0.2351342 1.428587 9.25314  A_Kick_Far
-0.005495055 0.05198503 9.423921 -0.07352297 0.1434566 9.461013 -0.2027119 0.3622048 9.324324 -0.0313168 0.1255027 9.225819 0.06477101 0.1408761 9.463329 0.3400398 0.3206044 9.390918 0.2419617 0.1239321 9.174573 -0.001933618 0.2824543 9.470777 -0.08568971 0.7299049 9.501845 -0.1475287 1.137654 9.524015 -0.1954889 1.475811 9.587448 0.09988852 0.7248903 9.507936 0.1780026 1.097175 9.347607 0.2342696 1.427674 9.253518  A_Kick_Far
-0.01026313 0.04991794 9.429856 -0.07704161 0.1422694 9.467158 -0.2121512 0.3617003 9.332852 -0.03798399 0.1272333 9.233865 0.06125667 0.1390889 9.466304 0.3410209 0.3142474 9.390978 0.241938 0.1310201 9.163568 -0.004652364 0.2810403 9.47373 -0.08682786 0.7287103 9.503371 -0.1498529 1.136348 9.524194 -0.1979405 1.474997 9.584845 0.09883793 0.723681 9.505486 0.1765704 1.097122 9.347679 0.2333401 1.427591 9.253788  A_Kick_Far
