-0.01840411 0.004479289 5.612485 -0.08281963 0.1032788 5.634175 -0.2792461 0.3683956 5.660368 -0.3174033 0.6661623 5.589754 0.0551339 0.09507763 5.640406 0.2778409 0.3380001 5.676865 0.3423124 0.6348196 5.623518 -0.005058212 0.2390362 5.626185 -0.09436099 0.6828774 5.589272 -0.07908402 1.095377 5.602887 -0.05642561 1.441864 5.613221 0.09134163 0.6848772 5.592749 0.1305128 1.087135 5.508737 0.1619563 1.433882 5.503694  O_Jump_Close
-0.01761155 0.01757658 5.608254 -0.08199827 0.1160858 5.631307 -0.2776585 0.3817022 5.65812 -0.3170626 0.678716 5.585061 0.05594929 0.1077434 5.637481 0.2825549 0.3488626 5.673868 0.3428936 0.6441169 5.608382 -0.004180713 0.2519118 5.625265 -0.09292148 0.6964135 5.596048 -0.08029591 1.106635 5.549854 -0.06159965 1.4494 5.603107 0.09278466 0.6980672 5.599517 0.1351025 1.0855 5.463473 0.1585398 1.4318 5.491321  O_Jump_Close
-0.01771842 0.04850018 5.589644 -0.08181922 0.1461877 5.616651 -0.2788908 0.411785 5.646991 -0.3275398 0.706868 5.571713 0.0560977 0.137174 5.622562 0.2887854 0.3751719 5.658203 0.3478611 0.66619 5.574999 -0.00358109 0.2819057 5.616191 -0.09023432 0.7274698 5.607429 -0.08689277 1.123968 5.491877 -0.04089538 1.451513 5.598051 0.09547885 0.7279925 5.610877 0.1418591 1.092811 5.423368 0.1467917 1.431876 5.502478  O_Jump_Close
-0.0170751 0.07867908 5.573283 -0.08094256 0.1752611 5.604492 -0.281857 0.4396408 5.639172 -0.3439836 0.7323823 5.564672 0.05694379 0.1656235 5.610125 0.2938851 0.4010338 5.646155 0.3578247 0.6860486 5.547248 -0.002342625 0.3106564 5.610055 -0.08712386 0.7561204 5.62182 -0.09269659 1.134582 5.456561 -0.04223422 1.452539 5.587062 0.09859069 0.7556317 5.625199 0.1469925 1.092357 5.391367 0.1454747 1.427122 5.487167  O_Jump_Close
-0.01381759 0.1241504 5.534885 -0.07780932 0.2175387 5.574443 -0.2933349 0.4750017 5.618249 -0.3921907 0.7600127 5.554189 0.06005259 0.2073761 5.579742 0.3017835 0.4385641 5.623663 0.3995802 0.6996574 5.491866 0.0007711221 0.351844 5.592553 -0.08259349 0.7941532 5.641507 -0.0983371 1.149338 5.431339 -0.04020802 1.453322 5.5891 0.10312 0.7927547 5.644683 0.1529447 1.09707 5.37025 0.1431849 1.423978 5.489763  O_Jump_Close
-0.009915216 0.1627278 5.488807 -0.07426624 0.2510086 5.53827 -0.3093698 0.4968768 5.59 -0.4441665 0.7678658 5.530819 0.06357123 0.2403742 5.54327 0.3130775 0.4628761 5.603336 0.4578216 0.6903205 5.453594 0.004039483 0.3824365 5.57197 -0.07908551 0.8202379 5.652113 -0.1016497 1.158799 5.416653 -0.03989128 1.452981 5.590768 0.1066224 0.8187149 5.655547 0.1569677 1.100079 5.357717 0.1421481 1.420842 5.492398  O_Jump_Close
-0.009717984 0.1279379 5.453664 -0.07372628 0.2119995 5.510389 -0.3207266 0.4522736 5.566125 -0.4676029 0.7130847 5.49188 0.06400956 0.1999865 5.515054 0.3228464 0.4150931 5.584379 0.4727162 0.6489955 5.450464 0.005286353 0.3394067 5.555834 -0.07678156 0.7733083 5.656641 -0.09500293 1.132311 5.45327 -0.04108666 1.443071 5.598855 0.1089305 0.771584 5.65974 0.1553806 1.072912 5.381446 0.1456582 1.402961 5.491993  O_Jump_Close
-0.01150952 0.06449866 5.416964 -0.07441835 0.1436266 5.481481 -0.3301404 0.3799704 5.544587 -0.4765213 0.6256287 5.429122 0.06309946 0.1290642 5.48523 0.331106 0.339239 5.559374 0.4829752 0.5842562 5.4498 0.006381767 0.2647512 5.539282 -0.07403801 0.6959406 5.653823 -0.08087723 1.089364 5.52834 -0.04811106 1.425613 5.609191 0.1116718 0.6941352 5.657006 0.1524497 1.033183 5.425084 0.1543383 1.375774 5.487334  O_Jump_Close
-0.01230703 -0.04171991 5.38794 -0.07380627 0.03177452 5.460034 -0.3370584 0.2559203 5.531691 -0.4657073 0.4663352 5.346536 0.0634634 0.01472044 5.461891 0.3444175 0.2118541 5.535013 0.5174924 0.4509763 5.445737 0.009054082 0.1454158 5.529031 -0.07052808 0.5773677 5.640853 -0.07047467 0.9846219 5.572161 -0.05944197 1.331746 5.579726 0.1151807 0.5759008 5.644262 0.1522722 0.9262483 5.429124 0.1619212 1.272346 5.466149  O_Jump_Close
-0.01072036 -0.1043615 5.385011 -0.0718876 -0.03282344 5.459321 -0.343687 0.1792459 5.532554 -0.4624558 0.3555129 5.309101 0.06533845 -0.05028939 5.460422 0.3558668 0.1337324 5.529995 0.5466593 0.3550633 5.431429 0.01140733 0.07855034 5.531423 -0.06562011 0.5148928 5.626158 -0.06948195 0.920869 5.550375 -0.06049816 1.268035 5.558677 0.1200676 0.5109434 5.628607 0.1584686 0.8466805 5.391522 0.1584626 1.189216 5.454113  O_Jump_Close
-0.01026057 -0.1443294 5.387564 -0.07112221 -0.07315958 5.462476 -0.3495641 0.1314878 5.53496 -0.4628566 0.2794964 5.289266 0.06609435 -0.09072614 5.46301 0.3637902 0.08374059 5.527931 0.5634246 0.2938842 5.422621 0.01249816 0.03775752 5.534904 -0.05966179 0.4780914 5.614156 -0.07103203 0.8809398 5.523832 -0.05853299 1.226753 5.554342 0.1258691 0.4692415 5.615395 0.1691586 0.7873316 5.35588 0.1528032 1.123334 5.445783  O_Jump_Close
-0.009248002 -0.2104331 5.402747 -0.06967454 -0.1374743 5.476278 -0.3599989 0.05483961 5.543592 -0.4561558 0.1549156 5.26819 0.06754084 -0.1550574 5.476452 0.3768826 0.003509045 5.53081 0.5895616 0.1941451 5.414492 0.01436897 -0.0248754 5.545552 -0.04715554 0.4216119 5.591061 -0.07858084 0.8157937 5.471864 -0.05836574 1.154184 5.547739 0.1374967 0.4015112 5.592089 0.2002193 0.6734419 5.287913 0.1485741 0.9867442 5.43082  O_Jump_Close
-0.004523559 -0.2666999 5.427978 -0.06567125 -0.1899482 5.496908 -0.3671789 -0.01079655 5.554867 -0.4495893 0.06972647 5.268804 0.07170506 -0.2061812 5.498136 0.3889559 -0.05905068 5.542984 0.6084297 0.1192595 5.419935 0.01726963 -0.07251918 5.559133 -0.03979234 0.376507 5.578284 -0.1044617 0.7341139 5.382044 -0.06034444 1.043614 5.533495 0.1441576 0.3508502 5.580669 0.2267105 0.5584273 5.233538 0.1506727 0.8406062 5.422855  O_Jump_Close
2.177251E-05 -0.3089713 5.451597 -0.06179146 -0.2280608 5.514951 -0.3729477 -0.062639 5.562681 -0.4503928 0.0182606 5.27534 0.07573177 -0.2428868 5.517143 0.3989355 -0.1053778 5.553766 0.6217346 0.06389141 5.424101 0.02009107 -0.1057186 5.568508 -0.04011778 0.3437288 5.575871 -0.1214259 0.6752143 5.343318 -0.06382941 0.9619902 5.53071 0.1441094 0.3201723 5.578511 0.2350878 0.4742782 5.20652 0.1526513 0.7365851 5.420172  O_Jump_Close
0.01491071 -0.3598331 5.527946 -0.04903476 -0.2684571 5.57202 -0.3835405 -0.149542 5.584356 -0.4450195 -0.05996287 5.295733 0.08884306 -0.2787833 5.57653 0.4265573 -0.1738538 5.591461 0.658895 -0.05423915 5.427705 0.02952583 -0.1351162 5.596293 -0.06090383 0.3063902 5.584715 -0.1736355 0.5533698 5.27348 -0.08447818 0.7997753 5.501535 0.1247739 0.3107907 5.587154 0.2221465 0.4900017 5.22826 0.1632888 0.7672324 5.430563  O_Jump_Close
0.01902808 -0.3445106 5.546116 -0.04552225 -0.2514266 5.585484 -0.3843018 -0.1449841 5.588935 -0.4417269 -0.05293095 5.300256 0.09242494 -0.2605678 5.59041 0.4332167 -0.1647173 5.599859 0.6659697 -0.05994093 5.426792 0.03213431 -0.1164818 5.602807 -0.06677352 0.3213516 5.586752 -0.1876799 0.5388556 5.257133 -0.09096693 0.7719337 5.49587 0.118526 0.3338907 5.589649 0.2128791 0.5844687 5.275465 0.1671309 0.8881627 5.439553  O_Jump_Close
0.02150114 -0.3150979 5.558134 -0.04345207 -0.2210488 5.594425 -0.3835562 -0.1189429 5.59375 -0.4394569 -0.02433145 5.305599 0.09453441 -0.2294184 5.599615 0.4374644 -0.1399832 5.604303 0.6704107 -0.04751837 5.424607 0.0336143 -0.08526719 5.607265 -0.06857644 0.3513157 5.587994 -0.1950756 0.5430981 5.244786 -0.09435813 0.7675867 5.49001 0.1165035 0.3667068 5.591167 0.2045804 0.6566632 5.310862 0.1671831 0.9773179 5.44136  O_Jump_Close
0.02341934 -0.2583033 5.572403 -0.0419694 -0.1632401 5.60509 -0.3816903 -0.05971253 5.602776 -0.4369714 0.03786671 5.315495 0.09605767 -0.170745 5.610518 0.4409798 -0.08709705 5.607471 0.6735933 -0.0147599 5.418361 0.03445031 -0.02669871 5.612658 -0.06789814 0.4107714 5.590776 -0.1985338 0.5597602 5.228407 -0.09572731 0.7757927 5.480269 0.117246 0.4253441 5.594065 0.1861569 0.7457515 5.343079 0.1504495 1.083015 5.421986  O_Jump_Close
0.02331425 -0.1919558 5.581594 -0.04243902 -0.09628785 5.611683 -0.3785063 0.01836467 5.615586 -0.4453852 0.1220431 5.332946 0.09561725 -0.103104 5.617275 0.4408847 -0.02093935 5.605784 0.6702982 0.02447045 5.404757 0.03344913 0.04070592 5.615484 -0.06899498 0.4789381 5.592744 -0.1939873 0.6078041 5.220797 -0.09573267 0.8218957 5.47611 0.1162073 0.492715 5.596188 0.161387 0.8547116 5.403002 0.1405202 1.200495 5.438308  O_Jump_Close
0.0206004 -0.1141888 5.590822 -0.04536967 -0.01798451 5.618639 -0.3712834 0.1193961 5.636361 -0.4716406 0.2403626 5.371025 0.09270312 -0.02434504 5.624359 0.4368006 0.05865657 5.602528 0.6584037 0.06585813 5.388182 0.03020008 0.1192368 5.61916 -0.07158963 0.5584176 5.597057 -0.179405 0.7422972 5.243308 -0.09234224 0.9789255 5.482266 0.1137025 0.570887 5.600646 0.1559492 0.9505701 5.444251 0.1540612 1.298086 5.466094  O_Jump_Close
0.0167609 -0.03794539 5.598531 -0.04928438 0.05874538 5.624416 -0.3627079 0.2172334 5.652309 -0.4938288 0.3615302 5.413367 0.08879794 0.05263436 5.630177 0.4279669 0.1460521 5.594084 0.6305071 0.1268004 5.362327 0.0261537 0.1960202 5.62208 -0.07423149 0.6362396 5.600446 -0.1605087 0.8879243 5.284557 -0.08804075 1.156154 5.493064 0.1111726 0.6469193 5.604028 0.157565 1.022326 5.438739 0.1581374 1.368574 5.475617  O_Jump_Close
0.008729594 0.056162 5.575716 -0.05707804 0.1520429 5.604997 -0.3474549 0.342173 5.644645 -0.5020962 0.5285239 5.453681 0.08099826 0.1454517 5.610358 0.3987662 0.2914459 5.573751 0.5731332 0.3179326 5.320771 0.01864721 0.2891606 5.607276 -0.07680063 0.7319551 5.609137 -0.1234188 1.072966 5.380855 -0.06735341 1.37674 5.539763 0.1087909 0.7385771 5.612808 0.1586957 1.088684 5.399881 0.1476737 1.425254 5.488467  O_Jump_Close
-0.004451199 0.1544737 5.52105 -0.06909238 0.2464093 5.562889 -0.3222129 0.4765408 5.611529 -0.473708 0.7264029 5.51291 0.06883486 0.237065 5.567989 0.340976 0.4454277 5.595243 0.5085345 0.614584 5.399246 0.008558946 0.3807601 5.584358 -0.07777338 0.822188 5.638841 -0.1086466 1.154482 5.395526 -0.04480515 1.443574 5.577251 0.1079353 0.8228055 5.642511 0.1614165 1.104439 5.345483 0.1424609 1.422733 5.485402  O_Jump_Close
-0.009696169 0.1833773 5.480903 -0.07452564 0.2710433 5.530832 -0.3006152 0.5235466 5.586018 -0.4143592 0.8006614 5.512689 0.06338997 0.2613082 5.535498 0.3080189 0.4917449 5.593737 0.4014982 0.7533903 5.459917 0.00297709 0.4028634 5.564855 -0.08090417 0.842285 5.642536 -0.1052972 1.170777 5.393393 -0.04040132 1.455477 5.581563 0.1048044 0.8411824 5.646098 0.1579161 1.106671 5.334492 0.1412508 1.421001 5.483376  O_Jump_Close
-0.008426411 0.1622686 5.481364 -0.0739129 0.2502276 5.529902 -0.2910343 0.5084735 5.591447 -0.3759949 0.7877018 5.491844 0.06409617 0.2418106 5.534365 0.3069491 0.4777306 5.596953 0.355396 0.7674824 5.503138 0.002489107 0.3833205 5.561362 -0.08288048 0.8242786 5.627059 -0.1033003 1.165431 5.39517 -0.04142312 1.45595 5.575292 0.1028271 0.8238242 5.630801 0.1555557 1.104962 5.333169 0.1412792 1.422278 5.475838  O_Jump_Close
-0.008757515 0.1508075 5.480471 -0.07440726 0.2384218 5.529409 -0.2852593 0.500982 5.598427 -0.3547713 0.7807061 5.488745 0.06359227 0.2300235 5.534191 0.3051307 0.4687762 5.604 0.3430547 0.7626179 5.518425 0.001860695 0.3713311 5.561953 -0.08421616 0.8125946 5.624518 -0.1020499 1.160109 5.402055 -0.04152141 1.45522 5.575028 0.1014921 0.8122275 5.628241 0.1542347 1.102121 5.339132 0.1416605 1.422402 5.475183  O_Jump_Close
-0.01000814 0.1349366 5.480261 -0.07559274 0.2221699 5.529962 -0.2796144 0.4887348 5.609152 -0.3330813 0.7680489 5.489852 0.06237086 0.2133795 5.535065 0.3027866 0.4535989 5.615051 0.3346964 0.7473932 5.526897 0.0008990337 0.3545257 5.564192 -0.08580433 0.796312 5.623403 -0.0999494 1.152372 5.414606 -0.04159359 1.454094 5.57657 0.09990568 0.7959746 5.627039 0.1523969 1.098055 5.350642 0.1425949 1.422656 5.476284  O_Jump_Close
-0.01214723 0.1005808 5.48396 -0.07756697 0.1875952 5.534257 -0.276293 0.4538894 5.626659 -0.308722 0.7304397 5.494086 0.06038811 0.178578 5.539191 0.3012827 0.4149987 5.633518 0.3260927 0.7065949 5.536253 -0.0008590649 0.3196266 5.569249 -0.08833359 0.7624592 5.619442 -0.09496574 1.136741 5.44496 -0.04276697 1.451616 5.582082 0.0973769 0.7624371 5.623068 0.1478964 1.091095 5.378456 0.1444938 1.423753 5.481291  O_Jump_Close
-0.01319693 0.06411004 5.491155 -0.07876973 0.1513484 5.540862 -0.2802256 0.4093862 5.634964 -0.3036105 0.6884709 5.505843 0.05922754 0.1428314 5.545497 0.3018176 0.3703394 5.643789 0.3268681 0.6625322 5.548394 -0.002407653 0.2839366 5.574477 -0.09060578 0.7276748 5.614921 -0.08871637 1.12093 5.488741 -0.04551838 1.448825 5.595009 0.09510459 0.7281332 5.618526 0.1421437 1.085428 5.417202 0.1473586 1.425609 5.491346  O_Jump_Close
-0.01367657 0.05362833 5.494814 -0.07923029 0.141261 5.543849 -0.2812797 0.3975002 5.636361 -0.3044612 0.679001 5.512558 0.05877038 0.1327947 5.548476 0.300658 0.3590263 5.645627 0.3278932 0.6520767 5.553518 -0.002862496 0.2741246 5.576344 -0.09122448 0.7181579 5.613218 -0.0864722 1.116577 5.504524 -0.0464981 1.448019 5.600555 0.0944856 0.7187544 5.616819 0.1403013 1.084055 5.430111 0.1485544 1.426219 5.494174  O_Jump_Close
-0.01439212 0.03976667 5.50036 -0.0798956 0.1281198 5.548152 -0.282122 0.38302 5.636233 -0.3066771 0.668916 5.523237 0.05810793 0.1197063 5.552789 0.29788 0.345698 5.646129 0.3303032 0.6405748 5.561862 -0.003486795 0.2614386 5.578624 -0.0920587 0.7058604 5.610211 -0.08302407 1.110389 5.527445 -0.04795847 1.446782 5.606716 0.09365065 0.7066516 5.613809 0.1376006 1.084213 5.452816 0.1505045 1.428245 5.505003  O_Jump_Close
-0.01538048 0.02205312 5.51989 -0.08079909 0.1124706 5.563779 -0.2818769 0.3688736 5.638891 -0.3110068 0.6613069 5.545394 0.05720838 0.1042308 5.568605 0.2916146 0.3340771 5.650499 0.3343121 0.6315326 5.581205 -0.004317446 0.2469933 5.588171 -0.09319495 0.6921911 5.604871 -0.07714073 1.103102 5.566543 -0.05048321 1.445879 5.616219 0.09251304 0.6933366 5.608444 0.1336783 1.083303 5.479466 0.1543522 1.429823 5.506739  O_Jump_Close
-0.01566897 0.01426363 5.536997 -0.08101498 0.1064109 5.577245 -0.2808115 0.3651809 5.64186 -0.3132526 0.6604037 5.558802 0.05699356 0.09831607 5.582283 0.2877816 0.3319817 5.654874 0.3367925 0.6302195 5.593585 -0.004461093 0.241779 5.596106 -0.09351431 0.687239 5.600734 -0.07608543 1.099772 5.591372 -0.05621074 1.44541 5.619893 0.09219261 0.6886201 5.604279 0.132141 1.084033 5.492672 0.1565086 1.431014 5.508756  O_Jump_Close
-0.01610116 0.009812474 5.55315 -0.08134048 0.1035618 5.589701 -0.2798192 0.3646244 5.644475 -0.31512 0.6615638 5.569054 0.05666562 0.0955621 5.594952 0.2844791 0.3326116 5.658713 0.3387695 0.63107 5.60322 -0.004663153 0.2395169 5.603028 -0.0938506 0.6849384 5.597543 -0.07851122 1.097435 5.611166 -0.05599944 1.443916 5.62204 0.09185524 0.6865131 5.601063 0.131275 1.084908 5.500411 0.1582643 1.431968 5.50872  O_Jump_Close
-0.01658468 0.006510973 5.570377 -0.08170073 0.1017977 5.602958 -0.2789056 0.364879 5.647371 -0.3169239 0.6631446 5.578816 0.05630137 0.09388471 5.608442 0.2812907 0.3339623 5.6628 0.3407043 0.6323519 5.612421 -0.004875882 0.2381164 5.610434 -0.09417014 0.6832607 5.594647 -0.07895474 1.0957 5.610043 -0.05565707 1.442155 5.620027 0.09153469 0.6850122 5.598139 0.1305563 1.085905 5.507774 0.1602229 1.432844 5.508579  O_Jump_Close
-0.01698611 0.004954576 5.584684 -0.08195345 0.1014544 5.613808 -0.2784736 0.3656789 5.650615 -0.3179022 0.6643869 5.584839 0.0560409 0.09355628 5.619502 0.2794009 0.3353646 5.66682 0.3418984 0.633412 5.618176 -0.004939122 0.2378489 5.616273 -0.09428595 0.6826159 5.592549 -0.07901572 1.095095 5.606769 -0.05636374 1.441568 5.617605 0.09141804 0.6844864 5.596023 0.1303386 1.086499 5.510731 0.1611004 1.43333 5.507652  O_Jump_Close
-0.01742188 0.004496694 5.596801 -0.08221607 0.1019892 5.622841 -0.2784988 0.3667977 5.65421 -0.318109 0.6654264 5.588184 0.0557675 0.09404624 5.628733 0.2784012 0.3367159 5.670874 0.3424111 0.6343081 5.621417 -0.004973991 0.2382634 5.620903 -0.09433387 0.6826379 5.59097 -0.07908402 1.095122 5.605065 -0.05644886 1.441599 5.615798 0.09136952 0.6845863 5.594435 0.130396 1.086851 5.510389 0.1616075 1.43363 5.50613  O_Jump_Close
-0.01823781 0.004440427 5.610165 -0.08271711 0.1030505 5.632517 -0.279105 0.3681443 5.659381 -0.3175769 0.6660798 5.589653 0.05524166 0.09489679 5.638694 0.2778894 0.3378253 5.67594 0.3423736 0.6347712 5.623314 -0.00504343 0.2389086 5.62544 -0.09435861 0.6828307 5.589506 -0.07908855 1.095328 5.603207 -0.05643592 1.441814 5.613614 0.09134407 0.6848255 5.592979 0.1304921 1.087104 5.509055 0.1619165 1.433854 5.504081  O_Jump_Close
