0.004019039 0.05495536 3.426015 -0.06559967 0.1468054 3.45915 -0.2133777 0.3443604 3.320087 -0.07400851 0.09053624 3.213987 0.07273592 0.1474348 3.459496 0.4074293 0.2515391 3.419493 0.2024551 0.03308117 3.346239 0.002893405 0.2876822 3.460939 -0.09198634 0.7336257 3.472967 -0.1849268 1.133545 3.428228 -0.2547728 1.472157 3.394504 0.09372045 0.7339742 3.476761 0.1779862 1.113296 3.337414 0.2455208 1.441488 3.242668  A_Punch_Close
0.005449133 0.05493975 3.427754 -0.06503437 0.1466007 3.460189 -0.2122882 0.342896 3.319104 -0.07125096 0.08913147 3.215087 0.07329418 0.1478833 3.461101 0.4083303 0.2509686 3.42225 0.2033752 0.0336467 3.345641 0.002789395 0.2878056 3.461566 -0.0926265 0.7338215 3.47229 -0.1843682 1.134104 3.428333 -0.2532347 1.472991 3.395365 0.09306081 0.7340667 3.476948 0.1774992 1.113813 3.338867 0.2448378 1.441841 3.243415  A_Punch_Close
0.006648974 0.05546141 3.428468 -0.06446378 0.1468787 3.460576 -0.2114801 0.3422612 3.31828 -0.06950705 0.08854508 3.215424 0.07385553 0.1487155 3.461856 0.4090558 0.2513307 3.424103 0.2040335 0.03487754 3.345247 0.002792554 0.2883559 3.46182 -0.09314148 0.7343811 3.47235 -0.1841403 1.134806 3.428149 -0.2525079 1.473864 3.395906 0.09253068 0.7345889 3.477579 0.1771036 1.114309 3.339508 0.2444398 1.442191 3.243552  A_Punch_Close
0.009264784 0.05771279 3.428468 -0.06301908 0.1484252 3.460402 -0.2099515 0.3421254 3.316472 -0.06688266 0.08850586 3.214904 0.07527204 0.15148 3.46227 0.4105775 0.2538724 3.427161 0.2052018 0.03912973 3.344633 0.00298466 0.2904897 3.4618 -0.09423356 0.7364243 3.473794 -0.184128 1.136824 3.427171 -0.252068 1.476131 3.396692 0.09141047 0.7366498 3.47994 0.1762815 1.115505 3.339693 0.2439745 1.443045 3.242827  A_Punch_Close
0.01199146 0.06120312 3.427379 -0.06148611 0.1510372 3.45945 -0.2093688 0.3428793 3.31486 -0.06460921 0.09011173 3.213565 0.07676013 0.1554136 3.461915 0.411857 0.2587075 3.429685 0.2057032 0.04574966 3.344515 0.003140884 0.2937232 3.461648 -0.09551691 0.7394943 3.47572 -0.1844947 1.13952 3.424367 -0.2525707 1.479072 3.397101 0.09008594 0.7398011 3.483003 0.1759825 1.116814 3.33848 0.2450379 1.444211 3.242096  A_Punch_Close
0.014174 0.06429231 3.426279 -0.06025688 0.1533813 3.458518 -0.2090344 0.3437473 3.313601 -0.06288783 0.0917815 3.2123 0.07794167 0.1588315 3.46147 0.4127928 0.2630671 3.431593 0.2059216 0.05156648 3.344552 0.003240244 0.2965597 3.461491 -0.09659778 0.7421747 3.477356 -0.1848137 1.141798 3.421731 -0.25303 1.481542 3.397362 0.08896507 0.7425512 3.485591 0.1758864 1.117831 3.337222 0.2461854 1.445173 3.241549  A_Punch_Close
0.01665206 0.06880486 3.424337 -0.05885099 0.1570017 3.456828 -0.2089096 0.3458266 3.311836 -0.06072263 0.09501827 3.210627 0.07927711 0.1635627 3.460678 0.4131887 0.2710822 3.433461 0.2060406 0.06026959 3.345414 0.003443437 0.3006694 3.461276 -0.09796433 0.7459875 3.478979 -0.1859068 1.144716 3.416876 -0.2550283 1.484617 3.397821 0.08753712 0.7466589 3.488482 0.1761337 1.11987 3.335945 0.2483884 1.44792 3.244235  A_Punch_Close
0.01966424 0.07512999 3.422637 -0.05715827 0.1621958 3.455435 -0.208834 0.3491223 3.310384 -0.05799345 0.09982812 3.209353 0.08086057 0.1700907 3.460508 0.4133409 0.2822895 3.436607 0.2060265 0.07198298 3.347746 0.003652411 0.3064227 3.461872 -0.09976618 0.7513227 3.481779 -0.1873757 1.148709 3.411187 -0.2574725 1.488739 3.399343 0.08564319 0.7524081 3.492902 0.176788 1.120413 3.329596 0.251534 1.448134 3.238715  A_Punch_Close
0.02896042 0.114032 3.416827 -0.05320792 0.19678 3.446892 -0.1999934 0.3846469 3.296464 -0.04022781 0.1376623 3.203829 0.08326401 0.2078319 3.466654 0.4008581 0.3539224 3.460146 0.2043343 0.136947 3.363169 0.002138691 0.3418741 3.467513 -0.1074523 0.7853351 3.491261 -0.1969111 1.172013 3.377016 -0.2712259 1.510151 3.40555 0.07709683 0.7876727 3.512182 0.1828021 1.127543 3.303093 0.26424 1.457878 3.228971  A_Punch_Close
0.02928432 0.1249222 3.415287 -0.05369775 0.2070632 3.443997 -0.1960695 0.3976454 3.29212 -0.03595213 0.1504723 3.200602 0.08201601 0.217971 3.468493 0.3951586 0.3712524 3.467852 0.2025225 0.1529716 3.366121 0.0006963183 0.3518981 3.468592 -0.1082135 0.7954503 3.494266 -0.1992823 1.178329 3.369024 -0.2739561 1.515473 3.406856 0.07617153 0.7972016 3.516641 0.1843673 1.129409 3.296788 0.2657414 1.460787 3.227397  A_Punch_Close
0.02821578 0.1331435 3.413116 -0.05505536 0.2151114 3.440913 -0.1927587 0.4084805 3.288528 -0.03311072 0.1612993 3.196217 0.08007021 0.2254671 3.468682 0.3905452 0.3825897 3.474044 0.2002399 0.1650783 3.366447 -0.0009965133 0.3595473 3.468421 -0.108098 0.8033644 3.497581 -0.2011992 1.183212 3.364833 -0.2755542 1.519544 3.409849 0.07638527 0.8041599 3.519188 0.1853839 1.130924 3.291706 0.2667107 1.463212 3.226759  A_Punch_Close
0.0262623 0.1435307 3.410326 -0.05717192 0.2254531 3.437057 -0.1883266 0.422644 3.284535 -0.02959017 0.1756018 3.190299 0.07716824 0.2348464 3.468708 0.3846153 0.3957666 3.48236 0.1968878 0.1803116 3.366421 -0.003352566 0.3692542 3.46813 -0.1075502 0.8134285 3.502759 -0.2036413 1.188102 3.35798 -0.2770016 1.523782 3.409077 0.07715489 0.8128112 3.522386 0.1861764 1.133022 3.285779 0.267253 1.466493 3.226858  A_Punch_Close
0.02354445 0.1505202 3.407547 -0.05959223 0.2326577 3.434381 -0.1857444 0.4328507 3.283391 -0.02867387 0.1861374 3.18557 0.07454742 0.2410623 3.467141 0.381684 0.4020007 3.487251 0.1941266 0.1909022 3.363299 -0.005298479 0.3758733 3.467279 -0.1065236 0.8202454 3.508191 -0.2054567 1.190268 3.353692 -0.2771117 1.526186 3.405638 0.07858266 0.8185021 3.523494 0.1858959 1.135322 3.2816 0.2673181 1.469596 3.227945  A_Punch_Close
0.02053566 0.1574047 3.404254 -0.0621777 0.2398281 3.431461 -0.1832032 0.44302 3.282557 -0.02804731 0.1968113 3.180501 0.07187749 0.2471485 3.464821 0.3792237 0.4071976 3.491589 0.191479 0.2015553 3.359046 -0.007204814 0.3824041 3.465969 -0.105093 0.8268688 3.51389 -0.2078163 1.192262 3.35107 -0.2776822 1.528372 3.404198 0.08035846 0.8240338 3.523952 0.1851097 1.137915 3.277154 0.2670322 1.472916 3.229083  A_Punch_Close
0.01743509 0.1636333 3.400672 -0.06459223 0.2463087 3.429364 -0.1819126 0.4521375 3.284111 -0.02905862 0.2068373 3.176542 0.06986012 0.2526819 3.461289 0.3787445 0.4101068 3.492985 0.1895698 0.2114629 3.352067 -0.008532925 0.3883046 3.46451 -0.1030137 0.8326272 3.520346 -0.2105299 1.193213 3.350072 -0.2781586 1.529964 3.40202 0.08267768 0.8290644 3.523094 0.1832958 1.141196 3.272388 0.2661991 1.476768 3.230357  A_Punch_Close
0.01350941 0.1705544 3.39606 -0.06732123 0.253473 3.42782 -0.1816322 0.4620371 3.288673 -0.03216032 0.2183118 3.173071 0.06808259 0.2588832 3.455637 0.3803928 0.4109333 3.491211 0.1880241 0.2228169 3.34051 -0.009478493 0.3948437 3.462595 -0.09941076 0.8387009 3.529055 -0.2145079 1.193027 3.350785 -0.2795386 1.530919 3.398472 0.08609493 0.834712 3.520495 0.179902 1.146003 3.26613 0.2649269 1.481921 3.231812  A_Punch_Close
0.01068528 0.175552 3.392026 -0.068754 0.2584759 3.427613 -0.1827113 0.4689482 3.295454 -0.03613202 0.2272657 3.172119 0.06771494 0.2634045 3.449731 0.3841992 0.4087197 3.485346 0.188346 0.2313243 3.32636 -0.00917588 0.399455 3.461021 -0.09519617 0.842668 3.536573 -0.2181914 1.191709 3.353223 -0.2815206 1.530659 3.39537 0.08947636 0.8388563 3.517001 0.1760091 1.150939 3.261032 0.2634614 1.486886 3.233845  A_Punch_Close
0.008460836 0.1793469 3.388493 -0.0693609 0.2621269 3.428277 -0.184352 0.4739689 3.30353 -0.04051922 0.2345164 3.172831 0.06802316 0.266888 3.443775 0.3889872 0.404595 3.47681 0.189446 0.2379978 3.310879 -0.008164687 0.4028718 3.459687 -0.09055249 0.8453634 3.543237 -0.2215894 1.189735 3.356657 -0.2841159 1.529558 3.392499 0.09268911 0.8420806 3.513016 0.1720162 1.155805 3.256721 0.262384 1.491444 3.236034  A_Punch_Close
0.005280094 0.1834539 3.383916 -0.06930165 0.2658714 3.430655 -0.188715 0.4790014 3.31796 -0.04893724 0.2436088 3.175974 0.06889512 0.2706221 3.434698 0.3972248 0.3942214 3.458638 0.1930887 0.2459613 3.281291 -0.005728168 0.4063827 3.458147 -0.08287351 0.8476639 3.552145 -0.2262617 1.185681 3.363044 -0.2890304 1.526376 3.388752 0.09723701 0.8457242 3.50678 0.1654572 1.162744 3.251343 0.2603452 1.497561 3.23945  A_Punch_Close
0.002442436 0.1858907 3.380664 -0.06843989 0.2678968 3.433824 -0.1933821 0.4816121 3.33262 -0.05746804 0.2503148 3.180513 0.06962682 0.2728186 3.42671 0.4041685 0.3819135 3.438232 0.1969641 0.2512794 3.250867 -0.002972288 0.4082991 3.457104 -0.07555173 0.848465 3.55906 -0.2298199 1.181391 3.369492 -0.2941285 1.522376 3.385846 0.1009249 0.848057 3.501117 0.1594926 1.168463 3.247517 0.2587549 1.502183 3.242468  A_Punch_Close
-0.002633078 0.1868744 3.379071 -0.06699072 0.2686776 3.440332 -0.2034562 0.4818846 3.354682 -0.07320599 0.2568885 3.188793 0.06939782 0.2734565 3.417692 0.4114457 0.357818 3.404236 0.2057607 0.2570595 3.197727 0.000936525 0.4088892 3.456684 -0.06764261 0.8475236 3.565641 -0.2330918 1.176254 3.378191 -0.3000236 1.517064 3.384703 0.1042718 0.8498521 3.495345 0.1529901 1.174004 3.244435 0.257291 1.50622 3.24577  A_Punch_Close
-0.006651266 0.1871468 3.379201 -0.06545608 0.2689122 3.44586 -0.2105091 0.481362 3.372524 -0.08549236 0.2615503 3.195999 0.06853546 0.2735134 3.411767 0.4133514 0.3387355 3.377252 0.2129755 0.2601417 3.156397 0.003835874 0.4090012 3.45656 -0.06227891 0.8465068 3.569674 -0.235082 1.172639 3.384332 -0.3044594 1.513022 3.384264 0.1061797 0.8509964 3.491552 0.1487141 1.177487 3.242558 0.2568018 1.508454 3.247632  A_Punch_Close
-0.0116723 0.1861376 3.383677 -0.06271802 0.2683587 3.455755 -0.2210433 0.4784563 3.398542 -0.1054752 0.2659836 3.207213 0.06685753 0.2724866 3.407481 0.410854 0.3100591 3.339619 0.2323554 0.262202 3.092733 0.007412808 0.4084231 3.45785 -0.05997745 0.8445441 3.572219 -0.2372769 1.169338 3.388784 -0.3090316 1.509175 3.382772 0.1062879 0.8523218 3.489776 0.1456132 1.179662 3.24137 0.2561286 1.509788 3.248494  A_Punch_Close
-0.01626782 0.1840137 3.392102 -0.05671458 0.2670323 3.469479 -0.2310512 0.4727523 3.436207 -0.1328614 0.2708918 3.22474 0.06475939 0.2707998 3.403395 0.3963433 0.2756149 3.286814 0.2677862 0.2547036 3.007278 0.01224502 0.4073389 3.459507 -0.05983553 0.8416594 3.573555 -0.2405652 1.165706 3.392157 -0.3150291 1.504803 3.380228 0.1048176 0.8538429 3.488452 0.1431584 1.180961 3.2396 0.255482 1.510445 3.24806  A_Punch_Close
-0.01748435 0.182392 3.3978 -0.05161844 0.2659712 3.477369 -0.2340968 0.4686283 3.459673 -0.1495489 0.2730236 3.236742 0.06390579 0.2696568 3.401357 0.3821108 0.2575938 3.255257 0.2944948 0.242916 2.95994 0.01534523 0.4065396 3.460131 -0.06139181 0.839631 3.573287 -0.2430835 1.163819 3.393107 -0.3190046 1.502507 3.378957 0.1030228 0.8546428 3.488175 0.1422593 1.181196 3.238722 0.2546323 1.510652 3.247631  A_Punch_Close
-0.0172358 0.1796567 3.40361 -0.04497413 0.2639245 3.484919 -0.234321 0.4632165 3.48418 -0.1664966 0.2735741 3.250636 0.06313904 0.2677757 3.398698 0.3628627 0.2447435 3.221052 0.3227687 0.2279161 2.915742 0.018474 0.4049442 3.459848 -0.06356089 0.8369265 3.571613 -0.2463906 1.161737 3.393719 -0.3238697 1.500018 3.378338 0.1006909 0.854541 3.486686 0.1418346 1.180764 3.237108 0.2537801 1.510356 3.246316  A_Punch_Close
-0.01602445 0.177122 3.407764 -0.03879241 0.2619948 3.490071 -0.2323423 0.4585638 3.503193 -0.1791549 0.273272 3.262474 0.06268789 0.2660205 3.396141 0.3449936 0.2367967 3.194334 0.3440752 0.214166 2.886776 0.02102031 0.4033924 3.458928 -0.06554537 0.834442 3.569677 -0.2494599 1.159972 3.394234 -0.3283261 1.497919 3.378563 0.09860207 0.85408 3.484993 0.1415393 1.180338 3.235764 0.2528281 1.510142 3.245358  A_Punch_Close
-0.01529591 0.1725166 3.41172 -0.03318248 0.2584704 3.494651 -0.2291122 0.4537625 3.521465 -0.1910058 0.2718376 3.275378 0.0607322 0.2620753 3.393141 0.3252285 0.2326549 3.169781 0.3615628 0.2015545 2.865122 0.02237298 0.3999829 3.456854 -0.06689458 0.8307145 3.56612 -0.2529697 1.157458 3.395272 -0.3338297 1.494927 3.379452 0.09653319 0.8514742 3.480318 0.1413359 1.179971 3.234379 0.2523701 1.50982 3.245278  A_Punch_Close
-0.01805959 0.1634303 3.416347 -0.03222625 0.2516645 3.49883 -0.2285385 0.4486673 3.535969 -0.2002585 0.2695686 3.286507 0.05509182 0.2527496 3.391538 0.312334 0.2340962 3.160161 0.368441 0.1976753 2.859114 0.02009036 0.3922553 3.453686 -0.06732486 0.8244316 3.55872 -0.2560949 1.153952 3.396373 -0.3398162 1.490718 3.380469 0.09459569 0.8439584 3.469827 0.1414508 1.179145 3.233485 0.2529393 1.508749 3.246891  A_Punch_Close
-0.02466862 0.1555088 3.419619 -0.03948418 0.245935 3.50041 -0.2335639 0.4481852 3.534143 -0.2015157 0.2676729 3.28616 0.0490035 0.2434287 3.394104 0.3209628 0.2383008 3.180745 0.3576266 0.1999297 2.876956 0.01481475 0.3848016 3.452363 -0.06706421 0.8193724 3.551736 -0.2555171 1.152408 3.396341 -0.3406599 1.488829 3.38069 0.09409721 0.8358831 3.460874 0.1423184 1.177797 3.23466 0.2544394 1.507129 3.249409  A_Punch_Close
-0.03552113 0.1457682 3.423406 -0.05454318 0.2390515 3.500082 -0.2441711 0.4494432 3.51865 -0.1980058 0.2634076 3.277057 0.04208298 0.2310846 3.401405 0.3423655 0.244297 3.230642 0.3273886 0.1983224 2.926066 0.006889181 0.3750185 3.452334 -0.06730811 0.8126193 3.542888 -0.251469 1.15208 3.396513 -0.3375616 1.488328 3.382401 0.09439351 0.8248146 3.452304 0.144045 1.174766 3.239063 0.2555642 1.504358 3.252498  A_Punch_Close
-0.04224918 0.1382208 3.426288 -0.06652521 0.2334836 3.498103 -0.251629 0.4486954 3.497219 -0.1912657 0.255163 3.264821 0.03941889 0.2217104 3.40993 0.3582151 0.2475247 3.27423 0.3026565 0.198884 2.974812 0.001816826 0.367327 3.453876 -0.06932966 0.8067151 3.536316 -0.2460009 1.152879 3.396558 -0.3316334 1.489322 3.384429 0.09474869 0.8162228 3.449774 0.146663 1.170349 3.244097 0.255525 1.500989 3.252708  A_Punch_Close
-0.05320815 0.1198449 3.430441 -0.09018235 0.2186501 3.488402 -0.2595707 0.4387845 3.435277 -0.1663491 0.224949 3.233555 0.0345399 0.2007512 3.431294 0.3782599 0.2486342 3.371183 0.2494322 0.1859726 3.098087 -0.008845193 0.3489707 3.457716 -0.0765615 0.7913904 3.521889 -0.2311859 1.153382 3.396876 -0.3145796 1.490481 3.387744 0.09504385 0.7957534 3.450937 0.1565575 1.156701 3.260317 0.2569084 1.49005 3.25283  A_Punch_Close
-0.05441431 0.1133353 3.430049 -0.09538274 0.2126389 3.483691 -0.2585767 0.4320729 3.413751 -0.1561238 0.2115617 3.224051 0.03346844 0.1942723 3.436816 0.3802176 0.248284 3.396537 0.2383956 0.1782719 3.131794 -0.01187663 0.3427129 3.45823 -0.0793439 0.7858201 3.518146 -0.2259889 1.152735 3.397964 -0.3084095 1.490067 3.388612 0.09485276 0.788798 3.45374 0.1608636 1.151412 3.267845 0.2580163 1.485477 3.253365  A_Punch_Close
-0.05455087 0.1081516 3.429338 -0.09848867 0.2076703 3.479717 -0.2566463 0.4262159 3.397599 -0.1477831 0.2007273 3.217567 0.03292211 0.1893083 3.440585 0.3807462 0.2482325 3.414651 0.2295672 0.1701239 3.157457 -0.01390897 0.3377769 3.458286 -0.08134358 0.7813817 3.515306 -0.2219546 1.151967 3.399246 -0.3037291 1.489443 3.389417 0.09471358 0.7833275 3.456131 0.1639959 1.147241 3.274004 0.2584786 1.481754 3.253471  A_Punch_Close
-0.0517265 0.0990293 3.426584 -0.1006711 0.1982371 3.472523 -0.2522135 0.4144008 3.372978 -0.1341117 0.181139 3.209429 0.03374257 0.1812141 3.444586 0.3811708 0.2488433 3.437206 0.2173137 0.1492616 3.195673 -0.01610492 0.3292164 3.457233 -0.08436166 0.7735746 3.511065 -0.2147869 1.150142 3.402619 -0.2954789 1.487811 3.390667 0.09450652 0.7738913 3.460989 0.1688904 1.139946 3.285277 0.2583092 1.47486 3.252347  A_Punch_Close
-0.04829649 0.09479225 3.424282 -0.09971236 0.1934066 3.468681 -0.2496558 0.4083304 3.362566 -0.1275504 0.1718544 3.206756 0.03576716 0.1776264 3.445582 0.3823534 0.2499014 3.440668 0.2112851 0.1354374 3.211021 -0.01586394 0.3251616 3.456399 -0.08582054 0.7697172 3.508963 -0.2108331 1.149264 3.404603 -0.290837 1.487047 3.391343 0.09447046 0.7696158 3.464279 0.1708943 1.136586 3.291375 0.2576971 1.471483 3.251918  A_Punch_Close
-0.0448495 0.09067345 3.422123 -0.0986322 0.188697 3.464903 -0.2467002 0.4023995 3.352335 -0.1210295 0.1628251 3.204286 0.03771265 0.1741297 3.446597 0.3832482 0.2507613 3.444013 0.2057163 0.122303 3.227021 -0.01558767 0.3211972 3.455519 -0.08716445 0.7659448 3.506807 -0.2071429 1.148266 3.406754 -0.2863833 1.486177 3.39224 0.09436406 0.7654201 3.467453 0.1727114 1.133272 3.297307 0.257128 1.467949 3.251337  A_Punch_Close
-0.04084454 0.08726227 3.420052 -0.09659176 0.18461 3.461559 -0.2430812 0.3975977 3.343959 -0.1151271 0.1552948 3.202451 0.04038091 0.1711284 3.447631 0.3844312 0.2539885 3.443378 0.2016133 0.1104505 3.240699 -0.01432083 0.3177639 3.455057 -0.0883932 0.7625069 3.504511 -0.2032839 1.147523 3.40892 -0.2815897 1.485615 3.393569 0.09434266 0.7620277 3.47121 0.1741044 1.130372 3.302794 0.2561733 1.464728 3.250656  A_Punch_Close
-0.0357881 0.08328676 3.41772 -0.09382962 0.1797925 3.457637 -0.2382127 0.391984 3.334102 -0.1079303 0.1464598 3.20049 0.04369976 0.1676035 3.449015 0.3854516 0.2580957 3.442034 0.1978167 0.09666443 3.258084 -0.01260732 0.3137121 3.454596 -0.08972107 0.7584196 3.501674 -0.1989682 1.146328 3.411303 -0.2761529 1.484611 3.394544 0.0942259 0.75804 3.475888 0.175667 1.126894 3.309402 0.2551902 1.460597 3.249684  A_Punch_Close
-0.02959458 0.07927406 3.416015 -0.08979581 0.1748608 3.454311 -0.2311908 0.3864127 3.32496 -0.1005462 0.1372199 3.198697 0.04807611 0.1639713 3.451148 0.3884722 0.2572814 3.440894 0.1946426 0.08124053 3.27797 -0.009771211 0.3095319 3.455044 -0.09087221 0.7540563 3.498409 -0.1936743 1.145132 3.41435 -0.2690964 1.48373 3.395996 0.09412815 0.7541776 3.481784 0.1770299 1.123401 3.316845 0.25372 1.456109 3.248494  A_Punch_Close
-0.02335773 0.07515836 3.415118 -0.08542769 0.1698196 3.452067 -0.2239756 0.3806529 3.317932 -0.09460269 0.1278474 3.197684 0.05257847 0.1603332 3.453323 0.391692 0.2558089 3.438066 0.1920053 0.0670898 3.298014 -0.006847722 0.3052847 3.455959 -0.09188198 0.7496041 3.495167 -0.1891739 1.143505 3.418024 -0.2626748 1.482415 3.397738 0.09368332 0.7503528 3.487012 0.1779799 1.120191 3.324171 0.2524445 1.451561 3.24738  A_Punch_Close
-0.01941614 0.07215464 3.415504 -0.0824015 0.1662031 3.452053 -0.2200115 0.3761452 3.316082 -0.09278725 0.121192 3.198097 0.05565896 0.1578496 3.454658 0.3937791 0.255143 3.433495 0.1905107 0.0585134 3.310519 -0.004986031 0.3022985 3.457115 -0.09263574 0.7464771 3.493275 -0.1871065 1.141962 3.420877 -0.2593045 1.481026 3.398585 0.09306403 0.747786 3.489346 0.1780253 1.118548 3.328969 0.2513172 1.448985 3.247191  A_Punch_Close
-0.01565443 0.06930804 3.416142 -0.07951663 0.1628332 3.452335 -0.2166307 0.371668 3.315104 -0.09061359 0.1153574 3.198777 0.05859377 0.1556598 3.4557 0.3958249 0.2547739 3.430009 0.1907639 0.05175829 3.321202 -0.003304524 0.2995764 3.458151 -0.0932375 0.7436686 3.491266 -0.185769 1.140405 3.42335 -0.2568879 1.479551 3.398927 0.09249856 0.7454649 3.49062 0.1780204 1.117219 3.33286 0.2504062 1.4468 3.246924  A_Punch_Close
-0.01301639 0.06731105 3.416755 -0.07749878 0.1605051 3.452714 -0.2144196 0.3684676 3.314898 -0.08885811 0.1115463 3.199428 0.06064953 0.1542218 3.456295 0.3973199 0.2546729 3.42808 0.1918035 0.04771519 3.327901 -0.002183957 0.2977307 3.458845 -0.09360389 0.7417896 3.489734 -0.1851694 1.139268 3.424915 -0.25562 1.478429 3.398836 0.09212603 0.7438993 3.490952 0.1780027 1.116421 3.335208 0.2498513 1.44544 3.246709  A_Punch_Close
-0.0004298519 0.05901682 3.421487 -0.06832157 0.151085 3.455769 -0.210705 0.3526311 3.316881 -0.07767145 0.09714556 3.206714 0.06998964 0.1495296 3.457971 0.4047893 0.2547178 3.422572 0.2011607 0.03648126 3.34503 0.00233026 0.2908329 3.460198 -0.09274857 0.7358071 3.479764 -0.1842771 1.135333 3.429007 -0.2537728 1.474282 3.398066 0.09294124 0.7374321 3.484031 0.1777901 1.114271 3.338441 0.2465057 1.442272 3.24388  A_Punch_Close
0.001963871 0.05720496 3.423521 -0.06678902 0.1491406 3.457222 -0.2116124 0.3487172 3.318182 -0.07539742 0.09412205 3.209857 0.07154025 0.1486931 3.45866 0.4061745 0.2539322 3.421453 0.2025243 0.0347544 3.346673 0.002772348 0.2894653 3.460536 -0.09229104 0.7349146 3.476515 -0.1843612 1.134666 3.428593 -0.253971 1.473503 3.396688 0.09340413 0.7359371 3.480735 0.1780512 1.113941 3.338076 0.2462734 1.442038 3.243494  A_Punch_Close
0.003446179 0.05596113 3.425261 -0.06594287 0.1478446 3.458486 -0.2125784 0.3459554 3.31919 -0.0740215 0.09195817 3.212442 0.07239182 0.1481431 3.459313 0.4070927 0.2525744 3.420404 0.2025308 0.03369856 3.347245 0.002878683 0.2885535 3.460804 -0.09204017 0.7343599 3.473901 -0.1846486 1.134235 3.428093 -0.2544777 1.472986 3.395761 0.09365918 0.7348988 3.478025 0.1782155 1.113819 3.337763 0.2462071 1.442128 3.243753  A_Punch_Close
