0.007710533 0.04648197 10.94995 -0.06559919 0.13478 10.98473 -0.2009753 0.3573321 10.85441 0.008096354 0.1605715 10.7418 0.07259424 0.1410798 10.98511 0.2964558 0.387725 10.99525 0.2564494 0.2583421 10.71819 -0.002943737 0.2782933 10.98909 -0.116036 0.719675 11.00922 -0.176069 1.128138 10.99788 -0.2163983 1.470653 11.03948 0.06950237 0.7275754 11.01304 0.1470762 1.097419 10.84691 0.2039463 1.427325 10.75112  SA_HookPunch_Far
0.003492968 0.04583991 10.95189 -0.06925695 0.134375 10.98715 -0.2050356 0.3553059 10.85588 0.003901796 0.1573514 10.74512 0.06895311 0.1402743 10.98648 0.2952881 0.3848933 10.99188 0.2523055 0.2504053 10.71771 -0.006156309 0.2777139 10.99076 -0.1178138 0.7194614 11.01069 -0.1763158 1.128105 10.99793 -0.2153638 1.470854 11.03882 0.06776865 0.7268416 11.01319 0.1453882 1.09701 10.8478 0.2027427 1.42637 10.75043  SA_HookPunch_Far
-0.00101958 0.04449284 10.95405 -0.0731452 0.1332781 10.98992 -0.2099018 0.3522042 10.85774 -0.001355989 0.1528617 10.74875 0.06506784 0.1387727 10.98786 0.2941176 0.3809127 10.98722 0.2470234 0.2406778 10.71663 -0.009597166 0.2764401 10.99257 -0.1197336 0.7185683 11.01242 -0.1763368 1.127432 10.99823 -0.213818 1.470496 11.03793 0.06588508 0.7254018 11.01317 0.1435278 1.096234 10.84928 0.2013544 1.425058 10.75039  SA_HookPunch_Far
-0.005070014 0.0428679 10.95613 -0.07660024 0.1318741 10.99268 -0.2149784 0.3486391 10.85984 -0.007123036 0.1478813 10.75214 0.0615926 0.137038 10.98903 0.29315 0.3765322 10.98163 0.2411373 0.2307545 10.7149 -0.01269267 0.2748919 10.99426 -0.1214829 0.7173495 11.01422 -0.176019 1.126452 10.99887 -0.2118195 1.469883 11.03691 0.06414963 0.7237066 11.01292 0.141799 1.095483 10.85119 0.2000082 1.423854 10.75103  SA_HookPunch_Far
-0.008940501 0.04110026 10.95856 -0.07984088 0.1302789 10.99598 -0.2207835 0.3444639 10.86262 -0.01405768 0.1420804 10.75579 0.05829628 0.1351749 10.99037 0.2920905 0.3718573 10.97524 0.2342231 0.2207283 10.71272 -0.01565669 0.2731813 10.99625 -0.1232241 0.715936 11.01644 -0.1756199 1.125278 11.00006 -0.2096678 1.469124 11.03591 0.06238659 0.7218719 11.01257 0.1399925 1.094531 10.85286 0.198511 1.422226 10.75069  SA_HookPunch_Far
-0.01338361 0.03879881 10.96151 -0.08349459 0.1281452 11.00013 -0.2282268 0.338913 10.86634 -0.02314941 0.1344569 10.76028 0.05452152 0.1327686 10.99192 0.2905618 0.3659182 10.96679 0.2250597 0.2086618 10.70973 -0.01906787 0.2709308 10.99865 -0.1252813 0.7140113 11.01919 -0.1750937 1.123629 11.00167 -0.2070159 1.467983 11.03446 0.06023868 0.7194865 11.01185 0.1378687 1.093662 10.85574 0.1966949 1.420722 10.75173  SA_HookPunch_Far
-0.01884232 0.03588259 10.96582 -0.08783202 0.125361 11.0065 -0.2390461 0.331134 10.87275 -0.03740231 0.1231303 10.76701 0.04987969 0.1296785 10.99408 0.2890261 0.3570805 10.95395 0.2110259 0.1924393 10.70513 -0.02324126 0.2680151 11.00219 -0.1278038 0.711482 11.02331 -0.1744429 1.121417 11.00453 -0.2036261 1.466458 11.03227 0.05742468 0.7164257 11.01037 0.1352379 1.093039 10.86033 0.1943562 1.41923 10.75379  SA_HookPunch_Far
-0.02375726 0.03304422 10.97014 -0.09156232 0.1226262 11.01305 -0.2499714 0.3232371 10.88025 -0.05218075 0.1115457 10.77455 0.04566487 0.1266826 10.99604 0.286265 0.3488781 10.94019 0.1956743 0.1766912 10.70092 -0.02698766 0.2651644 11.00572 -0.1300668 0.7089585 11.02762 -0.1739227 1.119147 11.0077 -0.2006345 1.46479 11.02986 0.05464597 0.7134452 11.00858 0.1326969 1.092536 10.86505 0.1916842 1.417839 10.75575  SA_HookPunch_Far
-0.02780185 0.03054845 10.97419 -0.09438603 0.1202319 11.01947 -0.2605979 0.3157679 10.88894 -0.06708823 0.1003808 10.78278 0.04213579 0.1240795 10.99746 0.2827923 0.3414378 10.9254 0.1794359 0.1612967 10.69742 -0.03003304 0.2626734 11.00899 -0.1318244 0.7067183 11.03201 -0.1735113 1.11709 11.01122 -0.1982218 1.463215 11.02736 0.05210521 0.7108504 11.00643 0.1302047 1.092407 10.86962 0.1882993 1.416832 10.75727  SA_HookPunch_Far
-0.03113238 0.02835166 10.97771 -0.09646152 0.1181575 11.02524 -0.2703914 0.3090702 10.89821 -0.08117656 0.09036648 10.79109 0.03916897 0.1218557 10.99826 0.2784889 0.3346767 10.91057 0.1634851 0.1466125 10.6949 -0.03250877 0.2605265 11.01176 -0.1331796 0.7047569 11.03627 -0.1732503 1.115247 11.01467 -0.1964494 1.461702 11.0249 0.04973968 0.7086151 11.00422 0.1278736 1.092316 10.87356 0.1845324 1.415998 10.75837  SA_HookPunch_Far
-0.03440515 0.02604675 10.98141 -0.09814756 0.1160257 11.03158 -0.2813689 0.3017879 10.91033 -0.09747349 0.07942832 10.80149 0.03613074 0.1196116 10.99851 0.2720983 0.3272307 10.89237 0.1443558 0.1295199 10.69313 -0.03490691 0.2583368 11.01458 -0.1343528 0.7027236 11.04134 -0.1730879 1.113294 11.01884 -0.1950828 1.459964 11.02196 0.04701694 0.7063419 11.00142 0.1252027 1.092319 10.87768 0.1794191 1.41526 10.75929  SA_HookPunch_Far
-0.03693591 0.0241797 10.98427 -0.09906702 0.114305 11.03683 -0.290928 0.2955483 10.92231 -0.1121963 0.07007861 10.81129 0.03367134 0.117882 10.99804 0.2645138 0.3210409 10.87515 0.1267535 0.114429 10.69229 -0.03673659 0.2566065 11.01668 -0.1351803 0.7010759 11.04595 -0.1728155 1.111683 11.02229 -0.1939646 1.458405 11.01907 0.04441829 0.7045639 10.99868 0.1230597 1.092406 10.88122 0.1748724 1.415089 10.76106  SA_HookPunch_Far
-0.0396574 0.02219951 10.98731 -0.09957205 0.1124965 11.04283 -0.3021405 0.2882379 10.9384 -0.1301374 0.05912113 10.82426 0.03081478 0.1161542 10.99676 0.2527204 0.3139932 10.85332 0.1048294 0.0963372 10.69252 -0.03869407 0.2548288 11.01883 -0.1359245 0.6993445 11.05167 -0.1724021 1.109946 11.02617 -0.1928867 1.456547 11.01513 0.04096415 0.7027563 10.9951 0.1208322 1.0926 10.88534 0.1695463 1.415382 10.76415  SA_HookPunch_Far
-0.04191647 0.02066076 10.98987 -0.09911112 0.1110594 11.04856 -0.3125423 0.2812589 10.95678 -0.1487542 0.04833055 10.83835 0.02823122 0.1149538 10.99465 0.2372407 0.3081651 10.83032 0.08174814 0.07945573 10.69387 -0.04017548 0.2534964 11.02065 -0.1361918 0.6979564 11.05787 -0.1721926 1.108413 11.02952 -0.1926886 1.45469 11.01092 0.0372109 0.7014671 10.99139 0.1185773 1.092709 10.88788 0.1645848 1.4161 10.76726  SA_HookPunch_Far
-0.04400335 0.01965892 10.99221 -0.09816252 0.1101353 11.05402 -0.321749 0.2747068 10.97645 -0.1665664 0.03800595 10.85398 0.02554138 0.1143135 10.99223 0.2188759 0.3030131 10.80797 0.05892803 0.06383336 10.697 -0.04150615 0.2526989 11.02229 -0.1361156 0.6970701 11.06419 -0.1722242 1.107274 11.03251 -0.1934267 1.453026 11.00643 0.03312375 0.7007326 10.98773 0.1165964 1.092896 10.88953 0.1603434 1.417011 10.77001  SA_HookPunch_Far
-0.04703466 0.01946545 10.99519 -0.09358756 0.1098735 11.06336 -0.3346866 0.2646877 11.02236 -0.201095 0.02176189 10.88728 0.02053042 0.1149415 10.98533 0.1718773 0.2979434 10.76586 0.01237942 0.04102147 10.7054 -0.04265539 0.2528467 11.02456 -0.1334649 0.6967696 11.07779 -0.1748602 1.105608 11.03641 -0.2011508 1.44996 10.99894 0.02515276 0.7012353 10.98124 0.1104584 1.093486 10.88498 0.1552323 1.4205 10.77406  SA_HookPunch_Far
-0.0485907 0.02112806 10.99629 -0.08841936 0.1113228 11.06894 -0.3372019 0.2614455 11.06071 -0.222635 0.01569629 10.91378 0.0166349 0.1172627 10.97913 0.1303216 0.2979528 10.7401 -0.02230893 0.03131807 10.71337 -0.04253964 0.2546998 11.02559 -0.1293434 0.6981356 11.08825 -0.1793165 1.105066 11.0384 -0.2119748 1.448318 10.99614 0.01966204 0.7034778 10.97748 0.1027947 1.094819 10.87577 0.1517717 1.423895 10.77302  SA_HookPunch_Far
-0.04906724 0.02320051 10.99602 -0.0838012 0.1130998 11.07168 -0.3331265 0.2633448 11.08809 -0.234375 0.0177294 10.92989 0.01394959 0.1198337 10.97402 0.09942527 0.3007814 10.72605 -0.04745398 0.02971601 10.71867 -0.04184465 0.2568415 11.02565 -0.1254149 0.6998235 11.09522 -0.1836121 1.104795 11.03878 -0.2208556 1.447497 10.99586 0.01634415 0.7059692 10.97535 0.09547837 1.096504 10.86754 0.148868 1.427048 10.77194  SA_HookPunch_Far
-0.04944865 0.02633464 10.99524 -0.07867758 0.1158782 11.07371 -0.3251793 0.2675644 11.11581 -0.2448535 0.02312982 10.94579 0.01085104 0.1234972 10.96853 0.06668861 0.3051783 10.71508 -0.07212816 0.02998173 10.72514 -0.04101251 0.2600197 11.02528 -0.1208434 0.7024957 11.10186 -0.188599 1.105029 11.039 -0.2304309 1.44721 10.99615 0.01296033 0.709516 10.97322 0.08721031 1.09925 10.85921 0.1460984 1.430946 10.77113  SA_HookPunch_Far
-0.04960452 0.03030694 10.99355 -0.0732138 0.119392 11.07457 -0.3123161 0.2756432 11.14164 -0.2539028 0.03491032 10.95795 0.007608728 0.1280093 10.96263 0.03490372 0.3118488 10.708 -0.09520607 0.03318393 10.73085 -0.04000274 0.2639759 11.02424 -0.1159442 0.7058883 11.1076 -0.1939899 1.105499 11.03835 -0.2395499 1.447342 10.99662 0.009866433 0.7138535 10.97118 0.07854368 1.102943 10.85161 0.1442524 1.435446 10.77179  SA_HookPunch_Far
-0.04976998 0.03459287 10.99153 -0.06837378 0.123245 11.07443 -0.2980305 0.2850283 11.16299 -0.2620485 0.04962504 10.96704 0.004523056 0.1327786 10.95725 0.007961707 0.3192519 10.70487 -0.1137807 0.03753424 10.73517 -0.03915093 0.2682269 11.02279 -0.1114808 0.7096285 11.11185 -0.1990304 1.10635 11.03754 -0.2472843 1.44801 10.99736 0.007201629 0.7184249 10.96923 0.07121135 1.107028 10.84556 0.1437954 1.439723 10.77281  SA_HookPunch_Far
-0.04993508 0.03864157 10.98946 -0.06441288 0.1269156 11.07368 -0.28403 0.2944378 11.17927 -0.2689247 0.06536627 10.97335 0.001848774 0.1372308 10.95268 -0.01306777 0.3264954 10.7043 -0.1280346 0.0423044 10.73781 -0.03849302 0.2722307 11.02121 -0.1077697 0.7132021 11.11474 -0.2033481 1.107329 11.03662 -0.2532846 1.448941 10.99812 0.005062597 0.7226806 10.9675 0.06554522 1.110952 10.84105 0.1443916 1.443417 10.77398  SA_HookPunch_Far
-0.05019395 0.04550219 10.98607 -0.05872009 0.1332338 11.07173 -0.2609718 0.3097316 11.20138 -0.2795032 0.09325242 10.98252 -0.002153022 0.144681 10.94601 -0.04169146 0.3383992 10.70637 -0.1477284 0.05092418 10.74128 -0.03756611 0.2790222 11.01845 -0.1022534 0.7193637 11.11809 -0.2099029 1.109407 11.03531 -0.2617134 1.451051 10.99969 0.002018588 0.7298172 10.96473 0.05743446 1.117584 10.83446 0.1458766 1.449092 10.77506  SA_HookPunch_Far
-0.04976712 0.07479858 10.96985 -0.03909324 0.1608318 11.05676 -0.1528651 0.3701586 11.26217 -0.3185219 0.2528476 11.03 -0.01451473 0.1758577 10.92146 -0.1146126 0.3890854 10.7348 -0.2100034 0.09613121 10.74832 -0.03360067 0.3080224 11.00342 -0.08304094 0.7462701 11.1199 -0.2351083 1.119228 11.02851 -0.2862125 1.462188 11.0075 -0.007508798 0.7597975 10.95074 0.02844121 1.145493 10.80809 0.1532351 1.468808 10.77431  SA_HookPunch_Far
-0.04823486 0.08592927 10.96326 -0.03238998 0.1715864 11.04981 -0.1092731 0.3882134 11.27437 -0.3235391 0.327189 11.06113 -0.01664214 0.1873354 10.91328 -0.1264972 0.407369 10.74841 -0.2268008 0.1157551 10.75062 -0.03138314 0.3190258 10.99688 -0.07725386 0.7567913 11.1166 -0.2449207 1.122926 11.02491 -0.2941645 1.466474 11.00995 -0.009618802 0.7709988 10.9442 0.01827909 1.156134 10.79826 0.1551178 1.47537 10.77354  SA_HookPunch_Far
-0.04626713 0.09298205 10.95885 -0.02806775 0.1785517 11.04527 -0.08245115 0.3976375 11.27972 -0.3231097 0.377254 11.08795 -0.0164269 0.1943922 10.90834 -0.1279286 0.4187024 10.75561 -0.2338412 0.1291064 10.75102 -0.02939616 0.3259976 10.99237 -0.07440542 0.7636355 11.11279 -0.2509411 1.125807 11.02201 -0.2982472 1.469803 11.01186 -0.0101823 0.7780268 10.9391 0.01244731 1.163046 10.79195 0.1563345 1.479577 10.77318  SA_HookPunch_Far
-0.04413442 0.09972668 10.9545 -0.02391909 0.1852523 11.0408 -0.05603717 0.4058304 11.28262 -0.3157702 0.4254968 11.11752 -0.01581059 0.2010841 10.90361 -0.1272876 0.4290119 10.76135 -0.2393659 0.141892 10.7511 -0.02737002 0.3326616 10.98789 -0.07199161 0.7702187 11.10863 -0.2567347 1.128568 11.01901 -0.3018602 1.472964 11.01365 -0.0105894 0.7847227 10.93392 0.006932871 1.16964 10.78582 0.1574291 1.483373 10.77278  SA_HookPunch_Far
-0.04087387 0.1058155 10.95043 -0.01985501 0.19142 11.03684 -0.03350626 0.4124891 11.28364 -0.3059626 0.4672812 11.14995 -0.01321696 0.2069454 10.89953 -0.1209914 0.4375426 10.76162 -0.2397047 0.1532377 10.74812 -0.02469669 0.33867 10.98359 -0.07066582 0.7762927 11.10337 -0.2614717 1.131757 11.01498 -0.3041832 1.476502 11.0149 -0.009912593 0.7907037 10.92844 0.00312783 1.175639 10.77991 0.1585837 1.487128 10.77245  SA_HookPunch_Far
-0.03413652 0.1154424 10.94378 -0.01308279 0.2012488 11.03066 0.002101617 0.421795 11.282 -0.2774825 0.5293244 11.20867 -0.006616993 0.216024 10.89326 -0.1043907 0.4495631 10.75446 -0.234207 0.1703066 10.73809 -0.01948409 0.3481191 10.97654 -0.06974529 0.7859807 11.09328 -0.2684406 1.137505 11.00653 -0.3066867 1.482637 11.01626 -0.007554157 0.8000128 10.91882 -0.001626534 1.184861 10.76962 0.1607441 1.492882 10.77218  SA_HookPunch_Far
-0.02841125 0.1214287 10.93939 -0.008448346 0.2074151 11.02686 0.02420469 0.4264781 11.2791 -0.2502584 0.5642857 11.25105 -0.0001934003 0.2215078 10.88949 -0.08790521 0.4556904 10.74361 -0.225084 0.1800041 10.72678 -0.01526002 0.3539386 10.97186 -0.0700904 0.792038 11.08529 -0.2724208 1.141648 10.99921 -0.3075528 1.486809 11.01663 -0.004830701 0.8056596 10.91192 -0.003456933 1.190325 10.76214 0.1623501 1.496354 10.77222  SA_HookPunch_Far
-0.02224891 0.125841 10.93656 -0.004833622 0.2120008 11.02466 0.03818103 0.4292825 11.2763 -0.2276738 0.5853147 11.28539 0.007752256 0.2254415 10.88755 -0.06891654 0.457498 10.72598 -0.2102225 0.1837662 10.71156 -0.01090149 0.3581845 10.96867 -0.07169245 0.7965628 11.07767 -0.2737612 1.14613 10.9908 -0.3062388 1.491131 11.01515 -0.0007616113 0.8096753 10.9065 -0.003281338 1.193775 10.75529 0.1629471 1.499267 10.77233  SA_HookPunch_Far
-0.01339923 0.1308973 10.93289 -0.0001898836 0.2172458 11.02175 0.05497815 0.4303234 11.27207 -0.1910006 0.6069553 11.33041 0.01940854 0.2298853 10.88539 -0.03896801 0.4565809 10.69993 -0.1855799 0.1854808 10.68925 -0.004763467 0.3629773 10.96446 -0.07429557 0.8016136 11.06664 -0.2749215 1.151697 10.97851 -0.3043659 1.496101 11.01305 0.005484181 0.814145 10.89936 -0.002539499 1.197085 10.74543 0.1628952 1.502321 10.77207  SA_HookPunch_Far
-0.003276629 0.1342878 10.92913 0.003564911 0.2206492 11.01837 0.0633352 0.4278268 11.26729 -0.1588368 0.618723 11.36375 0.03345599 0.233006 10.88387 0.0001298357 0.4482253 10.66625 -0.1511758 0.1795206 10.66328 0.001940744 0.3661206 10.96027 -0.07820337 0.8045977 11.05467 -0.2727112 1.157915 10.96574 -0.2998226 1.501148 11.01189 0.01377441 0.8171481 10.89378 -0.0006179045 1.198128 10.73551 0.1597884 1.505149 10.77095  SA_HookPunch_Far
0.007472711 0.1358595 10.92419 0.006372111 0.222011 11.01314 0.06436862 0.4213434 11.26244 -0.1329288 0.6232539 11.38659 0.04848244 0.2347683 10.88199 0.05068441 0.4328228 10.63314 -0.1086858 0.1688447 10.63774 0.008621531 0.3674957 10.95509 -0.0829988 0.805223 11.04156 -0.2689351 1.163429 10.95386 -0.2932284 1.504952 11.01256 0.02294459 0.8187379 10.88959 0.003716426 1.196931 10.72526 0.1573925 1.506493 10.76772  SA_HookPunch_Far
0.01672943 0.1357101 10.91963 0.008362548 0.2215288 11.00765 0.06105371 0.4133071 11.25825 -0.1170574 0.6214302 11.39992 0.06132885 0.2350423 10.88057 0.1005856 0.4144958 10.61081 -0.06868844 0.1568677 10.61967 0.01423116 0.3671998 10.95033 -0.08701877 0.803968 11.02992 -0.2662911 1.166052 10.94429 -0.2897469 1.505685 11.01338 0.03089495 0.8188345 10.88717 0.00925179 1.19407 10.71649 0.1567345 1.506027 10.76317  SA_HookPunch_Far
0.02694597 0.1331364 10.91198 0.009284751 0.2182711 10.99798 0.04669954 0.4021624 11.25252 -0.1199098 0.6150059 11.401 0.07545777 0.2334918 10.87745 0.1669569 0.391889 10.59773 -0.01912616 0.1459807 10.6003 0.01988991 0.3645474 10.94292 -0.09209399 0.7996823 11.01567 -0.2612216 1.168221 10.93725 -0.2856469 1.50553 11.01662 0.03972979 0.8170666 10.88597 0.01874544 1.189766 10.70974 0.1556746 1.506074 10.75921  SA_HookPunch_Far
0.03546341 0.1295167 10.90526 0.01013257 0.2139796 10.98881 0.0329379 0.3910565 11.24621 -0.1262923 0.6056286 11.40019 0.08700974 0.2307702 10.87503 0.2245823 0.3702421 10.59762 0.0240611 0.1361312 10.58826 0.02463432 0.3608283 10.93622 -0.09582214 0.7945231 11.00269 -0.2574754 1.168031 10.93244 -0.2844199 1.502973 11.02054 0.04675861 0.8141107 10.88526 0.02773322 1.184534 10.70408 0.1555745 1.504472 10.75452  SA_HookPunch_Far
0.0459859 0.1213609 10.89325 0.009374933 0.2045909 10.97186 0.000605004 0.3746592 11.23244 -0.1626337 0.5867419 11.38568 0.1017264 0.2240263 10.87072 0.30438 0.3455436 10.62177 0.08673175 0.1322098 10.57463 0.03008749 0.3525155 10.92464 -0.1007144 0.7841917 10.98227 -0.2474733 1.166622 10.92951 -0.2810003 1.498951 11.02494 0.05613263 0.8069776 10.88541 0.04342039 1.176194 10.70124 0.1538283 1.50295 10.74908  SA_HookPunch_Far
0.05642285 0.1091882 10.87866 0.007844942 0.1909747 10.94958 -0.04374252 0.3537837 11.20863 -0.2200663 0.5590063 11.35662 0.1162723 0.2132332 10.8666 0.3768632 0.3243364 10.67221 0.156819 0.1332804 10.5713 0.03554424 0.3401324 10.91052 -0.1039801 0.7701871 10.95718 -0.2330308 1.161394 10.92755 -0.2770754 1.490848 11.02851 0.06603135 0.7955186 10.88678 0.06354488 1.164841 10.70239 0.1538647 1.498524 10.74418  SA_HookPunch_Far
0.06486304 0.09847391 10.86633 0.007445948 0.1791512 10.92919 -0.08323412 0.3365811 11.18058 -0.2749484 0.5342542 11.31943 0.1271694 0.2034014 10.86426 0.4213825 0.3109671 10.72722 0.2131938 0.1378387 10.57961 0.04028221 0.3292159 10.89848 -0.1043707 0.7584064 10.93536 -0.2207159 1.154634 10.92886 -0.2749574 1.481791 11.0323 0.07356502 0.7849635 10.88916 0.08050622 1.153663 10.70364 0.1542633 1.492557 10.73461  SA_HookPunch_Far
0.07314803 0.08233786 10.84507 0.004924493 0.1621327 10.89329 -0.1526956 0.3104892 11.11859 -0.3769544 0.4966717 11.21935 0.1370846 0.1872895 10.86107 0.4450826 0.3079561 10.81641 0.2821513 0.1457636 10.61086 0.04524483 0.3128836 10.87953 -0.09958057 0.7430682 10.905 -0.1918313 1.144593 10.93403 -0.256539 1.471 11.03376 0.08440955 0.7675973 10.89811 0.1071701 1.13676 10.7148 0.1577981 1.481101 10.72549  SA_HookPunch_Far
0.07862408 0.07064068 10.82629 0.005081253 0.1509863 10.86205 -0.2046428 0.2909212 11.05339 -0.4528399 0.4675249 11.10153 0.1414269 0.1739795 10.85776 0.4371115 0.3081067 10.88329 0.3241618 0.1498996 10.64388 0.04998936 0.3010511 10.86419 -0.09032832 0.7332383 10.88473 -0.1708695 1.134137 10.94277 -0.2379798 1.460388 11.04141 0.09273966 0.7533628 10.90887 0.1273039 1.123095 10.72857 0.1634093 1.469319 10.72003  SA_HookPunch_Far
0.08313103 0.06253278 10.81049 0.007494168 0.1440802 10.8362 -0.2392991 0.2780834 10.99051 -0.4959082 0.4490446 10.98489 0.143224 0.1636599 10.85441 0.4162829 0.3079683 10.93069 0.3496905 0.1509174 10.67378 0.05438681 0.2927029 10.85211 -0.08085327 0.7267982 10.87116 -0.1569217 1.124552 10.95228 -0.2230616 1.450596 11.05225 0.09791709 0.7419362 10.91926 0.1421383 1.111758 10.74127 0.1707116 1.457808 10.71518  SA_HookPunch_Far
0.08951886 0.05405796 10.79139 0.01387997 0.1380142 10.80733 -0.2736595 0.2643278 10.90446 -0.5254354 0.419015 10.81621 0.1451315 0.1509882 10.84906 0.3852068 0.3103756 10.97117 0.3690861 0.1546367 10.70549 0.06219913 0.2835629 10.83929 -0.06582265 0.7198249 10.86125 -0.1466492 1.111765 10.96335 -0.2134088 1.437049 11.06537 0.1053985 0.7280014 10.93279 0.1581853 1.100358 10.76259 0.1820613 1.44459 10.71587  SA_HookPunch_Far
0.09777518 0.04749966 10.77234 0.02401598 0.1344789 10.77949 -0.2910088 0.2518715 10.80281 -0.5061157 0.3843769 10.62595 0.1468365 0.1392744 10.84296 0.3473569 0.3135397 11.00086 0.3805901 0.1571651 10.73714 0.07143618 0.2757742 10.82773 -0.04996554 0.71371 10.85474 -0.1413624 1.098534 10.97362 -0.2099465 1.422853 11.07748 0.1109439 0.7141703 10.94753 0.1711224 1.089239 10.78596 0.1959044 1.429697 10.71724  SA_HookPunch_Far
0.1055898 0.04206896 10.76069 0.03325381 0.1307504 10.76497 -0.2895493 0.2431011 10.7093 -0.4442139 0.3389498 10.4603 0.1498286 0.1291692 10.83943 0.327177 0.3172084 11.01123 0.3793364 0.1603975 10.75085 0.08020158 0.2685466 10.82283 -0.03760539 0.7069745 10.85534 -0.1328698 1.09209 10.97017 -0.2095578 1.413753 11.07659 0.1174267 0.7029244 10.95757 0.17868 1.081785 10.80553 0.2056386 1.418865 10.72247  SA_HookPunch_Far
0.1126959 0.03879321 10.75081 0.04155352 0.1288526 10.7529 -0.2676745 0.232017 10.62232 -0.3463396 0.289011 10.32962 0.1518276 0.1215907 10.83611 0.3087519 0.3208947 11.01688 0.3752359 0.1630867 10.7604 0.08732189 0.2633404 10.81892 -0.02784024 0.7019944 10.85602 -0.1259196 1.087772 10.96617 -0.2095951 1.4074 11.07345 0.121753 0.6941043 10.96585 0.1834874 1.076086 10.82203 0.2148952 1.40953 10.72676  SA_HookPunch_Far
0.1164431 0.03641701 10.74649 0.04471405 0.1264201 10.74889 -0.2401435 0.2300786 10.566 -0.2604006 0.2684488 10.26068 0.1528707 0.1167735 10.8346 0.3050056 0.318282 11.01775 0.369125 0.1652573 10.75779 0.09041531 0.2594827 10.81778 -0.02335582 0.6982407 10.85707 -0.1215949 1.085185 10.96289 -0.2073045 1.404937 11.06818 0.1251641 0.6890793 10.96824 0.1865967 1.073485 10.8309 0.2205764 1.40569 10.73225  SA_HookPunch_Far
0.120658 0.03602731 10.74158 0.04816486 0.1258863 10.74417 -0.1959728 0.2141417 10.50456 -0.1459334 0.2228645 10.20038 0.1537712 0.1135703 10.83268 0.300448 0.317677 11.01819 0.3611684 0.1698164 10.75445 0.09362651 0.2573174 10.81629 -0.01874541 0.6961497 10.85781 -0.1171875 1.08446 10.9583 -0.2053543 1.404411 11.06093 0.1285217 0.6856477 10.97052 0.1893405 1.072654 10.8404 0.2269604 1.403322 10.73798  SA_HookPunch_Far
0.1228141 0.03625941 10.7374 0.04896088 0.1255418 10.73954 -0.1367997 0.2073314 10.45605 -0.01339303 0.2054368 10.17342 0.1523468 0.1119387 10.83045 0.3046567 0.3075494 11.01849 0.3512767 0.1694882 10.74671 0.09350581 0.2561773 10.81365 -0.01682184 0.6955993 10.85521 -0.1141947 1.085408 10.95083 -0.2022175 1.406731 11.0492 0.1289879 0.6837646 10.96967 0.1929203 1.071201 10.84236 0.233595 1.40167 10.74045  SA_HookPunch_Far
0.1246123 0.03747356 10.73297 0.05047472 0.1265126 10.73405 -0.08692972 0.2037061 10.43107 0.08840837 0.1947935 10.17753 0.1511766 0.1118747 10.82776 0.3068579 0.2999769 11.01843 0.3436519 0.1679344 10.74218 0.09354253 0.2565016 10.81013 -0.01523332 0.6964473 10.8512 -0.1116616 1.087072 10.94441 -0.1993158 1.409232 11.04034 0.1281905 0.6832346 10.96848 0.1948924 1.070596 10.84237 0.2373057 1.401205 10.74164  SA_HookPunch_Far
0.1276359 0.03936911 10.72767 0.05482085 0.1285698 10.72635 -0.04339294 0.206234 10.41645 0.1727681 0.1891156 10.19716 0.1508466 0.1130655 10.82471 0.3076038 0.2926364 11.0192 0.3379695 0.1615463 10.74171 0.09469171 0.2580128 10.80506 -0.01308422 0.6985494 10.84401 -0.1090268 1.089237 10.93746 -0.196295 1.411731 11.03263 0.1252627 0.6835651 10.96705 0.1952049 1.069899 10.83954 0.2374771 1.401174 10.74096  SA_HookPunch_Far
0.1332434 0.0418483 10.72336 0.06281169 0.1312853 10.71903 -0.009872181 0.2147883 10.40847 0.2272198 0.1850969 10.2135 0.1528698 0.115343 10.82282 0.3059387 0.2903347 11.02158 0.3377787 0.1555233 10.74605 0.09811528 0.2604216 10.80038 -0.01019607 0.7012748 10.83494 -0.1067673 1.091215 10.93083 -0.1949918 1.413006 11.02748 0.1210181 0.685226 10.96543 0.195459 1.06926 10.8336 0.2370376 1.400998 10.73629  SA_HookPunch_Far
0.1381784 0.04395223 10.72093 0.06986435 0.1335366 10.71439 0.008966105 0.2231691 10.40466 0.2527638 0.1828814 10.22014 0.1551749 0.1174722 10.8221 0.303841 0.2909217 11.02389 0.3396712 0.1514822 10.75117 0.1014089 0.2625612 10.79745 -0.007788582 0.7035192 10.828 -0.1056312 1.0925 10.92646 -0.195394 1.413283 11.02503 0.117502 0.6870314 10.96413 0.1959165 1.068853 10.82824 0.2369905 1.400794 10.73141  SA_HookPunch_Far
0.1470339 0.04685736 10.72071 0.08075781 0.1361308 10.71137 0.02389325 0.2360891 10.4015 0.2626698 0.1841618 10.21336 0.160503 0.1209769 10.82339 0.301117 0.296047 11.0296 0.3486651 0.1510687 10.7616 0.1072586 0.2656538 10.79541 -0.004262073 0.7064874 10.81783 -0.1057439 1.093497 10.9203 -0.2001643 1.411773 11.02256 0.11323 0.6909239 10.96085 0.1977005 1.0693 10.81908 0.236705 1.402113 10.72441  SA_HookPunch_Far
0.1555163 0.04962456 10.72197 0.0904081 0.1383545 10.71035 0.03249212 0.2472498 10.39968 0.2624687 0.1879715 10.20295 0.1659488 0.1244783 10.82541 0.2989186 0.3022465 11.0356 0.3590029 0.1542492 10.7718 0.1128632 0.2686048 10.79445 -0.000724418 0.7092195 10.80891 -0.106946 1.094056 10.9147 -0.2070866 1.409522 11.02019 0.1103986 0.6950372 10.95707 0.2004721 1.070255 10.81044 0.2369004 1.404126 10.71851  SA_HookPunch_Far
0.1616952 0.05154157 10.72416 0.09641929 0.139634 10.71119 0.03455313 0.2529557 10.39888 0.2576928 0.1914232 10.1951 0.1702729 0.1270819 10.82749 0.2981156 0.3074039 11.04067 0.3683527 0.1608264 10.77859 0.1169444 0.2706777 10.79454 0.002008514 0.7111194 10.80331 -0.1087234 1.094234 10.91072 -0.2139844 1.407467 11.01786 0.1100667 0.6982946 10.95384 0.2034628 1.071507 10.8042 0.2370983 1.40641 10.715  SA_HookPunch_Far
0.1671325 0.05324376 10.72622 0.1015136 0.1407429 10.71217 0.03587975 0.2572718 10.39854 0.2542081 0.1936634 10.19023 0.174236 0.1293817 10.8293 0.2976359 0.3123075 11.04463 0.3765251 0.1673416 10.78412 0.120684 0.2725059 10.7947 0.004671948 0.7127785 10.79878 -0.1105826 1.094251 10.90726 -0.2207804 1.405399 11.01551 0.1105944 0.7011603 10.95092 0.2066155 1.072809 10.79906 0.2375718 1.408689 10.71261  SA_HookPunch_Far
0.1739922 0.05519366 10.7292 0.1072967 0.1418564 10.71414 0.03607484 0.2601495 10.39861 0.2526204 0.1935484 10.18937 0.1797561 0.1320662 10.83158 0.298054 0.3193425 11.04821 0.3867935 0.1773489 10.78924 0.1258072 0.2746071 10.79523 0.008519845 0.71468 10.7944 -0.1136718 1.093857 10.90334 -0.230979 1.402218 11.01209 0.1136452 0.7046122 10.9472 0.2117074 1.075021 10.79363 0.238716 1.412341 10.71157  SA_HookPunch_Far
0.1799415 0.05616641 10.73159 0.1121248 0.1421046 10.71639 0.03654673 0.2609038 10.40048 0.2566623 0.1901307 10.1964 0.1854072 0.133477 10.8334 0.300328 0.3259567 11.04754 0.3939081 0.1828882 10.79087 0.1308023 0.2755635 10.79627 0.01162698 0.7152094 10.79311 -0.1168809 1.092553 10.90114 -0.2394968 1.399156 11.009 0.1181762 0.706588 10.94501 0.2152348 1.077212 10.79132 0.2394726 1.41537 10.71188  SA_HookPunch_Far
0.186469 0.05571508 10.73442 0.1173911 0.1407816 10.71976 0.03654202 0.2600677 10.40487 0.2617963 0.181478 10.20944 0.1924576 0.1334612 10.83573 0.3054949 0.3323005 11.04404 0.4007002 0.1853666 10.79017 0.1366214 0.2749801 10.79825 0.01434739 0.7138097 10.79363 -0.1201265 1.089533 10.90004 -0.2460213 1.395467 11.00601 0.1239068 0.7071475 10.94347 0.2168773 1.079234 10.79079 0.2389942 1.417818 10.71256  SA_HookPunch_Far
0.1905245 0.05511773 10.73648 0.1206477 0.1395879 10.72251 0.0356846 0.2594944 10.40917 0.2640167 0.1739371 10.22036 0.19736 0.133215 10.83745 0.3105639 0.3360873 11.04078 0.4046784 0.1859291 10.78839 0.1403904 0.2742894 10.80001 0.01555313 0.7123964 10.79489 -0.121893 1.087373 10.90013 -0.2481037 1.39375 11.00442 0.1276792 0.707229 10.94288 0.2163326 1.081005 10.79177 0.2377145 1.419628 10.7135  SA_HookPunch_Far
0.1940876 0.05418468 10.73898 0.12343 0.1380584 10.72593 0.03287395 0.2594581 10.41531 0.2634265 0.1654872 10.23331 0.2023602 0.1328779 10.83942 0.3179031 0.3390841 11.03747 0.4083826 0.1864433 10.78524 0.1438413 0.2733709 10.80218 0.01595475 0.7105933 10.79683 -0.1231177 1.085262 10.90102 -0.2473743 1.393143 11.00322 0.1310922 0.707128 10.94254 0.2137256 1.083533 10.79458 0.2351585 1.422059 10.71591  SA_HookPunch_Far
0.197139 0.05305541 10.742 0.1255457 0.1362945 10.73002 0.02844645 0.2599765 10.42312 0.2609115 0.156885 10.24865 0.207295 0.1326443 10.84156 0.3270538 0.3417872 11.03439 0.4121256 0.1884001 10.78074 0.1467864 0.2723802 10.80466 0.01533325 0.7085665 10.79932 -0.1240236 1.083294 10.90292 -0.2449028 1.393207 11.003 0.1340287 0.7070178 10.94218 0.2108926 1.085849 10.79733 0.2332112 1.423976 10.71721  SA_HookPunch_Far
0.2005367 0.05149245 10.74648 0.127482 0.1338216 10.73613 0.02136012 0.2615187 10.43549 0.2556069 0.1461766 10.27138 0.2135632 0.1325657 10.84441 0.3407142 0.3453175 11.03009 0.4168526 0.1928316 10.77307 0.1499295 0.2710893 10.8082 0.01322563 0.7057256 10.80331 -0.1249533 1.081006 10.90649 -0.2400949 1.394051 11.00354 0.1371429 0.706924 10.94168 0.2077497 1.088215 10.80013 0.2313056 1.425725 10.71779  SA_HookPunch_Far
0.2034442 0.05006099 10.75144 0.1285098 0.131291 10.74308 0.01391758 0.2643768 10.45056 0.2491819 0.1374022 10.29682 0.2196147 0.1328745 10.84717 0.3555234 0.3495624 11.02443 0.421337 0.1996237 10.76311 0.1522287 0.2699089 10.8121 0.009567635 0.70274 10.80831 -0.1259451 1.079106 10.91107 -0.2345082 1.395548 11.00462 0.1393423 0.7069818 10.94113 0.2066164 1.089161 10.80036 0.2300334 1.426647 10.71788  SA_HookPunch_Far
0.2050563 0.04913056 10.7544 0.1287753 0.129548 10.74761 0.00975986 0.2684394 10.46197 0.2450842 0.1354324 10.31351 0.2232789 0.1330383 10.84858 0.3646446 0.3527021 11.01933 0.4237812 0.2044238 10.75547 0.1532992 0.2690355 10.81456 0.006665187 0.7006263 10.81193 -0.1265921 1.077994 10.91396 -0.2309829 1.396606 11.00486 0.1403576 0.7068709 10.94073 0.2060078 1.089702 10.80096 0.2289372 1.427538 10.71979  SA_HookPunch_Far
0.2070497 0.04822707 10.7581 0.1291608 0.1276172 10.75332 0.005410032 0.2709471 10.47523 0.2411672 0.1304282 10.33458 0.2276735 0.1334844 10.85027 0.3752705 0.3569115 11.01255 0.4261752 0.2104641 10.74597 0.1545479 0.268169 10.81768 0.003066378 0.6981896 10.81657 -0.1275222 1.076829 10.91733 -0.2272038 1.397991 11.00447 0.1413812 0.7069316 10.94024 0.2052942 1.090441 10.80154 0.2276793 1.428703 10.722  SA_HookPunch_Far
0.2095865 0.04683018 10.76444 0.1291263 0.1244135 10.7639 -0.001200838 0.2790866 10.50253 0.233079 0.1267401 10.3721 0.2346091 0.1343241 10.85285 0.3919412 0.3642452 10.99791 0.4280003 0.2208484 10.72728 0.1560772 0.2667135 10.82361 -0.00362937 0.6939015 10.82649 -0.1288769 1.075322 10.92348 -0.2213138 1.400614 11.00294 0.1427618 0.7069943 10.94007 0.2029332 1.091442 10.80229 0.223933 1.430242 10.72469  SA_HookPunch_Far
0.2103478 0.04556394 10.77215 0.1276201 0.121246 10.77738 -0.007954462 0.2904714 10.53898 0.2211993 0.123788 10.41727 0.2407873 0.1356187 10.85563 0.4077662 0.3717364 10.97774 0.4252898 0.231827 10.70348 0.1564765 0.2654381 10.83138 -0.01178406 0.6894091 10.84066 -0.1297653 1.074814 10.93077 -0.2152583 1.404247 11.00033 0.1436473 0.7074049 10.94076 0.2003362 1.092533 10.80341 0.2199342 1.43207 10.72872  SA_HookPunch_Far
0.2081545 0.04492712 10.77811 0.1242398 0.1195362 10.78788 -0.01381044 0.2983232 10.56733 0.2099419 0.1219039 10.44935 0.2425375 0.1367329 10.8575 0.4163032 0.3761368 10.96148 0.4189691 0.237413 10.68607 0.1547173 0.2649478 10.83755 -0.01797096 0.6870845 10.8526 -0.1295804 1.075848 10.93616 -0.2100347 1.408085 10.99796 0.1435872 0.708097 10.94182 0.1991097 1.093191 10.80389 0.2182787 1.43333 10.73188  SA_HookPunch_Far
0.2009457 0.04482341 10.7867 0.1158561 0.1184812 10.80313 -0.02474432 0.3073056 10.60734 0.1897891 0.1184578 10.4915 0.2404615 0.1386976 10.85971 0.4246814 0.3815123 10.93676 0.4047247 0.2414401 10.66274 0.1490846 0.2652906 10.84653 -0.02615617 0.6861298 10.87083 -0.1312808 1.078513 10.94539 -0.2068923 1.413706 10.9964 0.1430211 0.7099833 10.94372 0.1991404 1.094103 10.80334 0.2187721 1.435135 10.73581  SA_HookPunch_Far
0.1955479 0.04515266 10.79108 0.1101669 0.1186357 10.81084 -0.03167067 0.3109531 10.62652 0.1783956 0.1168624 10.51116 0.2374286 0.1398385 10.86076 0.4270221 0.3836939 10.92417 0.3956471 0.2421215 10.652 0.1449892 0.2659756 10.85107 -0.02986596 0.6867565 10.88012 -0.1327501 1.080363 10.95128 -0.2069955 1.41644 10.99833 0.1425508 0.7114004 10.94467 0.1994034 1.094715 10.8024 0.2193881 1.436281 10.73774  SA_HookPunch_Far
0.1909508 0.04552984 10.79451 0.1055153 0.1190239 10.81663 -0.03733496 0.3132709 10.64002 0.1700075 0.1160387 10.52505 0.2344924 0.1407379 10.8617 0.4278702 0.3850342 10.91557 0.388588 0.2425885 10.64489 0.1415686 0.2666873 10.85453 -0.03242878 0.6876289 10.8869 -0.1340324 1.081987 10.95569 -0.2077173 1.418493 11.00051 0.1420998 0.7126566 10.94533 0.1995418 1.095313 10.80154 0.2199076 1.437265 10.73907  SA_HookPunch_Far
0.1820338 0.04653478 10.80092 0.09676726 0.1202558 10.82703 -0.04796151 0.3169398 10.66264 0.1555917 0.1153451 10.54848 0.2282899 0.142534 10.86368 0.4278722 0.3870785 10.90164 0.3757001 0.2435352 10.63373 0.1349902 0.2683761 10.8608 -0.03665952 0.6898901 10.89858 -0.1365374 1.085334 10.96357 -0.2097303 1.422316 11.00552 0.1410311 0.7152879 10.94636 0.1995688 1.096683 10.79968 0.220907 1.439251 10.74103  SA_HookPunch_Far
0.1735078 0.04723144 10.80698 0.08860774 0.121362 10.83624 -0.05842064 0.318902 10.6805 0.1435411 0.1155708 10.56659 0.2218482 0.1438291 10.8659 0.4263133 0.3880968 10.89192 0.364972 0.2447038 10.62588 0.1286438 0.2697737 10.86644 -0.04036001 0.6919934 10.90826 -0.1386419 1.088279 10.97049 -0.2111583 1.425615 11.01074 0.1394917 0.7175018 10.94704 0.1989806 1.097876 10.79811 0.2216495 1.440829 10.74228  SA_HookPunch_Far
0.1639339 0.04763913 10.81399 0.07953753 0.122291 10.84648 -0.07063149 0.3196721 10.69875 0.1305367 0.1157439 10.5845 0.2142098 0.1448383 10.86867 0.4233755 0.3887193 10.88296 0.3536488 0.2459209 10.61867 0.1213362 0.2709618 10.87276 -0.04464523 0.693967 10.91855 -0.1408849 1.091145 10.97824 -0.2121734 1.429049 11.01582 0.1370006 0.7195253 10.94776 0.1975387 1.098939 10.79682 0.2222054 1.442168 10.74358  SA_HookPunch_Far
0.153076 0.04776764 10.82222 0.06934156 0.1230725 10.85807 -0.08480619 0.3194164 10.71788 0.1160649 0.1158019 10.60256 0.205106 0.14555 10.87222 0.4188939 0.3889437 10.87481 0.3414419 0.2469054 10.61227 0.112853 0.271953 10.88003 -0.04966072 0.6958576 10.9297 -0.1432872 1.094 10.98707 -0.2128371 1.432687 11.02066 0.133342 0.7213404 10.94873 0.1949438 1.099813 10.79587 0.2223995 1.443146 10.74472  SA_HookPunch_Far
0.1405188 0.04761016 10.83211 0.05764003 0.1237313 10.87142 -0.1014307 0.3181847 10.7382 0.09926648 0.1156207 10.62074 0.1940729 0.1459116 10.87702 0.4124554 0.3887373 10.86812 0.3281665 0.247147 10.60744 0.1028102 0.2727379 10.88867 -0.05574815 0.6976956 10.94199 -0.1457932 1.096902 10.99767 -0.2129628 1.436622 11.0251 0.1280858 0.7228864 10.95047 0.1902751 1.100531 10.79581 0.221381 1.443686 10.74556  SA_HookPunch_Far
0.1291509 0.04729712 10.8414 0.04715945 0.1241726 10.88345 -0.11636 0.3167871 10.75545 0.08397974 0.1153705 10.63544 0.1837731 0.1459073 10.88219 0.4056618 0.3881714 10.86429 0.3166665 0.2461334 10.60542 0.09358473 0.2731913 10.89683 -0.06150989 0.6991042 10.95273 -0.1476816 1.099209 11.00809 -0.2124644 1.439874 11.0287 0.1225789 0.7238595 10.9529 0.1840894 1.101072 10.79692 0.2184507 1.443808 10.74594  SA_HookPunch_Far
0.1216608 0.04703176 10.84769 0.04032649 0.1243875 10.89125 -0.1262711 0.3159324 10.76626 0.07339962 0.1153568 10.64375 0.1769236 0.1456982 10.88632 0.4002276 0.3877676 10.8633 0.3092655 0.2441659 10.60598 0.08751352 0.2733407 10.90252 -0.0654019 0.6998869 10.95961 -0.1479299 1.100658 11.0157 -0.2102064 1.442065 11.03109 0.1186895 0.7242529 10.95535 0.1777233 1.101598 10.79873 0.2134713 1.443873 10.74564  SA_HookPunch_Far
0.1119105 0.04658377 10.85615 0.03145977 0.1245815 10.90148 -0.1389092 0.3149524 10.78029 0.0597048 0.1153928 10.65445 0.1679343 0.1452287 10.89223 0.3923829 0.3871735 10.86292 0.2996975 0.2407616 10.60782 0.07961948 0.2733939 10.91022 -0.07037465 0.7008165 10.96848 -0.1489352 1.102571 11.02322 -0.2086211 1.444644 11.0331 0.1136019 0.7245642 10.95898 0.1689279 1.102252 10.80184 0.2061527 1.443834 10.74541  SA_HookPunch_Far
0.1042372 0.046157 10.86309 0.02448084 0.1246787 10.90959 -0.1486196 0.3143914 10.79112 0.04894837 0.1155003 10.6626 0.1608316 0.1446818 10.89752 0.385387 0.3867604 10.86382 0.2924599 0.237196 10.61064 0.07344003 0.2733213 10.9166 -0.07417737 0.7014956 10.97534 -0.1507724 1.10414 11.02618 -0.2092121 1.446492 11.03352 0.1096684 0.7246356 10.96242 0.1614071 1.10282 10.80525 0.1993104 1.443758 10.74548  SA_HookPunch_Far
0.09777696 0.04570365 10.869 0.01854839 0.124711 10.9162 -0.156285 0.3143762 10.79971 0.04050376 0.1159291 10.66932 0.1548144 0.1440787 10.90228 0.3785239 0.3867242 10.86571 0.2867385 0.2340701 10.61397 0.06822719 0.2731676 10.92198 -0.07729088 0.7020409 10.98067 -0.1527623 1.10544 11.02701 -0.2103198 1.447954 11.03375 0.106463 0.724566 10.96555 0.1553267 1.103284 10.80874 0.1934847 1.443685 10.74614  SA_HookPunch_Far
0.0914451 0.04522038 10.87484 0.01271595 0.1247211 10.92261 -0.1635915 0.3145412 10.80795 0.03245886 0.116487 10.67587 0.1488992 0.1434271 10.90707 0.3714162 0.3867977 10.86803 0.2812792 0.2309924 10.61762 0.06311412 0.2729745 10.92726 -0.08030783 0.7025527 10.98573 -0.1549252 1.106643 11.02718 -0.2116555 1.449294 11.0339 0.1033564 0.7244325 10.96869 0.1494676 1.103719 10.81242 0.1876196 1.443591 10.74701  SA_HookPunch_Far
0.08357485 0.04451156 10.88222 0.005400555 0.1246843 10.93031 -0.1717333 0.3156707 10.81749 0.02364077 0.11797 10.68388 0.1415098 0.142585 10.91325 0.3616837 0.3873721 10.87228 0.2748392 0.2283134 10.62275 0.05662795 0.272688 10.93368 -0.0843498 0.7031438 10.99116 -0.1576964 1.107994 11.02709 -0.2129578 1.450858 11.03509 0.09924956 0.7242241 10.97249 0.1443137 1.103946 10.81698 0.1831613 1.443009 10.74788  SA_HookPunch_Far
0.06870289 0.0429945 10.89762 -0.008464916 0.1245511 10.94545 -0.18484 0.3201469 10.83554 0.009344773 0.1228534 10.69962 0.1275729 0.1410123 10.92647 0.3422153 0.389272 10.88441 0.2632429 0.2269981 10.63434 0.04413535 0.2721072 10.94652 -0.09288321 0.7041653 11.00012 -0.1638871 1.110194 11.02608 -0.2160398 1.45346 11.03714 0.09072103 0.7238437 10.98002 0.1379268 1.103723 10.82553 0.1788948 1.44084 10.74858  SA_HookPunch_Far
0.05865296 0.04195797 10.90977 -0.0178086 0.1245962 10.95632 -0.1903163 0.3261615 10.84783 0.002856629 0.1289605 10.71034 0.1183993 0.1400194 10.9377 0.3295307 0.3911248 10.89882 0.2557033 0.2319726 10.64519 0.035733 0.2718176 10.95627 -0.09924154 0.7049895 11.00446 -0.1694447 1.111519 11.02396 -0.2197903 1.45491 11.03884 0.08463384 0.7237334 10.98602 0.1364098 1.10281 10.83102 0.1796687 1.438198 10.74801  SA_HookPunch_Far
0.0511889 0.04143715 10.91917 -0.02484534 0.1250112 10.96402 -0.1925976 0.3317621 10.85576 0.0008226801 0.1352437 10.71764 0.11169 0.1394105 10.94705 0.3217137 0.3924285 10.9138 0.2516728 0.2392265 10.65548 0.02967836 0.2718712 10.96371 -0.1034783 0.7060614 11.00646 -0.1740824 1.112716 11.02134 -0.2237049 1.455997 11.04058 0.0807748 0.7238079 10.99105 0.1359068 1.101857 10.83471 0.1809063 1.436018 10.74777  SA_HookPunch_Far
0.04530694 0.04139733 10.92623 -0.03051524 0.1257732 10.96928 -0.1933044 0.3364334 10.85989 0.001652675 0.1406624 10.72287 0.1063913 0.1391605 10.95463 0.3174587 0.3927187 10.928 0.2505507 0.246272 10.66498 0.02501734 0.2722549 10.96924 -0.1062129 0.7074169 11.00715 -0.176782 1.114196 11.01835 -0.2255412 1.457344 11.04172 0.07839568 0.7240731 10.99516 0.1358175 1.100988 10.83692 0.1820185 1.434374 10.74765  SA_HookPunch_Far
0.04268982 0.04153407 10.92916 -0.03305117 0.1262654 10.97131 -0.1933921 0.3384807 10.86095 0.002719359 0.1430712 10.72507 0.1040357 0.13916 10.95796 0.3159327 0.3927478 10.93484 0.2506942 0.2496355 10.66957 0.02297814 0.2725577 10.97153 -0.1072702 0.7081813 11.00723 -0.177546 1.115054 11.01672 -0.2257524 1.458142 11.04204 0.0774916 0.7242873 10.99697 0.1359772 1.100573 10.83762 0.1827276 1.43365 10.7475  SA_HookPunch_Far
0.03851612 0.04197454 10.93324 -0.03704689 0.1272265 10.97401 -0.1936154 0.3415126 10.86158 0.004809873 0.1467251 10.72819 0.100313 0.1393136 10.9629 0.3136625 0.3927592 10.94558 0.2515837 0.2545631 10.67697 0.01980038 0.273201 10.97479 -0.1087507 0.7095593 11.00722 -0.1782824 1.116616 11.01393 -0.2255244 1.459605 11.04223 0.07622118 0.7247485 10.99972 0.1367512 1.09991 10.83849 0.1845269 1.432508 10.74715  SA_HookPunch_Far
0.03425433 0.04266477 10.93694 -0.04108433 0.1284099 10.97636 -0.1938872 0.3445185 10.8615 0.007121639 0.1503342 10.73114 0.09651668 0.1396651 10.96761 0.3113201 0.3928245 10.95626 0.2528448 0.2592092 10.68454 0.0166017 0.2740499 10.9778 -0.1101063 0.7111462 11.00714 -0.1786752 1.118403 11.011 -0.2249425 1.461274 11.0422 0.0750332 0.7253771 11.00241 0.1379238 1.099323 10.83928 0.1868662 1.431437 10.7468  SA_HookPunch_Far
0.02948375 0.04360914 10.94009 -0.04554627 0.1298448 10.97821 -0.1943761 0.3475738 10.86014 0.009319739 0.1535573 10.73376 0.09226294 0.1401775 10.97196 0.3085763 0.392767 10.96661 0.2544317 0.2623405 10.69245 0.01306702 0.2751038 10.98046 -0.1114037 0.7130096 11.00713 -0.1786737 1.120501 11.00786 -0.2238884 1.463252 11.04178 0.07386728 0.7261225 11.00507 0.1399347 1.098803 10.84031 0.1904822 1.430403 10.74685  SA_HookPunch_Far
0.02211388 0.04508555 10.94402 -0.05236218 0.1320478 10.98055 -0.1954647 0.3520604 10.8578 0.0111741 0.1574737 10.7372 0.08565141 0.1409773 10.97743 0.3042763 0.3921624 10.97953 0.2561105 0.2643116 10.70305 0.007652538 0.2767131 10.98385 -0.1131147 0.7158416 11.00743 -0.1782316 1.123666 11.00373 -0.2219127 1.466263 11.04105 0.0722812 0.7271882 11.0085 0.1429634 1.098315 10.84215 0.1959297 1.429206 10.74753  SA_HookPunch_Far
0.01420273 0.04602146 10.94743 -0.05963419 0.1337284 10.98282 -0.1978921 0.3554684 10.85567 0.01048954 0.159734 10.74003 0.07849915 0.1411951 10.98199 0.299861 0.3901391 10.98942 0.2567306 0.2622701 10.71212 0.001844482 0.277759 10.98686 -0.1147458 0.7181493 11.00824 -0.1772107 1.126327 11.00023 -0.2191236 1.468846 11.0402 0.07073481 0.7275937 11.01129 0.1455578 1.097753 10.84459 0.2008136 1.428041 10.74917  SA_HookPunch_Far
