0.007710533 0.04648197 15.43511 -0.06559919 0.13478 15.4699 -0.2009753 0.3573321 15.33958 0.008096354 0.1605715 15.22697 0.07259424 0.1410798 15.47028 0.2964558 0.387725 15.48042 0.2564494 0.2583421 15.20336 -0.002943737 0.2782933 15.47427 -0.116036 0.719675 15.49439 -0.176069 1.128138 15.48305 -0.2163983 1.470653 15.52465 0.06950237 0.7275754 15.49821 0.1470762 1.097419 15.33208 0.2039463 1.427325 15.23629  SA_HookPunch_Far
0.004749851 0.04610026 15.43648 -0.06816749 0.1345649 15.4716 -0.2038248 0.3559813 15.34061 0.005150275 0.158378 15.2293 0.07003851 0.1405838 15.47124 0.2956452 0.3858137 15.47806 0.2535554 0.2528429 15.20301 -0.005198939 0.2779559 15.47543 -0.1172842 0.7195949 15.49542 -0.1762412 1.128186 15.48308 -0.2156699 1.470866 15.52419 0.0682862 0.7271305 15.49832 0.14589 1.097203 15.3327 0.2031028 1.426726 15.23581  SA_HookPunch_Far
-0.0009150933 0.04453003 15.43917 -0.07305591 0.1333095 15.47501 -0.2097707 0.352291 15.34285 -0.00120656 0.1529858 15.23383 0.06515743 0.1388124 15.473 0.2941402 0.3810194 15.47254 0.2471725 0.2409285 15.20185 -0.009517295 0.2764753 15.47769 -0.1196884 0.7185949 15.49755 -0.1763452 1.127452 15.48338 -0.2138698 1.470506 15.52312 0.06592961 0.7254407 15.49834 0.143573 1.096246 15.3344 0.2013896 1.425081 15.23554  SA_HookPunch_Far
-0.004878623 0.04294789 15.44119 -0.07643728 0.1319436 15.4777 -0.2147385 0.3488113 15.3449 -0.006851299 0.1481193 15.23713 0.06175693 0.1371232 15.47413 0.2931996 0.3767451 15.46706 0.2414202 0.2312274 15.20013 -0.01254652 0.2749683 15.47934 -0.1214004 0.7174104 15.49929 -0.1760336 1.126502 15.484 -0.211913 1.469917 15.52211 0.06423201 0.7237902 15.49809 0.1418806 1.095556 15.33634 0.2000724 1.423969 15.2363  SA_HookPunch_Far
-0.00893919 0.04110086 15.44372 -0.07983981 0.1302795 15.48115 -0.2207812 0.3444655 15.34779 -0.01405494 0.1420825 15.24096 0.05829735 0.1351755 15.47554 0.292091 0.371859 15.46041 0.2342258 0.2207317 15.19789 -0.01565574 0.2731819 15.48142 -0.1232235 0.7159365 15.50161 -0.1756201 1.125279 15.48523 -0.2096687 1.469124 15.52108 0.06238719 0.7218726 15.49774 0.1399932 1.094531 15.33803 0.1985116 1.422226 15.23585  SA_HookPunch_Far
-0.01490967 0.03802741 15.44774 -0.08473878 0.1274302 15.4868 -0.2308616 0.3370049 15.35292 -0.02646421 0.1317571 15.24708 0.05322124 0.1319529 15.47765 0.2905574 0.3632218 15.44888 0.2218177 0.2040882 15.19382 -0.02023266 0.2701719 15.48468 -0.1259598 0.7133691 15.50533 -0.1748838 1.123077 15.48743 -0.2060637 1.467606 15.51907 0.05951102 0.7186771 15.49673 0.1372156 1.093389 15.34195 0.19617 1.420221 15.2373  SA_HookPunch_Far
-0.01988505 0.03530157 15.45186 -0.08864395 0.1248006 15.49296 -0.2412069 0.3295546 15.35929 -0.04027567 0.1208307 15.25361 0.04898884 0.1290616 15.47968 0.2885319 0.3554075 15.43652 0.2080985 0.1893326 15.18943 -0.02403979 0.2674299 15.48807 -0.1282922 0.7109683 15.50932 -0.1743295 1.12096 15.49029 -0.2029898 1.466127 15.51698 0.05685468 0.7158124 15.49522 0.1347438 1.092907 15.34644 0.1939007 1.418924 15.23938  SA_HookPunch_Far
-0.02336536 0.03328907 15.45492 -0.09128319 0.1228617 15.4976 -0.2489302 0.3239598 15.3646 -0.05071275 0.1126333 15.25897 0.0460027 0.126937 15.48107 0.2865444 0.3495852 15.42679 0.1972189 0.1781887 15.18648 -0.02669327 0.2654085 15.49057 -0.1298952 0.7091784 15.51237 -0.1739629 1.119348 15.49252 -0.2008754 1.464938 15.51526 0.05488111 0.7136977 15.49396 0.1329598 1.092535 15.34977 0.1920264 1.417921 15.24077  SA_HookPunch_Far
-0.02787654 0.03050292 15.45943 -0.09443717 0.1201884 15.50476 -0.2607916 0.3156302 15.37427 -0.06735872 0.1001763 15.26811 0.04206987 0.1240319 15.48266 0.2827183 0.3412982 15.41029 0.1791317 0.1610138 15.18254 -0.0300893 0.262628 15.49422 -0.1318566 0.7066776 15.51726 -0.1735037 1.117052 15.49645 -0.1981785 1.463185 15.51248 0.05205645 0.7108029 15.49156 0.1301627 1.092402 15.35487 0.1882396 1.41681 15.24247  SA_HookPunch_Far
-0.03114782 0.02834034 15.4629 -0.0964698 0.1181468 15.51044 -0.2704441 0.3090357 15.38343 -0.081255 0.09031415 15.27631 0.03915497 0.1218446 15.48343 0.2784623 0.3346421 15.39565 0.163396 0.1465312 15.18006 -0.03251998 0.2605157 15.49694 -0.1331853 0.7047468 15.52146 -0.1732495 1.115238 15.49986 -0.1964423 1.461694 15.51005 0.04972752 0.7086039 15.48938 0.12786 1.092317 15.35875 0.1845079 1.415994 15.24354  SA_HookPunch_Far
-0.03433571 0.02609336 15.4665 -0.09811305 0.1160685 15.51661 -0.281141 0.3019406 15.39524 -0.09713595 0.07965696 15.28643 0.03619673 0.119657 15.48367 0.2722492 0.3273896 15.37792 0.1447645 0.1298774 15.17832 -0.0348557 0.258381 15.49969 -0.1343286 0.7027643 15.5264 -0.1730915 1.113333 15.50392 -0.1951089 1.460001 15.50719 0.04707756 0.7063882 15.48665 0.125254 1.09232 15.36276 0.1795246 1.415277 15.24444  SA_HookPunch_Far
-0.03695093 0.02416742 15.46945 -0.09907012 0.1142938 15.52203 -0.290993 0.2955067 15.40757 -0.1122997 0.07001603 15.29653 0.0336562 0.1178713 15.4832 0.2644537 0.3210013 15.36019 0.126631 0.1143256 15.17745 -0.03674726 0.2565955 15.50186 -0.1351847 0.701065 15.53115 -0.172813 1.111673 15.50748 -0.1939575 1.458395 15.50421 0.04440011 0.7045528 15.48383 0.1230455 1.092407 15.36641 0.1748411 1.415091 15.24625  SA_HookPunch_Far
-0.03907816 0.0225842 15.47183 -0.09947602 0.1128443 15.52674 -0.2998338 0.2897606 15.4201 -0.1264368 0.06140101 15.30655 0.03144296 0.1164875 15.48219 0.2553913 0.31548 15.34305 0.1094588 0.1000971 15.17746 -0.03827278 0.2551714 15.50354 -0.1357765 0.6996761 15.53563 -0.1724825 1.110283 15.51054 -0.1930696 1.456927 15.50117 0.04172714 0.7031071 15.48102 0.1212495 1.092566 15.36966 0.1706274 1.415328 15.24868  SA_HookPunch_Far
-0.0412303 0.02111673 15.47426 -0.09939413 0.1114912 15.53187 -0.3092033 0.2835343 15.43556 -0.1424702 0.05189991 15.31871 0.02904917 0.1152849 15.48063 0.2428478 0.3099298 15.32326 0.08953883 0.08490503 15.17847 -0.03975068 0.253883 15.50526 -0.1361714 0.6983758 15.54092 -0.1722295 1.1089 15.51364 -0.1926307 1.455307 15.49751 0.03848817 0.7018287 15.4778 0.1193523 1.092673 15.37242 0.1661781 1.415799 15.2514  SA_HookPunch_Far
-0.04345218 0.01986504 15.47677 -0.09842484 0.1103201 15.53777 -0.3194566 0.2763799 15.4564 -0.1620576 0.04065061 15.33489 0.02628036 0.1144266 15.47803 0.223906 0.3043387 15.29884 0.06481744 0.0678165 15.18114 -0.04114912 0.252852 15.50703 -0.136155 0.6972449 15.54771 -0.1721944 1.107522 15.51691 -0.1931504 1.453432 15.4928 0.03423138 0.700871 15.47384 0.1170664 1.092832 15.3743 0.1613776 1.416768 15.25451  SA_HookPunch_Far
-0.04573433 0.01922035 15.47912 -0.09590743 0.1096759 15.54446 -0.3296562 0.2689798 15.48592 -0.1863129 0.02844238 15.35668 0.02290394 0.1143177 15.47375 0.1945277 0.2998017 15.26925 0.0332814 0.05042708 15.18608 -0.04222153 0.252453 15.50877 -0.1349405 0.6965966 15.55675 -0.1733226 1.106164 15.51993 -0.1968295 1.45121 15.48729 0.02884455 0.7006673 15.46923 0.1134758 1.093046 15.3729 0.157293 1.4188 15.25795  SA_HookPunch_Far
-0.04721562 0.0195663 15.4805 -0.09301119 0.1099491 15.54922 -0.3352233 0.2642397 15.51196 -0.2038148 0.02097976 15.37534 0.02012058 0.1151187 15.46978 0.1672492 0.2978853 15.24773 0.008186238 0.03978157 15.19129 -0.04264198 0.2529697 15.50987 -0.1330349 0.6968361 15.56421 -0.1753284 1.105476 15.52179 -0.2022992 1.449711 15.48373 0.0245352 0.7014043 15.46596 0.1096077 1.093557 15.3691 0.1548132 1.42085 15.25918  SA_HookPunch_Far
-0.04824166 0.020594 15.48123 -0.08961539 0.1108358 15.55293 -0.3370539 0.2620456 15.53726 -0.2181899 0.01691866 15.39272 0.01758005 0.116581 15.46568 0.1399495 0.2978463 15.2305 -0.01482545 0.03329492 15.19642 -0.04256455 0.2541232 15.51056 -0.1303473 0.6976682 15.57113 -0.1782349 1.105066 15.52309 -0.2093675 1.448582 15.48184 0.02092643 0.7028152 15.46347 0.1045798 1.094373 15.36303 0.152521 1.423053 15.25854  SA_HookPunch_Far
-0.04891865 0.02241921 15.4813 -0.08533727 0.1124169 15.55602 -0.3347738 0.2625905 15.56439 -0.2307318 0.01689947 15.40973 0.01486148 0.1188887 15.46086 0.1096172 0.2997551 15.21544 -0.03938339 0.03008735 15.20192 -0.04208068 0.2560389 15.51083 -0.1267543 0.6991713 15.57816 -0.1821493 1.104819 15.5238 -0.2178839 1.447701 15.48102 0.017424 0.7050526 15.4612 0.09794517 1.095854 15.3554 0.1498251 1.425966 15.25751  SA_HookPunch_Far
-0.04943274 0.02584112 15.48065 -0.07948248 0.1154529 15.55871 -0.326862 0.2664382 15.597 -0.2434163 0.02147818 15.42926 0.0112979 0.1229239 15.45459 0.07139345 0.3042561 15.20158 -0.06858914 0.02958393 15.20961 -0.04116504 0.2595279 15.51059 -0.1215368 0.7020868 15.58613 -0.1878411 1.105021 15.52431 -0.2291188 1.447251 15.48132 0.01341869 0.7089664 15.45869 0.08845891 1.098796 15.34553 0.1463876 1.430315 15.25616  SA_HookPunch_Far
-0.04953979 0.02878988 15.47932 -0.07512812 0.118035 15.5595 -0.3171031 0.2727219 15.61798 -0.2508724 0.03066552 15.43874 0.008786337 0.1263034 15.44983 0.04601105 0.3094274 15.19527 -0.08730237 0.03196061 15.21382 -0.04035107 0.2624651 15.50979 -0.1176984 0.7045755 15.59082 -0.1920529 1.105249 15.52369 -0.2363125 1.447212 15.48154 0.0109482 0.7122115 15.45706 0.08161975 1.101527 15.3394 0.1448776 1.433824 15.25679  SA_HookPunch_Far
-0.04972623 0.03323197 15.47746 -0.06986372 0.1220268 15.55982 -0.3029121 0.2815953 15.64173 -0.2592809 0.04393661 15.4501 0.005475121 0.1312668 15.44416 0.01592 0.3166422 15.19061 -0.108347 0.03588247 15.21953 -0.03940831 0.2668822 15.50853 -0.1128349 0.7084439 15.59587 -0.1974695 1.106087 15.52313 -0.2450774 1.447765 15.48233 0.008001046 0.7169835 15.45506 0.07329603 1.10571 15.33246 0.1435988 1.438394 15.25745  SA_HookPunch_Far
-0.05008064 0.04158604 15.47328 -0.06187354 0.1296177 15.55822 -0.2742867 0.3007149 15.67424 -0.2729264 0.07595646 15.46307 2.177251E-05 0.1404351 15.43498 -0.02645288 0.3313953 15.18985 -0.137036 0.0456723 15.22504 -0.03809277 0.2751446 15.50533 -0.1053042 0.7158359 15.60166 -0.2062457 1.108185 15.52137 -0.2572372 1.449762 15.48396 0.003676848 0.7257516 15.45157 0.06180998 1.113805 15.32336 0.1448265 1.44593 15.25973  SA_HookPunch_Far
-0.05023108 0.04700541 15.47043 -0.05755429 0.1346271 15.55631 -0.2556946 0.3132505 15.69101 -0.2820804 0.1004139 15.4694 -0.002958162 0.1463076 15.42974 -0.04708181 0.3411312 15.19242 -0.1516304 0.05305195 15.22683 -0.03737078 0.2805115 15.50291 -0.1011169 0.7207228 15.60375 -0.2112836 1.10988 15.52011 -0.2633111 1.451567 15.48522 0.001409905 0.731374 15.44923 0.05583825 1.11903 15.31822 0.1463373 1.450256 15.26036  SA_HookPunch_Far
-0.05049006 0.05420077 15.46671 -0.052317 0.1413307 15.55337 -0.2299498 0.3292487 15.70936 -0.2921221 0.1340511 15.47884 -0.00682394 0.154063 15.42335 -0.07097445 0.3536383 15.19769 -0.1692751 0.06305742 15.22937 -0.0365517 0.2876414 15.49966 -0.09584175 0.7272594 15.60574 -0.2177743 1.112161 15.5188 -0.27068 1.454029 15.48716 -0.001397176 0.7388004 15.44621 0.04838063 1.12594 15.31187 0.1483866 1.455513 15.2606  SA_HookPunch_Far
-0.05049358 0.06128418 15.46287 -0.04757563 0.1479987 15.54983 -0.2036879 0.3456497 15.72409 -0.3031336 0.1725384 15.48903 -0.009931488 0.161611 15.41741 -0.08922701 0.3660752 15.20465 -0.1846695 0.0739969 15.23083 -0.03563879 0.2946559 15.49607 -0.09110741 0.7337726 15.6063 -0.2239114 1.114496 15.51692 -0.2767163 1.456683 15.48876 -0.003733261 0.7460492 15.44284 0.04146029 1.132625 15.30529 0.1504819 1.460247 15.26028  SA_HookPunch_Far
-0.0503553 0.06779659 15.45916 -0.04339115 0.1541413 15.54616 -0.1793725 0.3577074 15.73642 -0.3104465 0.2090762 15.50013 -0.01254056 0.1685394 15.41208 -0.1035105 0.3771443 15.21169 -0.1977925 0.08424675 15.23234 -0.03477101 0.3011005 15.4926 -0.0869814 0.7397414 15.60632 -0.2295364 1.116584 15.51553 -0.2820109 1.459068 15.49054 -0.005790753 0.7527063 15.43976 0.03507622 1.138816 15.29957 0.1519234 1.46443 15.25996  SA_HookPunch_Far
-0.0498055 0.0745002 15.4552 -0.03927742 0.160545 15.54211 -0.1540035 0.3696419 15.74692 -0.3182152 0.2509022 15.51445 -0.01445196 0.1755482 15.40685 -0.114226 0.3885795 15.21961 -0.2095259 0.0956105 15.23345 -0.0336601 0.3077275 15.48876 -0.08320396 0.7459897 15.60514 -0.2348467 1.119128 15.51378 -0.285991 1.462071 15.49261 -0.007450147 0.7594965 15.43608 0.02871241 1.145208 15.29353 0.1531782 1.468624 15.25949  SA_HookPunch_Far
-0.04832796 0.08560836 15.44863 -0.03258918 0.1712698 15.53518 -0.1104589 0.387764 15.75925 -0.3233699 0.3249407 15.54517 -0.01665614 0.1870141 15.39867 -0.1264188 0.4068433 15.23325 -0.2264815 0.1151493 15.23579 -0.03147684 0.3187084 15.48225 -0.0773863 0.7564799 15.60194 -0.2446515 1.12279 15.51021 -0.2939775 1.466316 15.49503 -0.009597702 0.7706788 15.42959 0.01853718 1.155819 15.28372 0.1550586 1.475169 15.25872  SA_HookPunch_Far
-0.04619436 0.09325325 15.44384 -0.02790336 0.1788198 15.53026 -0.08138905 0.3979825 15.76504 -0.3229257 0.3792032 15.57422 -0.01642231 0.1946632 15.39332 -0.1279726 0.4191298 15.24106 -0.2341134 0.1296216 15.23621 -0.02932243 0.3262657 15.47736 -0.07429807 0.7638986 15.59781 -0.2511774 1.125913 15.50707 -0.2984037 1.469925 15.4971 -0.01020805 0.7782968 15.42407 0.01221617 1.163311 15.27688 0.1563781 1.47973 15.25833  SA_HookPunch_Far
-0.04327236 0.1013383 15.43861 -0.02284829 0.186884 15.52494 -0.05020193 0.4076755 15.7682 -0.3139477 0.4364899 15.61099 -0.01512269 0.2026371 15.38772 -0.1256534 0.4312838 15.24659 -0.2394601 0.1448768 15.23548 -0.02666108 0.3342527 15.47194 -0.07163249 0.7718279 15.59243 -0.2579588 1.129435 15.50313 -0.3024653 1.473931 15.49915 -0.01039915 0.7863078 15.41766 0.005957263 1.171233 15.26944 0.1577465 1.484401 15.25786  SA_HookPunch_Far
-0.0394576 0.108445 15.43378 -0.01807718 0.1940857 15.52023 -0.02332996 0.4150854 15.76879 -0.2990792 0.4855112 15.65 -0.01209764 0.2094709 15.38288 -0.1181549 0.441182 15.24691 -0.239836 0.1582056 15.232 -0.02354257 0.3412614 15.46684 -0.07011907 0.7789106 15.58619 -0.2636249 1.133052 15.49836 -0.3052231 1.477926 15.50062 -0.00965683 0.7932794 15.41115 0.001372891 1.178209 15.26245 0.1590446 1.488632 15.25745  SA_HookPunch_Far
-0.03240351 0.117311 15.42762 -0.01167486 0.2031729 15.51468 0.008757489 0.4234272 15.76642 -0.270323 0.5402409 15.70662 -0.004672511 0.2177415 15.37729 -0.09946488 0.4515284 15.23632 -0.2315215 0.1733289 15.21987 -0.0182008 0.3499398 15.46029 -0.06983815 0.7878786 15.57605 -0.2696164 1.138839 15.48951 -0.3069086 1.484004 15.50153 -0.006724341 0.8017835 15.40191 -0.002158744 1.186588 15.25255 0.1612626 1.494025 15.25737  SA_HookPunch_Far
-0.02452569 0.1243249 15.42269 -0.006103737 0.2104236 15.51056 0.03345086 0.4284431 15.76248 -0.2359872 0.5784208 15.75832 0.004774051 0.2240988 15.37333 -0.07611941 0.4571389 15.21787 -0.2160346 0.182747 15.20246 -0.01250134 0.3567311 15.45494 -0.07105236 0.7950106 15.56563 -0.2733819 1.144513 15.47911 -0.3067746 1.489596 15.50093 -0.002318544 0.8083096 15.39358 -0.003441138 1.192647 15.24296 0.1627907 1.498268 15.25748  SA_HookPunch_Far
-0.01544504 0.1299473 15.41886 -0.001110716 0.21627 15.50758 0.05216261 0.4303991 15.75824 -0.1986055 0.6031437 15.80705 0.01663985 0.229035 15.37098 -0.0461301 0.4573681 15.19164 -0.191773 0.1857978 15.17972 -0.006151183 0.3620816 15.45053 -0.07358859 0.800701 15.55426 -0.2750206 1.150389 15.4664 -0.305107 1.494962 15.49862 0.00392695 0.8133028 15.38593 -0.002800269 1.196548 15.23269 0.1632211 1.501637 15.2573  SA_HookPunch_Far
-0.006710453 0.1332835 15.41557 0.002312081 0.2196503 15.50472 0.06059058 0.4290816 15.75406 -0.1703193 0.6156635 15.83758 0.02870013 0.232089 15.36949 -0.01387261 0.4516387 15.1624 -0.1633157 0.181932 15.15698 -0.0003266762 0.3652068 15.44687 -0.07690911 0.8037551 15.544 -0.2734113 1.156013 15.45525 -0.3011279 1.499717 15.49736 0.01095189 0.8162796 15.38083 -0.001314385 1.198007 15.22418 0.1608567 1.504422 15.25671  SA_HookPunch_Far
0.005171554 0.1357235 15.41055 0.005913394 0.2219461 15.49965 0.06515713 0.4230109 15.74864 -0.1368875 0.6227901 15.86853 0.04524823 0.2345294 15.36762 0.03894295 0.436746 15.12512 -0.1183476 0.171501 15.12816 0.007244842 0.3673896 15.44146 -0.08187465 0.8053454 15.52955 -0.2699387 1.162306 15.44131 -0.2949578 1.504226 15.49733 0.0209489 0.8185369 15.37543 0.002481299 1.197382 15.21252 0.1577355 1.506319 15.25377  SA_HookPunch_Far
0.01418056 0.1358157 15.4059 0.007719414 0.22173 15.49422 0.06186416 0.4156027 15.74447 -0.1213429 0.6224503 15.88142 0.05785318 0.2350342 15.36597 0.0868779 0.4197038 15.10102 -0.07955067 0.1602024 15.10907 0.0126393 0.3673483 15.43667 -0.08612131 0.8043771 15.51814 -0.2663006 1.166001 15.43248 -0.2890938 1.506132 15.49931 0.02870585 0.8188771 15.37286 0.007600443 1.194949 15.20396 0.1566999 1.506289 15.24962  SA_HookPunch_Far
0.03081431 0.1316979 15.39419 0.009703713 0.2165446 15.47918 0.04091443 0.3973393 15.73505 -0.1218966 0.6112894 15.88613 0.08070906 0.2324524 15.36153 0.1927651 0.3822517 15.08141 0.0001622011 0.1414089 15.07961 0.02204909 0.3630679 15.42515 -0.0938258 0.7975588 15.49513 -0.2595973 1.16833 15.42014 -0.2849303 1.504592 15.50357 0.0429255 0.815927 15.37078 0.02262517 1.187575 15.19226 0.1555806 1.505476 15.24235  SA_HookPunch_Far
0.04461678 0.1225158 15.37992 0.009373443 0.2059026 15.45924 0.004606264 0.3768789 15.71963 -0.1580617 0.5893617 15.87292 0.09987707 0.2250099 15.35638 0.2946839 0.3489244 15.10294 0.07868071 0.1328415 15.06105 0.02934887 0.3536943 15.41129 -0.100207 0.7856229 15.47011 -0.2485176 1.167112 15.41493 -0.2810178 1.499815 15.50941 0.05499603 0.808018 15.37055 0.04141017 1.17742 15.18681 0.1539369 1.503377 15.23516  SA_HookPunch_Far
0.05420687 0.1122946 15.36752 0.008437173 0.1944267 15.44053 -0.03173785 0.3588084 15.70064 -0.2036436 0.5661537 15.85085 0.11312 0.2160408 15.35271 0.3619879 0.3277866 15.14317 0.1404396 0.1318134 15.05591 0.03441818 0.3432884 15.39923 -0.103419 0.7736203 15.44856 -0.2373366 1.162694 15.41302 -0.2787448 1.492737 15.51318 0.06371482 0.7985123 15.37144 0.05843331 1.167515 15.18647 0.1537509 1.499583 15.22999  SA_HookPunch_Far
0.06372221 0.09977329 15.35291 0.007333117 0.1805816 15.41684 -0.07850413 0.3386767 15.66953 -0.2682908 0.5373114 15.80965 0.1257903 0.2046034 15.34955 0.4164165 0.3127295 15.20495 0.2061796 0.1372786 15.0631 0.03959807 0.3305429 15.38504 -0.1044752 0.7598335 15.42319 -0.2220406 1.155638 15.41359 -0.2749115 1.483105 15.51676 0.0726461 0.7862629 15.37389 0.07852335 1.155493 15.18939 0.1543769 1.493702 15.22269  SA_HookPunch_Far
0.06859644 0.09067428 15.34148 0.005539255 0.170828 15.39771 -0.1175228 0.323686 15.63925 -0.325518 0.5156472 15.76171 0.1321425 0.195742 15.34783 0.4365476 0.3099968 15.25407 0.2475448 0.1422887 15.07727 0.04242207 0.3213388 15.37475 -0.1026423 0.7509272 15.40617 -0.2059061 1.150711 15.41534 -0.2658378 1.477345 15.51728 0.07918669 0.7767727 15.37839 0.09323271 1.145791 15.19391 0.1549176 1.487767 15.21617  SA_HookPunch_Far
0.07374431 0.08135712 15.32888 0.004978852 0.1611241 15.37609 -0.1566633 0.3089885 15.59906 -0.3827105 0.4945161 15.69699 0.137654 0.1862768 15.34606 0.4455546 0.3076006 15.30736 0.2860746 0.1460685 15.09861 0.04563065 0.311886 15.36348 -0.09912799 0.7421496 15.38823 -0.1903541 1.143715 15.41982 -0.2555341 1.470112 15.51927 0.08496518 0.7664876 15.38389 0.1088392 1.135636 15.20068 0.1583198 1.480188 15.20982  SA_HookPunch_Far
0.07858069 0.07073748 15.31164 0.005071776 0.1510721 15.34751 -0.2042009 0.2910854 15.53921 -0.4522294 0.4677685 15.58792 0.1414037 0.1740981 15.34296 0.437285 0.3080937 15.36791 0.323842 0.1498717 15.12874 0.04994502 0.3011495 15.3495 -0.09042959 0.7333148 15.37006 -0.1710522 1.134233 15.42784 -0.238164 1.460486 15.52648 0.09266819 0.7534909 15.39392 0.1271328 1.123217 15.2136 0.1633511 1.469434 15.20524  SA_HookPunch_Far
0.08329792 0.06228995 15.29515 0.007624643 0.1438836 15.32053 -0.2402457 0.2777321 15.47349 -0.4968989 0.4485583 15.46608 0.1432735 0.1633377 15.33946 0.4154402 0.3079245 15.4173 0.3504109 0.1509031 15.15997 0.05454328 0.2924492 15.3369 -0.08053403 0.726604 15.3559 -0.1565532 1.12421 15.43779 -0.2226358 1.450244 15.53784 0.09804399 0.741569 15.40477 0.1426015 1.111379 15.22684 0.1710192 1.457396 15.20014  SA_HookPunch_Far
0.08902062 0.05460203 15.27792 0.01331605 0.1383625 15.29448 -0.2716695 0.2652429 15.39617 -0.5247117 0.421298 15.31417 0.1450034 0.151871 15.33465 0.3875755 0.3101379 15.45393 0.3680194 0.1543481 15.1885 0.06158503 0.2841722 15.32531 -0.06694715 0.7202951 15.34695 -0.1471994 1.112682 15.44778 -0.2138433 1.438029 15.54967 0.1048806 0.7289899 15.41695 0.157153 1.101121 15.2461 0.1812108 1.445534 15.20085  SA_HookPunch_Far
0.102853 0.04370689 15.24987 0.02999719 0.1317929 15.25513 -0.2925844 0.2467464 15.22756 -0.4712591 0.3563995 15.00138 0.1488899 0.1324537 15.32585 0.3344783 0.3157364 15.4932 0.3801101 0.1593177 15.23137 0.07723375 0.2708468 15.30966 -0.04174421 0.7091355 15.34029 -0.1357083 1.094119 15.45662 -0.2095541 1.416698 15.56227 0.1154167 0.7066551 15.43926 0.1763505 1.084256 15.28399 0.202198 1.422618 15.20595  SA_HookPunch_Far
0.1105942 0.03983283 15.23867 0.03927108 0.1296043 15.24117 -0.2767235 0.2346343 15.13431 -0.3808806 0.3027239 14.85214 0.151251 0.1239011 15.3222 0.3132671 0.320496 15.50091 0.3770624 0.1622986 15.24399 0.08535357 0.2650149 15.30506 -0.03053467 0.7036173 15.34089 -0.1280082 1.089065 15.45271 -0.2098933 1.4091 15.56016 0.120407 0.6967229 15.44892 0.1821045 1.077707 15.30247 0.2120779 1.412155 15.21031  SA_HookPunch_Far
0.1152042 0.0370599 15.23318 0.04367753 0.1270849 15.23548 -0.2507423 0.2312059 15.07001 -0.2912106 0.2763358 14.76763 0.152571 0.1182616 15.32034 0.3063425 0.3190225 15.50269 0.3713236 0.1643814 15.24391 0.08940865 0.260643 15.30339 -0.0248457 0.6993662 15.34192 -0.1230494 1.085912 15.44922 -0.2080683 1.40562 15.5552 0.1240452 0.6906464 15.45263 0.1855825 1.074232 15.31306 0.2185976 1.406866 15.21553  SA_HookPunch_Far
0.1211137 0.03593373 15.2261 0.04837205 0.125688 15.22861 -0.1864062 0.2130845 14.97999 -0.123153 0.2197384 14.67822 0.1535877 0.1131554 15.31755 0.3012776 0.3158047 15.5035 0.3595445 0.1695633 15.23832 0.09366424 0.2569853 15.30107 -0.01837598 0.695918 15.34257 -0.1166668 1.084497 15.44217 -0.2048411 1.404693 15.54402 0.128633 0.685196 15.4556 0.189983 1.072277 15.32595 0.2281163 1.402908 15.2236  SA_HookPunch_Far
0.1228074 0.03625524 15.22259 0.04895933 0.1255397 15.22473 -0.1370533 0.2073615 14.94137 -0.01392536 0.2055031 14.65863 0.152354 0.1119419 15.31563 0.3046422 0.307587 15.50366 0.3513187 0.1694843 15.23191 0.09350766 0.2561785 15.29883 -0.01682876 0.6955981 15.34039 -0.1142067 1.085401 15.43602 -0.2022309 1.406719 15.53441 0.1289867 0.6837691 15.45484 0.1929062 1.071204 15.32752 0.2335681 1.401673 15.22561  SA_HookPunch_Far
0.1241354 0.03726578 15.21894 0.04979988 0.1262797 15.22041 -0.09361903 0.2033722 14.91913 0.07473631 0.1956655 14.66086 0.1512162 0.1117765 15.31337 0.3066912 0.3011748 15.50344 0.3444632 0.1690886 15.22735 0.09336145 0.2563543 15.29607 -0.01555626 0.6962094 15.33747 -0.112063 1.086821 15.43065 -0.1997725 1.408926 15.52672 0.1286433 0.6832729 15.45383 0.1948658 1.070787 15.32793 0.2373058 1.401284 15.22685  SA_HookPunch_Far
0.1278622 0.03954685 15.21244 0.05515041 0.1287597 15.21093 -0.04009108 0.2064452 14.9008 0.1788486 0.1886762 14.68433 0.1508178 0.1131901 15.30964 0.3076386 0.2921044 15.50441 0.337511 0.1611328 15.22681 0.09477861 0.2581619 15.28983 -0.01291595 0.6987435 15.32864 -0.1088235 1.089434 15.42211 -0.1960606 1.411952 15.51722 0.1250419 0.6836259 15.45209 0.1952393 1.069879 15.32448 0.2375026 1.4012 15.22605  SA_HookPunch_Far
0.1318168 0.04131162 15.20925 0.06078495 0.1306969 15.20559 -0.01534454 0.212391 14.89492 0.2194758 0.1856991 14.69679 0.1521887 0.114791 15.3082 0.3065235 0.2902129 15.50605 0.3371504 0.1567715 15.22972 0.09716435 0.2598665 15.28641 -0.01086162 0.7006896 15.32213 -0.1071419 1.090884 15.41728 -0.1949835 1.412945 15.51337 0.1220259 0.6847697 15.45092 0.1954014 1.069419 15.32029 0.2371677 1.401086 15.22283  SA_HookPunch_Far
0.1375828 0.04368019 15.20638 0.06900986 0.1332492 15.20011 0.00670095 0.2221524 14.89024 0.2497822 0.1831588 14.7045 0.1549009 0.1171993 15.30736 0.3040999 0.2908394 15.50879 0.3394656 0.1519495 15.23572 0.101011 0.2622871 15.28297 -0.008087857 0.7032323 15.314 -0.1057555 1.092336 15.41215 -0.1953152 1.413246 15.51049 0.1179285 0.686797 15.44947 0.19584 1.068893 15.31406 0.236963 1.400812 15.21717  SA_HookPunch_Far
0.1452301 0.04628789 15.20575 0.07860591 0.1356483 15.19694 0.02161505 0.2335013 14.88716 0.2621153 0.183561 14.70068 0.1593732 0.1202633 15.30819 0.3016489 0.2948209 15.51355 0.3466172 0.1508635 15.24455 0.1060679 0.265043 15.28086 -0.004968209 0.7059189 15.30499 -0.1056189 1.093354 15.40666 -0.1989803 1.412186 15.50817 0.1140145 0.6900979 15.44674 0.1972678 1.069162 15.30609 0.236742 1.401776 15.21092  SA_HookPunch_Far
0.1527096 0.04873753 15.2063 0.08756234 0.1377267 15.19533 0.0310693 0.2443874 14.88536 0.2640674 0.1865129 14.69179 0.164024 0.1232972 15.30971 0.2993378 0.2999735 15.51853 0.3549586 0.1517916 15.25386 0.1110143 0.2676457 15.27966 -0.001919312 0.7083294 15.29671 -0.1062472 1.093913 15.40166 -0.2042058 1.410346 15.5063 0.1107652 0.6935731 15.44363 0.1992719 1.069725 15.29844 0.236844 1.403153 15.20537  SA_HookPunch_Far
0.1581701 0.05045235 15.20808 0.09298618 0.1389098 15.19588 0.03337415 0.249693 14.88446 0.2604456 0.1894262 14.68467 0.1678085 0.1256014 15.31147 0.2985987 0.3044671 15.52295 0.3630304 0.15706 15.25985 0.1146128 0.269502 15.27966 0.0004294087 0.7100474 15.29168 -0.1077038 1.094158 15.39818 -0.2100187 1.408682 15.50439 0.110249 0.6964476 15.44087 0.2017249 1.070813 15.29293 0.2369617 1.405129 15.20216  SA_HookPunch_Far
0.1647148 0.05244803 15.2104 0.09936781 0.1402243 15.19676 0.03557124 0.2557466 14.88381 0.2552796 0.193174 14.67664 0.1723781 0.1283216 15.31366 0.2976481 0.3098892 15.52829 0.3728851 0.1640649 15.26717 0.1189484 0.271652 15.27973 0.003403978 0.7119943 15.2857 -0.1096089 1.094225 15.39388 -0.2174473 1.406313 15.5018 0.1099258 0.6998344 15.43738 0.2050199 1.072041 15.28631 0.237267 1.40744 15.19848  SA_HookPunch_Far
0.1704831 0.05429864 15.21284 0.1043376 0.1413927 15.1983 0.03596647 0.2587849 14.88367 0.2533916 0.1936601 14.67488 0.1769318 0.1307979 15.31558 0.2978593 0.3158519 15.53157 0.3815603 0.1722957 15.27178 0.1231828 0.2736394 15.28013 0.006537931 0.7138188 15.28181 -0.1120999 1.094189 15.39052 -0.2257639 1.403999 15.49902 0.1120724 0.7029577 15.43428 0.2090786 1.074005 15.28158 0.2381153 1.410598 15.19726  SA_HookPunch_Far
0.1749291 0.05539286 15.21477 0.1080836 0.1419398 15.19959 0.03611215 0.2604545 14.88385 0.2525236 0.1934427 14.67461 0.1805257 0.1323613 15.31705 0.2981353 0.320256 15.53379 0.3881534 0.1786244 15.27506 0.1265188 0.274822 15.28048 0.009048717 0.7148609 15.279 -0.1140987 1.093718 15.38798 -0.2323653 1.401698 15.49677 0.1141024 0.7050067 15.43187 0.2123999 1.075267 15.27809 0.2388763 1.412772 15.19662  SA_HookPunch_Far
0.1797127 0.05615354 15.21666 0.1119402 0.1421196 15.20146 0.03652688 0.2609061 14.88556 0.2564717 0.1902952 14.68124 0.1851843 0.1334486 15.3185 0.3002293 0.3257207 15.53276 0.393647 0.1827148 15.27599 0.1306068 0.2755524 15.28139 0.01150932 0.7152165 15.2783 -0.1167545 1.092632 15.38638 -0.2391726 1.399299 15.49428 0.1179902 0.7065388 15.43025 0.2151049 1.077147 15.27656 0.239444 1.415275 15.19703  SA_HookPunch_Far
0.1833558 0.05605769 15.21814 0.1148787 0.1415646 15.20303 0.03675338 0.2605772 14.88724 0.259482 0.1869125 14.68705 0.188848 0.1335967 15.31966 0.3021874 0.3292425 15.53159 0.3976872 0.1849101 15.27634 0.1337602 0.2754133 15.2822 0.01327779 0.7147371 15.27801 -0.1187002 1.091074 15.38538 -0.2438693 1.396894 15.49252 0.1210215 0.707014 15.42912 0.2168353 1.078047 15.27563 0.239695 1.41657 15.19735  SA_HookPunch_Far
0.1868737 0.05566859 15.21977 0.1177184 0.1406777 15.20517 0.03651657 0.2599986 14.8904 0.2620912 0.1807733 14.6956 0.1929269 0.1334416 15.32105 0.3059194 0.3326917 15.5289 0.4010905 0.1854234 15.2752 0.1369935 0.2749214 15.28358 0.01448657 0.7136862 15.2789 -0.1203122 1.089327 15.38519 -0.2463031 1.395274 15.491 0.1242805 0.707162 15.42858 0.216884 1.079384 15.276 0.2389057 1.417975 15.19778  SA_HookPunch_Far
0.1897702 0.05531383 15.22111 0.1200623 0.1399108 15.20694 0.03629776 0.2594947 14.89305 0.2641047 0.1757087 14.70281 0.1962994 0.1332852 15.32219 0.3089853 0.3354434 15.52663 0.4038776 0.1858115 15.27422 0.1396596 0.274482 15.28471 0.01547028 0.7127743 15.27964 -0.1216361 1.087811 15.38512 -0.2482791 1.393863 15.48984 0.1269499 0.7072459 15.42811 0.2168995 1.080449 15.27635 0.2382619 1.41909 15.19816  SA_HookPunch_Far
0.1930337 0.05446064 15.22341 0.1226042 0.1385105 15.21009 0.03369131 0.2594736 14.89865 0.2636317 0.1679994 14.71462 0.2008826 0.1329774 15.32401 0.3157516 0.3382043 15.52363 0.4073003 0.1862971 15.27134 0.1428206 0.2736429 15.28671 0.01583423 0.711129 15.28142 -0.1227536 1.085894 15.38591 -0.2475733 1.393333 15.48875 0.1300879 0.7071606 15.42781 0.2144848 1.0828 15.2789 0.2359099 1.421357 15.20036  SA_HookPunch_Far
0.1956532 0.05373573 15.22533 0.1246272 0.1373343 15.21273 0.03143235 0.2594967 14.90347 0.2628748 0.1615971 14.7247 0.2046302 0.1327362 15.32549 0.3214187 0.3404021 15.52112 0.4100519 0.1868324 15.26881 0.1453565 0.2729427 15.28837 0.01602312 0.7097408 15.28295 -0.1236433 1.084302 15.38674 -0.2468746 1.39292 15.48794 0.1325835 0.7070755 15.42754 0.2125351 1.08463 15.28104 0.234074 1.423072 15.20204  SA_HookPunch_Far
0.1982515 0.05255699 15.22852 0.1262425 0.1355288 15.21702 0.02628018 0.260322 14.9119 0.2593724 0.1532989 14.74067 0.2092764 0.132585 15.32763 0.3312127 0.3428273 15.51833 0.4136129 0.1895592 15.26373 0.1478522 0.2719679 15.2909 0.01482602 0.7076933 15.28565 -0.1243081 1.082543 15.3891 -0.2434745 1.393411 15.48827 0.1350908 0.7069761 15.4272 0.2097023 1.086735 15.2836 0.2325722 1.424614 15.2026  SA_HookPunch_Far
0.2005166 0.05150318 15.23161 0.1274754 0.13384 15.22124 0.02141531 0.2614982 14.92056 0.2556498 0.1462331 14.75637 0.2135206 0.1325642 15.32956 0.3406087 0.3452885 15.51529 0.4168185 0.1927843 15.25831 0.1499134 0.2710981 15.29334 0.01325156 0.7057468 15.28845 -0.1249463 1.08102 15.39163 -0.2401355 1.394041 15.4887 0.1371268 0.706924 15.42685 0.2077583 1.088208 15.2853 0.2313159 1.425718 15.20295  SA_HookPunch_Far
0.202903 0.05031061 15.2357 0.1283075 0.1317437 15.22697 0.01522042 0.2638683 14.93292 0.2504082 0.1391244 14.77725 0.2185057 0.1328039 15.33185 0.3528346 0.348767 15.5107 0.420575 0.1983759 15.25013 0.1518048 0.2701151 15.29655 0.010233 0.7032829 15.29253 -0.1257626 1.079448 15.39539 -0.2355026 1.395275 15.48965 0.1389498 0.7069646 15.4264 0.2068131 1.088991 15.28549 0.230242 1.426487 15.20306  SA_HookPunch_Far
0.2045441 0.04943049 15.23861 0.128709 0.1301203 15.23129 0.01105447 0.2669998 14.94329 0.2464222 0.1359458 14.79318 0.2220953 0.1329814 15.33331 0.3616961 0.3516464 15.50627 0.4230295 0.2028261 15.24322 0.1529729 0.2693235 15.29892 0.007644551 0.7013258 15.29588 -0.1263776 1.078349 15.39818 -0.232122 1.396253 15.48999 0.140051 0.706912 15.42603 0.2061938 1.089529 15.28591 0.2292935 1.427233 15.20424  SA_HookPunch_Far
0.2069101 0.04828048 15.24301 0.1291286 0.1277416 15.23809 0.005686836 0.2708509 14.95951 0.2414107 0.1308608 14.81829 0.227374 0.1334451 15.33532 0.37456 0.3566141 15.49819 0.4260322 0.2100486 15.23178 0.1544613 0.2682207 15.30263 0.003309863 0.6983503 15.30141 -0.1274541 1.076903 15.40227 -0.2274431 1.397895 15.48968 0.141316 0.7069203 15.42544 0.2053419 1.090389 15.28667 0.2277585 1.428624 15.20703  SA_HookPunch_Far
0.2082988 0.04750669 15.24628 0.1291497 0.1260414 15.24345 0.001936929 0.2746854 14.97304 0.2374044 0.1289536 14.8373 0.2310228 0.13383 15.33672 0.3834146 0.3603497 15.49106 0.4273864 0.2153796 15.22245 0.155305 0.2674316 15.30562 -0.0001213978 0.6961203 15.30628 -0.1281537 1.076064 15.4054 -0.2242453 1.399233 15.48908 0.1420818 0.706928 15.42528 0.2041814 1.090922 15.2871 0.2258604 1.429462 15.20855  SA_HookPunch_Far
0.2096616 0.04679585 15.24979 0.1291278 0.1243236 15.2494 -0.001356585 0.279332 14.98855 0.2328271 0.1265619 14.85845 0.2348157 0.1343582 15.33809 0.3924234 0.3644768 15.4826 0.4280137 0.221169 15.21186 0.156122 0.2666763 15.30896 -0.003831012 0.6937761 15.31198 -0.1289216 1.075282 15.40883 -0.2211564 1.400694 15.48804 0.1427986 0.7070021 15.42523 0.202864 1.091474 15.28748 0.2238305 1.430287 15.20993  SA_HookPunch_Far
0.2101234 0.04615688 15.25313 0.1285241 0.1228387 15.25518 -0.004711611 0.2843912 15.00421 0.2276912 0.1258463 14.87788 0.2376613 0.1348391 15.33934 0.399722 0.3677574 15.47407 0.4273715 0.2260056 15.20158 0.156379 0.2660296 15.31229 -0.007420821 0.6917171 15.31796 -0.129298 1.074953 15.41204 -0.2183131 1.402244 15.48707 0.1432564 0.7071016 15.42548 0.2016694 1.091928 15.288 0.2219233 1.431076 15.21174  SA_HookPunch_Far
0.2103377 0.04568708 15.25629 0.1278689 0.1216077 15.26073 -0.007239504 0.2890351 15.01925 0.2228155 0.1244434 14.8964 0.2400767 0.1354083 15.34045 0.4058972 0.3707681 15.46569 0.4259387 0.2304363 15.19181 0.1564858 0.2655591 15.3155 -0.01072626 0.6899416 15.32386 -0.1296537 1.074816 15.41498 -0.2159757 1.403739 15.48592 0.1435707 0.70731 15.42581 0.2006389 1.092382 15.28845 0.2203665 1.431827 15.21338  SA_HookPunch_Far
0.2096864 0.04530752 15.25909 0.1265674 0.120663 15.26567 -0.01002852 0.2929443 15.03265 0.2177343 0.1236571 14.91192 0.2413476 0.1358922 15.34137 0.4105268 0.3730209 15.4581 0.4236088 0.2334905 15.18339 0.1559451 0.2652268 15.31838 -0.01369534 0.6886417 15.32937 -0.1296567 1.075091 15.4176 -0.2135176 1.405409 15.48492 0.1436585 0.7075539 15.42624 0.1999414 1.092705 15.28878 0.2193436 1.432441 15.21495  SA_HookPunch_Far
0.2074893 0.04483688 15.26449 0.1233695 0.119258 15.2752 -0.01478217 0.3002883 15.05871 0.2074433 0.1218889 14.94083 0.2426403 0.1369778 15.34301 0.4177853 0.3769804 15.44322 0.4173194 0.238328 15.16775 0.1541897 0.2648991 15.32398 -0.01919125 0.6867306 15.34029 -0.1296699 1.076109 15.42247 -0.2092531 1.408854 15.48264 0.1435348 0.7082798 15.42722 0.1989677 1.093308 15.28908 0.2181341 1.433564 15.21762  SA_HookPunch_Far
0.2048447 0.04470634 15.26764 0.1202407 0.1187623 15.2808 -0.01899932 0.3038342 15.0737 0.1998904 0.1210706 14.95626 0.2419392 0.1376255 15.34382 0.4211532 0.3789387 15.43412 0.4122718 0.2397814 15.15905 0.1521109 0.2649308 15.32728 -0.02229868 0.6862634 15.34701 -0.1302468 1.077042 15.42584 -0.2078727 1.410956 15.48195 0.1433549 0.7088849 15.42793 0.1990047 1.093588 15.28897 0.2183097 1.434187 15.2192  SA_HookPunch_Far
0.2022016 0.04480338 15.27087 0.1172011 0.1185026 15.28654 -0.02297954 0.3064528 15.0881 0.1924881 0.1187031 14.97221 0.2411425 0.1384835 15.34465 0.4240032 0.3810351 15.42478 0.4067126 0.2412922 15.15042 0.1500366 0.2651858 15.33066 -0.02526192 0.686044 15.35387 -0.1309627 1.078126 15.42919 -0.2069494 1.413095 15.48111 0.1431087 0.7097059 15.42865 0.1990723 1.093989 15.28866 0.2186583 1.434883 15.22043  SA_HookPunch_Far
0.1984234 0.044927 15.27389 0.1131789 0.118502 15.29186 -0.02811442 0.3090125 15.10143 0.1844245 0.1178194 14.98576 0.2390658 0.1391848 15.34536 0.4258922 0.3825046 15.4161 0.4005915 0.2417482 15.14287 0.1471716 0.2655619 15.3338 -0.02791683 0.6863692 15.36032 -0.1319467 1.079339 15.43331 -0.2068694 1.414961 15.48248 0.1428203 0.7105988 15.42934 0.19927 1.094363 15.28812 0.2190355 1.435656 15.22196  SA_HookPunch_Far
0.1945369 0.04525995 15.27709 0.1091183 0.1187111 15.29748 -0.03284816 0.3116349 15.11532 0.1762971 0.11647 15.00009 0.236841 0.1400937 15.34613 0.4273547 0.3841273 15.40693 0.3938495 0.2422588 15.13517 0.1442216 0.2661481 15.33711 -0.0305364 0.6869224 15.36705 -0.1330442 1.080745 15.43755 -0.2070792 1.416973 15.48385 0.1424455 0.7117083 15.43001 0.199446 1.094853 15.28734 0.2195241 1.436509 15.22319  SA_HookPunch_Far
0.1900122 0.04560828 15.28035 0.1045829 0.1191225 15.30289 -0.03849958 0.3136644 15.12761 0.1684385 0.1159682 15.01272 0.2338575 0.1409048 15.34706 0.4279437 0.3852448 15.39924 0.3872484 0.2426701 15.12883 0.1408774 0.266838 15.34036 -0.03289137 0.6878349 15.37331 -0.1342926 1.082317 15.4417 -0.2079146 1.418879 15.48619 0.1420052 0.7129093 15.43062 0.1995608 1.095439 15.28653 0.2200081 1.437464 15.22449  SA_HookPunch_Far
0.1825302 0.04648805 15.28574 0.09724678 0.1201857 15.31167 -0.04733048 0.3168173 15.14678 0.1563081 0.1153119 15.03261 0.228659 0.1424507 15.34872 0.4279403 0.3870058 15.38736 0.3763028 0.2434502 15.11935 0.1353589 0.268288 15.34564 -0.03643833 0.6897619 15.38319 -0.1364186 1.085154 15.44833 -0.209657 1.422113 15.49038 0.1411136 0.7151506 15.43148 0.1995992 1.0966 15.28492 0.220869 1.439142 15.2261  SA_HookPunch_Far
0.1733961 0.04723942 15.29224 0.08850189 0.1213753 15.32153 -0.05855278 0.318926 15.16591 0.1433868 0.1155696 15.052 0.2217626 0.1438446 15.3511 0.426288 0.3881075 15.37696 0.3648268 0.2447157 15.11094 0.1285605 0.2697906 15.35168 -0.04040728 0.6920197 15.39355 -0.1386701 1.088316 15.45575 -0.2111791 1.425656 15.49597 0.1394699 0.717529 15.43222 0.1989719 1.097889 15.28326 0.22166 1.440847 15.22746  SA_HookPunch_Far
0.1577404 0.04776537 15.30382 0.07373019 0.1227732 15.33834 -0.07855426 0.3197781 15.1954 0.1223658 0.1158311 15.08075 0.2091025 0.1453167 15.35576 0.4210137 0.3888751 15.36279 0.3463439 0.2465371 15.0996 0.1165468 0.2715819 15.36208 -0.04741637 0.6951022 15.41026 -0.1423198 1.092829 15.46841 -0.2127756 1.431118 15.50405 0.1351078 0.7206481 15.43337 0.1963715 1.099437 15.28115 0.2225545 1.442774 15.22936  SA_HookPunch_Far
0.1490624 0.04773974 15.3105 0.06558307 0.1233034 15.34749 -0.09015517 0.3190553 15.20963 0.1106814 0.1157593 15.09369 0.201623 0.1457078 15.35883 0.4169635 0.388935 15.35763 0.3371767 0.2471313 15.09565 0.1096596 0.2722368 15.36791 -0.05158804 0.696476 15.41883 -0.1441161 1.09497 15.47554 -0.212916 1.433987 15.50729 0.1317536 0.7218877 15.43437 0.1936566 1.100076 15.28093 0.222261 1.443383 15.23024  SA_HookPunch_Far
0.1374613 0.04754114 15.31975 0.05480917 0.1238645 15.3598 -0.1054739 0.3178186 15.22796 0.09513231 0.1155535 15.10983 0.1913234 0.145933 15.36355 0.4106852 0.3886268 15.35225 0.3251304 0.2469403 15.09204 0.1003348 0.2728792 15.37601 -0.05730341 0.6980921 15.43004 -0.1463147 1.097541 15.48564 -0.2128092 1.437535 15.51127 0.126635 0.7231742 15.43629 0.1886422 1.10071 15.28129 0.2206134 1.443762 15.23088  SA_HookPunch_Far
0.1288327 0.04728723 15.32683 0.0468684 0.1241831 15.36895 -0.1167831 0.3167517 15.24107 0.08352919 0.1153705 15.12095 0.1834832 0.1459002 15.36753 0.4054342 0.3881571 15.34941 0.3163562 0.2460536 15.09061 0.09332712 0.2731993 15.38224 -0.06167571 0.6991391 15.43819 -0.1476937 1.099272 15.49359 -0.2123684 1.439971 15.51397 0.1224153 0.7238784 15.43817 0.1838198 1.101097 15.28216 0.2182422 1.443814 15.23109  SA_HookPunch_Far
0.1195862 0.04694676 15.33461 0.0384406 0.1244361 15.37859 -0.128998 0.3156885 15.25445 0.07047923 0.1153506 15.13124 0.1750161 0.1456254 15.37264 0.3986939 0.3876311 15.34819 0.3071817 0.2435896 15.09132 0.08582927 0.2733686 15.38928 -0.06647716 0.7000906 15.44669 -0.1479869 1.101045 15.50296 -0.209584 1.442638 15.51688 0.1175965 0.7243446 15.44119 0.1759522 1.101726 15.28441 0.212066 1.443869 15.23072  SA_HookPunch_Far
0.1126323 0.04662168 15.34067 0.03211756 0.1245703 15.3859 -0.1379922 0.3150041 15.26445 0.06071706 0.1153826 15.13886 0.1686007 0.1452774 15.3769 0.3930355 0.3872083 15.34801 0.3003725 0.2410929 15.09273 0.08020045 0.273398 15.39479 -0.07001613 0.7007498 15.45301 -0.1487673 1.102418 15.5081 -0.2085741 1.444463 15.51822 0.1139694 0.7245536 15.44383 0.1696345 1.102195 15.28669 0.2067805 1.443836 15.23057  SA_HookPunch_Far
0.1052464 0.04621542 15.34734 0.02539714 0.124668 15.39369 -0.1473465 0.3144659 15.27485 0.05036267 0.1154859 15.14669 0.1617676 0.1447567 15.38199 0.3863131 0.3868191 15.34887 0.2934184 0.2376693 15.09544 0.07425292 0.2733335 15.40093 -0.0736783 0.7014092 15.4596 -0.1505256 1.10394 15.51096 -0.2091249 1.446258 15.51864 0.1101884 0.7246301 15.44714 0.162397 1.102749 15.28996 0.2002282 1.443773 15.23064  SA_HookPunch_Far
0.09790583 0.04571354 15.35406 0.01866724 0.1247108 15.40123 -0.1561359 0.3143729 15.28471 0.04066755 0.1159178 15.15436 0.1549347 0.1440918 15.38735 0.3786682 0.3867224 15.35083 0.2868498 0.234133 15.09906 0.06833126 0.2731713 15.40704 -0.07722948 0.7020302 15.46574 -0.1527192 1.105415 15.51218 -0.2102936 1.447926 15.51891 0.106526 0.7245683 15.45065 0.1554461 1.103275 15.29384 0.193602 1.443686 15.23129  SA_HookPunch_Far
0.09171303 0.04524088 15.35976 0.01296254 0.1247206 15.40751 -0.1632827 0.3145339 15.29277 0.0327995 0.1164629 15.16076 0.1491497 0.143455 15.39204 0.3717178 0.3867949 15.3531 0.2815107 0.2311221 15.10263 0.06333049 0.272983 15.41221 -0.08018033 0.7025313 15.47068 -0.1548322 1.106594 15.51234 -0.2115977 1.449239 15.51906 0.1034882 0.7244385 15.45373 0.1497156 1.103701 15.29743 0.1878727 1.443596 15.23214  SA_HookPunch_Far
0.08339997 0.04449546 15.36756 0.005237656 0.1246833 15.41565 -0.1719086 0.3157012 15.30287 0.0234517 0.1180075 15.16923 0.1413453 0.1425663 15.39855 0.3614624 0.3873874 15.35755 0.2746982 0.228261 15.10804 0.05648305 0.2726816 15.419 -0.08444135 0.7031565 15.47644 -0.1577587 1.108022 15.51226 -0.2129847 1.450892 15.52029 0.09915681 0.7242191 15.45774 0.1442111 1.103949 15.30225 0.1830769 1.442993 15.23306  SA_HookPunch_Far
0.07794769 0.04398823 15.37275 0.0001600553 0.1246541 15.42097 -0.177322 0.3167044 15.30938 0.01760234 0.1192269 15.17478 0.136217 0.1419802 15.40292 0.3545364 0.3878734 15.36084 0.2703097 0.2267222 15.11176 0.05196108 0.2724757 15.42345 -0.08731292 0.7035514 15.48003 -0.1597354 1.108891 15.51213 -0.2138396 1.451911 15.52125 0.09624662 0.7240603 15.46037 0.1410683 1.104031 15.30539 0.1804666 1.442472 15.2336  SA_HookPunch_Far
0.0723892 0.04337931 15.37878 -0.005026324 0.1245813 15.42677 -0.1818612 0.3187612 15.3162 0.01262035 0.1213984 15.1808 0.1310203 0.1413888 15.40816 0.3471319 0.3887141 15.3661 0.2660681 0.226866 15.11642 0.04725589 0.2722454 15.4284 -0.09066193 0.7039157 15.4832 -0.1622307 1.109681 15.5116 -0.2151723 1.45285 15.52189 0.09292503 0.7239256 15.46327 0.1391794 1.103844 15.30859 0.1795322 1.441498 15.23369  SA_HookPunch_Far
0.06666662 0.04276717 15.38521 -0.0103573 0.1245366 15.43282 -0.1860823 0.321265 15.32323 0.007875042 0.1239716 15.18699 0.1257038 0.1407977 15.41384 0.3395794 0.3896363 15.37225 0.2616781 0.22777 15.12158 0.04242303 0.2720301 15.43363 -0.09417938 0.7043098 15.48624 -0.1649613 1.11046 15.51088 -0.2167156 1.453763 15.52262 0.08946867 0.7238075 15.46637 0.1375511 1.103556 15.31183 0.1789578 1.440335 15.23365  SA_HookPunch_Far
0.06282063 0.04235876 15.38983 -0.01392858 0.1245333 15.437 -0.1882763 0.323498 15.32799 0.005237238 0.1261877 15.19113 0.1221846 0.1404136 15.41807 0.3346191 0.3903531 15.3775 0.2586996 0.2294576 15.1256 0.03919383 0.2719058 15.43735 -0.09664278 0.7045994 15.48797 -0.1670245 1.110962 15.51012 -0.218023 1.454329 15.52323 0.08709647 0.7237584 15.46863 0.1369345 1.103224 15.31395 0.179212 1.439341 15.23341  SA_HookPunch_Far
0.0596111 0.04204822 15.39372 -0.01691256 0.1245699 15.44047 -0.189957 0.3254694 15.33189 0.003244834 0.1281939 15.19455 0.1192594 0.1401141 15.42168 0.3305938 0.3909559 15.3822 0.2562985 0.2311549 15.12912 0.03651514 0.2718323 15.44047 -0.09866802 0.7048806 15.48933 -0.1688161 1.11139 15.50942 -0.2192445 1.454792 15.52379 0.08516188 0.7237382 15.47055 0.1364769 1.102933 15.31569 0.1795011 1.438486 15.23323  SA_HookPunch_Far
0.05639817 0.04176521 15.39779 -0.01991616 0.1246762 15.44389 -0.1911492 0.3278005 15.3356 0.001962082 0.1307735 15.19777 0.116375 0.1398149 15.42565 0.327021 0.391537 15.38818 0.2542919 0.233911 15.13329 0.03389343 0.2717996 15.44371 -0.1005866 0.705259 15.49033 -0.1709148 1.111831 15.50844 -0.2210588 1.455197 15.52454 0.08339275 0.7237374 15.47268 0.1362506 1.102534 15.31736 0.1800661 1.43753 15.23307  SA_HookPunch_Far
0.05296655 0.04152322 15.40213 -0.02313404 0.1248524 15.4475 -0.1923011 0.3303514 15.33943 0.0008159448 0.133615 15.2012 0.1132922 0.1395452 15.42991 0.3231203 0.3923177 15.39482 0.2522134 0.2371781 15.1379 0.03109969 0.2718196 15.44715 -0.1025937 0.7057215 15.49135 -0.1731132 1.11235 15.50732 -0.2229344 1.455668 15.52534 0.08154579 0.7237788 15.47497 0.1359986 1.10213 15.31913 0.1806436 1.436535 15.23294  SA_HookPunch_Far
0.05032237 0.04140556 15.40542 -0.0256785 0.1250979 15.45002 -0.1927388 0.3324548 15.34167 0.0008316208 0.136042 15.20361 0.1109087 0.1393548 15.43335 0.3210277 0.3924854 15.40098 0.2514076 0.2402273 15.14199 0.02898617 0.2719055 15.44973 -0.1039067 0.7062348 15.49177 -0.1745496 1.112902 15.50612 -0.2240751 1.456163 15.52595 0.08039959 0.7238306 15.47683 0.135863 1.101732 15.32025 0.1810366 1.435774 15.23294  SA_HookPunch_Far
0.04631074 0.04136658 15.41027 -0.02954016 0.1256043 15.45367 -0.193266 0.3356616 15.34466 0.001248972 0.1397507 15.20721 0.1072932 0.1391821 15.43852 0.3180239 0.3927271 15.41054 0.2504896 0.2450012 15.14839 0.02580019 0.2721586 15.45353 -0.1058025 0.7071407 15.4923 -0.1764801 1.113882 15.50415 -0.225459 1.457049 15.52677 0.07874222 0.7240099 15.47964 0.1357585 1.101164 15.32182 0.1817508 1.434667 15.23289  SA_HookPunch_Far
0.0416459 0.04161203 15.41549 -0.03406022 0.1264836 15.45729 -0.1934226 0.3393122 15.34655 0.003150241 0.1440458 15.21113 0.1030942 0.1391833 15.44446 0.3153027 0.3927815 15.42273 0.2507448 0.2509987 15.15658 0.02216532 0.2727003 15.45761 -0.1076869 0.7085052 15.49243 -0.1778416 1.115415 15.50125 -0.2258352 1.458474 15.52734 0.07713069 0.7243936 15.48286 0.136043 1.100427 15.32308 0.1830152 1.433379 15.23261  SA_HookPunch_Far
0.03831567 0.04200208 15.41859 -0.03723751 0.127278 15.4593 -0.1936281 0.3416528 15.34676 0.004920201 0.1468962 15.2135 0.1001349 0.1393255 15.4483 0.3135568 0.3927592 15.43126 0.2516435 0.2547885 15.1625 0.01964964 0.2732368 15.46011 -0.1088164 0.7096302 15.49238 -0.1783047 1.116696 15.49897 -0.2254988 1.45968 15.5274 0.07616456 0.7247744 15.48502 0.1368023 1.099879 15.3237 0.1846311 1.432454 15.2323  SA_HookPunch_Far
0.0346395 0.04259837 15.42185 -0.04072319 0.1283033 15.46138 -0.1938441 0.3442791 15.34679 0.006944137 0.1500809 15.2161 0.0968587 0.1396334 15.45243 0.3115322 0.3928382 15.44059 0.2527116 0.2589641 15.16907 0.01688703 0.2739739 15.46275 -0.1100001 0.7110039 15.49232 -0.178671 1.118241 15.49643 -0.2250282 1.461119 15.5274 0.07512678 0.7253255 15.48737 0.1377619 1.099373 15.32437 0.186575 1.431528 15.23197  SA_HookPunch_Far
0.03130462 0.04322159 15.42407 -0.04384563 0.1292714 15.46269 -0.1941992 0.3463868 15.34583 0.008480923 0.1523069 15.21792 0.09389032 0.1399553 15.45548 0.3096492 0.3927637 15.44784 0.2538404 0.2611231 15.1746 0.01441641 0.2746761 15.46462 -0.1109127 0.7122756 15.4923 -0.1786859 1.119679 15.49423 -0.2242893 1.462481 15.52711 0.0743136 0.7258142 15.48923 0.1391652 1.09898 15.32508 0.1890993 1.430778 15.232  SA_HookPunch_Far
0.02780684 0.04399681 15.42635 -0.04710982 0.1304018 15.46402 -0.1945287 0.34869 15.34485 0.01009192 0.1547318 15.21987 0.09076007 0.1404123 15.45865 0.3075605 0.3927982 15.45541 0.2549607 0.2634867 15.18042 0.01182415 0.2755264 15.46656 -0.1118517 0.7137114 15.4923 -0.1786502 1.12128 15.49193 -0.2235215 1.46398 15.52682 0.07345463 0.7264335 15.49118 0.1406453 1.098664 15.32585 0.1917582 1.430081 15.23206  SA_HookPunch_Far
0.02343621 0.04486978 15.42857 -0.05114542 0.1317041 15.46535 -0.1952369 0.3513265 15.34342 0.0109836 0.1569175 15.22182 0.08683969 0.1408838 15.46173 0.3050415 0.3923688 15.46266 0.255877 0.2642725 15.18648 0.008619564 0.2764765 15.46848 -0.1128331 0.7153876 15.49252 -0.1783473 1.123155 15.48958 -0.2223009 1.465775 15.52637 0.07254507 0.7270554 15.49312 0.1424288 1.098423 15.32697 0.1949666 1.429433 15.23253  SA_HookPunch_Far
0.01714637 0.04574525 15.43145 -0.05692695 0.1331817 15.46711 -0.1964758 0.3545383 15.34141 0.01157256 0.1592716 15.22439 0.0811723 0.1411783 15.46573 0.3013817 0.3911558 15.47195 0.256815 0.2639604 15.19457 0.004015522 0.2774439 15.47101 -0.1141559 0.7173745 15.49297 -0.1777149 1.12541 15.48649 -0.2203737 1.467923 15.52572 0.07129325 0.727519 15.49567 0.1448676 1.097818 15.32873 0.1993985 1.428276 15.23348  SA_HookPunch_Far
0.01173897 0.04621708 15.43356 -0.06189881 0.1341492 15.46872 -0.1990692 0.3562024 15.34037 0.009582119 0.1600782 15.22588 0.07625975 0.1411728 15.46835 0.2985762 0.3892481 15.47681 0.2566389 0.2608092 15.19959 2.731574E-05 0.2779844 15.47289 -0.1152373 0.7187547 15.49378 -0.1767824 1.127045 15.48451 -0.2180844 1.469566 15.5251 0.0702671 0.7276131 15.49713 0.1461346 1.097654 15.33064 0.2020006 1.427799 15.23508  SA_HookPunch_Far
