-0.03669612 0.001414895 2.184556 -0.1064585 0.09303176 2.219222 -0.3576117 0.3002059 2.296171 -0.515421 0.5055305 2.128703 0.03183498 0.09231353 2.215806 0.2865026 0.3103036 2.306483 0.4190856 0.5505487 2.16574 -0.03693936 0.2326341 2.204422 -0.1282688 0.6783187 2.172224 -0.1815188 1.084213 2.117554 -0.2168239 1.428407 2.086603 0.0574698 0.6772084 2.171 0.0991322 1.076699 2.075737 0.1319621 1.418058 2.01537  S_DodgingRight_SoClose
-0.04190252 0.003309608 2.189614 -0.1123269 0.09512937 2.222375 -0.3635112 0.3001212 2.299605 -0.5220314 0.5044879 2.131637 0.02599205 0.09492111 2.220123 0.280909 0.3137679 2.309336 0.4122659 0.5513797 2.163081 -0.04323427 0.2347823 2.206126 -0.1311926 0.681202 2.169922 -0.1848681 1.085835 2.106951 -0.219879 1.430672 2.083799 0.05452587 0.6780127 2.169759 0.09328456 1.077944 2.07512 0.1252409 1.419778 2.017016  S_DodgingRight_SoClose
-0.0457028 0.005742311 2.195028 -0.1172369 0.09737396 2.225986 -0.3694757 0.2984062 2.305176 -0.529325 0.4995269 2.134571 0.02109416 0.09828568 2.225012 0.2774379 0.3172808 2.312978 0.4063805 0.549263 2.155935 -0.04914109 0.2373836 2.208637 -0.1354666 0.6841602 2.168686 -0.1903551 1.086454 2.093045 -0.2250999 1.431764 2.077952 0.05022248 0.6795725 2.16889 0.08764561 1.079243 2.072628 0.1208515 1.421414 2.017271  S_DodgingRight_SoClose
-0.05363528 0.01291823 2.20901 -0.1281103 0.104086 2.234673 -0.3848076 0.2926142 2.318316 -0.5499889 0.4815812 2.139112 0.01013823 0.1075941 2.238179 0.2715697 0.3253943 2.323236 0.3916503 0.5340469 2.130495 -0.06200288 0.2447617 2.215155 -0.1480129 0.690886 2.163525 -0.2112686 1.085311 2.058635 -0.2479661 1.430584 2.069303 0.03762694 0.6854474 2.166657 0.07828315 1.081993 2.05941 0.1206642 1.424302 2.011699  S_DodgingRight_SoClose
-0.06817006 0.02081811 2.224185 -0.1437881 0.1131967 2.241693 -0.4072219 0.2921169 2.314844 -0.5769024 0.4690269 2.12771 -0.005969686 0.1163591 2.25324 0.2612381 0.3327335 2.330599 0.3791119 0.5154229 2.111887 -0.07582383 0.2527527 2.220581 -0.157067 0.6975061 2.152426 -0.2349536 1.084411 2.030717 -0.2807917 1.426755 2.067776 0.02820523 0.6914857 2.164237 0.07406928 1.083749 2.044113 0.1244188 1.425831 2.002975  S_DodgingRight_SoClose
-0.09128611 0.02875268 2.238624 -0.1651501 0.1239297 2.245784 -0.4357893 0.3007275 2.290204 -0.5980942 0.4665903 2.087092 -0.02862541 0.1238368 2.268106 0.2452061 0.3385385 2.329792 0.3675564 0.5055864 2.101253 -0.09141485 0.2603948 2.223848 -0.1601201 0.7037175 2.137752 -0.2584867 1.085021 2.013228 -0.3206375 1.421326 2.074138 0.02407737 0.6956455 2.160284 0.07332362 1.084738 2.031499 0.1276353 1.426766 1.995242  S_DodgingRight_SoClose
-0.1334329 0.04175246 2.256641 -0.2005434 0.141616 2.24895 -0.4743992 0.3254392 2.238458 -0.5951626 0.4688612 1.993603 -0.06760482 0.1347486 2.286599 0.2156512 0.3425386 2.323493 0.3447051 0.5081507 2.097612 -0.1155876 0.2713348 2.226672 -0.160414 0.7115895 2.117867 -0.2897071 1.086719 2.003255 -0.377862 1.412588 2.085181 0.02182605 0.6992819 2.151611 0.0759926 1.08591 2.017492 0.1340204 1.427862 1.986674  S_DodgingRight_SoClose
-0.1753031 0.0548563 2.268072 -0.2332444 0.1588619 2.250342 -0.5003144 0.3543749 2.18778 -0.5493591 0.4672343 1.904999 -0.1042892 0.1442652 2.298245 0.1860739 0.3421454 2.321682 0.3132782 0.5183822 2.102904 -0.1371804 0.2806647 2.228512 -0.1604924 0.717441 2.105975 -0.3112572 1.089223 2.00788 -0.4180667 1.410274 2.086569 0.02087249 0.7005442 2.142346 0.07912882 1.087136 2.009844 0.14058 1.428994 1.985255  S_DodgingRight_SoClose
-0.2154893 0.06847835 2.274467 -0.2637995 0.1758425 2.250448 -0.515865 0.3795915 2.137987 -0.4815029 0.4549224 1.840914 -0.1389933 0.153275 2.305687 0.1540091 0.3441192 2.327075 0.2748637 0.5320765 2.114542 -0.1577631 0.2894007 2.230408 -0.1619212 0.7230156 2.100654 -0.3240393 1.093722 2.017775 -0.4423518 1.4144 2.07976 0.01914497 0.7011116 2.135822 0.08274586 1.087509 2.005226 0.148856 1.428879 1.986681  S_DodgingRight_SoClose
-0.2877306 0.09576213 2.27389 -0.3186455 0.2075955 2.244668 -0.5249285 0.412201 2.04827 -0.3433277 0.404979 1.799118 -0.2026301 0.1705467 2.310281 0.08982559 0.3506203 2.353978 0.2081336 0.552642 2.153242 -0.1975624 0.3061823 2.232008 -0.1683695 0.7357633 2.101977 -0.335075 1.108411 2.039384 -0.4614508 1.43088 2.066156 0.01198061 0.7030155 2.132027 0.08659495 1.0866 1.998988 0.1631179 1.426157 1.989332  S_DodgingRight_SoClose
-0.3520161 0.1240979 2.260089 -0.368744 0.2386776 2.232881 -0.5241663 0.4279228 1.976816 -0.2596837 0.3449929 1.841615 -0.2619354 0.1887161 2.30522 0.02293261 0.3594396 2.39169 0.149493 0.5686854 2.203799 -0.2380221 0.3249978 2.231703 -0.1784505 0.7526383 2.113021 -0.3483515 1.123203 2.046764 -0.4760396 1.445638 2.066901 0.0001257826 0.7086036 2.138963 0.0836214 1.08661 1.995634 0.1703473 1.423834 1.993107  S_DodgingRight_SoClose
-0.3886028 0.1432728 2.246921 -0.3980424 0.2592509 2.224433 -0.5244086 0.4420166 1.947416 -0.2466025 0.324001 1.884142 -0.2967048 0.2009262 2.298367 -0.01233832 0.3551941 2.413461 0.1296299 0.5702682 2.244073 -0.2630742 0.3384793 2.231304 -0.1863045 0.7649568 2.122242 -0.3612223 1.130278 2.041503 -0.4870723 1.452512 2.07314 -0.009268982 0.7146534 2.147333 0.07934852 1.08841 1.996148 0.1711834 1.424284 1.997661  S_DodgingRight_SoClose
-0.4323215 0.171855 2.227305 -0.4330213 0.28913 2.213147 -0.5308074 0.4757556 1.926907 -0.2629768 0.3228818 1.924933 -0.3386011 0.2191601 2.286128 -0.05236856 0.3377013 2.435449 0.1183953 0.5602087 2.307251 -0.2933127 0.3580738 2.229548 -0.1965912 0.7824981 2.134747 -0.3785048 1.138791 2.032095 -0.4988723 1.460766 2.082273 -0.02166162 0.7253599 2.159974 0.0749227 1.092771 1.998467 0.1717069 1.427215 2.00376  S_DodgingRight_SoClose
-0.4645958 0.1984212 2.208515 -0.4589033 0.3162096 2.203453 -0.5460043 0.5276902 1.931396 -0.295437 0.3479035 1.930827 -0.3692546 0.2359008 2.27165 -0.08192454 0.3139931 2.443655 0.116633 0.5373461 2.367544 -0.3157397 0.3758004 2.225675 -0.2054953 0.7988834 2.146423 -0.3914027 1.146541 2.02335 -0.5062034 1.468326 2.086194 -0.03215526 0.7371516 2.171799 0.07410206 1.097639 2.001031 0.1746522 1.430961 2.006839  S_DodgingRight_SoClose
-0.4809985 0.2131051 2.194138 -0.4722821 0.3308634 2.195781 -0.5572646 0.5693008 1.946515 -0.3184025 0.3765426 1.916569 -0.3846762 0.244417 2.258943 -0.1002095 0.2971605 2.443592 0.1142812 0.5152609 2.404471 -0.327456 0.3851591 2.220643 -0.2109791 0.8081572 2.154195 -0.3973799 1.151036 2.019053 -0.5091293 1.472643 2.088008 -0.03843562 0.744023 2.179036 0.07415028 1.099995 2.002935 0.1763604 1.432817 2.008517  S_DodgingRight_SoClose
-0.4922345 0.2237979 2.179832 -0.481678 0.3412602 2.187755 -0.565686 0.6061032 1.967028 -0.337834 0.4111032 1.895152 -0.3952681 0.250067 2.245672 -0.1161319 0.2823744 2.44112 0.1097975 0.4921334 2.433288 -0.3358156 0.3916738 2.214651 -0.2153633 0.8149804 2.161007 -0.400895 1.154411 2.016303 -0.5101317 1.475933 2.089548 -0.04336105 0.7490415 2.184857 0.07408519 1.101323 2.00456 0.1769229 1.433954 2.009946  S_DodgingRight_SoClose
-0.4975698 0.2298139 2.167695 -0.4864233 0.3469088 2.180564 -0.5699846 0.6314601 1.98676 -0.3508655 0.4461331 1.873852 -0.4004265 0.2527875 2.234258 -0.1273987 0.2718306 2.438343 0.1052351 0.4738868 2.45096 -0.3401643 0.3952162 2.20912 -0.2180691 0.8190878 2.166029 -0.402153 1.156567 2.015048 -0.5093763 1.478285 2.090382 -0.04629783 0.7521136 2.188627 0.07376643 1.102026 2.005461 0.1761468 1.434798 2.010801  S_DodgingRight_SoClose
-0.4971593 0.2327352 2.155629 -0.4866179 0.3493843 2.173406 -0.5733685 0.649515 2.007765 -0.3610439 0.4896611 1.851328 -0.3999862 0.2534001 2.222591 -0.1320995 0.2613102 2.433066 0.1077907 0.4531451 2.460571 -0.3403512 0.3969735 2.203105 -0.2193698 0.8220853 2.170579 -0.4030975 1.158041 2.015813 -0.5086343 1.48015 2.091847 -0.04736994 0.7549539 2.190852 0.07314642 1.103211 2.004851 0.1740604 1.436425 2.010534  S_DodgingRight_SoClose
-0.4934446 0.2324187 2.148935 -0.4838534 0.3487798 2.169477 -0.5750049 0.6557485 2.02033 -0.3659635 0.5182999 1.840006 -0.3962624 0.2523023 2.215922 -0.1295793 0.2542278 2.427988 0.1158775 0.4378866 2.461524 -0.3377735 0.3967296 2.199514 -0.2191896 0.8229957 2.173269 -0.4037985 1.157441 2.016296 -0.5091307 1.48002 2.090606 -0.04677049 0.7564139 2.191709 0.07288732 1.104026 2.003957 0.1724418 1.437641 2.010133  S_DodgingRight_SoClose
-0.4805993 0.2274805 2.139892 -0.4735483 0.3434658 2.16398 -0.5759072 0.6563724 2.036991 -0.3712491 0.5606835 1.827071 -0.3834147 0.247533 2.206525 -0.1134692 0.2418388 2.415804 0.1428121 0.409519 2.451965 -0.3281762 0.3936081 2.193871 -0.2169197 0.8224495 2.176495 -0.4045092 1.155542 2.020181 -0.511152 1.478488 2.090941 -0.04330359 0.7581845 2.191627 0.07293977 1.105473 2.00115 0.169558 1.43992 2.008759  S_DodgingRight_SoClose
-0.455841 0.2157997 2.132037 -0.4530855 0.3315365 2.158905 -0.5704052 0.6466808 2.053413 -0.3769615 0.5995948 1.817893 -0.3588938 0.2380471 2.197955 -0.07770948 0.2240992 2.396255 0.1914309 0.3725699 2.42124 -0.3092919 0.3863518 2.188221 -0.2115755 0.8189173 2.17843 -0.4029275 1.152551 2.02794 -0.5135003 1.475386 2.092944 -0.03595267 0.7595998 2.190246 0.07431467 1.106873 1.99622 0.1661819 1.442598 2.006087  S_DodgingRight_SoClose
-0.4299734 0.2029768 2.127325 -0.4316077 0.3185844 2.155766 -0.5598912 0.6342611 2.06835 -0.3850853 0.6247513 1.814461 -0.3336505 0.2281594 2.192711 -0.03990428 0.206756 2.377233 0.2353149 0.3458877 2.376115 -0.2897426 0.3783551 2.184792 -0.205706 0.8140285 2.178758 -0.3989743 1.149662 2.035327 -0.5142175 1.471837 2.095295 -0.02829878 0.7599699 2.189047 0.0768726 1.106961 1.991716 0.1638173 1.443943 2.003197  S_DodgingRight_SoClose
-0.3870123 0.1822199 2.123686 -0.3961133 0.2975224 2.153805 -0.5326775 0.6140406 2.092893 -0.3995243 0.6503859 1.817109 -0.292459 0.2127649 2.188578 0.02087762 0.1809158 2.346186 0.2906569 0.3189594 2.289024 -0.2580139 0.3655092 2.18291 -0.1954329 0.8051258 2.17788 -0.3876606 1.144657 2.042449 -0.5111304 1.465316 2.093508 -0.01572101 0.7594509 2.188786 0.08230568 1.105793 1.986694 0.1603821 1.444957 1.997648  S_DodgingRight_SoClose
-0.3124292 0.1459925 2.119599 -0.3354832 0.2591007 2.15344 -0.4746273 0.5752901 2.129414 -0.4165754 0.6758313 1.843706 -0.2220062 0.1860454 2.183824 0.1144865 0.1598969 2.294594 0.3424358 0.3060352 2.146989 -0.2058449 0.3418906 2.183114 -0.1762719 0.7864678 2.177601 -0.357177 1.133082 2.044535 -0.491326 1.452089 2.074734 0.005680935 0.752483 2.193085 0.09166987 1.100429 1.988286 0.1549449 1.442818 1.992032  S_DodgingRight_SoClose
-0.2620279 0.1208892 2.116816 -0.2952253 0.2308055 2.153921 -0.4416317 0.5416058 2.149744 -0.4235891 0.6770198 1.873257 -0.1748931 0.1678427 2.180248 0.1700885 0.1708218 2.265708 0.355865 0.3163825 2.067205 -0.1732161 0.3244808 2.183578 -0.1632119 0.7718322 2.179987 -0.3319642 1.123381 2.043932 -0.4663261 1.4434 2.058352 0.01949771 0.7432193 2.197309 0.09706767 1.09526 1.996179 0.1532209 1.438881 1.991797  S_DodgingRight_SoClose
-0.231769 0.1067995 2.115245 -0.2711282 0.2140869 2.154446 -0.4272433 0.5184728 2.161435 -0.4285994 0.6714691 1.89367 -0.1467578 0.1582152 2.177846 0.1996637 0.18826 2.25119 0.3583153 0.3302892 2.028116 -0.1545562 0.3145982 2.183588 -0.156087 0.7634187 2.182483 -0.3168413 1.117829 2.044187 -0.4480015 1.439431 2.05078 0.02705725 0.7374657 2.199399 0.09931935 1.09307 2.002607 0.1522626 1.437095 1.99301  S_DodgingRight_SoClose
-0.1787361 0.0846262 2.112721 -0.2284086 0.1861677 2.15569 -0.4118021 0.4719315 2.182016 -0.4411744 0.6512867 1.932865 -0.09765272 0.1444144 2.172919 0.2418509 0.2316144 2.229729 0.3584467 0.3674001 1.978587 -0.1228594 0.2987516 2.182616 -0.1464351 0.7492924 2.188287 -0.2938885 1.107929 2.046117 -0.4138257 1.433949 2.046235 0.03767325 0.7285027 2.201456 0.100754 1.091126 2.014564 0.1492905 1.435473 1.996756  S_DodgingRight_SoClose
-0.1278483 0.0669055 2.110487 -0.1860416 0.1620575 2.157116 -0.3984394 0.4240888 2.20065 -0.4535587 0.6236791 1.972104 -0.0507559 0.1349901 2.167236 0.2731906 0.2723274 2.212468 0.3640431 0.4112581 1.952567 -0.09240751 0.2854494 2.180523 -0.1405356 0.7357703 2.19392 -0.2754624 1.097934 2.048293 -0.3773231 1.430034 2.051093 0.04449501 0.7218648 2.202396 0.09988023 1.09017 2.024387 0.1450746 1.434558 1.99984  S_DodgingRight_SoClose
-0.09328972 0.05584705 2.109984 -0.1563014 0.1464921 2.158968 -0.3869279 0.3901674 2.213976 -0.4632746 0.600082 2.001339 -0.0190532 0.1297739 2.163516 0.2913155 0.2961047 2.204484 0.3768198 0.4479671 1.95006 -0.07142214 0.2766415 2.178903 -0.1371216 0.7257282 2.196841 -0.2601574 1.0916 2.049957 -0.3423599 1.429047 2.056732 0.04835 0.7171427 2.202143 0.09821774 1.089469 2.031002 0.1412699 1.433788 2.002033  S_DodgingRight_SoClose
-0.04172806 0.03158915 2.121061 -0.1111187 0.1172321 2.169896 -0.3662877 0.3236339 2.249014 -0.4967113 0.5370599 2.068608 0.02712871 0.1166131 2.164944 0.3021958 0.3315654 2.217389 0.4118808 0.5336758 2.011902 -0.04106728 0.2571887 2.176658 -0.1278205 0.7050956 2.189 -0.2033161 1.095047 2.075803 -0.2427755 1.440167 2.078738 0.05786093 0.7015139 2.185665 0.1017935 1.087556 2.046221 0.1425151 1.431944 2.014809  S_DodgingRight_SoClose
-0.03590749 0.02689445 2.126682 -0.1061841 0.1126488 2.17395 -0.3631113 0.3130652 2.25842 -0.5043749 0.5230255 2.082156 0.03203436 0.1137563 2.168318 0.2989033 0.3357722 2.227494 0.4163874 0.5481527 2.037241 -0.03799431 0.253652 2.176955 -0.1260168 0.7017435 2.184042 -0.1929422 1.097326 2.08601 -0.2308826 1.442605 2.081967 0.05965849 0.6980526 2.18049 0.1025553 1.086534 2.047652 0.1420348 1.430953 2.01503  S_DodgingRight_SoClose
-0.03159432 0.02380037 2.131325 -0.1023512 0.109786 2.177341 -0.3594291 0.3075829 2.265131 -0.5080125 0.5154308 2.092418 0.03585102 0.1117263 2.171542 0.2977087 0.3371143 2.235808 0.4206103 0.5568552 2.057726 -0.03510962 0.2512748 2.177881 -0.1248297 0.6991467 2.18052 -0.1887254 1.097357 2.091521 -0.226982 1.442507 2.082474 0.06086739 0.6960046 2.177644 0.1019701 1.086377 2.04988 0.1400314 1.430792 2.015568  S_DodgingRight_SoClose
-0.02687363 0.01979125 2.13738 -0.09785961 0.1062443 2.182003 -0.3541138 0.3031862 2.272261 -0.5099415 0.509616 2.104297 0.04032733 0.1086507 2.176015 0.2981336 0.3356243 2.246086 0.4253242 0.5631992 2.081354 -0.03120766 0.2479966 2.179867 -0.1241979 0.6950666 2.177259 -0.1856754 1.095465 2.096786 -0.2240607 1.440427 2.082573 0.06153049 0.6935505 2.175207 0.1010703 1.086285 2.054376 0.1381313 1.430403 2.016206  S_DodgingRight_SoClose
-0.02524994 0.01609826 2.142905 -0.09617119 0.1031032 2.186419 -0.3512609 0.3007586 2.277188 -0.5111725 0.5071242 2.113026 0.04200401 0.1055435 2.180181 0.2980266 0.3322345 2.254405 0.4265971 0.5647823 2.097894 -0.02965145 0.2448676 2.18209 -0.1250547 0.6912213 2.175627 -0.183196 1.09343 2.101987 -0.2202392 1.43835 2.083774 0.06068088 0.691048 2.173676 0.1003342 1.085694 2.059282 0.1367762 1.429178 2.015253  S_DodgingRight_SoClose
-0.02630995 0.01225781 2.148573 -0.09718065 0.09985614 2.190859 -0.3511076 0.298641 2.280942 -0.5130247 0.50567 2.119606 0.04099335 0.1022277 2.184568 0.2960499 0.3280736 2.26224 0.4252966 0.5640719 2.11156 -0.03068499 0.2415532 2.184452 -0.1265653 0.6876963 2.174387 -0.1814123 1.091558 2.107587 -0.216811 1.436389 2.084953 0.05916836 0.6877926 2.172258 0.1000378 1.084536 2.065826 0.1357565 1.42727 2.015774  S_DodgingRight_SoClose
-0.02759979 0.009153485 2.153434 -0.09852909 0.09724975 2.194527 -0.3517578 0.2969135 2.283445 -0.5140875 0.5046006 2.123375 0.03965922 0.09952605 2.188522 0.2942131 0.3245147 2.268683 0.4239466 0.5625467 2.121665 -0.0319957 0.2388498 2.186556 -0.1274332 0.6850237 2.173337 -0.1810335 1.089872 2.1117 -0.2159324 1.434524 2.085792 0.05830063 0.6848861 2.171227 0.1001695 1.083266 2.071509 0.1349024 1.425404 2.016891  S_DodgingRight_SoClose
-0.02823178 0.005619764 2.159913 -0.09922783 0.09438527 2.199399 -0.352018 0.29514 2.286295 -0.5139952 0.5033531 2.126551 0.03898742 0.09641612 2.19395 0.2930915 0.3202515 2.27673 0.4230679 0.5600838 2.132886 -0.0324953 0.235772 2.189533 -0.1279846 0.6817333 2.172123 -0.1812389 1.087418 2.115923 -0.2162773 1.431801 2.086832 0.05775161 0.6817228 2.170226 0.09970726 1.081519 2.076386 0.1321718 1.422938 2.01616  S_DodgingRight_SoClose
-0.02929143 0.002708197 2.166866 -0.1001274 0.0922296 2.204854 -0.3529534 0.2943901 2.288793 -0.5138709 0.5021191 2.127356 0.03811141 0.09376144 2.199859 0.2923343 0.3159046 2.284805 0.4225427 0.5565625 2.14256 -0.032926 0.2332536 2.193151 -0.1287751 0.6788071 2.171439 -0.1807249 1.085043 2.118066 -0.2149777 1.429296 2.086593 0.05696006 0.6792089 2.16948 0.09869523 1.079461 2.077501 0.1299113 1.420491 2.014477  S_DodgingRight_SoClose
-0.03246526 0.000923872 2.175069 -0.1028152 0.09141695 2.211483 -0.3554076 0.2957387 2.291647 -0.5149061 0.5020837 2.127058 0.03544917 0.09202361 2.207027 0.2903172 0.3116666 2.294648 0.4215567 0.5522839 2.153284 -0.03469102 0.2318403 2.198024 -0.1292744 0.6772642 2.171114 -0.1806353 1.083559 2.117626 -0.214476 1.427759 2.085141 0.05645945 0.6773379 2.169 0.09858294 1.077227 2.075629 0.1306327 1.418234 2.012901  S_DodgingRight_SoClose
-0.03456299 0.001059175 2.179137 -0.1045794 0.09215569 2.214635 -0.3565155 0.2980205 2.292922 -0.5151491 0.5036565 2.126619 0.03370144 0.09206223 2.210679 0.2886257 0.31063 2.299932 0.4205975 0.5510256 2.158873 -0.03572581 0.2321478 2.200417 -0.12872 0.677677 2.170595 -0.1811016 1.08374 2.11634 -0.2157208 1.427929 2.084569 0.05701699 0.6771864 2.168849 0.09894378 1.076812 2.07427 0.1314694 1.417989 2.012721  S_DodgingRight_SoClose
-0.03605614 0.001334071 2.18153 -0.1058754 0.0928359 2.21638 -0.3572027 0.2997203 2.293627 -0.515195 0.505115 2.126418 0.03241565 0.09225619 2.212844 0.2871425 0.3103732 2.303205 0.419591 0.5506514 2.162393 -0.03650419 0.2325253 2.201709 -0.1282043 0.678177 2.170039 -0.1812617 1.084109 2.115462 -0.2164146 1.428302 2.084329 0.05753418 0.6772043 2.168699 0.09925522 1.076725 2.073588 0.1320179 1.418044 2.012959  S_DodgingRight_SoClose
