-0.0111063 0.04955614 1.421388 -0.07766221 0.1420635 1.458722 -0.213819 0.361618 1.324869 -0.03916393 0.1275629 1.225767 0.06062885 0.1387728 1.457303 0.341184 0.3130859 1.38145 0.2420103 0.1322926 1.15214 -0.005138857 0.2807903 1.464723 -0.08703481 0.728498 1.494106 -0.1502734 1.136115 1.514697 -0.1983908 1.474847 1.574857 0.09863754 0.7234629 1.49551 0.1763226 1.097103 1.338153 0.2331914 1.427564 1.244293  A_Kick_SoClose
-0.01185064 0.04676926 1.424121 -0.07723062 0.1394273 1.462958 -0.224182 0.3593192 1.33453 -0.0404828 0.1355556 1.228267 0.06094279 0.1364118 1.456936 0.3429086 0.3083893 1.374719 0.2432599 0.1468962 1.131625 -0.004863186 0.2783395 1.465623 -0.08618502 0.7262264 1.495017 -0.1503612 1.133696 1.515628 -0.1985858 1.473212 1.571097 0.09945197 0.7211362 1.491205 0.1756749 1.09678 1.337955 0.2321616 1.428053 1.246766  A_Kick_SoClose
-0.01223098 0.04529142 1.425805 -0.07693802 0.1380372 1.46546 -0.2297752 0.3580623 1.340344 -0.04146359 0.1403012 1.229771 0.06110318 0.1351624 1.456879 0.3437648 0.3057928 1.371086 0.2441059 0.1554116 1.12097 -0.004706366 0.2770433 1.466274 -0.08570985 0.7250298 1.495663 -0.1504021 1.132416 1.51631 -0.1987097 1.472334 1.569187 0.09984381 0.7198978 1.488953 0.1753248 1.096187 1.336924 0.2316535 1.427634 1.246274  A_Kick_SoClose
-0.01224892 0.04348731 1.42736 -0.07612698 0.1362737 1.468119 -0.2361353 0.3564706 1.347626 -0.042325 0.147151 1.230449 0.06168367 0.1336265 1.456352 0.3447428 0.3028665 1.365871 0.2451183 0.1663537 1.107911 -0.004169328 0.2754174 1.466747 -0.0848432 0.7235215 1.49634 -0.1498361 1.130852 1.517139 -0.1980742 1.471303 1.566539 0.1005454 0.7183161 1.486068 0.1749584 1.095516 1.33578 0.2309435 1.427278 1.246071  A_Kick_SoClose
-0.0101891 0.03764403 1.429945 -0.07123785 0.1302572 1.474742 -0.2537105 0.3508312 1.372812 -0.04551939 0.1754612 1.227865 0.0652702 0.1286043 1.45238 0.3471509 0.2945377 1.345201 0.2482745 0.2048424 1.067203 -0.0007996391 0.2699517 1.466699 -0.08063905 0.7184203 1.497939 -0.1450317 1.125801 1.519608 -0.1919326 1.468057 1.556141 0.103729 0.7128659 1.476051 0.1742776 1.093469 1.332637 0.2287213 1.426651 1.247352  A_Kick_SoClose
-0.007773085 0.03421962 1.43024 -0.06704049 0.1265764 1.47761 -0.2620419 0.3469783 1.388716 -0.04921411 0.1952609 1.225028 0.06829806 0.1256267 1.448977 0.3483938 0.290181 1.331832 0.2511128 0.2294255 1.045563 0.002150612 0.2666407 1.465976 -0.07725929 0.7153305 1.498716 -0.1418142 1.122789 1.51833 -0.1883427 1.465723 1.548417 0.1061501 0.7094871 1.469934 0.1737622 1.092206 1.3308 0.2267144 1.426252 1.24799  A_Kick_SoClose
-0.005172355 0.03084946 1.430298 -0.06255166 0.1229427 1.48018 -0.2690846 0.3428741 1.4054 -0.05489646 0.2161649 1.223258 0.0713345 0.1226884 1.445371 0.3491938 0.2858756 1.318312 0.2548953 0.2540401 1.026424 0.005228357 0.2633669 1.465091 -0.07372068 0.7122791 1.499367 -0.1387245 1.119774 1.516599 -0.1852075 1.463205 1.540444 0.1084796 0.7061211 1.463776 0.1734509 1.090834 1.328951 0.225079 1.425679 1.248567  A_Kick_SoClose
0.0003496577 0.02486968 1.429333 -0.05329136 0.1164144 1.483756 -0.2774606 0.3350399 1.437147 -0.06985377 0.2560409 1.223216 0.07726343 0.1173844 1.438021 0.3503 0.278188 1.293784 0.2655122 0.2982018 0.9979552 0.01163669 0.2574565 1.462967 -0.06607984 0.7068302 1.500454 -0.137424 1.113626 1.501677 -0.188414 1.456727 1.520549 0.1132664 0.6998972 1.452617 0.1729086 1.088377 1.326403 0.2213798 1.424648 1.250116  A_Kick_SoClose
0.006110387 0.01944542 1.427521 -0.04354493 0.1104529 1.486114 -0.2805955 0.3271909 1.469036 -0.08869641 0.2955096 1.229706 0.08298571 0.1125281 1.43023 0.3505438 0.2709146 1.270179 0.2810372 0.3374764 0.9771894 0.01832922 0.2520403 1.460319 -0.05779086 0.701906 1.501015 -0.1402348 1.106149 1.481905 -0.1963301 1.448483 1.500192 0.1180248 0.6940609 1.441611 0.1729991 1.086018 1.324346 0.21831 1.423568 1.251858  A_Kick_SoClose
0.01164819 0.01452053 1.424788 -0.03372852 0.105058 1.487183 -0.278402 0.3200142 1.499601 -0.1079522 0.3308507 1.242819 0.08824749 0.1079576 1.421986 0.350926 0.2637457 1.248712 0.30202 0.3706685 0.9636158 0.02521606 0.2470437 1.457078 -0.0483406 0.6975436 1.500906 -0.1461005 1.096634 1.459137 -0.202815 1.438614 1.481659 0.1233065 0.6884105 1.430511 0.1731405 1.083941 1.323388 0.2139451 1.42275 1.254166  A_Kick_SoClose
0.01444967 0.01217365 1.423241 -0.02860449 0.1024772 1.487462 -0.2757825 0.3162782 1.515521 -0.1181052 0.3489435 1.252503 0.09075971 0.1057868 1.417616 0.3506087 0.2601137 1.237576 0.3146993 0.3849826 0.9578933 0.02872636 0.2446593 1.455242 -0.04344873 0.6954851 1.500594 -0.1502024 1.090984 1.448068 -0.2054081 1.433107 1.472108 0.1257858 0.6856761 1.424667 0.1736134 1.082855 1.322857 0.2123582 1.422266 1.255426  A_Kick_SoClose
0.01687052 0.00932467 1.421255 -0.0232356 0.09943902 1.487501 -0.2716433 0.3122165 1.533297 -0.1292701 0.3664762 1.265169 0.09293289 0.1029482 1.412469 0.351282 0.2555296 1.227273 0.3330413 0.3996291 0.9552311 0.03249462 0.2417152 1.45297 -0.03731088 0.6930261 1.5 -0.1516718 1.084585 1.435361 -0.1992964 1.427671 1.461772 0.1288155 0.6821752 1.417624 0.1736972 1.081516 1.323197 0.2088489 1.421695 1.257696  A_Kick_SoClose
0.01873733 0.006916881 1.419488 -0.01867138 0.09688485 1.487397 -0.2670222 0.3087454 1.548689 -0.1384037 0.3808475 1.277827 0.0945325 0.1005007 1.407967 0.351896 0.2513683 1.218862 0.3506725 0.4099842 0.9543928 0.03567668 0.2392102 1.450921 -0.03184615 0.6909667 1.49932 -0.1527893 1.078722 1.42453 -0.1913129 1.422876 1.45187 0.1313368 0.679141 1.411383 0.1739693 1.080283 1.323797 0.2057987 1.421137 1.260132  A_Kick_SoClose
0.02098121 -0.001024365 1.41485 -0.006885273 0.08893621 1.487108 -0.2495771 0.2978337 1.593853 -0.1661218 0.4160563 1.321519 0.09615876 0.09159982 1.394847 0.3576777 0.2346814 1.203701 0.4191366 0.4253801 0.9692625 0.04412635 0.2307956 1.444511 -0.01391356 0.684279 1.495196 -0.1431195 1.063976 1.396653 -0.1381832 1.410677 1.417825 0.1379048 0.6685584 1.389339 0.1728257 1.07402 1.320166 0.1951246 1.417268 1.266025  A_Kick_SoClose
0.02105649 -0.003988266 1.413983 -0.0026689 0.08610606 1.487557 -0.2410877 0.2938581 1.610963 -0.1756617 0.4269373 1.340562 0.09603412 0.08795524 1.390647 0.3614746 0.2261306 1.202174 0.4500168 0.4234637 0.9823459 0.04734274 0.2275609 1.4425 -0.006210012 0.6818125 1.493269 -0.1368045 1.058262 1.384617 -0.1129065 1.404598 1.397024 0.1402365 0.6642647 1.380367 0.1721812 1.071024 1.317676 0.1916054 1.415216 1.268663  A_Kick_SoClose
0.01816072 -0.006326318 1.414742 -0.002738995 0.08427489 1.488737 -0.2380603 0.2933768 1.617603 -0.1849892 0.4282941 1.345411 0.09374739 0.08445132 1.389603 0.365722 0.218585 1.20988 0.4697331 0.420837 1.001601 0.04805716 0.2248853 1.441948 -0.0007108878 0.6799344 1.49096 -0.1239049 1.058461 1.38089 -0.09024189 1.404149 1.387238 0.1417016 0.6603695 1.373327 0.1692543 1.06728 1.309543 0.1900126 1.41207 1.265532  A_Kick_SoClose
0.01486881 -0.008635402 1.415823 -0.002980513 0.08253407 1.490136 -0.2363207 0.291742 1.624852 -0.1982408 0.4291085 1.351378 0.09115024 0.08078754 1.388777 0.3700067 0.2093912 1.219333 0.4902618 0.4155328 1.024015 0.04878022 0.2221414 1.441439 0.005294459 0.6780167 1.488248 -0.1090307 1.058875 1.376663 -0.06550913 1.403519 1.376138 0.1431762 0.6562013 1.365715 0.1658406 1.063201 1.300593 0.1889653 1.408486 1.261969  A_Kick_SoClose
0.01103373 -0.01115942 1.417803 -0.002819343 0.08071434 1.49238 -0.2332308 0.2900784 1.634614 -0.2146261 0.430294 1.360568 0.08814825 0.07645178 1.388246 0.3749278 0.1960932 1.232324 0.516079 0.4047381 1.054425 0.05013563 0.218955 1.441135 0.01345845 0.6758072 1.484865 -0.09165905 1.057858 1.368408 -0.03781961 1.40083 1.356362 0.1451745 0.6510642 1.356257 0.1616944 1.058187 1.290064 0.188869 1.403864 1.258172  A_Kick_SoClose
0.004454391 -0.0126363 1.421229 -0.006547017 0.08022177 1.495506 -0.2356998 0.2921253 1.636428 -0.2345637 0.424462 1.357872 0.08329065 0.07264256 1.390582 0.3767307 0.1865993 1.251694 0.5273535 0.4012738 1.089423 0.04950197 0.2165627 1.442493 0.02149697 0.6744809 1.4814 -0.07436721 1.058902 1.36476 -0.02097516 1.401579 1.344869 0.1485678 0.6459298 1.348964 0.1584539 1.052153 1.276242 0.1907767 1.397655 1.24741  A_Kick_SoClose
-0.003264947 -0.01368523 1.42544 -0.01109139 0.08027816 1.499249 -0.2388846 0.2953023 1.63772 -0.2574434 0.416829 1.354887 0.07755442 0.06880713 1.393667 0.3776868 0.1726706 1.272763 0.5393327 0.3893089 1.124295 0.0486116 0.214254 1.444232 0.03064855 0.6731408 1.477328 -0.05428116 1.060061 1.360476 -0.002242787 1.402323 1.331795 0.1523586 0.6402092 1.340932 0.1544354 1.045227 1.261182 0.1930811 1.390337 1.235625  A_Kick_SoClose
-0.01025532 -0.01423085 1.429382 -0.01514904 0.08070123 1.502683 -0.2416096 0.2985865 1.638744 -0.2781138 0.4094422 1.353286 0.07231589 0.06562853 1.39657 0.3771172 0.1590271 1.292152 0.5487717 0.3759071 1.155762 0.04785009 0.2123579 1.445777 0.03906449 0.6718771 1.473386 -0.03555308 1.060717 1.355868 0.01528092 1.402365 1.318905 0.1556618 0.634982 1.333581 0.1504499 1.038846 1.248315 0.1953052 1.383418 1.22583  A_Kick_SoClose
-0.03709928 -0.008768082 1.443056 -0.03490154 0.08889949 1.514538 -0.2585576 0.3167682 1.635183 -0.3443079 0.382866 1.346418 0.05181958 0.06227934 1.410096 0.3634346 0.1298716 1.346376 0.5506559 0.3465869 1.231978 0.04118587 0.2120897 1.454741 0.06806405 0.6717983 1.464105 0.01066388 1.063303 1.345766 0.04504575 1.404304 1.289113 0.1733561 0.6204655 1.319953 0.1363922 1.012382 1.195701 0.2073811 1.352877 1.179215  A_Kick_SoClose
-0.0480331 -0.005143404 1.448223 -0.04294406 0.09353101 1.518876 -0.2651268 0.3254466 1.632449 -0.3701825 0.372058 1.34627 0.04332216 0.06210029 1.415399 0.3554259 0.1186143 1.367792 0.5486835 0.3336698 1.260521 0.03845294 0.2127774 1.458085 0.08025904 0.6715207 1.459874 0.02984412 1.063985 1.341532 0.05747016 1.404221 1.277109 0.1807329 0.6144431 1.314448 0.1292936 0.9999658 1.176138 0.2105468 1.338328 1.163606  A_Kick_SoClose
-0.06287394 0.001468182 1.45287 -0.05505578 0.10093 1.522926 -0.2746813 0.3368838 1.63267 -0.3965656 0.3673702 1.351027 0.0310079 0.0648123 1.420819 0.3445471 0.1109208 1.380993 0.5441151 0.3207046 1.274843 0.03228249 0.2159277 1.462194 0.0933428 0.6726911 1.45616 0.04057475 1.06497 1.33823 0.06001605 1.404977 1.26974 0.1905906 0.6084244 1.311542 0.1331038 0.9849752 1.152457 0.2341173 1.318139 1.145669  A_Kick_SoClose
-0.07684778 0.009730697 1.457807 -0.06613503 0.1099268 1.52723 -0.2829261 0.3500626 1.632765 -0.4219274 0.3640577 1.357828 0.01951768 0.06889212 1.426646 0.3340304 0.1040844 1.394973 0.540221 0.3079027 1.289863 0.02726491 0.2201699 1.466701 0.1085826 0.673813 1.452637 0.05344279 1.066109 1.335853 0.06450702 1.405766 1.263848 0.202122 0.6021947 1.309031 0.1287752 0.9646715 1.125634 0.242459 1.29377 1.121422  A_Kick_SoClose
-0.08823632 0.01880646 1.462333 -0.07477634 0.119607 1.531152 -0.288783 0.3636017 1.632491 -0.4433625 0.3626072 1.365636 0.01029481 0.0739646 1.432071 0.3251734 0.09893179 1.408209 0.5375581 0.2968051 1.304078 0.02412369 0.2251203 1.470931 0.1243748 0.6748728 1.449518 0.06731828 1.06741 1.33448 0.07076026 1.406655 1.259815 0.2141026 0.5965842 1.306965 0.1158236 0.9399907 1.100043 0.2336171 1.267619 1.09436  A_Kick_SoClose
-0.1064437 0.03511941 1.468582 -0.08901082 0.1363503 1.536967 -0.2954114 0.3871331 1.639636 -0.4646232 0.375297 1.38208 -0.005438013 0.08501577 1.439408 0.3115617 0.09579718 1.416404 0.5332618 0.2810329 1.308509 0.01694389 0.2353088 1.477624 0.1466219 0.6773185 1.445633 0.08037956 1.068937 1.332401 0.0715235 1.407373 1.254578 0.2316942 0.5884619 1.306461 0.1078285 0.8986921 1.063937 0.2425797 1.219661 1.05562  A_Kick_SoClose
-0.1201668 0.04894066 1.472304 -0.09978239 0.1503178 1.54047 -0.2997537 0.4061404 1.645635 -0.4780096 0.3887289 1.394578 -0.01757203 0.09499621 1.443939 0.3011135 0.09522724 1.419388 0.529359 0.2699466 1.307667 0.01107551 0.2442725 1.481957 0.1629991 0.6788962 1.442289 0.09030546 1.070044 1.331413 0.07341917 1.407938 1.252568 0.2443171 0.5821298 1.306182 0.1025542 0.8644536 1.040475 0.251761 1.178919 1.030653  A_Kick_SoClose
-0.1363959 0.06733668 1.476066 -0.1122981 0.168656 1.544104 -0.3027875 0.4309101 1.654181 -0.4891172 0.4101242 1.40932 -0.03223185 0.1088648 1.448439 0.2881124 0.09649777 1.420012 0.5236877 0.2575996 1.303158 0.003923016 0.2564917 1.486499 0.1825399 0.6803753 1.437717 0.1024408 1.071158 1.330724 0.0756795 1.408304 1.251413 0.2585811 0.5742782 1.305571 0.09533061 0.8199 1.016741 0.2649932 1.123628 1.002177  A_Kick_SoClose
-0.1536119 0.08880556 1.481006 -0.1251264 0.1894418 1.549434 -0.2983046 0.4600949 1.673114 -0.4818672 0.4487926 1.425557 -0.04867051 0.1263982 1.452908 0.2729454 0.10225 1.411456 0.5150505 0.2467188 1.286483 -0.004885597 0.2717088 1.491858 0.2008618 0.6823792 1.433198 0.1134724 1.073061 1.331682 0.07520683 1.409098 1.252379 0.270528 0.5667306 1.30563 0.0908754 0.7698377 0.9943808 0.2951393 1.049799 0.9605273  A_Kick_SoClose
-0.167697 0.1086757 1.484337 -0.1353413 0.208533 1.553105 -0.2923663 0.4851844 1.689099 -0.472346 0.4829202 1.43868 -0.06224684 0.1428652 1.455728 0.2595352 0.1086276 1.402533 0.5060909 0.2383876 1.270333 -0.01189522 0.2858284 1.495423 0.2166919 0.6833345 1.428138 0.1238984 1.07412 1.331958 0.07576336 1.409068 1.253429 0.2800033 0.5598608 1.304658 0.0845402 0.7265884 0.9815487 0.3179584 0.9800304 0.9312404  A_Kick_SoClose
-0.1884049 0.1329209 1.492491 -0.148829 0.2305098 1.561835 -0.2705318 0.5136214 1.725242 -0.4312825 0.5420897 1.4636 -0.08345936 0.1631681 1.460203 0.2346611 0.1175135 1.384554 0.4860631 0.2275295 1.243849 -0.0236759 0.3022153 1.500714 0.2300229 0.6822872 1.421764 0.1381255 1.075007 1.332877 0.07566513 1.407471 1.253885 0.2823853 0.5517095 1.300482 0.09725262 0.6989125 0.9621619 0.3840975 0.8733276 0.8697108  A_Kick_SoClose
-0.2026313 0.151422 1.499218 -0.1573403 0.2468888 1.568744 -0.2501038 0.5309277 1.7521 -0.3937268 0.5814818 1.483913 -0.09835558 0.1787857 1.463767 0.2153482 0.1250973 1.371791 0.469474 0.2211239 1.225835 -0.03148184 0.3145026 1.504488 0.238772 0.6811524 1.416562 0.147462 1.075098 1.332633 0.07546373 1.405777 1.254264 0.2825258 0.5463362 1.296513 0.1127641 0.6825634 0.9457616 0.4237624 0.7874146 0.8294252  A_Kick_SoClose
-0.2124547 0.1626211 1.505486 -0.1625633 0.2561808 1.574787 -0.2331503 0.5384033 1.772296 -0.363528 0.6053438 1.500951 -0.1089776 0.1880419 1.466977 0.2002911 0.1289828 1.364594 0.4567387 0.2168986 1.217591 -0.03702728 0.3212442 1.507346 0.2419209 0.6799289 1.413691 0.1500309 1.074159 1.331753 0.07365616 1.403971 1.253878 0.2795768 0.5436237 1.293256 0.1401268 0.679896 0.9294056 0.4574856 0.7354127 0.7973102  A_Kick_SoClose
-0.2314259 0.1885854 1.519522 -0.1716935 0.2775148 1.587731 -0.1934995 0.550463 1.810994 -0.2952879 0.6444584 1.535474 -0.1301187 0.2100031 1.474368 0.1681021 0.1396747 1.351139 0.4290927 0.2100663 1.202702 -0.04749547 0.3373107 1.513299 0.2480411 0.6788626 1.407047 0.154704 1.073618 1.329387 0.0698231 1.40177 1.253325 0.2726957 0.5402849 1.285845 0.1998214 0.6615556 0.8980483 0.5067461 0.6170183 0.7397398  A_Kick_SoClose
-0.2406786 0.2011424 1.528629 -0.1755976 0.2872328 1.595609 -0.1737608 0.5533866 1.828667 -0.2665329 0.6571925 1.553485 -0.1407755 0.2204632 1.479564 0.1506811 0.1432484 1.348503 0.4151267 0.2061449 1.202843 -0.05272327 0.3445059 1.517108 0.2491684 0.6787736 1.405907 0.1544804 1.073305 1.328744 0.06780036 1.401086 1.253113 0.2677791 0.5403625 1.283442 0.2342988 0.6456618 0.8857054 0.5270337 0.5753913 0.7107309  A_Kick_SoClose
-0.2477955 0.2124845 1.536303 -0.1782568 0.2960289 1.602044 -0.1560455 0.555239 1.842288 -0.2411502 0.6659055 1.567301 -0.1492666 0.2301105 1.483927 0.136052 0.1471839 1.346262 0.4031995 0.2030293 1.202673 -0.05670206 0.3512444 1.52009 0.2503102 0.6792019 1.404406 0.1542922 1.073544 1.327922 0.06592329 1.401011 1.25289 0.2637309 0.5410407 1.280984 0.2618962 0.6280297 0.8774589 0.5401872 0.5371914 0.6889108  A_Kick_SoClose
-0.2560453 0.2273726 1.545979 -0.1809822 0.3075113 1.609832 -0.1335333 0.5567892 1.857294 -0.2113221 0.6740979 1.582895 -0.1594671 0.2429384 1.489397 0.1175402 0.1527766 1.343616 0.387749 0.1994889 1.202515 -0.06135647 0.3602391 1.523517 0.2516093 0.68035 1.402267 0.1535418 1.074387 1.32682 0.06344689 1.40163 1.252869 0.2587045 0.5427368 1.277713 0.2952833 0.6010764 0.8706969 0.5539703 0.4907788 0.6653599  A_Kick_SoClose
-0.266275 0.2461736 1.558258 -0.1844314 0.3216851 1.618999 -0.1087525 0.5584141 1.871956 -0.1878974 0.6824998 1.600946 -0.1724426 0.2591531 1.496185 0.09306045 0.1591957 1.341035 0.3667706 0.1961877 1.203853 -0.0676714 0.3714552 1.52718 0.2516483 0.6828415 1.400689 0.1500547 1.076167 1.326202 0.06058999 1.403959 1.253937 0.2521589 0.5465367 1.274506 0.3385609 0.5615001 0.8711275 0.5758129 0.4481193 0.6428646  A_Kick_SoClose
-0.2713841 0.2654648 1.571746 -0.1829224 0.3359395 1.628765 -0.07830714 0.5578725 1.885014 -0.1593508 0.6883038 1.617568 -0.1808647 0.2760385 1.504086 0.07171138 0.1664646 1.339407 0.3484084 0.1917961 1.205611 -0.06958888 0.3829197 1.531352 0.2557648 0.6851175 1.398946 0.150126 1.07767 1.326023 0.06115415 1.406031 1.25576 0.2494508 0.5503161 1.271312 0.356775 0.5203081 0.8738397 0.5560901 0.4129984 0.6092533  A_Kick_SoClose
-0.2753805 0.2779911 1.579636 -0.1833157 0.3455063 1.634133 -0.06381015 0.5606991 1.889562 -0.1514568 0.6935781 1.625424 -0.1867878 0.2868378 1.5089 0.05776997 0.1715924 1.337264 0.3345318 0.1917382 1.202723 -0.07184105 0.3903974 1.533639 0.2569523 0.6870972 1.398062 0.1478266 1.078767 1.325531 0.06139996 1.408019 1.256264 0.2480686 0.5524827 1.270384 0.3828815 0.4976368 0.8840927 0.5602964 0.4062999 0.5987347  A_Kick_SoClose
-0.2801391 0.2990451 1.591985 -0.1824759 0.3614709 1.642023 -0.03879742 0.5644473 1.894888 -0.1371316 0.7019131 1.636933 -0.1950718 0.3052269 1.516264 0.03541722 0.1811618 1.333481 0.3120963 0.1918446 1.197691 -0.07440011 0.4030888 1.536532 0.2596801 0.6905891 1.395413 0.1446512 1.08074 1.32382 0.06237735 1.411379 1.256125 0.2465118 0.5563172 1.267744 0.4200196 0.4578341 0.9063586 0.5566203 0.3950871 0.5922712  A_Kick_SoClose
-0.2837254 0.3137523 1.597794 -0.1835621 0.3738157 1.645525 -0.02895205 0.5767993 1.891413 -0.1354889 0.7104018 1.634687 -0.1998599 0.3171064 1.520402 0.02492561 0.1892771 1.330569 0.2987318 0.1981248 1.188949 -0.0761451 0.4116369 1.537952 0.2615974 0.6924093 1.39298 0.1419618 1.080939 1.320135 0.0626597 1.412245 1.25215 0.2482313 0.5560818 1.267529 0.4530463 0.4398488 0.9284953 0.5727785 0.4149673 0.6024688  A_Kick_SoClose
-0.2910695 0.3457322 1.603144 -0.1887985 0.4044725 1.648729 -0.02466158 0.6313118 1.862954 -0.1479612 0.733283 1.599312 -0.206093 0.3399385 1.527594 0.01866175 0.2087141 1.327307 0.2782798 0.2231032 1.161488 -0.0780469 0.4292725 1.540748 0.2678977 0.6941094 1.387575 0.1403243 1.079114 1.309655 0.06227841 1.410273 1.239539 0.2585751 0.5492948 1.271629 0.4601955 0.4637499 0.9217223 0.6025223 0.4233428 0.606511  A_Kick_SoClose
-0.2805476 0.3446131 1.551563 -0.1903735 0.4191827 1.603071 -0.08387654 0.7252508 1.718506 -0.2281025 0.7152866 1.446096 -0.1830456 0.3283964 1.498948 0.07731773 0.2133526 1.31564 0.2396534 0.2938371 1.066093 -0.06161044 0.4262357 1.514126 0.291115 0.6905602 1.381051 0.1688288 1.076867 1.301129 0.0801632 1.404918 1.229053 0.3044371 0.5363139 1.278426 0.3395703 0.5897127 0.8706049 0.6577635 0.5461435 0.7360595  A_Kick_SoClose
-0.2760427 0.3394641 1.540135 -0.1883428 0.4165199 1.592521 -0.09390251 0.7293494 1.694711 -0.2422362 0.7042815 1.425496 -0.1769393 0.323266 1.490978 0.08773889 0.2105684 1.311745 0.2218569 0.2974054 1.047972 -0.05729209 0.4231602 1.50695 0.2951611 0.6909928 1.380946 0.1734482 1.077449 1.300868 0.08440526 1.405364 1.228643 0.3130127 0.536667 1.27913 0.3183608 0.6037421 0.8718518 0.6516533 0.580875 0.7736634  A_Kick_SoClose
-0.2713288 0.3313519 1.528341 -0.1862992 0.4107084 1.581815 -0.104618 0.7285585 1.674221 -0.2567585 0.690166 1.408728 -0.1707528 0.3159531 1.482231 0.09800698 0.2065693 1.306502 0.1971159 0.3004721 1.029981 -0.05327598 0.4181942 1.499417 0.2976597 0.6916664 1.382047 0.1758995 1.077979 1.301351 0.0879937 1.406235 1.229279 0.3208015 0.5378121 1.280583 0.2990152 0.6187751 0.8763875 0.6414645 0.6373414 0.8161253  A_Kick_SoClose
-0.2621524 0.3151983 1.508304 -0.181787 0.3979914 1.563787 -0.1217806 0.7215823 1.644413 -0.2791516 0.6632431 1.385689 -0.1594081 0.3020759 1.466645 0.1156575 0.1992911 1.295991 0.1473816 0.3002394 1.006323 -0.04604916 0.4084405 1.486284 0.3002689 0.6936609 1.384836 0.1776903 1.079429 1.302785 0.0935014 1.408888 1.231771 0.3329683 0.5414408 1.283537 0.2693712 0.6421852 0.8883036 0.6012858 0.7470512 0.8974518  A_Kick_SoClose
-0.2580837 0.3032643 1.499546 -0.1801896 0.3875264 1.556235 -0.1296245 0.7126377 1.635653 -0.2861217 0.6478379 1.377938 -0.1544289 0.2919971 1.459551 0.1236648 0.1944934 1.290357 0.1215335 0.2993596 1.000352 -0.04356329 0.4006696 1.480729 0.2983638 0.6938016 1.38723 0.1766434 1.079324 1.302782 0.0957125 1.409467 1.231161 0.3364289 0.5427772 1.286017 0.2664723 0.663545 0.8975261 0.5752402 0.8202597 0.9342784  A_Kick_SoClose
-0.2521294 0.2880341 1.488353 -0.1774175 0.3740233 1.54657 -0.1384153 0.7005525 1.625413 -0.2928179 0.6284253 1.368381 -0.1474358 0.2792701 1.45034 0.134292 0.1888686 1.2828 0.08973636 0.2957793 0.9969863 -0.03987853 0.3908275 1.473485 0.2956715 0.6941793 1.3899 0.175504 1.079507 1.302394 0.0990885 1.41059 1.230158 0.340564 0.54489 1.288911 0.2640109 0.6920388 0.9109024 0.528196 0.9058897 0.986545  A_Kick_SoClose
-0.2451103 0.2711442 1.47738 -0.1738178 0.3588271 1.537166 -0.1457392 0.6862999 1.617058 -0.2951555 0.6084329 1.358757 -0.139489 0.2652572 1.441231 0.1458551 0.1840305 1.274949 0.06124302 0.2913691 0.9985007 -0.0356733 0.3798879 1.46636 0.2914039 0.6947851 1.392705 0.1742888 1.080356 1.302187 0.1027233 1.412357 1.229196 0.3437524 0.5478673 1.291828 0.2626991 0.7269723 0.9288462 0.4776175 0.9804145 1.03289  A_Kick_SoClose
-0.2396903 0.2574145 1.470158 -0.1709431 0.3462381 1.531082 -0.149712 0.6740412 1.613501 -0.2929796 0.5940739 1.352374 -0.1335198 0.2538606 1.435149 0.1542574 0.181008 1.269319 0.04462506 0.2888857 1.002022 -0.03266327 0.3707938 1.461681 0.2866758 0.694891 1.394858 0.1731711 1.081064 1.30233 0.105298 1.413672 1.22858 0.3447442 0.5502048 1.293886 0.2627718 0.75753 0.9464658 0.4476549 1.031401 1.056288  A_Kick_SoClose
-0.2300144 0.237329 1.458189 -0.1652407 0.3277855 1.520818 -0.1545989 0.6558002 1.606985 -0.2882701 0.572945 1.341703 -0.123118 0.2373651 1.424969 0.1679551 0.1774049 1.259991 0.02126999 0.2819018 1.009654 -0.02692972 0.3576849 1.45361 0.2798694 0.6953826 1.397169 0.1722378 1.08272 1.302512 0.1102657 1.416413 1.228468 0.3465827 0.5544381 1.296245 0.258256 0.8018419 0.9778217 0.3907754 1.100359 1.098545  A_Kick_SoClose
-0.2159062 0.2082474 1.444414 -0.1569787 0.3008566 1.509298 -0.1593282 0.6283745 1.603013 -0.2741241 0.5461801 1.328835 -0.1083764 0.2138189 1.413384 0.1864844 0.1766858 1.250084 0.006382303 0.2787477 1.021499 -0.01951538 0.3390356 1.444591 0.2656444 0.6966258 1.40134 0.1684396 1.086065 1.304061 0.1144914 1.420885 1.228839 0.3444639 0.562531 1.299814 0.2578764 0.8567325 1.023496 0.3529874 1.175973 1.124923  A_Kick_SoClose
-0.2021195 0.1850431 1.432196 -0.1482739 0.2792193 1.49892 -0.1617109 0.6056738 1.598984 -0.2601922 0.5250899 1.318066 -0.09430741 0.1953769 1.403028 0.202412 0.1781839 1.24141 -0.002506478 0.2738942 1.031762 -0.01197128 0.3244524 1.436339 0.2534342 0.6976969 1.403952 0.165952 1.089215 1.305795 0.1193543 1.425135 1.230561 0.3420989 0.5701246 1.302141 0.2530316 0.897171 1.066533 0.3153454 1.229494 1.149759  A_Kick_SoClose
-0.1883925 0.1628624 1.421979 -0.1397002 0.2583323 1.490436 -0.1641405 0.5830017 1.596766 -0.2461326 0.5048262 1.309933 -0.08056419 0.1781261 1.394482 0.2163502 0.1824301 1.234379 -0.005527837 0.2725588 1.040082 -0.005131824 0.3108339 1.429809 0.2392463 0.6985561 1.407497 0.1626715 1.091862 1.307391 0.1239041 1.428484 1.230862 0.33708 0.5781522 1.305355 0.2556325 0.9295574 1.104646 0.2979974 1.270039 1.164023  A_Kick_SoClose
-0.1520196 0.1175927 1.398201 -0.1157449 0.2149234 1.470561 -0.1674574 0.5328465 1.58919 -0.2145584 0.4591507 1.293457 -0.04505817 0.1447113 1.374587 0.2458869 0.1998891 1.217604 -0.006731136 0.2695224 1.055001 0.01305874 0.284537 1.414844 0.2056507 0.700432 1.414975 0.155149 1.097619 1.313649 0.1354284 1.435753 1.23651 0.322611 0.598356 1.312983 0.2605439 0.9874237 1.189786 0.2594584 1.335547 1.197327  A_Kick_SoClose
-0.1344849 0.1003767 1.387577 -0.1037953 0.1980046 1.461574 -0.1679313 0.51185 1.584672 -0.2009786 0.4397757 1.286644 -0.02833222 0.1328026 1.365703 0.2571518 0.2102017 1.210113 -0.005778594 0.2683641 1.059816 0.02170558 0.2750736 1.408183 0.1905092 0.700866 1.417753 0.1516642 1.099656 1.317592 0.1406033 1.438417 1.241483 0.3148998 0.607473 1.316233 0.2631084 1.006953 1.226025 0.2452402 1.354484 1.213748  A_Kick_SoClose
-0.1126794 0.08317733 1.37585 -0.08904527 0.1806889 1.45172 -0.1694974 0.488819 1.576447 -0.1893127 0.4140648 1.277906 -0.007822914 0.1223463 1.356135 0.2683102 0.2263489 1.200941 -0.00302176 0.2681341 1.060452 0.03176178 0.2669483 1.401662 0.1724058 0.7024344 1.4218 0.1445546 1.102168 1.321741 0.1424724 1.441237 1.246233 0.3046793 0.6192147 1.321402 0.2707466 1.025617 1.257457 0.2478196 1.372125 1.231871  A_Kick_SoClose
-0.08861826 0.06842124 1.364803 -0.07199089 0.1653639 1.442408 -0.1698777 0.4665567 1.568612 -0.1757806 0.3902302 1.269869 0.01452251 0.1141931 1.347359 0.2791701 0.2434508 1.193016 0.00114532 0.2670864 1.061684 0.04353758 0.2603468 1.395801 0.1557416 0.703396 1.42609 0.1381249 1.10419 1.327964 0.1454282 1.443873 1.255607 0.2951072 0.630631 1.327175 0.2692188 1.040206 1.282662 0.2351154 1.384084 1.239848  A_Kick_SoClose
-0.06559585 0.05768943 1.354179 -0.05587165 0.1536156 1.433355 -0.1711075 0.4474206 1.55697 -0.1656518 0.3662306 1.259505 0.0355676 0.1097724 1.33926 0.2871473 0.2618232 1.185396 0.006265717 0.2650332 1.058118 0.05423679 0.2565749 1.390737 0.1415996 0.7046794 1.43007 0.1205852 1.10492 1.330367 0.1388307 1.446627 1.27056 0.2866443 0.6408203 1.333191 0.2656225 1.05107 1.292487 0.2333394 1.394885 1.247799  A_Kick_SoClose
-0.02563076 0.0440464 1.335976 -0.02793388 0.1372721 1.417506 -0.1729357 0.4160548 1.532506 -0.1464433 0.3261604 1.238695 0.07126983 0.1065468 1.326117 0.2968968 0.2937146 1.173818 0.01665737 0.2587609 1.049929 0.07200523 0.2527232 1.38252 0.1186283 0.705832 1.436698 0.08861835 1.105321 1.336285 0.1231745 1.449069 1.299997 0.272096 0.6565547 1.344389 0.257047 1.067013 1.303146 0.2316133 1.41165 1.260413  A_Kick_SoClose
-0.003032846 0.03913558 1.325963 -0.01230858 0.1302952 1.408576 -0.1740305 0.3990984 1.515573 -0.1345696 0.3037462 1.224956 0.09096332 0.1072628 1.319459 0.3002827 0.3117442 1.168244 0.0241697 0.2535599 1.043823 0.08146174 0.2521118 1.378433 0.1065949 0.7062752 1.440606 0.06884976 1.105217 1.340628 0.1102065 1.44944 1.318863 0.2641763 0.6645579 1.35156 0.2513357 1.074378 1.303748 0.2322812 1.419948 1.265455  A_Kick_SoClose
0.0324076 0.03666651 1.308719 0.009915786 0.1234851 1.392397 -0.180664 0.372187 1.474464 -0.1118654 0.2663807 1.193076 0.1208887 0.1132765 1.310434 0.3032342 0.3417567 1.163764 0.04330166 0.2406051 1.032205 0.09365304 0.2544193 1.372774 0.0873384 0.7080539 1.448529 0.0302185 1.107165 1.358961 0.06238069 1.452977 1.366242 0.2518439 0.6766289 1.368205 0.2418295 1.082072 1.291268 0.2356164 1.428808 1.259919  A_Kick_SoClose
0.04894402 0.03819394 1.300474 0.01840319 0.1225725 1.383757 -0.1868681 0.3591939 1.443632 -0.0959032 0.2470353 1.171138 0.1343886 0.1181239 1.308491 0.3060347 0.355558 1.167022 0.06122961 0.2315801 1.026294 0.0977443 0.2570456 1.370999 0.07656105 0.7097074 1.452242 0.007547455 1.110654 1.381151 0.01100542 1.45741 1.401692 0.2452259 0.6824818 1.379356 0.2390874 1.085086 1.288385 0.2380244 1.431997 1.258389  A_Kick_SoClose
0.06441851 0.04135561 1.295632 0.02501561 0.1232836 1.377375 -0.1926653 0.3467827 1.40609 -0.07321833 0.2256659 1.148853 0.1466149 0.1236391 1.311416 0.3119402 0.367161 1.176848 0.08767827 0.2212651 1.023468 0.1004125 0.2605 1.37211 0.0628397 0.7119011 1.455579 -0.01598958 1.115745 1.419936 -0.05481492 1.460309 1.440974 0.2360314 0.6891645 1.392419 0.2359842 1.08858 1.288156 0.2394892 1.435379 1.257073  A_Kick_SoClose
0.07082172 0.04337561 1.295099 0.02718158 0.1242026 1.375662 -0.1945634 0.3414615 1.386938 -0.06007294 0.2151548 1.139821 0.1514419 0.1263593 1.3149 0.3160984 0.3715783 1.184173 0.1030027 0.2165428 1.02399 0.1009128 0.262411 1.373944 0.05520012 0.7131562 1.456905 -0.02715032 1.117676 1.44437 -0.08295862 1.460312 1.457001 0.2304917 0.6926798 1.398981 0.2340108 1.090501 1.288847 0.2396311 1.437151 1.256451  A_Kick_SoClose
0.07408209 0.04475427 1.295757 0.0278451 0.1249543 1.375394 -0.1957228 0.3384686 1.374532 -0.05097298 0.2082254 1.135384 0.153782 0.1279452 1.318226 0.319746 0.3735548 1.190352 0.1140013 0.2137834 1.025286 0.1006976 0.2636377 1.375836 0.04961117 0.7139702 1.457545 -0.0333368 1.11852 1.463388 -0.09444039 1.460473 1.466242 0.2262006 0.6950587 1.403139 0.2321145 1.091836 1.2894 0.2391023 1.438347 1.255795  A_Kick_SoClose
0.07730038 0.04632115 1.296584 0.02839937 0.125852 1.375189 -0.1963212 0.3353941 1.36176 -0.04130588 0.2012115 1.131385 0.1559566 0.1297178 1.32179 0.3232363 0.3757209 1.1969 0.1252911 0.2111273 1.027103 0.100273 0.2650206 1.377842 0.04366441 0.7148867 1.458101 -0.04058627 1.118447 1.48292 -0.1008723 1.46047 1.475201 0.2215081 0.6976 1.407363 0.2300753 1.093273 1.290006 0.2385586 1.439635 1.255228  A_Kick_SoClose
0.08042456 0.04856753 1.298736 0.02780356 0.1270757 1.375621 -0.1969075 0.3313223 1.343328 -0.02714948 0.1909288 1.127505 0.157584 0.1321619 1.327993 0.3292818 0.377811 1.207998 0.1424862 0.20827 1.030606 0.09814496 0.2669302 1.381414 0.03359618 0.7161554 1.458887 -0.04979221 1.11763 1.508271 -0.0921465 1.461923 1.489769 0.2130999 0.7011028 1.413572 0.2258859 1.094937 1.29055 0.2369735 1.441018 1.253766  A_Kick_SoClose
0.08195545 0.05019081 1.300382 0.0268677 0.1279702 1.375986 -0.196819 0.328663 1.330782 -0.01746617 0.184023 1.125796 0.1580287 0.1338845 1.332408 0.3334263 0.3790398 1.216089 0.1542914 0.2067455 1.033524 0.096083 0.2682832 1.383877 0.02619536 0.7170541 1.459145 -0.05619154 1.116456 1.524457 -0.07675086 1.462642 1.504299 0.2067192 0.7034915 1.417567 0.2226225 1.095978 1.290662 0.2356916 1.44184 1.252496  A_Kick_SoClose
0.08331867 0.05174792 1.302243 0.02592643 0.1287974 1.376484 -0.1957472 0.326453 1.319236 -0.007948024 0.177772 1.124986 0.1583001 0.1355952 1.336883 0.3381987 0.3798124 1.224217 0.1660909 0.2058177 1.036576 0.09390058 0.2695913 1.386352 0.0190828 0.7179244 1.45946 -0.06289391 1.115624 1.53489 -0.06839363 1.462569 1.518376 0.2005045 0.7056792 1.421542 0.219497 1.096807 1.29092 0.2345316 1.4424 1.251082  A_Kick_SoClose
0.08498777 0.0535028 1.305138 0.02489521 0.1296203 1.377538 -0.192994 0.3241858 1.30623 0.003992634 0.1706032 1.125354 0.1585869 0.1376284 1.342902 0.3454304 0.3799598 1.235 0.1813817 0.2053074 1.040863 0.09112652 0.2710596 1.389748 0.01059069 0.71887 1.460211 -0.07124452 1.115732 1.540072 -0.07386051 1.462943 1.529487 0.1929967 0.7080538 1.426855 0.2158656 1.097432 1.291707 0.2334025 1.442601 1.249291  A_Kick_SoClose
0.08590354 0.05455387 1.307035 0.02424921 0.1301239 1.378271 -0.1908619 0.3230067 1.298943 0.01103528 0.166589 1.126089 0.1586312 0.138864 1.346611 0.3497227 0.3799472 1.241703 0.1904956 0.2050833 1.04378 0.08939107 0.2719462 1.391825 0.005577581 0.7194411 1.460646 -0.07623254 1.115919 1.542419 -0.0789945 1.463213 1.535127 0.1885112 0.7094333 1.430041 0.2138119 1.097764 1.292335 0.2329205 1.442653 1.248357  A_Kick_SoClose
0.08689244 0.05642223 1.312187 0.0222816 0.1310728 1.380646 -0.1851559 0.3225616 1.28711 0.0242181 0.1603447 1.129136 0.1578511 0.1413541 1.355103 0.3592256 0.3786173 1.256244 0.2092036 0.2050838 1.050127 0.08502938 0.2737162 1.396655 -0.004524453 0.720709 1.462114 -0.0855978 1.11811 1.54005 -0.104732 1.464957 1.537781 0.1793595 0.7118976 1.437404 0.2099045 1.098187 1.295097 0.2323766 1.442336 1.247098  A_Kick_SoClose
0.08650471 0.05719018 1.31511 0.02059879 0.1316109 1.382064 -0.1825894 0.323128 1.282625 0.02928128 0.1579735 1.131157 0.1566348 0.1424654 1.3594 0.3630228 0.3776009 1.263442 0.2175111 0.2045617 1.053709 0.08232827 0.2745851 1.399053 -0.009540481 0.721376 1.462799 -0.08960424 1.119178 1.539731 -0.1133174 1.465748 1.540187 0.1747301 0.7130503 1.440969 0.2079253 1.098516 1.297031 0.2320855 1.442271 1.247064  A_Kick_SoClose
0.08449592 0.05832708 1.320994 0.01655288 0.1326922 1.38507 -0.1785082 0.3253611 1.276828 0.03609015 0.1548378 1.135488 0.1532552 0.1442742 1.367305 0.368472 0.3752167 1.276358 0.2308906 0.2027543 1.060876 0.07675214 0.2761457 1.403452 -0.01843487 0.7226586 1.464109 -0.09580724 1.121057 1.540703 -0.1231652 1.467327 1.545467 0.1663967 0.7150366 1.447354 0.2042475 1.099108 1.300863 0.2313603 1.442031 1.246853  A_Kick_SoClose
0.08227815 0.05858755 1.324482 0.01364316 0.1332972 1.387166 -0.1775018 0.3271735 1.275861 0.03702332 0.1535888 1.138185 0.1505913 0.1447935 1.371344 0.3694454 0.37371 1.282301 0.2353872 0.200537 1.065174 0.07359375 0.2768148 1.405857 -0.02236651 0.7232764 1.465031 -0.09872638 1.122035 1.540762 -0.1280282 1.468109 1.5477 0.1626547 0.7159004 1.450393 0.2026006 1.099332 1.302785 0.231046 1.441799 1.246615  A_Kick_SoClose
0.07258339 0.05897534 1.337237 0.00219466 0.1354553 1.395195 -0.1755527 0.3340173 1.275452 0.03601487 0.1491611 1.148272 0.1397774 0.1459078 1.385246 0.3695827 0.3679167 1.301949 0.2467732 0.1897413 1.082231 0.06220068 0.2788869 1.414362 -0.03489773 0.7253106 1.468546 -0.1084178 1.125659 1.538482 -0.1454009 1.470678 1.554834 0.1505518 0.7186115 1.460476 0.1976927 1.099963 1.309636 0.2307905 1.440784 1.246445  A_Kick_SoClose
0.06796308 0.05893087 1.34257 -0.00286792 0.1363399 1.398706 -0.1754157 0.3368353 1.276326 0.03389193 0.1471753 1.152524 0.1348966 0.1460681 1.390735 0.3683166 0.365424 1.309261 0.2494548 0.1840088 1.090024 0.05754783 0.2796036 1.417842 -0.0393797 0.7260691 1.470127 -0.1120425 1.127268 1.535964 -0.1526455 1.471604 1.557365 0.1461618 0.7195617 1.464334 0.1961828 1.100014 1.312158 0.231161 1.440126 1.246218  A_Kick_SoClose
0.0640166 0.0588851 1.346987 -0.007130546 0.137081 1.401615 -0.1753463 0.3391229 1.277164 0.03189256 0.1454941 1.156055 0.1307603 0.1461815 1.395246 0.3670876 0.3633224 1.315278 0.2513581 0.1791154 1.096694 0.05366804 0.2801884 1.420708 -0.04304556 0.7266878 1.471437 -0.1149695 1.128566 1.53385 -0.1580992 1.472299 1.559568 0.1425499 0.7203361 1.467499 0.1949699 1.100028 1.314235 0.2315268 1.439528 1.246038  A_Kick_SoClose
0.06003608 0.0587281 1.351174 -0.01129822 0.1377635 1.404418 -0.1755587 0.3412092 1.278226 0.0292653 0.1436577 1.159365 0.1266933 0.1461401 1.399375 0.3654493 0.361232 1.320513 0.2523018 0.1739541 1.10319 0.05003079 0.280663 1.423372 -0.04621349 0.7272121 1.472738 -0.1175575 1.129703 1.531779 -0.1626708 1.472864 1.561429 0.1394126 0.7209735 1.470377 0.1940553 1.099925 1.316061 0.2320399 1.438839 1.245757  A_Kick_SoClose
0.05578734 0.05858362 1.355576 -0.01571743 0.1384968 1.407355 -0.1757676 0.3433734 1.27939 0.02641596 0.1417617 1.162848 0.1223623 0.146112 1.403714 0.3636615 0.3590226 1.326065 0.2531481 0.1685261 1.11019 0.04617681 0.2811706 1.426171 -0.0495622 0.7277662 1.4741 -0.1202401 1.13088 1.529585 -0.1671397 1.473409 1.56347 0.1360817 0.7216505 1.473404 0.193085 1.09981 1.318004 0.2326089 1.438082 1.245494  A_Kick_SoClose
0.04627623 0.0581882 1.365077 -0.02540915 0.140031 1.413744 -0.1766299 0.347808 1.282401 0.0193847 0.1377035 1.17041 0.1127988 0.1459562 1.41289 0.3593802 0.3540388 1.337499 0.2537341 0.1567596 1.12531 0.03781279 0.2821785 1.432124 -0.05662183 0.7288727 1.477032 -0.1257129 1.13317 1.525455 -0.1750823 1.474415 1.567747 0.129013 0.7230123 1.479662 0.1909473 1.099467 1.322025 0.2337635 1.436301 1.244838  A_Kick_SoClose
0.04130395 0.05793142 1.36987 -0.03036944 0.1407688 1.417004 -0.1773232 0.3499129 1.284196 0.01533832 0.1356707 1.174245 0.1078755 0.145813 1.417404 0.3570009 0.3513951 1.342901 0.2533375 0.1508002 1.132853 0.03358622 0.2826271 1.435077 -0.06006525 0.7293714 1.478513 -0.128306 1.134181 1.523754 -0.1783083 1.474853 1.569756 0.1255458 0.7236317 1.482651 0.1898511 1.099234 1.323934 0.2342883 1.435319 1.244433  A_Kick_SoClose
0.03605791 0.057693 1.374862 -0.03557144 0.1415567 1.420388 -0.1780314 0.35207 1.286114 0.01102747 0.1336074 1.178233 0.1026939 0.1456827 1.422101 0.3544563 0.3486248 1.348577 0.252744 0.1446083 1.140885 0.02915819 0.2831029 1.438151 -0.06366478 0.7298902 1.480051 -0.1309714 1.135214 1.521973 -0.1813883 1.475273 1.571894 0.1219084 0.724281 1.485766 0.1887052 1.09898 1.325947 0.2348705 1.434255 1.244049  A_Kick_SoClose
0.03011163 0.05722976 1.380372 -0.04130236 0.1422451 1.424291 -0.1796493 0.3541662 1.288855 0.005623536 0.1315782 1.182855 0.09697326 0.1453419 1.427035 0.351735 0.3452456 1.354175 0.2513884 0.1386564 1.14837 0.02436336 0.2834308 1.441478 -0.06735955 0.730285 1.481806 -0.133627 1.136104 1.520457 -0.1841079 1.475623 1.573871 0.1181749 0.7247901 1.488757 0.1872936 1.098681 1.328036 0.2351818 1.433124 1.243757  A_Kick_SoClose
0.02391352 0.05676973 1.386051 -0.04723344 0.142959 1.428321 -0.1813849 0.3562717 1.291767 -8.813845E-05 0.1295677 1.187632 0.09103771 0.1449933 1.43209 0.3488764 0.3417108 1.359929 0.2497751 0.1325977 1.156079 0.01941408 0.2837569 1.444898 -0.07114671 0.7306702 1.483619 -0.1363088 1.136973 1.518931 -0.1866387 1.475936 1.575894 0.1143412 0.7252946 1.491797 0.1858196 1.098361 1.330192 0.2354885 1.431925 1.243496  A_Kick_SoClose
0.01953484 0.056409 1.390047 -0.05137376 0.1434113 1.43121 -0.182849 0.3576522 1.294001 -0.004230959 0.1282841 1.191077 0.08688857 0.1447071 1.43558 0.3469395 0.3391483 1.363878 0.2485293 0.128739 1.161029 0.01597621 0.2839319 1.447296 -0.07373504 0.7308875 1.484897 -0.1381296 1.137504 1.517932 -0.1882278 1.476109 1.577181 0.1117225 0.7255934 1.493784 0.1847564 1.098139 1.331675 0.2356431 1.431098 1.243375  A_Kick_SoClose
0.01523157 0.05587542 1.394019 -0.05533133 0.1436661 1.434272 -0.1850898 0.3587549 1.296745 -0.008593543 0.1273252 1.19478 0.08292939 0.1442575 1.43884 0.3453594 0.3363913 1.367398 0.2472274 0.1261767 1.164213 0.01273652 0.2839199 1.449647 -0.07604907 0.730938 1.486174 -0.1397765 1.137819 1.517184 -0.1895674 1.476195 1.577981 0.1094 0.7257088 1.495274 0.1836277 1.097948 1.333004 0.2355642 1.430396 1.243399  A_Kick_SoClose
0.01076724 0.05534625 1.398132 -0.05942957 0.1439426 1.437435 -0.1873966 0.3598945 1.299581 -0.0131223 0.1263542 1.198611 0.07882537 0.1438055 1.442212 0.3436926 0.3335273 1.371065 0.2458695 0.1234899 1.167548 0.009382205 0.2839116 1.452078 -0.07844381 0.7309875 1.487494 -0.1414766 1.138131 1.516409 -0.1908951 1.476269 1.578812 0.1069963 0.7258263 1.496814 0.1824573 1.097746 1.334381 0.2354799 1.429656 1.243428  A_Kick_SoClose
0.001016812 0.05366135 1.407541 -0.06806754 0.1439847 1.445246 -0.1950202 0.3616656 1.307528 -0.02363638 0.1252466 1.208326 0.07020088 0.1423411 1.449296 0.3410388 0.3263128 1.377991 0.2431514 0.1213869 1.169358 0.00240262 0.2833574 1.457493 -0.08310859 0.7306246 1.490361 -0.1450233 1.138218 1.515042 -0.1934904 1.476186 1.579093 0.1023823 0.7255715 1.498677 0.1798325 1.09737 1.336904 0.2349612 1.428311 1.243699  A_Kick_SoClose
-0.004537208 0.05241013 1.413212 -0.07281445 0.1437049 1.450257 -0.2008134 0.3623188 1.313125 -0.02997784 0.1251866 1.214681 0.06546964 0.1412407 1.453206 0.3399826 0.3216552 1.381297 0.2419949 0.1223382 1.167345 -0.001394195 0.2827438 1.460655 -0.08546816 0.7301491 1.492003 -0.147073 1.137918 1.514453 -0.1950162 1.475972 1.578445 0.1000824 0.7251336 1.498886 0.1782956 1.09718 1.338053 0.2344728 1.427682 1.243922  A_Kick_SoClose
-0.008184118 0.05081439 1.417718 -0.07550929 0.1427819 1.454933 -0.2080374 0.3619123 1.319552 -0.035076 0.1264513 1.22081 0.06279643 0.1398673 1.455467 0.3405962 0.3170736 1.381429 0.2418634 0.1279168 1.158773 -0.003460152 0.2816564 1.462906 -0.0863248 0.7292322 1.493175 -0.148828 1.136921 1.514578 -0.1968512 1.475359 1.57644 0.09931321 0.7242132 1.497031 0.177189 1.097156 1.338121 0.2337278 1.427641 1.244148  A_Kick_SoClose
-0.0105261 0.04980481 1.420655 -0.07723521 0.142205 1.457967 -0.2126716 0.3616743 1.323801 -0.03835211 0.1273351 1.224779 0.06106104 0.1389902 1.456937 0.3410724 0.3138858 1.381446 0.2419581 0.1314164 1.153442 -0.004803879 0.2809621 1.464361 -0.08689211 0.7286441 1.493922 -0.1499838 1.136276 1.514672 -0.1980803 1.474951 1.57517 0.098776 0.7236131 1.495814 0.1764929 1.097117 1.338148 0.2332933 1.427583 1.244267  A_Kick_SoClose
