-0.000624461 -1.442432E-05 5.742962 -0.06979303 0.09525096 5.765795 -0.4182072 0.1404331 5.765483 -0.7266022 0.1404334 5.765483 0.0685441 0.09525084 5.766107 0.4169262 0.140432 5.766418 0.7253161 0.1404322 5.766417 -0.0006244014 0.2351424 5.752126 -0.09336059 0.6801612 5.715103 -0.1013278 1.092915 5.727164 -0.09894632 1.440007 5.741146 0.09234674 0.6800331 5.718884 0.1003121 1.092748 5.716325 0.09770389 1.440058 5.741156  O_Hello_Close
-0.07391094 -0.01549411 5.735457 -0.150126 0.07687092 5.74187 -0.3718133 0.3068099 5.775545 -0.5022438 0.5837737 5.738309 -0.0157945 0.08192909 5.77453 0.2136398 0.3178203 5.745016 0.3518926 0.5917147 5.713831 -0.08513449 0.219366 5.745334 -0.1837756 0.6611377 5.689475 -0.1779284 1.069208 5.752874 -0.1642241 1.41149 5.810572 -0.004225953 0.6677561 5.736589 0.01095517 1.080264 5.739785 -0.01121555 1.417015 5.825548  O_Hello_Close
-0.0872535 -0.0139631 5.721431 -0.164618 0.07756531 5.725726 -0.3499468 0.3155514 5.771736 -0.4352594 0.6092678 5.732239 -0.03197281 0.08339703 5.764565 0.1665979 0.3321152 5.734912 0.2651185 0.6225607 5.702671 -0.1013058 0.220601 5.734276 -0.2017911 0.6622206 5.680542 -0.1958473 1.067983 5.75733 -0.1820983 1.408166 5.826324 -0.02465175 0.6698202 5.735909 -0.009159906 1.082176 5.747161 -0.03876279 1.416095 5.841339  O_Hello_Close
-0.08569323 -0.01201415 5.704105 -0.1633822 0.0791235 5.710388 -0.3502176 0.3155851 5.759438 -0.4367349 0.6087378 5.718406 -0.03061716 0.08473349 5.748849 0.1713743 0.3331511 5.71997 0.2818229 0.6189366 5.684869 -0.1005728 0.2222142 5.721379 -0.2029023 0.6643748 5.676265 -0.1963172 1.06966 5.755483 -0.1819996 1.409412 5.826455 -0.02558927 0.6716127 5.731121 -0.01151947 1.083717 5.750509 -0.04037694 1.418538 5.841665  O_Hello_Close
-0.08396237 -0.01040971 5.686792 -0.161953 0.08029962 5.695183 -0.3502462 0.3151765 5.747647 -0.4378643 0.6078775 5.705733 -0.02900271 0.08569944 5.733029 0.177034 0.3334965 5.704332 0.3017411 0.6129341 5.666029 -0.09961502 0.2233995 5.708494 -0.2038243 0.6659289 5.672153 -0.1967016 1.070741 5.753707 -0.181914 1.410067 5.826601 -0.02624397 0.6728215 5.726183 -0.01361935 1.084566 5.752848 -0.0420935 1.41944 5.84393  O_Hello_Close
-0.08258216 -0.009266019 5.671797 -0.1608024 0.08102572 5.682291 -0.3501835 0.314472 5.738248 -0.4386505 0.6069152 5.696318 -0.02759091 0.08623898 5.719234 0.1830117 0.3330117 5.690347 0.3219653 0.6053159 5.649767 -0.09883235 0.2240919 5.697541 -0.2047496 0.6668142 5.669417 -0.1969843 1.071818 5.749952 -0.1817846 1.410309 5.826548 -0.02679322 0.6733992 5.722234 -0.01462768 1.084886 5.752794 -0.04273204 1.419572 5.844684  O_Hello_Close
-0.08103292 -0.008031368 5.652795 -0.1594986 0.08165455 5.666238 -0.3501069 0.3131986 5.727054 -0.4395853 0.6054196 5.685726 -0.0258628 0.08665371 5.701646 0.1921414 0.3312517 5.672303 0.35182 0.5917121 5.63026 -0.09795044 0.2246282 5.683876 -0.206081 0.6673805 5.666826 -0.19751 1.072779 5.745266 -0.1817808 1.410096 5.826777 -0.02751331 0.6736035 5.717584 -0.01522486 1.084846 5.751237 -0.04292957 1.419072 5.844903  O_Hello_Close
-0.08020614 -0.006900549 5.632213 -0.1588351 0.08191872 5.649813 -0.3507388 0.3111695 5.716801 -0.4416668 0.6032301 5.677555 -0.02445034 0.08680081 5.682281 0.2106364 0.3240726 5.652847 0.4075995 0.5581652 5.61398 -0.09768645 0.2247521 5.669819 -0.2086179 0.6671304 5.666966 -0.1991067 1.071551 5.7502 -0.1823778 1.409297 5.829709 -0.02896778 0.6731063 5.713781 -0.01439337 1.084359 5.746373 -0.04200075 1.417524 5.843772  O_Hello_Close
-0.08134381 -0.007225037 5.631177 -0.1599414 0.08140421 5.649843 -0.3523922 0.3103716 5.717446 -0.4435783 0.6024936 5.679271 -0.02525995 0.08638918 5.681041 0.2234398 0.3157121 5.652184 0.4449476 0.527755 5.619373 -0.09883057 0.2242649 5.66977 -0.2104854 0.6664703 5.669548 -0.2001274 1.070396 5.755054 -0.1825536 1.409083 5.830263 -0.03040515 0.6725717 5.714663 -0.01361792 1.084027 5.743409 -0.04158847 1.416725 5.84229  O_Hello_Close
-0.08301352 -0.007962942 5.635576 -0.161539 0.08072925 5.654247 -0.3543251 0.3100469 5.72071 -0.445219 0.6023332 5.683101 -0.02673732 0.08581972 5.684905 0.2329639 0.307407 5.656648 0.4722994 0.5000569 5.630023 -0.1003529 0.2236564 5.673452 -0.2120131 0.6658587 5.672165 -0.2008976 1.070025 5.75643 -0.1826817 1.409052 5.829937 -0.03175883 0.6721128 5.716559 -0.01315562 1.083727 5.741684 -0.04149733 1.416192 5.841242  O_Hello_Close
-0.08622853 -0.009148479 5.646266 -0.1645913 0.07988751 5.663958 -0.3576689 0.3102769 5.727206 -0.4474538 0.6029502 5.689942 -0.02978675 0.0850569 5.694589 0.2433752 0.29539 5.666906 0.5020781 0.4622056 5.648207 -0.1031411 0.2228993 5.681628 -0.2139711 0.6652703 5.675528 -0.2021492 1.069781 5.758027 -0.1834124 1.408805 5.831412 -0.03371469 0.6716669 5.719893 -0.01294021 1.083402 5.741013 -0.04156141 1.41569 5.841081  O_Hello_Close
-0.09103219 -0.01056457 5.661214 -0.1691469 0.07901061 5.6772 -0.3624574 0.3109528 5.735747 -0.4504954 0.6041306 5.698283 -0.03440176 0.08426321 5.708078 0.2543435 0.2788341 5.680174 0.5326993 0.4112099 5.670218 -0.1072733 0.2221022 5.692602 -0.2166419 0.6646615 5.678737 -0.2037407 1.069517 5.759359 -0.1841748 1.408742 5.831595 -0.03647504 0.671227 5.72344 -0.01318155 1.083031 5.740114 -0.04188762 1.415201 5.840548  O_Hello_Close
-0.09449427 -0.01142824 5.671605 -0.1724272 0.0785234 5.686312 -0.3657932 0.3115423 5.741547 -0.4527631 0.6050069 5.703834 -0.03772913 0.08384848 5.717382 0.2609566 0.2664831 5.689134 0.5501798 0.3734397 5.685318 -0.1102447 0.2216523 5.700033 -0.2185394 0.6642571 5.680394 -0.2048487 1.069308 5.759902 -0.1846695 1.408675 5.831292 -0.03844307 0.6709623 5.72536 -0.0134453 1.082773 5.739165 -0.04215954 1.414826 5.839981  O_Hello_Close
-0.09774159 -0.01208711 5.68081 -0.1755077 0.07819891 5.694302 -0.3687736 0.3121889 5.746598 -0.4550568 0.6058214 5.708617 -0.04084436 0.08362424 5.725504 0.2665375 0.2541858 5.696196 0.5640156 0.3354903 5.697013 -0.1130465 0.2213556 5.706365 -0.2203874 0.6639107 5.681157 -0.205946 1.069085 5.759899 -0.1851839 1.408533 5.830731 -0.04034327 0.670792 5.726304 -0.01379917 1.08258 5.737694 -0.04249768 1.414422 5.839209  O_Hello_Close
-0.1013854 -0.01268995 5.690981 -0.1789792 0.07794273 5.703068 -0.3719311 0.3129964 5.752168 -0.4579094 0.6066815 5.713901 -0.04434721 0.08353353 5.734377 0.2725091 0.2386547 5.70373 0.5770617 0.286746 5.710006 -0.1162326 0.2211268 5.713164 -0.2226052 0.6634982 5.681464 -0.2073259 1.068767 5.759558 -0.1859174 1.408268 5.829945 -0.0426086 0.67065 5.726758 -0.01420723 1.082381 5.735409 -0.04287056 1.413874 5.838067  O_Hello_Close
-0.1051764 -0.01307547 5.701373 -0.1826213 0.07787752 5.711907 -0.3749141 0.3140218 5.757819 -0.4612237 0.6075776 5.719306 -0.0480176 0.08373034 5.743289 0.2784943 0.2193578 5.710886 0.5866091 0.2244526 5.722873 -0.119629 0.2210932 5.719781 -0.2251657 0.6630876 5.680852 -0.2090367 1.068385 5.758625 -0.1869833 1.407877 5.828857 -0.04521153 0.6706448 5.726249 -0.01464514 1.082272 5.731924 -0.04323135 1.4132 5.836411  O_Hello_Close
-0.1065295 -0.01309156 5.705051 -0.1839566 0.07795751 5.714862 -0.3757731 0.3144976 5.759643 -0.46259 0.6079105 5.721182 -0.04940073 0.0839678 5.746418 0.2815076 0.2087046 5.713013 0.5888668 0.187438 5.726522 -0.1209228 0.2211989 5.721891 -0.2262306 0.6629655 5.679879 -0.2098967 1.068225 5.757808 -0.1877125 1.407668 5.828238 -0.04634587 0.6707559 5.725512 -0.01470886 1.08232 5.729706 -0.04320751 1.412856 5.83545  O_Hello_Close
-0.1079133 -0.0128541 5.709615 -0.1853626 0.07829285 5.718276 -0.3765098 0.3152847 5.761524 -0.4638162 0.6085899 5.723351 -0.05095033 0.08455193 5.750392 0.285893 0.1910753 5.716077 0.5866445 0.1247478 5.731997 -0.1223271 0.2215775 5.724339 -0.2273366 0.6629808 5.677986 -0.211036 1.06814 5.75644 -0.1889589 1.407471 5.827439 -0.0476598 0.6711342 5.724368 -0.01449875 1.082596 5.726101 -0.04286645 1.412459 5.833959  O_Hello_Close
-0.1079342 -0.0126096 5.710998 -0.1854533 0.07854235 5.71895 -0.3762892 0.3156211 5.761559 -0.4636173 0.6089686 5.723763 -0.05120919 0.08495271 5.751732 0.2886343 0.1794419 5.717266 0.5807293 0.08190227 5.733723 -0.1224913 0.2218665 5.724846 -0.2273902 0.6630764 5.676445 -0.211514 1.068128 5.75554 -0.1898582 1.407351 5.827179 -0.04795579 0.6714437 5.72372 -0.01404314 1.082848 5.723808 -0.04232703 1.412244 5.833105  O_Hello_Close
-0.1067267 -0.01239657 5.711764 -0.184352 0.07872331 5.719018 -0.3751035 0.3157285 5.761099 -0.4618377 0.6092615 5.723374 -0.05033551 0.08527875 5.752691 0.2915117 0.1694071 5.718079 0.5727988 0.04399788 5.734033 -0.1215169 0.2220969 5.725062 -0.2263512 0.6631488 5.675107 -0.2113824 1.068112 5.754826 -0.1905598 1.407254 5.827099 -0.04724411 0.6717165 5.723571 -0.01323204 1.08311 5.722192 -0.04172854 1.412117 5.832601  O_Hello_Close
-0.1035066 -0.01208878 5.713188 -0.1813295 0.07894945 5.719252 -0.3721771 0.3157194 5.760405 -0.4575699 0.6096029 5.722353 -0.04773692 0.08577359 5.754518 0.2961338 0.1541023 5.719398 0.5548807 -0.01314116 5.732967 -0.118754 0.2224212 5.72565 -0.2235392 0.663195 5.6732 -0.2105265 1.068081 5.753653 -0.1914709 1.407154 5.826729 -0.04504023 0.6721315 5.723794 -0.01151065 1.083551 5.720121 -0.0406032 1.412003 5.832016  O_Hello_Close
-0.1002107 -0.01194537 5.715435 -0.1781804 0.07902348 5.720586 -0.3693404 0.3155901 5.76082 -0.4537925 0.6096299 5.721884 -0.04488437 0.08610809 5.756907 0.299542 0.1447982 5.72025 0.5403041 -0.04763496 5.73062 -0.1158171 0.222585 5.727041 -0.2206623 0.6630749 5.672372 -0.2093557 1.06805 5.752632 -0.1918184 1.407213 5.825674 -0.04258726 0.6723703 5.724376 -0.01007728 1.083855 5.719217 -0.03983514 1.412042 5.831714  O_Hello_Close
-0.09568028 -0.0118109 5.718923 -0.1738209 0.07906497 5.723018 -0.3655462 0.3153735 5.762024 -0.4493279 0.6094081 5.721628 -0.0408229 0.08652818 5.760342 0.3035044 0.1341801 5.719952 0.5196909 -0.08570516 5.724216 -0.11172 0.2227499 5.729252 -0.2167798 0.6628078 5.671597 -0.2076605 1.067931 5.751388 -0.1920505 1.407244 5.824167 -0.03912989 0.6726261 5.724942 -0.008331103 1.084223 5.718367 -0.0389906 1.412131 5.831433  O_Hello_Close
-0.09071271 -0.01170301 5.722901 -0.1690186 0.07906985 5.726002 -0.3614519 0.3151091 5.763696 -0.4449265 0.608979 5.721506 -0.03625993 0.08696008 5.764083 0.3071803 0.1240108 5.718458 0.4957858 -0.1199607 5.715253 -0.1071811 0.2228874 5.731782 -0.2125791 0.6624381 5.670962 -0.205732 1.067729 5.750126 -0.1921087 1.407217 5.82249 -0.03526966 0.6728469 5.725318 -0.006585164 1.084578 5.717696 -0.03821574 1.412243 5.831201  O_Hello_Close
-0.0874003 -0.01166964 5.724348 -0.1658025 0.07903206 5.727078 -0.3586663 0.3149111 5.76394 -0.4419437 0.6086116 5.720209 -0.0330979 0.08717418 5.765295 0.3090399 0.117849 5.713297 0.4780163 -0.1399093 5.702707 -0.1041187 0.2229297 5.732495 -0.2098921 0.6621849 5.670209 -0.2044301 1.067509 5.749312 -0.1919983 1.407044 5.821665 -0.03265898 0.6729408 5.724746 -0.005592568 1.084785 5.717331 -0.03769855 1.412284 5.83118  O_Hello_Close
-0.08346264 -0.0116328 5.725874 -0.1619776 0.07898271 5.728193 -0.3553299 0.3146701 5.764077 -0.4383289 0.608169 5.718504 -0.02933071 0.0874182 5.766545 0.3107863 0.1103584 5.707229 0.4544301 -0.1619161 5.688858 -0.1004745 0.222973 5.733185 -0.2067002 0.6618806 5.669243 -0.2028615 1.067231 5.748305 -0.1918256 1.406812 5.820671 -0.02954845 0.6730406 5.723963 -0.004412992 1.085013 5.71688 -0.03706513 1.412314 5.831143  O_Hello_Close
-0.08056144 -0.01167512 5.724399 -0.1591541 0.07887042 5.726817 -0.3525462 0.3144581 5.762007 -0.4345921 0.6078979 5.714373 -0.02643768 0.08745158 5.764896 0.3109027 0.104184 5.69619 0.4291569 -0.1793236 5.668918 -0.0977724 0.2229198 5.731593 -0.2045276 0.6616892 5.667583 -0.2017396 1.066936 5.747217 -0.1915905 1.406441 5.820068 -0.02727572 0.6730458 5.721937 -0.003967209 1.085153 5.716692 -0.03679983 1.412219 5.831574  O_Hello_Close
-0.07770871 -0.01174748 5.722279 -0.1563743 0.07872939 5.724888 -0.3497156 0.314225 5.759398 -0.4306548 0.607613 5.709601 -0.02356665 0.08743298 5.762619 0.3102668 0.09777498 5.684222 0.3998922 -0.1951945 5.649 -0.09510665 0.2228334 5.729481 -0.202413 0.661499 5.665681 -0.2006191 1.066602 5.746072 -0.1913032 1.405994 5.819559 -0.02503018 0.6730195 5.719572 -0.003576977 1.08525 5.716542 -0.03651218 1.412099 5.83201  O_Hello_Close
-0.07618622 -0.01187873 5.718695 -0.1548796 0.07855988 5.721753 -0.3478497 0.3140483 5.755885 -0.4275184 0.6074724 5.704283 -0.02193396 0.0872575 5.758996 0.3085534 0.09336972 5.672019 0.3731649 -0.2052784 5.630316 -0.09365629 0.2226824 5.726355 -0.2013893 0.6614075 5.663695 -0.2000328 1.066283 5.745234 -0.1910609 1.405481 5.819655 -0.02380876 0.6729144 5.716933 -0.003663344 1.085222 5.716676 -0.03636114 1.412001 5.832409  O_Hello_Close
-0.07458358 -0.01209462 5.713756 -0.1532959 0.07830417 5.717442 -0.345643 0.3138134 5.751091 -0.4236996 0.6072805 5.697317 -0.02016537 0.08696234 5.754028 0.3056771 0.08817828 5.656575 0.3366129 -0.2148846 5.608615 -0.09210645 0.2224394 5.722094 -0.20033 0.6612766 5.661085 -0.1993584 1.06583 5.74421 -0.1906676 1.404753 5.819907 -0.0224847 0.672722 5.713445 -0.003877861 1.085086 5.717059 -0.03618101 1.411887 5.832841  O_Hello_Close
-0.07375865 -0.01239109 5.708252 -0.1524567 0.07798767 5.712663 -0.3438888 0.3135893 5.745847 -0.4203899 0.6071167 5.690197 -0.01912688 0.08654165 5.748541 0.3020562 0.08414173 5.641377 0.2983279 -0.2198052 5.589351 -0.09125404 0.2221134 5.717438 -0.1998481 0.6611332 5.658434 -0.1989037 1.065317 5.743342 -0.19017 1.403921 5.820445 -0.02171729 0.6724282 5.709848 -0.004359884 1.084784 5.717896 -0.03606884 1.411832 5.833144  O_Hello_Close
-0.07359932 -0.0127517 5.703681 -0.1522525 0.07763517 5.708683 -0.3426805 0.3133974 5.741668 -0.4182507 0.6070208 5.685259 -0.01875143 0.0860709 5.743947 0.29861 0.0816133 5.629093 0.2617917 -0.2198112 5.575314 -0.09099124 0.2217342 5.713511 -0.199753 0.6609204 5.656076 -0.1985371 1.06479 5.742463 -0.1894951 1.403126 5.820696 -0.02137683 0.672049 5.706669 -0.005029185 1.084342 5.718928 -0.03625951 1.41175 5.833282  O_Hello_Close
-0.07368915 -0.01313818 5.699648 -0.1522867 0.07726729 5.705166 -0.341717 0.3132043 5.738092 -0.4166127 0.6069474 5.681408 -0.01863079 0.08558619 5.739867 0.2952556 0.07970607 5.618322 0.2272422 -0.216272 5.564697 -0.09095208 0.2213345 5.71001 -0.1998007 0.6606706 5.6539 -0.1982066 1.064258 5.741588 -0.1887652 1.402357 5.820796 -0.02120261 0.6716367 5.70374 -0.005725307 1.083827 5.719955 -0.03650252 1.411617 5.833331  O_Hello_Close
-0.07414918 -0.01354659 5.697728 -0.1526788 0.07690036 5.703523 -0.3412529 0.3130604 5.737116 -0.4160996 0.6070632 5.681728 -0.01889889 0.08514595 5.737761 0.2927053 0.07919776 5.611443 0.1987695 -0.2096977 5.558341 -0.09125064 0.2209345 5.708162 -0.2000581 0.6603321 5.652456 -0.1978937 1.06377 5.740817 -0.187893 1.401748 5.820471 -0.02128248 0.6711999 5.701677 -0.006390197 1.083296 5.720603 -0.03689657 1.411446 5.833009  O_Hello_Close
-0.07456939 -0.01392353 5.695997 -0.1530375 0.07656074 5.70204 -0.3408459 0.312917 5.736221 -0.415615 0.6071566 5.681997 -0.01914851 0.08474064 5.735864 0.2903304 0.07872009 5.605326 0.1737955 -0.2021309 5.55388 -0.09152667 0.2205652 5.706496 -0.2002961 0.6600177 5.65115 -0.1976198 1.063321 5.740108 -0.1871186 1.401191 5.820158 -0.02136402 0.6707975 5.699818 -0.006977124 1.082794 5.721166 -0.03721086 1.411261 5.832714  O_Hello_Close
-0.07560281 -0.01453018 5.696476 -0.1539937 0.07601476 5.70261 -0.3407799 0.3126954 5.738756 -0.4160131 0.6074437 5.688051 -0.01995461 0.08421159 5.73583 0.2870653 0.07935166 5.599782 0.1411979 -0.1876732 5.549533 -0.09238397 0.2199961 5.706403 -0.2011482 0.6593565 5.65032 -0.1975246 1.0626 5.739519 -0.1861305 1.400428 5.819619 -0.02200059 0.6701683 5.698182 -0.007816238 1.082064 5.721505 -0.03772579 1.410805 5.832334  O_Hello_Close
-0.07743786 -0.01542628 5.699878 -0.1557645 0.07517803 5.705957 -0.3411602 0.312277 5.745418 -0.4175607 0.6076318 5.700297 -0.0215169 0.08353496 5.738284 0.2821508 0.08114731 5.594692 0.1000226 -0.1628966 5.545945 -0.09409396 0.2191609 5.708492 -0.2030923 0.6582069 5.650436 -0.197878 1.061494 5.739356 -0.1850247 1.399374 5.81902 -0.02364425 0.6692537 5.697104 -0.00897829 1.081056 5.721757 -0.03824882 1.410035 5.832046  O_Hello_Close
-0.079998 -0.0165168 5.707905 -0.1583643 0.07407451 5.713655 -0.3420869 0.3115537 5.757214 -0.4208087 0.6072604 5.7189 -0.02390055 0.08286142 5.744953 0.275885 0.08422279 5.593013 0.05890169 -0.1297728 5.545805 -0.0968117 0.2181286 5.714356 -0.2066248 0.6564949 5.652805 -0.1990815 1.060032 5.740416 -0.184153 1.398131 5.818772 -0.02686332 0.66815 5.698099 -0.01046835 1.079941 5.721821 -0.03859584 1.409136 5.831765  O_Hello_Close
-0.08094881 -0.01691353 5.710951 -0.1593694 0.07364225 5.716522 -0.3423834 0.3112483 5.760983 -0.4219978 0.6069654 5.724646 -0.02486722 0.08262193 5.747599 0.2735755 0.08481133 5.593302 0.04702701 -0.1192193 5.546916 -0.09791522 0.2177398 5.716671 -0.2081185 0.6558306 5.653868 -0.1997521 1.059446 5.741041 -0.1841042 1.39761 5.81898 -0.02830069 0.6677546 5.698867 -0.01107947 1.079569 5.72159 -0.03875939 1.408731 5.831743  O_Hello_Close
-0.08154981 -0.01716673 5.712687 -0.1600066 0.07336462 5.71814 -0.342542 0.3110545 5.763095 -0.4226812 0.6067787 5.72799 -0.02548729 0.08246207 5.749109 0.2720982 0.08497453 5.593456 0.03989251 -0.1128196 5.548042 -0.09861611 0.2174894 5.717977 -0.2090559 0.6554126 5.654425 -0.2001912 1.059063 5.741385 -0.1841096 1.397254 5.819117 -0.02921276 0.6675005 5.699279 -0.01146917 1.07933 5.721307 -0.03888671 1.408432 5.831706  O_Hello_Close
-0.08184491 -0.01733732 5.712869 -0.1603228 0.07317984 5.718257 -0.3425249 0.3109314 5.763265 -0.4228498 0.6066694 5.728704 -0.02581589 0.08231914 5.749267 0.2713576 0.08434272 5.593341 0.03676047 -0.1108747 5.549083 -0.09896277 0.2173175 5.718052 -0.2094736 0.6551897 5.654274 -0.2004328 1.05881 5.741357 -0.1842018 1.396971 5.81919 -0.02964835 0.6673351 5.699183 -0.01165674 1.079181 5.720695 -0.03902123 1.408118 5.831597  O_Hello_Close
-0.08211826 -0.0175035 5.712698 -0.1606141 0.07300127 5.718031 -0.3424944 0.3108124 5.763043 -0.4229588 0.6065696 5.728975 -0.02612482 0.08216834 5.749109 0.270689 0.08354592 5.593079 0.03409405 -0.1095278 5.550071 -0.09927832 0.2171493 5.717834 -0.2098301 0.6549925 5.653927 -0.2006566 1.058563 5.741227 -0.1843158 1.396676 5.819242 -0.03003011 0.6671755 5.698928 -0.01179538 1.079036 5.719951 -0.03912274 1.407769 5.831465  O_Hello_Close
-0.08208309 -0.01760399 5.710076 -0.1605663 0.07290876 5.715458 -0.3423786 0.3107368 5.760125 -0.4226011 0.6065355 5.725847 -0.02612202 0.08198702 5.746757 0.270903 0.08193624 5.59188 0.03596129 -0.1134056 5.550066 -0.09919749 0.2170428 5.715623 -0.209553 0.6550296 5.652364 -0.2006312 1.058439 5.740431 -0.1845209 1.396406 5.819124 -0.02981834 0.6670875 5.697659 -0.01150791 1.078946 5.718657 -0.03895633 1.407309 5.831229  O_Hello_Close
-0.08202021 -0.0176487 5.705908 -0.1604794 0.07287848 5.711398 -0.3424221 0.3106719 5.755524 -0.4221944 0.6065118 5.720558 -0.0261027 0.0818038 5.743028 0.2715647 0.07979727 5.590229 0.04116328 -0.1211499 5.549734 -0.0990539 0.2169863 5.712154 -0.2090923 0.6552145 5.650025 -0.2005877 1.05838 5.739242 -0.1848609 1.396126 5.818957 -0.02945576 0.6670573 5.695763 -0.01112394 1.078895 5.717136 -0.03878013 1.406789 5.831017  O_Hello_Close
-0.08194701 -0.01762438 5.701398 -0.1603781 0.07291889 5.707021 -0.3426075 0.3106372 5.750566 -0.4218398 0.6065075 5.714642 -0.02607231 0.08167124 5.738999 0.2724526 0.07773912 5.588599 0.04826816 -0.1303877 5.549498 -0.09888957 0.216995 5.70843 -0.2085833 0.6554897 5.647584 -0.2005414 1.058398 5.737998 -0.1852411 1.395909 5.818784 -0.0290498 0.6670889 5.693787 -0.01075689 1.078894 5.715819 -0.03865067 1.406354 5.830884  O_Hello_Close
-0.08221476 -0.0175184 5.696349 -0.1606108 0.07304847 5.70208 -0.3433312 0.3106599 5.744621 -0.4215133 0.6065708 5.706782 -0.02640371 0.08159363 5.734525 0.2735737 0.07503855 5.587765 0.06027587 -0.1444541 5.549931 -0.09904312 0.2170812 5.704259 -0.2082847 0.6558795 5.644804 -0.2007047 1.05852 5.736445 -0.1858519 1.395778 5.81836 -0.02889429 0.667188 5.691631 -0.0105962 1.078934 5.714741 -0.03865651 1.406047 5.830746  O_Hello_Close
-0.08290063 -0.01734674 5.691348 -0.1612551 0.07325184 5.697146 -0.3446641 0.3107384 5.738173 -0.4212501 0.6066816 5.697432 -0.02716552 0.08157218 5.730131 0.2747222 0.07156026 5.588284 0.07747485 -0.1626754 5.551794 -0.09959643 0.2172312 5.700135 -0.208309 0.6563413 5.642028 -0.2011365 1.058737 5.734771 -0.1867082 1.395755 5.817743 -0.02908884 0.6673353 5.689577 -0.01064513 1.079008 5.713853 -0.03874902 1.405858 5.830588  O_Hello_Close
-0.08359812 -0.01721632 5.688933 -0.161926 0.07340527 5.694732 -0.3458433 0.3108134 5.734565 -0.4211737 0.6067598 5.69157 -0.02790938 0.08160007 5.728043 0.2752933 0.06914735 5.589721 0.09045435 -0.1751108 5.553987 -0.1002112 0.217351 5.698152 -0.2085967 0.6566245 5.640672 -0.2015784 1.058921 5.733852 -0.1873399 1.395834 5.817286 -0.02948211 0.6674439 5.688656 -0.01083635 1.07907 5.713544 -0.03885464 1.405853 5.830489  O_Hello_Close
-0.08452515 -0.01703727 5.687495 -0.1628123 0.07362115 5.69327 -0.3474839 0.3109375 5.731363 -0.4212098 0.6067896 5.685065 -0.02886025 0.08168638 5.726871 0.2759737 0.06576288 5.593328 0.1109216 -0.1921043 5.556359 -0.1010212 0.2175252 5.697039 -0.2090322 0.6569498 5.64001 -0.2022036 1.059247 5.733205 -0.1882105 1.396134 5.816782 -0.03001122 0.667591 5.688382 -0.01100091 1.079202 5.713259 -0.03890095 1.405966 5.830283  O_Hello_Close
-0.08514069 -0.01688719 5.687078 -0.1633874 0.07380664 5.692842 -0.3487144 0.3110484 5.729471 -0.4212081 0.6067642 5.680437 -0.02947216 0.08177066 5.726614 0.2765108 0.06286609 5.596984 0.1303794 -0.2060065 5.558806 -0.1015257 0.2176749 5.69682 -0.2092374 0.6572087 5.640068 -0.2026432 1.059558 5.733054 -0.1889204 1.396473 5.816565 -0.03026996 0.6677111 5.688667 -0.0109794 1.079335 5.713095 -0.03885702 1.40608 5.830178  O_Hello_Close
-0.08530454 -0.01676381 5.687685 -0.163506 0.07396781 5.693467 -0.349414 0.3111579 5.728922 -0.4211486 0.6066831 5.677673 -0.02959822 0.08184528 5.727289 0.2770926 0.06036699 5.600705 0.1498929 -0.2176923 5.560608 -0.1015709 0.2178019 5.697538 -0.2090345 0.6574198 5.640969 -0.2028105 1.059869 5.733545 -0.1894595 1.396862 5.816803 -0.03007828 0.6678049 5.689634 -0.01064949 1.079479 5.713087 -0.03867606 1.406168 5.83029  O_Hello_Close
-0.08521132 -0.01666725 5.688565 -0.1633682 0.07410061 5.694381 -0.349794 0.3112504 5.728964 -0.4210368 0.6066027 5.676059 -0.02945576 0.08190107 5.728201 0.2777183 0.05828702 5.604091 0.1683878 -0.2270578 5.562502 -0.1013626 0.2179029 5.698499 -0.2086128 0.6575927 5.642082 -0.202821 1.060149 5.734219 -0.1898816 1.397231 5.817178 -0.02965013 0.6678737 5.690747 -0.01018105 1.079612 5.713012 -0.03846167 1.406211 5.830406  O_Hello_Close
-0.08454059 -0.0165621 5.690568 -0.1626257 0.07426226 5.696467 -0.349782 0.3113757 5.73023 -0.4207835 0.6064852 5.67567 -0.02868132 0.08195508 5.730186 0.2789185 0.05570352 5.608988 0.1964356 -0.2381793 5.565012 -0.1005104 0.2180175 5.700572 -0.2074783 0.6578004 5.644346 -0.2025225 1.060547 5.735702 -0.1903395 1.397798 5.818083 -0.02847044 0.6679369 5.692875 -0.009133918 1.079803 5.712765 -0.03803698 1.406183 5.830614  O_Hello_Close
-0.08363388 -0.01649618 5.693243 -0.1616468 0.07438695 5.699189 -0.3495923 0.311476 5.732724 -0.4208907 0.6064011 5.677558 -0.02766554 0.0819906 5.732782 0.280524 0.05361629 5.614604 0.2261786 -0.2464415 5.568602 -0.09942214 0.2180978 5.703198 -0.2061192 0.6579443 5.646955 -0.2020401 1.060917 5.737347 -0.1906321 1.398379 5.818977 -0.02705906 0.6679621 5.695314 -0.007936759 1.079963 5.71243 -0.03758768 1.406049 5.830905  O_Hello_Close
-0.08264129 -0.01646364 5.696308 -0.1605828 0.07447994 5.702268 -0.3493459 0.3115507 5.735873 -0.4212149 0.6063253 5.680643 -0.02656697 0.08200634 5.735739 0.2823744 0.05179226 5.620836 0.2570877 -0.2518827 5.573439 -0.0982502 0.2181479 5.706135 -0.2046761 0.6580376 5.649717 -0.2014689 1.061258 5.739034 -0.190825 1.39895 5.81981 -0.02556674 0.6679544 5.697915 -0.00668071 1.080079 5.712066 -0.03711794 1.405842 5.83123  O_Hello_Close
-0.08163248 -0.01647854 5.700743 -0.1595047 0.07453549 5.706531 -0.3492073 0.3116114 5.740689 -0.4221765 0.6062853 5.686372 -0.02548574 0.08201957 5.74 0.2852818 0.05039501 5.630529 0.2944579 -0.254225 5.583341 -0.0970621 0.2181622 5.710144 -0.2031457 0.6580307 5.652922 -0.2007038 1.06159 5.740719 -0.1907295 1.399596 5.820261 -0.0240327 0.6678973 5.701116 -0.005260212 1.080132 5.711762 -0.03656058 1.40557 5.831588  O_Hello_Close
-0.0812097 -0.01658642 5.70758 -0.1589959 0.0745275 5.712936 -0.3498609 0.3116361 5.748352 -0.4247371 0.6062208 5.696189 -0.02501599 0.08199298 5.746565 0.2899882 0.04975116 5.64808 0.3486179 -0.2499954 5.60543 -0.09641032 0.218102 5.716125 -0.2019604 0.6578729 5.657191 -0.1999231 1.061904 5.742801 -0.1903167 1.400337 5.820549 -0.02290444 0.6677269 5.7056 -0.003556831 1.080036 5.711131 -0.03581212 1.405205 5.831431  O_Hello_Close
-0.08181755 -0.01672328 5.71181 -0.1595509 0.0744499 5.716921 -0.3509425 0.3115712 5.753583 -0.4273389 0.6060702 5.703171 -0.02559398 0.08189809 5.750646 0.2931985 0.05050457 5.661744 0.3829319 -0.2422791 5.625275 -0.09687756 0.2179912 5.719877 -0.2021026 0.6577102 5.659983 -0.1998447 1.062066 5.744042 -0.1901498 1.400696 5.820917 -0.02308039 0.6675481 5.708519 -0.00287096 1.079847 5.710717 -0.03564106 1.40501 5.830895  O_Hello_Close
-0.08421235 -0.01725233 5.717935 -0.1618523 0.07398999 5.72323 -0.3533206 0.3110987 5.762891 -0.4319508 0.6054535 5.715141 -0.02784715 0.08127749 5.756798 0.2983356 0.05391014 5.689233 0.4441446 -0.2172767 5.671859 -0.09903841 0.2174684 5.726249 -0.2039169 0.6573457 5.666911 -0.1986617 1.063722 5.74043 -0.1891346 1.401387 5.821461 -0.02482609 0.6669656 5.715238 -0.002223475 1.079124 5.710997 -0.035713 1.40457 5.830209  O_Hello_Close
-0.08710848 -0.01774323 5.719631 -0.1647291 0.07346284 5.725767 -0.3547734 0.3107361 5.765859 -0.4319969 0.6053653 5.717509 -0.03065882 0.08048475 5.75913 0.3002748 0.05998504 5.705007 0.4783891 -0.1917665 5.704077 -0.1018956 0.2169091 5.729752 -0.2068453 0.657232 5.673951 -0.1978032 1.065535 5.735444 -0.1877535 1.401729 5.822314 -0.02766059 0.6664706 5.722003 -0.002670271 1.078432 5.713824 -0.03627596 1.404571 5.831091  O_Hello_Close
-0.08883975 -0.01755929 5.722339 -0.1665465 0.07357204 5.728493 -0.3552076 0.3111238 5.7662 -0.4298657 0.6060195 5.715502 -0.03255151 0.08063602 5.762148 0.3010618 0.06734347 5.710889 0.4875115 -0.178229 5.716806 -0.1038372 0.2170606 5.73289 -0.2090262 0.6574081 5.677737 -0.2013826 1.063858 5.75064 -0.1880383 1.403023 5.824549 -0.02994923 0.666696 5.72618 -0.004269047 1.07863 5.718809 -0.03791217 1.406249 5.831865  O_Hello_Close
-0.088517 -0.01723111 5.721779 -0.1662953 0.07383788 5.727953 -0.3549192 0.3112714 5.765442 -0.4290673 0.6062041 5.714214 -0.03231828 0.08098519 5.761663 0.3013826 0.06863105 5.709335 0.4843749 -0.1795361 5.714931 -0.1036965 0.2173716 5.732451 -0.2091992 0.6576691 5.677498 -0.2026326 1.06317 5.755605 -0.1887104 1.40323 5.825171 -0.03014748 0.6670666 5.726014 -0.005085511 1.079072 5.720799 -0.03876946 1.407105 5.832637  O_Hello_Close
-0.08770256 -0.01695633 5.719748 -0.1655457 0.07404768 5.726061 -0.3543668 0.3112847 5.763803 -0.4284948 0.6061319 5.712057 -0.03156463 0.08124948 5.759743 0.3017626 0.06822371 5.706794 0.4802 -0.1832618 5.711203 -0.1030506 0.2176212 5.730728 -0.2088902 0.657912 5.676373 -0.2025413 1.063377 5.754685 -0.1888989 1.403303 5.824955 -0.02983205 0.6673777 5.724851 -0.005437655 1.079442 5.721503 -0.03913729 1.40737 5.833644  O_Hello_Close
-0.08708243 -0.01677728 5.718218 -0.1649671 0.07418382 5.724636 -0.3539468 0.3112851 5.762581 -0.4281381 0.6060489 5.710452 -0.03098093 0.0814178 5.758291 0.3020432 0.06772971 5.705064 0.4773717 -0.1859469 5.70859 -0.1025389 0.2177825 5.72942 -0.208601 0.6580734 5.675501 -0.2023598 1.063577 5.753622 -0.1889935 1.403332 5.824766 -0.0295351 0.667579 5.723943 -0.005565984 1.079676 5.721724 -0.03926067 1.407459 5.834288  O_Hello_Close
-0.08586787 -0.01649797 5.715907 -0.1638096 0.07440889 5.722403 -0.3531023 0.3113426 5.76043 -0.4277661 0.6058537 5.707552 -0.02982126 0.08170593 5.756035 0.3026817 0.0668453 5.702254 0.473167 -0.1901296 5.704002 -0.1014727 0.2180444 5.727272 -0.2078283 0.6583036 5.673674 -0.2022235 1.063541 5.753211 -0.1892243 1.403275 5.824524 -0.02875869 0.6678913 5.722085 -0.005213363 1.080016 5.720545 -0.03877471 1.407457 5.834142  O_Hello_Close
-0.08466612 -0.01622164 5.713722 -0.162664 0.07463348 5.720263 -0.3522784 0.3114088 5.758313 -0.4274392 0.6056666 5.704734 -0.02867918 0.08199751 5.753895 0.303288 0.06597829 5.699464 0.4688189 -0.1942214 5.699342 -0.1004159 0.2183052 5.725201 -0.2070461 0.6585245 5.671819 -0.2020298 1.063528 5.752577 -0.1894126 1.403204 5.824232 -0.02798097 0.6681996 5.72023 -0.004824026 1.080348 5.719222 -0.03827075 1.407423 5.833901  O_Hello_Close
-0.08350746 -0.01597369 5.712076 -0.1615584 0.07484281 5.718521 -0.3515399 0.3115004 5.756316 -0.4273094 0.6055109 5.702239 -0.02760373 0.08229113 5.752254 0.3037836 0.065153 5.696673 0.464 -0.1983417 5.694321 -0.09939019 0.2185495 5.723449 -0.2062116 0.6586907 5.669808 -0.2015724 1.063638 5.75087 -0.1894516 1.403085 5.823691 -0.0271893 0.66848 5.718354 -0.004266603 1.080641 5.717219 -0.03769241 1.407245 5.833237  O_Hello_Close
-0.0811588 -0.01548398 5.709067 -0.1593228 0.07526195 5.715126 -0.3501449 0.3117111 5.75201 -0.4272766 0.6052362 5.697227 -0.02546094 0.08292496 5.749178 0.3044065 0.06346321 5.689539 0.4511572 -0.2076463 5.68128 -0.0973209 0.2190454 5.719908 -0.2044786 0.6589582 5.665077 -0.1996335 1.064556 5.742806 -0.1891435 1.402673 5.821805 -0.02558891 0.6690416 5.71405 -0.003177626 1.08123 5.712561 -0.03663669 1.406783 5.831486  O_Hello_Close
-0.0794469 -0.01504648 5.70754 -0.1576903 0.07566249 5.713108 -0.3491784 0.3120229 5.748808 -0.4273377 0.6052968 5.694137 -0.02391796 0.08353424 5.747463 0.304181 0.06223083 5.682121 0.4364181 -0.215992 5.667638 -0.09580301 0.2195055 5.717567 -0.20314 0.6591578 5.661025 -0.198091 1.065221 5.73627 -0.1889672 1.402202 5.82014 -0.02437822 0.6695318 5.710402 -0.002481146 1.081748 5.709092 -0.03597508 1.406575 5.829978  O_Hello_Close
-0.07802598 -0.01436436 5.707104 -0.1563125 0.07634127 5.712091 -0.3482744 0.3127644 5.746072 -0.4270991 0.6060395 5.69237 -0.02259008 0.08444607 5.746586 0.3023278 0.06077278 5.6713 0.4111234 -0.2268708 5.648297 -0.09448777 0.2202305 5.715882 -0.2019203 0.6595379 5.656894 -0.1985323 1.064505 5.737917 -0.1894157 1.402028 5.81958 -0.02323006 0.6702415 5.70646 -0.002238734 1.082506 5.707256 -0.03549502 1.406952 5.829226  O_Hello_Close
-0.07841299 -0.01349282 5.706723 -0.1566172 0.07730389 5.71133 -0.3481669 0.3141515 5.74304 -0.426157 0.6077933 5.690129 -0.02283774 0.08548498 5.745585 0.2961805 0.05846798 5.654559 0.362854 -0.2407373 5.620865 -0.09466819 0.2211599 5.714248 -0.2018242 0.6602293 5.653025 -0.1992996 1.063917 5.740228 -0.1892397 1.402042 5.81925 -0.02305268 0.6710535 5.702271 -0.003541632 1.083342 5.708676 -0.03559856 1.407934 5.830578  O_Hello_Close
-0.08046405 -0.01300359 5.700038 -0.1585044 0.07792985 5.704722 -0.3485766 0.3152472 5.7352 -0.4238547 0.6096877 5.682803 -0.02479718 0.08574808 5.739342 0.2893103 0.05735636 5.636314 0.3056132 -0.2476863 5.594034 -0.09628586 0.2216562 5.708233 -0.2024388 0.6611155 5.64807 -0.198004 1.065548 5.731672 -0.1882076 1.402041 5.817408 -0.02377276 0.6714445 5.697803 -0.004573507 1.08368 5.707645 -0.0353171 1.407872 5.830943  O_Hello_Close
-0.0814908 -0.012905 5.695452 -0.1594892 0.07806194 5.700186 -0.3488109 0.3154902 5.730371 -0.4229047 0.6103002 5.678364 -0.02587925 0.08569145 5.73522 0.2864077 0.05728078 5.627832 0.278031 -0.2477063 5.582922 -0.09719358 0.2217385 5.704319 -0.2029019 0.6614453 5.645191 -0.1965929 1.066996 5.723061 -0.187447 1.40165 5.815779 -0.02437626 0.6715116 5.695478 -0.004880888 1.083716 5.706008 -0.03531228 1.407522 5.830393  O_Hello_Close
-0.08275686 -0.01272762 5.687314 -0.1607782 0.07821727 5.692093 -0.3488344 0.3156332 5.721993 -0.4217029 0.610881 5.670743 -0.02739034 0.08562827 5.72801 0.2826199 0.05814683 5.614736 0.2314858 -0.2424376 5.56849 -0.09850161 0.2218611 5.697462 -0.2038117 0.6619179 5.640258 -0.1957173 1.068272 5.713642 -0.1871322 1.400823 5.813693 -0.02560453 0.6716716 5.691722 -0.005119665 1.083814 5.702778 -0.03565256 1.406843 5.829142  O_Hello_Close
-0.08325414 -0.01264489 5.68384 -0.1613288 0.07825458 5.688614 -0.3487135 0.315603 5.718227 -0.4214056 0.6109757 5.66745 -0.02805827 0.08562565 5.724972 0.2808656 0.05896008 5.608748 0.2062256 -0.2368488 5.563689 -0.09913044 0.2219095 5.694561 -0.204446 0.6620728 5.638192 -0.1958389 1.068509 5.711063 -0.1872675 1.400477 5.813032 -0.02640645 0.671764 5.690245 -0.005249066 1.083869 5.701452 -0.03593127 1.40666 5.828385  O_Hello_Close
-0.08362566 -0.01259315 5.682325 -0.1617347 0.07827783 5.687076 -0.3486246 0.3156022 5.716392 -0.4213833 0.6110374 5.666076 -0.02853004 0.08564174 5.723675 0.2794902 0.05954659 5.605125 0.1878321 -0.2316939 5.561741 -0.09958814 0.2219431 5.69331 -0.2049317 0.6621459 5.637303 -0.1962077 1.068466 5.710807 -0.1874292 1.400395 5.812883 -0.02698622 0.6718233 5.68968 -0.005415244 1.083903 5.701013 -0.0361806 1.406633 5.828084  O_Hello_Close
-0.08432297 -0.01252043 5.681712 -0.1624787 0.07831454 5.686384 -0.3484856 0.315659 5.715002 -0.4216671 0.611169 5.665748 -0.02934699 0.08570528 5.723243 0.2768117 0.06052899 5.600219 0.1558421 -0.2204955 5.561541 -0.1004038 0.2220006 5.692848 -0.2058234 0.6622032 5.636982 -0.1974436 1.067935 5.713701 -0.1878709 1.400596 5.813298 -0.02798204 0.6719135 5.689705 -0.005864067 1.083957 5.701314 -0.03668813 1.406813 5.828049  O_Hello_Close
-0.08502845 -0.01245356 5.68414 -0.1631598 0.07840681 5.688727 -0.3485332 0.3159389 5.716645 -0.4223225 0.6114681 5.668426 -0.0300018 0.08582187 5.725486 0.2743537 0.06097889 5.598705 0.1347559 -0.2118198 5.564095 -0.101047 0.2220879 5.694932 -0.2064008 0.6622304 5.638472 -0.1990927 1.066871 5.720857 -0.1882914 1.40118 5.814636 -0.02852206 0.6719786 5.691062 -0.006429357 1.08401 5.70311 -0.0369374 1.407339 5.828711  O_Hello_Close
-0.08563368 -0.01240933 5.68635 -0.1637328 0.0784812 5.690888 -0.3486853 0.3161851 5.718287 -0.422745 0.6117728 5.670846 -0.03053336 0.08590961 5.727494 0.2724461 0.06127727 5.598003 0.1209505 -0.2054778 5.566454 -0.1015702 0.2221525 5.696818 -0.206852 0.662244 5.63983 -0.2002185 1.066085 5.726105 -0.1885249 1.401536 5.815602 -0.02891414 0.672015 5.692215 -0.006910844 1.08404 5.704646 -0.03705482 1.40782 5.829167  O_Hello_Close
-0.08667468 -0.0123471 5.690391 -0.1646984 0.07861018 5.694886 -0.3491319 0.3166313 5.721522 -0.4233207 0.6123654 5.675209 -0.0313956 0.08604741 5.731112 0.2695224 0.06165719 5.597805 0.1040312 -0.1971161 5.570356 -0.1024208 0.2222539 5.700248 -0.207552 0.6622584 5.642318 -0.2016552 1.064992 5.733673 -0.1887016 1.401986 5.816988 -0.02946673 0.672051 5.694196 -0.007727666 1.084069 5.707298 -0.03708677 1.408702 5.82977  O_Hello_Close
-0.08792065 -0.01234114 5.693532 -0.1658608 0.07868731 5.698039 -0.3500486 0.3169795 5.724345 -0.4234893 0.6130677 5.679116 -0.03246061 0.08609283 5.733911 0.2669657 0.06211841 5.597849 0.09216119 -0.1906998 5.572735 -0.1034562 0.2222921 5.702947 -0.208386 0.6622602 5.644378 -0.201982 1.064866 5.736261 -0.1881767 1.402305 5.817612 -0.03016202 0.6720177 5.695784 -0.008697672 1.084016 5.709937 -0.03744255 1.409441 5.830438  O_Hello_Close
-0.08876859 -0.01234055 5.695214 -0.1666534 0.07873416 5.699742 -0.3507379 0.317184 5.725911 -0.4234335 0.6135447 5.681266 -0.0331987 0.08610296 5.735418 0.2654391 0.06247139 5.597882 0.08560897 -0.186909 5.573903 -0.1041651 0.2223101 5.704422 -0.2089421 0.6622774 5.645574 -0.2020755 1.064918 5.737268 -0.1877831 1.402502 5.817932 -0.03064029 0.6719891 5.696718 -0.009329958 1.083968 5.711647 -0.03774164 1.409879 5.830906  O_Hello_Close
-0.08963601 -0.0123322 5.695811 -0.1674689 0.07878399 5.700396 -0.351572 0.3173313 5.72658 -0.4228756 0.6140553 5.682102 -0.03398959 0.08607554 5.735996 0.2644338 0.06297982 5.597846 0.08185752 -0.1843789 5.573679 -0.1049 0.2223254 5.70506 -0.2094722 0.6623576 5.646332 -0.2020676 1.06515 5.737318 -0.187408 1.402674 5.818166 -0.03113578 0.6719655 5.697375 -0.009894414 1.083913 5.71324 -0.03818903 1.410217 5.831448  O_Hello_Close
-0.09047817 -0.01231968 5.696252 -0.1682608 0.07883644 5.700898 -0.3523885 0.3174711 5.727103 -0.4223173 0.6145473 5.682794 -0.03476105 0.08604801 5.736438 0.2634919 0.06349456 5.597743 0.07845838 -0.1820062 5.573322 -0.1056139 0.2223436 5.705571 -0.2099813 0.6624464 5.647009 -0.2020736 1.065369 5.737374 -0.1870544 1.402836 5.818394 -0.03161589 0.6719468 5.69797 -0.01042501 1.083861 5.714731 -0.03860466 1.410534 5.831942  O_Hello_Close
-0.09259699 -0.01215935 5.692891 -0.1702608 0.07908094 5.697857 -0.3545827 0.3177069 5.724204 -0.4202349 0.615645 5.679145 -0.0368133 0.0859282 5.733664 0.2623324 0.06547427 5.595145 0.07776673 -0.1798817 5.566156 -0.1074229 0.2224752 5.703356 -0.2110768 0.6630108 5.646816 -0.202469 1.065793 5.737741 -0.1868022 1.403141 5.819133 -0.03278736 0.6720069 5.698134 -0.01118348 1.083823 5.716678 -0.03939293 1.411073 5.832262  O_Hello_Close
-0.09363191 -0.01202273 5.690125 -0.171241 0.07925272 5.6953 -0.3555532 0.3178296 5.721523 -0.4192995 0.6160596 5.675667 -0.0378419 0.08588195 5.731328 0.2619849 0.06666708 5.593095 0.0801235 -0.1802543 5.560528 -0.1083139 0.2225835 5.701398 -0.2115847 0.6633871 5.646263 -0.2027227 1.066024 5.737805 -0.1868316 1.403241 5.819695 -0.03336523 0.6720797 5.697875 -0.0113949 1.083848 5.717052 -0.03963302 1.411159 5.832455  O_Hello_Close
-0.09529786 -0.01159978 5.685197 -0.1728165 0.07973456 5.690679 -0.3567225 0.3182946 5.715714 -0.418337 0.6163599 5.666033 -0.03948764 0.08602786 5.727025 0.2619021 0.06931531 5.589554 0.09437163 -0.1862599 5.548089 -0.1097436 0.2229613 5.697653 -0.2124068 0.6641597 5.644579 -0.2032644 1.066584 5.737024 -0.1871773 1.403592 5.819732 -0.03428875 0.6723853 5.696617 -0.01170604 1.084097 5.7163 -0.03968422 1.411009 5.832891  O_Hello_Close
-0.09589265 -0.01115525 5.684257 -0.1733727 0.08021629 5.689664 -0.3571936 0.3188257 5.713676 -0.4184385 0.6163027 5.660161 -0.04006771 0.08645403 5.726108 0.2630027 0.07071018 5.590547 0.116126 -0.1962076 5.54273 -0.1102381 0.2234148 5.696659 -0.2126562 0.6646512 5.643428 -0.2036325 1.067085 5.73584 -0.187713 1.404082 5.818628 -0.03457282 0.6728034 5.695595 -0.01181184 1.084538 5.714578 -0.03917376 1.411055 5.832414  O_Hello_Close
-0.09574436 -0.01072419 5.685897 -0.1732187 0.08066702 5.691049 -0.3574182 0.3193392 5.714778 -0.4185448 0.6163309 5.658503 -0.03990553 0.08700681 5.727445 0.2652473 0.07137966 5.595162 0.142909 -0.2068648 5.54303 -0.1100753 0.2238827 5.697602 -0.2124826 0.6649634 5.643077 -0.2037924 1.067471 5.7352 -0.188215 1.40452 5.817842 -0.03438751 0.6732622 5.695181 -0.01171456 1.085052 5.713042 -0.03853307 1.411166 5.832114  O_Hello_Close
-0.09460025 -0.01012182 5.690852 -0.1721194 0.08125722 5.695521 -0.3576165 0.319934 5.720311 -0.4184958 0.6165798 5.66198 -0.03876666 0.08789921 5.731718 0.2705765 0.07255757 5.606754 0.1929825 -0.220499 5.550173 -0.1090484 0.2245461 5.701099 -0.211767 0.6652187 5.643923 -0.2036737 1.067884 5.735411 -0.1886531 1.405067 5.817605 -0.0336148 0.6739432 5.695762 -0.01110445 1.085842 5.711133 -0.03762726 1.411434 5.83169  O_Hello_Close
-0.09359591 -0.009728789 5.695423 -0.1711786 0.08161521 5.699704 -0.3579939 0.3201698 5.726151 -0.4190739 0.6167834 5.667867 -0.03781555 0.0885191 5.735813 0.2755489 0.0740521 5.618249 0.236581 -0.2264051 5.560704 -0.108208 0.2249733 5.704596 -0.2112663 0.6653047 5.645438 -0.2035208 1.068151 5.736154 -0.1888124 1.405497 5.817733 -0.0330988 0.6743948 5.69716 -0.01046352 1.086376 5.70991 -0.0372446 1.4117 5.831133  O_Hello_Close
-0.09305958 -0.00949192 5.698719 -0.1706926 0.08182192 5.702726 -0.3585391 0.3202176 5.730701 -0.419998 0.6169233 5.673289 -0.03734587 0.08889461 5.738863 0.2793785 0.07555556 5.627803 0.2697503 -0.2274668 5.571331 -0.1078003 0.2252263 5.707253 -0.2110735 0.665341 5.646868 -0.2034684 1.068339 5.73692 -0.1888883 1.405821 5.817959 -0.03292887 0.6746663 5.698628 -0.009996874 1.086693 5.7092 -0.03722535 1.411861 5.830739  O_Hello_Close
-0.09313898 -0.009318113 5.701468 -0.1708018 0.08198059 5.705235 -0.359492 0.3202153 5.734845 -0.4216986 0.6169944 5.678632 -0.03752176 0.08912671 5.741603 0.2834066 0.07792473 5.638967 0.3042594 -0.2250175 5.585157 -0.1079534 0.2254057 5.709716 -0.2112278 0.6654273 5.64866 -0.2036081 1.068596 5.737943 -0.1890369 1.406225 5.818369 -0.03317849 0.6748546 5.700728 -0.009542925 1.086897 5.708858 -0.03740392 1.411902 5.830691  O_Hello_Close
-0.09596901 -0.009113431 5.704978 -0.1735958 0.08222973 5.708392 -0.3632977 0.3201584 5.742144 -0.4274964 0.6171055 5.689148 -0.04063676 0.0891434 5.745959 0.2912419 0.08597052 5.669702 0.3868454 -0.2045897 5.630469 -0.1106855 0.2255901 5.713946 -0.213098 0.6659079 5.653577 -0.2049401 1.069532 5.740729 -0.1900173 1.407533 5.819511 -0.03550826 0.675012 5.707247 -0.008489771 1.086925 5.708489 -0.0379527 1.411481 5.831137  O_Hello_Close
-0.0997452 -0.009206295 5.703243 -0.1772874 0.08220541 5.706738 -0.3666215 0.3200638 5.742717 -0.4311293 0.617242 5.691421 -0.04458473 0.08870292 5.745274 0.2919969 0.09106755 5.683569 0.4220254 -0.1870471 5.654429 -0.1142504 0.2254486 5.713703 -0.2157283 0.6662896 5.655618 -0.2049183 1.071583 5.734328 -0.1904294 1.408184 5.818967 -0.03850548 0.6748141 5.710581 -0.008444889 1.086507 5.707638 -0.03839634 1.410731 5.831048  O_Hello_Close
-0.105409 -0.009227276 5.699836 -0.1828526 0.08226061 5.703522 -0.3712756 0.3200798 5.741891 -0.43601 0.6174677 5.692117 -0.05046402 0.08821654 5.743208 0.290131 0.09800768 5.696764 0.4582387 -0.1599903 5.679994 -0.1196797 0.2253435 5.712309 -0.2200724 0.6668397 5.657401 -0.2047247 1.074176 5.723855 -0.1910323 1.40836 5.817703 -0.04329817 0.6746093 5.713899 -0.00876431 1.085881 5.705746 -0.03897188 1.409675 5.830215  O_Hello_Close
-0.1087614 -0.009109735 5.698704 -0.1861875 0.08239198 5.702417 -0.3740348 0.3202169 5.741721 -0.4393267 0.6175552 5.692382 -0.05390988 0.08820009 5.742494 0.2880889 0.1024287 5.701513 0.4743242 -0.1430846 5.689514 -0.1229966 0.2254312 5.711769 -0.2231003 0.6671045 5.657765 -0.2054921 1.074946 5.720455 -0.1915245 1.408231 5.817409 -0.04648421 0.6746674 5.714783 -0.009437604 1.085666 5.704221 -0.03960304 1.409323 5.829057  O_Hello_Close
-0.1121909 -0.008915544 5.698514 -0.1896098 0.08259475 5.702165 -0.3769435 0.3204633 5.742195 -0.443206 0.6176642 5.693324 -0.05739091 0.08836186 5.742441 0.2856912 0.1072376 5.705524 0.4881636 -0.1252446 5.697688 -0.126413 0.2256199 5.711691 -0.2263755 0.667338 5.657792 -0.2066735 1.075454 5.718021 -0.1919645 1.408125 5.816954 -0.04984305 0.6748437 5.715076 -0.01033424 1.085561 5.70269 -0.04038505 1.40906 5.827964  O_Hello_Close
-0.1151476 -0.008681059 5.699178 -0.1925623 0.08283782 5.702702 -0.3795308 0.3207932 5.743145 -0.4469624 0.6178147 5.694785 -0.06034158 0.08865607 5.742964 0.2834642 0.1117629 5.708236 0.4980884 -0.1096292 5.703097 -0.1293588 0.2258735 5.712023 -0.2293039 0.667519 5.6575 -0.2079904 1.075711 5.716656 -0.1922398 1.40809 5.816407 -0.05276887 0.6750982 5.714767 -0.01127408 1.085591 5.701448 -0.04115747 1.408918 5.827205  O_Hello_Close
-0.118576 -0.008303642 5.700411 -0.1959524 0.08325362 5.703774 -0.3825937 0.3214362 5.744347 -0.451661 0.6182467 5.697011 -0.06364815 0.08916605 5.743748 0.280876 0.1181232 5.710072 0.5072327 -0.09129071 5.706491 -0.1326817 0.2262989 5.71247 -0.232588 0.667787 5.656617 -0.2096524 1.075912 5.715633 -0.192275 1.408051 5.815908 -0.05593435 0.6755041 5.713498 -0.01247875 1.085794 5.700195 -0.04200403 1.40885 5.826731  O_Hello_Close
-0.1208454 -0.007968664 5.701113 -0.1981283 0.08367074 5.704387 -0.3846282 0.3221364 5.744823 -0.4548378 0.6188963 5.698871 -0.06573246 0.08956993 5.744058 0.2792954 0.1239691 5.710581 0.5125027 -0.07779133 5.707211 -0.1347046 0.2266799 5.712545 -0.2343163 0.6681041 5.655671 -0.2104176 1.07622 5.714367 -0.1919926 1.407933 5.815858 -0.05753307 0.6758134 5.712149 -0.01332925 1.086055 5.699842 -0.04263596 1.40883 5.827141  O_Hello_Close
-0.1224263 -0.007696629 5.702406 -0.1995818 0.08405566 5.705516 -0.3859202 0.322878 5.745544 -0.4567065 0.6196702 5.700698 -0.06712089 0.0898962 5.744979 0.2782532 0.1290294 5.711549 0.5159529 -0.06741309 5.707866 -0.1359551 0.2270036 5.713154 -0.2350586 0.6683884 5.655099 -0.2105556 1.076597 5.712895 -0.191481 1.407906 5.81558 -0.05818359 0.6760297 5.711298 -0.01371197 1.086261 5.699622 -0.04299716 1.408807 5.827505  O_Hello_Close
-0.1243309 -0.007283568 5.705978 -0.2012286 0.08469951 5.708625 -0.3872711 0.3242363 5.747514 -0.4583886 0.6211683 5.704141 -0.06869768 0.09041798 5.747869 0.2770122 0.1371715 5.714163 0.5198559 -0.05284059 5.708988 -0.1371975 0.2275153 5.715289 -0.2351638 0.6688043 5.654633 -0.2100857 1.077283 5.710227 -0.1903083 1.407976 5.814751 -0.05819074 0.6763046 5.710542 -0.01375787 1.086551 5.699264 -0.04327069 1.408763 5.827933  O_Hello_Close
-0.1254052 -0.006937385 5.711161 -0.202062 0.08526385 5.71311 -0.3878511 0.3255023 5.75053 -0.4588312 0.6225801 5.707937 -0.06951903 0.09093022 5.752321 0.2762106 0.1444087 5.717777 0.5219633 -0.04173493 5.71 -0.1376576 0.2279577 5.718706 -0.2344645 0.6690335 5.654729 -0.2092779 1.077804 5.708082 -0.189153 1.408145 5.813647 -0.05747597 0.6764903 5.710595 -0.01327674 1.086745 5.698704 -0.04322151 1.408716 5.827878  O_Hello_Close
-0.1260721 -0.006595373 5.717396 -0.202532 0.08578324 5.718497 -0.3882063 0.3266304 5.754321 -0.4590417 0.6237965 5.712106 -0.07000409 0.09150302 5.757751 0.2753792 0.152207 5.721554 0.5229473 -0.03131342 5.709948 -0.137825 0.2283816 5.72291 -0.23364 0.6690966 5.65507 -0.2085514 1.07811 5.706583 -0.1882194 1.40822 5.812825 -0.05667428 0.6766551 5.710994 -0.01268868 1.086897 5.697946 -0.04307876 1.408695 5.827446  O_Hello_Close
-0.1267131 -0.006095767 5.726072 -0.2029405 0.08648121 5.72599 -0.3885419 0.3280463 5.759668 -0.4592008 0.625291 5.717711 -0.0704457 0.09233034 5.765337 0.2739216 0.1628402 5.726383 0.5231469 -0.01794446 5.70883 -0.1378786 0.2289587 5.728802 -0.2324979 0.6690828 5.655654 -0.2076343 1.078373 5.705029 -0.187072 1.408253 5.811941 -0.05558078 0.6768551 5.711703 -0.01184855 1.087063 5.696858 -0.04280375 1.408669 5.826702  O_Hello_Close
-0.1268457 -0.005375147 5.738418 -0.2028767 0.08734715 5.73668 -0.3886411 0.3295953 5.767512 -0.4592406 0.6268033 5.725196 -0.07043563 0.09356713 5.776151 0.2707175 0.1802882 5.730883 0.5201238 0.001354456 5.701157 -0.1375181 0.2297152 5.737253 -0.2310831 0.6687702 5.656699 -0.2066367 1.078283 5.704406 -0.1858148 1.408074 5.811545 -0.05424372 0.6770959 5.712914 -0.0106899 1.087207 5.695164 -0.04221277 1.408553 5.825515  O_Hello_Close
-0.126821 -0.004793286 5.747593 -0.2027205 0.08800662 5.744662 -0.3885855 0.3306966 5.773482 -0.45914 0.627817 5.730481 -0.07030682 0.09452057 5.784177 0.2664739 0.1955026 5.732443 0.5145506 0.01715004 5.690578 -0.1371633 0.2302803 5.74357 -0.2300405 0.6684561 5.657616 -0.2058819 1.078128 5.704091 -0.1849214 1.407928 5.811174 -0.05324076 0.6772169 5.713889 -0.009752078 1.087226 5.693769 -0.04160623 1.408361 5.824557  O_Hello_Close
-0.126745 -0.004271626 5.754972 -0.2025421 0.08857703 5.751092 -0.3884798 0.3315929 5.778322 -0.4589985 0.6286222 5.73464 -0.07014619 0.09533143 5.790626 0.2617963 0.2082921 5.733149 0.5079609 0.03013217 5.680552 -0.13683 0.2307627 5.748662 -0.2291782 0.6681838 5.658401 -0.2052404 1.07798 5.703888 -0.1841808 1.40781 5.810855 -0.05240439 0.6772997 5.714698 -0.00894217 1.08721 5.692607 -0.04102163 1.40817 5.823769  O_Hello_Close
-0.1267122 -0.003786087 5.761584 -0.2023992 0.08911872 5.756968 -0.3882668 0.332458 5.78305 -0.4588112 0.6293531 5.738503 -0.06996982 0.09604549 5.796361 0.2555758 0.2215649 5.732236 0.4993719 0.04434264 5.666967 -0.1365164 0.2311988 5.753297 -0.2283926 0.6679549 5.659407 -0.2046834 1.077886 5.703779 -0.1836153 1.4077 5.810798 -0.05157177 0.6773303 5.715514 -0.008130653 1.087135 5.691507 -0.04043851 1.407877 5.823145  O_Hello_Close
-0.1266658 -0.00324142 5.768366 -0.2022301 0.08972633 5.763056 -0.3879534 0.3334103 5.7881 -0.4585584 0.6301358 5.742532 -0.06974016 0.09680378 5.802217 0.247286 0.2358565 5.730657 0.4876972 0.05992329 5.650944 -0.1361555 0.2316779 5.758089 -0.2275491 0.6677453 5.660595 -0.2040849 1.077826 5.703701 -0.1830392 1.407596 5.810857 -0.05064265 0.6773521 5.716393 -0.007218523 1.087034 5.690341 -0.03976301 1.407519 5.822546  O_Hello_Close
-0.1265775 -0.002801895 5.774049 -0.2020255 0.09023535 5.76832 -0.3874814 0.3342402 5.792912 -0.458264 0.6307345 5.74613 -0.06942175 0.09738624 5.80708 0.2376247 0.249499 5.72826 0.4754172 0.07769334 5.63317 -0.1357659 0.2320567 5.762228 -0.226809 0.6675926 5.662067 -0.2035945 1.077828 5.703815 -0.1825912 1.407584 5.811023 -0.04974101 0.6773209 5.717329 -0.006354613 1.08689 5.689503 -0.03924249 1.407159 5.822145  O_Hello_Close
-0.1263655 -0.002254725 5.780694 -0.2016532 0.09089994 5.774768 -0.3865237 0.3353513 5.799595 -0.4577875 0.6313963 5.750745 -0.06880336 0.09803998 5.812679 0.2222596 0.2667617 5.72388 0.4555075 0.1030805 5.605947 -0.1351369 0.2325346 5.767287 -0.2258774 0.6675534 5.664636 -0.203048 1.078022 5.704249 -0.1821465 1.407802 5.811403 -0.04845927 0.6772914 5.71876 -0.005169256 1.086716 5.688745 -0.0387467 1.406732 5.821826  O_Hello_Close
-0.1259848 -0.001734853 5.785469 -0.2011412 0.09154332 5.779827 -0.3853343 0.3363581 5.805894 -0.4570301 0.6318685 5.754505 -0.06797193 0.09856176 5.816623 0.2085031 0.2783298 5.718266 0.4355076 0.1235709 5.578185 -0.1344194 0.2330217 5.771295 -0.2251706 0.6678466 5.667833 -0.202703 1.07852 5.705483 -0.1817882 1.408522 5.811949 -0.0472968 0.6774348 5.720469 -0.004234953 1.086784 5.689117 -0.03865032 1.406838 5.821891  O_Hello_Close
-0.1255444 -0.001578927 5.788435 -0.2006065 0.09180093 5.783237 -0.3842083 0.3368672 5.81075 -0.4562536 0.6318954 5.757129 -0.06715451 0.09867322 5.819022 0.195797 0.2873911 5.713828 0.417816 0.1446666 5.554323 -0.1337467 0.2331713 5.774021 -0.2246456 0.6679945 5.670683 -0.2024713 1.078816 5.706853 -0.1815092 1.409083 5.812486 -0.04636775 0.6773919 5.721969 -0.003550453 1.086714 5.689948 -0.03870563 1.40693 5.822136  O_Hello_Close
-0.1249278 -0.001741767 5.789825 -0.1999303 0.09173119 5.785517 -0.3829174 0.3369474 5.815246 -0.4547513 0.631528 5.758945 -0.06612901 0.09839213 5.820014 0.1831189 0.2946551 5.70839 0.4006694 0.1731926 5.526668 -0.133002 0.233042 5.775892 -0.2244053 0.6681437 5.674184 -0.2025289 1.079049 5.709586 -0.1813022 1.409835 5.813526 -0.04562662 0.6772528 5.72375 -0.003411515 1.086681 5.692283 -0.03900711 1.407555 5.822746  O_Hello_Close
-0.1240586 -0.00219357 5.790465 -0.1990012 0.09137833 5.787455 -0.3812376 0.3366996 5.820212 -0.4524265 0.6307691 5.760523 -0.06476776 0.09776044 5.820286 0.1680911 0.3016094 5.702101 0.3769809 0.2109126 5.49415 -0.132036 0.2326498 5.777517 -0.2242106 0.6682331 5.678605 -0.2027025 1.079197 5.713546 -0.1810808 1.410725 5.815011 -0.04481057 0.6769567 5.725945 -0.003489239 1.08658 5.695864 -0.03937415 1.408492 5.823661  O_Hello_Close
-0.123458 -0.003058195 5.787801 -0.1984042 0.09054518 5.786182 -0.3801298 0.3357666 5.821578 -0.4493584 0.6297594 5.759263 -0.06386726 0.09666419 5.8178 0.1591455 0.3050616 5.697002 0.3625146 0.2545505 5.470741 -0.1315029 0.2318754 5.776657 -0.224502 0.6681895 5.681822 -0.2032168 1.079034 5.718272 -0.1810546 1.411351 5.817005 -0.04466383 0.6765358 5.72754 -0.00471334 1.086541 5.701019 -0.03994457 1.410116 5.824736  O_Hello_Close
-0.1228316 -0.00453794 5.782263 -0.1977792 0.08907771 5.782598 -0.3788383 0.3340826 5.821395 -0.4445336 0.6281938 5.755896 -0.06290053 0.09481645 5.812799 0.1479342 0.3092766 5.691094 0.338301 0.3229535 5.448859 -0.1309692 0.2305126 5.774036 -0.2249542 0.6679359 5.685491 -0.2039783 1.07853 5.724823 -0.1811283 1.41193 5.819671 -0.04462109 0.6757325 5.729317 -0.006904347 1.086304 5.709023 -0.04041604 1.412263 5.82682  O_Hello_Close
-0.1226902 -0.006318569 5.773575 -0.1976516 0.08726025 5.775793 -0.3781814 0.3319399 5.817324 -0.4392218 0.6265994 5.749816 -0.06257997 0.09258723 5.805196 0.1396764 0.3130423 5.687009 0.3127937 0.4007039 5.447321 -0.1309255 0.2288263 5.768903 -0.2255682 0.6674927 5.687497 -0.2048676 1.077692 5.730887 -0.1814313 1.412105 5.821951 -0.04495458 0.6746872 5.730258 -0.01000957 1.085828 5.718182 -0.04059146 1.414229 5.82983  O_Hello_Close
-0.1237214 -0.008916259 5.755975 -0.1987299 0.08455813 5.760145 -0.3787834 0.3287014 5.803436 -0.4323842 0.6253181 5.738221 -0.06382458 0.08917272 5.790419 0.1323561 0.3202683 5.689795 0.2753641 0.5095329 5.492736 -0.1320212 0.2262694 5.757205 -0.2263823 0.6668313 5.686398 -0.2058304 1.076477 5.734798 -0.1819523 1.41161 5.823058 -0.04601012 0.6729862 5.730324 -0.0150737 1.084625 5.730548 -0.04052738 1.415949 5.834589  O_Hello_Close
-0.1242768 -0.009891868 5.746933 -0.1993341 0.08351111 5.751773 -0.3792524 0.3273602 5.795417 -0.4293101 0.6252855 5.733431 -0.06462066 0.08778214 5.782938 0.1306026 0.3236479 5.693947 0.2584632 0.5488855 5.526543 -0.1326453 0.22526 5.750972 -0.2266791 0.6666331 5.684941 -0.2061104 1.076118 5.734681 -0.1821205 1.411211 5.82306 -0.04658495 0.6722866 5.73006 -0.01703612 1.084 5.73483 -0.04056386 1.416214 5.836455  O_Hello_Close
-0.1246623 -0.01066649 5.737078 -0.1997955 0.08263481 5.742647 -0.3795661 0.326113 5.786748 -0.426251 0.6254779 5.729228 -0.06529109 0.0865525 5.774748 0.1292621 0.3266759 5.698336 0.2414695 0.5785872 5.560298 -0.1331726 0.224409 5.744136 -0.2269889 0.6665695 5.683267 -0.2063444 1.075996 5.733452 -0.1822189 1.410809 5.822849 -0.04719673 0.6717056 5.729634 -0.01849113 1.083431 5.737512 -0.04065774 1.416147 5.837794  O_Hello_Close
-0.1250004 -0.01133919 5.724852 -0.2002415 0.0818156 5.731341 -0.3798172 0.3247858 5.776108 -0.4230019 0.6258014 5.724802 -0.06599008 0.08529758 5.764533 0.1276817 0.3295302 5.703344 0.2244608 0.6041892 5.601851 -0.1337344 0.2235875 5.735619 -0.2274007 0.6666127 5.681141 -0.2065994 1.076045 5.731214 -0.182255 1.410352 5.822428 -0.04797314 0.6711109 5.728965 -0.01982866 1.082817 5.739419 -0.04079465 1.415841 5.838934  O_Hello_Close
-0.1248473 -0.01174164 5.710575 -0.2002193 0.08120322 5.718412 -0.3795167 0.3234656 5.764702 -0.4200264 0.6261373 5.721617 -0.06615399 0.08418298 5.752396 0.1251753 0.331708 5.704964 0.2091373 0.6203129 5.635957 -0.1338836 0.2229311 5.72573 -0.2277123 0.666819 5.679122 -0.2068517 1.076362 5.728251 -0.1822129 1.409942 5.822013 -0.04855214 0.6705804 5.728 -0.02033095 1.082256 5.739406 -0.04070948 1.415123 5.839567  O_Hello_Close
-0.1242739 -0.01185048 5.700416 -0.1997397 0.08092129 5.709328 -0.378888 0.3225824 5.757121 -0.418485 0.626191 5.720223 -0.06575827 0.08354628 5.743669 0.122826 0.3329561 5.704018 0.1995623 0.6273124 5.65332 -0.1335369 0.222589 5.718719 -0.2276147 0.6669927 5.677886 -0.2067924 1.076705 5.725603 -0.1819992 1.409558 5.821873 -0.04857461 0.6702332 5.727239 -0.02005015 1.081901 5.738158 -0.04063122 1.414321 5.839751  O_Hello_Close
-0.1239695 -0.01180422 5.698045 -0.1994623 0.08092499 5.707171 -0.3786556 0.322381 5.755546 -0.4182667 0.6261341 5.719873 -0.06551211 0.08347249 5.74164 0.1224252 0.3332239 5.703294 0.1977676 0.6285118 5.65604 -0.1332967 0.2225769 5.717051 -0.2274288 0.6670836 5.677485 -0.2066948 1.076831 5.724942 -0.1819461 1.40924 5.822743 -0.04843358 0.6702102 5.727007 -0.01987283 1.081879 5.737795 -0.04093705 1.413917 5.840534  O_Hello_Close
