0.004019039 0.05495536 2.073751 -0.06559967 0.1468054 2.106886 -0.2133777 0.3443604 1.967823 -0.07400851 0.09053624 1.861724 0.07273592 0.1474348 2.107233 0.4074293 0.2515391 2.067229 0.2024551 0.03308117 1.993975 0.002893405 0.2876822 2.108675 -0.09198634 0.7336257 2.120704 -0.1849268 1.133545 2.075964 -0.2547728 1.472157 2.042241 0.09372045 0.7339742 2.124497 0.1779862 1.113296 1.98515 0.2455208 1.441488 1.890404  A_Punch_SoClose
0.005605953 0.05493903 2.075682 -0.06497215 0.1465788 2.10804 -0.2121673 0.3427352 1.966734 -0.07094757 0.08897829 1.862946 0.07335527 0.1479331 2.109014 0.4084274 0.2509062 2.070292 0.2034775 0.03371096 1.99331 0.002778249 0.2878194 2.109372 -0.09269629 0.7338429 2.119951 -0.1843072 1.134165 2.076081 -0.2530669 1.473081 2.043197 0.09298863 0.7340769 2.124704 0.1774451 1.11387 1.986762 0.2447613 1.44188 1.891233  A_Punch_SoClose
0.007579403 0.05625856 2.076202 -0.06395082 0.1474265 2.108249 -0.2109377 0.3422133 1.965371 -0.0685802 0.08852756 1.862974 0.07436003 0.1496967 2.109738 0.4096025 0.2522342 2.072921 0.2044488 0.03638327 1.992767 0.002860444 0.289114 2.109549 -0.09352867 0.7351087 2.120601 -0.1841381 1.135526 2.075536 -0.2523537 1.474673 2.043921 0.09213401 0.7353228 2.126156 0.1768112 1.114737 1.987311 0.2442738 1.442497 1.891031  A_Punch_SoClose
0.009550469 0.05795801 2.076206 -0.06285964 0.1485934 2.108121 -0.2098116 0.3420869 1.964012 -0.06658034 0.08850229 1.862587 0.07542767 0.1517802 2.110052 0.4107414 0.2541498 2.075229 0.2053318 0.03959334 1.992302 0.003008084 0.2907209 2.109535 -0.09435211 0.7366442 2.121685 -0.1841284 1.13704 2.074802 -0.2520246 1.476373 2.044514 0.09128864 0.7368727 2.12793 0.1761899 1.115634 1.987448 0.2439193 1.443137 1.890483  A_Punch_SoClose
0.01216431 0.06144595 2.075027 -0.06138871 0.1512215 2.107113 -0.2093433 0.342947 1.962498 -0.06447409 0.09024274 1.861202 0.07685412 0.155683 2.109616 0.4119322 0.2590519 2.077571 0.2057216 0.04620862 1.992253 0.003149169 0.2939469 2.109372 -0.09560172 0.739706 2.123586 -0.1845218 1.139701 2.071895 -0.2526121 1.479269 2.044857 0.08999814 0.7400187 2.130944 0.1759741 1.116896 1.986116 0.24513 1.444289 1.889788  A_Punch_SoClose
0.01447775 0.06472659 2.073863 -0.06008575 0.153711 2.106124 -0.2089855 0.3438703 1.961161 -0.06264548 0.09201682 1.85986 0.07810535 0.1593107 2.109145 0.4129207 0.2636759 2.079597 0.20595 0.05238044 1.992295 0.003253119 0.2969571 2.109205 -0.09675001 0.7425493 2.12532 -0.184854 1.142114 2.0691 -0.2530829 1.481885 2.045136 0.08880694 0.7429349 2.133688 0.1758747 1.117969 1.984784 0.2463418 1.445304 1.889212  A_Punch_SoClose
0.01744367 0.07040703 2.071545 -0.05840395 0.1583109 2.104119 -0.2088903 0.3466446 1.959119 -0.06001077 0.09622955 1.857952 0.07969798 0.1652205 2.108287 0.4132456 0.2739642 2.08193 0.206052 0.06329036 1.993659 0.003506141 0.3021275 2.109087 -0.09842555 0.7473388 2.127366 -0.1863026 1.14573 2.063049 -0.2557229 1.48567 2.045869 0.08705337 0.7481199 2.137292 0.1762762 1.120239 1.98247 0.2491926 1.448333 1.891444  A_Punch_SoClose
0.0209216 0.07836401 2.069705 -0.05647699 0.1649474 2.102479 -0.2084443 0.3514005 1.95718 -0.05643694 0.1025702 1.856757 0.0814742 0.1733307 2.108518 0.4129175 0.2885817 2.086003 0.2061172 0.07790911 1.996812 0.003745811 0.3093647 2.110071 -0.1006055 0.7540582 2.130515 -0.1883337 1.150666 2.055811 -0.259068 1.490672 2.047676 0.08474769 0.7553949 2.142513 0.177136 1.121045 1.974681 0.2529185 1.448881 1.88508  A_Punch_SoClose
0.02444811 0.08783484 2.067854 -0.05457465 0.1730454 2.100461 -0.2071579 0.3582873 1.954312 -0.05187504 0.1106806 1.855896 0.08313103 0.182748 2.10942 0.4112414 0.3070092 2.090848 0.2062195 0.09488821 2.000987 0.003957944 0.3179404 2.111423 -0.103059 0.7620261 2.133178 -0.1909861 1.156185 2.046677 -0.2630788 1.495993 2.049306 0.08210512 0.7640911 2.147722 0.1782845 1.12279 1.967476 0.2564599 1.45118 1.882057  A_Punch_SoClose
0.02731861 0.1004674 2.066251 -0.05342684 0.1843133 2.097803 -0.2041114 0.3700964 1.949571 -0.04600392 0.1230335 1.854337 0.08378656 0.1949723 2.111807 0.4069336 0.3304909 2.098732 0.2057522 0.1158766 2.006151 0.003406661 0.3294559 2.113435 -0.1055966 0.7730855 2.135854 -0.1939838 1.16388 2.035642 -0.2674173 1.503045 2.051389 0.0792544 0.7755746 2.153895 0.1804539 1.125171 1.959102 0.2608413 1.454396 1.879124  A_Punch_SoClose
0.02894499 0.1134373 2.064648 -0.0531774 0.1962191 2.094786 -0.2002042 0.3839374 1.944443 -0.04045878 0.1369636 1.851745 0.0833316 0.2072767 2.114287 0.4011593 0.3529646 2.107454 0.2044199 0.1360608 2.010755 0.002217846 0.3413256 2.115187 -0.1074122 0.7847809 2.138831 -0.1967773 1.171659 2.025193 -0.2710513 1.509849 2.053216 0.07714559 0.7871508 2.159672 0.1827152 1.127431 1.951183 0.2641423 1.457711 1.876799  A_Punch_SoClose
0.02931376 0.1257949 2.0629 -0.05373136 0.2078885 2.091501 -0.1957498 0.3986878 1.939516 -0.03560583 0.1515003 1.848084 0.08191516 0.2187815 2.116373 0.394687 0.372625 2.116195 0.2023575 0.1542392 2.01411 0.0005813409 0.3527 2.116411 -0.1082767 0.7962584 2.142239 -0.1994661 1.178822 2.016127 -0.2741378 1.515883 2.054698 0.0760947 0.7979632 2.16473 0.1844905 1.129545 1.944032 0.2658385 1.461007 1.875016  A_Punch_SoClose
0.02701588 0.1394354 2.058829 -0.05635981 0.2213725 2.085972 -0.1900425 0.4170963 1.933469 -0.03096507 0.1699885 1.839983 0.0782962 0.2311448 2.11613 0.3869389 0.390627 2.126595 0.198219 0.1743602 2.013821 -0.002438111 0.3654248 2.115672 -0.1077452 0.8094744 2.14819 -0.2028258 1.186909 2.010067 -0.2766632 1.522563 2.060646 0.07687815 0.8093931 2.16858 0.1859475 1.13214 1.935466 0.2671681 1.465156 1.874219  A_Punch_SoClose
0.02407982 0.1493388 2.055848 -0.05912976 0.2314266 2.082618 -0.1861671 0.431089 1.931277 -0.02875642 0.184302 1.834192 0.07502361 0.2400175 2.115273 0.3821151 0.4010972 2.134233 0.1946076 0.1890806 2.011782 -0.004954023 0.3747505 2.115237 -0.1067483 0.8190949 2.154935 -0.2050989 1.189885 2.001911 -0.2770802 1.525764 2.053659 0.07828267 0.81755 2.171143 0.1859952 1.134884 1.930102 0.2673243 1.469025 1.875483  A_Punch_SoClose
0.02056785 0.1573285 2.052027 -0.06215022 0.2397486 2.079229 -0.1832321 0.4429084 1.930302 -0.02805553 0.1966933 1.828292 0.07190599 0.2470812 2.112583 0.3792504 0.4071409 2.139277 0.191507 0.2014371 2.006828 -0.007184727 0.382332 2.11372 -0.10511 0.8267962 2.161564 -0.2077879 1.192242 1.998834 -0.2776725 1.528351 2.051948 0.08033861 0.8239726 2.171683 0.1851204 1.137886 1.924939 0.267038 1.47288 1.876806  A_Punch_SoClose
0.01731999 0.1638302 2.048275 -0.064674 0.246513 2.077055 -0.1819098 0.4524242 1.931979 -0.02915267 0.2071673 1.824175 0.0698076 0.2528578 2.108862 0.3787917 0.4101335 2.140674 0.1895223 0.2117851 1.999467 -0.008562965 0.388491 2.112192 -0.1029198 0.8328027 2.168335 -0.2106313 1.193216 1.997822 -0.2781694 1.530005 2.049647 0.08277585 0.8292249 2.170757 0.1832042 1.141332 1.919946 0.2661626 1.476918 1.87814  A_Punch_SoClose
0.01384272 0.16995 2.044191 -0.06709443 0.2528492 2.075688 -0.1816715 0.4611869 1.936018 -0.03190539 0.2173202 1.821098 0.06823249 0.2583408 2.103861 0.3802503 0.4108701 2.13911 0.1881498 0.2218235 1.989233 -0.009404583 0.394274 2.110497 -0.09974925 0.8381783 2.176047 -0.2141291 1.193069 1.998439 -0.2793396 1.530874 2.046495 0.08579947 0.8342189 2.168461 0.1802119 1.145583 1.91441 0.265037 1.481483 1.879437  A_Punch_SoClose
0.01014866 0.1764647 2.038888 -0.06891505 0.259356 2.075502 -0.1831563 0.4701753 1.945155 -0.03722237 0.2290366 1.820003 0.0678062 0.26424 2.096014 0.3853963 0.4077367 2.131047 0.1886429 0.2329341 1.970309 -0.008934243 0.4002769 2.108432 -0.09411161 0.8433199 2.185946 -0.218984 1.191258 2.00177 -0.2820269 1.530447 2.042387 0.0902694 0.8396294 2.163775 0.1750412 1.152125 1.907721 0.2631463 1.488029 1.882151  A_Punch_SoClose
0.006895082 0.1820264 2.033876 -0.06968634 0.264689 2.076536 -0.1852341 0.4773899 1.956885 -0.04343919 0.2394834 1.82123 0.06814422 0.269362 2.087405 0.3921171 0.4015635 2.118312 0.1900607 0.2426771 1.947922 -0.007424517 0.4052811 2.106505 -0.08704738 0.8472366 2.19548 -0.2241438 1.188174 2.006957 -0.2866926 1.528427 2.038412 0.09484388 0.8443737 2.157945 0.1692138 1.159163 1.901468 0.2619418 1.494394 1.885043  A_Punch_SoClose
0.003546493 0.1849505 2.029579 -0.06880198 0.267114 2.080338 -0.1917601 0.4806238 1.974758 -0.0542991 0.2477735 1.826458 0.06942041 0.2719647 2.077456 0.4017445 0.3866285 2.093836 0.1956454 0.2492839 1.910086 -0.004016144 0.4075545 2.105239 -0.07840316 0.8481454 2.204214 -0.2284567 1.183051 2.01475 -0.2920085 1.52399 2.034643 0.09955753 0.8471528 2.151011 0.1617317 1.166311 1.896696 0.2592133 1.500508 1.889135  A_Punch_SoClose
0.0007016827 0.1865621 2.027428 -0.06794964 0.2684438 2.0837 -0.1966771 0.4821303 1.988201 -0.06278925 0.2530434 1.831036 0.06970169 0.2733651 2.070849 0.4073168 0.3738961 2.07413 0.1997875 0.2536936 1.880255 -0.001536949 0.408782 2.104564 -0.07231884 0.8483773 2.209592 -0.2312687 1.179366 2.0205 -0.2965648 1.520333 2.032832 0.1023696 0.8489105 2.146464 0.1568746 1.170806 1.893846 0.25817 1.503946 1.891514  A_Punch_SoClose
-0.002729876 0.186884 2.026796 -0.06695907 0.2686852 2.088195 -0.2036359 0.4818776 2.002837 -0.07349925 0.2570024 1.836695 0.06938298 0.2734599 2.065275 0.4115306 0.3573532 2.051328 0.2059203 0.2571422 1.844479 0.001007037 0.4088932 2.104415 -0.06750546 0.8475002 2.213483 -0.2331419 1.176165 2.026082 -0.3001275 1.516967 2.032429 0.1043248 0.8498799 2.142983 0.1528804 1.174094 1.892123 0.2572733 1.506281 1.893558  A_Punch_SoClose
-0.007231159 0.1870034 2.027389 -0.06515907 0.2688106 2.094738 -0.2118833 0.4809834 2.023187 -0.08783822 0.2620084 1.844944 0.0683914 0.2733736 2.058951 0.4133432 0.3360668 2.020745 0.2154088 0.2611343 1.796443 0.004270749 0.4089038 2.104443 -0.06201414 0.8462405 2.217728 -0.2353726 1.172215 2.032627 -0.3050326 1.512539 2.031875 0.1061923 0.8511298 2.139088 0.148319 1.177735 1.890175 0.2566664 1.508613 1.895508  A_Punch_SoClose
-0.01281719 0.1859206 2.032624 -0.06186752 0.2682637 2.105895 -0.2231592 0.4777657 2.053014 -0.1103219 0.2672297 1.85795 0.06638904 0.2722596 2.054208 0.4092163 0.3027666 1.978175 0.23722 0.2612088 1.725599 0.008321421 0.4083147 2.105846 -0.05940936 0.8440791 2.220538 -0.2378308 1.168537 2.037596 -0.3102382 1.508207 2.030147 0.1062895 0.8526779 2.137042 0.1448122 1.180234 1.888795 0.2559259 1.510148 1.896417  A_Punch_SoClose
-0.01663194 0.1836146 2.041206 -0.05560575 0.266764 2.119146 -0.2319963 0.4717702 2.089413 -0.1368374 0.2713567 1.875201 0.06454308 0.270517 2.050682 0.3933087 0.2713729 1.926933 0.2740099 0.2527183 1.643165 0.01294615 0.4071366 2.107446 -0.0601903 0.8411919 2.221243 -0.241117 1.165269 2.040096 -0.3158917 1.504277 2.027607 0.104412 0.8540179 2.136137 0.1429899 1.180972 1.887106 0.2553535 1.510441 1.895634  A_Punch_SoClose
-0.01743184 0.1803091 2.050226 -0.04640327 0.2644298 2.131234 -0.234527 0.4643984 2.127137 -0.1632211 0.2736648 1.895525 0.06327553 0.2682241 2.047012 0.3670121 0.2466784 1.875709 0.3172576 0.2307346 1.571777 0.0178733 0.4053435 2.107727 -0.06308036 0.837522 2.219817 -0.2456747 1.162162 2.041372 -0.3228476 1.50052 2.026124 0.1011929 0.8546641 2.134835 0.1418589 1.180929 1.885233 0.2539342 1.510479 1.894407  A_Punch_SoClose
-0.01601974 0.1771144 2.055512 -0.0387725 0.2619891 2.137821 -0.2323333 0.45855 2.150987 -0.1791922 0.2732712 1.910247 0.06268676 0.2660151 2.043869 0.3449363 0.2367719 1.841991 0.3441379 0.2141179 1.534435 0.02102836 0.4033878 2.10666 -0.06555156 0.8344342 2.217408 -0.2494698 1.159966 2.041972 -0.3283405 1.497913 2.026301 0.09859551 0.8540787 2.132724 0.1415379 1.180338 1.883496 0.2528243 1.510142 1.893093  A_Punch_SoClose
-0.01652472 0.1654589 2.063246 -0.03070985 0.2531399 2.146064 -0.2275202 0.4488931 2.1835 -0.1996924 0.26996 1.933868 0.05667116 0.2550842 2.038835 0.3107212 0.2330763 1.803913 0.3703406 0.1967599 1.503528 0.02134396 0.3941212 2.101843 -0.06744079 0.8256859 2.208206 -0.2560554 1.154436 2.044125 -0.3393653 1.491305 2.028235 0.09474124 0.8459439 2.119956 0.1413084 1.179381 1.881095 0.2526042 1.509069 1.894019  A_Punch_SoClose
-0.02986602 0.1507977 2.069347 -0.04671274 0.2425994 2.148223 -0.238767 0.4488422 2.174695 -0.1999827 0.2656969 1.929621 0.04574283 0.2374555 2.045448 0.332074 0.2410012 1.851726 0.3438877 0.2009566 1.546175 0.01102568 0.3800875 2.100223 -0.06719594 0.8161695 2.195279 -0.2536452 1.152256 2.044092 -0.3392644 1.488586 2.0291 0.09422864 0.8305973 2.104529 0.1430855 1.176332 1.884339 0.2549641 1.50578 1.898325  A_Punch_SoClose
-0.0456153 0.1345431 2.07525 -0.07238846 0.2307869 2.144388 -0.2546124 0.4481961 2.133741 -0.1873126 0.2509006 1.906469 0.03787335 0.2171453 2.061965 0.3643074 0.2483121 1.944679 0.2884795 0.1953901 1.650479 -0.0007302593 0.3635608 2.102235 -0.07025354 0.8037788 2.180659 -0.2431716 1.153216 2.044397 -0.3286006 1.489746 2.033267 0.09500761 0.8119493 2.096258 0.1479974 1.168185 1.894536 0.2553641 1.499366 1.900786  A_Punch_SoClose
-0.05319874 0.119891 2.07818 -0.09014361 0.2186927 2.13617 -0.2595705 0.4388313 2.083166 -0.1664182 0.2250438 1.881361 0.03454669 0.2007976 2.078992 0.3782394 0.2486368 2.018742 0.2495048 0.1860243 1.745591 -0.008823259 0.3490151 2.105449 -0.07654111 0.7914299 2.169651 -0.2312238 1.153385 2.044606 -0.3146248 1.490483 2.035476 0.0950451 0.7958028 2.098654 0.1565257 1.156739 1.908001 0.2568995 1.490082 1.900562  A_Punch_SoClose
-0.05181245 0.09913707 2.07438 -0.1006936 0.1983597 2.120356 -0.2522725 0.4145551 2.020978 -0.1342769 0.1813753 1.857235 0.03369065 0.1813054 2.092298 0.3811371 0.2488139 2.084854 0.2174714 0.1496165 1.843032 -0.01611052 0.3293192 2.10499 -0.08432357 0.7736723 2.158854 -0.2148897 1.150163 2.050308 -0.2955979 1.487828 2.038389 0.09450646 0.7739996 2.108641 0.1688377 1.14003 1.932858 0.2583251 1.474943 1.900092  A_Punch_SoClose
-0.04333613 0.08927715 2.068995 -0.09791391 0.1870425 2.111257 -0.2453517 0.4004319 1.996629 -0.1186966 0.1597651 1.851214 0.03869839 0.1729084 2.094687 0.3837055 0.2518567 2.091722 0.2039457 0.1175631 1.880166 -0.01516889 0.319805 2.103001 -0.0876696 0.7645639 2.153613 -0.2055722 1.148054 2.055585 -0.2843918 1.48606 2.040983 0.09434535 0.7640269 2.116575 0.1732749 1.132099 1.947174 0.2567562 1.466668 1.898777  A_Punch_SoClose
-0.03116207 0.08025146 2.064139 -0.09084307 0.176067 2.102837 -0.2330164 0.3877676 1.974896 -0.1023671 0.1394813 1.846864 0.04696609 0.1648598 2.098332 0.3876558 0.2576752 2.088897 0.1953536 0.08495355 1.920696 -0.01050959 0.3105559 2.102639 -0.09061454 0.7551321 2.146972 -0.1949714 1.145442 2.061285 -0.2708576 1.483957 2.04331 0.09416403 0.7551157 2.128039 0.1767101 1.124259 1.962744 0.2540686 1.45725 1.896554  A_Punch_SoClose
-0.02450059 0.07605422 2.062743 -0.08630167 0.1708938 2.099808 -0.2252143 0.3819259 1.96621 -0.09508799 0.1298255 1.845297 0.05168446 0.1610776 2.100664 0.3910645 0.256025 2.087155 0.1925758 0.06982756 1.942113 -0.00738631 0.3061736 2.103348 -0.09164344 0.7505278 2.143454 -0.189834 1.143934 2.064939 -0.2637048 1.4828 2.045269 0.09386314 0.7511175 2.134047 0.177934 1.120685 1.970476 0.2527409 1.452317 1.895164  A_Punch_SoClose
-0.02048485 0.0729568 2.063135 -0.0832238 0.1671711 2.099792 -0.2210429 0.3773843 1.964317 -0.09330063 0.1229736 1.845723 0.05482413 0.158511 2.102036 0.3932247 0.2553124 2.082456 0.1908466 0.06071079 1.954872 -0.005491478 0.3030971 2.104544 -0.0924416 0.7473168 2.141523 -0.187636 1.14239 2.067836 -0.2601911 1.481412 2.046071 0.09323169 0.7484721 2.136461 0.1780296 1.118985 1.975423 0.2516384 1.449679 1.894982  A_Punch_SoClose
-0.01666508 0.07008171 2.063643 -0.08028881 0.1637332 2.099925 -0.2174785 0.3729025 1.96292 -0.09128313 0.1168302 1.846261 0.05780538 0.1562184 2.103207 0.3952447 0.2548206 2.078489 0.1903934 0.05340338 1.966366 -0.003733499 0.3002896 2.105618 -0.09308968 0.7443904 2.13959 -0.1860167 1.14083 2.070489 -0.2573789 1.47997 2.046712 0.09264357 0.7460685 2.138225 0.1780133 1.117528 1.97969 0.2505972 1.447322 1.894747  A_Punch_SoClose
-0.01233379 0.06679988 2.064649 -0.07697605 0.1599076 2.100547 -0.2138477 0.3676445 1.96258 -0.08840184 0.1105677 1.84733 0.06118109 0.1538541 2.104183 0.3977021 0.2546515 2.075319 0.1920886 0.0467273 1.977366 -0.001893802 0.2972569 2.106758 -0.09369414 0.7413046 2.137074 -0.185025 1.138967 2.073057 -0.2552951 1.478133 2.046558 0.09203108 0.7434965 2.138772 0.1779898 1.116217 1.983548 0.2496947 1.44509 1.894392  A_Punch_SoClose
-0.007830424 0.06381667 2.065656 -0.07358961 0.156467 2.101084 -0.2114917 0.362329 1.9626 -0.08460914 0.1052831 1.848864 0.06463183 0.1519905 2.104555 0.4003914 0.2547848 2.072992 0.1952654 0.04210055 1.984714 -7.07935E-05 0.2946655 2.107158 -0.09366052 0.7388508 2.134024 -0.1845457 1.137398 2.075075 -0.2542585 1.476533 2.046769 0.09204049 0.7411897 2.137372 0.1777637 1.115674 1.986322 0.2483366 1.444228 1.895109  A_Punch_SoClose
-0.003436668 0.0612638 2.066969 -0.07031058 0.1535032 2.101912 -0.209808 0.357352 1.963138 -0.08055006 0.1008286 1.850907 0.06796218 0.150587 2.104976 0.4030689 0.2551875 2.071479 0.1989347 0.03871322 1.990407 0.001666682 0.2925293 2.107548 -0.09334616 0.7369179 2.131204 -0.1843056 1.136132 2.07708 -0.2537187 1.475215 2.047449 0.09233589 0.7392316 2.135489 0.1774566 1.114715 1.986593 0.2468083 1.442699 1.892439  A_Punch_SoClose
-0.001032753 0.05946219 2.068769 -0.06871991 0.1515663 2.103182 -0.2105231 0.3535777 1.964315 -0.07824819 0.09787667 1.853735 0.06958504 0.1497384 2.10556 0.4044467 0.2548122 2.070545 0.2007162 0.03692281 1.992298 0.002198594 0.2911711 2.107856 -0.09286825 0.7360308 2.128247 -0.1842839 1.135496 2.076817 -0.2537662 1.474473 2.046139 0.09282018 0.7377948 2.132517 0.1777237 1.114363 1.98626 0.2465702 1.442358 1.891774  A_Punch_SoClose
0.001926916 0.05723643 2.071213 -0.06681012 0.1491734 2.104926 -0.2115881 0.3487864 1.965893 -0.07543169 0.09417665 1.857528 0.07151897 0.148707 2.10638 0.4061514 0.253966 2.069216 0.2025242 0.03478086 1.994395 0.002769725 0.2894882 2.108264 -0.09229742 0.7349284 2.124316 -0.1843538 1.134677 2.076342 -0.2539578 1.473516 2.044446 0.09339763 0.735963 2.128539 0.1780471 1.113944 1.98582 0.246275 1.442036 1.891224  A_Punch_SoClose
0.00346102 0.05594897 2.073014 -0.06593435 0.1478317 2.106234 -0.2125881 0.3459277 1.966936 -0.0740075 0.09193671 1.860204 0.07240035 0.1481377 2.107056 0.4071017 0.2525609 2.06813 0.2025308 0.03368807 1.994987 0.002879696 0.2885444 2.108542 -0.09203772 0.7343544 2.121611 -0.1846515 1.13423 2.075824 -0.2544826 1.472981 2.043488 0.09366162 0.7348884 2.125734 0.1782172 1.113817 1.985496 0.2462065 1.442129 1.891492  A_Punch_SoClose
