-0.0111063 0.04955614 2.735038 -0.07766221 0.1420635 2.772372 -0.213819 0.361618 2.638519 -0.03916393 0.1275629 2.539416 0.06062885 0.1387728 2.770954 0.341184 0.3130859 2.6951 0.2420103 0.1322926 2.46579 -0.005138857 0.2807903 2.778373 -0.08703481 0.728498 2.807756 -0.1502734 1.136115 2.828347 -0.1983908 1.474847 2.888507 0.09863754 0.7234629 2.80916 0.1763226 1.097103 2.651803 0.2331914 1.427564 2.557943  A_Kick_SoClose
-0.01144402 0.04114771 2.742049 -0.07423042 0.1338589 2.784447 -0.2434586 0.3542941 2.670961 -0.04296861 0.1580575 2.542889 0.06315954 0.1316204 2.768439 0.3458818 0.2995836 2.671317 0.2461956 0.1814516 2.404461 -0.002817435 0.2732308 2.780394 -0.08316807 0.7214794 2.810656 -0.1479247 1.128829 2.831814 -0.1956727 1.470053 2.876088 0.1019009 0.7161446 2.795738 0.1746195 1.094759 2.648202 0.2298799 1.427121 2.560283  A_Kick_SoClose
-0.008603377 0.03531444 2.743856 -0.06845365 0.1277596 2.790397 -0.2595247 0.348251 2.697178 -0.04782782 0.1887234 2.539561 0.06729211 0.1265801 2.763771 0.3480274 0.2915548 2.649824 0.2501111 0.2214684 2.365914 0.001159625 0.2677041 2.779894 -0.07838838 0.7163225 2.812131 -0.1428469 1.123759 2.832517 -0.1894467 1.466501 2.864617 0.1053569 0.7105761 2.785557 0.173917 1.092619 2.645037 0.2273596 1.42639 2.561439  A_Kick_SoClose
0.0004263688 0.02479458 2.742963 -0.05316363 0.1163321 2.797444 -0.2775327 0.3349364 2.751217 -0.07008176 0.2565689 2.536903 0.07734235 0.1173174 2.751569 0.3503103 0.2780904 2.607117 0.2656849 0.2987576 2.311286 0.01172526 0.2573819 2.776585 -0.06597243 0.7067617 2.814116 -0.1374447 1.113536 2.815064 -0.1885134 1.456626 2.833916 0.1133314 0.6998174 2.766122 0.1729045 1.088346 2.640025 0.2213314 1.424635 2.563789  A_Kick_SoClose
0.01245149 0.01383722 2.738006 -0.03227029 0.1043073 2.800932 -0.277759 0.3189501 2.817787 -0.1108512 0.3360294 2.559025 0.08897837 0.107325 2.734397 0.3508712 0.2627044 2.559188 0.3055142 0.3749641 2.27556 0.02622076 0.2463497 2.770215 -0.04694561 0.6969427 2.814484 -0.1471989 1.095073 2.769579 -0.2036028 1.437071 2.792595 0.124031 0.6876175 2.742501 0.1732479 1.083632 2.636889 0.2134463 1.422615 2.568172  A_Kick_SoClose
0.01640602 0.009932637 2.735336 -0.02434562 0.100083 2.80116 -0.2726223 0.3130643 2.8432 -0.1269591 0.3629448 2.575989 0.09251948 0.1035653 2.727217 0.3510881 0.2565342 2.54297 0.3288923 0.3967261 2.269186 0.03171225 0.2423466 2.767112 -0.0386434 0.6935484 2.813794 -0.151513 1.085951 2.751704 -0.2011538 1.428787 2.777659 0.128171 0.6829342 2.732789 0.1736875 1.081809 2.636712 0.2096698 1.421821 2.570794  A_Kick_SoClose
0.0206625 0.00451386 2.731262 -0.01379113 0.09432542 2.800825 -0.2610211 0.3050661 2.878709 -0.1473516 0.3959023 2.606798 0.0960712 0.09804988 2.716838 0.352235 0.2468734 2.523546 0.3703888 0.4181261 2.267719 0.03901972 0.2367008 2.762341 -0.02603029 0.6889278 2.812099 -0.1547787 1.072035 2.727082 -0.1823265 1.417307 2.753574 0.133808 0.6760576 2.718357 0.1746785 1.078922 2.63815 0.2031306 1.420474 2.576662  A_Kick_SoClose
0.02109923 0.00100255 2.729322 -0.009255691 0.09087443 2.800672 -0.253961 0.300423 2.897173 -0.1593945 0.4094167 2.62462 0.0963362 0.09403181 2.711354 0.355309 0.239583 2.518573 0.4004401 0.4241947 2.275703 0.04232712 0.2329752 2.759595 -0.01845316 0.6859767 2.810121 -0.1482931 1.066708 2.716527 -0.155837 1.413166 2.740696 0.1364786 0.6713672 2.708709 0.1736517 1.075957 2.635711 0.1980339 1.418578 2.578578  A_Kick_SoClose
0.02100392 -0.002157569 2.728157 -0.005335672 0.08785439 2.800927 -0.2465831 0.2963387 2.913873 -0.1698481 0.4201103 2.642028 0.09612216 0.09021676 2.706917 0.3591338 0.231602 2.516763 0.4306031 0.4252486 2.28764 0.04531439 0.2295651 2.757414 -0.01106064 0.6833365 2.808155 -0.1406531 1.061904 2.705845 -0.1286625 1.408601 2.724049 0.1388042 0.6669393 2.69965 0.1725173 1.072901 2.632854 0.1936713 1.416512 2.580584  A_Kick_SoClose
0.0195476 -0.005307436 2.72799 -0.002588255 0.08505595 2.801827 -0.2392306 0.2935119 2.92855 -0.1807071 0.4279454 2.657238 0.0948381 0.08601248 2.703621 0.3638354 0.2220415 2.519758 0.4612156 0.4222161 2.306329 0.04780408 0.2260635 2.755802 -0.003126247 0.6807576 2.80567 -0.1299324 1.058218 2.696042 -0.1003778 1.404223 2.70505 0.1410775 0.662108 2.690089 0.1706557 1.068982 2.626982 0.1906399 1.413524 2.580734  A_Kick_SoClose
0.01275166 -0.01005673 2.730493 -0.002937241 0.08149922 2.80497 -0.2347401 0.2907895 2.94377 -0.2072137 0.4297451 2.669834 0.08949436 0.07839215 2.702091 0.3727954 0.2023817 2.539955 0.5044122 0.4102346 2.354002 0.04947903 0.2203752 2.754902 0.009689348 0.6767932 2.800074 -0.09947221 1.058451 2.686074 -0.05015008 1.40225 2.679503 0.1442697 0.6533921 2.674209 0.1635739 1.060457 2.608414 0.1887568 1.40599 2.57348  A_Kick_SoClose
0.004500644 -0.01262844 2.734855 -0.006519539 0.08022273 2.809134 -0.2356801 0.2921077 2.950069 -0.2344263 0.4245061 2.671544 0.08332486 0.07266676 2.704214 0.3767202 0.186679 2.565218 0.5272771 0.4013364 2.402864 0.04950746 0.2165774 2.756132 0.02144255 0.6744888 2.795074 -0.07448594 1.058894 2.678434 -0.02108572 1.401573 2.658594 0.1485445 0.645964 2.662662 0.1584766 1.052194 2.589985 0.190763 1.397698 2.561134  A_Kick_SoClose
-0.007679684 -0.0140748 2.741565 -0.01366065 0.08050382 2.815063 -0.2406236 0.2973313 2.952033 -0.2705051 0.4122131 2.667399 0.07425101 0.06676698 2.709138 0.3774944 0.1641593 2.598629 0.5454594 0.3811171 2.45784 0.04812552 0.2130353 2.758861 0.03594865 0.6723494 2.788517 -0.04251365 1.060522 2.671298 0.008762972 1.402424 2.637424 0.1544591 0.636914 2.649949 0.1519545 1.041208 2.566619 0.1944654 1.386001 2.542992  A_Kick_SoClose
-0.03517352 -0.009331226 2.755771 -0.0334758 0.08815372 2.827393 -0.257364 0.3153087 2.949244 -0.3397052 0.3847834 2.66028 0.05330678 0.06236911 2.722793 0.3646987 0.1318586 2.656251 0.5508817 0.3487673 2.540532 0.04167356 0.2120043 2.767774 0.06594791 0.671818 2.778458 0.007364409 1.063152 2.660135 0.04295673 1.404252 2.604839 0.1720562 0.6215053 2.634544 0.1375505 1.014473 2.512934 0.2067126 1.355315 2.495862  A_Kick_SoClose
-0.05635874 -0.001562834 2.764548 -0.04974083 0.09756482 2.834865 -0.2705121 0.331751 2.946288 -0.3850833 0.369254 2.662432 0.03643139 0.06350398 2.732144 0.3493879 0.1141765 2.68896 0.5461833 0.3263438 2.582372 0.03500314 0.2144622 2.774085 0.08757354 0.6722158 2.771467 0.03589322 1.06456 2.653275 0.05891504 1.404678 2.586462 0.1862623 0.6110951 2.626463 0.1314246 0.9917256 2.476407 0.2238615 1.327304 2.466898  A_Kick_SoClose
-0.07509105 0.008438945 2.770698 -0.0647922 0.1085361 2.840211 -0.2819947 0.3480812 2.946362 -0.4185927 0.3643938 2.670351 0.02093204 0.06820071 2.739406 0.3353427 0.1049458 2.706562 0.540592 0.3096359 2.601305 0.02775778 0.2194738 2.779646 0.1061976 0.6736255 2.766712 0.05137499 1.065904 2.649721 0.06361498 1.405617 2.578173 0.2002871 0.6030382 2.622955 0.130644 0.9681867 2.443456 0.2436385 1.297527 2.439572  A_Kick_SoClose
-0.09639411 0.0260452 2.779025 -0.0810542 0.1271168 2.847569 -0.2920161 0.374149 2.948358 -0.4546934 0.366392 2.686473 0.003400045 0.07863224 2.749314 0.3189889 0.09682786 2.727504 0.5357638 0.2893525 2.622397 0.02130987 0.2294799 2.787701 0.1351291 0.6759217 2.76129 0.07365783 1.067942 2.646763 0.07058592 1.406734 2.570055 0.2225385 0.5928017 2.620037 0.110543 0.9213952 2.396684 0.2346094 1.246679 2.38991  A_Kick_SoClose
-0.1179295 0.04656923 2.785405 -0.09803425 0.1479284 2.853607 -0.2990705 0.4029354 2.95837 -0.4758417 0.3864361 2.706205 -0.01558839 0.09326506 2.756901 0.3028422 0.09525251 2.732595 0.530035 0.2717341 2.6215 0.01202388 0.2427288 2.794948 0.1602704 0.6786696 2.756537 0.088623 1.069887 2.645226 0.07305719 1.407873 2.566505 0.2422479 0.5831992 2.619911 0.1035529 0.8702908 2.357717 0.2504053 1.185869 2.348096  A_Kick_SoClose
-0.1360074 0.06689036 2.789593 -0.1120058 0.1682225 2.857623 -0.3028637 0.4302751 2.967402 -0.4892453 0.409281 2.722599 -0.03186194 0.1085039 2.761978 0.2884433 0.0963943 2.733833 0.5238591 0.2578543 2.617152 0.004125373 0.2561769 2.800017 0.1821448 0.6803241 2.751451 0.1022121 1.07111 2.644345 0.0757037 1.408279 2.565045 0.2583146 0.5744392 2.619208 0.09537865 0.8209625 2.330969 0.2642654 1.125143 2.316839  A_Kick_SoClose
-0.1571747 0.09369516 2.795541 -0.127745 0.1941602 2.864051 -0.2970777 0.4664086 2.990668 -0.4799391 0.45714 2.742508 -0.05208455 0.1304334 2.767347 0.2696724 0.1037422 2.723056 0.5129887 0.2445614 2.596283 -0.006662412 0.2751901 2.806485 0.2048791 0.6827089 2.745674 0.116003 1.073387 2.645441 0.07527359 1.409168 2.566285 0.2730444 0.5650447 2.619143 0.08931889 0.7587439 2.304296 0.3007596 1.032808 2.266488  A_Kick_SoClose
-0.1790537 0.1212823 2.802375 -0.1428359 0.2199812 2.871476 -0.2813917 0.5007545 3.022335 -0.4516568 0.5152559 2.765611 -0.07383655 0.1533545 2.771791 0.2462329 0.1129239 2.706598 0.4956393 0.2321808 2.569928 -0.01843397 0.2943009 2.811965 0.2237584 0.6827466 2.738585 0.1313531 1.074545 2.646228 0.07556702 1.408193 2.567227 0.2813049 0.5554 2.616221 0.09186478 0.7121434 2.284638 0.3563786 0.9260392 2.210281  A_Kick_SoClose
-0.194325 0.1409854 2.808601 -0.1525201 0.2377831 2.878083 -0.262655 0.5217783 3.049606 -0.416571 0.5590714 2.784981 -0.08959536 0.1700296 2.775189 0.2269955 0.1209986 2.692586 0.4794713 0.2248311 2.549132 -0.02690993 0.3077394 2.815882 0.2342537 0.6819949 2.733093 0.142783 1.075345 2.646588 0.07587899 1.406998 2.567822 0.2830866 0.5493449 2.612591 0.1003111 0.6897916 2.270142 0.39931 0.8357279 2.167427  A_Kick_SoClose
-0.212399 0.1625533 2.8191 -0.1625343 0.2561245 2.888402 -0.2332527 0.5383623 3.085832 -0.3637108 0.6052136 2.814503 -0.1089169 0.1879854 2.780608 0.2003789 0.1289569 2.678285 0.4568138 0.2169209 2.531289 -0.03699599 0.3212029 2.82098 0.2419027 0.6799346 2.727359 0.150016 1.074163 2.645409 0.0736673 1.40398 2.567529 0.2795944 0.5436376 2.606926 0.1399672 0.6799228 2.243148 0.4573089 0.7357339 2.111136  A_Kick_SoClose
-0.227284 0.1831549 2.829499 -0.1698329 0.2732275 2.898112 -0.2020052 0.5487206 3.11654 -0.3084824 0.6378481 2.841174 -0.1254412 0.2054851 2.785963 0.1754971 0.1379826 2.666508 0.4351388 0.2116818 2.517314 -0.0451831 0.3341516 2.82537 0.2472922 0.6790497 2.721432 0.154411 1.073831 2.643356 0.07062979 1.40221 2.567057 0.2746356 0.5405957 2.600666 0.1852397 0.6668658 2.217955 0.4972344 0.6371508 2.066218  A_Kick_SoClose
-0.240318 0.2006114 2.841908 -0.1754536 0.286821 2.908943 -0.1745921 0.5532819 3.141628 -0.2677349 0.656723 2.866434 -0.1403529 0.2200155 2.793003 0.15139 0.1430794 2.662261 0.4156997 0.2062999 2.516494 -0.05252032 0.3441954 2.830608 0.2491182 0.6787641 2.719617 0.1544903 1.073304 2.642427 0.06788786 1.4011 2.566772 0.2679774 0.5403434 2.597201 0.2329256 0.6464174 2.199805 0.5263026 0.5771729 2.025498  A_Kick_SoClose
-0.2559473 0.2272152 2.85952 -0.1809442 0.3073927 2.923399 -0.1337395 0.5567707 3.170804 -0.2115175 0.6740184 2.896376 -0.1593473 0.2428045 2.802986 0.1177551 0.1527294 2.657288 0.3879318 0.1995184 2.51615 -0.06129573 0.3601474 2.837132 0.2516128 0.6803327 2.715925 0.1535743 1.074376 2.640471 0.06347306 1.401614 2.566506 0.2587646 0.542709 2.591385 0.2948757 0.6013867 2.184377 0.5537329 0.4911209 1.979237  A_Kick_SoClose
-0.2653324 0.2442005 2.870672 -0.1841671 0.3201977 2.931754 -0.1113772 0.558297 3.184248 -0.1903715 0.6817163 2.91289 -0.1711974 0.2574331 2.809159 0.09552981 0.1584573 2.654961 0.3689032 0.1965207 2.517402 -0.06709258 0.3702586 2.840495 0.251599 0.6825469 2.714565 0.1503824 1.075946 2.639954 0.06086339 1.403683 2.567503 0.2527875 0.5461003 2.58854 0.3344993 0.565861 2.184391 0.5741149 0.4527371 1.958481  A_Kick_SoClose
-0.2703795 0.260389 2.881797 -0.1836144 0.3322083 2.939847 -0.0865225 0.5581464 3.195509 -0.1668917 0.6869993 2.927097 -0.1789487 0.271577 2.815591 0.07712485 0.1644835 2.65343 0.3531424 0.1929818 2.518869 -0.06934337 0.3799065 2.843889 0.2544761 0.6845347 2.713074 0.1499621 1.077304 2.639699 0.06082566 1.405503 2.56889 0.249924 0.54934 2.585783 0.3531129 0.5310028 2.186509 0.5636967 0.4212846 1.931824  A_Kick_SoClose
-0.2788925 0.2923783 2.901837 -0.1829432 0.3564327 2.953318 -0.04681335 0.5634001 3.207154 -0.1418155 0.6993496 2.947155 -0.1926694 0.2993731 2.827672 0.04235937 0.1780094 2.64835 0.3190964 0.1917938 2.512958 -0.0737534 0.3990567 2.849387 0.2587162 0.6894684 2.710053 0.1455668 1.080107 2.638125 0.06199314 1.41032 2.569946 0.2469019 0.5550843 2.582371 0.4091543 0.470606 2.212316 0.5592077 0.3985776 1.906466  A_Kick_SoClose
-0.2820752 0.3072444 2.909122 -0.1829288 0.3682798 2.95781 -0.03276883 0.57069 3.207133 -0.1355949 0.7064722 2.950038 -0.1977664 0.311927 2.832345 0.0292684 0.1856166 2.64559 0.304545 0.1949254 2.50688 -0.07533889 0.4078989 2.85106 0.2607801 0.6916853 2.707788 0.143222 1.080981 2.635651 0.06260122 1.412013 2.567888 0.2473144 0.5564282 2.581195 0.4379331 0.44719 2.231717 0.5633712 0.4033145 1.909866  A_Kick_SoClose
-0.2850563 0.3191434 2.913234 -0.1840609 0.3783809 2.960173 -0.02576844 0.5817546 3.203176 -0.1354021 0.7136124 2.946852 -0.2015714 0.3213938 2.83534 0.02130039 0.1923131 2.642969 0.2938709 0.2007703 2.49896 -0.07680278 0.4147052 2.851928 0.2622664 0.6929578 2.705542 0.140898 1.080836 2.632093 0.06268026 1.412361 2.563925 0.2489729 0.5557436 2.581055 0.4651953 0.4336389 2.251295 0.5814858 0.4259495 1.923171  A_Kick_SoClose
-0.2878412 0.3310672 2.916305 -0.1854566 0.3889852 2.961885 -0.0209739 0.5964841 3.196502 -0.1371882 0.7214695 2.939636 -0.2047059 0.3304911 2.83801 0.01564439 0.1992854 2.64076 0.2845393 0.2081562 2.490025 -0.0779324 0.4213926 2.852665 0.2640611 0.6939421 2.703163 0.13924 1.080424 2.628158 0.06264503 1.412216 2.559446 0.2514593 0.554283 2.581352 0.4823514 0.428984 2.26293 0.5970961 0.4411536 1.934398  A_Kick_SoClose
-0.2914998 0.3477106 2.916101 -0.1894237 0.4068272 2.961822 -0.02619032 0.6378163 3.171799 -0.1506712 0.7348756 2.906862 -0.2060471 0.3409944 2.841294 0.02002742 0.2100735 2.640861 0.2775485 0.2264824 2.471988 -0.07792996 0.4302483 2.854298 0.2686565 0.6939402 2.700807 0.1408782 1.078794 2.622481 0.06239452 1.409811 2.552181 0.2600759 0.5482597 2.585894 0.4552022 0.4704651 2.230538 0.60655 0.4244583 1.920337  A_Kick_SoClose
-0.2919182 0.3515134 2.909802 -0.1915615 0.4133092 2.956674 -0.03643457 0.6632178 3.148183 -0.1643308 0.7381536 2.877749 -0.2039475 0.3416373 2.839001 0.02985718 0.2136576 2.640303 0.2769803 0.2425269 2.458091 -0.07647721 0.4318116 2.852012 0.2719785 0.6929349 2.69921 0.1450681 1.077952 2.620275 0.06402518 1.408298 2.549727 0.2669835 0.5444382 2.58774 0.4345587 0.4976934 2.213392 0.6257883 0.4365921 1.928882  A_Kick_SoClose
-0.2915059 0.3547803 2.903147 -0.1928078 0.4190999 2.950933 -0.04476879 0.6843722 3.123993 -0.175613 0.7389385 2.850113 -0.2013491 0.3422382 2.83623 0.03869726 0.2170054 2.639251 0.274737 0.2552651 2.444506 -0.07449035 0.4332708 2.849242 0.2756567 0.6921554 2.697294 0.1492579 1.077241 2.617877 0.06565185 1.406873 2.546978 0.2739372 0.5411958 2.589082 0.4122067 0.5210813 2.200649 0.6380129 0.4519193 1.944766  A_Kick_SoClose
-0.28833 0.3524724 2.887449 -0.1932 0.4214325 2.936975 -0.06261902 0.7079754 3.083445 -0.1988207 0.7325829 2.807853 -0.1946757 0.3375051 2.827015 0.05531349 0.2169961 2.635695 0.2652885 0.2762878 2.417752 -0.06994067 0.4313165 2.840797 0.2819369 0.6909926 2.695468 0.1577618 1.076769 2.615895 0.0711918 1.40552 2.544468 0.2864012 0.5379959 2.590237 0.3851887 0.5532186 2.189722 0.6586476 0.4835062 1.985741  A_Kick_SoClose
-0.2842375 0.3497825 2.875951 -0.1917251 0.4219216 2.926499 -0.07323258 0.7203109 3.054071 -0.2132456 0.7247968 2.779328 -0.1883836 0.3336445 2.820042 0.06749697 0.2163057 2.632809 0.2548405 0.2862564 2.398046 -0.06524788 0.4294653 2.834373 0.2874628 0.6905125 2.694406 0.1643598 1.076633 2.614835 0.07584389 1.404784 2.543031 0.2964105 0.536411 2.59109 0.3588787 0.5740252 2.184782 0.6577637 0.513015 2.016872  A_Kick_SoClose
-0.2790421 0.3427737 2.86123 -0.1897321 0.4182211 2.91306 -0.08752011 0.726805 3.023912 -0.2332195 0.7115405 2.752534 -0.1809648 0.326552 2.809826 0.08095331 0.2123373 2.62795 0.2336062 0.2955865 2.373252 -0.06015531 0.425118 2.825293 0.2925077 0.6906631 2.694712 0.1704549 1.077028 2.614711 0.08168258 1.405035 2.542568 0.3074227 0.5363805 2.59236 0.3322409 0.5949121 2.184485 0.6563447 0.5584043 2.062536  A_Kick_SoClose
-0.2716934 0.3321546 2.842911 -0.1864484 0.4113457 2.896286 -0.1037328 0.728877 2.989215 -0.2555975 0.6914033 2.723433 -0.1712255 0.3166513 2.796593 0.09722503 0.2069546 2.620629 0.1993889 0.3001745 2.34499 -0.05355934 0.4186947 2.813658 0.2975635 0.6916121 2.695532 0.1758343 1.077951 2.614916 0.08774365 1.406151 2.542813 0.3202544 0.5376894 2.59407 0.3003589 0.6175067 2.189549 0.6424728 0.6317234 2.126274  A_Kick_SoClose
-0.2648355 0.3192813 2.827344 -0.1832201 0.4011803 2.882316 -0.11754 0.7234432 2.966176 -0.273644 0.6704509 2.70554 -0.1626409 0.3055463 2.7845 0.1108053 0.2010254 2.612489 0.1607058 0.3014736 2.325219 -0.04817544 0.4108349 2.803509 0.2994837 0.6929547 2.697877 0.1771536 1.078865 2.616126 0.09202202 1.408004 2.544755 0.3296591 0.5402685 2.596497 0.2773916 0.6366517 2.198525 0.615234 0.7203633 2.188386  A_Kick_SoClose
-0.2594602 0.3075312 2.816104 -0.1807204 0.3913138 2.872373 -0.127038 0.7159818 2.951901 -0.2840455 0.6531418 2.694011 -0.1561017 0.2955925 2.775581 0.1209781 0.1961764 2.605957 0.1302835 0.2997103 2.315615 -0.04436259 0.4034715 2.796218 0.299189 0.6938108 2.700031 0.1770824 1.079408 2.616487 0.09494956 1.40931 2.545125 0.3354046 0.5423532 2.598786 0.266789 0.6556642 2.207818 0.5848933 0.7945893 2.235339  A_Kick_SoClose
-0.2546883 0.2940581 2.80659 -0.1786842 0.3793602 2.864198 -0.1350179 0.7053602 2.943305 -0.2903036 0.6361998 2.68599 -0.1504025 0.284282 2.767774 0.1298834 0.1910138 2.599555 0.1024113 0.2976451 2.311493 -0.04149769 0.3946868 2.790132 0.2966912 0.6939425 2.702559 0.1758754 1.079333 2.616231 0.09762801 1.410028 2.544176 0.3388359 0.5439289 2.601459 0.2652481 0.6806873 2.218987 0.5492185 0.8733165 2.278171  A_Kick_SoClose
-0.2447143 0.2700597 2.790486 -0.1736187 0.3578337 2.85036 -0.1460716 0.6853375 2.930452 -0.2950123 0.6073011 2.671928 -0.1390481 0.2643543 2.754425 0.1464933 0.1837784 2.588175 0.0599158 0.2912371 2.312383 -0.03546039 0.3791667 2.779665 0.2910272 0.6947892 2.706542 0.1741864 1.080403 2.61585 0.1029033 1.412448 2.542786 0.343823 0.5480391 2.605654 0.2627886 0.7293886 2.243784 0.4755013 0.9845236 2.348223  A_Kick_SoClose
-0.2364684 0.2501975 2.77971 -0.1691111 0.3396122 2.84124 -0.1515968 0.6675307 2.924997 -0.2915077 0.5865005 2.662382 -0.1300263 0.2479062 2.745326 0.1589719 0.1795872 2.579775 0.0360796 0.286852 2.318057 -0.0307958 0.366052 2.772607 0.2842198 0.6950094 2.709454 0.1727393 1.081559 2.616042 0.1069133 1.414529 2.542067 0.3453505 0.5515969 2.608471 0.2618258 0.7735291 2.270576 0.4290609 1.05709 2.384037  A_Kick_SoClose
-0.2259389 0.2282259 2.767702 -0.1629472 0.3193779 2.831035 -0.1563274 0.6473233 2.919495 -0.2843075 0.5644618 2.651423 -0.1188119 0.2299563 2.735155 0.1735948 0.1769249 2.570636 0.01613881 0.2812597 2.326861 -0.02483629 0.3518206 2.7646 0.2755235 0.6957809 2.712265 0.1709684 1.083702 2.616555 0.1113979 1.417711 2.541969 0.3460089 0.556837 2.611132 0.2589478 0.8193343 2.304669 0.3798378 1.124806 2.420084  A_Kick_SoClose
-0.2105831 0.1990069 2.753128 -0.1536339 0.2922603 2.818745 -0.1603241 0.6194434 2.914956 -0.26876 0.537779 2.638044 -0.1029126 0.2064255 2.722844 0.1928495 0.1769408 2.560214 0.002179461 0.276668 2.339298 -0.01656322 0.3331794 2.754885 0.2610212 0.6970323 2.715967 0.167505 1.0873 2.618395 0.1163866 1.422581 2.543246 0.343764 0.5654119 2.614325 0.2555775 0.8736127 2.35425 0.3369292 1.198623 2.449107  A_Kick_SoClose
-0.1944796 0.1722013 2.740136 -0.1435686 0.2671477 2.807857 -0.1632872 0.5926511 2.911515 -0.2523409 0.5133457 2.627108 -0.08662961 0.1853529 2.711915 0.2103727 0.1804581 2.551113 -0.004311008 0.2734042 2.350174 -0.008212073 0.3165476 2.746383 0.2452995 0.6982277 2.719767 0.1639558 1.090726 2.620254 0.1217516 1.427016 2.544087 0.3392538 0.574683 2.617733 0.2551567 0.9160644 2.401424 0.3065626 1.253383 2.470863  A_Kick_SoClose
-0.1790093 0.1497868 2.728762 -0.1335631 0.2459332 2.798273 -0.1648677 0.5692074 2.908442 -0.2366327 0.4929246 2.618376 -0.07128899 0.1681122 2.70234 0.2250408 0.1857163 2.54338 -0.00701098 0.2706281 2.358863 -0.0002578329 0.302899 2.738897 0.2305483 0.6989487 2.722793 0.161126 1.09353 2.622491 0.1275454 1.430709 2.545963 0.3338737 0.5832834 2.620583 0.2546512 0.9479405 2.444082 0.2823294 1.292082 2.489341  A_Kick_SoClose
-0.1598213 0.1261637 2.716554 -0.1209511 0.2232543 2.788126 -0.1668399 0.5428768 2.904565 -0.2205916 0.4685708 2.610122 -0.0525736 0.1507925 2.692153 0.2403866 0.1954226 2.534638 -0.007084055 0.2696487 2.366254 0.009252744 0.2893205 2.731355 0.2127296 0.7000778 2.727012 0.1569016 1.096571 2.625763 0.1332574 1.434457 2.548643 0.3260412 0.5940878 2.624893 0.2585342 0.9773816 2.487299 0.264713 1.325081 2.505052  A_Kick_SoClose
-0.1388067 0.1043893 2.703864 -0.1067525 0.2019733 2.77747 -0.1678513 0.5168633 2.899572 -0.20422 0.4444513 2.602013 -0.03243427 0.1355225 2.681562 0.2545308 0.2075634 2.525635 -0.006041987 0.2687185 2.372448 0.01959057 0.2772411 2.723498 0.1942048 0.7007753 2.730804 0.1525646 1.099186 2.630256 0.1394054 1.437795 2.553806 0.3168475 0.6052512 2.629141 0.2624147 1.002457 2.530813 0.2483593 1.350287 2.522799  A_Kick_SoClose
-0.1193896 0.08779991 2.692565 -0.09374355 0.1853909 2.767913 -0.1695776 0.4952422 2.892208 -0.193196 0.4211746 2.593772 -0.01411836 0.1250545 2.672223 0.2649121 0.2215784 2.516859 -0.004167957 0.2682213 2.373594 0.02846904 0.2690688 2.716895 0.1772252 0.7019966 2.734049 0.146188 1.101431 2.633733 0.1415042 1.440394 2.557863 0.3073199 0.615824 2.633296 0.2708285 1.021098 2.563834 0.2513141 1.368183 2.54386  A_Kick_SoClose
-0.09138183 0.0698961 2.679738 -0.07393251 0.1669307 2.757146 -0.169684 0.4689748 2.883439 -0.177056 0.3930542 2.584625 0.0119725 0.1149061 2.662009 0.2780589 0.2413276 2.507597 0.0005846192 0.267272 2.375539 0.04221918 0.2609283 2.710093 0.1575186 0.7032449 2.739254 0.1396842 1.104029 2.641128 0.1457792 1.443505 2.567692 0.2961421 0.6293589 2.640129 0.269556 1.038762 2.594457 0.2358557 1.382793 2.552571  A_Kick_SoClose
-0.06186567 0.0561173 2.666133 -0.05323569 0.1518438 2.745544 -0.1711781 0.4443861 2.868704 -0.1638547 0.3624878 2.571473 0.03894438 0.1091936 2.651624 0.2882731 0.2647439 2.497866 0.00710048 0.2646312 2.371192 0.05595668 0.2560338 2.703565 0.1393237 0.7048046 2.744305 0.1178035 1.104968 2.6444 0.1378448 1.446924 2.586624 0.2852262 0.6423885 2.647774 0.2649847 1.052749 2.6078 0.2330154 1.396567 2.562909  A_Kick_SoClose
-0.03388665 0.04620469 2.65341 -0.03358684 0.1400996 2.734478 -0.1721155 0.4223324 2.85227 -0.1502418 0.3346497 2.557412 0.0639859 0.1065758 2.642321 0.2953068 0.2868959 2.489621 0.01409073 0.2605101 2.365823 0.06850548 0.2530795 2.697689 0.1230155 0.7055217 2.74879 0.09592415 1.105181 2.648225 0.1279832 1.448566 2.6066 0.2748649 0.6534785 2.65533 0.2591778 1.064167 2.616703 0.2313935 1.408444 2.572552  A_Kick_SoClose
-0.01546411 0.04165924 2.645061 -0.02093153 0.1339971 2.727109 -0.1736353 0.4083837 2.838573 -0.1413643 0.3159262 2.546139 0.08017339 0.1067272 2.636713 0.298589 0.301942 2.484907 0.0199448 0.2564929 2.360826 0.07628126 0.2523834 2.69432 0.1132189 0.7061042 2.752171 0.07968427 1.105361 2.65195 0.1173045 1.449416 2.62221 0.2685938 0.6602299 2.661309 0.2544557 1.070401 2.617005 0.231902 1.415469 2.576168  A_Kick_SoClose
0.003893809 0.03815675 2.636296 -0.007785423 0.1285732 2.719203 -0.1751286 0.3938617 2.822435 -0.130691 0.2965684 2.533183 0.09691472 0.1079893 2.631161 0.3010786 0.3175403 2.480646 0.02716072 0.2514267 2.355337 0.08407761 0.2522686 2.690895 0.1028847 0.7065228 2.755689 0.06198956 1.105471 2.656983 0.1033661 1.44998 2.640388 0.2617964 0.6669546 2.668036 0.2493853 1.076279 2.616044 0.2326437 1.42211 2.579056  A_Kick_SoClose
0.01725204 0.03712702 2.629566 0.0004681517 0.1259339 2.712937 -0.1783372 0.3836437 2.806525 -0.1226048 0.2821434 2.520695 0.1082414 0.1102147 2.627643 0.3023036 0.3291603 2.47902 0.03429582 0.2464466 2.350822 0.08862276 0.2531514 2.688746 0.09565832 0.7072991 2.758863 0.04719271 1.106438 2.664451 0.08469971 1.451747 2.659071 0.257279 0.6715646 2.674582 0.2455518 1.079221 2.610691 0.2338349 1.425511 2.576134  A_Kick_SoClose
0.03632065 0.03693354 2.620292 0.01189514 0.1231921 2.703926 -0.182515 0.369071 2.780804 -0.1084054 0.2616731 2.501374 0.1241214 0.1143557 2.623524 0.3039465 0.3451077 2.478169 0.04740544 0.2384213 2.344345 0.09463067 0.254999 2.685967 0.08478679 0.7084414 2.763105 0.02497144 1.108137 2.678018 0.05025311 1.454429 2.688822 0.2503249 0.6780209 2.684535 0.2410794 1.082819 2.604183 0.2360903 1.429598 2.573084  A_Kick_SoClose
0.05015226 0.03834558 2.613575 0.01903536 0.1225384 2.696807 -0.1871586 0.3582634 2.755038 -0.09460281 0.2456777 2.483256 0.1353586 0.1185069 2.622042 0.3062192 0.3565311 2.480917 0.06259985 0.2309418 2.339561 0.09803875 0.2572553 2.684536 0.07577278 0.7098299 2.766144 0.005839603 1.110846 2.696356 0.007242875 1.457568 2.717705 0.2447213 0.6829067 2.693804 0.2389295 1.085292 2.601849 0.2382404 1.432215 2.571981  A_Kick_SoClose
0.05843814 0.03981769 2.610601 0.02276994 0.1227156 2.693163 -0.190265 0.3516723 2.736112 -0.08346848 0.2347181 2.471491 0.141966 0.1213242 2.622966 0.3089524 0.3628168 2.485223 0.07551958 0.2256273 2.3376 0.09963985 0.2589537 2.68474 0.06893732 0.7108833 2.767924 -0.006254299 1.113472 2.7146 -0.0264319 1.459444 2.738469 0.2402206 0.6862792 2.700409 0.2373983 1.087018 2.601395 0.2391493 1.433917 2.571289  A_Kick_SoClose
0.06574382 0.04172873 2.609036 0.02551712 0.1234365 2.69058 -0.1930443 0.3457079 2.716115 -0.07083206 0.2236917 2.460608 0.1476265 0.1241808 2.625573 0.3125778 0.3681326 2.491693 0.09040858 0.2203326 2.337095 0.1005707 0.2608657 2.686007 0.06147357 0.7121408 2.76951 -0.018279 1.11613 2.737772 -0.06075041 1.460322 2.757815 0.2350711 0.6898187 2.707323 0.2356849 1.088934 2.60192 0.2395932 1.435711 2.570638  A_Kick_SoClose
0.07129176 0.04356241 2.608832 0.02728267 0.1243018 2.689269 -0.194763 0.3410362 2.698828 -0.05880062 0.2141646 2.452809 0.1517869 0.1265759 2.629013 0.3166307 0.371851 2.498688 0.1045641 0.2161405 2.337795 0.1008935 0.2625777 2.687858 0.05441793 0.7132669 2.77065 -0.02797644 1.11785 2.760718 -0.08489303 1.46035 2.772039 0.2298984 0.6930116 2.713223 0.2337463 1.090686 2.602572 0.2395556 1.437317 2.570002  A_Kick_SoClose
0.07543077 0.04538417 2.609734 0.02809055 0.1253104 2.688953 -0.1960437 0.3371956 2.6829 -0.04700915 0.2053092 2.447311 0.1547109 0.1286613 2.633336 0.3212229 0.3744348 2.506691 0.1186765 0.2126621 2.339631 0.1005473 0.2641951 2.690312 0.04717531 0.7143398 2.771441 -0.03622786 1.118606 2.785129 -0.09777276 1.460489 2.783593 0.2242938 0.6960986 2.718546 0.231282 1.092423 2.603299 0.2388774 1.438872 2.569199  A_Kick_SoClose
0.07911022 0.04740965 2.611061 0.02842374 0.126467 2.688894 -0.1965716 0.3333926 2.666705 -0.03461001 0.196409 2.442849 0.1570434 0.1309211 2.638155 0.3258271 0.3769655 2.515435 0.1332082 0.2095826 2.342273 0.09959002 0.2659624 2.69304 0.03922321 0.715512 2.772119 -0.04535667 1.118063 2.809181 -0.10018 1.460804 2.795164 0.2178738 0.6993084 2.723921 0.2283713 1.094166 2.604001 0.2379932 1.44041 2.568358  A_Kick_SoClose
0.08192237 0.05015194 2.613997 0.02689012 0.1279482 2.68963 -0.1968278 0.3287227 2.644717 -0.01768653 0.1841772 2.439479 0.1580213 0.1338434 2.64596 0.3333357 0.3790097 2.529555 0.1540253 0.2067775 2.347104 0.0961317 0.2682508 2.697474 0.02636452 0.7170324 2.772794 -0.05603848 1.116489 2.837743 -0.07715569 1.462641 2.81756 0.2068662 0.7034359 2.731131 0.2226969 1.095953 2.604312 0.23572 1.44182 2.566176  A_Kick_SoClose
0.0843273 0.05279756 2.617631 0.02529521 0.1292878 2.690768 -0.1941927 0.3250909 2.624979 -0.0007460545 0.1734216 2.438746 0.1584891 0.1368147 2.654162 0.3425994 0.3798937 2.544317 0.1753294 0.2055014 2.352712 0.09222735 0.2704734 2.702059 0.01394393 0.7184962 2.773588 -0.06791542 1.115705 2.851681 -0.07163613 1.462825 2.838724 0.1959757 0.7071135 2.738426 0.2172799 1.097189 2.605044 0.2338045 1.442529 2.563629  A_Kick_SoClose
0.08638872 0.05540764 2.623083 0.02334197 0.130555 2.693038 -0.1883056 0.3228071 2.607011 0.01719697 0.1636614 2.441033 0.1583137 0.1400092 2.664219 0.35422 0.3793297 2.562012 0.1992043 0.2050949 2.360229 0.08738376 0.2727625 2.707749 0.0008841325 0.7200303 2.775026 -0.08060293 1.116945 2.854983 -0.09129165 1.464122 2.849663 0.1842848 0.7105774 2.747163 0.2119863 1.097962 2.607274 0.232625 1.442515 2.561392  A_Kick_SoClose
0.08700408 0.05691707 2.627283 0.02163656 0.1313483 2.694963 -0.1835639 0.3225518 2.597846 0.02752747 0.1587882 2.443802 0.1574732 0.1420201 2.671052 0.3615797 0.378204 2.573916 0.2141006 0.204996 2.365702 0.0837502 0.2741991 2.711586 -0.007259412 0.7210571 2.77611 -0.08801924 1.118692 2.853173 -0.1107358 1.46533 2.852634 0.1768451 0.7125542 2.752985 0.20885 1.098316 2.609574 0.2322655 1.442255 2.560525  A_Kick_SoClose
0.08554132 0.05771673 2.631556 0.01863702 0.1321136 2.697126 -0.1806735 0.3242018 2.593375 0.0325798 0.1564385 2.446794 0.1550176 0.1433171 2.676827 0.3656928 0.3764445 2.58321 0.2239686 0.2037005 2.370659 0.07963224 0.2753202 2.714795 -0.01384894 0.7219796 2.777059 -0.09260498 1.12008 2.853792 -0.1181303 1.466514 2.856249 0.1707104 0.7139919 2.757679 0.2061786 1.098896 2.612784 0.231775 1.442294 2.561113  A_Kick_SoClose
0.0831237 0.05852556 2.636917 0.01469894 0.13309 2.700068 -0.1777594 0.3265095 2.589705 0.03689583 0.1539911 2.450895 0.1515686 0.1446497 2.683627 0.3692465 0.3742473 2.593989 0.2340334 0.2013906 2.377326 0.07469375 0.2765992 2.718683 -0.02107112 0.7230713 2.778354 -0.09775119 1.121703 2.854434 -0.1263866 1.467846 2.860637 0.1638916 0.71562 2.76303 0.2031401 1.099246 2.61574 0.2311412 1.441863 2.560269  A_Kick_SoClose
0.07788719 0.05892539 2.644345 0.00821902 0.1343699 2.704617 -0.1761038 0.3305199 2.58864 0.03760328 0.1515394 2.456721 0.1455236 0.1455481 2.691978 0.3703496 0.3709303 2.60614 0.2422157 0.1960847 2.386788 0.06794567 0.2779294 2.723699 -0.02899156 0.7243311 2.780318 -0.1036987 1.123727 2.85432 -0.1361731 1.469416 2.865223 0.1562894 0.717348 2.769193 0.199839 1.099777 2.620012 0.2306147 1.441443 2.560302  A_Kick_SoClose
0.07291998 0.05897987 2.650494 0.00256546 0.1353909 2.708586 -0.1755617 0.3338076 2.589042 0.03616669 0.1493088 2.46161 0.1401336 0.1458968 2.698491 0.3696714 0.3680998 2.615064 0.2465674 0.1901624 2.395318 0.06254168 0.2788347 2.727756 -0.03456859 0.7252549 2.782079 -0.1081485 1.125539 2.852317 -0.1448415 1.470607 2.868308 0.150873 0.718542 2.773841 0.1978031 1.099959 2.623102 0.2307645 1.440831 2.560114  A_Kick_SoClose
0.04714944 0.05823648 2.67788 -0.02453504 0.1399021 2.726817 -0.1765059 0.3474318 2.595738 0.02009107 0.1380683 2.483381 0.1136645 0.1459833 2.725741 0.3597945 0.3545049 2.650198 0.2537871 0.1578153 2.437643 0.03855797 0.2820997 2.745253 -0.05601398 0.7287843 2.79042 -0.1252509 1.132989 2.839405 -0.1744844 1.474333 2.881047 0.1296237 0.7229031 2.792784 0.1911408 1.099507 2.635339 0.233674 1.43647 2.558563  A_Kick_SoClose
0.04045006 0.05789053 2.684337 -0.03121839 0.1408964 2.731209 -0.17744 0.3502685 2.598157 0.01463963 0.135329 2.488549 0.1070311 0.1457905 2.731823 0.3565889 0.3509433 2.657477 0.2532533 0.1497861 2.447806 0.03286322 0.2827045 2.74923 -0.06065361 0.7294565 2.792415 -0.1287449 1.134352 2.837114 -0.1788322 1.474925 2.883753 0.1249522 0.7237378 2.796811 0.1896638 1.099193 2.637912 0.2343812 1.435148 2.558019  A_Kick_SoClose
0.03327473 0.05748212 2.691102 -0.03826396 0.1418874 2.735865 -0.1787507 0.3530712 2.60102 0.008525806 0.1326368 2.494045 0.1000077 0.1455306 2.738083 0.3531767 0.3470553 2.664889 0.2521528 0.1417687 2.458114 0.02690079 0.2832663 2.753368 -0.06541531 0.730085 2.794524 -0.132236 1.135647 2.834888 -0.182715 1.475445 2.886491 0.1201399 0.7245307 2.800845 0.1880492 1.098841 2.640585 0.235032 1.433724 2.557554  A_Kick_SoClose
0.02487786 0.05683851 2.698821 -0.04631267 0.1428471 2.741347 -0.1811171 0.3559479 2.604965 0.0008025934 0.1298753 2.500543 0.09196021 0.1450458 2.744957 0.3493241 0.3422601 2.672685 0.2500364 0.1335373 2.468525 0.02018203 0.2837061 2.758019 -0.07055961 0.7306109 2.796988 -0.1358957 1.13684 2.832818 -0.1862625 1.47589 2.889229 0.1149361 0.7252166 2.804976 0.1860481 1.098412 2.643507 0.2354395 1.432113 2.557185  A_Kick_SoClose
0.0171739 0.0561136 2.705878 -0.05354599 0.1435497 2.746542 -0.1840805 0.3582577 2.609158 -0.006623967 0.1277552 2.50676 0.08471598 0.1444589 2.75102 0.3460759 0.3376364 2.679458 0.2478158 0.1273367 2.476422 0.0141979 0.2839249 2.762237 -0.07500546 0.7309157 2.799248 -0.1390343 1.137678 2.831172 -0.1889702 1.476158 2.891271 0.1104475 0.7256571 2.808252 0.1841369 1.098035 2.646055 0.2356001 1.430714 2.557038  A_Kick_SoClose
0.008505957 0.05508792 2.713861 -0.06150244 0.1440878 2.752683 -0.1885581 0.3604703 2.614664 -0.0154172 0.1258719 2.514198 0.07674785 0.1435822 2.757567 0.3428374 0.3320757 2.68658 0.245179 0.1221186 2.482901 0.007685738 0.2839092 2.766956 -0.07965462 0.7310116 2.801811 -0.1423345 1.138283 2.829666 -0.1915436 1.476301 2.892883 0.1057808 0.725885 2.811242 0.1818645 1.097643 2.648727 0.2354359 1.429277 2.557095  A_Kick_SoClose
0.003324764 0.05414414 2.71889 -0.06606893 0.1440618 2.756902 -0.1928149 0.361351 2.61902 -0.02105425 0.1253557 2.519461 0.07219227 0.1427633 2.761307 0.3415149 0.3281758 2.690168 0.2437254 0.1213033 2.483418 0.004004734 0.2835717 2.769842 -0.08208816 0.730783 2.803334 -0.1442032 1.138287 2.828966 -0.192904 1.476241 2.892913 0.1033806 0.7257115 2.812118 0.1804643 1.097451 2.650033 0.2351348 1.428588 2.557257  A_Kick_SoClose
-0.001628799 0.05311739 2.723836 -0.07035826 0.1439024 2.761186 -0.1975415 0.3620342 2.623656 -0.02659271 0.125129 2.524864 0.06791617 0.1418618 2.76483 0.3404778 0.3241652 2.69334 0.2425385 0.1214681 2.482565 0.0005636979 0.2831136 2.772637 -0.08428143 0.7304419 2.804787 -0.1459702 1.138134 2.828377 -0.1941631 1.476118 2.892547 0.1012332 0.7254087 2.812567 0.1791082 1.097274 2.65115 0.2347618 1.427987 2.55745  A_Kick_SoClose
-0.007476969 0.05112112 2.730488 -0.07498746 0.142958 2.767672 -0.2066373 0.3619874 2.631938 -0.03408704 0.126195 2.533267 0.06331749 0.1401327 2.768676 0.3404441 0.3180239 2.695074 0.2418706 0.1268735 2.474055 -0.003057165 0.2818662 2.776118 -0.08615629 0.7294095 2.806599 -0.1484836 1.137114 2.828201 -0.196488 1.47548 2.890477 0.0994686 0.7243925 2.811045 0.1774014 1.097164 2.651761 0.2338658 1.427653 2.557758  A_Kick_SoClose
