0.004019039 0.05495536 3.091908 -0.06559967 0.1468054 3.125042 -0.2133777 0.3443604 2.985979 -0.07400851 0.09053624 2.87988 0.07273592 0.1474348 3.125389 0.4074293 0.2515391 3.085385 0.2024551 0.03308117 3.012131 0.002893405 0.2876822 3.126831 -0.09198634 0.7336257 3.13886 -0.1849268 1.133545 3.094121 -0.2547728 1.472157 3.060397 0.09372045 0.7339742 3.142653 0.1779862 1.113296 3.003306 0.2455208 1.441488 2.90856  A_Punch_Close
0.004996615 0.05494285 3.093095 -0.06521361 0.1466646 3.125752 -0.2126354 0.3433597 2.985306 -0.072125 0.08957446 2.880629 0.07311781 0.1477404 3.126486 0.4080482 0.2511486 3.087265 0.2030816 0.0334636 3.011725 0.002821939 0.2877662 3.127261 -0.09242474 0.7337598 3.138398 -0.1845445 1.133928 3.094192 -0.2537197 1.472728 3.060984 0.09326918 0.7340374 3.142782 0.1776543 1.113649 3.0043 0.2450567 1.441729 2.909071  A_Punch_Close
0.006020622 0.0549382 3.094345 -0.06480752 0.146521 3.126499 -0.2118462 0.3423098 2.984607 -0.07014446 0.08857358 2.881427 0.07351662 0.1480653 3.127636 0.4086827 0.2507415 3.089257 0.2037499 0.03388309 3.011287 0.002748923 0.2878555 3.127709 -0.09288041 0.7338991 3.137909 -0.1841461 1.134325 3.094269 -0.252624 1.47332 3.061607 0.09279795 0.7341036 3.142913 0.1773015 1.11402 3.00534 0.244557 1.441982 2.909606  A_Punch_Close
0.007836359 0.05647969 3.094357 -0.06380896 0.1475784 3.126388 -0.210787 0.3422009 2.98335 -0.06832312 0.08852375 2.881078 0.0744992 0.1499685 3.127934 0.4097523 0.2524844 3.091377 0.2045636 0.03680074 3.010862 0.00287916 0.2893237 3.127703 -0.0936359 0.7353098 3.138899 -0.1841368 1.135725 3.093596 -0.2523102 1.474897 3.062154 0.09202404 0.7355255 3.144545 0.1767305 1.114855 3.005485 0.2442283 1.442581 2.909116  A_Punch_Close
0.01035787 0.05892599 3.094099 -0.06240616 0.1493099 3.126038 -0.209601 0.3422481 2.981679 -0.06587683 0.0888871 2.880392 0.07586904 0.1528844 3.128145 0.4111376 0.2554623 3.094166 0.2055221 0.04143202 3.010394 0.003058987 0.291621 3.127654 -0.09472214 0.7374999 3.140388 -0.1842221 1.137806 3.092225 -0.2521364 1.477212 3.06281 0.09090735 0.7377502 3.146958 0.1760686 1.116021 3.005318 0.2441526 1.44347 2.908418  A_Punch_Close
0.01291676 0.06250656 3.092804 -0.06096498 0.1520263 3.124948 -0.2092302 0.3432441 2.980222 -0.06388323 0.09081495 2.878923 0.07726236 0.1568576 3.127618 0.4122574 0.2605525 3.096383 0.2057989 0.04820931 3.01042 0.003184395 0.2949221 3.127474 -0.09597246 0.7406286 3.142306 -0.1846363 1.140487 3.089143 -0.2527826 1.480122 3.063101 0.08961405 0.7409658 3.149992 0.175939 1.117251 3.003838 0.2455291 1.444623 2.907753  A_Punch_Close
0.0151517 0.0659287 3.091504 -0.05970357 0.1546721 3.123834 -0.2089479 0.3444116 2.978847 -0.06206266 0.09286714 2.877566 0.07846947 0.1605763 3.127091 0.4130464 0.2657903 3.098265 0.2059888 0.05470443 3.010662 0.003307836 0.2980537 3.127304 -0.09711705 0.7435685 3.143922 -0.1851423 1.142904 3.085976 -0.2536186 1.482721 3.063413 0.08842398 0.7440304 3.152631 0.1759324 1.118507 3.002589 0.2469376 1.446019 2.908025  A_Punch_Close
0.01744141 0.07040215 3.089702 -0.0584052 0.1583071 3.122276 -0.2088904 0.346642 2.977276 -0.06001268 0.0962261 2.876109 0.07969679 0.1652156 3.126442 0.4132455 0.2739557 3.100083 0.2060518 0.06328166 3.011814 0.003505902 0.3021232 3.127242 -0.09842424 0.7473348 3.14552 -0.1863015 1.145727 3.08121 -0.255721 1.485668 3.064024 0.08705468 0.7481156 3.155444 0.1762758 1.120239 3.000631 0.2491904 1.448333 2.909604  A_Punch_Close
0.01983632 0.07550204 3.088438 -0.05706195 0.1625022 3.121253 -0.2088281 0.349319 2.976195 -0.05783496 0.1001121 2.875178 0.0809498 0.1704733 3.126398 0.4133441 0.2829424 3.102689 0.206022 0.07266164 3.013785 0.003662663 0.3067602 3.127805 -0.09987192 0.7516354 3.147837 -0.1874563 1.14894 3.076756 -0.2575957 1.488975 3.06533 0.08553167 0.7527442 3.159053 0.1768307 1.120419 2.995092 0.251711 1.448114 2.904227  A_Punch_Close
0.02210052 0.08150029 3.087237 -0.05584131 0.1676278 3.119963 -0.2080211 0.3536811 2.974391 -0.05491553 0.1052601 2.874625 0.08203609 0.1764555 3.126974 0.4124068 0.294724 3.105767 0.2061864 0.08359706 3.016307 0.003826516 0.3122118 3.128683 -0.1014137 0.7567051 3.149569 -0.1892542 1.152526 3.070926 -0.2605407 1.492483 3.066377 0.0838805 0.7582873 3.162417 0.1774933 1.121677 2.990407 0.254168 1.449682 2.902193  A_Punch_Close
0.02508874 0.08958375 3.085679 -0.05422882 0.1745418 3.118249 -0.2069175 0.3595589 2.971934 -0.05104284 0.1121744 2.873896 0.08342434 0.1844808 3.12774 0.4108886 0.3103737 3.109895 0.2062047 0.09796 3.019955 0.003986971 0.319517 3.129821 -0.1035163 0.7634895 3.151809 -0.1914347 1.157173 3.063162 -0.2636791 1.496928 3.067758 0.08160932 0.7656849 3.166817 0.1785184 1.123059 2.984345 0.257039 1.451565 2.899693  A_Punch_Close
0.02687903 0.09827173 3.084655 -0.05358444 0.1823382 3.11642 -0.2046885 0.3679553 2.968575 -0.04701487 0.1208349 2.872772 0.08372934 0.1928618 3.129513 0.4077818 0.3264683 3.11548 0.2058864 0.1123136 3.023391 0.003533917 0.3274542 3.13124 -0.1051761 0.7711515 3.15358 -0.1934996 1.162544 3.055674 -0.2667554 1.501844 3.069192 0.07973404 0.7735857 3.171012 0.1800448 1.124781 2.97865 0.2601139 1.453854 2.897734  A_Punch_Close
0.02879377 0.107857 3.083591 -0.05288551 0.1909651 3.114413 -0.2021547 0.3773072 2.964898 -0.04262034 0.1304311 2.871578 0.08394863 0.2020586 3.13146 0.4039244 0.3439081 3.121577 0.2051514 0.1276894 3.02754 0.002955096 0.3361771 3.132745 -0.10703 0.7795782 3.15542 -0.1955042 1.168299 3.047519 -0.2692965 1.50696 3.070705 0.07760872 0.7822452 3.175495 0.1818883 1.126344 2.972702 0.2631353 1.456104 2.895856  A_Punch_Close
0.0290788 0.118331 3.082111 -0.05341689 0.2008362 3.111643 -0.1984588 0.3897759 2.960619 -0.03855036 0.1427153 2.868435 0.08277376 0.2118402 3.133283 0.3986498 0.3608092 3.129108 0.2036744 0.1433181 3.030181 0.001567619 0.3458351 3.133842 -0.1077467 0.7893355 3.15835 -0.1978647 1.174542 3.039735 -0.2724079 1.512297 3.071957 0.07673909 0.7914402 3.179847 0.1834259 1.128318 2.966458 0.2648971 1.459062 2.894215  A_Punch_Close
0.02933295 0.1263572 3.080976 -0.05375258 0.20842 3.109507 -0.1955437 0.3993591 2.957454 -0.03538231 0.1521624 2.866077 0.08185019 0.2193034 3.134621 0.3943823 0.3735076 3.134742 0.2022499 0.1550543 3.03243 0.000507312 0.3532164 3.13462 -0.1083175 0.7967786 3.160547 -0.199584 1.179139 3.033875 -0.2742517 1.516146 3.072921 0.07604505 0.7984535 3.183112 0.1845699 1.129632 2.961873 0.2658996 1.461148 2.893098  A_Punch_Close
0.02730186 0.1378964 3.077482 -0.05604963 0.2198402 3.104784 -0.1907146 0.4149911 2.952301 -0.03150086 0.1678619 2.859104 0.07872488 0.2297572 3.13436 0.387823 0.388671 3.143582 0.1987166 0.1720948 3.032057 -0.00209151 0.363988 3.13395 -0.1078335 0.8079848 3.165647 -0.202419 1.186017 3.028825 -0.2764007 1.521841 3.078045 0.07675679 0.8081148 3.186334 0.1858256 1.131845 2.954587 0.2670864 1.464684 2.892437  A_Punch_Close
0.02213003 0.1537033 3.071918 -0.06081067 0.2359738 3.098924 -0.1845857 0.437573 2.94889 -0.02841465 0.1910777 2.849099 0.07329084 0.2438766 3.131963 0.3805356 0.4044178 3.155162 0.1928699 0.1958202 3.027205 -0.006201072 0.3788953 3.132569 -0.1058875 0.8233249 3.176736 -0.2064904 1.19124 3.018331 -0.2772942 1.527255 3.070818 0.07939805 0.8210632 3.189608 0.1855759 1.136511 2.945431 0.2672385 1.471132 2.894365  A_Punch_Close
0.01621749 0.165735 3.065143 -0.06545191 0.2484891 3.094778 -0.1818672 0.4551824 2.951406 -0.03004341 0.2103487 2.841345 0.06930609 0.2545625 3.125448 0.3792487 0.4103822 3.158358 0.1890754 0.2149044 3.01439 -0.008843346 0.3902937 3.129817 -0.1019845 0.834492 3.188925 -0.2116511 1.193225 3.01613 -0.2783648 1.530357 3.066778 0.08372284 0.830779 3.188207 0.1823016 1.142653 2.936373 0.2658088 1.478366 2.896734  A_Punch_Close
0.008876698 0.1786349 3.055027 -0.06925945 0.2614436 3.094039 -0.1840854 0.4730427 2.967926 -0.03972517 0.2331779 2.838571 0.06797929 0.2662324 3.110767 0.3881267 0.4053761 3.144318 0.189266 0.2367501 2.979624 -0.00835572 0.402231 3.125826 -0.09145014 0.8448606 3.207907 -0.2209321 1.190125 3.021892 -0.2835325 1.529809 3.058906 0.09210302 0.8414736 3.179653 0.1727593 1.154905 2.923413 0.262541 1.490627 2.901552  A_Punch_Close
0.005260604 0.1834708 3.049784 -0.06929652 0.2658855 3.09657 -0.1887529 0.4790202 2.983956 -0.0490003 0.2436569 2.841897 0.06890251 0.2706373 3.100532 0.3972807 0.3941346 3.124388 0.193121 0.2459997 2.946964 -0.00570832 0.4063959 3.124031 -0.08282332 0.8476691 3.218088 -0.2262867 1.185651 3.028982 -0.2890611 1.52635 3.054623 0.09726436 0.8457402 3.172632 0.1654137 1.162785 2.917208 0.2603291 1.497597 2.905365  A_Punch_Close
-0.001094384 0.1867269 3.045193 -0.06746523 0.2685643 3.10421 -0.2004733 0.4819977 3.013973 -0.06847797 0.2550977 2.852105 0.0695888 0.2734083 3.086045 0.4098335 0.3652176 3.08036 0.2031241 0.255622 2.879451 -0.0001935791 0.4088327 3.122651 -0.06981073 0.8479065 3.229822 -0.2322736 1.177681 3.041596 -0.2983977 1.518588 3.050767 0.1034135 0.8494152 3.162795 0.1547564 1.172549 2.911097 0.2576319 1.505212 2.910789  A_Punch_Close
-0.006799145 0.1871089 3.045207 -0.06537883 0.2688845 3.112046 -0.2108663 0.4812626 3.039167 -0.08609657 0.2616668 2.862199 0.06850089 0.2734767 3.077515 0.4133533 0.3380836 3.04206 0.2136129 0.2604221 2.820302 0.003949301 0.4089749 3.122489 -0.06221096 0.8464365 3.235649 -0.2351591 1.172527 3.05037 -0.3046104 1.512895 3.050127 0.1061826 0.8510301 3.157393 0.1486098 1.177551 2.90842 0.256763 1.508496 2.913562  A_Punch_Close
-0.0122823 0.1860217 3.050204 -0.06227789 0.2683067 3.12292 -0.2221857 0.4780908 3.067977 -0.1080391 0.2666342 2.874679 0.06661226 0.2723656 3.072839 0.4100395 0.3062084 3.000651 0.2349184 0.2617582 2.750729 0.007891135 0.4083645 3.123883 -0.05967722 0.8442981 3.238421 -0.2375684 1.168915 3.055245 -0.3096643 1.508665 3.048472 0.1062902 0.8525087 3.155421 0.1451925 1.179962 2.907098 0.2560242 1.509977 2.914485  A_Punch_Close
-0.01529346 0.1849266 3.054937 -0.0589507 0.2676612 3.130974 -0.2284886 0.4749335 3.090204 -0.1240117 0.2699443 2.884847 0.06527282 0.2714492 3.070217 0.4023012 0.2849406 2.969831 0.2543018 0.2575344 2.700666 0.01076879 0.4078125 3.124841 -0.0590785 0.8426666 3.239521 -0.2394469 1.166647 3.057645 -0.3133031 1.50592 3.047024 0.105674 0.8534871 3.154426 0.1434245 1.181028 2.90604 0.2555934 1.510566 2.914422  A_Punch_Close
-0.01764254 0.1820508 3.06494 -0.05032234 0.2657596 3.144934 -0.2344301 0.4677097 3.130972 -0.1532675 0.2735671 2.905519 0.06373347 0.2694184 3.066735 0.3784024 0.2535001 2.914286 0.3006245 0.2389516 2.61622 0.01609226 0.4063801 3.126074 -0.0617644 0.8391534 3.239094 -0.2437163 1.163381 3.059248 -0.3200162 1.501966 3.044652 0.1025882 0.8548445 3.153985 0.1419929 1.181319 2.904456 0.2543359 1.51078 2.913529  A_Punch_Close
-0.01682554 0.1786144 3.071251 -0.04255549 0.2631245 3.153005 -0.2337415 0.4613152 3.157806 -0.1717156 0.2734393 2.921241 0.062939 0.2670566 3.063603 0.3558582 0.2415613 2.87592 0.3315633 0.2228267 2.56906 0.01947995 0.4043062 3.125435 -0.06435339 0.835939 3.236733 -0.2475971 1.161033 3.059785 -0.3256085 1.499184 3.044238 0.09985949 0.8543485 3.151899 0.1417506 1.180546 2.902411 0.2534549 1.510217 2.911727  A_Punch_Close
-0.01525955 0.1755145 3.075697 -0.03535829 0.2607834 3.158398 -0.2305974 0.4560803 3.179117 -0.1856405 0.2729853 2.935062 0.06227757 0.2648 3.060477 0.3346113 0.2329601 2.846643 0.3545884 0.2057184 2.54011 0.02228303 0.4023294 3.124003 -0.06655012 0.8328928 3.234282 -0.2512505 1.158901 3.06056 -0.331008 1.496638 3.044869 0.09745081 0.8535537 3.149556 0.1413169 1.180231 2.901038 0.2522518 1.51014 2.911088  A_Punch_Close
-0.01526348 0.1710805 3.078506 -0.03207801 0.2573677 3.161522 -0.2282569 0.4526658 3.191298 -0.1935095 0.2712985 2.944304 0.05999406 0.2607571 3.058331 0.3205611 0.2324624 2.830468 0.3647724 0.1996495 2.527032 0.02242466 0.39885 3.122114 -0.06707625 0.8296521 3.230909 -0.2538109 1.15675 3.061465 -0.3352173 1.494086 3.0456 0.09607293 0.850468 3.144592 0.1413347 1.179843 2.899915 0.2524152 1.509663 2.911235  A_Punch_Close
-0.01665841 0.1652814 3.081476 -0.03084199 0.2530107 3.164264 -0.227609 0.4488735 3.201675 -0.1997422 0.2699261 2.952057 0.05653365 0.25488 3.05703 0.3108652 0.2331643 2.822414 0.3701783 0.1968509 2.521968 0.02123489 0.3939582 3.119963 -0.06743036 0.8255767 3.226211 -0.2560594 1.154393 3.06228 -0.3394054 1.491254 3.046389 0.09472902 0.8457709 3.137904 0.1413198 1.179361 2.899261 0.2526318 1.509042 2.912226  A_Punch_Close
-0.02124272 0.1592741 3.083915 -0.03537432 0.2486436 3.165701 -0.2306451 0.4481924 3.202228 -0.2014011 0.2687509 2.953124 0.05180599 0.2479594 3.058294 0.3153981 0.2362775 2.834505 0.3642596 0.1986885 2.532339 0.0174736 0.388411 3.118659 -0.06710975 0.8218189 3.220957 -0.2561301 1.152966 3.062252 -0.34068 1.489527 3.046371 0.09425564 0.8398321 3.130745 0.141837 1.17861 2.899727 0.2537696 1.508017 2.914202  A_Punch_Close
-0.02840821 0.152109 3.086978 -0.04468874 0.2435263 3.166401 -0.2373308 0.4486672 3.194909 -0.2004391 0.2662622 2.948992 0.04666742 0.239118 3.062613 0.3291119 0.2402145 2.863241 0.3478839 0.2010208 2.557929 0.01208951 0.3814029 3.11837 -0.06716202 0.8170726 3.214619 -0.2541832 1.152298 3.062232 -0.3396737 1.488653 3.04704 0.0941896 0.8320816 3.123834 0.1428582 1.17674 2.901921 0.2548124 1.506153 2.916095  A_Punch_Close
-0.04383205 0.1364933 3.09278 -0.06929211 0.2322184 3.163358 -0.2530953 0.4484806 3.157888 -0.1894602 0.2531799 2.927855 0.03871002 0.2195631 3.077844 0.3612293 0.2478436 2.950699 0.2961183 0.1973602 2.653519 0.000620382 0.3655592 3.120077 -0.06977098 0.8053433 3.200624 -0.2446765 1.15305 3.062484 -0.3302085 1.489535 3.050819 0.09486432 0.814221 3.115078 0.1472939 1.169333 2.911239 0.2554705 1.500225 2.918736  A_Punch_Close
-0.05325709 0.1196039 3.09632 -0.09038465 0.2184283 3.154127 -0.2595698 0.4385409 3.100371 -0.1659871 0.2244538 2.899084 0.03450413 0.2005101 3.09739 0.3783656 0.2486204 3.038008 0.2490513 0.1857015 2.765202 -0.008959753 0.3487386 3.123631 -0.07666807 0.7911844 3.187645 -0.2309885 1.153364 3.062802 -0.3143433 1.490473 3.053663 0.09503736 0.7954952 3.116933 0.1567233 1.156505 2.926486 0.2569552 1.489884 2.918743  A_Punch_Close
-0.05453948 0.1125733 3.095895 -0.09595482 0.2119329 3.149009 -0.2583278 0.431269 3.077129 -0.1548667 0.2099922 2.888874 0.03332861 0.1935186 3.103358 0.3803242 0.2482454 3.065417 0.2369986 0.1773256 2.801727 -0.01222239 0.3419819 3.124171 -0.07965611 0.785167 3.183591 -0.2253999 1.152636 3.064009 -0.3077168 1.489993 3.054631 0.0948285 0.7879858 3.119961 0.1613433 1.150795 2.934628 0.2581237 1.484932 2.919315  A_Punch_Close
-0.05397264 0.1060939 3.094596 -0.09906499 0.2055513 3.144012 -0.2558713 0.4235735 3.057917 -0.1447703 0.1962972 2.881538 0.03310325 0.1874772 3.107377 0.3809929 0.2483878 3.0857 0.2269027 0.165416 2.831779 -0.01443825 0.3358482 3.123968 -0.08204745 0.7796265 3.180269 -0.220298 1.151604 3.065838 -0.301839 1.489122 3.055539 0.09467907 0.7811998 3.123113 0.1651569 1.145598 2.942419 0.2584661 1.480262 2.919144  A_Punch_Close
-0.05201225 0.0995971 3.092696 -0.100643 0.1988472 3.13889 -0.2525488 0.4151682 3.040346 -0.1349836 0.1823646 2.87576 0.03361215 0.1817085 3.110271 0.3811228 0.2487684 3.102043 0.2181232 0.1507577 2.859289 -0.01603435 0.3297528 3.123212 -0.08417432 0.7740721 3.177231 -0.2152578 1.150264 3.068275 -0.2960258 1.48792 3.056472 0.09451719 0.7744728 3.126528 0.1686072 1.140398 2.950423 0.2583507 1.475304 2.918308  A_Punch_Close
-0.04795496 0.09437811 3.089953 -0.09961049 0.1929339 3.134195 -0.24938 0.4077355 3.027435 -0.1269011 0.1709467 2.872394 0.03596373 0.1772753 3.111575 0.3824547 0.2499958 3.106898 0.2107127 0.1341013 2.878474 -0.01583813 0.3247641 3.122206 -0.08595912 0.7693391 3.174644 -0.2104549 1.14917 3.070702 -0.2903862 1.486965 3.057315 0.09446295 0.7691959 3.130492 0.1710829 1.136255 2.957864 0.2576387 1.47114 2.91776  A_Punch_Close
-0.0413355 0.0876565 3.086179 -0.09685431 0.1850863 3.127837 -0.2435354 0.3981526 3.01082 -0.1158293 0.1561694 2.868543 0.0400519 0.171477 3.113389 0.3843002 0.2535739 3.109394 0.2020477 0.1118362 2.904946 -0.01448767 0.3181638 3.120992 -0.08825426 0.7629101 3.170674 -0.2037263 1.14763 3.074595 -0.2821354 1.485705 3.05939 0.09434612 0.7624199 3.136639 0.1739441 1.130711 2.96803 0.2562829 1.465116 2.916629  A_Punch_Close
-0.03529559 0.08290732 3.083393 -0.09355502 0.1793314 3.123151 -0.2377202 0.3914466 2.999045 -0.1072326 0.1456153 2.8662 0.0440165 0.1672659 3.115042 0.3855198 0.2584796 3.107787 0.1975104 0.09537125 2.925709 -0.01244078 0.3133235 3.12044 -0.08984052 0.7580275 3.167286 -0.198571 1.146203 3.077441 -0.2756412 1.484506 3.060553 0.09420688 0.7576563 3.142227 0.1758111 1.126557 2.975924 0.2551089 1.460181 2.915469  A_Punch_Close
-0.03052048 0.07985044 3.082136 -0.09041511 0.1755723 3.120669 -0.2322714 0.3872116 2.99215 -0.1016217 0.1385529 2.864843 0.04742141 0.1644952 3.116715 0.3879918 0.2575144 3.106944 0.1950559 0.08341837 2.940899 -0.01020704 0.310136 3.120853 -0.09072213 0.7546909 3.16479 -0.1944354 1.145318 3.079766 -0.2701324 1.483866 3.061634 0.09415086 0.7547312 3.146804 0.1768418 1.123908 2.981655 0.2539221 1.456786 2.91458  A_Punch_Close
-0.02521328 0.07659662 3.080864 -0.08683763 0.1715463 3.118017 -0.2259989 0.3826938 2.984798 -0.09546576 0.1310303 2.863414 0.05113592 0.1615335 3.118572 0.3906747 0.2561686 3.106052 0.1929385 0.071545 2.958002 -0.007721705 0.3067151 3.121309 -0.09149961 0.7510907 3.161959 -0.1902708 1.144183 3.082604 -0.2643669 1.48302 3.063287 0.09396388 0.7515873 3.151732 0.1778855 1.121006 2.98775 0.2529115 1.4528 2.913371  A_Punch_Close
-0.0188217 0.07171071 3.081454 -0.0819438 0.1656672 3.117943 -0.2194375 0.3754586 2.981698 -0.09250067 0.1202062 2.864051 0.05612292 0.1574837 3.120749 0.3940836 0.2550503 3.098707 0.1903426 0.0573262 2.978295 -0.004705055 0.3018564 3.123177 -0.09274076 0.7460114 3.158882 -0.1868194 1.141721 3.087204 -0.2588158 1.480809 3.064623 0.09297056 0.7474061 3.155581 0.178019 1.118306 2.99557 0.2511356 1.448598 2.913053  A_Punch_Close
-0.01419918 0.06820226 3.082373 -0.07840388 0.1615453 3.118437 -0.2154106 0.3698986 2.980883 -0.08964656 0.1132489 2.86503 0.05972816 0.154863 3.121922 0.396653 0.2547146 3.094836 0.1913247 0.04948342 2.990793 -0.002686543 0.2985554 3.124429 -0.09344308 0.7426311 3.156312 -0.1854297 1.139783 3.090104 -0.2561859 1.478936 3.064761 0.09229197 0.7445995 3.156697 0.178017 1.116778 3.00005 0.2501101 1.446049 2.912696  A_Punch_Close
-0.01101391 0.06581688 3.083109 -0.07596473 0.1587574 3.118889 -0.2127422 0.3660587 2.980633 -0.08751808 0.1086845 2.865807 0.06220831 0.1531489 3.122633 0.3984362 0.2546154 3.092517 0.1926579 0.04488325 2.998858 -0.001332445 0.2963449 3.125253 -0.09386341 0.7403681 3.154466 -0.1847586 1.138377 3.092001 -0.2546705 1.477554 3.064699 0.0918491 0.7427204 3.157087 0.1779552 1.115824 3.002869 0.2493766 1.444413 2.912449  A_Punch_Close
-0.007361514 0.06352711 3.083915 -0.07323985 0.1561342 3.119292 -0.2113131 0.3617822 2.980777 -0.08417647 0.1047909 2.867202 0.06498797 0.1518246 3.122719 0.4006791 0.2548126 3.090951 0.1956563 0.04171133 3.003442 0.0001147558 0.2944221 3.125319 -0.09362714 0.7386309 3.151842 -0.1845178 1.137252 3.093409 -0.2542015 1.476382 3.06496 0.09207202 0.7409665 3.155291 0.177732 1.115655 3.00471 0.248175 1.444207 2.913391  A_Punch_Close
-0.00387059 0.06150734 3.08498 -0.07063459 0.1537881 3.11997 -0.2099754 0.3578362 2.981225 -0.08095162 0.1012602 2.868846 0.06763394 0.150718 3.123075 0.402806 0.2551408 3.089769 0.1985716 0.03902936 3.007986 0.00149514 0.2927334 3.125651 -0.0933774 0.7371034 3.149623 -0.1843273 1.136255 3.095023 -0.2537727 1.475343 3.065522 0.09230675 0.739419 3.153815 0.1774879 1.114845 3.004808 0.2469618 1.442911 2.911033  A_Punch_Close
-0.00114773 0.05954754 3.086838 -0.06879584 0.1516582 3.121277 -0.2104882 0.3537585 2.982413 -0.07835822 0.09801662 2.871755 0.06950785 0.1497784 3.123688 0.4043812 0.2548302 3.088746 0.2006313 0.03700733 3.010365 0.0021735 0.2912356 3.125998 -0.09289108 0.7360733 3.146545 -0.1842851 1.135527 3.094987 -0.2537647 1.474509 3.06436 0.09279706 0.7378638 3.150816 0.1777108 1.11438 3.004431 0.246582 1.442374 2.90996  A_Punch_Close
0.002294438 0.05692422 3.089802 -0.06660043 0.1488492 3.123396 -0.2118294 0.348099 2.984297 -0.07509004 0.09363449 2.876327 0.07173063 0.1485686 3.124698 0.4063805 0.253628 3.087112 0.2025259 0.03451729 3.012693 0.002796011 0.2892604 3.126487 -0.09223448 0.7347916 3.141823 -0.1844262 1.134572 3.094375 -0.2540869 1.473389 3.062374 0.09346177 0.7357059 3.146022 0.1780887 1.113916 3.003898 0.246261 1.44206 2.909444  A_Punch_Close
0.003976958 0.05552495 3.091774 -0.06563948 0.1473873 3.12483 -0.2129205 0.3449723 2.985446 -0.07352988 0.09119678 2.879259 0.07269551 0.1479509 3.125438 0.407418 0.2520914 3.085921 0.2025324 0.03332472 3.013343 0.002916889 0.2882308 3.126792 -0.09195213 0.7341591 3.138859 -0.1847492 1.134076 3.093804 -0.2546509 1.472798 3.061319 0.09374835 0.734526 3.142951 0.1782724 1.113769 3.003545 0.2461775 1.442155 2.90974  A_Punch_Close
