0.004019039 0.05495536 13.39538 -0.06559967 0.1468054 13.42852 -0.2133777 0.3443604 13.28945 -0.07400851 0.09053624 13.18336 0.07273592 0.1474348 13.42886 0.4074293 0.2515391 13.38886 0.2024551 0.03308117 13.31561 0.002893405 0.2876822 13.43031 -0.09198634 0.7336257 13.44234 -0.1849268 1.133545 13.3976 -0.2547728 1.472157 13.36387 0.09372045 0.7339742 13.44613 0.1779862 1.113296 13.30678 0.2455208 1.441488 13.21204  A_Punch_Far
0.005070942 0.05494237 13.39666 -0.06518416 0.1466542 13.42928 -0.2125785 0.3432837 13.28873 -0.07198147 0.08950186 13.18416 0.07314678 0.147764 13.43005 0.4080947 0.2511193 13.39089 0.2031295 0.03349352 13.31517 0.002816515 0.2877729 13.43077 -0.09245799 0.7337701 13.44184 -0.1845155 1.133957 13.39767 -0.2536397 1.472772 13.3645 0.09323491 0.7340423 13.44627 0.177629 1.113676 13.30785 0.2450212 1.441748 13.21259  A_Punch_Far
0.006127255 0.0550158 13.39784 -0.06475113 0.1465724 13.42998 -0.2117816 0.3422889 13.28801 -0.07002448 0.08855629 13.1849 0.07357223 0.1481662 13.43114 0.4087466 0.2508237 13.39287 0.2038006 0.03403628 13.31474 0.002754526 0.2879311 13.43119 -0.09292506 0.7339725 13.44143 -0.1841403 1.134401 13.39771 -0.252593 1.473408 13.36512 0.09275223 0.7341766 13.44647 0.1772675 1.114067 13.30884 0.2445331 1.442016 13.21307  A_Punch_Far
0.009077089 0.05755126 13.39783 -0.06312339 0.1483144 13.42978 -0.2100524 0.3421432 13.28597 -0.06707685 0.08850825 13.18431 0.07517017 0.1512822 13.43161 0.4104699 0.2536901 13.39631 0.2051172 0.03882432 13.31404 0.002969997 0.2903372 13.43117 -0.0941553 0.736279 13.44306 -0.1841286 1.136681 13.39661 -0.2520984 1.47597 13.366 0.09149088 0.7365027 13.44914 0.1763411 1.11542 13.30905 0.2440093 1.442984 13.21225  A_Punch_Far
0.01107104 0.0599165 13.39721 -0.06200449 0.1500612 13.42921 -0.2095015 0.3425218 13.28475 -0.06532554 0.08941913 13.18346 0.07625873 0.1539857 13.43147 0.4114536 0.2568774 13.39826 0.2056028 0.0433135 13.31387 0.003095465 0.2925367 13.43108 -0.09506766 0.7383695 13.4444 -0.1843445 1.138555 13.39484 -0.2523354 1.478026 13.36637 0.09055056 0.7386449 13.45128 0.1760297 1.116371 13.30838 0.2445421 1.443796 13.21171  A_Punch_Far
0.01412453 0.06422174 13.39567 -0.06028472 0.1533278 13.42791 -0.2090421 0.3437275 13.283 -0.06292711 0.09174311 13.1817 0.07791503 0.1587536 13.43085 0.4127718 0.2629679 13.40092 0.205917 0.05143404 13.31392 0.003238158 0.2964952 13.43086 -0.09657304 0.7421139 13.44669 -0.1848072 1.141746 13.39116 -0.2530213 1.481487 13.36672 0.08899082 0.7424889 13.4549 0.1758883 1.117808 13.30662 0.2461596 1.445151 13.21093  A_Punch_Far
0.01652421 0.06855822 13.39381 -0.05892364 0.1568019 13.42629 -0.2089134 0.3457053 13.2813 -0.06083743 0.09483397 13.18009 0.07920857 0.1633068 13.43009 0.4131778 0.27063 13.40273 0.2060372 0.05979455 13.31472 0.003432231 0.3004454 13.43066 -0.09789155 0.7457805 13.44827 -0.1858432 1.144562 13.38652 -0.254914 1.484456 13.36716 0.08761342 0.7464342 13.4577 0.1761156 1.119754 13.30538 0.248268 1.447758 13.21342  A_Punch_Far
0.01945926 0.07468915 13.39211 -0.05727301 0.161833 13.42489 -0.20884 0.3488908 13.27985 -0.05818103 0.09949243 13.1788 0.080754 0.1696367 13.42988 0.4133354 0.2815166 13.40575 0.2060317 0.0711776 13.31694 0.003640072 0.3060226 13.43119 -0.09964065 0.7509521 13.45095 -0.18728 1.148435 13.38094 -0.2573246 1.488458 13.3686 0.08577545 0.7520097 13.46196 0.1767377 1.120405 13.29944 0.2513224 1.44816 13.20854  A_Punch_Far
0.02177312 0.08062637 13.39089 -0.05601792 0.166881 13.42362 -0.2081394 0.3530458 13.27813 -0.05533842 0.1045111 13.17818 0.08188076 0.1755855 13.43037 0.4125536 0.2930163 13.4088 0.2061707 0.08201873 13.31941 0.003805118 0.3114191 13.43203 -0.101188 0.7559685 13.4528 -0.189002 1.152011 13.37525 -0.260145 1.491984 13.3697 0.08412297 0.7574826 13.46541 0.1773914 1.121507 13.29455 0.2538275 1.449463 13.20595  A_Punch_Far
0.02571316 0.09246147 13.3888 -0.0539941 0.1771152 13.42112 -0.2062054 0.362293 13.27431 -0.04970269 0.1150159 13.177 0.08355738 0.1872655 13.43179 0.4099232 0.3157432 13.4152 0.2061384 0.1027701 13.32455 0.003855126 0.3221469 13.43377 -0.1040755 0.7660222 13.45589 -0.1921455 1.158958 13.36413 -0.2647707 1.498578 13.37171 0.08098216 0.7683071 13.4717 0.1790026 1.123652 13.28589 0.2580852 1.452341 13.20248  A_Punch_Far
0.0275891 0.1018202 13.38773 -0.05332909 0.1855304 13.41915 -0.2037551 0.3714157 13.27068 -0.04538242 0.124388 13.1758 0.08381964 0.1962717 13.43371 0.4064002 0.3329613 13.42123 0.2056592 0.1180596 13.32836 0.003326552 0.330688 13.43528 -0.105857 0.774276 13.45775 -0.1942744 1.164697 13.35612 -0.2678006 1.503777 13.37324 0.07895662 0.7767982 13.47616 0.18071 1.125402 13.27989 0.2612796 1.454722 13.20048  A_Punch_Far
0.02894367 0.1133848 13.38629 -0.05317472 0.1961697 13.41643 -0.2002226 0.383875 13.2661 -0.04047899 0.1369022 13.17339 0.0833375 0.2072279 13.43591 0.4011856 0.3528807 13.42905 0.2044274 0.1359829 13.33237 0.00222482 0.3412775 13.43681 -0.1074087 0.7847323 13.46045 -0.1967654 1.171628 13.34686 -0.2710359 1.509822 13.37484 0.07714982 0.787105 13.48128 0.1827076 1.127422 13.27285 0.2641337 1.457696 13.19844  A_Punch_Far
0.02929308 0.1251831 13.38462 -0.05370788 0.20731 13.4133 -0.195974 0.3979568 13.26139 -0.03584866 0.1507797 13.16989 0.08198591 0.2182133 13.43791 0.3950181 0.3716629 13.4374 0.2024735 0.1533507 13.33556 0.0006619264 0.3521379 13.43799 -0.1082323 0.7956918 13.46371 -0.1993375 1.178476 13.3382 -0.2740112 1.515596 13.37626 0.07614864 0.7974293 13.48611 0.1844041 1.12945 13.26601 0.2657708 1.460853 13.19673  A_Punch_Far
0.02767076 0.1359494 13.38158 -0.05564879 0.2179024 13.40909 -0.1915579 0.4123256 13.25664 -0.03216879 0.1651725 13.16381 0.07927223 0.2280008 13.43793 0.3889401 0.3861873 13.44557 0.1993433 0.169224 13.33564 -0.001647277 0.3621697 13.43758 -0.1079433 0.8060957 13.46824 -0.2019126 1.184877 13.33307 -0.2760608 1.520913 13.38057 0.07660396 0.8064962 13.4893 0.1856565 1.13147 13.25929 0.2669549 1.464084 13.196  A_Punch_Far
0.0255865 0.1460806 13.37904 -0.05782447 0.22803 13.40563 -0.1873119 0.4262046 13.25333 -0.02894489 0.1792341 13.15829 0.07636543 0.2371362 13.43799 0.3833186 0.3985872 13.45377 0.1959759 0.1840661 13.3355 -0.003976686 0.3716511 13.43748 -0.1073356 0.8159002 13.47381 -0.2041871 1.188764 13.32493 -0.2770996 1.524526 13.37613 0.07746287 0.8149196 13.49252 0.1862143 1.133691 13.25386 0.2672747 1.46745 13.19657  A_Punch_Far
0.02239485 0.1531006 13.37568 -0.06058298 0.235346 13.40266 -0.1848073 0.4366814 13.25244 -0.02846776 0.1901428 13.15302 0.07352598 0.2433438 13.43564 0.3807517 0.4039621 13.45826 0.1931037 0.194888 13.33105 -0.006032927 0.3783234 13.43616 -0.1060114 0.8227441 13.47971 -0.2062869 1.191063 13.32204 -0.2772488 1.52706 13.37442 0.07924284 0.8205787 13.49304 0.1856423 1.136285 13.2493 0.2672606 1.470842 13.19774  A_Punch_Far
0.01994987 0.1587963 13.37296 -0.0626782 0.2412765 13.40024 -0.1826742 0.4450556 13.25176 -0.02789138 0.1989638 13.14886 0.07135899 0.2483784 13.43372 0.3787368 0.408234 13.46182 0.1909752 0.2037154 13.32757 -0.007569773 0.3837217 13.43507 -0.1047795 0.8281907 13.48439 -0.2083479 1.192617 13.31995 -0.2778748 1.528759 13.37332 0.08072276 0.8251485 13.4934 0.1849088 1.13845 13.24563 0.2669239 1.473587 13.19868  A_Punch_Far
0.01685162 0.1646355 13.36936 -0.06500565 0.2473491 13.3985 -0.1818954 0.4535939 13.25415 -0.02953295 0.2085148 13.14539 0.06959434 0.2535785 13.42983 0.3789854 0.4102408 13.46211 0.1893312 0.2131034 13.31973 -0.008683605 0.3892535 13.4336 -0.1025302 0.8335188 13.491 -0.2110547 1.193227 13.31951 -0.2782329 1.530163 13.37084 0.08317693 0.8298821 13.49209 0.1828256 1.141891 13.24085 0.2660123 1.477534 13.19996  A_Punch_Far
0.01295079 0.171574 13.36476 -0.06769924 0.2545246 13.39697 -0.1815602 0.4634652 13.2587 -0.03258393 0.2199811 13.14195 0.06783159 0.2597986 13.42419 0.3806326 0.4110359 13.4603 0.1878161 0.2244941 13.30822 -0.009599788 0.3958043 13.43168 -0.09882937 0.8395796 13.49967 -0.2151603 1.192946 13.3203 -0.2799067 1.53098 13.36737 0.08659239 0.8355442 13.48947 0.1793731 1.146714 13.23458 0.2647415 1.482655 13.20136  A_Punch_Far
0.00977643 0.1770983 13.35992 -0.06902127 0.2599664 13.39724 -0.1834461 0.4710196 13.26814 -0.03796641 0.230256 13.14175 0.067863 0.2648208 13.41664 0.3862107 0.40705 13.45126 0.1888368 0.2340503 13.28933 -0.0087658 0.4008476 13.42984 -0.09334604 0.8437711 13.5087 -0.219544 1.190935 13.32397 -0.2824233 1.53028 13.36353 0.09081252 0.840167 13.48474 0.1743719 1.152943 13.22863 0.262949 1.488805 13.20416  A_Punch_Far
0.005761581 0.1830325 13.35392 -0.06942479 0.2655221 13.39947 -0.1877482 0.4785327 13.28474 -0.04735373 0.2424072 13.14459 0.06870015 0.2702481 13.40551 0.3957995 0.3963796 13.43154 0.192258 0.2450002 13.25615 -0.006222291 0.4060558 13.4277 -0.08411579 0.8475345 13.52024 -0.2256386 1.186419 13.33129 -0.2882866 1.527005 13.35867 0.09654941 0.8453242 13.47715 0.166545 1.161706 13.2214 0.2607609 1.496664 13.20821  A_Punch_Far
0.002325015 0.1859905 13.34991 -0.06839941 0.2679799 13.40332 -0.1935414 0.4817156 13.30258 -0.05779491 0.2505809 13.15007 0.06964351 0.2729095 13.39576 0.404407 0.3814167 13.40677 0.1970918 0.2514858 13.21904 -0.002863092 0.4083784 13.42643 -0.07524793 0.8484998 13.5287 -0.2299634 1.181215 13.33912 -0.2943634 1.522201 13.35511 0.1010658 0.8481532 13.47026 0.1592598 1.168687 13.21673 0.2587169 1.502354 13.21194  A_Punch_Far
-0.001237137 0.1867403 13.34864 -0.06742351 0.2685744 13.40787 -0.2007603 0.481987 13.31806 -0.06892221 0.2552623 13.15582 0.06957467 0.2734121 13.38929 0.410004 0.3645295 13.38289 0.2033771 0.2557644 13.18144 -8.795964E-05 0.4088373 13.42612 -0.0696104 0.84787 13.53346 -0.232351 1.177548 13.3453 -0.298546 1.518448 13.35423 0.1034945 0.8494554 13.46613 0.1545906 1.172685 13.2145 0.2575957 1.505308 13.21435  A_Punch_Far
-0.00505398 0.1871203 13.34827 -0.06613354 0.2688777 13.41287 -0.207666 0.4817115 13.33459 -0.08040319 0.2597761 13.16238 0.06893016 0.273554 13.38332 0.412994 0.3462175 13.3575 0.2095441 0.2587978 13.14286 0.002681034 0.4090035 13.42591 -0.06419019 0.846959 13.53759 -0.2343053 1.17403 13.35142 -0.3026876 1.514606 13.35383 0.1055601 0.8505524 13.46227 0.1502932 1.176234 13.2126 0.2569697 1.507676 13.21636  A_Punch_Far
-0.008760912 0.1867031 13.3503 -0.06445585 0.2686435 13.41929 -0.2151841 0.4801399 13.35228 -0.09373228 0.2632443 13.16976 0.0679083 0.2730684 13.37933 0.4131089 0.3274763 13.33126 0.220937 0.2621859 13.09907 0.005291538 0.4087303 13.42649 -0.06134031 0.845674 13.54012 -0.2359891 1.171262 13.35556 -0.3063005 1.511444 13.35304 0.1062386 0.851512 13.46022 0.1474528 1.178355 13.21146 0.2565241 1.508985 13.21739  A_Punch_Far
-0.01748924 0.1805357 13.37147 -0.0468844 0.2646059 13.45237 -0.2345714 0.4648072 13.44712 -0.1620831 0.2736974 13.21619 0.06332494 0.2683793 13.36884 0.3684108 0.2473402 13.19975 0.3153454 0.2316506 12.89636 0.01766999 0.4054822 13.4294 -0.06291632 0.837725 13.54161 -0.2454332 1.162307 13.36298 -0.3225047 1.50069 13.34778 0.1013639 0.8547075 13.45661 0.1418622 1.180992 13.20701 0.2539789 1.510527 13.21617  A_Punch_Far
-0.01611863 0.1772755 13.37689 -0.03919617 0.2621101 13.45915 -0.2325186 0.4588485 13.47139 -0.1783917 0.2732877 13.23109 0.06271197 0.2661273 13.36568 0.3461578 0.2372986 13.16531 0.3427958 0.2151358 12.85774 0.0208564 0.4034864 13.42837 -0.06541948 0.8346008 13.53917 -0.249261 1.160084 13.36356 -0.3280341 1.498053 13.3479 0.09873523 0.8541074 13.45447 0.1415656 1.180354 13.2052 0.252901 1.510143 13.21476  A_Punch_Far
-0.01530008 0.1733207 13.38058 -0.03378348 0.2590894 13.46346 -0.2295503 0.4543804 13.48862 -0.1895848 0.2721425 13.24306 0.06114604 0.2628096 13.3629 0.3277933 0.2327496 13.14208 0.3597272 0.2026461 12.83683 0.02234633 0.4006149 13.42657 -0.0667976 0.831304 13.5361 -0.2525035 1.15785 13.36447 -0.3330625 1.495392 13.34868 0.09678502 0.8520347 13.45059 0.141334 1.180042 13.20395 0.2523423 1.509908 13.21462  A_Punch_Far
-0.01514689 0.1696415 13.38283 -0.03088008 0.2562622 13.46592 -0.2275146 0.4512734 13.49893 -0.1958815 0.2708757 13.25081 0.0592952 0.2594361 13.36106 0.3157882 0.2322876 13.1287 0.3679484 0.1978574 12.82671 0.02251406 0.3977112 13.42491 -0.06727354 0.8285642 13.53327 -0.2547046 1.156014 13.36528 -0.3367026 1.493205 13.3494 0.09558906 0.8494616 13.44643 0.1412868 1.179742 13.20306 0.2523849 1.50954 13.21483  A_Punch_Far
-0.0180739 0.1634114 13.38572 -0.03224043 0.2516507 13.4682 -0.2285482 0.448665 13.50534 -0.2002638 0.2695647 13.25588 0.05507703 0.2527277 13.36091 0.3123486 0.2341057 13.12957 0.368423 0.1976823 12.82851 0.02007862 0.3922379 13.42305 -0.06732385 0.8244199 13.52807 -0.2560951 1.153948 13.36574 -0.3398201 1.490713 13.34984 0.09459431 0.8439398 13.43917 0.1414524 1.179143 13.20286 0.2529429 1.508746 13.21627  A_Punch_Far
-0.02412258 0.1560098 13.38876 -0.03872256 0.2462906 13.46974 -0.2330036 0.4481109 13.50424 -0.2016618 0.2678741 13.25597 0.04934021 0.244064 13.36308 0.3197083 0.2380332 13.14774 0.3589852 0.1996142 12.84429 0.01521231 0.3853012 13.4217 -0.06704848 0.8197061 13.52154 -0.255706 1.152424 13.36572 -0.3407956 1.488856 13.35 0.09408475 0.8364376 13.43067 0.1422451 1.177953 13.20384 0.2543872 1.507273 13.21868  A_Punch_Far
-0.03207086 0.1488272 13.39172 -0.04976938 0.2412081 13.46976 -0.2409054 0.4490918 13.49315 -0.1992517 0.2648236 13.24939 0.04432972 0.2349582 13.36855 0.3363176 0.2422389 13.18358 0.3376412 0.2003652 12.87805 0.009414868 0.3781058 13.42183 -0.06724308 0.814795 13.51511 -0.2528131 1.15219 13.36577 -0.3386214 1.488487 13.3511 0.09429057 0.8283484 13.42442 0.1434453 1.175719 13.20689 0.255197 1.50522 13.22062  A_Punch_Far
-0.04721687 0.1321024 13.39756 -0.07576124 0.2288601 13.46492 -0.2562232 0.4471093 13.44725 -0.1843076 0.2470734 13.22382 0.03726276 0.2143036 13.38649 0.36765 0.2483952 13.27939 0.2814578 0.1940854 12.98831 -0.002190514 0.3611102 13.42445 -0.07123624 0.8017632 13.50035 -0.241182 1.153382 13.36597 -0.3262824 1.490009 13.35529 0.09504975 0.8092183 13.41792 0.1493091 1.166394 13.2182 0.255585 1.497959 13.22241  A_Punch_Far
-0.05251775 0.1222188 13.39979 -0.08796464 0.2207743 13.45938 -0.2594701 0.4409634 13.41265 -0.1699515 0.229659 13.20663 0.03496953 0.2031996 13.39842 0.3770516 0.2486633 13.33048 0.254083 0.188391 13.05416 -0.007669134 0.3512772 13.42679 -0.07553028 0.7934183 13.49274 -0.2331227 1.15352 13.36598 -0.3168684 1.490531 13.35681 0.0950814 0.7983177 13.41946 0.1550078 1.158617 13.22712 0.2565397 1.491654 13.22207  A_Punch_Far
-0.05445586 0.113085 13.3994 -0.09557156 0.2124072 13.45287 -0.258498 0.4318094 13.38229 -0.1557122 0.2110463 13.19307 0.03342285 0.1940247 13.4064 0.3802556 0.2482712 13.36689 0.237939 0.1779619 13.10249 -0.01199047 0.3424728 13.42762 -0.07944678 0.7856057 13.48737 -0.225795 1.152703 13.36738 -0.3081812 1.490044 13.35802 0.09484483 0.7885312 13.42322 0.1610218 1.15121 13.23751 0.2580521 1.485298 13.22275  A_Punch_Far
-0.05420617 0.1069163 13.39832 -0.09883897 0.2063985 13.44813 -0.256197 0.4246309 13.36362 -0.1459793 0.1980666 13.18578 0.03303202 0.1882089 13.41049 0.3809062 0.248328 13.38711 0.2279735 0.1672953 13.13187 -0.01422803 0.3366193 13.42753 -0.08176778 0.7803283 13.48412 -0.2209567 1.151752 13.36903 -0.3025915 1.489254 13.35892 0.09469385 0.7820504 13.42615 0.1646966 1.146255 13.24489 0.2584723 1.480862 13.22271  A_Punch_Far
-0.052209 0.1002197 13.39635 -0.100508 0.1994905 13.44286 -0.2529251 0.4159778 13.3455 -0.135939 0.1836962 13.17977 0.03356757 0.1822605 13.41347 0.3811531 0.2487394 13.40395 0.2189917 0.1521429 13.16007 -0.01588665 0.3303374 13.42677 -0.08397715 0.7746052 13.48101 -0.2157276 1.150405 13.3715 -0.296572 1.488047 13.35985 0.09453602 0.775118 13.42968 0.168291 1.140897 13.25313 0.2583669 1.475796 13.22188  A_Punch_Far
-0.04872481 0.09531343 13.39393 -0.09983848 0.1940016 13.43853 -0.2499966 0.4090787 13.33322 -0.1283658 0.1729966 13.17645 0.03551932 0.1780683 13.41483 0.3822223 0.2497803 13.40961 0.2120095 0.1371236 13.17844 -0.01589583 0.3256615 13.42587 -0.08564512 0.770193 13.4786 -0.2113111 1.14938 13.37372 -0.291405 1.487148 13.36062 0.09447898 0.770144 13.43324 0.1706551 1.137002 13.25999 0.257771 1.471913 13.22135  A_Punch_Far
-0.03139095 0.08039522 13.38583 -0.09099548 0.1762441 13.42459 -0.2332817 0.3879666 13.29685 -0.1026334 0.1398139 13.16856 0.04680331 0.1649902 13.41988 0.3875353 0.2577326 13.41057 0.1954621 0.08550692 13.2416 -0.01061766 0.3107063 13.42425 -0.09057538 0.75529 13.46872 -0.1951643 1.145487 13.3828 -0.2711179 1.483989 13.36489 0.09416826 0.7552534 13.44945 0.1766625 1.124385 13.28411 0.2541218 1.457414 13.21823  A_Punch_Far
-0.02515392 0.07656062 13.38433 -0.08679722 0.1715018 13.42146 -0.2259278 0.3826438 13.28819 -0.09539722 0.1309475 13.16687 0.05117698 0.1615008 13.42207 0.3907036 0.2561533 13.40952 0.1929184 0.07142055 13.26167 -0.007694108 0.3066771 13.42479 -0.09150712 0.7510507 13.4654 -0.190227 1.144169 13.38611 -0.2643049 1.483009 13.36679 0.09396107 0.7515523 13.45526 0.1778966 1.120974 13.29129 0.2529019 1.452753 13.21683  A_Punch_Far
-0.02185522 0.07399249 13.38463 -0.0842769 0.1684194 13.42143 -0.2223642 0.3789806 13.28659 -0.09395532 0.1252742 13.16721 0.05375256 0.1593659 13.42321 0.3925003 0.2555349 13.40567 0.1913423 0.0636481 13.27218 -0.006139977 0.3041266 13.42578 -0.09218268 0.7483964 13.46381 -0.1883398 1.142927 13.38848 -0.2613428 1.481896 13.36741 0.09344633 0.7493555 13.45729 0.1780225 1.119548 13.2954 0.2520407 1.450566 13.21668  A_Punch_Far
-0.01827638 0.07130492 13.38499 -0.0815237 0.1651765 13.42142 -0.2189108 0.3748299 13.28492 -0.09223728 0.1193045 13.16758 0.05654838 0.1571494 13.42441 0.3943603 0.2549661 13.40156 0.1902 0.0562588 13.2835 -0.004447384 0.3014516 13.42681 -0.09283523 0.7455845 13.4621 -0.1865604 1.141497 13.39108 -0.2583698 1.480607 13.36824 0.09288479 0.7470579 13.45937 0.1780112 1.118085 13.2997 0.2509676 1.448242 13.2165  A_Punch_Far
-0.01406817 0.06810355 13.38588 -0.07830368 0.1614301 13.42193 -0.2153009 0.3697401 13.28435 -0.08955936 0.1130602 13.16854 0.05983021 0.1547918 13.42543 0.3967272 0.25471 13.39822 0.1913767 0.04928446 13.2946 -0.002630932 0.2984641 13.42794 -0.0934612 0.742538 13.45971 -0.1854002 1.139727 13.39366 -0.2561231 1.478881 13.36823 0.09227355 0.7445219 13.46019 0.178016 1.116738 13.30364 0.2500822 1.445982 13.21616  A_Punch_Far
-0.01023911 0.06531811 13.38676 -0.07538532 0.158186 13.42245 -0.2124041 0.3651469 13.28413 -0.08682965 0.1078256 13.16957 0.06280001 0.1528518 13.42614 0.3989087 0.2546493 13.39564 0.1932619 0.04415476 13.30341 -0.001023276 0.295922 13.42876 -0.0938295 0.7399808 13.4574 -0.1846952 1.138131 13.39579 -0.2545446 1.477298 13.36822 0.0918798 0.7423391 13.46023 0.1779137 1.115769 13.30677 0.2491368 1.444333 13.2161  A_Punch_Far
-0.006768627 0.06316197 13.38752 -0.07279746 0.1557146 13.42283 -0.2110869 0.3610915 13.28428 -0.08362924 0.1041696 13.17091 0.06543811 0.1516155 13.42621 0.401042 0.2548478 13.39418 0.1961506 0.04122376 13.30764 0.0003494192 0.2941149 13.4288 -0.09358476 0.7383527 13.45489 -0.1844832 1.137067 13.39711 -0.2541294 1.476189 13.36848 0.09211208 0.7406843 13.45847 0.1776909 1.115629 13.30848 0.247968 1.44418 13.21703  A_Punch_Far
-0.003485842 0.06129122 13.38859 -0.07034729 0.1535355 13.42353 -0.2098271 0.3574069 13.28476 -0.08059578 0.1008773 13.17251 0.06792499 0.1506017 13.4266 0.4030391 0.2551823 13.39313 0.1988935 0.03874886 13.31197 0.001647191 0.2925525 13.42918 -0.09334968 0.7369388 13.45287 -0.184308 1.136146 13.39869 -0.2537248 1.47523 13.36907 0.09233262 0.7392527 13.45714 0.1774601 1.11473 13.30823 0.2468257 1.442723 13.21412  A_Punch_Far
-0.001535637 0.05983627 13.39002 -0.06905209 0.1519696 13.42455 -0.2103702 0.3543686 13.2857 -0.0787295 0.09849012 13.17477 0.06924708 0.1499141 13.42707 0.40416 0.2548916 13.39237 0.2003449 0.03729355 13.31354 0.002088742 0.2914542 13.42942 -0.09296845 0.7362169 13.4505 -0.184289 1.135632 13.39851 -0.2537587 1.47463 13.36805 0.09271874 0.7380971 13.45478 0.1776674 1.114438 13.30796 0.2466215 1.442428 13.21354  A_Punch_Far
0.0007763077 0.05813599 13.39176 -0.06752448 0.1501298 13.42578 -0.2110643 0.3507423 13.28686 -0.07651828 0.09569657 13.17751 0.07079686 0.1491172 13.42763 0.4054715 0.2545321 13.39146 0.2020489 0.03560758 13.31533 0.002593415 0.2901609 13.42972 -0.0925108 0.7353575 13.44764 -0.1842618 1.135 13.39822 -0.2537776 1.473897 13.36676 0.09318133 0.7367058 13.4519 0.1779205 1.114083 13.30765 0.2463688 1.442096 13.21293  A_Punch_Far
0.00226243 0.05695117 13.39324 -0.06661873 0.1488771 13.42684 -0.2118084 0.3481587 13.28775 -0.07511996 0.09368157 13.17975 0.07171215 0.1485806 13.42816 0.4063605 0.2536572 13.39061 0.2025256 0.03453994 13.31616 0.002793686 0.2892802 13.42996 -0.0922399 0.7348034 13.44536 -0.1844199 1.134581 13.39786 -0.2540759 1.4734 13.36587 0.09345616 0.7357281 13.44956 0.1780851 1.113918 13.30738 0.2462623 1.442058 13.21291  A_Punch_Far
0.003372984 0.05602169 13.39454 -0.06598465 0.1479079 13.42779 -0.2125313 0.3460912 13.28851 -0.07408933 0.09206355 13.18168 0.07234986 0.1481699 13.42865 0.4070476 0.2526411 13.38982 0.2025303 0.03375018 13.31658 0.002873378 0.2885981 13.43016 -0.09205239 0.7343875 13.4434 -0.1846346 1.134256 13.39749 -0.2544533 1.473012 13.36518 0.09364672 0.7349501 13.44753 0.1782077 1.113825 13.30715 0.2462112 1.442124 13.21311  A_Punch_Far
