-0.03669612 0.001414895 10.71599 -0.1064585 0.09303176 10.75065 -0.3576117 0.3002059 10.8276 -0.515421 0.5055305 10.66013 0.03183498 0.09231353 10.74724 0.2865026 0.3103036 10.83791 0.4190856 0.5505487 10.69717 -0.03693936 0.2326341 10.73585 -0.1282688 0.6783187 10.70365 -0.1815188 1.084213 10.64898 -0.2168239 1.428407 10.61803 0.0574698 0.6772084 10.70243 0.0991322 1.076699 10.60717 0.1319621 1.418058 10.5468  S_DodgingRight_Far
-0.03876172 0.001995444 10.71774 -0.1086932 0.09374797 10.7517 -0.3596875 0.3004029 10.82851 -0.5176558 0.5057011 10.66116 0.02961005 0.09311485 10.74869 0.2843972 0.3113453 10.83878 0.4169814 0.5507774 10.69666 -0.03923414 0.2333176 10.73632 -0.1291505 0.679302 10.7026 -0.1825186 1.084886 10.64578 -0.2177413 1.429346 10.61784 0.0565842 0.6773822 10.7019 0.09707655 1.077111 10.60713 0.1293829 1.418653 10.54752  S_DodgingRight_Far
-0.040637 0.002715826 10.71946 -0.1107675 0.09456205 10.75275 -0.361701 0.3005722 10.82956 -0.5198758 0.5056665 10.66216 0.02754434 0.09406543 10.75014 0.2824118 0.3125763 10.8397 0.4147254 0.5511711 10.69593 -0.04141639 0.2341268 10.73685 -0.1300867 0.6803743 10.70171 -0.1835835 1.08558 10.64237 -0.2187155 1.430262 10.6172 0.05563994 0.6777137 10.70144 0.09508242 1.077624 10.60699 0.1270074 1.419332 10.54813  S_DodgingRight_Far
-0.04282437 0.003788352 10.72218 -0.1134581 0.09558785 10.75456 -0.3648157 0.2998509 10.83209 -0.5235841 0.5036925 10.66372 0.02486499 0.09558654 10.75257 0.2800467 0.3144841 10.84149 0.4110591 0.5511565 10.69342 -0.04454998 0.2353027 10.73806 -0.1319958 0.6818432 10.70109 -0.1857978 1.086047 10.63553 -0.2207057 1.430988 10.61382 0.05371578 0.6782748 10.70101 0.09198733 1.07822 10.60624 0.1239827 1.420141 10.54867  S_DodgingRight_Far
-0.0448135 0.004981041 10.72474 -0.1159357 0.09671688 10.75627 -0.3677116 0.299258 10.83456 -0.5270668 0.5017852 10.66516 0.02239372 0.09720564 10.75486 0.2781987 0.3161938 10.84316 0.4083008 0.5505434 10.69066 -0.04746209 0.2365791 10.73922 -0.1338807 0.6833519 10.70051 -0.1880657 1.086505 10.62905 -0.2227509 1.431668 10.6108 0.0518141 0.6789949 10.70061 0.08915456 1.078917 10.60537 0.121445 1.421014 10.54903  S_DodgingRight_Far
-0.046742 0.006688595 10.72845 -0.1187499 0.09819543 10.75875 -0.3715019 0.2974811 10.83897 -0.5319178 0.4969571 10.66698 0.01957967 0.09959853 10.75827 0.2765417 0.3185835 10.84586 0.4040905 0.5477626 10.68365 -0.05109088 0.2383729 10.74105 -0.1373041 0.6851497 10.69966 -0.1930018 1.086394 10.61919 -0.2277374 1.431845 10.60774 0.04837801 0.6802937 10.69998 0.0859008 1.07967 10.60254 0.1201866 1.421916 10.54832  S_DodgingRight_Far
-0.04847155 0.008398533 10.73171 -0.1212513 0.0996902 10.76093 -0.3747938 0.2961069 10.84286 -0.5361272 0.4928423 10.66858 0.01706805 0.1019056 10.76127 0.2750323 0.3208321 10.84827 0.4001717 0.5452702 10.67777 -0.05430893 0.2401369 10.74265 -0.1403265 0.6869038 10.69889 -0.1973419 1.086297 10.61052 -0.2318792 1.431915 10.60506 0.04534312 0.6816046 10.6994 0.08303936 1.080489 10.60003 0.1191458 1.422836 10.54766  S_DodgingRight_Far
-0.0531979 0.01251733 10.73972 -0.1275387 0.1036956 10.76568 -0.383985 0.2928734 10.8492 -0.5488464 0.4824961 10.6704 0.01071884 0.1071002 10.76892 0.271863 0.3250157 10.85413 0.3923826 0.5350292 10.66315 -0.06136976 0.2443563 10.74626 -0.1473838 0.6905406 10.69529 -0.2101263 1.0854 10.59173 -0.246666 1.430727 10.60108 0.03825988 0.6851072 10.6982 0.07865144 1.081857 10.59161 0.1205234 1.424174 10.5435  S_DodgingRight_Far
-0.05836211 0.01591694 10.74622 -0.1335373 0.1073627 10.76905 -0.3926528 0.2916846 10.8505 -0.5598665 0.4758679 10.66823 0.004610257 0.1110734 10.77527 0.2682216 0.3283161 10.85799 0.3864268 0.5268217 10.65372 -0.06716655 0.2478157 10.74883 -0.1520648 0.6934578 10.69126 -0.2204102 1.08485 10.5785 -0.2598003 1.429353 10.59948 0.03350278 0.6878521 10.69716 0.07614113 1.082789 10.58486 0.1219776 1.425019 10.53986  S_DodgingRight_Far
-0.06657462 0.01998568 10.75413 -0.142138 0.1122234 10.77248 -0.404916 0.2920064 10.84696 -0.5742126 0.4701009 10.6606 -0.004253073 0.1154664 10.78318 0.2623613 0.33204 10.86137 0.3802805 0.5173078 10.64486 -0.07443158 0.2519252 10.75151 -0.1562834 0.696833 10.68503 -0.2326815 1.084487 10.56477 -0.2775236 1.427227 10.59931 0.02904846 0.6908733 10.6959 0.07437451 1.083575 10.57701 0.1240326 1.425683 10.53524  S_DodgingRight_Far
-0.0781378 0.02432644 10.7624 -0.1532194 0.1179297 10.77526 -0.4201865 0.2954402 10.83643 -0.5874479 0.4672711 10.64251 -0.01586209 0.1197482 10.7916 0.2542274 0.3356918 10.8623 0.3736661 0.5103929 10.63798 -0.08285008 0.2562134 10.75366 -0.1589268 0.700362 10.67723 -0.2458429 1.084673 10.55343 -0.2987495 1.424577 10.6018 0.0259424 0.6934911 10.69389 0.07348855 1.084217 10.56949 0.12593 1.426264 10.53074  S_DodgingRight_Far
-0.09013455 0.02834415 10.7694 -0.1641152 0.1233916 10.77705 -0.4344718 0.3002641 10.82292 -0.5972141 0.4666542 10.62059 -0.02750723 0.1234581 10.79886 0.2459859 0.3383169 10.86132 0.3680722 0.5060356 10.63313 -0.09067033 0.2600166 10.75514 -0.1600248 0.7034194 10.66986 -0.2574093 1.085003 10.54543 -0.3187725 1.421642 10.60528 0.02423807 0.6954482 10.69189 0.07333107 1.084685 10.56349 0.1274852 1.426716 10.52702  S_DodgingRight_Far
-0.1043894 0.0328666 10.77652 -0.1765217 0.1295792 10.77862 -0.4494303 0.3075725 10.80617 -0.602275 0.4671673 10.59105 -0.04097579 0.1274351 10.80619 0.2361133 0.3403881 10.8597 0.3607894 0.5042216 10.6301 -0.0993266 0.2640811 10.75646 -0.1606182 0.7065324 10.66227 -0.2693336 1.085507 10.53925 -0.340043 1.418389 10.60899 0.02292396 0.6972033 10.68923 0.07379939 1.085168 10.5577 0.1295317 1.427174 10.52345  S_DodgingRight_Far
-0.1302529 0.04068148 10.78689 -0.1979455 0.1402396 10.78024 -0.4718911 0.3235501 10.77386 -0.5962375 0.468873 10.53193 -0.06468169 0.1338525 10.8168 0.2178729 0.3423682 10.85548 0.346368 0.5078641 10.62919 -0.1138138 0.2704904 10.75793 -0.1604456 0.711022 10.65065 -0.2875499 1.086634 10.53518 -0.3738698 1.41331 10.61584 0.02194865 0.6990311 10.68367 0.07575358 1.085808 10.54984 0.1335383 1.427768 10.51866  S_DodgingRight_Far
-0.1579545 0.04913306 10.7952 -0.2198271 0.1515523 10.78139 -0.4906892 0.3426107 10.7402 -0.5708534 0.4692302 10.47066 -0.08912818 0.140116 10.82526 0.1983619 0.3423368 10.8538 0.3264192 0.5140821 10.63197 -0.1282749 0.2767326 10.75928 -0.160395 0.7150466 10.642 -0.3028912 1.088145 10.5368 -0.4024377 1.410993 10.61763 0.02129229 0.7000904 10.67761 0.07781805 1.086613 10.54416 0.1377895 1.428532 10.51691  S_DodgingRight_Far
-0.1816283 0.05708933 10.80096 -0.2381088 0.1616151 10.78183 -0.5034974 0.3584782 10.71155 -0.5411735 0.4660093 10.42498 -0.1098348 0.1459123 10.83119 0.1815835 0.3421077 10.85279 0.3086321 0.5198448 10.63513 -0.1404435 0.282163 10.76014 -0.1605442 0.7183331 10.63575 -0.3142004 1.089608 10.54026 -0.4235658 1.40998 10.6182 0.02069695 0.7007206 10.6724 0.07961263 1.087336 10.54026 0.1416242 1.429162 10.51665  S_DodgingRight_Far
-0.211325 0.06700325 10.80542 -0.2606542 0.1740466 10.78193 -0.5146424 0.3771521 10.67459 -0.4891969 0.4566875 10.37772 -0.1354022 0.1523234 10.8365 0.157181 0.3441284 10.85758 0.2782748 0.5311276 10.64434 -0.1556138 0.2884855 10.76166 -0.1617025 0.7224169 10.63243 -0.3229961 1.093133 10.548 -0.4403578 1.413734 10.61215 0.0193816 0.7010593 10.66784 0.08235736 1.087489 10.53704 0.1479225 1.428929 10.51786  S_DodgingRight_Far
-0.2398355 0.07768214 10.80826 -0.2821057 0.1867144 10.78122 -0.5216352 0.3927609 10.6394 -0.4368778 0.4426596 10.34711 -0.1600873 0.1593397 10.84037 0.1353064 0.3444747 10.86342 0.2549208 0.537738 10.65498 -0.1704248 0.2949876 10.76264 -0.1632476 0.7266077 10.62999 -0.3297562 1.097331 10.55641 -0.4533077 1.418186 10.60602 0.01766069 0.701431 10.66375 0.08510406 1.087649 10.53456 0.1545336 1.428548 10.5199  S_DodgingRight_Far
-0.2681859 0.08793879 10.80697 -0.3037952 0.1987325 10.7785 -0.5234139 0.4062862 10.60427 -0.3777998 0.423265 10.33294 -0.1851835 0.1656195 10.84152 0.1088653 0.3476808 10.87653 0.2277413 0.5464125 10.67287 -0.1864309 0.301375 10.7633 -0.1662987 0.7318372 10.63186 -0.3331986 1.103606 10.56473 -0.4586723 1.425535 10.60067 0.01433249 0.7022475 10.66346 0.08600868 1.086923 10.53196 0.1596205 1.427054 10.52015  S_DodgingRight_Far
-0.3110595 0.1055306 10.80171 -0.3366431 0.2184694 10.77251 -0.526118 0.4179775 10.55224 -0.3079156 0.3821713 10.33726 -0.2238341 0.1767637 10.84086 0.06647284 0.3539784 10.89788 0.1861666 0.5592116 10.70126 -0.2116584 0.3124846 10.76352 -0.1715205 0.7412526 10.6365 -0.3386136 1.113947 10.57524 -0.4655776 1.436634 10.59591 0.008323805 0.704536 10.66495 0.0864044 1.086379 10.52893 0.1666183 1.425145 10.52178  S_DodgingRight_Far
-0.3379906 0.1174023 10.79529 -0.3577915 0.2314832 10.76733 -0.5254028 0.4248595 10.52307 -0.2738339 0.3571253 10.35805 -0.2488239 0.1843624 10.83834 0.03823598 0.357424 10.91475 0.1623892 0.5654731 10.72395 -0.2289706 0.320538 10.76344 -0.1760872 0.7486486 10.64172 -0.344907 1.119968 10.57694 -0.4722796 1.442529 10.59705 0.002958672 0.7071339 10.66856 0.08469649 1.086415 10.52761 0.1692611 1.42417 10.52334  S_DodgingRight_Far
-0.3738768 0.1351883 10.78391 -0.3862483 0.2506601 10.7594 -0.5244945 0.4362091 10.49035 -0.2496961 0.3316014 10.39735 -0.2826359 0.1957395 10.83278 0.002117233 0.357109 10.93626 0.1376854 0.5699244 10.75896 -0.2529209 0.3328291 10.76298 -0.1830831 0.7598501 10.64988 -0.3558042 1.127474 10.57508 -0.4826178 1.449788 10.60166 -0.005397959 0.7120705 10.67531 0.08122166 1.087556 10.52728 0.1710848 1.423967 10.5271  S_DodgingRight_Far
-0.4001833 0.1500055 10.77378 -0.4073001 0.2663141 10.75295 -0.5240695 0.4465514 10.46994 -0.2460852 0.3188452 10.43091 -0.3078388 0.2052954 10.82726 -0.02413015 0.3537241 10.95153 0.1228507 0.5704032 10.78859 -0.2711019 0.3431305 10.76244 -0.188864 0.7690925 10.6567 -0.3656584 1.132479 10.57144 -0.490573 1.454641 10.60725 -0.01236401 0.7167965 10.68148 0.07773323 1.089202 10.52786 0.1710354 1.424662 10.53081  S_DodgingRight_Far
-0.4270424 0.1680093 10.76127 -0.4287988 0.2851689 10.74597 -0.5296721 0.4706471 10.46007 -0.2596691 0.3218341 10.45228 -0.3335145 0.2166812 10.81923 -0.04751907 0.3404802 10.96451 0.1192717 0.562387 10.83019 -0.2896376 0.3554659 10.76124 -0.1952883 0.7801916 10.66459 -0.3763214 1.137752 10.56482 -0.4975806 1.459762 10.61257 -0.02009164 0.7238435 10.68974 0.07542612 1.092112 10.52956 0.1716895 1.426712 10.53448  S_DodgingRight_Far
-0.445099 0.1818129 10.75216 -0.4432493 0.2993246 10.74105 -0.5345374 0.4908367 10.45586 -0.2728156 0.3279182 10.46404 -0.3508848 0.2256063 10.81296 -0.06426053 0.330315 10.97184 0.1165287 0.5539044 10.86036 -0.3022243 0.3648309 10.76007 -0.1998787 0.7885619 10.67028 -0.3838082 1.141628 10.56033 -0.5018937 1.463516 10.61618 -0.0255963 0.729539 10.69565 0.07392128 1.094671 10.53079 0.172001 1.428725 10.53679  S_DodgingRight_Far
-0.4625781 0.1967244 10.7412 -0.4572846 0.3145041 10.73551 -0.5448554 0.5239451 10.46203 -0.2930793 0.3458548 10.46243 -0.3673433 0.2348685 10.80411 -0.08000676 0.315782 10.97483 0.1167574 0.5394225 10.895 -0.3143333 0.3747205 10.75741 -0.204907 0.7978913 10.67707 -0.3906094 1.146137 10.55535 -0.5057719 1.467934 10.61747 -0.03146724 0.7364406 10.70244 0.07409592 1.097426 10.5323 0.1744022 1.430821 10.53814  S_DodgingRight_Far
-0.4753056 0.2077941 10.73171 -0.4675778 0.3255874 10.7306 -0.5528412 0.5518814 10.47021 -0.3093508 0.3631184 10.45648 -0.3793626 0.2414516 10.79599 -0.09316038 0.3036455 10.97563 0.1154526 0.5243084 10.92185 -0.3233172 0.3817712 10.75454 -0.2088916 0.8046251 10.68255 -0.3954636 1.149139 10.55188 -0.5082823 1.470831 10.61866 -0.03607617 0.741358 10.70773 0.07411762 1.099017 10.53354 0.175833 1.431989 10.53918  S_DodgingRight_Far
-0.4847254 0.2164776 10.72157 -0.4753588 0.3341731 10.72501 -0.5600401 0.5802829 10.48334 -0.3243971 0.3855441 10.44264 -0.3881663 0.2462454 10.78669 -0.1049408 0.2927041 10.97444 0.113211 0.508673 10.94492 -0.3301712 0.387219 10.75046 -0.2123414 0.8102618 10.68763 -0.3986059 1.152048 10.54956 -0.5096423 1.473595 10.61994 -0.03997986 0.7455564 10.71225 0.07416995 1.100401 10.53489 0.1766923 1.433127 10.5404  S_DodgingRight_Far
-0.4926344 0.2242862 10.71035 -0.4820343 0.3417283 10.71865 -0.566025 0.6081408 10.49987 -0.3387668 0.4136251 10.42487 -0.3956541 0.2503091 10.77625 -0.1169609 0.2816435 10.97238 0.1094976 0.4908832 10.96608 -0.3361419 0.3919865 10.74567 -0.2155683 0.8153457 10.69282 -0.4009947 1.154633 10.54764 -0.5100816 1.47617 10.62105 -0.04358296 0.7493291 10.71657 0.07406171 1.101435 10.53606 0.1768685 1.434076 10.54145  S_DodgingRight_Far
-0.4969859 0.2292064 10.70045 -0.4859046 0.3463519 10.71278 -0.5695376 0.6288785 10.51594 -0.3493792 0.4421551 10.40744 -0.3998609 0.252542 10.76694 -0.1261433 0.273066 10.97013 0.1057946 0.4760472 10.98051 -0.3396886 0.3948934 10.74116 -0.217776 0.8187176 10.69691 -0.4020226 1.156415 10.54662 -0.5094681 1.478111 10.62173 -0.04597883 0.7518566 10.71965 0.07380183 1.102031 10.5368 0.1762369 1.434786 10.54215  S_DodgingRight_Far
-0.4978963 0.2318285 10.69251 -0.4869698 0.3486927 10.70807 -0.5719311 0.6422612 10.52958 -0.3565356 0.469121 10.3927 -0.4007259 0.2534418 10.75932 -0.1306255 0.2661885 10.96714 0.1059242 0.4628975 10.98846 -0.3406711 0.3964733 10.73731 -0.2189215 0.820968 10.7 -0.4026912 1.157573 10.5467 -0.508952 1.479488 10.62255 -0.04706923 0.7538173 10.72143 0.07346667 1.102746 10.5367 0.175153 1.435729 10.54219  S_DodgingRight_Far
-0.4968769 0.2329707 10.68499 -0.4864797 0.349527 10.70361 -0.5738918 0.651993 10.5429 -0.3629045 0.497571 10.37936 -0.3997017 0.2532761 10.75201 -0.1326582 0.259329 10.96344 0.1084744 0.4492474 10.99328 -0.3402245 0.397042 10.73348 -0.2195335 0.8223724 10.70276 -0.4032517 1.158077 10.54744 -0.5085174 1.480259 10.62355 -0.04747812 0.7552527 10.7226 0.07301779 1.103258 10.53611 0.1736273 1.436563 10.54187  S_DodgingRight_Far
-0.4902245 0.2314017 10.67757 -0.4813097 0.3476487 10.69923 -0.5756045 0.6567576 10.55689 -0.3674901 0.5313154 10.367 -0.3930368 0.2512225 10.74448 -0.1258413 0.2508438 10.95618 0.1227083 0.4300394 10.99106 -0.3354005 0.396122 10.72926 -0.2186828 0.8231064 10.70575 -0.4041138 1.157043 10.54867 -0.509696 1.479756 10.62204 -0.04595093 0.7570732 10.72321 0.07284899 1.104548 10.53466 0.171619 1.438388 10.5412  S_DodgingRight_Far
-0.4826891 0.2283695 10.67211 -0.4752695 0.344376 10.69591 -0.5761998 0.6569768 10.56696 -0.3709954 0.5567954 10.35969 -0.3854968 0.2482607 10.73881 -0.116459 0.243314 10.94892 0.1384661 0.4129658 10.98547 -0.3297755 0.394127 10.72587 -0.2173617 0.8226156 10.70771 -0.4045736 1.155704 10.55093 -0.5109192 1.478634 10.62221 -0.04392801 0.7579418 10.72319 0.072845 1.105216 10.53301 0.1698596 1.439554 10.54039  S_DodgingRight_Far
-0.4692274 0.2222606 10.66701 -0.4641685 0.3380967 10.69264 -0.5742215 0.6523672 10.57637 -0.3735131 0.5814505 10.35322 -0.3720937 0.243189 10.73328 -0.09725212 0.2335559 10.93785 0.1660431 0.3905438 10.97154 -0.3194805 0.3903583 10.72222 -0.2145137 0.8210325 10.70912 -0.4041755 1.154124 10.55533 -0.5124776 1.477115 10.62331 -0.03993122 0.7590103 10.72238 0.07339503 1.10638 10.5303 0.1678268 1.441421 10.53916  S_DodgingRight_Far
-0.4571795 0.2164382 10.66371 -0.4541955 0.332177 10.6905 -0.5709127 0.6472636 10.58407 -0.3766282 0.5982045 10.34964 -0.3602045 0.2385331 10.72966 -0.07969539 0.2250041 10.92863 0.1890164 0.3740313 10.95489 -0.3103072 0.3867326 10.71983 -0.2118766 0.8191223 10.70984 -0.4031161 1.15266 10.55899 -0.5134439 1.475522 10.62428 -0.03635232 0.7595317 10.72175 0.07418634 1.106818 10.5279 0.1663073 1.442475 10.53767  S_DodgingRight_Far
-0.4423446 0.2092031 10.66094 -0.441881 0.3248886 10.68866 -0.5652131 0.6404169 10.59268 -0.3808674 0.6133517 10.34693 -0.3456953 0.2329746 10.72657 -0.05784891 0.2148751 10.91788 0.2151545 0.3578131 10.92981 -0.2990681 0.3823006 10.7178 -0.2085313 0.8165588 10.71009 -0.4010125 1.151159 10.56323 -0.5140298 1.473691 10.62547 -0.03194593 0.7599931 10.72102 0.07561447 1.107131 10.52524 0.1649297 1.443515 10.53602  S_DodgingRight_Far
-0.4252019 0.2006428 10.65829 -0.4276681 0.3162435 10.68691 -0.5569957 0.6321079 10.60245 -0.3865283 0.6276733 10.34549 -0.3290576 0.2264324 10.72362 -0.03302614 0.2045084 10.90535 0.2417389 0.3443406 10.8979 -0.2861976 0.376943 10.71594 -0.2045716 0.8131108 10.71001 -0.3977011 1.149432 10.56801 -0.5138345 1.471379 10.62748 -0.02688192 0.7599969 10.72035 0.07746948 1.106906 10.52244 0.1634264 1.444143 10.53386  S_DodgingRight_Far
-0.3960783 0.1865771 10.65574 -0.4035801 0.3019904 10.68549 -0.5391014 0.6183298 10.61912 -0.3967871 0.6454409 10.34687 -0.3011126 0.2159899 10.72073 0.00842114 0.1865169 10.88427 0.2801418 0.3251266 10.83889 -0.2646316 0.3682412 10.71456 -0.1976369 0.8071131 10.70943 -0.3903323 1.146002 10.57305 -0.5120555 1.466938 10.6265 -0.01834969 0.7597364 10.72006 0.08115114 1.106161 10.51883 0.1611152 1.444875 10.53008  S_DodgingRight_Far
-0.3556512 0.1671706 10.65347 -0.3704518 0.2818799 10.68494 -0.508419 0.5988911 10.64067 -0.4084958 0.6635492 10.35617 -0.2627133 0.2016859 10.71809 0.06199928 0.1675451 10.85522 0.3178926 0.3094803 10.75787 -0.2355654 0.3559512 10.71427 -0.1875219 0.7978472 10.70873 -0.3760934 1.140396 10.57578 -0.5051635 1.460002 10.61899 -0.006633205 0.7576153 10.72147 0.08638163 1.104051 10.51718 0.1578373 1.444736 10.52587  S_DodgingRight_Far
-0.3328128 0.1560192 10.65213 -0.3518929 0.2700164 10.68477 -0.4901607 0.5869844 10.65192 -0.4132879 0.6714716 10.36546 -0.2411629 0.1934297 10.71656 0.09031446 0.1613007 10.8392 0.3324406 0.3059945 10.71453 -0.2196324 0.3486091 10.71428 -0.1816298 0.791958 10.70865 -0.3666575 1.13671 10.57642 -0.4988525 1.455841 10.6132 -9.529101E-05 0.7552654 10.72281 0.08930321 1.102229 10.5178 0.156281 1.443872 10.52429  S_DodgingRight_Far
-0.3118682 0.1457175 10.651 -0.3350308 0.2587991 10.68487 -0.474197 0.5749627 10.66109 -0.4166637 0.6759453 10.37543 -0.2214802 0.1858424 10.71522 0.1151411 0.1598642 10.82566 0.3426715 0.306031 10.67744 -0.2054664 0.3417028 10.71455 -0.1761249 0.7863113 10.70904 -0.356917 1.132977 10.57596 -0.4911136 1.451982 10.60598 0.005838709 0.7524007 10.72456 0.09173425 1.100375 10.51977 0.1549077 1.442783 10.52344  S_DodgingRight_Far
-0.2819302 0.1307213 10.64929 -0.3110291 0.2421026 10.68504 -0.4532374 0.5557863 10.67352 -0.4210272 0.6787544 10.39254 -0.1934538 0.1748356 10.71312 0.1490109 0.1628592 10.80744 0.3521893 0.3097117 10.62784 -0.1857505 0.3313193 10.71481 -0.1683242 0.7775746 10.71009 -0.3423833 1.127129 10.57559 -0.477644 1.446434 10.59616 0.01412924 0.7471659 10.72705 0.09504677 1.097186 10.52372 0.1535314 1.440446 10.52295  S_DodgingRight_Far
-0.2596903 0.119784 10.64811 -0.2933629 0.2295171 10.68538 -0.4402489 0.5399641 10.68206 -0.4238723 0.6768037 10.40617 -0.1727198 0.1670662 10.7115 0.1724956 0.1718158 10.79593 0.3561921 0.3170942 10.59529 -0.1717476 0.323706 10.71502 -0.1626146 0.771176 10.71157 -0.3307449 1.122957 10.57535 -0.4649825 1.443061 10.58906 0.0201238 0.7427733 10.72894 0.0972984 1.095051 10.52807 0.1531739 1.438712 10.52327  S_DodgingRight_Far
-0.2355682 0.1085702 10.64683 -0.2741478 0.2162237 10.68576 -0.4284267 0.5217322 10.69133 -0.4277109 0.6726481 10.42239 -0.1502954 0.159386 10.70958 0.196193 0.18533 10.78423 0.3582214 0.3276668 10.5638 -0.1568408 0.3158365 10.71504 -0.156878 0.764476 10.71351 -0.3186262 1.118556 10.57553 -0.4504403 1.439874 10.58287 0.02619989 0.7381982 10.73065 0.09915979 1.093271 10.53315 0.152438 1.437261 10.52419  S_DodgingRight_Far
-0.2099975 0.09725261 10.64562 -0.2537367 0.2023193 10.68638 -0.4200724 0.5000002 10.7015 -0.4335284 0.664372 10.44091 -0.1265837 0.1520474 10.7074 0.2183815 0.2054687 10.77348 0.3582292 0.3443164 10.53627 -0.1415028 0.3078411 10.71483 -0.1515797 0.7575701 10.71623 -0.3066756 1.11381 10.57618 -0.4340712 1.43698 10.57854 0.03192862 0.7334806 10.73191 0.1001831 1.092084 10.53917 0.1511216 1.436292 10.52599  S_DodgingRight_Far
-0.1869434 0.08784699 10.64451 -0.2351047 0.1903493 10.6869 -0.4135996 0.4795998 10.71035 -0.4390403 0.6551456 10.45808 -0.1052528 0.1462913 10.70519 0.2360825 0.2245879 10.76428 0.3582885 0.3606232 10.51596 -0.1277411 0.3010823 10.71432 -0.1475728 0.7514771 10.71877 -0.2969586 1.109514 10.57711 -0.4191895 1.434681 10.5772 0.03636606 0.7297186 10.73272 0.100704 1.091327 10.5443 0.1497766 1.435656 10.52763  S_DodgingRight_Far
-0.166392 0.08005691 10.64353 -0.2182938 0.1801021 10.68738 -0.4088589 0.4604514 10.71806 -0.4443004 0.6453221 10.47378 -0.08627616 0.1418396 10.70302 0.2499984 0.2422818 10.75653 0.3584057 0.3773922 10.50139 -0.1155363 0.2954012 10.7136 -0.1447247 0.7460876 10.72116 -0.2892816 1.105597 10.57822 -0.4057644 1.432867 10.57837 0.03962233 0.7267567 10.73316 0.1008181 1.090883 10.54857 0.1485166 1.435254 10.52906  S_DodgingRight_Far
-0.1430093 0.07188892 10.64247 -0.198856 0.1689968 10.688 -0.4027536 0.4384903 10.72662 -0.4500116 0.6327462 10.49181 -0.06473087 0.1374724 10.70041 0.2643639 0.2611632 10.74853 0.3607086 0.3971888 10.48907 -0.1015579 0.2892724 10.71265 -0.1419551 0.7398979 10.72375 -0.2807997 1.101023 10.57924 -0.3892343 1.431045 10.5805 0.04282017 0.7236863 10.73359 0.1004737 1.090453 10.55315 0.1466221 1.434847 10.53054  S_DodgingRight_Far
-0.1221379 0.06516373 10.64168 -0.1811944 0.1595603 10.68873 -0.3966968 0.4187047 10.73414 -0.4548401 0.6202071 10.50803 -0.04552088 0.1341799 10.69799 0.2763322 0.2765821 10.74219 0.3651204 0.4166058 10.48216 -0.08897083 0.2840928 10.71169 -0.1399976 0.7342592 10.72598 -0.2734445 1.096804 10.57994 -0.3727863 1.429662 10.5833 0.04511883 0.7212209 10.73394 0.09965409 1.090051 10.55676 0.1444798 1.434427 10.53139  S_DodgingRight_Far
-0.1053273 0.05977619 10.64138 -0.1667648 0.1519754 10.68958 -0.3912129 0.4022739 10.74055 -0.4594469 0.6089486 10.52206 -0.03009163 0.1316203 10.69617 0.2852386 0.2882837 10.73812 0.3709465 0.4340228 10.48021 -0.0787733 0.2798163 10.71091 -0.1383504 0.7294138 10.72747 -0.2662596 1.093661 10.58071 -0.3564246 1.429096 10.58597 0.04698964 0.7189597 10.7339 0.09886618 1.089684 10.5599 0.1426519 1.434026 10.53233  S_DodgingRight_Far
-0.08058231 0.05186033 10.64154 -0.1451943 0.1408603 10.69131 -0.3820678 0.3772798 10.75074 -0.4674169 0.590209 10.54462 -0.007476611 0.1279981 10.69369 0.2972111 0.3044628 10.73394 0.3828486 0.4634048 10.48392 -0.06368743 0.2733709 10.7097 -0.1357331 0.7218488 10.72898 -0.2531514 1.089692 10.58243 -0.3264929 1.429143 10.5907 0.04984941 0.7151847 10.73302 0.09764422 1.089332 10.56529 0.1399072 1.433627 10.53491  S_DodgingRight_Far
-0.07011686 0.04746568 10.64283 -0.13596 0.1352949 10.69293 -0.3778483 0.3650504 10.75651 -0.4728369 0.5798212 10.55662 0.002041297 0.1256667 10.69338 0.3009612 0.3112653 10.73448 0.3905059 0.4790481 10.49171 -0.05732374 0.2697902 10.70931 -0.134079 0.7178959 10.72853 -0.2440109 1.089229 10.58499 -0.3081284 1.430516 10.59427 0.05157288 0.712526 10.731 0.09785534 1.089142 10.56845 0.139687 1.433425 10.53735  S_DodgingRight_Far
-0.05895023 0.04284406 10.64446 -0.1260854 0.1294624 10.69482 -0.3730933 0.3517375 10.76313 -0.4788852 0.5678874 10.57027 0.01210447 0.1232873 10.69318 0.3042279 0.318724 10.73573 0.3981138 0.4967417 10.50206 -0.0506057 0.266016 10.70885 -0.13219 0.7137294 10.72768 -0.2331642 1.089273 10.58859 -0.2873126 1.432267 10.59844 0.05350949 0.7096297 10.72835 0.09833004 1.089024 10.57197 0.1396816 1.433308 10.54024  S_DodgingRight_Far
-0.05028973 0.0377748 10.64741 -0.1184796 0.1237373 10.69741 -0.369643 0.3388196 10.77034 -0.486549 0.5547565 10.58376 0.01977493 0.1203136 10.69406 0.3045942 0.3248976 10.7401 0.4053017 0.5138779 10.51818 -0.04560957 0.2619712 10.70846 -0.1301278 0.7096581 10.7252 -0.2196956 1.091392 10.59546 -0.2654839 1.435647 10.60354 0.05557783 0.7060551 10.7238 0.09974451 1.088646 10.57522 0.1409111 1.432976 10.54375  S_DodgingRight_Far
-0.04476986 0.03398585 10.65029 -0.1137037 0.1196847 10.69968 -0.3674692 0.3294425 10.77632 -0.4926338 0.5441585 10.59373 0.02455433 0.1180525 10.69529 0.3035468 0.329073 10.74495 0.4096602 0.5261041 10.53277 -0.04261015 0.2590177 10.70821 -0.1286856 0.7068036 10.72254 -0.2096854 1.093482 10.60215 -0.2511487 1.438338 10.60754 0.05700799 0.7032975 10.71987 0.1009566 1.088054 10.57693 0.1418783 1.43242 10.54553  S_DodgingRight_Far
-0.03989873 0.03023899 10.65382 -0.1095654 0.1158437 10.70231 -0.3655223 0.3202305 10.78295 -0.499095 0.5328474 10.6039 0.0286708 0.1158329 10.69702 0.3013155 0.3331283 10.75112 0.412957 0.5383289 10.54979 -0.04014824 0.2561632 10.70801 -0.1273095 0.704137 10.71915 -0.199438 1.095962 10.61031 -0.2375553 1.441243 10.61173 0.05836328 0.7005062 10.71542 0.1023065 1.087307 10.57809 0.1429155 1.431707 10.54667  S_DodgingRight_Far
-0.03573088 0.02675796 10.6583 -0.1060344 0.1125185 10.70552 -0.3629985 0.3127613 10.79016 -0.5046001 0.522601 10.61402 0.03218295 0.1136754 10.69987 0.2987897 0.3358977 10.75927 0.4165097 0.5485978 10.56952 -0.03789918 0.2535504 10.7084 -0.1259597 0.7016463 10.71531 -0.1926539 1.097387 10.61776 -0.2305687 1.442666 10.61347 0.05971571 0.6979528 10.71177 0.1025659 1.086507 10.57913 0.1419938 1.430928 10.54645  S_DodgingRight_Far
-0.03234546 0.02433264 10.66195 -0.1030331 0.110272 10.70818 -0.3601471 0.3083936 10.79546 -0.5075384 0.5165436 10.62209 0.03517135 0.1120969 10.70239 0.2977957 0.3370318 10.7658 0.4198088 0.5555366 10.5856 -0.03565715 0.2516948 10.70911 -0.1250219 0.6996323 10.71253 -0.1892333 1.097486 10.62217 -0.2273641 1.44267 10.61391 0.06067016 0.6963458 10.70949 0.1021412 1.086384 10.58083 0.1404733 1.430802 10.54685  S_DodgingRight_Far
-0.02848409 0.02134264 10.66646 -0.09945016 0.1075851 10.71158 -0.3561469 0.3044829 10.80121 -0.5095702 0.5112517 10.63145 0.03874226 0.1099054 10.70569 0.2977029 0.3366901 10.77365 0.4237351 0.5615686 10.60439 -0.03266887 0.2492878 10.71042 -0.1242484 0.6967405 10.7097 -0.1866807 1.096396 10.62632 -0.2251913 1.441414 10.61392 0.06146945 0.6944664 10.70741 0.1013255 1.086317 10.58385 0.1385363 1.430617 10.54751  S_DodgingRight_Far
-0.02542613 0.0170846 10.67286 -0.09637778 0.103936 10.71667 -0.3517922 0.3013288 10.80742 -0.5108014 0.5076227 10.64229 0.0418004 0.106387 10.7105 0.2981884 0.3332374 10.78371 0.4265407 0.5646172 10.6253 -0.02984302 0.2457097 10.71291 -0.1247095 0.6922318 10.7074 -0.1838726 1.093953 10.63194 -0.221406 1.438874 10.61477 0.06102582 0.6917529 10.70548 0.1005445 1.08591 10.58937 0.1371889 1.429592 10.54708  S_DodgingRight_Far
-0.02541511 0.0142293 10.6771 -0.0962985 0.1015233 10.72004 -0.350803 0.2997065 10.81063 -0.5119846 0.5063181 10.64802 0.04187395 0.1039351 10.71373 0.2973355 0.33026 10.78973 0.4262639 0.5646966 10.63636 -0.0297976 0.243261 10.71467 -0.125754 0.6894228 10.70643 -0.1821624 1.09248 10.63617 -0.218352 1.437376 10.61588 0.05998083 0.6895639 10.70441 0.1000837 1.085193 10.59363 0.1361603 1.428307 10.54652  S_DodgingRight_Far
-0.02694021 0.01079154 10.68224 -0.0978245 0.09862137 10.724 -0.3513766 0.2978427 10.8136 -0.5136106 0.5051891 10.65299 0.04035415 0.1009531 10.71779 0.2951484 0.3264132 10.79667 0.4246243 0.5634441 10.64781 -0.0313193 0.2402779 10.71684 -0.1270483 0.6864248 10.70534 -0.1810897 1.090798 10.64102 -0.2161089 1.435558 10.61677 0.05868514 0.6864397 10.70318 0.100064 1.083973 10.59994 0.1353887 1.426425 10.54773  S_DodgingRight_Far
-0.02765678 0.009014487 10.68509 -0.09858994 0.09713387 10.72613 -0.3517908 0.2968353 10.81499 -0.5141291 0.5045516 10.65496 0.03959926 0.09940541 10.72014 0.2941311 0.3243537 10.80041 0.4238857 0.5624727 10.65355 -0.03205405 0.2387286 10.71809 -0.1274662 0.6849046 10.70472 -0.1810279 1.089794 10.64331 -0.2159155 1.434436 10.61726 0.05826767 0.6847538 10.70261 0.1001787 1.083206 10.6032 0.1348533 1.425317 10.54838  S_DodgingRight_Far
-0.02804278 0.007505178 10.68771 -0.09900884 0.09589398 10.7281 -0.3519869 0.2960354 10.81618 -0.5142601 0.5040052 10.65642 0.03919085 0.09808016 10.72232 0.2935221 0.3225603 10.80373 0.423425 0.5614946 10.65833 -0.03240953 0.2374123 10.71927 -0.1277419 0.6835395 10.7042 -0.181065 1.08881 10.64515 -0.2159483 1.433343 10.61769 0.05799283 0.683374 10.70217 0.1000872 1.082483 10.60551 0.1339452 1.424297 10.54837  S_DodgingRight_Far
-0.02817963 0.006124973 10.69034 -0.09916757 0.09478664 10.73007 -0.3520101 0.2953715 10.8173 -0.5140701 0.5035167 10.65755 0.03904345 0.09686017 10.72453 0.2932143 0.320873 10.80693 0.4231736 0.560455 10.66265 -0.03247223 0.2362108 10.72049 -0.1279182 0.6822193 10.70373 -0.1811916 1.087791 10.64674 -0.2161876 1.432217 10.6181 0.05781754 0.6821658 10.7018 0.09981276 1.081773 10.60717 0.132683 1.423303 10.5478  S_DodgingRight_Far
-0.02842371 0.004730701 10.69324 -0.09939317 0.09370136 10.7323 -0.3521801 0.2948264 10.81842 -0.5138869 0.5029683 10.65831 0.03882899 0.09561014 10.72698 0.2929454 0.3190058 10.81037 0.4229871 0.5591077 10.66703 -0.03254865 0.2349979 10.72191 -0.1281844 0.6808412 10.70332 -0.1811431 1.086699 10.6481 -0.2160317 1.431038 10.61831 0.05755188 0.6809651 10.70143 0.09941091 1.080947 10.60834 0.1314009 1.422231 10.54711  S_DodgingRight_Far
-0.02872942 0.003541708 10.69604 -0.09964912 0.09281492 10.73448 -0.3524546 0.2944925 10.81942 -0.5137361 0.5024791 10.65868 0.0385827 0.09453535 10.72935 0.2927362 0.3172625 10.8136 0.4228732 0.5577176 10.67095 -0.03262876 0.2339702 10.72333 -0.1284956 0.6796269 10.70301 -0.1809554 1.085729 10.64912 -0.2155591 1.430008 10.61832 0.05724033 0.679962 10.70111 0.09894998 1.080177 10.60896 0.1302803 1.421279 10.54639  S_DodgingRight_Far
-0.02951334 0.002472401 10.69901 -0.1003169 0.09207296 10.73686 -0.3531478 0.2943939 10.82048 -0.513945 0.5020252 10.6588 0.03792389 0.09354019 10.7319 0.2922042 0.3154688 10.81707 0.4224792 0.5561498 10.67492 -0.03305302 0.2330531 10.72499 -0.1288689 0.67858 10.70284 -0.1806425 1.08485 10.64956 -0.2147678 1.429097 10.61789 0.05686589 0.678989 10.70085 0.09862907 1.079233 10.60885 0.1298675 1.420249 10.54577  S_DodgingRight_Far
-0.03029959 0.001751781 10.70154 -0.1009886 0.09162986 10.7389 -0.3538354 0.2945129 10.82138 -0.5142085 0.501797 10.65883 0.03725918 0.09286964 10.73408 0.2917818 0.3140073 10.81999 0.42236 0.5547234 10.67818 -0.03350411 0.2324531 10.72643 -0.1292025 0.677883 10.70275 -0.1803531 1.084273 10.64978 -0.2140242 1.4285 10.61741 0.05653109 0.6783162 10.70066 0.09839411 1.078531 10.60857 0.1297121 1.419501 10.54528  S_DodgingRight_Far
-0.03137402 0.001217127 10.70404 -0.101896 0.0914005 10.74094 -0.3546429 0.2949878 10.82225 -0.5145822 0.5017984 10.65867 0.0363601 0.09233201 10.73629 0.2910733 0.3127054 10.82304 0.421975 0.5533813 10.68147 -0.03410159 0.2320291 10.72796 -0.1292799 0.6774504 10.70266 -0.1804761 1.083804 10.64946 -0.2141875 1.428016 10.61698 0.05645366 0.6777195 10.70054 0.09847488 1.077771 10.60782 0.1301688 1.418751 10.54476  S_DodgingRight_Far
-0.03239731 0.0009342432 10.70636 -0.1027583 0.09140754 10.74281 -0.3553706 0.2956785 10.82303 -0.514897 0.5020486 10.6585 0.03550543 0.09203708 10.73834 0.2903692 0.3117179 10.8259 0.4215845 0.5523428 10.68453 -0.03465776 0.2318448 10.72937 -0.1292912 0.6772653 10.70256 -0.1806184 1.083568 10.6491 -0.2144335 1.427768 10.61659 0.05644246 0.6773567 10.70043 0.09857185 1.077255 10.60711 0.130605 1.418256 10.54434  S_DodgingRight_Far
-0.03356026 0.0008881092 10.70869 -0.1037308 0.09170008 10.74463 -0.3560003 0.2968392 10.82377 -0.5150507 0.502779 10.65824 0.03454258 0.09193945 10.74042 0.2894745 0.310977 10.8289 0.4211033 0.5514728 10.68769 -0.03522543 0.2318981 10.73076 -0.1290015 0.6773716 10.7023 -0.1809029 1.083541 10.64838 -0.215154 1.427733 10.61625 0.05673404 0.6771616 10.70036 0.09876354 1.076902 10.60631 0.1310768 1.417994 10.54419  S_DodgingRight_Far
-0.03447799 0.0010432 10.71043 -0.1045056 0.09211648 10.74597 -0.3564761 0.297923 10.82431 -0.5151463 0.5035727 10.65806 0.03377457 0.09205091 10.74199 0.2887095 0.3106447 10.83118 0.4206539 0.551047 10.6901 -0.03568153 0.2321258 10.73177 -0.1287492 0.6776477 10.70206 -0.1810923 1.083718 10.64782 -0.215681 1.427907 10.61601 0.05698766 0.6771846 10.70029 0.09892632 1.076816 10.60574 0.1314383 1.417984 10.54414  S_DodgingRight_Far
-0.03584794 0.001295567 10.71263 -0.1056949 0.09274125 10.74757 -0.3571073 0.2994841 10.82496 -0.5151889 0.5049125 10.65788 0.03259494 0.09222925 10.74397 0.28735 0.3104085 10.83418 0.4197328 0.5507029 10.69333 -0.03639577 0.2324731 10.73296 -0.1282763 0.6781083 10.70155 -0.1812395 1.084059 10.64701 -0.2163181 1.428251 10.61579 0.05746211 0.6772026 10.70015 0.09921177 1.076738 10.60511 0.1319417 1.418037 10.54436  S_DodgingRight_Far
