-0.01840411 0.004479289 9.684962 -0.08281963 0.1032788 9.706652 -0.2792461 0.3683956 9.732845 -0.3174033 0.6661623 9.66223 0.0551339 0.09507763 9.712883 0.2778409 0.3380001 9.749342 0.3423124 0.6348196 9.695995 -0.005058212 0.2390362 9.698663 -0.09436099 0.6828774 9.66175 -0.07908402 1.095377 9.675364 -0.05642561 1.441864 9.685698 0.09134163 0.6848772 9.665226 0.1305128 1.087135 9.581214 0.1619563 1.433882 9.576171  O_Jump_Far
-0.01770751 0.01332521 9.682168 -0.08210467 0.1119269 9.704793 -0.2779692 0.3774028 9.731393 -0.3169182 0.6746507 9.659045 0.05584486 0.1036307 9.710986 0.2812796 0.3453032 9.7474 0.3428564 0.6410819 9.685532 -0.004306538 0.2477354 9.698139 -0.09322624 0.6920491 9.666525 -0.07973097 1.103854 9.638074 -0.06596248 1.448639 9.678168 0.09247883 0.6938117 9.669996 0.1339108 1.086328 9.549092 0.1617699 1.43295 9.56712  O_Jump_Far
-0.01768552 0.03624535 9.669448 -0.08192532 0.1342696 9.694858 -0.2782515 0.3999472 9.723668 -0.3229094 0.6958229 9.649031 0.05600573 0.1255568 9.700889 0.2865981 0.3646706 9.736997 0.3455666 0.6573189 9.659639 -0.003887219 0.2700763 9.69215 -0.09145366 0.7153392 9.67519 -0.08412693 1.11731 9.580636 -0.04305462 1.450416 9.67023 0.09425731 0.716345 9.678651 0.1393221 1.090015 9.509112 0.1484567 1.43202 9.573897  O_Jump_Far
-0.01761262 0.06021714 9.655616 -0.08159433 0.1575414 9.684172 -0.2796917 0.422902 9.716061 -0.3326981 0.7171782 9.640567 0.05630936 0.1482559 9.689969 0.2907784 0.3852423 9.72536 0.3506679 0.6744604 9.636643 -0.0031815 0.2931482 9.685908 -0.08901481 0.7388212 9.684939 -0.08936255 1.13028 9.553277 -0.04166905 1.452483 9.674044 0.09669943 0.7389091 9.688367 0.1440381 1.092545 9.480752 0.146444 1.42999 9.566618  O_Jump_Far
-0.01623909 0.0936209 9.635512 -0.08010153 0.1893772 9.669179 -0.2848139 0.4521451 9.70662 -0.3574827 0.7431279 9.634817 0.05777528 0.1795388 9.674697 0.2963022 0.4137464 9.712402 0.3679371 0.6929742 9.602837 -0.001455588 0.3245476 9.678372 -0.08563779 0.7693989 9.701712 -0.09482305 1.137578 9.514805 -0.04106263 1.452259 9.651772 0.1000766 0.7685447 9.705021 0.1491065 1.093207 9.454833 0.1443765 1.425638 9.558349  O_Jump_Far
-0.01466392 0.1141547 9.617154 -0.07860117 0.2084225 9.65466 -0.2902596 0.4678766 9.69637 -0.3803929 0.7552197 9.629908 0.05926569 0.1983656 9.66003 0.299784 0.4307522 9.701468 0.3880466 0.6984386 9.576336 1.307023E-05 0.343094 9.669634 -0.08357124 0.7863747 9.710288 -0.09726886 1.145704 9.507139 -0.04043512 1.453163 9.658508 0.1021428 0.7851205 9.71349 0.1517908 1.095931 9.446403 0.1436035 1.424657 9.560946  O_Jump_Far
-0.01200931 0.1454426 9.588387 -0.07617681 0.2368566 9.632058 -0.2998848 0.4895401 9.679554 -0.4152089 0.7691811 9.619481 0.0616798 0.2265581 9.63723 0.3062384 0.4544857 9.687587 0.4246648 0.7005969 9.544377 0.002246933 0.3702372 9.656555 -0.08096896 0.810699 9.719528 -0.1005571 1.155782 9.493456 -0.03979663 1.453531 9.661763 0.1047419 0.8091909 9.722806 0.1550753 1.100312 9.434503 0.1422064 1.423464 9.563556  O_Jump_Far
-0.009619458 0.1578869 9.551137 -0.07392602 0.2449785 9.60272 -0.3129096 0.4888978 9.655614 -0.452746 0.7566898 9.59364 0.06389011 0.2340368 9.607643 0.315891 0.4544408 9.670655 0.4645698 0.6809197 9.523324 0.004502671 0.3754098 9.639833 -0.07839142 0.8120989 9.72626 -0.1004903 1.153986 9.495609 -0.03996823 1.451148 9.665037 0.1073172 0.8105226 9.729631 0.1568615 1.094637 9.434288 0.1427949 1.417074 9.564997  O_Jump_Far
-0.009614928 0.1359044 9.53173 -0.07371287 0.2206627 9.587305 -0.3193561 0.4614712 9.642183 -0.465529 0.7235936 9.57124 0.06404419 0.2089247 9.592045 0.3214066 0.4251105 9.660085 0.4714573 0.6568454 9.522651 0.005136507 0.3488187 9.63089 -0.07713394 0.7833226 9.728706 -0.09645806 1.137867 9.517757 -0.04057477 1.445139 9.669859 0.1085774 0.7816267 9.731862 0.1557866 1.078389 9.448831 0.1448585 1.406553 9.564746  O_Jump_Far
-0.01007531 0.1049355 9.510841 -0.07373922 0.1870002 9.570786 -0.325676 0.4251008 9.62848 -0.475495 0.6797433 9.540056 0.06392486 0.1740893 9.575162 0.3261301 0.387206 9.647518 0.4756527 0.6265488 9.52317 0.005858259 0.3120764 9.621392 -0.07561199 0.7445571 9.729243 -0.09013955 1.117116 9.551582 -0.04345743 1.438262 9.675517 0.1101005 0.7427879 9.732291 0.1544339 1.058006 9.469469 0.1488171 1.393347 9.563077  O_Jump_Far
-0.01128368 0.07010233 9.492043 -0.07429509 0.1496117 9.555988 -0.329676 0.3862129 9.618316 -0.4768801 0.6331024 9.506583 0.06324239 0.1352624 9.559834 0.3296312 0.3465511 9.634338 0.4798691 0.5920092 9.523509 0.006345229 0.2712616 9.612903 -0.07420342 0.7025708 9.726806 -0.08199339 1.09382 9.594753 -0.04736493 1.428458 9.68131 0.1115068 0.7007676 9.729967 0.1527243 1.037185 9.494324 0.15373 1.379066 9.560385  O_Jump_Far
-0.01210271 0.04173577 9.480338 -0.0746309 0.1194113 9.546955 -0.3321057 0.353966 9.612439 -0.4755561 0.5935133 9.481494 0.06281705 0.1041068 9.550283 0.3355416 0.3106446 9.62366 0.4925152 0.5548949 9.519711 0.006745474 0.2385703 9.607945 -0.07328026 0.6694341 9.724257 -0.07731412 1.068797 9.619056 -0.05158798 1.409941 9.679331 0.1124287 0.6676457 9.727503 0.1518596 1.013752 9.506009 0.1566202 1.358248 9.556481  O_Jump_Far
-0.01273344 -0.01491344 9.465091 -0.07444666 0.05982864 9.535704 -0.3351507 0.2885565 9.605655 -0.4686694 0.509914 9.437485 0.06286706 0.04317808 9.537929 0.3405734 0.2446375 9.611437 0.5057902 0.4891825 9.521962 0.00809397 0.1750306 9.60246 -0.07140546 0.6061971 9.717975 -0.07222824 1.012061 9.6415 -0.0586835 1.35857 9.662044 0.1143025 0.604519 9.721334 0.1522183 0.9559128 9.508054 0.161595 1.302121 9.544105  O_Jump_Far
-0.01210128 -0.04793978 9.459761 -0.07357161 0.02529442 9.532144 -0.3375455 0.2482409 9.604108 -0.4650972 0.4558102 9.415023 0.06369109 0.008176923 9.533936 0.3454711 0.2041738 9.606896 0.5205529 0.4415423 9.516858 0.009334164 0.1386284 9.60159 -0.07031767 0.5708333 9.712129 -0.0701624 0.9781758 9.643962 -0.05956892 1.32536 9.648911 0.1153915 0.5694407 9.715549 0.1522857 0.9190644 9.499203 0.1618053 1.265036 9.537428  O_Jump_Far
-0.01120518 -0.0754987 9.45794 -0.07256101 -0.003232837 9.531385 -0.3401102 0.2142954 9.604259 -0.4628809 0.4079831 9.398055 0.06467934 -0.02055573 9.532895 0.3504342 0.1699446 9.604684 0.5339563 0.3990848 9.510244 0.01051159 0.1089798 9.602435 -0.06878732 0.542794 9.706011 -0.0693693 0.9500612 9.637398 -0.06027065 1.297323 9.637663 0.1169223 0.5410479 9.709243 0.1537832 0.8854725 9.484707 0.1610481 1.230358 9.532128  O_Jump_Far
-0.01075302 -0.1020133 9.457465 -0.07193731 -0.03042674 9.531714 -0.3433655 0.1820856 9.604939 -0.4623953 0.3599107 9.382864 0.06528945 -0.04788506 9.532851 0.3554049 0.1366907 9.602647 0.545642 0.3586648 9.504455 0.01133903 0.08100116 9.603753 -0.06592749 0.5171164 9.699286 -0.06944107 0.923245 9.624307 -0.06055395 1.270438 9.631489 0.119764 0.5134003 9.701816 0.1580048 0.8499865 9.465912 0.158802 1.19278 9.527063  O_Jump_Far
-0.01034413 -0.1365666 9.459185 -0.07126491 -0.06540787 9.534059 -0.3483941 0.1406518 9.606843 -0.4631592 0.294201 9.365267 0.06595393 -0.08295405 9.534681 0.362274 0.09334421 9.600611 0.5602607 0.305689 9.496614 0.01229193 0.04551959 9.606544 -0.06089083 0.4850813 9.689067 -0.07061706 0.8885369 9.601295 -0.05875681 1.234711 9.627698 0.1246862 0.4772887 9.69048 0.1665845 0.7992316 9.435528 0.1535283 1.136816 9.519874  O_Jump_Far
-0.01019649 -0.1635543 9.462948 -0.07086883 -0.09214985 9.53779 -0.3526618 0.1090326 9.609263 -0.4614746 0.242656 9.353506 0.06633671 -0.1098076 9.53811 0.3675545 0.05995512 9.600216 0.5712767 0.2643911 9.491553 0.01296248 0.01889765 9.609773 -0.05620603 0.4612496 9.679994 -0.07184695 0.8630326 9.585651 -0.05811779 1.207869 9.625318 0.1291524 0.4492931 9.680914 0.1769723 0.7567015 9.40959 0.151355 1.087874 9.514072  O_Jump_Far
-0.009070797 -0.2132901 9.476304 -0.06952028 -0.1401924 9.549678 -0.3603752 0.05155575 9.616632 -0.455689 0.1499773 9.340343 0.06770094 -0.1577289 9.549887 0.3774661 0.0002444983 9.603791 0.5905946 0.1901435 9.487091 0.01448687 -0.02741528 9.618706 -0.0466129 0.419279 9.662616 -0.07966255 0.8121723 9.539663 -0.05850957 1.149582 9.619544 0.1379867 0.3987042 9.663704 0.2018417 0.6677618 9.357218 0.1486487 0.9795921 9.502752  O_Jump_Far
-0.007356925 -0.2347227 9.485633 -0.0680906 -0.1603626 9.557488 -0.3630552 0.02687299 9.62128 -0.4519768 0.1148335 9.339387 0.06919087 -0.1774118 9.5581 0.3819889 -0.02371109 9.60857 0.5981622 0.1610297 9.489221 0.01549502 -0.04591501 9.624241 -0.04271803 0.402155 9.656112 -0.09008084 0.7813952 9.49956 -0.05937783 1.108069 9.613646 0.1414792 0.3782798 9.657811 0.2143257 0.6229022 9.333379 0.1499573 0.9222612 9.499176  O_Jump_Far
-0.005385382 -0.2572383 9.496067 -0.0664116 -0.181237 9.565929 -0.3659554 0.0004571676 9.625707 -0.4497707 0.08193982 9.340324 0.07093658 -0.1977186 9.566975 0.3869028 -0.04864442 9.613491 0.6055924 0.1312959 9.491423 0.01672085 -0.06472516 9.629606 -0.04022871 0.3841249 9.651653 -0.10056 0.7479018 9.465639 -0.05970631 1.062079 9.608108 0.1437346 0.3585519 9.653896 0.2239233 0.5768152 9.312818 0.1505232 0.8636373 9.496102  O_Jump_Far
-0.0004000496 -0.3056756 9.521738 -0.06215022 -0.2251643 9.585659 -0.37247 -0.05846763 9.634376 -0.4502408 0.02218652 9.347054 0.07535942 -0.2401283 9.587765 0.3980683 -0.1017834 9.625112 0.6205979 0.06842577 9.496217 0.0198337 -0.1032805 9.6401 -0.03996436 0.3461512 9.64845 -0.120103 0.679666 9.418406 -0.06352673 0.9681588 9.603459 0.1442223 0.3222812 9.651102 0.2346528 0.4812243 9.281017 0.1523792 0.7450581 9.492844  O_Jump_Far
0.002655821 -0.3262674 9.538652 -0.05954073 -0.2430466 9.598544 -0.375571 -0.08546543 9.640263 -0.4511222 -0.002801776 9.35292 0.07806118 -0.2570369 9.601236 0.4041074 -0.1245953 9.633667 0.6285709 0.03837752 9.498906 0.02172841 -0.1180915 9.646735 -0.04174099 0.3311785 9.648862 -0.1296564 0.6480489 9.398985 -0.06672059 0.9279449 9.594871 0.1428113 0.3103056 9.651374 0.2363156 0.4380603 9.27014 0.1545875 0.6928769 9.492933  O_Jump_Far
0.004968064 -0.3383759 9.550633 -0.05755733 -0.2533561 9.607584 -0.3777171 -0.1030415 9.643884 -0.4509437 -0.01919901 9.35628 0.0801058 -0.2666448 9.61067 0.4086578 -0.1392144 9.639535 0.6350228 0.01649189 9.499468 0.02319278 -0.1264205 9.651258 -0.04462896 0.3220866 9.649933 -0.1373468 0.6272302 9.38751 -0.06954937 0.9013294 9.589865 0.1403244 0.3051107 9.652304 0.2350102 0.412982 9.265262 0.1565753 0.6634829 9.494052  O_Jump_Far
0.008140938 -0.3504643 9.566293 -0.05482964 -0.2632405 9.619282 -0.3802291 -0.1231313 9.64817 -0.4500707 -0.03762937 9.360213 0.08291151 -0.2755724 9.622827 0.4143141 -0.1542951 9.64733 0.6429217 -0.009117365 9.499796 0.02521624 -0.133937 9.656886 -0.04967318 0.3128629 9.652013 -0.1483191 0.602808 9.374929 -0.07392417 0.8688607 9.585536 0.1357649 0.3023928 9.654167 0.2319353 0.3999103 9.264751 0.1589359 0.64989 9.495898  O_Jump_Far
0.01056405 -0.3560818 9.577838 -0.05273608 -0.2673469 9.627842 -0.3817552 -0.135049 9.651056 -0.4488972 -0.04834497 9.362817 0.08505841 -0.2789711 9.63169 0.4182838 -0.1619364 9.653126 0.6481078 -0.02440631 9.500251 0.02679004 -0.1364883 9.660893 -0.05342035 0.30874 9.653783 -0.1569708 0.5850941 9.364853 -0.07745884 0.8446614 9.581594 0.1322326 0.3032497 9.655873 0.2289515 0.417248 9.271097 0.160078 0.6725582 9.497639  O_Jump_Far
0.0128891 -0.3590051 9.589923 -0.05075489 -0.2688029 9.636765 -0.3829954 -0.1440953 9.654092 -0.4472046 -0.05599594 9.365608 0.08708544 -0.2797357 9.64098 0.4229439 -0.169608 9.658773 0.654445 -0.04191172 9.500012 0.02825536 -0.1365386 9.665125 -0.05738656 0.3068215 9.655646 -0.1657796 0.5678959 9.354539 -0.08107059 0.8204766 9.577477 0.1283459 0.3065588 9.657865 0.2254242 0.4500043 9.283161 0.1614992 0.7149985 9.499817  O_Jump_Far
0.01520617 -0.3596907 9.601767 -0.04878001 -0.2681738 9.645489 -0.3836647 -0.1502848 9.657125 -0.4448264 -0.06058693 9.368471 0.08910318 -0.2784153 9.650027 0.4270265 -0.1740822 9.664581 0.6594184 -0.05547178 9.500174 0.02971776 -0.1347007 9.669233 -0.06134639 0.3065501 9.657374 -0.1746657 0.5516299 9.344853 -0.08494471 0.7972332 9.573552 0.1243156 0.3115592 9.659837 0.2216 0.4958777 9.303514 0.1635097 0.7748711 9.503605  O_Jump_Far
0.01725854 -0.3554115 9.610858 -0.04701702 -0.2629914 9.652189 -0.3842245 -0.1517181 9.659307 -0.4434007 -0.06098247 9.370564 0.09090169 -0.2726477 9.656926 0.4302914 -0.1725801 9.668841 0.6629885 -0.06114435 9.499907 0.0310411 -0.1286777 9.672377 -0.06424914 0.3108029 9.658481 -0.1815613 0.5419877 9.336975 -0.08807193 0.7816269 9.570441 0.1212568 0.3198628 9.66113 0.2171666 0.5391477 9.324799 0.1650086 0.8306743 9.507937  O_Jump_Far
0.01913388 -0.3436075 9.619061 -0.04543356 -0.2504859 9.658311 -0.3842917 -0.1442933 9.661551 -0.4416097 -0.05214655 9.372879 0.0925153 -0.2595955 9.663249 0.433394 -0.164009 9.672539 0.6661432 -0.05965579 9.49921 0.03219839 -0.1155051 9.675465 -0.06691848 0.3222309 9.659269 -0.1880481 0.5388373 9.329142 -0.09114407 0.7714886 9.568217 0.1183672 0.3349701 9.662184 0.2125936 0.5874672 9.349502 0.1672716 0.8919304 9.512278  O_Jump_Far
0.02118249 -0.3202237 9.628827 -0.04371808 -0.2263182 9.665581 -0.383724 -0.1238848 9.66533 -0.4396824 -0.02966607 9.377061 0.09426303 -0.2347945 9.670738 0.4368909 -0.1444581 9.676219 0.6697449 -0.05000091 9.497442 0.03342702 -0.09064734 9.679102 -0.06862913 0.3459053 9.660247 -0.1942628 0.5418179 9.319059 -0.09402351 0.7671266 9.563726 0.1164541 0.3612596 9.663404 0.2057077 0.6469952 9.379165 0.1676338 0.9656011 9.5144  O_Jump_Far
0.02237465 -0.2965626 9.636232 -0.04273884 -0.2020756 9.671069 -0.3829285 -0.1002272 9.669441 -0.4388887 -0.00433743 9.381724 0.09526362 -0.2101163 9.676353 0.4390928 -0.1233467 9.678319 0.6722849 -0.03773904 9.49557 0.03408666 -0.06597245 9.681771 -0.06808887 0.3709836 9.661301 -0.1971237 0.5487787 9.311567 -0.0951498 0.7710276 9.558308 0.1170214 0.3860004 9.664499 0.2005053 0.6878648 9.395592 0.1645203 1.014647 9.510337  O_Jump_Far
0.02302553 -0.2756118 9.64131 -0.04224543 -0.1807665 9.674854 -0.3822378 -0.07819366 9.672798 -0.4382305 0.0188309 9.385468 0.09577163 -0.1884952 9.680223 0.4402967 -0.1037281 9.679351 0.6733018 -0.02559292 9.493051 0.03434636 -0.04439628 9.683666 -0.06790428 0.3928698 9.662287 -0.1982172 0.5555037 9.305716 -0.09559642 0.7747555 9.554856 0.1172275 0.4076098 9.66553 0.1935631 0.721058 9.40799 0.1585648 1.053869 9.504216  O_Jump_Far
0.02354945 -0.2505242 9.646309 -0.04188893 -0.1553757 9.678647 -0.3814331 -0.0512383 9.676347 -0.4365633 0.04660487 9.389128 0.09614225 -0.1627874 9.684098 0.4411999 -0.07953238 9.680091 0.6735809 -0.009830952 9.48971 0.03445848 -0.018767 9.685708 -0.06792109 0.4187953 9.663649 -0.1984805 0.5620897 9.298963 -0.09574454 0.7767923 9.551989 0.1172292 0.4332845 9.666958 0.1827309 0.7568629 9.419147 0.146776 1.095747 9.490652  O_Jump_Far
0.02371104 -0.2209567 9.650513 -0.04189829 -0.125518 9.681625 -0.3802155 -0.01735556 9.68096 -0.4382834 0.08245063 9.394998 0.0961466 -0.1326069 9.687159 0.4414837 -0.05030072 9.679409 0.6725786 0.008225083 9.483771 0.03420027 0.01130974 9.686913 -0.06823616 0.4492215 9.664375 -0.1970179 0.578912 9.29401 -0.09572075 0.7912382 9.549608 0.11694 0.4633586 9.667759 0.1709249 0.8044167 9.441555 0.1381219 1.147186 9.493335  O_Jump_Far
0.0232767 -0.1901137 9.654323 -0.04248474 -0.09443283 9.684351 -0.378379 0.02068079 9.688597 -0.4459243 0.1246537 9.406223 0.09557207 -0.1012334 9.689947 0.4408251 -0.01905608 9.67822 0.6701162 0.02549255 9.476861 0.03339126 0.04256999 9.688067 -0.06905095 0.480822 9.665323 -0.19376 0.6099524 9.293372 -0.09572898 0.8242574 9.548592 0.116153 0.4945753 9.66877 0.1608653 0.8576512 9.47751 0.1408194 1.203605 9.511595  O_Jump_Far
0.02183636 -0.1398696 9.660546 -0.04409109 -0.04384482 9.689076 -0.3739618 0.08550656 9.702403 -0.4620146 0.1995822 9.429748 0.0939783 -0.05031192 9.694757 0.4385019 0.03268754 9.67643 0.6631318 0.05345428 9.466157 0.03154226 0.0933336 9.690625 -0.07058363 0.5321783 9.668137 -0.1857235 0.6871435 9.30303 -0.09451579 0.9132105 9.550514 0.1146753 0.5451437 9.67168 0.1536423 0.9249973 9.514849 0.1482314 1.272769 9.531385  O_Jump_Far
0.02034064 -0.1090468 9.663787 -0.04563771 -0.01280999 9.691472 -0.3707797 0.1260141 9.710032 -0.4736585 0.2484202 9.446327 0.09243585 -0.01914895 9.697196 0.4363912 0.06403363 9.674634 0.6572557 0.06871092 9.459456 0.02991869 0.1244193 9.691796 -0.07180373 0.5636672 9.66979 -0.1780114 0.7536737 9.318804 -0.09183769 0.9925668 9.555822 0.1134952 0.5760347 9.673384 0.1565461 0.9553857 9.516403 0.1551989 1.302799 9.539859  O_Jump_Far
0.01885082 -0.07986593 9.666152 -0.04716806 0.01653349 9.693167 -0.3676687 0.1636063 9.716113 -0.4837568 0.2947345 9.46227 0.09091027 0.01030481 9.698896 0.4333383 0.09706938 9.671869 0.6487245 0.0907768 9.451249 0.02831955 0.1537994 9.692488 -0.07294856 0.5934513 9.671172 -0.1701365 0.8146299 9.336196 -0.08927183 1.06607 9.561834 0.1123914 0.6051849 9.67477 0.1587534 0.982594 9.514095 0.1593796 1.329333 9.546022  O_Jump_Far
0.01671852 -0.03712642 9.671097 -0.04932694 0.05956972 9.696962 -0.3626039 0.2182822 9.724942 -0.4939874 0.3628509 9.486309 0.08875544 0.05346048 9.702723 0.4278443 0.1470425 9.666443 0.6301034 0.1275826 9.434458 0.02611067 0.1968445 9.694595 -0.07425474 0.6370755 9.672958 -0.1603227 0.8892999 9.357443 -0.08802466 1.157851 9.565595 0.1111506 0.6477329 9.676539 0.1575247 1.02309 9.511131 0.1580693 1.369328 9.548109  O_Jump_Far
0.01435699 0.001121283 9.671469 -0.0516629 0.09791863 9.697019 -0.3572505 0.2679905 9.729044 -0.4998121 0.4269129 9.506496 0.08642037 0.09180558 9.702754 0.4205589 0.197208 9.659605 0.6105738 0.1758511 9.417649 0.02379753 0.2351711 9.694147 -0.07533114 0.6761438 9.67491 -0.1501966 0.9559797 9.380526 -0.08559863 1.239032 9.571267 0.1101401 0.6855839 9.678494 0.1561219 1.057653 9.505713 0.1542573 1.402555 9.553533  O_Jump_Far
0.01155062 0.03130829 9.660923 -0.05438159 0.1277597 9.687964 -0.3520767 0.3086262 9.724002 -0.5020637 0.4818993 9.517633 0.08370008 0.1214565 9.69353 0.4106108 0.2463678 9.651068 0.5921338 0.2442334 9.40177 0.02118214 0.2649828 9.687119 -0.07616971 0.7069811 9.677249 -0.1367242 1.020611 9.41544 -0.07760529 1.315812 9.588746 0.1093674 0.7149987 9.680887 0.1570391 1.08061 9.495254 0.1506603 1.421039 9.568155  O_Jump_Far
0.006489711 0.07479799 9.638142 -0.05917291 0.1701592 9.66938 -0.3446137 0.3665268 9.710837 -0.5028381 0.5624198 9.532797 0.07889165 0.1632401 9.67463 0.3882796 0.3253273 9.64563 0.5589843 0.3775601 9.394162 0.01676829 0.3070806 9.6745 -0.07712345 0.7502447 9.685678 -0.1156688 1.102448 9.473447 -0.0600392 1.409096 9.626894 0.1085032 0.7557803 9.689371 0.1598013 1.0934 9.457455 0.1458737 1.426714 9.557231  O_Jump_Far
-0.001190109 0.1310415 9.607987 -0.06611733 0.2242839 9.646347 -0.3296987 0.4446646 9.692677 -0.4870116 0.6792729 9.568908 0.07185771 0.2156996 9.65149 0.354836 0.414446 9.660848 0.5257351 0.5512139 9.443609 0.01102878 0.3596821 9.662365 -0.07748877 0.8022703 9.703471 -0.1097549 1.142911 9.472177 -0.04811512 1.43815 9.644536 0.1082085 0.8043048 9.707206 0.1616973 1.102546 9.426859 0.1433669 1.425255 9.556362  O_Jump_Far
-0.005725129 0.1634949 9.587176 -0.07027112 0.2547728 9.630573 -0.3195334 0.4884309 9.679865 -0.4682059 0.743548 9.590875 0.06763531 0.2451206 9.635663 0.3350969 0.4569111 9.67008 0.5001877 0.638404 9.483238 0.007565098 0.3885963 9.654522 -0.07797138 0.8293519 9.714603 -0.1079783 1.159173 9.46784 -0.04351161 1.446539 9.652065 0.1077391 0.8294444 9.718229 0.1611288 1.105122 9.415649 0.1422099 1.42203 9.558685  O_Jump_Far
-0.008690996 0.1839827 9.570685 -0.07306044 0.2733438 9.618144 -0.31309 0.5151752 9.668689 -0.4535294 0.7814004 9.601542 0.06479378 0.2629585 9.623205 0.3201952 0.4821013 9.67525 0.4754823 0.6934114 9.512959 0.005163865 0.4056016 9.648633 -0.07863413 0.8443042 9.722493 -0.1065182 1.16852 9.468169 -0.04087732 1.452481 9.657196 0.1070759 0.8432362 9.725986 0.1600899 1.106515 9.412493 0.141852 1.420956 9.560957  O_Jump_Far
-0.01025663 0.1936299 9.559129 -0.0746492 0.2816421 9.609015 -0.3070738 0.529464 9.6614 -0.4378088 0.8026807 9.603361 0.0631931 0.2710475 9.613966 0.3103613 0.4953846 9.675803 0.4462112 0.7310513 9.530509 0.00359519 0.4129425 9.643348 -0.07941793 0.8507903 9.724543 -0.1056011 1.173278 9.467851 -0.03962336 1.455814 9.658887 0.1062893 0.8491797 9.727974 0.1590486 1.107105 9.410021 0.141534 1.420374 9.561029  O_Jump_Far
-0.01008241 0.1889429 9.554692 -0.07471751 0.2766289 9.604838 -0.3029883 0.5275477 9.658851 -0.4237347 0.8036238 9.593202 0.06316562 0.2664937 9.609612 0.3082047 0.4947537 9.669798 0.4180138 0.7471955 9.530803 0.003118353 0.4081219 9.639362 -0.08030395 0.8468695 9.719455 -0.1054287 1.172388 9.466509 -0.0399643 1.455883 9.656295 0.1054039 0.8455024 9.722956 0.158387 1.106978 9.407953 0.1413466 1.420661 9.558155  O_Jump_Far
-0.009383244 0.178018 9.552511 -0.07440268 0.2656816 9.602198 -0.2978034 0.5200001 9.658987 -0.4036133 0.7982722 9.578511 0.06354208 0.2563273 9.606779 0.3073901 0.4887329 9.665394 0.3857362 0.7599156 9.541191 0.002779381 0.3978211 9.635706 -0.08149759 0.8377854 9.710661 -0.10488 1.169563 9.46581 -0.04070274 1.455644 9.652123 0.1042109 0.8368734 9.714276 0.1573261 1.106357 9.406118 0.1412444 1.421371 9.553615  O_Jump_Far
-0.00853966 0.1651629 9.553624 -0.07395308 0.2530948 9.602309 -0.2922839 0.5105646 9.662758 -0.3810705 0.789739 9.566394 0.06404807 0.2445483 9.60677 0.3070901 0.4798522 9.668338 0.3598753 0.7671653 9.569498 0.002563255 0.3860652 9.634008 -0.08261113 0.8269176 9.70123 -0.1036123 1.16638 9.466925 -0.04131911 1.455985 9.648372 0.1030967 0.8263938 9.704957 0.1559107 1.105362 9.405305 0.14128 1.422164 9.549076  O_Jump_Far
-0.008505566 0.1549762 9.55348 -0.0741208 0.2427844 9.602117 -0.2874443 0.5036385 9.667887 -0.3624625 0.7831482 9.561332 0.06388958 0.2344692 9.606728 0.3059708 0.4722136 9.673329 0.346421 0.7655339 9.587123 0.002136366 0.3758749 9.633937 -0.08369999 0.8170192 9.697157 -0.102506 1.162288 9.471302 -0.04153834 1.455572 9.647202 0.1020079 0.816655 9.700898 0.1546742 1.10335 9.408605 0.1414237 1.422402 9.54745  O_Jump_Far
-0.008947415 0.1482669 9.552659 -0.07460587 0.235763 9.601797 -0.2840294 0.4992656 9.672812 -0.3504341 0.7790805 9.561449 0.06338574 0.2272933 9.60668 0.3046157 0.4665412 9.678482 0.3414295 0.7604244 9.592566 0.001686828 0.3685435 9.634805 -0.08452074 0.8098855 9.697039 -0.1017586 1.158763 9.476671 -0.04150973 1.455005 9.647799 0.1011878 0.8095114 9.700747 0.1539719 1.101364 9.413625 0.141833 1.42241 9.5479  O_Jump_Far
-0.01000015 0.1350254 9.552732 -0.07558589 0.2222592 9.60243 -0.2796364 0.4888096 9.681573 -0.3331762 0.7681302 9.562322 0.06237789 0.2134711 9.607533 0.302796 0.4536899 9.687471 0.3347287 0.7474903 9.599346 0.0009039809 0.3546172 9.636656 -0.08579688 0.7964004 9.69589 -0.09996258 1.152413 9.487015 -0.04159288 1.4541 9.649038 0.09991308 0.7960626 9.699528 0.1524081 1.098076 9.423058 0.1425901 1.422655 9.548756  O_Jump_Far
-0.01111845 0.1215491 9.553905 -0.0765584 0.2087156 9.603913 -0.2771076 0.4765276 9.689493 -0.3207962 0.7547536 9.563839 0.06138678 0.1996497 9.609031 0.3016538 0.4392742 9.695594 0.3306287 0.7320268 9.60307 0.0001669694 0.3407984 9.638671 -0.08686398 0.783039 9.694333 -0.09793572 1.146257 9.498056 -0.04179822 1.453183 9.650762 0.09884723 0.7827778 9.697913 0.1506903 1.095115 9.433033 0.1433447 1.422993 9.550036  O_Jump_Far
-0.01183604 0.1081342 9.555472 -0.07724766 0.1951946 9.605701 -0.2762301 0.4623994 9.696098 -0.3121774 0.7394453 9.565481 0.06070079 0.1861212 9.610717 0.3012623 0.4239453 9.702646 0.3273117 0.7159147 9.606835 -0.0005041789 0.3272065 9.640688 -0.08782779 0.7698368 9.692843 -0.09604613 1.13999 9.509831 -0.04235004 1.452176 9.652415 0.09788306 0.7697202 9.696449 0.1489332 1.092484 9.444217 0.1440638 1.423472 9.552248  O_Jump_Far
-0.01237939 0.09390152 9.557218 -0.07781814 0.1808921 9.607533 -0.2766364 0.446064 9.701161 -0.3064289 0.7224852 9.567703 0.06014379 0.1719443 9.612401 0.3014089 0.4069023 9.70834 0.3255068 0.6983346 9.610407 -0.001159055 0.3129675 9.642465 -0.08876799 0.7559698 9.690969 -0.0939527 1.13429 9.525374 -0.04317443 1.451198 9.658283 0.09694238 0.7560301 9.694599 0.1469383 1.089956 9.457118 0.1449337 1.42404 9.555262  O_Jump_Far
-0.01269524 0.07905269 9.559261 -0.07823102 0.1660169 9.609495 -0.2784651 0.4273891 9.704228 -0.3040338 0.7043769 9.571069 0.05975278 0.1573292 9.614212 0.3022011 0.3880159 9.712297 0.3257855 0.6795511 9.614546 -0.001770241 0.2982961 9.64409 -0.08969288 0.7416422 9.688938 -0.09155492 1.12836 9.543955 -0.0442035 1.449995 9.66636 0.09601767 0.7419009 9.692554 0.1446421 1.087666 9.47236 0.1459293 1.424749 9.559661  O_Jump_Far
-0.01312916 0.06570804 9.563108 -0.07870267 0.1528991 9.612897 -0.2800493 0.4112507 9.707148 -0.3035536 0.690028 9.577385 0.05929377 0.1443719 9.617537 0.3019369 0.3721389 9.715903 0.326743 0.6642306 9.620136 -0.002338035 0.2854505 9.646652 -0.09051 0.7291448 9.687604 -0.08904009 1.121615 9.558998 -0.04538796 1.448939 9.666829 0.09520037 0.7295823 9.69121 0.1424182 1.085724 9.487894 0.1471912 1.425558 9.563641  O_Jump_Far
-0.01366155 0.05394852 9.567176 -0.07921599 0.1415671 9.616234 -0.2812519 0.3978525 9.708814 -0.3044264 0.6792704 9.584821 0.0587845 0.1330994 9.620861 0.3007029 0.3593577 9.718065 0.3278544 0.6523768 9.625833 -0.002848728 0.2744213 9.648769 -0.09120576 0.7184454 9.68576 -0.08654426 1.116712 9.576505 -0.04646216 1.448046 9.672864 0.09450431 0.7190376 9.689361 0.1403588 1.084068 9.502134 0.1485147 1.426183 9.566464  O_Jump_Far
-0.01417748 0.04340875 9.570872 -0.07969908 0.131542 9.619044 -0.2819575 0.3866787 9.708642 -0.3058912 0.6712106 9.592126 0.05830397 0.1231183 9.623676 0.2988251 0.3489866 9.718369 0.3295358 0.6432704 9.631431 -0.003307743 0.2647288 9.650131 -0.0918247 0.709048 9.683195 -0.0840271 1.111995 9.592933 -0.0476291 1.447036 9.677176 0.0938849 0.7097852 9.686793 0.1383763 1.085004 9.520556 0.1498737 1.428207 9.57824  O_Jump_Far
-0.01461808 0.03590524 9.57528 -0.08010058 0.1245371 9.622582 -0.2822255 0.3793287 9.708746 -0.3075814 0.666721 9.599795 0.05790331 0.1161369 9.627232 0.2967483 0.3424424 9.718853 0.3311525 0.6379692 9.637708 -0.003670854 0.258021 9.65227 -0.09230195 0.7025645 9.682017 -0.08191209 1.108689 9.607656 -0.04845957 1.446514 9.681337 0.09340717 0.7034165 9.685614 0.1367679 1.083584 9.530707 0.1512132 1.428373 9.577183  O_Jump_Far
-0.01506708 0.02753747 9.583682 -0.08050863 0.1170746 9.629307 -0.2821586 0.3723825 9.709806 -0.3095155 0.6628588 9.609893 0.05749692 0.1087453 9.634033 0.2939266 0.336619 9.72066 0.333 0.6333907 9.64647 -0.004042847 0.2510949 9.656368 -0.09281705 0.6960047 9.679734 -0.07925926 1.10524 9.625723 -0.05015872 1.446131 9.685895 0.09289147 0.6970174 9.683321 0.1349593 1.082932 9.542951 0.1530384 1.428945 9.577537  O_Jump_Far
-0.01548217 0.02006829 9.596123 -0.08088998 0.1108617 9.639245 -0.2817048 0.3677791 9.712051 -0.3115854 0.6609184 9.621036 0.05711814 0.1026591 9.644116 0.2906959 0.3333713 9.723977 0.3348444 0.6310502 9.656579 -0.004399819 0.2455865 9.662466 -0.09331731 0.6908757 9.67635 -0.07644849 1.102293 9.64432 -0.05095116 1.445755 9.689683 0.09239043 0.692075 9.679915 0.1332225 1.083511 9.555361 0.1548373 1.430175 9.579959  O_Jump_Far
-0.01565502 0.01487219 9.60777 -0.0810108 0.1068455 9.648398 -0.2809467 0.3653671 9.714059 -0.3130684 0.6603649 9.630082 0.05699779 0.09873879 9.653415 0.2881241 0.3320287 9.726937 0.3365411 0.6302183 9.664944 -0.004467828 0.2421385 9.667833 -0.09350483 0.6875885 9.673576 -0.07591514 1.100035 9.661201 -0.05538372 1.44543 9.692101 0.09220226 0.6889474 9.677123 0.1322312 1.083963 9.564146 0.1562942 1.43092 9.58118  O_Jump_Far
-0.0158696 0.011356 9.619303 -0.08115272 0.1044928 9.657313 -0.2801326 0.3647014 9.715919 -0.314359 0.6610389 9.637688 0.05685456 0.09645855 9.662479 0.2857885 0.3322467 9.729692 0.3380843 0.6306596 9.672079 -0.004526956 0.2402464 9.672813 -0.09366576 0.6857103 9.671228 -0.07764278 1.098354 9.677796 -0.05765025 1.444792 9.693757 0.09204049 0.6872123 9.674759 0.1316426 1.084544 9.570054 0.1576402 1.431597 9.581265  O_Jump_Far
-0.01636223 0.00810802 9.633529 -0.08154725 0.1025822 9.668266 -0.2794243 0.3646194 9.718253 -0.3160105 0.6622381 9.646198 0.0564573 0.09462535 9.673623 0.2829204 0.3331349 9.733054 0.3396324 0.6316024 9.680089 -0.004805608 0.2387375 9.678908 -0.09404694 0.6840597 9.668618 -0.07891075 1.096451 9.685326 -0.05481289 1.44288 9.694259 0.09165843 0.6857194 9.672125 0.1308643 1.085366 9.576476 0.1591469 1.432391 9.581178  O_Jump_Far
-0.0166776 0.00597012 9.646752 -0.0817598 0.101589 9.678414 -0.2787232 0.3650459 9.720603 -0.3172626 0.663507 9.653199 0.05624076 0.09368825 9.683953 0.2806892 0.3343337 9.736269 0.3411109 0.6326582 9.68671 -0.004892809 0.2379509 9.684551 -0.09420536 0.6830034 9.666533 -0.0789402 1.095471 9.681102 -0.05609743 1.441938 9.691698 0.09149922 0.6847902 9.67002 0.1304665 1.086102 9.581509 0.160564 1.433004 9.580922  O_Jump_Far
-0.0171052 0.004759908 9.660769 -0.08202569 0.1015595 9.688989 -0.2784526 0.3659854 9.724101 -0.3180093 0.6647019 9.658441 0.05596598 0.09365392 9.694739 0.2790628 0.3357631 9.740464 0.3420867 0.6336851 9.691731 -0.004950209 0.2379369 9.690155 -0.09430365 0.6825934 9.66454 -0.07904033 1.095074 9.678735 -0.05639402 1.441548 9.68955 0.09140016 0.6844891 9.668012 0.1303428 1.086614 9.58326 0.1612573 1.433427 9.579719  O_Jump_Far
-0.01748 0.004468083 9.670644 -0.08225124 0.1020702 9.696328 -0.2785184 0.3669301 9.727127 -0.3181129 0.6655319 9.66097 0.05573072 0.094118 9.702244 0.2783069 0.3368603 9.743826 0.3424504 0.6343966 9.694206 -0.004978521 0.238319 9.693886 -0.0943381 0.6826457 9.663279 -0.07908933 1.095131 9.677352 -0.056455 1.441608 9.688068 0.09136517 0.6846018 9.666742 0.1304045 1.086884 9.582789 0.1616568 1.433658 9.578424  O_Jump_Far
-0.01780884 0.004377246 9.676847 -0.08245246 0.1024878 9.700861 -0.2787105 0.3675247 9.729332 -0.3180144 0.6659017 9.661997 0.05551996 0.0944618 9.706899 0.2779722 0.3374213 9.746069 0.3425328 0.6346834 9.695358 -0.005006356 0.2385759 9.696077 -0.09435438 0.6826863 9.662555 -0.07910232 1.095176 9.676487 -0.05646495 1.441657 9.687085 0.0913486 0.68467 9.66602 0.1304366 1.087015 9.58239 0.1618255 1.43377 9.577548  O_Jump_Far
-0.01827465 0.004448891 9.683135 -0.08273987 0.1030999 9.705346 -0.279138 0.3681978 9.732074 -0.3175363 0.6660945 9.662142 0.05521776 0.09493554 9.711534 0.2778824 0.3378602 9.748617 0.342358 0.6347787 9.695827 -0.005046649 0.2389369 9.698072 -0.09435897 0.6828424 9.661936 -0.0790873 1.09534 9.675617 -0.05643336 1.441826 9.686007 0.09134372 0.6848381 9.66541 0.130497 1.08711 9.581459 0.1619243 1.43386 9.576474  O_Jump_Far
