-0.01840411 0.004479289 14.00762 -0.08281963 0.1032788 14.02931 -0.2792461 0.3683956 14.0555 -0.3174033 0.6661623 13.98489 0.0551339 0.09507763 14.03554 0.2778409 0.3380001 14.072 0.3423124 0.6348196 14.01865 -0.005058212 0.2390362 14.02132 -0.09436099 0.6828774 13.9844 -0.07908402 1.095377 13.99802 -0.05642561 1.441864 14.00835 0.09134163 0.6848772 13.98788 0.1305128 1.087135 13.90387 0.1619563 1.433882 13.89883  O_Jump_Far
-0.01764469 0.01539946 14.00418 -0.08203779 0.1139568 14.02701 -0.2777816 0.3795091 14.0537 -0.3169112 0.676643 13.98098 0.0559109 0.1056397 14.03319 0.2819338 0.347036 14.06959 0.3428548 0.6425635 14.0059 -0.004231496 0.2497746 14.02065 -0.09306751 0.6941804 13.99019 -0.07998209 1.105272 13.95267 -0.06424318 1.449124 13.99949 0.09263809 0.6958914 13.99366 0.134521 1.085862 13.86492 0.1602891 1.432356 13.88786  O_Jump_Far
-0.01766078 0.03265321 13.99458 -0.08194016 0.1307739 14.01952 -0.2780753 0.3964595 14.04788 -0.321591 0.6925654 13.97348 0.05599489 0.1221489 14.02558 0.2859075 0.3616136 14.06181 0.3449327 0.6547451 13.98635 -0.003959281 0.2665985 14.01614 -0.09179322 0.711736 13.99672 -0.08330159 1.115319 13.90941 -0.04482303 1.450157 13.99353 0.09391685 0.7128845 14.00018 0.1385377 1.088374 13.83459 0.1494917 1.431537 13.89262  O_Jump_Far
-0.0175492 0.06364024 13.97617 -0.08150075 0.160844 14.0052 -0.279992 0.4260892 14.03758 -0.3344582 0.7201086 13.96212 0.05639924 0.1514834 14.01097 0.2913645 0.3881732 14.04636 0.3516934 0.676765 13.95592 -0.003042264 0.2964139 14.00762 -0.0886495 0.742085 14.00899 -0.09005062 1.132131 13.8732 -0.04204683 1.452663 13.99822 0.09706493 0.7420517 14.01241 0.1446408 1.092464 13.79945 0.1463761 1.429398 13.88732  O_Jump_Far
-0.0160387 0.0965482 13.95579 -0.07990693 0.1921177 13.98998 -0.2855022 0.4544867 14.028 -0.3605144 0.7450451 13.95689 0.05796834 0.1822454 13.99547 0.2967742 0.4162183 14.0336 0.3703984 0.6940349 13.92179 -0.001260085 0.3272332 13.99994 -0.08534257 0.7719097 14.02569 -0.09519957 1.138547 13.83581 -0.04091982 1.452332 13.97461 0.1003719 0.7709909 14.02898 0.1495081 1.093531 13.77608 0.1442338 1.425459 13.88117  O_Jump_Far
-0.01395266 0.1225576 13.93158 -0.07793538 0.2160932 13.97081 -0.292831 0.4738865 14.01428 -0.3903204 0.7592912 13.94988 0.0599273 0.2059481 13.97612 0.3014422 0.4373504 14.01961 0.3977097 0.6995088 13.8888 0.0006504823 0.3504636 13.9884 -0.08274679 0.7929305 14.03607 -0.09817068 1.14886 13.82714 -0.04025529 1.453344 13.98401 0.1029668 0.7915526 14.03924 0.1527698 1.096929 13.76599 0.1432668 1.42412 13.88475  O_Jump_Far
-0.01198534 0.1457136 13.9108 -0.07615565 0.2371006 13.95452 -0.2999722 0.4897166 14.00206 -0.4155021 0.7692825 13.94203 0.06170096 0.2268009 13.95969 0.3062976 0.454681 14.01014 0.4250072 0.7005821 13.86681 0.00226547 0.3704675 13.9791 -0.08095078 0.8109062 14.04224 -0.1005843 1.155867 13.81598 -0.03979455 1.453538 13.98442 0.1047601 0.8093979 14.04552 0.1551014 1.100362 13.75706 0.142197 1.423466 13.88623  O_Jump_Far
-0.009981139 0.1628557 13.88543 -0.07433431 0.2513105 13.93458 -0.3088821 0.4974686 13.9861 -0.4428633 0.768921 13.92719 0.06350566 0.2407135 13.93959 0.3126879 0.4635004 13.9992 0.4565466 0.6914316 13.84935 0.003960209 0.3828728 13.96777 -0.07918994 0.8208323 14.04699 -0.1017427 1.159194 13.81124 -0.03986875 1.453143 13.98571 0.106518 0.8193151 14.05042 0.1569416 1.100615 13.75255 0.1420816 1.421261 13.8875  O_Jump_Far
-0.009544117 0.1513528 13.86674 -0.07379286 0.2376083 13.91978 -0.3154201 0.48025 13.97333 -0.4581445 0.7458546 13.90859 0.06400444 0.2264065 13.92464 0.3179292 0.4452572 13.98958 0.4677359 0.6729075 13.84523 0.004762368 0.3672687 13.95925 -0.07792567 0.8031619 14.04995 -0.0992503 1.148935 13.82509 -0.04005055 1.449269 13.98931 0.1077839 0.8015414 14.05324 0.1565668 1.089419 13.76144 0.1434238 1.413681 13.88765  O_Jump_Far
-0.00973515 0.1268243 13.84803 -0.07372998 0.2107892 13.90491 -0.3208848 0.4510106 13.96079 -0.4678072 0.71166 13.88607 0.06400283 0.1987368 13.90957 0.3230332 0.4137064 13.97906 0.4728781 0.6479021 13.84563 0.005306559 0.3380901 13.95061 -0.07673328 0.7719115 14.05182 -0.09479658 1.131538 13.84954 -0.04117505 1.442786 13.99418 0.1089788 0.7701839 14.05491 0.1553248 1.072149 13.77729 0.1457763 1.402457 13.88708  O_Jump_Far
-0.01022021 0.09972155 13.83038 -0.07379024 0.1813732 13.89098 -0.3266273 0.4190831 13.9492 -0.4766768 0.6723065 13.85716 0.06385554 0.1682433 13.89529 0.3266461 0.3811306 13.96814 0.4760221 0.6216661 13.84594 0.00596066 0.3059214 13.94264 -0.07536678 0.7381669 14.05168 -0.08889543 1.113925 13.88081 -0.04401104 1.437401 13.99923 0.1103454 0.7363911 14.05474 0.1541959 1.055046 13.79602 0.1496269 1.391558 13.88538  O_Jump_Far
-0.01139591 0.06740606 13.81343 -0.07435755 0.1467311 13.87765 -0.3298988 0.3832177 13.94036 -0.4767039 0.629526 13.82684 0.06317039 0.132278 13.88145 0.3303575 0.3430248 13.95578 0.4813907 0.5882649 13.84555 0.006360488 0.2681267 13.935 -0.07412492 0.6993763 14.04922 -0.08144657 1.091708 13.92039 -0.04772095 1.427143 14.00417 0.1115852 0.697572 14.05239 0.1525871 1.035296 13.81859 0.1540274 1.377532 13.88277  O_Jump_Far
-0.01236616 0.02624595 13.79816 -0.07464837 0.1030561 13.866 -0.3330458 0.3363085 13.93279 -0.4740871 0.5712993 13.79139 0.06275894 0.08732736 13.86902 0.3372141 0.2924031 13.94232 0.496188 0.5372158 13.84282 0.007084088 0.2210391 13.92877 -0.07276778 0.6518291 14.04555 -0.07558225 1.053517 13.94956 -0.05416695 1.39698 13.99698 0.1129408 0.6500789 14.04884 0.1518058 0.9987815 13.83135 0.1582267 1.344043 13.87609  O_Jump_Far
-0.01262627 -0.02888644 13.78475 -0.07420687 0.0451858 13.85618 -0.3361166 0.2716731 13.92709 -0.467071 0.4876018 13.75008 0.06308104 0.02829683 13.8582 0.3424134 0.2276289 13.93156 0.5114778 0.469867 13.843 0.008529024 0.159531 13.92416 -0.07092564 0.5910571 14.03814 -0.07124846 0.9980635 13.968 -0.0591325 1.344924 13.98264 0.1147825 0.5894269 14.04151 0.1523214 0.9406808 13.82794 0.1619676 1.286915 13.86366  O_Jump_Far
-0.01190834 -0.05337429 13.78192 -0.07335673 0.01964462 13.85454 -0.3379939 0.2415229 13.92674 -0.4645953 0.4465152 13.73424 0.0639006 0.002479076 13.85628 0.3464248 0.1974473 13.92907 0.5232587 0.4332008 13.83822 0.009583371 0.132728 13.92435 -0.07010745 0.5651845 14.03366 -0.06992815 0.9725788 13.9658 -0.05968056 1.319795 13.96894 0.1156021 0.5638307 14.03708 0.15236 0.9126739 13.81945 0.1616739 1.2585 13.85902  O_Jump_Far
-0.0110973 -0.08082283 13.7804 -0.07242255 -0.008710146 13.85402 -0.3406986 0.2078091 13.927 -0.4625565 0.3985922 13.71757 0.06481399 -0.02606833 13.85546 0.351389 0.1633043 13.92693 0.5363392 0.391005 13.8318 0.01068957 0.1033212 13.92531 -0.06832109 0.5375439 14.02741 -0.06932549 0.9446811 13.95804 -0.06043665 1.291948 13.95863 0.1173874 0.5355176 14.03055 0.1544756 0.8786379 13.80406 0.1608797 1.223213 13.8538  O_Jump_Far
-0.01061503 -0.1124386 13.78032 -0.07172225 -0.04104865 13.85482 -0.3448227 0.1694995 13.92804 -0.4627146 0.340263 13.6999 0.06550176 -0.05853796 13.85579 0.3574689 0.1235589 13.92456 0.550135 0.3426645 13.82467 0.01163741 0.07015908 13.9271 -0.0645142 0.507298 14.01899 -0.06966655 0.9127035 13.94029 -0.06019406 1.25973 13.95281 0.1211567 0.5024889 14.02116 0.160183 0.8351315 13.77986 0.1572028 1.176673 13.84759  O_Jump_Far
-0.010316 -0.1391281 13.7821 -0.07121734 -0.06797111 13.85699 -0.3487793 0.1376206 13.92969 -0.4630943 0.2893357 13.68674 0.06600077 -0.08552349 13.85758 0.3627768 0.09016788 13.92318 0.5613096 0.301788 13.81875 0.01236023 0.04294837 13.92947 -0.06048886 0.4827648 14.01092 -0.07075112 0.8860132 13.92227 -0.05865375 1.232069 13.95007 0.1250739 0.474629 14.01227 0.1673996 0.7953219 13.75582 0.1532501 1.132401 13.84199  O_Jump_Far
-0.01015191 -0.1803563 13.78908 -0.07064967 -0.1085367 13.86366 -0.3554659 0.08956826 13.93396 -0.4598573 0.2102263 13.67004 0.06654651 -0.1262695 13.86383 0.3708701 0.03927445 13.92319 0.5780912 0.2385426 13.81158 0.01337268 0.002829909 13.93493 -0.05287753 0.4468889 13.99645 -0.07278095 0.8476061 13.89845 -0.05788473 1.191258 13.94698 0.1322596 0.4318835 13.99725 0.1849524 0.7283753 13.7149 0.1500595 1.054162 13.83277  O_Jump_Far
-0.009067399 -0.2133421 13.79898 -0.06951742 -0.1402419 13.87235 -0.360382 0.05149603 13.9393 -0.4556804 0.1498878 13.66299 0.06770398 -0.1577774 13.87256 0.3774768 0.0001853704 13.92646 0.5906134 0.1900712 13.80975 0.01448907 -0.02746141 13.94137 -0.04660301 0.4192367 13.98525 -0.07968311 0.8121053 13.86223 -0.05851225 1.149496 13.94219 0.1379957 0.3986531 13.98634 0.2018714 0.6676576 13.67981 0.1486502 0.9794605 13.8254  O_Jump_Far
-0.006834431 -0.2405556 13.81103 -0.06765448 -0.1657916 13.88239 -0.363786 0.02009094 13.94519 -0.4511303 0.1058724 13.66213 0.06964518 -0.1826886 13.88312 0.3832607 -0.03015864 13.9326 0.6001623 0.1532636 13.81254 0.01580192 -0.05081892 13.9484 -0.04185085 0.3975278 13.97728 -0.09310351 0.7724469 13.8118 -0.05944566 1.095612 13.93471 0.142256 0.3729779 13.97916 0.2173501 0.6105435 13.65003 0.1502682 0.9064003 13.82095  O_Jump_Far
-0.00454895 -0.2664286 13.82298 -0.06569295 -0.1896989 13.89194 -0.3671438 -0.01047242 13.94995 -0.4495903 0.07006741 13.66391 0.07168247 -0.2059394 13.89316 0.3888968 -0.05875289 13.93806 0.6083499 0.1196021 13.81504 0.01725359 -0.07229674 13.95421 -0.03980116 0.376725 13.97344 -0.1043512 0.734509 13.77748 -0.06032191 1.044142 13.92869 0.1441486 0.3510668 13.97582 0.226637 0.5589513 13.62885 0.150667 0.8412604 13.81801  O_Jump_Far
-0.002496047 -0.2871979 13.83328 -0.06393616 -0.208655 13.8999 -0.3698666 -0.03554547 13.95348 -0.4498506 0.04473889 13.66666 0.07350536 -0.2242863 13.90156 0.3935371 -0.08152688 13.94269 0.6145372 0.09321141 13.81727 0.01854374 -0.08907092 13.95853 -0.03957878 0.3602127 13.97229 -0.1127059 0.7045317 13.75625 -0.0623133 1.00376 13.92536 0.1444502 0.3351493 13.97487 0.2314333 0.5188035 13.61556 0.1513019 0.7913735 13.81688  O_Jump_Far
-0.000567181 -0.3043007 13.84348 -0.06229202 -0.2239505 13.90763 -0.372271 -0.05673969 13.95674 -0.450182 0.02382863 13.66944 0.07521214 -0.2389699 13.9097 0.3977182 -0.1002851 13.94734 0.6201368 0.07029963 13.81875 0.01973267 -0.1022527 13.96242 -0.03990809 0.3471708 13.97118 -0.1195742 0.6813923 13.742 -0.0634418 0.9707094 13.9259 0.1442632 0.3231826 13.97384 0.2344604 0.4840972 13.60455 0.1522768 0.7485689 13.81561  O_Jump_Far
0.00160064 -0.3198085 13.85559 -0.06044314 -0.2374803 13.91686 -0.3745539 -0.07672262 13.961 -0.4509233 0.005264878 13.67367 0.07712831 -0.2518021 13.91936 0.4020577 -0.1173021 13.95343 0.6258217 0.04835784 13.8208 0.02106966 -0.1135267 13.96718 -0.0409172 0.3358847 13.97125 -0.1263099 0.6584518 13.72787 -0.06552158 0.9410847 13.92048 0.1434879 0.3137556 13.97381 0.2361237 0.4512666 13.59578 0.1537805 0.7087029 13.81531  O_Jump_Far
0.004290478 -0.3350989 13.86983 -0.05813871 -0.2505907 13.92764 -0.3770998 -0.09810221 13.96555 -0.4510419 -0.01460779 13.67803 0.07950695 -0.264084 13.93062 0.4073206 -0.1351267 13.96052 0.6330915 0.02289462 13.8221 0.02276279 -0.124213 13.97263 -0.04363344 0.3245796 13.97221 -0.1350909 0.6329017 13.71308 -0.06870387 0.9086839 13.91361 0.1411956 0.3063065 13.97463 0.2356221 0.4198753 13.58916 0.1559662 0.6714442 13.81635  O_Jump_Far
0.006628888 -0.3453885 13.88159 -0.05613105 -0.259174 13.93644 -0.3791292 -0.1142379 13.96882 -0.4505687 -0.02952802 13.68102 0.08157356 -0.2719618 13.93979 0.411793 -0.148097 13.96623 0.6395162 0.001822948 13.82211 0.02424939 -0.1309484 13.97692 -0.04730139 0.3167086 13.97364 -0.1429892 0.6142535 13.70367 -0.07175057 0.8841996 13.91038 0.1379362 0.3031613 13.97589 0.2332924 0.4010322 13.58636 0.1579649 0.6501558 13.81769  O_Jump_Far
0.009544568 -0.3539919 13.8954 -0.05361168 -0.265915 13.94673 -0.3810857 -0.1302067 13.9725 -0.4494692 -0.04401696 13.68439 0.08416142 -0.2778375 13.95043 0.4163494 -0.1582698 13.97338 0.6454638 -0.0168947 13.82297 0.0261354 -0.1357124 13.98178 -0.05175827 0.3102361 13.97565 -0.1532196 0.5927281 13.69197 -0.07595025 0.8551704 13.90604 0.1338167 0.3025464 13.97774 0.2303762 0.4073468 13.59031 0.1595668 0.6597759 13.81947  O_Jump_Far
0.01236387 -0.3585637 13.90978 -0.05120001 -0.2686865 13.95735 -0.3827665 -0.1423318 13.976 -0.4476436 -0.0545907 13.68755 0.08663012 -0.2797791 13.96148 0.4219069 -0.168076 13.98009 0.6530657 -0.03811514 13.82267 0.02792968 -0.1367291 13.98679 -0.05646883 0.3070791 13.97787 -0.1637419 0.5717504 13.67951 -0.08021347 0.82596 13.90104 0.1292585 0.3056151 13.98005 0.2261761 0.4415759 13.60252 0.1611123 0.7039847 13.82197  O_Jump_Far
0.01523014 -0.3596755 13.92453 -0.04875932 -0.2681473 13.96822 -0.3836742 -0.1503402 13.9798 -0.4448103 -0.06063235 13.69115 0.08912428 -0.2783819 13.97276 0.4270643 -0.1740971 13.98729 0.6594604 -0.05556786 13.82283 0.02973338 -0.1346636 13.99192 -0.06138198 0.3065666 13.98004 -0.1747489 0.5514917 13.66742 -0.08498226 0.7970295 13.89617 0.1242787 0.3116246 13.98251 0.2215546 0.4963588 13.6264 0.1635276 0.7754956 13.82631  O_Jump_Far
0.01718588 -0.3556992 13.93319 -0.04707901 -0.2633086 13.97461 -0.3842122 -0.1518143 13.98188 -0.4434523 -0.06112254 13.69313 0.09083851 -0.2729858 13.97934 0.4301729 -0.1727546 13.99135 0.6628605 -0.06105256 13.82258 0.03099503 -0.1290225 13.99492 -0.0641499 0.3105211 13.9811 -0.1813216 0.5422277 13.65992 -0.08796208 0.7821003 13.8932 0.1213628 0.3194422 13.98374 0.2173367 0.5375251 13.64665 0.1649518 0.8285984 13.83044  O_Jump_Far
0.01927747 -0.3423349 13.94235 -0.04531322 -0.2491623 13.98144 -0.384275 -0.1433014 13.9844 -0.4414501 -0.05102551 13.69574 0.09263785 -0.2582293 13.9864 0.4336351 -0.1630021 13.99547 0.6663788 -0.0592314 13.82178 0.03228511 -0.1141331 13.99836 -0.067111 0.3234732 13.98198 -0.1885443 0.5388423 13.65115 -0.09138291 0.7709131 13.89069 0.1181557 0.3364792 13.98492 0.2121968 0.5915712 13.67429 0.1674559 0.8970795 13.83526  O_Jump_Far
0.02091994 -0.3240024 13.95009 -0.04393808 -0.2302095 13.9872 -0.3838423 -0.127437 13.98732 -0.4398765 -0.03351986 13.69897 0.0940388 -0.2387711 13.99234 0.4364279 -0.147723 13.99841 0.6692223 -0.05174959 13.82037 0.0332705 -0.09462869 14.00126 -0.06859939 0.3419505 13.98274 -0.1935754 0.5410048 13.64313 -0.0937302 0.7670504 13.88728 0.1164939 0.3571869 13.98588 0.2066381 0.6393043 13.69832 0.167902 0.9562255 13.83728  O_Jump_Far
0.02224125 -0.2999617 13.95794 -0.04284511 -0.205546 13.99302 -0.3830438 -0.1037356 13.99152 -0.4389715 -0.008064628 13.70372 0.09515472 -0.213642 13.99829 0.4388406 -0.1264509 14.00074 0.67201 -0.0396086 13.81855 0.03402104 -0.06949437 14.00408 -0.0681756 0.3673863 13.9838 -0.1968371 0.5476559 13.6352 -0.0950409 0.7702947 13.88166 0.1169278 0.382488 13.987 0.2013386 0.6823624 13.71616 0.1651468 1.008113 13.83373  O_Jump_Far
0.0231023 -0.2726423 13.96461 -0.04218964 -0.1777561 13.998 -0.3821441 -0.07504809 13.99588 -0.4380247 0.02208364 13.70857 0.09582926 -0.1854445 14.00338 0.4404324 -0.1008965 14.00213 0.6733816 -0.02376735 13.81534 0.03437145 -0.04135406 14.00658 -0.06789915 0.3959469 13.9851 -0.1983104 0.5562418 13.62751 -0.09563123 0.774952 13.8771 0.1172345 0.4106604 13.98836 0.1923487 0.7253994 13.73204 0.1572828 1.05904 13.82532  O_Jump_Far
0.022635 -0.1634139 13.98037 -0.04323069 -0.06755292 14.00959 -0.3762289 0.05475104 14.01886 -0.4542263 0.1635898 13.74106 0.0948341 -0.07415164 14.01523 0.4397524 0.008456707 14.00004 0.6668786 0.0404948 13.79391 0.03249295 0.069561 14.01212 -0.0698552 0.5081118 13.98943 -0.1899931 0.6459293 13.61909 -0.09543966 0.8649209 13.87163 0.1153756 0.5214863 13.99292 0.1550029 0.8970683 13.82628 0.1448694 1.244544 13.84643  O_Jump_Far
0.02127262 -0.127642 13.98457 -0.04467617 -0.03152931 14.01276 -0.3726658 0.1017699 14.0282 -0.4664654 0.2190348 13.75884 0.09339471 -0.03794444 14.01846 0.4377533 0.0449568 13.99848 0.6610478 0.05920053 13.78626 0.03092613 0.105671 14.0138 -0.07104211 0.5446756 13.99148 -0.1828886 0.7127054 13.63116 -0.09358917 0.9435695 13.87488 0.1142326 0.557408 13.99505 0.154477 0.9375885 13.83934 0.1509086 1.285298 13.8576  O_Jump_Far
0.01750042 -0.0526582 13.99186 -0.04853908 0.04392743 14.01815 -0.3645196 0.1984316 14.04443 -0.4907411 0.3379824 13.8001 0.08954205 0.03777945 14.0239 0.4300171 0.1286205 13.99123 0.6375263 0.1136762 13.76359 0.02691151 0.1812042 14.01641 -0.07380615 0.6212249 13.99498 -0.1637985 0.8631095 13.67254 -0.08829419 1.12551 13.88729 0.1115751 0.6322888 13.99857 0.1582432 1.008503 13.83521 0.1591505 1.354904 13.87061  O_Jump_Far
0.01416536 0.003524661 13.99372 -0.05184947 0.1003119 14.01932 -0.3568685 0.2711955 14.05162 -0.5000642 0.4311846 13.83024 0.08623369 0.09418929 14.02505 0.4199513 0.2007412 13.98172 0.6093386 0.1801035 13.73921 0.02361728 0.2375623 14.01652 -0.07540105 0.6786019 13.99772 -0.1493876 0.9605191 13.70511 -0.08523051 1.244442 13.8947 0.1100749 0.687947 14.00131 0.1561178 1.059715 13.8279 0.1540187 1.40442 13.87711  O_Jump_Far
0.01077976 0.03842914 13.98027 -0.05512343 0.1347386 14.00788 -0.3507627 0.3182582 14.04499 -0.5021884 0.4951686 13.8428 0.08295746 0.128368 14.01339 0.4075404 0.2590491 13.97208 0.5869039 0.2641538 13.72126 0.02047517 0.2719449 14.00782 -0.07636343 0.7141952 14.00107 -0.1328718 1.036562 13.74916 -0.07485811 1.334591 13.91794 0.1091898 0.7218273 14.00472 0.1575028 1.08335 13.81141 0.1498234 1.422808 13.88859  O_Jump_Far
0.005678432 0.08124661 13.95752 -0.05992005 0.1764175 13.98947 -0.3433896 0.3752123 14.03145 -0.5024361 0.5749515 13.85849 0.07813807 0.1693558 13.9947 0.3843751 0.3368558 13.969 0.5544166 0.3986657 13.71926 0.01612212 0.3132395 13.99564 -0.0772116 0.7564774 14.00999 -0.1139065 1.110081 13.79977 -0.05800263 1.416747 13.95308 0.1084258 0.7616333 14.01369 0.1601125 1.095041 13.77585 0.1454428 1.427271 13.87907  O_Jump_Far
-3.073918E-05 0.1228516 13.93529 -0.06507264 0.2164732 13.97251 -0.3322924 0.4332613 14.01804 -0.4909308 0.6620814 13.88545 0.07291867 0.2081618 13.97767 0.3593507 0.4032396 13.98081 0.5301003 0.5285894 13.75667 0.0118797 0.3521787 13.98677 -0.07744037 0.7950397 14.02332 -0.1098866 1.139257 13.79741 -0.0492423 1.437068 13.96565 0.1082504 0.7975879 14.02706 0.1616186 1.101758 13.75314 0.1436649 1.426099 13.87855  O_Jump_Far
-0.004595859 0.1555073 13.91548 -0.06922595 0.247373 13.95749 -0.3219008 0.4779125 14.00621 -0.4730867 0.7283922 13.90869 0.06869908 0.2379946 13.96259 0.34032 0.4467585 13.99064 0.5076159 0.6173272 13.79565 0.008446412 0.381668 13.97923 -0.07779388 0.823027 14.03434 -0.1085682 1.155041 13.79063 -0.04465173 1.443927 13.97265 0.107915 0.823584 14.038 0.1613876 1.104519 13.74031 0.1424269 1.422644 13.88061  O_Jump_Far
-0.008722646 0.1841958 13.89315 -0.07309084 0.2735332 13.94065 -0.3130098 0.5154582 13.99121 -0.4533348 0.7817993 13.92429 0.06476291 0.2631406 13.94571 0.3200231 0.4823619 13.99795 0.4751342 0.6940249 13.83595 0.005136745 0.4057719 13.97121 -0.07864361 0.8444506 14.04522 -0.1065023 1.168612 13.79083 -0.04085122 1.45254 13.9799 0.1070663 0.8433708 14.04871 0.1600751 1.106528 13.73512 0.1418483 1.420947 13.88363  O_Jump_Far
-0.009832187 0.1854149 13.87646 -0.07459097 0.2730861 13.92648 -0.3015129 0.5249941 13.98119 -0.4178963 0.8017344 13.91064 0.06331314 0.2632066 13.93118 0.3081115 0.4928712 13.98995 0.4073883 0.7511873 13.85385 0.003032463 0.4047871 13.96068 -0.08068423 0.843981 14.03928 -0.1053688 1.171353 13.7887 -0.04025142 1.45559 13.97749 0.1050241 0.842787 14.04282 0.1581015 1.106794 13.72996 0.1412818 1.420878 13.87934  O_Jump_Far
-0.008846207 0.1703106 13.87569 -0.0741121 0.2581388 13.92476 -0.2944306 0.514376 13.98362 -0.3899395 0.7933834 13.8934 0.06386961 0.2492994 13.92925 0.3071816 0.4835485 13.98939 0.3688892 0.7654265 13.88057 0.002648966 0.3908063 13.95713 -0.08216999 0.831387 14.0274 -0.1041459 1.167809 13.78884 -0.04109417 1.455931 13.97237 0.1035381 0.8307188 14.03109 0.1565046 1.105873 13.72796 0.1412808 1.421894 13.87338  O_Jump_Far
-0.008502526 0.155045 13.87614 -0.07411687 0.2428559 13.92478 -0.2874807 0.5036819 13.99049 -0.3625926 0.7831882 13.884 0.06389357 0.2345413 13.92938 0.3059835 0.472268 13.99593 0.3464863 0.7655721 13.9097 0.002140539 0.3759487 13.95658 -0.08369158 0.8170912 14.01982 -0.1025135 1.162322 13.79391 -0.04153822 1.455578 13.96985 0.1020163 0.8167267 14.02356 0.1546818 1.103369 13.73122 0.1414207 1.422402 13.8701  O_Jump_Far
-0.009138389 0.1457556 13.87512 -0.07479863 0.2331547 13.92443 -0.2829501 0.4974523 13.99728 -0.3465126 0.7772967 13.88434 0.063186 0.224618 13.92939 0.3041581 0.4642382 14.00303 0.3399647 0.7581263 13.91671 0.0015222 0.365822 13.95783 -0.08480231 0.8072435 14.01967 -0.1014548 1.157477 13.80142 -0.04151086 1.454813 13.97074 0.1009064 0.8068668 14.02336 0.153702 1.100662 13.73823 0.1420002 1.422439 13.87078  O_Jump_Far
-0.009855015 0.136638 13.87529 -0.0754603 0.2238835 13.92494 -0.2800508 0.4901603 14.0032 -0.3349357 0.7695985 13.88484 0.06250657 0.2151388 13.93003 0.3029718 0.4553374 14.00909 0.3353406 0.7492366 13.92145 0.0009951163 0.3562847 13.95907 -0.08565991 0.7980109 14.01873 -0.1002023 1.153166 13.80842 -0.04158263 1.454214 13.97155 0.1000499 0.7976667 14.02238 0.1526096 1.098455 13.74459 0.1425033 1.422626 13.87131  O_Jump_Far
-0.01170973 0.1108719 13.87778 -0.07712202 0.1979531 13.92797 -0.2762948 0.4653976 14.0175 -0.3136596 0.7426801 13.88779 0.06082459 0.1888671 13.93301 0.3012883 0.4271396 14.02394 0.3278799 0.7192709 13.92878 -0.0003716777 0.329967 13.96293 -0.08763914 0.7725213 14.01581 -0.09642844 1.141263 13.82999 -0.04221575 1.452395 13.97467 0.09807189 0.7723714 14.0194 0.1492993 1.093007 13.76451 0.1439201 1.423376 13.87439  O_Jump_Far
-0.01240592 0.09294379 13.87998 -0.07784925 0.1799303 13.93029 -0.2767193 0.4448996 14.02406 -0.3061738 0.7213221 13.89053 0.06011387 0.1709958 13.93515 0.3014483 0.4057089 14.03129 0.3254662 0.6971303 13.9333 -0.001200242 0.3120147 13.96521 -0.08882909 0.75504 14.01348 -0.09380488 1.133943 13.84922 -0.04323391 1.451132 13.98154 0.09688134 0.7551125 14.01711 0.1467971 1.089798 13.78069 0.1449959 1.424081 13.87815  O_Jump_Far
-0.01272784 0.07759368 13.88229 -0.07827251 0.1645664 13.93249 -0.278665 0.4255486 14.02724 -0.3039239 0.7026652 13.89429 0.05971332 0.1559042 13.9372 0.302249 0.3861811 14.0354 0.325884 0.6777555 13.93777 -0.001830263 0.2968723 13.96703 -0.0897833 0.7402537 14.01149 -0.09129743 1.127519 13.86797 -0.04432957 1.449858 13.98866 0.09592725 0.7405327 14.0151 0.1444032 1.087478 13.79674 0.1460457 1.424853 13.8829  O_Jump_Far
-0.0132194 0.06359196 13.88646 -0.07879172 0.1508464 13.93614 -0.2802824 0.4087843 14.03019 -0.303634 0.6879724 13.90128 0.05920573 0.1423327 13.94077 0.3017755 0.3697599 14.03903 0.3269098 0.6619873 13.94377 -0.002430243 0.2834469 13.96971 -0.09063672 0.7271994 14.00998 -0.08861034 1.120711 13.88461 -0.0455607 1.448787 13.99037 0.0950736 0.7276645 14.01359 0.1420545 1.085332 13.81291 0.1474134 1.425625 13.88653  O_Jump_Far
-0.01386027 0.04970109 13.89138 -0.0794038 0.1375166 13.9401 -0.2815855 0.3932515 14.03167 -0.3049112 0.6758103 13.91033 0.05859782 0.129069 13.94473 0.3000591 0.3550467 14.04112 0.3284311 0.6485068 13.95067 -0.003029985 0.2705019 13.97208 -0.09145276 0.7146493 14.00748 -0.08557151 1.114877 13.90571 -0.04699073 1.447682 13.9975 0.09425713 0.7152997 14.01108 0.1395884 1.084149 13.83136 0.1490599 1.426806 13.89256  O_Jump_Far
-0.01436768 0.04017866 13.89526 -0.07987337 0.1285051 13.9431 -0.2821065 0.3834263 14.03136 -0.3065836 0.6691645 13.91795 0.0581301 0.1200905 13.94773 0.2979933 0.3460604 14.04124 0.3302142 0.6408682 13.95665 -0.003466649 0.2618082 13.97364 -0.09203242 0.706218 14.0054 -0.08313976 1.110571 13.92177 -0.04791717 1.446811 14.00162 0.093677 0.7070029 14.009 0.1376889 1.084293 13.84739 0.1504319 1.428236 13.90019  O_Jump_Far
-0.0150684 0.02751493 13.90637 -0.08050989 0.1170553 13.95199 -0.2821579 0.3723665 14.03247 -0.3095211 0.6628509 13.93258 0.05749573 0.1087264 13.95671 0.2939177 0.3366066 14.04332 0.333005 0.6333814 13.96915 -0.00404398 0.2510774 13.97904 -0.09281854 0.6959885 14.00238 -0.07925092 1.105231 13.94843 -0.05016003 1.44613 14.00856 0.09288992 0.6970016 14.00597 0.1349542 1.082932 13.86564 0.1530436 1.428947 13.9002  O_Jump_Far
-0.01564435 0.01543462 13.92894 -0.08100836 0.1072561 13.9699 -0.2810638 0.3655645 14.03647 -0.3129053 0.6603566 13.95167 0.0570003 0.09913898 13.97489 0.2884259 0.3321018 14.04923 0.3363188 0.6302437 13.9866 -0.004474325 0.2424819 13.98983 -0.09349684 0.6879207 13.99655 -0.07581072 1.100276 13.98156 -0.05460058 1.445441 14.0145 0.09221037 0.6892601 14.0001 0.1323162 1.083907 13.88587 0.1561048 1.430839 13.90377  O_Jump_Far
-0.01606069 0.01006019 13.94723 -0.08130734 0.1037101 13.98403 -0.2798661 0.3646384 14.03943 -0.314994 0.6614826 13.96356 0.056699 0.09570467 13.98926 0.2846945 0.3325541 14.0536 0.3386612 0.6310074 13.99776 -0.004638715 0.2396342 13.99771 -0.09381841 0.6850652 13.99287 -0.07840662 1.097589 14.00559 -0.05631397 1.444076 14.01708 0.09188749 0.6866281 13.99639 0.1313381 1.08485 13.89507 0.1581654 1.43191 13.90386  O_Jump_Far
-0.01643304 0.007593155 13.95893 -0.0815988 0.1023102 13.99304 -0.2792691 0.3646718 14.04136 -0.3162932 0.6625032 13.97041 0.05640509 0.09436762 13.99843 0.282415 0.3333631 14.05635 0.3399517 0.6318186 14.00421 -0.004834397 0.2385219 14.00275 -0.09409253 0.6837984 13.99082 -0.07895325 1.096192 14.00746 -0.05491565 1.442623 14.01649 0.09161265 0.6854861 13.99432 0.1307569 1.085531 13.90032 0.1594851 1.432533 13.90382  O_Jump_Far
-0.01675145 0.005632043 13.97216 -0.0818067 0.1014853 14.00317 -0.2786218 0.3651789 14.04384 -0.3174804 0.663745 13.97709 0.05619254 0.09358943 14.00874 0.2802972 0.3345945 14.05967 0.3413641 0.6328604 14.01055 -0.004905624 0.2378677 14.00834 -0.09422956 0.6828497 13.98877 -0.07894735 1.095328 14.00303 -0.05627434 1.441799 14.01386 0.09147485 0.6846604 13.99226 0.1304127 1.086223 13.90488 0.1607451 1.433103 13.90343  O_Jump_Far
-0.01711313 0.004749417 13.98366 -0.0820304 0.1015683 14.01182 -0.2784519 0.3660064 14.04682 -0.3180142 0.6647223 13.98116 0.05596097 0.0936619 14.01757 0.2790424 0.3357891 14.06319 0.3420976 0.6337026 14.01445 -0.004950864 0.237944 14.0129 -0.09430461 0.6825932 13.98716 -0.07904206 1.095074 14.00136 -0.05639617 1.441548 14.01217 0.09139915 0.6844904 13.99063 0.1303436 1.086621 13.90591 0.1612672 1.433433 13.90234  O_Jump_Far
-0.01758914 0.004416943 13.99567 -0.0823177 0.1022094 14.02073 -0.2785624 0.3671515 14.05056 -0.3181145 0.6656964 13.98412 0.05566128 0.09423709 14.02668 0.2781491 0.3370935 14.06731 0.3425104 0.6345323 14.01738 -0.004987581 0.238407 14.0174 -0.09434567 0.6826498 13.98564 -0.07909779 1.095137 13.99967 -0.05646406 1.441615 14.01036 0.09135748 0.6846184 13.98911 0.1304147 1.086939 13.90534 0.161732 1.433704 13.90076  O_Jump_Far
-0.01794843 0.004385591 14.0015 -0.08253853 0.1026682 14.02495 -0.2788329 0.367733 14.05282 -0.3178917 0.6659749 13.98476 0.05542954 0.09460223 14.03104 0.2779281 0.3375679 14.06952 0.3424967 0.6347256 14.01821 -0.005018277 0.2386843 14.01938 -0.09435664 0.682729 13.985 -0.07909934 1.095221 13.99886 -0.05645768 1.441704 14.0094 0.09134622 0.6847176 13.98847 0.1304539 1.087049 13.90478 0.1618614 1.433801 13.89987  O_Jump_Far
