0.007710533 0.04648197 11.51988 -0.06559919 0.13478 11.55467 -0.2009753 0.3573321 11.42435 0.008096354 0.1605715 11.31174 0.07259424 0.1410798 11.55505 0.2964558 0.387725 11.56519 0.2564494 0.2583421 11.28813 -0.002943737 0.2782933 11.55903 -0.116036 0.719675 11.57915 -0.176069 1.128138 11.56782 -0.2163983 1.470653 11.60942 0.06950237 0.7275754 11.58298 0.1470762 1.097419 11.41684 0.2039463 1.427325 11.32105  SA_HookPunch_Far
0.005161421 0.04617298 11.52105 -0.06781064 0.1346145 11.55613 -0.2034284 0.3561896 11.42523 0.005559342 0.1587023 11.31374 0.07039388 0.1406726 11.55587 0.2957605 0.3861012 11.56315 0.2539618 0.253628 11.28782 -0.004885538 0.2780226 11.56003 -0.1171107 0.7196259 11.58004 -0.1762169 1.1282 11.56785 -0.2157705 1.470857 11.60902 0.06845547 0.7272124 11.58307 0.1460546 1.097253 11.41738 0.2032206 1.42683 11.32064  SA_HookPunch_Far
0.002095239 0.04548597 11.52247 -0.07046776 0.1340995 11.55789 -0.2063828 0.354488 11.42631 0.002515214 0.1561472 11.31617 0.0677457 0.1398655 11.55687 0.2948816 0.3837981 11.56069 0.250901 0.2476273 11.28751 -0.007220728 0.27738 11.56125 -0.1184023 0.7192478 11.58111 -0.1764002 1.127948 11.56787 -0.2150262 1.470774 11.60852 0.06719227 0.7264549 11.58317 0.1448319 1.09673 11.41803 0.202341 1.425906 11.32014  SA_HookPunch_Far
-0.00194524 0.04415226 11.52446 -0.07393573 0.1329879 11.56048 -0.2110617 0.3514223 11.42814 -0.002677126 0.1517524 11.31944 0.06427439 0.1384073 11.55805 0.2939127 0.379952 11.55588 0.2456969 0.2384434 11.28615 -0.01030449 0.2761173 11.56288 -0.1201336 0.718321 11.58276 -0.1762629 1.127241 11.56831 -0.213359 1.47039 11.60763 0.06549038 0.7250461 11.58304 0.143129 1.096113 11.41968 0.2010443 1.424845 11.32054  SA_HookPunch_Far
-0.006268485 0.04235005 11.52676 -0.07762043 0.1314217 11.56351 -0.2164815 0.3475419 11.43049 -0.008822663 0.1463739 11.32317 0.06056275 0.1364871 11.55939 0.2928285 0.3751776 11.54998 0.2393547 0.2277738 11.28443 -0.0136088 0.2743961 11.56478 -0.1219997 0.7169509 11.58477 -0.1759264 1.126121 11.56906 -0.2112313 1.469659 11.6066 0.06363238 0.7231659 11.58286 0.1412894 1.095007 11.42128 0.1996072 1.42311 11.32031  SA_HookPunch_Far
-0.01236681 0.03934634 11.53077 -0.08266108 0.1286541 11.56911 -0.2265253 0.3402088 11.43541 -0.02107803 0.1362214 11.32916 0.05538716 0.1333408 11.5615 0.2909475 0.367314 11.53867 0.2271881 0.2114476 11.28032 -0.01828681 0.271467 11.56803 -0.1248108 0.7144733 11.5885 -0.1752121 1.12403 11.57125 -0.2076191 1.468271 11.60474 0.06073578 0.720055 11.58195 0.1383448 1.09389 11.42502 0.1971025 1.421097 11.32143  SA_HookPunch_Far
-0.01762347 0.03655624 11.53475 -0.08687858 0.1260107 11.57492 -0.236515 0.3329693 11.44111 -0.03402887 0.125813 11.33531 0.05091848 0.1303933 11.56352 0.2895568 0.3590134 11.52692 0.214413 0.1960626 11.27611 -0.02230821 0.2686931 11.57129 -0.1272326 0.7120764 11.59227 -0.1745775 1.121943 11.57378 -0.2043757 1.466831 11.60273 0.058082 0.7171348 11.58068 0.1358314 1.093173 11.42917 0.194902 1.419566 11.32322  SA_HookPunch_Far
-0.02146427 0.03441572 11.53795 -0.08986698 0.1239467 11.57969 -0.2444719 0.3271482 11.44616 -0.04460464 0.1173428 11.3406 0.04763575 0.1281204 11.5651 0.2877121 0.352842 11.51734 0.2036137 0.1846174 11.27294 -0.02524988 0.2665374 11.57392 -0.1290315 0.7101836 11.59535 -0.1741605 1.120258 11.57593 -0.202034 1.46561 11.60101 0.05597784 0.714875 11.5795 0.1340196 1.092681 11.43262 0.1932305 1.41843 11.32478  SA_HookPunch_Far
-0.02499704 0.03227198 11.54131 -0.09243886 0.1218843 11.58495 -0.2532515 0.3209486 11.4528 -0.05679743 0.1081102 11.3469 0.04459156 0.1258794 11.56641 0.2853149 0.3466241 11.50559 0.1907538 0.1719601 11.26968 -0.02791975 0.2643946 11.57665 -0.1306081 0.7082652 11.5989 -0.1737958 1.118512 11.57873 -0.1998803 1.464316 11.59906 0.05388941 0.7126468 11.57786 0.1318907 1.092524 11.43639 0.1906188 1.417561 11.32616  SA_HookPunch_Far
-0.02817134 0.03032458 11.54449 -0.09463887 0.1200178 11.58999 -0.2615575 0.3150861 11.45969 -0.06842683 0.09936845 11.35351 0.04180946 0.123845 11.56753 0.2824216 0.3407465 11.49398 0.177927 0.1598974 11.26709 -0.03031187 0.2624496 11.57922 -0.1319838 0.7065176 11.60235 -0.1734743 1.116904 11.58147 -0.1980088 1.463068 11.59705 0.05186268 0.7106156 11.57617 0.1299969 1.092383 11.43996 0.1880033 1.416726 11.32734  SA_HookPunch_Far
-0.03906951 0.0225904 11.55659 -0.09947459 0.11285 11.61149 -0.2997988 0.2897837 11.50481 -0.1263808 0.0614357 11.39127 0.03145226 0.1164927 11.56696 0.2554308 0.3155026 11.42789 0.1095284 0.100154 11.26223 -0.03826652 0.2551768 11.5883 -0.1357742 0.6996813 11.62038 -0.1724837 1.110288 11.59529 -0.1930724 1.456933 11.58595 0.04173847 0.7031127 11.5658 0.1212562 1.092566 11.45441 0.1706442 1.415327 11.33344  SA_HookPunch_Far
-0.0413882 0.02100682 11.5592 -0.09933041 0.1113868 11.61706 -0.3099851 0.2830062 11.52179 -0.1439339 0.05107164 11.40457 0.02886404 0.1152039 11.56521 0.241578 0.3095213 11.40622 0.08773513 0.08363843 11.26334 -0.03984789 0.2537892 11.59015 -0.1361782 0.6982742 11.62617 -0.1722191 1.108784 11.59865 -0.192636 1.455162 11.58195 0.03819742 0.7017407 11.56228 0.1191682 1.092681 11.45734 0.1658024 1.415869 11.33641  SA_HookPunch_Far
-0.04334943 0.01990819 11.56142 -0.09847294 0.1103593 11.62227 -0.3190178 0.2766968 11.54019 -0.1612006 0.04115069 11.41887 0.02641602 0.1144522 11.56291 0.2248308 0.3045888 11.38469 0.06592758 0.06857061 11.26573 -0.04108302 0.2528852 11.59172 -0.1361609 0.6972825 11.63217 -0.1721905 1.107573 11.60153 -0.193105 1.45351 11.57779 0.03443583 0.7009013 11.55879 0.1171584 1.092822 11.45899 0.1615778 1.416723 11.33915  SA_HookPunch_Far
-0.04478214 0.01937222 11.56291 -0.09729414 0.1098453 11.62622 -0.3250832 0.2725469 11.55638 -0.1753012 0.03383708 11.43112 0.02443744 0.1142087 11.56065 0.2089517 0.3015559 11.36758 0.04794141 0.05798042 11.26832 -0.04184 0.2524943 11.5928 -0.1356739 0.6967782 11.63725 -0.1725924 1.106737 11.6034 -0.1946258 1.452214 11.57452 0.03136512 0.7005981 11.5561 0.1153134 1.092883 11.45879 0.1590016 1.41771 11.34121  SA_HookPunch_Far
-0.04649959 0.01929271 11.56465 -0.09476916 0.1097366 11.63151 -0.3327937 0.2662998 11.58213 -0.1944771 0.02434933 11.45009 0.02158238 0.1145923 11.55684 0.1825401 0.2985156 11.34393 0.02208401 0.04478014 11.27338 -0.0425416 0.2526115 11.5941 -0.1342753 0.6966476 11.64483 -0.1739947 1.105873 11.6057 -0.1988607 1.450533 11.57013 0.02676822 0.7009093 11.55237 0.1120706 1.093296 11.45667 0.1561653 1.419702 11.3437  SA_HookPunch_Far
-0.04788147 0.0201422 11.56575 -0.09082995 0.1104335 11.63644 -0.336648 0.2627453 11.61312 -0.2133573 0.01826751 11.47121 0.0185131 0.1159767 11.55188 0.1497197 0.2978016 11.32101 -0.006908817 0.03546107 11.27919 -0.04259149 0.2536277 11.5951 -0.1313374 0.6972856 11.6535 -0.1771667 1.105142 11.60738 -0.2067813 1.44892 11.56721 0.02221282 0.7022299 11.5491 0.1063834 1.094003 11.44994 0.1533101 1.422235 11.34359  SA_HookPunch_Far
-0.04879872 0.02186036 11.56615 -0.08657716 0.1119382 11.64007 -0.3359188 0.2620413 11.64186 -0.2276344 0.01629138 11.49024 0.01557459 0.1181968 11.54699 0.1178547 0.2989727 11.3039 -0.03267555 0.03046131 11.28528 -0.04227279 0.2554624 11.59558 -0.1278108 0.6987168 11.66107 -0.180994 1.104893 11.60847 -0.2155102 1.447918 11.56585 0.01829995 0.7043821 11.54653 0.09991397 1.095399 11.44237 0.1506043 1.425121 11.34256  SA_HookPunch_Far
-0.04956744 0.02945352 11.56382 -0.0742694 0.1186266 11.64438 -0.3149926 0.2740196 11.70674 -0.2522505 0.03255343 11.52545 0.008263664 0.1270518 11.53368 0.04102464 0.3105021 11.27904 -0.0908715 0.03249562 11.29954 -0.04019408 0.263126 11.59438 -0.1169165 0.7051477 11.67647 -0.1929154 1.10535 11.60837 -0.2377589 1.447259 11.56641 0.01046278 0.7129316 11.5415 0.08024545 1.102146 11.42299 0.1445946 1.434545 11.34164  SA_HookPunch_Far
-0.04984079 0.03647387 11.56047 -0.06645529 0.1249425 11.64403 -0.2914337 0.2895315 11.74096 -0.2654701 0.05713439 11.5399 0.003254192 0.1348546 11.52495 -0.002246482 0.3227026 11.27435 -0.1207179 0.03977406 11.30629 -0.03882734 0.2700865 11.59197 -0.1097036 0.7112807 11.68321 -0.2010912 1.106772 11.60699 -0.2501661 1.448409 11.56762 0.006168561 0.7204075 11.53832 0.06849034 1.108851 11.4133 0.1440712 1.44148 11.34335  SA_HookPunch_Far
-0.0501884 0.04525256 11.55614 -0.05891637 0.1330029 11.64176 -0.261844 0.3091407 11.77055 -0.2790585 0.0920583 11.55218 -0.002019329 0.1444106 11.51618 -0.04078112 0.3379409 11.27616 -0.147072 0.05056942 11.31115 -0.03759943 0.2787751 11.5885 -0.1024434 0.7191384 11.68794 -0.2096728 1.109329 11.60531 -0.2614461 1.450966 11.56957 0.002120571 0.7295585 11.53477 0.05770101 1.117344 11.40463 0.1457987 1.448896 11.34497  SA_HookPunch_Far
-0.05041317 0.05239904 11.55238 -0.05358104 0.1396471 11.63889 -0.236466 0.3253591 11.78996 -0.2899503 0.1257142 11.56108 -0.005852623 0.1521251 11.50965 -0.06525777 0.3505853 11.28099 -0.1649983 0.0605762 11.3134 -0.03674034 0.2858555 11.58522 -0.09714089 0.7256181 11.69005 -0.2161636 1.111591 11.60383 -0.2688713 1.453416 11.57141 -0.0007079671 0.7369441 11.5317 0.05022593 1.124212 11.39816 0.1478956 1.454242 11.34536  SA_HookPunch_Far
-0.0504962 0.06119657 11.54768 -0.04763363 0.1479162 11.63464 -0.2040079 0.3454825 11.80867 -0.3030112 0.1720483 11.57366 -0.009897156 0.1615175 11.50225 -0.0890253 0.3659226 11.28932 -0.1844898 0.07385838 11.31558 -0.03565131 0.2945691 11.58088 -0.09116356 0.7336923 11.69106 -0.2238358 1.114467 11.60171 -0.2766443 1.45665 11.5735 -0.003705664 0.7459594 11.52765 0.04154583 1.132542 11.39014 0.1504607 1.460189 11.34505  SA_HookPunch_Far
-0.05034379 0.06884515 11.54334 -0.04273955 0.1551329 11.63033 -0.1753633 0.3595841 11.82291 -0.3112872 0.2149791 11.58686 -0.01297168 0.1696533 11.49601 -0.105689 0.3788794 11.29765 -0.1998678 0.0858885 11.31742 -0.03464298 0.3021384 11.57681 -0.08632521 0.7407044 11.69107 -0.2304432 1.11691 11.60011 -0.2828521 1.45944 11.5756 -0.006123407 0.7537767 11.52404 0.03404309 1.13981 11.38344 0.1521327 1.465076 11.34465  SA_HookPunch_Far
-0.04532401 0.09655654 11.52649 -0.02590869 0.1820853 11.61282 -0.06825714 0.402074 11.85146 -0.3196111 0.4030756 11.67278 -0.0163887 0.1979645 11.47573 -0.1284391 0.4242926 11.32929 -0.2374403 0.1359164 11.3214 -0.02843992 0.3295299 11.55996 -0.07300238 0.7671039 11.68073 -0.2540896 1.127168 11.59053 -0.3003078 1.471374 11.58279 -0.01054703 0.7815838 11.5064 0.00935282 1.166531 11.35867 0.1568898 1.481542 11.34289  SA_HookPunch_Far
-0.04143063 0.1047783 11.52107 -0.02055166 0.1903688 11.60746 -0.03744159 0.4114165 11.8535 -0.3082149 0.4601179 11.71415 -0.01365821 0.2059481 11.47017 -0.122089 0.4360998 11.33151 -0.2396507 0.1512909 11.31856 -0.02515153 0.3376471 11.55427 -0.0708857 0.7752592 11.67422 -0.2606417 1.131231 11.58561 -0.3037797 1.475922 11.58462 -0.0100197 0.7896864 11.49932 0.003800051 1.174621 11.35087 0.1583957 1.486514 11.34244  SA_HookPunch_Far
-0.03841285 0.1103722 11.51718 -0.01676045 0.1960403 11.60366 -0.01567225 0.4168692 11.85335 -0.292891 0.4989282 11.746 -0.01127498 0.2113189 11.46628 -0.1160206 0.443832 11.33177 -0.2399257 0.1618794 11.31581 -0.02269409 0.343159 11.55017 -0.0697277 0.7808266 11.6692 -0.2652531 1.133963 11.5818 -0.3060032 1.478923 11.5858 -0.009484036 0.7951637 11.49408 3.566039E-05 1.180084 11.34525 0.159367 1.489682 11.34209  SA_HookPunch_Far
-0.03375028 0.1158628 11.51342 -0.01276861 0.2016815 11.60034 0.003582256 0.4221742 11.85178 -0.2759669 0.5317788 11.78144 -0.006183667 0.2164109 11.46294 -0.1032978 0.4500092 11.32365 -0.2336142 0.1709863 11.30727 -0.0191978 0.348529 11.54616 -0.06976508 0.7864082 11.66268 -0.2687005 1.137808 11.57598 -0.3067329 1.482949 11.58622 -0.007368905 0.8004117 11.48829 -0.001743538 1.185251 11.33906 0.1608622 1.493144 11.34212  SA_HookPunch_Far
-0.02741103 0.1223161 11.50868 -0.007730825 0.2083325 11.59625 0.02743019 0.4270651 11.84848 -0.2454917 0.5691438 11.82763 0.0009978581 0.2223108 11.4589 -0.08494572 0.4564122 11.31125 -0.2231444 0.1812303 11.29451 -0.01453619 0.3547969 11.54109 -0.07023923 0.7929381 11.65389 -0.2729315 1.142341 11.56782 -0.3075621 1.487487 11.5865 -0.004282994 0.8064839 11.48078 -0.003644986 1.19109 11.33084 0.162544 1.496869 11.34217  SA_HookPunch_Far
-0.02000515 0.1272689 11.50555 -0.003593845 0.2134858 11.59386 0.04282006 0.4298868 11.8452 -0.2187827 0.5916868 11.86739 0.01068558 0.2266995 11.45689 -0.06161134 0.4576584 11.28938 -0.2043182 0.1846086 11.27586 -0.009329839 0.359547 11.53752 -0.0723211 0.7980142 11.64481 -0.2741559 1.147633 11.55761 -0.3057871 1.492524 11.58451 0.0007786323 0.8109503 11.47454 -0.003124101 1.194792 11.32271 0.1630687 1.500155 11.34224  SA_HookPunch_Far
-0.0138344 0.1307238 11.50298 -0.0003555845 0.2170697 11.59182 0.05460181 0.4303507 11.84222 -0.1922643 0.6062752 11.89892 0.01880308 0.2297243 11.4554 -0.04049979 0.4568261 11.27139 -0.1869644 0.185661 11.26034 -0.005053086 0.3628131 11.53457 -0.07412188 0.8014528 11.63706 -0.2750262 1.15139 11.54899 -0.3046069 1.495829 11.58305 0.005129891 0.8139871 11.46954 -0.002614064 1.196995 11.31576 0.1630247 1.502155 11.34201  SA_HookPunch_Far
-0.007052047 0.1331751 11.50046 0.002186315 0.2195418 11.5896 0.06031235 0.429183 11.83899 -0.1714304 0.6153039 11.92122 0.02822639 0.2319894 11.45431 -0.01522426 0.4519452 11.24829 -0.1644971 0.1821494 11.24261 -0.0005525778 0.3651069 11.53177 -0.07677846 0.8036613 11.62917 -0.2734839 1.155811 11.54045 -0.3012714 1.499558 11.58216 0.01067163 0.8161843 11.46578 -0.001380963 1.197981 11.30929 0.1609625 1.504336 11.34152  SA_HookPunch_Far
-0.0009256433 0.1348798 11.49821 0.004411416 0.2212316 11.58748 0.06515689 0.4267163 11.83613 -0.1506626 0.6202012 11.94145 0.0367048 0.2335411 11.45353 0.01014473 0.4455358 11.22898 -0.1425932 0.1776298 11.22757 0.003489511 0.3666469 11.52922 -0.07906751 0.8050646 11.6217 -0.2722632 1.159083 11.53269 -0.2990757 1.501948 11.58167 0.01571246 0.8176447 11.46245 -0.0001095961 1.198063 11.30296 0.1590558 1.505498 11.34035  SA_HookPunch_Far
0.006874816 0.1358312 11.49443 0.006252842 0.2220017 11.58343 0.06457706 0.4217912 11.83264 -0.133959 0.6231683 11.95568 0.04764296 0.234713 11.45204 0.04759838 0.4338707 11.20481 -0.1112136 0.1695498 11.20902 0.008263784 0.3674754 11.52534 -0.08270912 0.8052627 11.61223 -0.269191 1.163149 11.52439 -0.2936625 1.504779 11.58239 0.02242692 0.8186927 11.4597 0.003391044 1.197059 11.29574 0.157477 1.506459 11.3379  SA_HookPunch_Far
0.01430603 0.1358117 11.49061 0.007749693 0.2217213 11.57891 0.06182291 0.4154915 11.82918 -0.1211307 0.6224087 11.96637 0.0580252 0.2350358 11.45072 0.08755262 0.4194508 11.18552 -0.07901405 0.1600393 11.19362 0.01271703 0.3673424 11.52138 -0.08616857 0.8043582 11.60276 -0.2662902 1.166013 11.5171 -0.2891036 1.506119 11.58405 0.02881362 0.8188764 11.4576 0.007679777 1.194908 11.28861 0.1566984 1.506278 11.33433  SA_HookPunch_Far
0.02148511 0.1347685 11.48614 0.008827167 0.2202915 11.57335 0.05492325 0.4084215 11.82576 -0.1172913 0.6190118 11.97103 0.0679356 0.2345515 11.44909 0.1307105 0.404464 11.17303 -0.04608069 0.151879 11.18011 0.01688613 0.3662227 11.51696 -0.08939789 0.8022627 11.59342 -0.2639971 1.167268 11.51059 -0.2877513 1.505899 11.58434 0.03506555 0.8182504 11.45647 0.01345875 1.192312 11.28323 0.156176 1.506247 11.33144  SA_HookPunch_Far
0.02947088 0.1322244 11.47998 0.00954874 0.2171724 11.56533 0.04291816 0.3990511 11.82076 -0.1211945 0.6126629 11.9709 0.07889284 0.2328411 11.44666 0.1838043 0.3856653 11.16648 -0.006548865 0.1430336 11.16631 0.02129604 0.3636097 11.51094 -0.09324186 0.7983246 11.58189 -0.2601292 1.168346 11.50569 -0.2851064 1.504982 11.5877 0.04182579 0.8163517 11.45567 0.02126451 1.188373 11.27796 0.155587 1.505729 11.32786  SA_HookPunch_Far
0.03832616 0.1274639 11.47183 0.009750562 0.2115861 11.55415 0.02378996 0.3867518 11.81282 -0.1364421 0.6007859 11.96652 0.09112962 0.229124 11.44367 0.2474424 0.3638221 11.17253 0.04126449 0.1352729 11.15355 0.02606709 0.3587396 11.50296 -0.09738134 0.7918676 11.5671 -0.2542963 1.168199 11.50131 -0.2827246 1.502491 11.59139 0.04945918 0.8123698 11.45521 0.03205885 1.182517 11.2733 0.1549007 1.504469 11.32334  SA_HookPunch_Far
0.04594876 0.1213926 11.46322 0.009374516 0.2046269 11.54186 0.00071265 0.3747197 11.80243 -0.1625102 0.5868136 11.95567 0.1016765 0.2240535 11.44067 0.30412 0.345636 11.19159 0.08651395 0.1322275 11.1446 0.03006734 0.3525479 11.49462 -0.1007011 0.7842309 11.55228 -0.2475006 1.166636 11.49945 -0.280999 1.498975 11.59486 0.05610212 0.8070062 11.45535 0.04336585 1.176228 11.27118 0.1538305 1.502962 11.31904  SA_HookPunch_Far
0.05402078 0.1125598 11.45261 0.008496718 0.1947217 11.52579 -0.03069924 0.3592384 11.78596 -0.2022275 0.5667642 11.93636 0.1128492 0.2162795 11.43756 0.3606733 0.3280728 11.22676 0.1390359 0.1316838 11.14066 0.0343258 0.3435576 11.48429 -0.1033626 0.7739137 11.53386 -0.2377206 1.16279 11.49783 -0.2789092 1.492882 11.59791 0.06351276 0.7987663 11.45616 0.05799343 1.16774 11.27114 0.1537461 1.499664 11.3148  SA_HookPunch_Far
0.06539108 0.09766459 11.43532 0.007350879 0.1782715 11.49751 -0.0865237 0.3352487 11.74807 -0.2797216 0.5323185 11.88572 0.1278496 0.2026323 11.43407 0.4237697 0.3104223 11.30157 0.2171592 0.1382713 11.15064 0.04059102 0.3283949 11.46753 -0.1042611 0.7575762 11.50375 -0.2194885 1.154154 11.49895 -0.2744721 1.481186 11.6024 0.07415606 0.7841396 11.45944 0.08178879 1.152706 11.27368 0.1542482 1.49198 11.30353  SA_HookPunch_Far
0.06982912 0.08825338 11.42303 0.00517376 0.1682814 11.47704 -0.1279737 0.3197795 11.71451 -0.340869 0.5100251 11.83108 0.133597 0.1933151 11.43211 0.4398224 0.3095812 11.35231 0.2578042 0.1434537 11.1669 0.04316326 0.3188881 11.45666 -0.1018898 0.7486365 11.48638 -0.2015581 1.149172 11.50096 -0.2630109 1.475713 11.60229 0.0807931 0.7741542 11.46453 0.09724028 1.143261 11.28043 0.1554923 1.486024 11.29962  SA_HookPunch_Far
0.07667972 0.07552302 11.40479 0.005055623 0.1554036 11.44592 -0.1818714 0.2994339 11.65344 -0.4200341 0.4803354 11.72868 0.14021 0.1798609 11.42941 0.4440019 0.3070788 11.42572 0.3077346 0.1481291 11.19928 0.04794415 0.3059853 11.44077 -0.09514265 0.7370846 11.46245 -0.180442 1.138542 11.50861 -0.2473532 1.464876 11.60711 0.0889097 0.7596088 11.47336 0.1188167 1.128946 11.29143 0.1611176 1.474574 11.29124  SA_HookPunch_Far
0.08057 0.06671774 11.38886 0.005817967 0.1475691 11.41996 -0.2220522 0.2844671 11.59515 -0.4758438 0.4580809 11.61872 0.1423308 0.1690843 11.42617 0.4286835 0.3083481 11.47595 0.3368393 0.1507306 11.2273 0.05193462 0.2970399 11.42847 -0.08600841 0.7301325 11.44821 -0.1637605 1.129905 11.51686 -0.2306214 1.456082 11.61591 0.0954553 0.748022 11.48361 0.1343447 1.1179 11.30449 0.1662942 1.464251 11.28811  SA_HookPunch_Far
0.08535035 0.05935562 11.37362 0.009431677 0.1416184 11.39534 -0.252064 0.2733016 11.531 -0.5090677 0.4407655 11.49919 0.1438943 0.159247 11.42266 0.4051345 0.3079871 11.51783 0.3581823 0.1514078 11.25632 0.05676873 0.289354 11.41712 -0.07609312 0.7242501 11.43632 -0.1525291 1.119966 11.52655 -0.2182721 1.445805 11.62745 0.1000709 0.7370099 11.49381 0.1482076 1.107137 11.31748 0.1748374 1.452666 11.28359  SA_HookPunch_Far
0.09399898 0.04996598 11.35024 0.01923181 0.1356176 11.36102 -0.2859715 0.2574993 11.41802 -0.5207152 0.401213 11.27891 0.1461166 0.1439959 11.4155 0.3641835 0.3121823 11.5594 0.3765828 0.1564022 11.29354 0.06739922 0.2788323 11.40238 -0.05664627 0.7161317 11.42715 -0.143053 1.104105 11.53934 -0.2108009 1.428854 11.6424 0.1089907 0.7199215 11.51113 0.1660435 1.093954 11.34606 0.1896297 1.436285 11.28689  SA_HookPunch_Far
0.1014339 0.04466891 11.33674 0.02831777 0.1324461 11.34252 -0.2930712 0.248383 11.32938 -0.4830342 0.3647869 11.11614 0.148357 0.1342654 11.41126 0.3381675 0.3150562 11.57612 0.380372 0.1587393 11.31365 0.07565208 0.2721385 11.39531 -0.04396914 0.7103416 11.42494 -0.1372353 1.09527 11.54201 -0.2096092 1.41833 11.64721 0.1142653 0.7086788 11.5222 0.1750103 1.085598 11.36521 0.2004303 1.424582 11.28977  SA_HookPunch_Far
0.1095546 0.0402149 11.32492 0.03801449 0.1297599 11.32778 -0.2801633 0.2365932 11.23145 -0.3954205 0.3106987 10.95517 0.1509859 0.1249148 11.40748 0.3162085 0.319746 11.58489 0.3776215 0.1619079 11.32716 0.08431222 0.2656745 11.39043 -0.031952 0.7042486 11.42559 -0.1289863 1.089618 11.53806 -0.2097932 1.409985 11.64534 0.1198601 0.697942 11.53243 0.181479 1.078504 11.38485 0.210721 1.41353 11.29457  SA_HookPunch_Far
0.1171121 0.03613997 11.31556 0.04527022 0.1261301 11.31801 -0.2337644 0.2292517 11.12575 -0.2427742 0.2637239 10.81942 0.1530131 0.1160235 11.40419 0.3042422 0.3179437 11.58777 0.3678606 0.1658053 11.32717 0.09095176 0.2589141 11.38745 -0.02254842 0.697691 11.42716 -0.1207984 1.084857 11.53216 -0.2068884 1.404632 11.63706 0.1257641 0.688282 11.53859 0.1871382 1.073138 11.40249 0.2216902 1.405103 11.30323  SA_HookPunch_Far
0.1209555 0.03595996 11.3111 0.04830183 0.1257513 11.31364 -0.1898624 0.2134691 11.06817 -0.131308 0.2208507 10.76547 0.1536567 0.1132963 11.40242 0.3009867 0.316467 11.58822 0.3601294 0.1696434 11.32355 0.09365405 0.2570965 11.38598 -0.01850585 0.6959933 11.42749 -0.1168525 1.084477 11.5274 -0.2050259 1.404586 11.62953 0.1285951 0.6853504 11.5404 0.1897552 1.072405 11.41058 0.2277044 1.403048 11.3082  SA_HookPunch_Far
0.1224277 0.03605998 11.30834 0.04885979 0.1254638 11.31059 -0.150574 0.2089571 11.03506 -0.04269378 0.2091295 10.74615 0.152729 0.1121522 11.40098 0.3038398 0.3096548 11.58847 0.3535573 0.169337 11.31839 0.0935951 0.2562796 11.38425 -0.01720892 0.6955698 11.42577 -0.1148562 1.085058 11.52241 -0.2029476 1.406088 11.62167 0.1289163 0.6840417 11.53986 0.1921522 1.071384 11.41191 0.2321349 1.401893 11.30987  SA_HookPunch_Far
0.1236159 0.03706157 11.3046 0.04907956 0.1260519 11.30649 -0.101132 0.2030885 11.00734 0.05919446 0.1966932 10.74397 0.1512673 0.1117013 11.39863 0.3064784 0.3025272 11.58804 0.3453742 0.1703557 11.31213 0.09317149 0.2562237 11.38167 -0.01590805 0.6959784 11.42343 -0.1125088 1.086567 11.51661 -0.2002793 1.408605 11.61285 0.1291232 0.6833462 11.53879 0.1948216 1.071018 11.4131 0.2372702 1.401394 11.31162  SA_HookPunch_Far
0.126762 0.03872585 11.29916 0.05355378 0.1278799 11.29852 -0.05611269 0.2054417 10.98994 0.1489313 0.1907903 10.76005 0.1509537 0.112627 11.39557 0.3074426 0.2947128 11.58896 0.3397005 0.1632268 11.31187 0.09435804 0.2574804 11.37649 -0.01372407 0.697844 11.41605 -0.1098045 1.088517 11.50942 -0.19719 1.410917 11.60479 0.1261147 0.683374 11.53745 0.195087 1.070015 11.41035 0.237395 1.401105 11.31116  SA_HookPunch_Far
0.1297318 0.04059482 11.29509 0.05783315 0.1298969 11.29242 -0.02336083 0.2089171 10.98169 0.2078628 0.1865453 10.77885 0.1511811 0.1140454 11.39328 0.3073605 0.2900829 11.58979 0.3361664 0.1586707 11.31229 0.09577544 0.2591161 11.37245 -0.01180963 0.6998954 11.40985 -0.1077267 1.09044 11.50392 -0.1950588 1.412879 11.59921 0.1234909 0.6841654 11.53613 0.1953773 1.069692 11.40727 0.2374512 1.401248 11.30956  SA_HookPunch_Far
0.1354113 0.0427283 11.29221 0.06590237 0.132236 11.28689 -0.001577122 0.2184564 10.97662 0.2386779 0.1841472 10.78633 0.1538922 0.1162392 11.39244 0.3050311 0.2905637 11.59254 0.3386632 0.1536981 11.31824 0.09956147 0.2613226 11.36902 -0.009158535 0.7022217 11.40182 -0.106238 1.091757 11.49884 -0.1950977 1.413118 11.59633 0.1194787 0.6859788 11.53482 0.1956107 1.069058 11.40119 0.2369401 1.400892 11.3041  SA_HookPunch_Far
0.1418663 0.04527354 11.29029 0.07460685 0.1347921 11.28247 0.01737245 0.2287531 10.97291 0.2609412 0.1826385 10.78946 0.1572523 0.1189756 11.39227 0.3025977 0.2925748 11.59601 0.3427385 0.1505249 11.32525 0.1038507 0.2639449 11.36617 -0.006236119 0.7048925 11.39345 -0.1054302 1.093087 11.49365 -0.1969005 1.412917 11.59373 0.1154783 0.6885904 11.53281 0.1965456 1.068913 11.39429 0.236913 1.401153 11.29819  SA_HookPunch_Far
0.1491559 0.04754698 11.2908 0.0832959 0.1367158 11.28084 0.02657552 0.2391667 10.97091 0.2632546 0.184961 10.78077 0.1618254 0.1218332 11.39375 0.3004704 0.2975051 11.60095 0.3510452 0.1513274 11.33416 0.1086611 0.2663883 11.365 -0.003407879 0.7071688 11.38542 -0.1059124 1.093661 11.48882 -0.2016187 1.411265 11.59198 0.1123075 0.6919076 11.52991 0.1982507 1.069463 11.38684 0.2367119 1.402507 11.29276  SA_HookPunch_Far
0.1555233 0.04962659 11.29191 0.09041484 0.138356 11.28029 0.03249444 0.2472563 10.96962 0.2624634 0.1879752 10.77288 0.1659537 0.1244812 11.39535 0.2989179 0.3022522 11.60554 0.3590134 0.1542562 11.34174 0.1128678 0.268607 11.36438 -0.0007214378 0.7092217 11.37884 -0.1069482 1.094056 11.48463 -0.2070947 1.40952 11.59012 0.1103982 0.6950409 11.527 0.2004752 1.070257 11.38036 0.2369005 1.404128 11.28844  SA_HookPunch_Far
0.1640948 0.05226493 11.29495 0.09876187 0.1401064 11.28145 0.03536125 0.2551751 10.96862 0.2557784 0.1928128 10.76214 0.1719464 0.1280702 11.39822 0.2977482 0.3093823 11.61255 0.3719567 0.1634003 11.35123 0.1185364 0.2714554 11.3645 0.003114181 0.7118189 11.37104 -0.1094262 1.094233 11.47906 -0.2167313 1.406559 11.58682 0.1099535 0.6995224 11.52249 0.2046952 1.071937 11.3717 0.2372288 1.407235 11.28359  SA_HookPunch_Far
0.1686279 0.05373502 11.2968 0.1027737 0.1410542 11.28253 0.03591641 0.2579689 10.96844 0.253834 0.193671 10.75991 0.175439 0.1300347 11.39973 0.2977402 0.3139113 11.61536 0.3787769 0.1695647 11.35517 0.1217984 0.2730334 11.36475 0.005501585 0.7132654 11.36776 -0.1112618 1.09425 11.47635 -0.2230051 1.404806 11.58471 0.1112512 0.701985 11.52005 0.2077092 1.073367 11.36781 0.2378106 1.409567 11.28231  SA_HookPunch_Far
0.174727 0.05534804 11.29945 0.1079165 0.1419197 11.28429 0.03610005 0.260401 10.96858 0.2524701 0.1935059 10.75925 0.1803476 0.1322986 11.40176 0.2980894 0.3200389 11.61852 0.387884 0.1783839 11.35972 0.1263577 0.2747754 11.36522 0.008938508 0.7148249 11.36386 -0.1139985 1.093747 11.47285 -0.2320702 1.401798 11.58165 0.1139777 0.7049233 11.51673 0.2122646 1.075197 11.36297 0.2388464 1.412668 11.2814  SA_HookPunch_Far
0.1792464 0.05612051 11.30125 0.1115641 0.1421437 11.28605 0.03648527 0.2609038 10.97016 0.2560828 0.1906263 10.76535 0.18473 0.133384 11.40313 0.3000277 0.3252324 11.61763 0.3931144 0.1823552 11.36067 0.1302081 0.2755228 11.36607 0.01126935 0.715224 11.36314 -0.1164971 1.092784 11.4713 -0.2385115 1.399583 11.57929 0.1176114 0.7064316 11.51518 0.21484 1.077006 11.36148 0.2393858 1.415075 11.28176  SA_HookPunch_Far
0.1830609 0.05608833 11.30277 0.1146411 0.1416368 11.28761 0.03677418 0.2606226 10.97174 0.2592577 0.1874276 10.77111 0.1885062 0.1336075 11.4043 0.3018705 0.3289481 11.61658 0.3974007 0.1848646 11.3612 0.1334892 0.2754524 11.36685 0.01317658 0.7148225 11.36271 -0.1185653 1.091215 11.47016 -0.2436671 1.397023 11.57742 0.1207473 0.7069989 11.51393 0.2168321 1.077931 11.36037 0.239763 1.416448 11.28209  SA_HookPunch_Far
0.1863366 0.05573046 11.30429 0.1172841 0.1408156 11.28961 0.03655072 0.2600905 10.97468 0.2617003 0.1817087 10.77905 0.1923041 0.1334676 11.40561 0.3053555 0.3321725 11.61408 0.4005726 0.1853482 11.36015 0.1364998 0.2749991 11.36814 0.01430185 0.7138499 11.36353 -0.1200658 1.0896 11.46998 -0.2459291 1.39553 11.576 0.1237846 0.7071426 11.51343 0.216875 1.079185 11.36071 0.2390233 1.417766 11.28248  SA_HookPunch_Far
0.1895494 0.05534875 11.30577 0.1198853 0.1399786 11.29156 0.03635379 0.2595243 10.97757 0.2639963 0.1761261 10.78697 0.1960293 0.1332997 11.40686 0.308697 0.3352406 11.61158 0.4036599 0.1857816 11.35909 0.1394537 0.2745217 11.36938 0.01540764 0.7128546 11.36434 -0.1215416 1.087931 11.46987 -0.2481778 1.393955 11.57469 0.1267442 0.707243 11.51291 0.2169387 1.080349 11.36106 0.2383372 1.418988 11.28287  SA_HookPunch_Far
0.1923051 0.05465186 11.30767 0.1220346 0.1388234 11.29416 0.03426285 0.2594823 10.98217 0.2637582 0.1697298 10.79674 0.1998606 0.1330466 11.40838 0.3142553 0.3375932 11.60908 0.4065458 0.1861935 11.35676 0.1421151 0.273831 11.37104 0.01575174 0.7114983 11.36579 -0.1225027 1.086327 11.4705 -0.2477189 1.39346 11.57376 0.1293911 0.707182 11.51265 0.2150154 1.082287 11.36309 0.2364314 1.420864 11.28464  SA_HookPunch_Far
0.1947842 0.05400205 11.30939 0.1239771 0.1377597 11.29653 0.0323406 0.2594457 10.98644 0.2632773 0.1638217 10.8058 0.2033361 0.1328121 11.40973 0.3193159 0.3396627 11.60674 0.4090918 0.186537 11.35455 0.1445158 0.2731907 11.37254 0.01603528 0.7102383 11.36715 -0.1233592 1.084842 11.47114 -0.2472505 1.393012 11.57291 0.1317536 0.7071053 11.51241 0.2132297 1.08401 11.36507 0.2346645 1.422514 11.28631  SA_HookPunch_Far
0.1977365 0.05278623 11.31266 0.1259189 0.1358817 11.30094 0.02727582 0.2601631 10.99499 0.2600923 0.1549649 10.82226 0.2083604 0.1326113 11.41198 0.3292933 0.3423454 11.60367 0.4129311 0.1890237 11.34951 0.1473592 0.2721575 11.37517 0.01505991 0.7080967 11.36987 -0.1241764 1.08289 11.4734 -0.2441307 1.393317 11.573 0.1346011 0.706995 11.51204 0.2102493 1.086327 11.36786 0.2328673 1.424322 11.28726  SA_HookPunch_Far
0.2007676 0.0513705 11.31681 0.1275583 0.1336118 11.30662 0.0207286 0.2617575 11.00662 0.2551112 0.1455244 10.84334 0.2140524 0.132584 11.41457 0.3419237 0.3456523 11.5996 0.4172446 0.1933795 11.34222 0.1501141 0.2709891 11.37845 0.01292749 0.7054824 11.37364 -0.1250331 1.08085 11.47679 -0.239629 1.394173 11.57359 0.1373261 0.7069257 11.51157 0.2076526 1.088294 11.37009 0.2311905 1.425804 11.28774  SA_HookPunch_Far
0.2028111 0.05035317 11.32031 0.1282737 0.1318209 11.31151 0.01544507 0.2637807 11.01721 0.2506147 0.1394123 10.86121 0.2183166 0.1327921 11.41653 0.3523752 0.3486319 11.59565 0.4204422 0.1981627 11.33521 0.1517326 0.2701503 11.38119 0.01034667 0.7033754 11.37714 -0.1257315 1.079507 11.48001 -0.2356733 1.395228 11.57439 0.1388825 0.7069618 11.51118 0.206847 1.088962 11.37025 0.2302783 1.42646 11.28783  SA_HookPunch_Far
0.2045007 0.04945648 11.3233 0.1287036 0.1301693 11.31593 0.01116689 0.2668763 11.02773 0.246535 0.1359838 10.87748 0.2219946 0.1329771 11.41804 0.3614442 0.3515571 11.59118 0.4229634 0.2026905 11.3282 0.152945 0.2693483 11.38362 0.007727878 0.7013855 11.38054 -0.1263596 1.078379 11.48287 -0.23222 1.396223 11.57475 0.1400245 0.7069159 11.51081 0.2062101 1.089514 11.37066 0.2293253 1.427206 11.28894  SA_HookPunch_Far
0.2062857 0.04853141 11.32662 0.1289911 0.1283097 11.32108 0.006967323 0.2704077 11.04033 0.2424927 0.1327455 10.89651 0.2260248 0.1332788 11.41956 0.3713416 0.3552868 11.58507 0.42535 0.2081821 11.31946 0.1540726 0.2684616 11.38642 0.004408555 0.6990787 11.38474 -0.1271514 1.077243 11.48602 -0.2285428 1.397463 11.57464 0.1410166 0.7068758 11.51035 0.2055629 1.09015 11.37129 0.2281345 1.428263 11.29118  SA_HookPunch_Far
0.2078149 0.04780269 11.3298 0.1291819 0.126694 11.32613 0.003338711 0.27294 11.05236 0.2390347 0.1293681 10.91473 0.2296552 0.1336863 11.42097 0.3800889 0.3589219 11.5787 0.4269703 0.2133383 11.31091 0.1550141 0.2677389 11.38922 0.00122072 0.6969849 11.38908 -0.1279015 1.076366 11.48895 -0.2254567 1.39871 11.5741 0.1418029 0.7069336 11.51008 0.2046814 1.090733 11.3717 0.2266683 1.429163 11.29277  SA_HookPunch_Far
0.2097036 0.04677689 11.33467 0.1291286 0.1242737 11.33435 -0.001443191 0.2794694 11.0738 0.2326849 0.1264596 10.94388 0.2349314 0.1343776 11.4229 0.3926934 0.3646071 11.5671 0.4280199 0.221349 11.29629 0.1561471 0.2666558 11.39383 -0.003944082 0.693706 11.39693 -0.1289465 1.075259 11.49371 -0.2210684 1.400739 11.57277 0.1428191 0.7070067 11.51 0.2028254 1.091492 11.37225 0.2237736 1.430312 11.29473  SA_HookPunch_Far
0.210113 0.04618251 11.33775 0.128556 0.1228995 11.3397 -0.004574163 0.284169 11.08829 0.2279187 0.1258758 10.9618 0.2375478 0.1348169 11.42405 0.3994257 0.3676217 11.55921 0.4274205 0.2258031 11.2868 0.1563738 0.2660551 11.39691 -0.007266087 0.6918026 11.40246 -0.1292843 1.074961 11.49667 -0.2184309 1.402175 11.57189 0.1432399 0.7070955 11.51023 0.2017192 1.091909 11.37275 0.222002 1.431042 11.29642  SA_HookPunch_Far
0.2103571 0.04556763 11.34206 0.127635 0.1212544 11.34727 -0.007923407 0.2904357 11.10879 0.2212486 0.1237868 10.98707 0.2407792 0.135615 11.42556 0.4077261 0.3717184 11.54774 0.4253121 0.2318035 11.27348 0.1564839 0.2654412 11.40129 -0.01175688 0.68942 11.41055 -0.1297672 1.07481 11.50068 -0.215284 1.40423 11.57027 0.1436469 0.7074029 11.51069 0.2003418 1.092531 11.37334 0.219943 1.432065 11.29863  SA_HookPunch_Far
0.2089374 0.04508305 11.34589 0.12541 0.1200719 11.35401 -0.01205616 0.2956342 11.12709 0.2138878 0.1230487 11.00763 0.2419482 0.1362658 11.42677 0.4134594 0.3745189 11.53732 0.4214714 0.2353948 11.26221 0.1553443 0.2650524 11.40525 -0.01581244 0.6878407 11.41821 -0.1295882 1.07544 11.50421 -0.2117174 1.406719 11.56888 0.1436407 0.7077837 11.51136 0.1995208 1.092926 11.37372 0.2187709 1.432869 11.30081  SA_HookPunch_Far
0.2052125 0.04470837 11.35195 0.1206711 0.1188151 11.36477 -0.01839505 0.3034602 11.15646 0.2009359 0.1213545 11.03882 0.2420411 0.1375195 11.42847 0.4207116 0.3786532 11.52017 0.4130073 0.239571 11.24503 0.1523999 0.2649106 11.41157 -0.02187316 0.6863118 11.43082 -0.1301589 1.0769 11.51013 -0.2080401 1.410657 11.56683 0.1433834 0.7087847 11.5126 0.198997 1.093539 11.37376 0.2182738 1.434093 11.30377  SA_HookPunch_Far
0.2008104 0.04482687 11.35674 0.1157116 0.1184801 11.37325 -0.02493112 0.3073974 11.17775 0.1894993 0.1184285 11.06192 0.2403875 0.1387217 11.42968 0.4247515 0.3815644 11.50638 0.4045077 0.241456 11.2324 0.1489821 0.2653031 11.41658 -0.02625184 0.6861403 11.441 -0.1313158 1.078556 11.51547 -0.2068881 1.413772 11.56639 0.1430111 0.7100143 11.51367 0.1991471 1.094116 11.37325 0.2187843 1.435162 11.3058  SA_HookPunch_Far
0.1963957 0.04507375 11.36032 0.1110504 0.1185839 11.37954 -0.030654 0.3103814 11.19342 0.1801637 0.1171694 11.07795 0.2379164 0.1396345 11.43052 0.4267174 0.3833363 11.49611 0.3971307 0.2420087 11.22361 0.1456329 0.2658417 11.42028 -0.02929781 0.6866292 11.44859 -0.1325084 1.080051 11.52029 -0.2069417 1.415998 11.56797 0.1426348 0.7111527 11.51446 0.1993656 1.094605 11.37251 0.2192784 1.436093 11.30742  SA_HookPunch_Far
0.1896202 0.04564333 11.36539 0.1041944 0.119166 11.38812 -0.03898136 0.3138299 11.21339 0.1677854 0.1159369 11.09853 0.2335915 0.1409764 11.43191 0.42797 0.3853337 11.48337 0.386685 0.2427047 11.21308 0.1405888 0.2669029 11.4254 -0.03308342 0.6879233 11.4586 -0.134402 1.082457 11.52681 -0.2079989 1.419042 11.57117 0.1419647 0.7130168 11.51543 0.1995681 1.095493 11.37122 0.2200509 1.437548 11.30936  SA_HookPunch_Far
0.1826674 0.04647517 11.37041 0.09737928 0.1201664 11.39629 -0.04715578 0.3167833 11.23126 0.1565061 0.1153026 11.11709 0.2287608 0.1424276 11.43345 0.4279587 0.3869855 11.47228 0.3764689 0.2434266 11.20424 0.1354608 0.2682635 11.43032 -0.03637711 0.6897264 11.4678 -0.1363858 1.085104 11.53299 -0.2096368 1.422057 11.57507 0.1411362 0.7151125 11.51623 0.1996073 1.096577 11.36971 0.2208584 1.439112 11.31084  SA_HookPunch_Far
0.1552075 0.04777288 11.39052 0.07134576 0.1229408 11.42577 -0.08194213 0.3196011 11.28435 0.1189457 0.1158193 11.16935 0.2069416 0.145452 11.4414 0.4198837 0.3889211 11.44598 0.3436672 0.2467499 11.18315 0.1145454 0.2717904 11.44854 -0.04863028 0.695519 11.49754 -0.1428495 1.093472 11.55526 -0.212819 1.431975 11.5898 0.1341669 0.7210341 11.51842 0.1956197 1.099647 11.36584 0.2224841 1.442987 11.31442  SA_HookPunch_Far
0.148305 0.04773223 11.39585 0.06487615 0.1233449 11.43307 -0.0911579 0.3189859 11.29565 0.1096717 0.1157503 11.17959 0.2009619 0.1457341 11.44387 0.4165893 0.3889263 11.44194 0.3363605 0.2471645 11.18008 0.109056 0.2722874 11.45319 -0.05194978 0.6965901 11.50434 -0.1442733 1.09515 11.56092 -0.2129376 1.434227 11.59233 0.1314487 0.7219869 11.51923 0.1934111 1.100119 11.36567 0.2222371 1.44342 11.31506  SA_HookPunch_Far
0.1392611 0.04758298 11.40305 0.05647453 0.1237873 11.44267 -0.1030964 0.3180351 11.31002 0.09756358 0.1155933 11.19229 0.1929437 0.1459223 11.44751 0.4117318 0.3886956 11.43763 0.326923 0.2470671 11.17714 0.1017925 0.2727978 11.45949 -0.05638854 0.6978602 11.5131 -0.1460085 1.097167 11.56876 -0.2128967 1.437001 11.59545 0.1274915 0.7230071 11.52067 0.1896045 1.100608 11.36587 0.2210648 1.443721 11.31556  SA_HookPunch_Far
0.1285575 0.04727888 11.41183 0.04661669 0.1241922 11.454 -0.1171489 0.3167212 11.32623 0.08313961 0.1153703 11.20602 0.1832325 0.1458941 11.45245 0.4052372 0.3881447 11.43414 0.3160873 0.2459843 11.1754 0.09310426 0.2732062 11.46721 -0.061819 0.6991693 11.52321 -0.147704 1.099327 11.57863 -0.2122852 1.440054 11.59883 0.1222738 0.7238947 11.52303 0.1835864 1.101118 11.367 0.2180612 1.443818 11.31585  SA_HookPunch_Far
0.1148643 0.04673517 11.42343 0.03415366 0.1245323 11.46832 -0.1351522 0.3151622 11.3461 0.06384797 0.1153494 11.22127 0.1706602 0.1454229 11.46014 0.3950487 0.3873101 11.43252 0.3024537 0.2421116 11.1767 0.08199759 0.2734066 11.47771 -0.06890576 0.7005393 11.53578 -0.1482522 1.101935 11.59199 -0.208438 1.443891 11.60284 0.1151041 0.7245159 11.52759 0.1718192 1.102014 11.37048 0.208704 1.443838 11.31531  SA_HookPunch_Far
0.107522 0.04634523 11.43005 0.02746488 0.1246419 11.47604 -0.1444716 0.3146336 11.3564 0.05355193 0.1154544 11.22903 0.1638759 0.144923 11.46518 0.3883943 0.3869469 11.43337 0.2955719 0.2387321 11.17936 0.07608558 0.2733587 11.4838 -0.07255183 0.7012116 11.54234 -0.1499749 1.103483 11.59486 -0.2089388 1.44572 11.60329 0.1113578 0.724614 11.53089 0.1646282 1.102585 11.37371 0.2022779 1.443802 11.31539  SA_HookPunch_Far
0.1007626 0.04592717 11.4362 0.02130212 0.1247027 11.48312 -0.1528283 0.3143005 11.36578 0.04429843 0.1156703 11.23618 0.1575998 0.1443794 11.46996 0.3818619 0.3866804 11.43457 0.2893073 0.2355287 11.1822 0.07063802 0.273252 11.48943 -0.07586633 0.7017908 11.54822 -0.1517681 1.104839 11.59686 -0.2097117 1.447288 11.60359 0.1079223 0.7246172 11.534 0.1580907 1.103069 11.37696 0.1961731 1.443716 11.31566  SA_HookPunch_Far
0.09579451 0.0455538 11.44076 0.01672115 0.1247152 11.48814 -0.1585762 0.3144271 11.37221 0.03798469 0.1161022 11.2413 0.1529635 0.1438768 11.47371 0.3763027 0.38675 11.43637 0.2850312 0.2331043 11.18504 0.06662633 0.2731091 11.49357 -0.07823621 0.7022037 11.55219 -0.1534318 1.105827 11.597 -0.2107317 1.448384 11.60373 0.1054919 0.7245277 11.53647 0.1534917 1.103424 11.37982 0.1916724 1.443659 11.31634  SA_HookPunch_Far
0.08889194 0.04500771 11.44715 0.01035495 0.1247168 11.49509 -0.1663886 0.3147528 11.38111 0.02939888 0.116837 11.24843 0.1465072 0.1431582 11.47897 0.3684064 0.3869017 11.43911 0.2791298 0.2299308 11.18912 0.06103208 0.2728883 11.49931 -0.08156918 0.7027507 11.55756 -0.1558174 1.107098 11.59713 -0.2121459 1.449812 11.60405 0.102064 0.7243698 11.53987 0.1474381 1.103843 11.38385 0.1856775 1.443479 11.31726  SA_HookPunch_Far
0.08079417 0.04425406 11.45479 0.002810793 0.1246693 11.50294 -0.1745182 0.3161573 11.39073 0.02063497 0.1185689 11.25664 0.1388944 0.1422857 11.48539 0.3581613 0.3876135 11.44385 0.2725956 0.2274854 11.19456 0.05432405 0.2725834 11.50588 -0.08580492 0.7033464 11.56293 -0.1586901 1.108444 11.59697 -0.2133832 1.451386 11.60553 0.09777422 0.7241434 11.54376 0.1426819 1.103995 11.38852 0.1818062 1.442755 11.3181  SA_HookPunch_Far
0.07436807 0.04359257 11.4614 -0.00318007 0.1246039 11.50947 -0.1802518 0.3180249 11.39853 0.01438798 0.1206225 11.26342 0.1328706 0.1415964 11.49106 0.3497693 0.3884152 11.44899 0.2675806 0.2268077 11.19952 0.04893102 0.2723248 11.5114 -0.08946954 0.7037848 11.56683 -0.1613419 1.109403 11.59655 -0.2147011 1.452519 11.60643 0.09410782 0.7239724 11.547 0.1398518 1.103911 11.39222 0.1798685 1.441848 11.31843  SA_HookPunch_Far
0.06888516 0.04301298 11.46736 -0.008294923 0.124552 11.51519 -0.1846933 0.3200778 11.40525 0.009506302 0.122781 11.26935 0.1277433 0.1410306 11.49623 0.3424585 0.3892442 11.45417 0.2633829 0.2269908 11.20413 0.04428955 0.2721136 11.51629 -0.09277348 0.7041526 11.56995 -0.1638051 1.110169 11.59603 -0.2159968 1.45343 11.60705 0.09082992 0.7238474 11.54986 0.1379886 1.103729 11.39537 0.1789265 1.440872 11.31851  SA_HookPunch_Far
0.06367649 0.0424459 11.47357 -0.01313393 0.1245308 11.52083 -0.187792 0.3229985 11.4117 0.005819695 0.1256927 11.27498 0.1229677 0.1404957 11.50189 0.3357236 0.3901918 11.4611 0.2593651 0.2290789 11.20947 0.0399123 0.2719303 11.52129 -0.09609525 0.7045327 11.57235 -0.1665671 1.110849 11.59506 -0.2177358 1.454203 11.60786 0.08762397 0.7237669 11.55289 0.137072 1.103296 11.39824 0.1791544 1.439562 11.31823  SA_HookPunch_Far
0.05944975 0.0420326 11.47869 -0.01706348 0.1245738 11.5254 -0.1900177 0.3255856 11.41684 0.00317915 0.128323 11.27948 0.1191145 0.1400977 11.50665 0.3304147 0.3909842 11.46727 0.2561985 0.2312926 11.2141 0.03638335 0.2718295 11.5254 -0.09876476 0.7048987 11.57414 -0.1689222 1.111412 11.59414 -0.2193369 1.454811 11.60859 0.08507289 0.7237371 11.55542 0.1364655 1.102912 11.40054 0.1795291 1.438437 11.31798  SA_HookPunch_Far
0.05650546 0.0417738 11.48242 -0.01981596 0.1246721 11.52854 -0.1911099 0.3277224 11.42024 0.002004104 0.130687 11.28243 0.1164714 0.139824 11.51028 0.3271407 0.3915172 11.47275 0.2543594 0.2338187 11.21792 0.03398092 0.2717999 11.52837 -0.1005227 0.7052458 11.57506 -0.170845 1.111816 11.59324 -0.2209987 1.455183 11.60928 0.0834517 0.7237368 11.55737 0.1362582 1.102547 11.40207 0.1800472 1.437562 11.31784  SA_HookPunch_Far
0.0533994 0.04155445 11.48633 -0.02271662 0.1248243 11.53183 -0.1922294 0.3300067 11.42381 0.0008127262 0.1332084 11.28556 0.1136826 0.1395867 11.51409 0.323664 0.3921217 11.47849 0.2523898 0.2365253 11.22195 0.0314488 0.2718166 11.53148 -0.1023653 0.7056502 11.57603 -0.1728493 1.112274 11.59228 -0.22271 1.455602 11.60998 0.08174582 0.7237794 11.55942 0.136037 1.102203 11.40369 0.1806028 1.436668 11.3177  SA_HookPunch_Far
0.050478 0.04141068 11.48999 -0.02552889 0.125082 11.53463 -0.1927137 0.33233 11.4263 0.0008296539 0.1358984 11.28823 0.1110491 0.1393644 11.51791 0.3211512 0.3924748 11.48538 0.2514552 0.240047 11.22651 0.02911045 0.2718989 11.53434 -0.1038298 0.7062032 11.57651 -0.1744659 1.112868 11.59095 -0.2240089 1.456133 11.61068 0.08046694 0.7238261 11.56149 0.1358709 1.101754 11.40495 0.1810132 1.435817 11.3177  SA_HookPunch_Far
0.04757907 0.04135036 11.49356 -0.02831189 0.1254144 11.53737 -0.1931714 0.3346735 11.42874 0.0008849074 0.1385927 11.29089 0.1084336 0.1392231 11.52165 0.3188244 0.392707 11.49209 0.2505536 0.2434359 11.23101 0.02679642 0.2720561 11.53715 -0.1052517 0.7068185 11.57697 -0.1760083 1.113522 11.58964 -0.2252271 1.456714 11.61133 0.07921334 0.7239418 11.56352 0.1357263 1.101373 11.40618 0.1814572 1.435032 11.3177  SA_HookPunch_Far
0.04251112 0.04154646 11.49929 -0.03322397 0.1263019 11.54138 -0.1933977 0.3386223 11.43096 0.002792673 0.1432374 11.29516 0.1038746 0.139163 11.52812 0.3158256 0.3927528 11.50524 0.2507032 0.2498678 11.23982 0.02283903 0.2725812 11.54162 -0.1073418 0.7082359 11.57717 -0.1775971 1.115115 11.58655 -0.2257669 1.458198 11.612 0.07742979 0.7243047 11.56703 0.1359882 1.100547 11.40761 0.1827764 1.433603 11.31742  SA_HookPunch_Far
0.03867664 0.04195249 11.50303 -0.0368943 0.1271855 11.54386 -0.1936053 0.3414005 11.43151 0.004721479 0.146588 11.29801 0.1004555 0.139304 11.53266 0.3137467 0.3927592 11.51511 0.2515357 0.2543827 11.24662 0.01992096 0.2731726 11.54461 -0.1086983 0.7095025 11.57716 -0.1782646 1.116551 11.58398 -0.2255449 1.459544 11.61216 0.07626636 0.7247278 11.56955 0.1367101 1.099936 11.4084 0.1844433 1.432551 11.3171  SA_HookPunch_Far
0.03572674 0.04240489 11.50567 -0.03969435 0.1279845 11.54554 -0.1937812 0.3434949 11.43156 0.006349223 0.1491382 11.3001 0.09782942 0.139526 11.53599 0.3121469 0.3928024 11.52262 0.2523989 0.2577405 11.25189 0.01770349 0.2737405 11.54674 -0.1096553 0.7105839 11.5771 -0.1785738 1.117771 11.58194 -0.2251714 1.460684 11.61217 0.07543226 0.7251484 11.57144 0.1374682 1.099509 11.40893 0.1859856 1.431788 11.31682  SA_HookPunch_Far
0.0321181 0.04305935 11.5083 -0.04308484 0.1290256 11.54713 -0.1941163 0.3458651 11.43083 0.00810595 0.1517566 11.30224 0.09461583 0.1398669 11.5395 0.3101183 0.3927727 11.53084 0.2535702 0.2605883 11.25801 0.01501914 0.2744955 11.54893 -0.1106917 0.7119569 11.57707 -0.1786868 1.119321 11.57953 -0.224469 1.462143 11.61194 0.0745125 0.7256862 11.57354 0.1388222 1.099068 11.40967 0.1884824 1.430954 11.31675  SA_HookPunch_Far
0.02805026 0.04393876 11.51096 -0.04688303 0.1303194 11.5487 -0.1945074 0.3485266 11.42968 0.009979742 0.1545599 11.3045 0.09097846 0.1403764 11.54319 0.3077095 0.3927921 11.53965 0.2548848 0.2633189 11.26478 0.01200457 0.2754633 11.55119 -0.111787 0.713608 11.57706 -0.1786543 1.121166 11.57685 -0.2235746 1.463874 11.6116 0.07351454 0.7263867 11.57581 0.1405421 1.098683 11.41056 0.1915727 1.430127 11.31681  SA_HookPunch_Far
0.02354522 0.04485118 11.51328 -0.05104498 0.1316748 11.55008 -0.1952179 0.3512648 11.42822 0.01096793 0.1568707 11.30654 0.08693762 0.1408752 11.54642 0.3051042 0.3923851 11.54726 0.2558574 0.2642682 11.2711 0.008699374 0.2764562 11.5532 -0.1128098 0.7153494 11.57727 -0.1783566 1.123112 11.5744 -0.2223329 1.465734 11.61114 0.07256676 0.7270436 11.57784 0.1423847 1.098431 11.41171 0.1948871 1.429451 11.31728  SA_HookPunch_Far
0.01846995 0.04559505 11.51565 -0.05571083 0.1329074 11.5515 -0.1960669 0.353979 11.42653 0.01169588 0.1589046 11.30868 0.08236976 0.1411484 11.54974 0.302124 0.3915029 11.55507 0.2567171 0.2643181 11.27782 0.004987376 0.2772757 11.55528 -0.1138838 0.7169957 11.5776 -0.1778895 1.124972 11.57183 -0.2208436 1.467498 11.61062 0.07155199 0.7274583 11.57997 0.1444364 1.097918 11.41308 0.1985857 1.428476 11.31796  SA_HookPunch_Far
0.01275023 0.04614007 11.51793 -0.06096939 0.1339798 11.55319 -0.198587 0.3559054 11.42532 0.009954708 0.1599411 11.31036 0.07717915 0.1411853 11.55263 0.2991048 0.3896177 11.56066 0.2566787 0.2614135 11.28341 0.0007731487 0.2778953 11.5573 -0.1150359 0.7185104 11.57839 -0.176959 1.126755 11.56964 -0.2185101 1.469276 11.60997 0.07045908 0.7276093 11.58162 0.1458979 1.097699 11.41504 0.201513 1.427903 11.31954  SA_HookPunch_Far
