0.007710533 0.04648197 4.983763 -0.06559919 0.13478 5.018552 -0.2009753 0.3573321 4.888231 0.008096354 0.1605715 4.775618 0.07259424 0.1410798 5.018931 0.2964558 0.387725 5.029072 0.2564494 0.2583421 4.752009 -0.002943737 0.2782933 5.022913 -0.116036 0.719675 5.043033 -0.176069 1.128138 5.031698 -0.2163983 1.470653 5.073301 0.06950237 0.7275754 5.046862 0.1470762 1.097419 4.880724 0.2039463 1.427325 4.784936  SA_HookPunch_Close
0.003281193 0.04579043 4.985804 -0.06944041 0.1343374 5.021088 -0.2052397 0.3551865 4.889768 0.003691511 0.1571732 4.779107 0.06877019 0.1402166 5.020362 0.2952271 0.3847321 5.025526 0.2520936 0.2499889 4.751503 -0.006317539 0.2776675 5.024659 -0.1179029 0.7194332 5.04458 -0.1763286 1.128085 5.031746 -0.2153127 1.470847 5.072599 0.06768139 0.7267873 5.047014 0.145304 1.096972 4.881661 0.2026822 1.426304 4.784213  SA_HookPunch_Close
-0.0007116626 0.04460144 4.987714 -0.0728821 0.1333699 5.023527 -0.2095159 0.3524591 4.891398 -0.0009159874 0.1532263 4.782311 0.06533171 0.1388893 5.021592 0.2941837 0.3812262 5.021464 0.2474622 0.2414157 4.750587 -0.009361846 0.2765428 5.026259 -0.1196005 0.7186457 5.046104 -0.1763616 1.12749 5.031998 -0.2139711 1.470526 5.071822 0.06601615 0.7255153 5.047002 0.143661 1.096269 4.882941 0.2014578 1.425124 4.784138  SA_HookPunch_Close
-0.006774945 0.04212284 4.990947 -0.07804953 0.1312211 5.027784 -0.2171492 0.3470511 4.894689 -0.009589715 0.1457002 4.787523 0.06012853 0.1362462 5.023446 0.2926901 0.3745883 5.013148 0.2385593 0.2264949 4.748115 -0.01399605 0.2741778 5.028907 -0.1222204 0.7167729 5.048913 -0.1758842 1.125972 5.033062 -0.2109745 1.469557 5.07037 0.06341054 0.722929 5.046728 0.1410684 1.094821 4.885268 0.1994297 1.422817 4.783976  SA_HookPunch_Close
-0.01168971 0.03970468 4.994198 -0.08210514 0.1289868 5.032363 -0.2253915 0.3410637 4.898718 -0.01969556 0.1373903 4.792352 0.055963 0.1337152 5.025146 0.2911924 0.368232 5.00384 0.2285949 0.213295 4.744648 -0.01776688 0.2718178 5.031548 -0.1244973 0.7147743 5.051959 -0.1752917 1.12429 5.034888 -0.208022 1.468454 5.068852 0.06106504 0.7204265 5.045942 0.1386651 1.094033 4.888463 0.1973764 1.421338 4.785155  SA_HookPunch_Close
-0.01797096 0.03636503 4.998918 -0.08715086 0.1258261 5.039235 -0.237237 0.3324475 4.905438 -0.03499226 0.1250489 4.799654 0.05062266 0.1301903 5.027544 0.2894108 0.358465 4.989936 0.2134512 0.1950306 4.739689 -0.02257417 0.2685006 5.03541 -0.1273954 0.7119077 5.056432 -0.174539 1.121794 5.037856 -0.2041616 1.466726 5.066469 0.05789562 0.7169336 5.044453 0.1356605 1.093137 4.893366 0.1947448 1.419473 4.787245  SA_HookPunch_Close
-0.02766327 0.0306325 5.007866 -0.09429102 0.1203123 5.053066 -0.2602372 0.3160238 4.922448 -0.06658481 0.1007612 4.816297 0.04225798 0.1241674 5.031231 0.2829293 0.3416964 4.959718 0.180001 0.1618216 4.731343 -0.02992843 0.2627574 5.042691 -0.1317646 0.7067937 5.065679 -0.1735253 1.117159 5.044919 -0.1983023 1.46327 5.061267 0.05219575 0.7109385 5.040322 0.1302835 1.092415 4.903277 0.1884111 1.41687 4.791037  SA_HookPunch_Close
-0.03237591 0.02745056 5.012935 -0.09711687 0.1173213 5.061473 -0.2746171 0.3062849 4.936565 -0.08745883 0.08617234 4.828723 0.03803207 0.1209803 5.032171 0.2762353 0.3318603 4.937439 0.1562514 0.1400619 4.727865 -0.03341631 0.2596703 5.046649 -0.1336332 0.7039589 5.072021 -0.173189 1.114482 5.050095 -0.1958965 1.461038 5.057635 0.04873719 0.7077302 5.036973 0.1267993 1.092336 4.908957 0.1825565 1.415737 4.792549  SA_HookPunch_Close
-0.0365393 0.02450204 5.017638 -0.09898166 0.114603 5.069761 -0.2892158 0.296644 4.953834 -0.109468 0.0717237 4.843338 0.03406723 0.1181657 5.032044 0.2660687 0.3220778 4.912227 0.1299783 0.117152 4.726245 -0.03645597 0.2568986 5.050183 -0.1350612 0.7013624 5.078919 -0.1728826 1.111967 5.055517 -0.1941677 1.45869 5.053425 0.04489358 0.7048586 5.033032 0.1234421 1.092368 4.914414 0.1757017 1.415036 4.794406  SA_HookPunch_Close
-0.03967391 0.02218866 5.021142 -0.09957473 0.1124868 5.076686 -0.3022054 0.2881948 4.97232 -0.1302417 0.05905652 4.858163 0.03079672 0.1161449 5.030565 0.2526432 0.313951 4.887008 0.104698 0.09623098 4.726339 -0.03870605 0.2548194 5.05266 -0.1359286 0.6993353 5.08552 -0.1723998 1.109937 5.060009 -0.1928817 1.456537 5.048924 0.04094221 0.7027466 5.028893 0.1208207 1.092601 4.919182 0.1695158 1.415383 4.797986  SA_HookPunch_Close
-0.04197709 0.02062333 5.023758 -0.09908532 0.1110241 5.082536 -0.3128306 0.28106 4.991165 -0.1493006 0.04801846 4.872603 0.02815725 0.1149272 5.028394 0.2367334 0.3080106 4.863455 0.08106495 0.0789808 4.727746 -0.04021345 0.2534651 5.054511 -0.1361925 0.6979223 5.091878 -0.1721904 1.108372 5.063427 -0.1926982 1.454637 5.044605 0.03709616 0.7014379 5.025093 0.1185116 1.092712 4.921752 0.1644487 1.416127 4.801167  SA_HookPunch_Close
-0.04522256 0.01926911 5.027249 -0.09665732 0.1097337 5.091513 -0.3272923 0.2708654 5.026883 -0.1805119 0.0313009 4.899715 0.02374388 0.1142274 5.023537 0.2023533 0.300724 4.825045 0.04106106 0.05441403 4.733282 -0.04201422 0.2524427 5.057031 -0.1353484 0.6966608 5.103121 -0.1729154 1.106444 5.067886 -0.1955995 1.451728 5.037257 0.03020831 0.7005985 5.018996 0.1144505 1.092939 4.922166 0.1581674 1.418211 4.805827  SA_HookPunch_Close
-0.04676662 0.01935923 5.028793 -0.09436809 0.1097997 5.096173 -0.3337784 0.2654055 5.049998 -0.1971811 0.02297401 4.917048 0.02110364 0.1147281 5.020152 0.1782862 0.2980943 4.80446 0.01830186 0.04289877 4.738244 -0.04265616 0.2527077 5.058174 -0.1340285 0.6967074 5.109848 -0.1742469 1.105808 5.069921 -0.1996219 1.450326 5.033354 0.02603419 0.7010335 5.015707 0.111594 1.09341 4.920187 0.1558196 1.420024 4.807871  SA_HookPunch_Close
-0.04779826 0.02005219 5.029574 -0.09110717 0.1103548 5.100024 -0.3365176 0.2629179 5.074947 -0.2122071 0.0185914 4.933671 0.01872243 0.1158514 5.016093 0.1519496 0.2978003 4.786268 -0.005054159 0.03597903 4.742636 -0.04259781 0.2535274 5.058925 -0.1315591 0.6972114 5.116825 -0.1769274 1.10517 5.071152 -0.2062 1.449007 5.03124 0.02250703 0.7021089 5.013185 0.106794 1.093931 4.914318 0.1534944 1.422053 4.807534  SA_HookPunch_Close
-0.04865734 0.0212872 5.03012 -0.08803098 0.1114602 5.103051 -0.3370424 0.2614648 5.097044 -0.2238166 0.01564908 4.949185 0.01638468 0.117466 5.012505 0.1275274 0.2981075 4.77248 -0.02457826 0.03098655 4.747688 -0.04249934 0.2548677 5.05944 -0.1290203 0.698266 5.122719 -0.1796685 1.105041 5.072283 -0.2127549 1.448232 5.029871 0.01933356 0.7036749 5.011079 0.1021981 1.094947 4.908887 0.1515269 1.424159 4.80674  SA_HookPunch_Close
-0.0490645 0.02318549 5.029836 -0.08382903 0.1130866 5.10548 -0.3331584 0.2633303 5.121747 -0.2343107 0.01771367 4.963605 0.0139664 0.1198157 5.007868 0.09960999 0.3007623 4.759937 -0.04730998 0.02972186 4.752452 -0.04184882 0.256826 5.059465 -0.1254395 0.6998108 5.128994 -0.1835854 1.104795 5.072587 -0.2208016 1.4475 5.029671 0.0163637 0.7059517 5.009179 0.09552331 1.096491 4.901402 0.1488854 1.427028 4.805769  SA_HookPunch_Close
-0.0494375 0.02599144 5.029218 -0.07923315 0.1155822 5.107408 -0.3263468 0.2667856 5.146887 -0.2438643 0.02198768 4.978429 0.01116039 0.1230991 5.002958 0.06993593 0.3045399 4.749805 -0.06968902 0.02970517 4.75847 -0.04111759 0.2596778 5.059196 -0.1213228 0.702211 5.135061 -0.1880749 1.105022 5.072914 -0.2295245 1.447237 5.029965 0.01327665 0.7091343 5.007246 0.08807285 1.098934 4.893822 0.1462974 1.430509 4.804852  SA_HookPunch_Close
-0.04956416 0.02937782 5.027731 -0.07436566 0.1185588 5.108251 -0.3152322 0.273873 5.170177 -0.2520975 0.03234041 4.989114 0.008322733 0.1269665 4.997665 0.04158326 0.3103806 4.743033 -0.09047328 0.03243458 4.763319 -0.04021166 0.2630504 5.058287 -0.1170044 0.7050822 5.140252 -0.1928181 1.105337 5.072261 -0.2375962 1.447253 5.030277 0.01051714 0.7128495 5.005421 0.08040006 1.102075 4.887 0.1446263 1.434464 4.80551  SA_HookPunch_Close
-0.04976533 0.03445828 5.025419 -0.06851707 0.123124 5.108272 -0.2985093 0.2846957 5.196196 -0.2617863 0.04907238 5.000644 0.00461592 0.1326295 4.991232 0.008726077 0.3189982 4.738728 -0.1132598 0.03737199 4.768902 -0.03917543 0.2680938 5.056662 -0.1116119 0.7095109 5.145553 -0.1988787 1.106323 5.071393 -0.2470708 1.447984 5.031159 0.007278638 0.7182826 5.003111 0.07141294 1.106898 4.879545 0.1437758 1.439594 4.806573  SA_HookPunch_Close
-0.05006133 0.0412153 5.022092 -0.06218032 0.1292762 5.106949 -0.2754955 0.2999455 5.221727 -0.2724611 0.07465541 5.01115 0.0002473165 0.1400329 4.983968 -0.02483944 0.330792 4.738423 -0.1359536 0.04525197 4.773423 -0.03814016 0.2747775 5.054108 -0.1056056 0.7155029 5.150103 -0.2058901 1.108072 5.070057 -0.2567551 1.449653 5.032517 0.003844993 0.7253658 5.000353 0.06226583 1.113446 4.872353 0.1447718 1.44562 4.808312  SA_HookPunch_Close
-0.05037544 0.05144095 5.016753 -0.05426536 0.1387532 5.103166 -0.2399137 0.3232613 5.251522 -0.288704 0.1212591 5.023657 -0.005337102 0.1510936 4.97436 -0.06214951 0.3489419 4.744126 -0.162688 0.05925083 4.776921 -0.03684495 0.2849061 5.049532 -0.09783725 0.7247466 5.153683 -0.2153033 1.111287 5.067874 -0.2679 1.453088 5.035025 -0.0003381203 0.7359563 4.995981 0.05121239 1.123292 4.862876 0.1476289 1.453555 4.809225  SA_HookPunch_Close
-0.05041061 0.06450927 5.009671 -0.04547266 0.1510372 5.096676 -0.1917773 0.3517101 5.279198 -0.3072005 0.1906036 5.042915 -0.01120905 0.1650441 4.963383 -0.09646724 0.3716223 4.756704 -0.191221 0.07908559 4.780121 -0.03519313 0.2978469 5.042992 -0.0890526 0.7367257 5.154983 -0.2266965 1.115542 5.064833 -0.279355 1.45788 5.038264 -0.004750771 0.7493479 4.989952 0.03830459 1.135693 4.851074 0.1512269 1.462356 4.808789  SA_HookPunch_Close
-0.04946844 0.07720017 5.002257 -0.03762374 0.1631411 5.089106 -0.1436092 0.3742671 5.29917 -0.3206105 0.2685828 5.069803 -0.01503162 0.1783471 4.953476 -0.1176589 0.393121 4.771563 -0.2138398 0.1003194 4.782557 -0.03313236 0.3103957 5.035846 -0.08173566 0.7485281 5.153121 -0.2372208 1.120025 5.061531 -0.2879896 1.46311 5.041804 -0.007988794 0.7622194 4.983194 0.02624609 1.147784 4.839767 0.1536777 1.470271 4.807962  SA_HookPunch_Close
-0.04735581 0.0890156 4.99516 -0.03048645 0.1746333 5.081666 -0.09772103 0.3924447 5.310807 -0.3243509 0.3489435 5.106224 -0.01652573 0.1904247 4.944944 -0.127192 0.4123791 4.785349 -0.2298746 0.121587 4.784531 -0.03049676 0.322077 5.02874 -0.07599322 0.7597864 5.148769 -0.2475282 1.124216 5.057436 -0.2959566 1.467965 5.044594 -0.009841068 0.7740759 4.975792 0.01576723 1.159165 4.829319 0.1556698 1.477262 4.807204  SA_HookPunch_Close
-0.04430185 0.09941399 4.988522 -0.02412669 0.1849357 5.074812 -0.0571603 0.4054657 5.31635 -0.3160635 0.4233683 5.149748 -0.01594434 0.2007827 4.937629 -0.1276024 0.4285697 4.795156 -0.2393473 0.141314 4.785072 -0.02750782 0.3323526 5.02192 -0.072062 0.7699063 5.142705 -0.2564994 1.128398 5.053034 -0.3017436 1.472775 5.0474 -0.01062725 0.7844149 4.968015 0.007119911 1.16933 4.81993 0.1573664 1.483171 4.806608  SA_HookPunch_Close
-0.03776644 0.1113977 4.980345 -0.01604609 0.1970844 5.066856 -0.01171623 0.4178224 5.317039 -0.2895208 0.5057758 5.216063 -0.01068984 0.2122927 4.929461 -0.114526 0.4451691 4.795252 -0.2396255 0.1637681 4.778884 -0.02218501 0.344167 5.013285 -0.06958358 0.7818533 5.132061 -0.2660587 1.134513 5.044864 -0.306334 1.479516 5.04986 -0.009307308 0.7961597 4.956951 -0.0005715917 1.181072 4.808055 0.15957 1.490261 4.805932  SA_HookPunch_Close
-0.0291395 0.120699 4.973763 -0.009035094 0.2066631 5.061158 0.02137716 0.4259987 5.313352 -0.2542937 0.560032 5.279467 -0.001010401 0.2208426 4.923783 -0.09003566 0.4549717 4.778793 -0.2262848 0.1788191 4.76205 -0.0157948 0.3532315 5.006269 -0.07004039 0.7913035 5.120134 -0.2718992 1.141165 5.033969 -0.3074213 1.486335 5.050391 -0.005174203 0.8049758 4.94662 -0.003212614 1.18967 4.796921 0.1621629 1.495964 4.806038  SA_HookPunch_Close
-0.0162953 0.129472 4.967868 -0.001570029 0.2157761 5.056511 0.05043038 0.4303784 5.307308 -0.2025792 0.6011728 5.351159 0.01553048 0.2286235 4.919837 -0.04908149 0.4574866 4.742673 -0.1941681 0.1856312 4.730473 -0.006742341 0.3616344 4.999595 -0.07335357 0.8002282 5.103994 -0.2748529 1.149907 5.01626 -0.3052089 1.49455 5.047469 0.003338056 0.8128899 4.935294 -0.002861066 1.196254 4.782334 0.1632023 1.501395 4.805994  SA_HookPunch_Close
-0.001194818 0.1348162 4.962185 0.004314976 0.2211695 5.051454 0.06495066 0.4268541 5.300134 -0.1516112 0.6200586 5.404444 0.03633316 0.233484 4.917438 0.008980708 0.4458585 4.693671 -0.1435866 0.1778564 4.692086 0.003312366 0.366591 4.99321 -0.07896952 0.8050159 5.085912 -0.2723132 1.158955 4.996916 -0.299155 1.501864 5.045568 0.01549037 0.8175921 4.926473 -0.0001690816 1.198077 4.767132 0.1591397 1.505465 4.8043  SA_HookPunch_Close
0.01012309 0.135923 4.956636 0.006901698 0.2219861 5.045372 0.06341483 0.4192339 5.295037 -0.1283554 0.623328 5.424178 0.05219575 0.2349524 4.915305 0.06465001 0.4279388 4.659654 -0.0973383 0.1655914 4.665816 0.01020779 0.3675212 4.987499 -0.08426152 0.8049781 5.072045 -0.2678412 1.164574 4.985073 -0.2914307 1.505588 5.046933 0.02523126 0.8188748 4.922647 0.005198853 1.196269 4.756588 0.1570606 1.506541 4.800369  SA_HookPunch_Close
0.02106346 0.1348757 4.950353 0.008797901 0.2204279 5.037648 0.05555959 0.4088784 5.289881 -0.1170981 0.6192611 5.434918 0.06734981 0.2346143 4.913118 0.1279343 0.4053831 4.637486 -0.04814325 0.1523076 4.644827 0.0166563 0.3663327 4.981161 -0.08917807 0.802442 5.057896 -0.2642348 1.167156 4.974748 -0.2879672 1.505881 5.04807 0.03469809 0.8183216 4.920403 0.01305951 1.192482 4.747374 0.1562312 1.506229 4.795467  SA_HookPunch_Close
0.03164198 0.1313592 4.942216 0.009804444 0.216143 5.026969 0.03968336 0.3962653 5.2831 -0.1223351 0.6103997 5.43477 0.08182384 0.2321981 4.909953 0.1982792 0.3801143 4.62999 0.004300551 0.1403884 4.627132 0.02251472 0.3627193 4.973167 -0.0941761 0.7970723 5.04254 -0.2592866 1.168292 4.968318 -0.2848599 1.504318 5.052617 0.04359754 0.81565 4.919353 0.0234703 1.187063 4.740327 0.1555908 1.505296 4.790523  SA_HookPunch_Close
0.03957178 0.1265318 4.934266 0.009625511 0.2105064 5.016032 0.01988961 0.384841 5.275154 -0.1407996 0.598607 5.428746 0.09289487 0.228363 4.907015 0.2571342 0.3609571 4.638976 0.04872109 0.1348519 4.615636 0.02670236 0.3577898 4.965467 -0.09800605 0.7906752 5.028564 -0.2530217 1.16814 4.964803 -0.2821695 1.502135 5.055751 0.05059804 0.811565 4.919102 0.03392662 1.181579 4.736852 0.1546517 1.50437 4.786646  SA_HookPunch_Close
0.04674389 0.1207098 4.926237 0.009388464 0.2038537 5.004457 -0.001582785 0.3734199 5.26511 -0.1651429 0.5852721 5.418323 0.1027421 0.2234684 4.904269 0.3096547 0.3436514 4.657897 0.09117265 0.1318442 4.60782 0.03050025 0.351851 4.95764 -0.100979 0.7833886 5.014612 -0.246927 1.166313 4.963204 -0.2810431 1.498431 5.059161 0.05675193 0.8063877 4.919252 0.04452999 1.175499 4.734831 0.1537843 1.502686 4.782373  SA_HookPunch_Close
0.05381294 0.1128571 4.916842 0.008565264 0.1950529 4.990216 -0.02953236 0.3597211 5.250464 -0.2006379 0.567449 5.401062 0.1125454 0.2165469 4.90154 0.3591913 0.3283924 4.689322 0.1374618 0.1315378 4.604536 0.03422304 0.3438594 4.948514 -0.1032978 0.7742428 4.998329 -0.2381542 1.162896 4.96176 -0.2790973 1.493043 5.061763 0.06328543 0.7990509 4.919995 0.05749961 1.167991 4.734919 0.1537416 1.499754 4.77872  SA_HookPunch_Close
0.05956211 0.1049491 4.907471 0.007355945 0.1862845 4.975388 -0.05963365 0.3469721 5.232173 -0.2419745 0.5492756 5.376854 0.1205219 0.209368 4.899244 0.3956023 0.3193365 4.726446 0.1789712 0.1351304 4.6071 0.03721996 0.3358194 4.939496 -0.1044462 0.7655182 4.982415 -0.2277333 1.159132 4.961372 -0.2755681 1.487736 5.063379 0.06905003 0.7913849 4.921329 0.07041623 1.161069 4.737659 0.1542144 1.496788 4.776631  SA_HookPunch_Close
0.06567772 0.0969938 4.898339 0.007131653 0.1775519 4.959988 -0.08954249 0.3341229 5.20986 -0.2841966 0.5306929 5.346159 0.1282677 0.2019786 4.897805 0.4251989 0.3104303 4.768917 0.220117 0.138697 4.615445 0.04074844 0.3277191 4.930654 -0.104139 0.7569363 4.96642 -0.2181247 1.153886 4.962855 -0.2736169 1.48087 5.066178 0.07466342 0.7834449 4.923658 0.08288039 1.152067 4.738041 0.1542555 1.491627 4.767234  SA_HookPunch_Close
0.07505102 0.07928503 4.874633 0.005190449 0.159004 4.919677 -0.1649046 0.3058586 5.137401 -0.3946293 0.4900212 5.229152 0.1388489 0.1841238 4.894345 0.4461536 0.3067656 4.868356 0.2942444 0.1466346 4.652982 0.04648741 0.3097758 4.90952 -0.09810118 0.7402129 4.932745 -0.1873714 1.141741 4.969899 -0.2534821 1.468128 5.068769 0.08609654 0.7641201 4.933832 0.1123912 1.133214 4.750853 0.1595691 1.478163 4.756564  SA_HookPunch_Close
0.07994409 0.06789613 4.855007 0.005520361 0.1485817 4.887539 -0.2169265 0.286364 5.067911 -0.4693044 0.4608285 5.099136 0.1420662 0.1705725 4.890524 0.4315153 0.3083333 4.932956 0.3330873 0.1505419 4.686952 0.05131795 0.2982497 4.894083 -0.08735375 0.7310672 4.914056 -0.1658333 1.131249 4.979406 -0.2328103 1.457451 5.0783 0.09467728 0.7496603 4.946002 0.1322053 1.119513 4.766546 0.1653143 1.465862 4.752637  SA_HookPunch_Close
0.08563818 0.05892706 4.83657 0.009715931 0.1413115 4.857855 -0.2539617 0.2725716 4.99083 -0.5110564 0.4390388 4.954796 0.1439939 0.1586035 4.886274 0.4037541 0.3081883 4.983568 0.3591022 0.1517005 4.72161 0.05716809 0.2888957 4.880392 -0.07531194 0.7239035 4.899787 -0.1520154 1.119356 4.990938 -0.2178327 1.445155 5.09192 0.1005224 0.7363263 4.958349 0.1490094 1.106636 4.782499 0.1753463 1.452095 4.747675  SA_HookPunch_Close
0.09117015 0.05239308 4.820915 0.01579817 0.136987 4.834843 -0.2793003 0.261539 4.917006 -0.525893 0.4119297 4.808922 0.1455267 0.1482259 4.881548 0.3773957 0.3111012 5.012413 0.3722564 0.1554469 4.746237 0.06417896 0.2816731 4.870423 -0.06225739 0.7183586 4.893441 -0.1450609 1.108825 4.999528 -0.2121952 1.433905 5.101948 0.10693 0.7248646 4.969827 0.1613591 1.097909 4.801664 0.1848644 1.441492 4.75022  SA_HookPunch_Close
0.09955712 0.04605794 4.803441 0.02610608 0.1334263 4.809919 -0.2926009 0.2502987 4.815646 -0.4961955 0.3751979 4.620564 0.1476036 0.1367741 4.875983 0.3429407 0.314237 5.037371 0.3805679 0.157948 4.774194 0.0735146 0.2739486 4.860384 -0.04699753 0.7120233 4.888677 -0.1393171 1.096891 5.006696 -0.209746 1.420594 5.111243 0.1126257 0.7114468 4.983659 0.1730951 1.087433 4.824345 0.1981043 1.427197 4.752353  SA_HookPunch_Close
0.1084103 0.04068601 4.790437 0.03663512 0.1299816 4.793708 -0.2834813 0.2386265 4.709051 -0.4106167 0.3192095 4.439885 0.1506759 0.1260802 4.871917 0.3194173 0.318962 5.047807 0.3781856 0.1614763 4.789255 0.08314838 0.2664462 4.854983 -0.03354321 0.7049846 4.889386 -0.1300815 1.090273 5.002559 -0.2097 1.41101 5.109621 0.1192147 0.6993271 4.994906 0.1807392 1.079413 4.846069 0.2092399 1.415056 4.757866  SA_HookPunch_Close
0.115395 0.03695071 4.781602 0.04383774 0.1269723 4.783917 -0.2492108 0.2310656 4.615767 -0.2866217 0.2751937 4.312846 0.1526202 0.1180246 4.868908 0.3061432 0.3188995 5.05138 0.370997 0.1645052 4.792419 0.08956482 0.2604558 4.851975 -0.0246167 0.6991844 4.890615 -0.122827 1.085791 4.99769 -0.2079512 1.405505 5.10357 0.1242182 0.690398 5.001397 0.1857395 1.074109 4.862167 0.2188955 1.406678 4.764464  SA_HookPunch_Close
0.1215163 0.03590143 4.774088 0.04854079 0.1255568 4.776527 -0.1768921 0.2120095 4.519782 -0.101102 0.216763 4.220883 0.1533831 0.1128131 4.865875 0.3020331 0.3140545 5.052256 0.3579429 0.169402 4.785696 0.09367456 0.2567238 4.849321 -0.018037 0.6957538 4.890813 -0.1161681 1.084587 4.989573 -0.204336 1.405017 5.090692 0.1287262 0.6848157 5.004138 0.1905905 1.071969 4.874954 0.2292244 1.402565 4.77267  SA_HookPunch_Close
0.1236488 0.03708184 4.768411 0.04911478 0.1260699 4.770276 -0.1003693 0.2030538 4.470876 0.06073971 0.1965514 4.207989 0.1512522 0.1117035 4.862464 0.3065076 0.3024076 5.051921 0.3452642 0.1703068 4.775965 0.09317632 0.2562319 4.84549 -0.01588134 0.6959951 4.887234 -0.1124683 1.086594 4.980393 -0.2002324 1.408643 5.0766 0.1291013 0.6833392 5.002652 0.1948444 1.071006 4.87697 0.2373125 1.401387 4.775517  SA_HookPunch_Close
0.1274078 0.03919423 4.761898 0.05448939 0.1283829 4.760748 -0.04671882 0.2060231 4.451143 0.1665988 0.189556 4.229034 0.1508753 0.1129442 4.858772 0.3075659 0.293175 5.052973 0.3384279 0.1619723 4.775596 0.09460445 0.257867 4.839269 -0.01325278 0.6983582 4.878382 -0.1092312 1.089042 4.971811 -0.1965304 1.411512 5.067027 0.1254852 0.6835083 5.00099 0.1951717 1.069923 4.87359 0.2374529 1.40115 4.774854  SA_HookPunch_Close
0.1334927 0.04194558 4.757052 0.06316645 0.131391 4.752605 -0.008916898 0.2152086 4.442074 0.2285564 0.1849896 4.24765 0.1529882 0.1154424 4.8566 0.3058355 0.2903582 5.055516 0.3378846 0.1553088 4.780127 0.09828158 0.2605215 4.834049 -0.01007835 0.70138 4.868405 -0.1067042 1.091275 4.964425 -0.1949984 1.413018 5.061171 0.1208416 0.6853089 4.999185 0.1954724 1.069235 4.867145 0.2370201 1.400984 4.76986  SA_HookPunch_Close
0.1396989 0.04465938 4.754034 0.07203986 0.1342769 4.746861 0.01464488 0.2257549 4.437494 0.26009 0.1821859 4.255929 0.1558761 0.1181819 4.855718 0.3031786 0.2911618 5.058401 0.3401994 0.1503432 4.786548 0.1024246 0.2632718 4.830395 -0.007019861 0.7042606 4.859698 -0.1053391 1.09292 4.958954 -0.1956481 1.413368 5.058106 0.1164213 0.6876481 4.997495 0.1961383 1.068764 4.860385 0.237094 1.400761 4.763695  SA_HookPunch_Close
0.1514351 0.04830623 4.754854 0.08603002 0.1373606 4.744241 0.02945771 0.2425064 4.434273 0.2637999 0.1859262 4.241945 0.1632378 0.1227688 4.858098 0.2997511 0.2990854 5.066345 0.3535658 0.1516216 4.800896 0.1101697 0.2671916 4.828514 -0.002461476 0.7079114 4.846772 -0.1061194 1.093827 4.951171 -0.2032561 1.410686 5.055279 0.1113178 0.6929742 4.992829 0.1988912 1.069633 4.848392 0.2367792 1.402924 4.754959  SA_HookPunch_Close
0.1657754 0.05277383 4.75945 0.1003704 0.1404349 4.745596 0.03584905 0.2566136 4.432405 0.2545603 0.1936477 4.224298 0.1731442 0.1287638 4.862665 0.2975349 0.3108262 5.077722 0.3744758 0.1653117 4.816934 0.1196739 0.2720016 4.828412 0.003923373 0.7123094 4.833448 -0.1099637 1.094218 4.941847 -0.2187609 1.405895 5.049986 0.1100021 0.7003846 4.985457 0.2056307 1.072274 4.833943 0.2373597 1.407861 4.746635  SA_HookPunch_Close
0.1725115 0.05484617 4.762372 0.1060478 0.1416919 4.747534 0.03602662 0.2596053 4.432363 0.2529348 0.1936129 4.223309 0.1785643 0.131562 4.864905 0.2979768 0.3179015 5.081271 0.3845904 0.1752374 4.821946 0.1246988 0.2742301 4.828938 0.007680075 0.7143492 4.829165 -0.1130106 1.094035 4.93801 -0.2287788 1.403013 5.046657 0.1129784 0.7039466 4.981826 0.2105917 1.074626 4.828621 0.2384582 1.411642 4.745605  SA_HookPunch_Close
0.1776409 0.0559355 4.764494 0.1102694 0.1421543 4.749304 0.03634514 0.2608236 4.433458 0.2547514 0.1917224 4.226985 0.1831663 0.1330901 4.866527 0.2993295 0.3234746 5.081866 0.391276 0.1810489 4.824252 0.1288361 0.275349 4.829648 0.01044347 0.715177 4.827258 -0.1156083 1.093229 4.935714 -0.236232 1.400475 5.043989 0.1163069 0.7059898 4.979607 0.2139303 1.076449 4.825876 0.2391899 1.414311 4.745506  SA_HookPunch_Close
0.1823718 0.05614913 4.766355 0.1140855 0.1417885 4.751155 0.03676422 0.2607247 4.435196 0.2587021 0.1882861 4.233693 0.187775 0.1336225 4.867948 0.3013677 0.3282984 5.08079 0.3966715 0.1845825 4.82512 0.1328795 0.2755257 4.83054 0.01287718 0.7149763 4.826561 -0.118217 1.091549 4.934183 -0.2429292 1.397451 5.041628 0.1201496 0.7069528 4.977987 0.2166196 1.077748 4.824339 0.2397889 1.416213 4.7459  SA_HookPunch_Close
0.1859806 0.05577111 4.768011 0.1169965 0.1409066 4.753278 0.03657385 0.2601507 4.438245 0.2614397 0.1823292 4.242064 0.1918914 0.1334846 4.869351 0.3049807 0.331827 5.078235 0.4002291 0.1852977 4.824145 0.1361726 0.2750503 4.831882 0.01417948 0.713958 4.827321 -0.1199024 1.08978 4.933879 -0.2456817 1.395698 5.040028 0.1234554 0.7071293 4.977367 0.2168692 1.079053 4.824559 0.2391014 1.417627 4.746321  SA_HookPunch_Close
0.191054 0.05497944 4.770672 0.1210594 0.1393608 4.756835 0.03525837 0.2594924 4.443899 0.2639477 0.1726899 4.256084 0.1981039 0.1331651 4.871564 0.3116663 0.3365371 5.074114 0.405237 0.1860094 4.821744 0.1409032 0.2741535 4.834151 0.01561178 0.7121303 4.828989 -0.1220738 1.087064 4.93407 -0.2479852 1.393667 5.038065 0.1281895 0.707216 4.976649 0.2159378 1.08139 4.825993 0.2373316 1.420001 4.747678  SA_HookPunch_Close
0.1936329 0.05430353 4.772477 0.1230734 0.1382532 4.759311 0.0332252 0.259465 4.448335 0.2635183 0.166572 4.26546 0.2017228 0.1329206 4.87299 0.316977 0.3387049 5.071714 0.4079171 0.1863803 4.819461 0.1434009 0.2734879 4.835724 0.0159026 0.7108244 4.830395 -0.1229602 1.085535 4.93472 -0.2474581 1.393226 5.037192 0.1306595 0.7071421 4.976405 0.2140519 1.083218 4.828026 0.2354823 1.421758 4.749417  SA_HookPunch_Close
0.1971027 0.05307174 4.775766 0.125523 0.1363195 4.763776 0.0285181 0.2599652 4.456813 0.2609605 0.157001 4.282238 0.2072302 0.1326463 4.875345 0.3269174 0.3417532 5.068248 0.412076 0.1883619 4.814627 0.1467516 0.2723937 4.838435 0.01534994 0.708595 4.833095 -0.1240144 1.083318 4.936704 -0.24495 1.3932 5.036811 0.1339937 0.7070192 4.976003 0.210932 1.085819 4.831109 0.2332325 1.423954 4.751013  SA_HookPunch_Close
0.1995669 0.05198228 4.778757 0.1270766 0.13464 4.767825 0.02379425 0.2607182 4.464847 0.2574776 0.1490026 4.297458 0.2116041 0.1325282 4.877314 0.3360642 0.3440623 5.065464 0.4153011 0.1909165 4.809784 0.1491072 0.2714922 4.84081 0.01423665 0.7066699 4.835681 -0.1246438 1.081663 4.938963 -0.2418391 1.393641 5.036989 0.1363254 0.7069305 4.975667 0.2083388 1.087757 4.833579 0.2318236 1.425331 4.751481  SA_HookPunch_Close
0.201603 0.05094159 4.782134 0.1278421 0.1328653 4.772508 0.01850338 0.262604 4.474831 0.2532973 0.143099 4.314526 0.2158096 0.1326588 4.879273 0.3462503 0.3468665 5.061909 0.4186102 0.1953483 4.803237 0.1507792 0.270636 4.843458 0.01186021 0.7046113 4.83894 -0.1253204 1.080292 4.941994 -0.237976 1.394609 5.037845 0.137976 0.7069358 4.975289 0.2073118 1.088572 4.834045 0.2307946 1.426082 4.751683  SA_HookPunch_Close
0.2037144 0.04993951 4.785709 0.1286126 0.1310683 4.777542 0.01328083 0.2646271 4.485778 0.2485643 0.1365283 4.333004 0.2201655 0.1329123 4.881234 0.3568548 0.3499607 5.057688 0.4217053 0.2002448 4.795994 0.1524396 0.2698083 4.846275 0.009237962 0.7024714 4.842596 -0.126036 1.078938 4.945303 -0.2340198 1.395683 5.038501 0.1395354 0.7069919 4.974897 0.2065204 1.089246 4.83419 0.2299341 1.426726 4.751688  SA_HookPunch_Close
0.205568 0.04884219 4.789161 0.1288477 0.1289872 4.782916 0.008530037 0.2698503 4.499647 0.243736 0.1347909 4.352866 0.2244542 0.1331061 4.882814 0.3675559 0.3537668 5.051337 0.4244809 0.2060199 4.786696 0.1536235 0.2687573 4.849182 0.005692558 0.699935 4.84698 -0.1268083 1.077646 4.948727 -0.2298708 1.396957 5.038685 0.1406552 0.7068365 4.974412 0.2058341 1.089872 4.834989 0.2286128 1.427837 4.75431  SA_HookPunch_Close
0.207757 0.04783976 4.793533 0.1291866 0.1267737 4.789766 0.003514843 0.2727278 4.515589 0.2392308 0.1294028 4.377736 0.2294906 0.1336709 4.884786 0.3796857 0.3587521 5.042925 0.4269136 0.2130941 4.775235 0.1549791 0.2677773 4.85296 0.001382368 0.6970899 4.852735 -0.1278722 1.076403 4.952683 -0.225606 1.398647 5.038009 0.1417685 0.7069355 4.973963 0.2047424 1.090711 4.835565 0.2267683 1.429127 4.756589  SA_HookPunch_Close
0.208976 0.04713035 4.796679 0.129126 0.1251651 4.795042 0.0001783539 0.2770445 4.529366 0.2351291 0.1279892 4.396369 0.2329186 0.1340691 4.886065 0.3879583 0.3623807 5.035573 0.4277994 0.2182491 4.765863 0.1557115 0.2670354 4.855926 -0.001978142 0.6949379 4.857724 -0.1285245 1.075662 4.955755 -0.2226496 1.399961 5.037268 0.1424506 0.7069476 4.973903 0.2035096 1.091192 4.835948 0.2248059 1.429874 4.757916  SA_HookPunch_Close
0.2099668 0.04656804 4.799648 0.1290113 0.1237711 4.800119 -0.002489729 0.2810363 4.542722 0.2310892 0.1259638 4.414266 0.2359661 0.1345447 4.887193 0.395246 0.3657771 5.028215 0.4279483 0.2230295 4.756815 0.1563009 0.2664386 4.858788 -0.005113466 0.6930096 4.862713 -0.129118 1.0751 4.958654 -0.2201371 1.401226 5.036313 0.1429961 0.7070391 4.973926 0.2024298 1.091651 4.836286 0.2231549 1.43057 4.759134  SA_HookPunch_Close
0.2102261 0.04591644 4.803254 0.1282078 0.1222407 4.806417 -0.006006641 0.2866107 4.559888 0.2253904 0.1253694 4.435132 0.2388048 0.1350852 4.888518 0.4026768 0.3691536 5.018831 0.4267872 0.2280735 4.745666 0.1564301 0.2657892 4.862435 -0.008983178 0.6908659 4.869347 -0.1294511 1.074876 4.962074 -0.2171658 1.402945 5.035224 0.1434137 0.7071815 4.974278 0.2011734 1.092134 4.836877 0.2211561 1.431427 4.761189  SA_HookPunch_Close
0.2099414 0.0453999 4.807051 0.1269701 0.1208811 4.813106 -0.00926022 0.2920012 4.578009 0.2190626 0.1237531 4.456894 0.2411348 0.1357805 4.889798 0.409481 0.3725213 5.008614 0.4242799 0.2328467 4.734066 0.1561499 0.2653019 4.866322 -0.0129628 0.688931 4.876646 -0.1296934 1.07498 4.96561 -0.2141726 1.404961 5.0338 0.1436572 0.7074904 4.974765 0.200091 1.092636 4.837354 0.2195617 1.432297 4.763199  SA_HookPunch_Close
0.2087311 0.04503381 4.810332 0.1250977 0.1199223 4.818891 -0.01255451 0.2963547 4.593648 0.2128414 0.1227967 4.474561 0.2421073 0.136381 4.890829 0.4142312 0.3749397 4.999658 0.4208387 0.2359235 4.724457 0.155179 0.2650169 4.869718 -0.01638661 0.6876331 4.883221 -0.1295796 1.075543 4.968592 -0.2112542 1.407079 5.032519 0.14363 0.7078587 4.975347 0.1994096 1.092992 4.837635 0.2186305 1.432989 4.764967  SA_HookPunch_Close
0.205947 0.04472411 4.81495 0.1215355 0.1189325 4.827081 -0.01715188 0.3027086 4.61635 0.2030307 0.1218817 4.49833 0.2422392 0.137319 4.892118 0.4198011 0.378091 4.986601 0.4144447 0.2391545 4.711333 0.1529768 0.2648814 4.874527 -0.02101676 0.6864209 4.892818 -0.1299916 1.076624 4.973073 -0.2083998 1.410062 5.030912 0.1434358 0.708596 4.976275 0.1989828 1.093447 4.837683 0.2182117 1.433909 4.767229  SA_HookPunch_Close
0.2026799 0.04477394 4.818954 0.1177413 0.1185318 4.834185 -0.02230464 0.3060015 4.634235 0.193784 0.1191326 4.518075 0.2413058 0.1383246 4.893154 0.4235501 0.3806707 4.975067 0.4077238 0.2410408 4.700554 0.1504105 0.2651275 4.878717 -0.02475641 0.6860614 4.901313 -0.1308241 1.077927 4.977243 -0.2070697 1.412725 5.029883 0.1431568 0.7095499 4.977175 0.1990575 1.093914 4.837378 0.2185875 1.434757 4.768879  SA_HookPunch_Close
0.1984953 0.04492307 4.822483 0.1132549 0.1185005 4.840409 -0.02802144 0.308964 4.649824 0.1845766 0.1178403 4.534146 0.2391062 0.1391702 4.893995 0.4258606 0.3824756 4.964916 0.4007119 0.2417393 4.691666 0.1472262 0.2655534 4.882387 -0.02786736 0.6863612 4.908844 -0.1319272 1.079314 4.981878 -0.2068685 1.414925 5.031107 0.1428265 0.7105803 4.977971 0.1992661 1.094356 4.836781 0.2190266 1.435641 4.770587  SA_HookPunch_Close
0.1937353 0.04534328 4.826386 0.1082958 0.1187789 4.847242 -0.03378771 0.3121266 4.666657 0.1747067 0.1162065 4.551536 0.2363569 0.1402847 4.89494 0.4275657 0.3844351 4.953808 0.3924819 0.2423595 4.682353 0.1436172 0.2662853 4.886422 -0.03103559 0.6870666 4.91702 -0.1332761 1.081044 4.987041 -0.2071742 1.417375 5.032807 0.142362 0.7119483 4.978791 0.1994757 1.094964 4.83582 0.2196277 1.436688 4.772055  SA_HookPunch_Close
0.1885725 0.04574394 4.830019 0.1031581 0.1192894 4.853223 -0.04025511 0.3142757 4.679995 0.1660468 0.115847 4.565221 0.2328779 0.1411743 4.896014 0.4280277 0.3855753 4.945563 0.3851676 0.242799 4.675595 0.1398172 0.2670834 4.890017 -0.03359358 0.6881669 4.923878 -0.1346965 1.082835 4.991625 -0.2082306 1.419481 5.035627 0.1418541 0.7133105 4.979443 0.1995862 1.095641 4.834895 0.2201678 1.437775 4.773506  SA_HookPunch_Close
0.1840955 0.04629052 4.833263 0.09876575 0.1199365 4.858534 -0.04547624 0.3162423 4.691686 0.1587227 0.115376 4.577392 0.2297833 0.1421249 4.896996 0.4280626 0.3866723 4.938245 0.3784891 0.2432377 4.66978 0.1365169 0.2679678 4.893209 -0.03572283 0.6893304 4.929873 -0.1359919 1.084547 4.995635 -0.2093206 1.421432 5.038121 0.141336 0.7146704 4.979969 0.1996349 1.096334 4.833894 0.2207041 1.438783 4.774457  SA_HookPunch_Close
0.1637084 0.04764509 4.847976 0.07932492 0.1223097 4.880539 -0.07092409 0.3196772 4.732976 0.1302359 0.1157492 4.618715 0.2140255 0.1448575 4.902554 0.4232943 0.3887283 4.916588 0.353388 0.2459477 4.652332 0.121162 0.2709858 4.906727 -0.04474739 0.6940096 4.952605 -0.1409366 1.091208 5.012234 -0.2121929 1.429127 5.049749 0.1369338 0.7195682 4.981592 0.1974973 1.098961 4.830606 0.2222168 1.442194 4.777428  SA_HookPunch_Close
0.1548222 0.04777229 4.854693 0.07098307 0.1229647 4.890054 -0.08246104 0.3195678 4.748857 0.118424 0.115816 4.6338 0.2066105 0.1454703 4.905416 0.4197066 0.3889263 4.909644 0.3432669 0.2467793 4.64686 0.1142396 0.2718202 4.912675 -0.0488169 0.6955806 4.961802 -0.1429286 1.093568 5.019455 -0.2128214 1.432105 5.05383 0.1340187 0.7210902 4.982343 0.1954977 1.099679 4.829718 0.222468 1.443017 4.778345  SA_HookPunch_Close
0.1477662 0.04772592 4.860158 0.06437369 0.1233734 4.897526 -0.09186999 0.3189354 4.760429 0.1089546 0.115743 4.644283 0.2004908 0.1457517 4.907947 0.4163214 0.3889182 4.905507 0.3357777 0.2471855 4.643726 0.1086264 0.2723224 4.917443 -0.05220674 0.6966705 4.96876 -0.1443853 1.095277 5.025248 -0.2129542 1.434396 5.056403 0.1312308 0.7220563 4.983173 0.1932365 1.100147 4.82953 0.2222212 1.443443 4.778977  SA_HookPunch_Close
0.1399985 0.04759908 4.866342 0.05715765 0.1237546 4.905781 -0.1021203 0.3181229 4.772795 0.0985616 0.115609 4.655226 0.193606 0.1459163 4.911068 0.4121568 0.3887205 4.901759 0.3276531 0.2471148 4.641161 0.1023892 0.2727629 4.922851 -0.05601321 0.6977639 4.976293 -0.1458825 1.097012 5.031963 -0.2129351 1.436779 5.059092 0.1278404 0.7229367 4.9844 0.1899977 1.100564 4.829681 0.22125 1.443701 4.779405  SA_HookPunch_Close
0.1327292 0.04741156 4.872259 0.0504451 0.1240492 4.913454 -0.1116888 0.3172361 4.783791 0.08877338 0.115447 4.664612 0.1870377 0.1459339 4.914343 0.4078711 0.3883927 4.899286 0.3203441 0.2465355 4.639825 0.09649487 0.2730699 4.928048 -0.05970089 0.6986802 4.983158 -0.1471122 1.098502 5.038624 -0.2126219 1.438888 5.061412 0.1243472 0.7235825 4.985939 0.186095 1.100934 4.830386 0.2194286 1.443814 4.779694  SA_HookPunch_Close
0.1262436 0.04720223 4.877646 0.04450263 0.1242635 4.920285 -0.1202191 0.3164606 4.793438 0.0798663 0.1153672 4.672463 0.1811213 0.1458364 4.9176 0.4035716 0.3880315 4.897716 0.3138165 0.2453909 4.639448 0.09122981 0.2732586 4.932847 -0.06302278 0.699417 4.989214 -0.1477862 1.099781 5.044877 -0.2115863 1.440747 5.063471 0.1210795 0.7240241 4.987669 0.1816234 1.101289 4.831434 0.216535 1.443848 4.779646  SA_HookPunch_Close
0.1198706 0.04695868 4.883019 0.03869887 0.1244297 4.926939 -0.1286249 0.315722 4.802686 0.07087924 0.1153514 4.679571 0.1752778 0.1456357 4.921129 0.3989047 0.3876505 4.896877 0.307468 0.2436693 4.639947 0.08606006 0.273365 4.937706 -0.06632988 0.700063 4.995074 -0.1479794 1.100993 5.05132 -0.2096693 1.44256 5.065449 0.1177467 0.7243324 4.989748 0.1761952 1.101709 4.832987 0.2122594 1.44387 4.779383  SA_HookPunch_Close
0.1100621 0.0464853 4.891633 0.02977599 0.1246089 4.937246 -0.1412549 0.3148192 4.8167 0.05711277 0.1154193 4.690218 0.1662261 0.1451026 4.927315 0.3907069 0.3870817 4.896954 0.2979645 0.2399105 4.642309 0.07813103 0.2733814 4.945569 -0.0712925 0.7009853 5.003949 -0.1493697 1.10296 5.057753 -0.2087484 1.445103 5.067028 0.1126583 0.7245884 4.993629 0.1671171 1.102395 4.836467 0.2045327 1.443824 4.779246  SA_HookPunch_Close
0.104684 0.04618287 4.896504 0.02488633 0.124674 4.942929 -0.1480563 0.3144243 4.824301 0.04957439 0.115494 4.695941 0.161246 0.1447151 4.931027 0.3857971 0.3867865 4.897585 0.2928846 0.2374055 4.644293 0.07379986 0.2733266 4.950043 -0.07395653 0.7014574 5.008754 -0.1506628 1.104052 5.059828 -0.209173 1.446388 5.067319 0.1098987 0.7246333 4.996039 0.1618455 1.102788 4.838865 0.1997174 1.443765 4.779296  SA_HookPunch_Close
0.0986376 0.04576862 4.902031 0.0193419 0.124709 4.949143 -0.1552895 0.3143543 4.832407 0.04159756 0.1158544 4.70225 0.1556176 0.144166 4.935445 0.3794869 0.3867124 4.899219 0.2874795 0.2344904 4.647291 0.06892206 0.2731924 4.955078 -0.0768805 0.7019694 5.013798 -0.1524741 1.105269 5.060802 -0.2101431 1.447764 5.067538 0.1068838 0.7245815 4.998935 0.1561234 1.103223 4.842061 0.1942649 1.443695 4.779835  SA_HookPunch_Close
0.09264125 0.04531252 4.907551 0.01381691 0.1247196 4.955212 -0.1622137 0.3145094 4.840204 0.03397842 0.1163805 4.708442 0.1500175 0.1435516 4.939979 0.3727618 0.3867855 4.901402 0.2823118 0.2315719 4.650739 0.06408007 0.2730123 4.960081 -0.07973842 0.7024578 5.018587 -0.1545112 1.106423 5.060964 -0.2113988 1.449049 5.067689 0.1039444 0.7244601 5.001912 0.150574 1.103639 4.84554 0.1887447 1.443612 4.780659  SA_HookPunch_Close
0.0855381 0.04469442 4.914189 0.007229524 0.124696 4.96222 -0.1697628 0.31533 4.84897 0.02576538 0.1175498 4.715706 0.1433556 0.1427968 4.945508 0.364168 0.3872 4.904946 0.2764233 0.2289057 4.65525 0.05825432 0.2727623 4.965908 -0.08332287 0.7029997 5.023671 -0.1569996 1.107668 5.060951 -0.2126581 1.450478 5.068549 0.1002897 0.7242794 5.005364 0.1454668 1.103909 4.84966 0.1841019 1.443186 4.781492  SA_HookPunch_Close
0.07701673 0.04388428 4.922404 -0.0007086824 0.1246401 4.970584 -0.1780862 0.3170468 4.859166 0.01676424 0.1195891 4.724439 0.1353468 0.1418796 4.952446 0.3532971 0.3880146 4.910369 0.2696008 0.2267423 4.66119 0.05117311 0.2724358 4.972922 -0.08787374 0.7036117 5.029211 -0.160153 1.109025 5.060685 -0.2140648 1.452071 5.07001 0.09569044 0.7240372 5.0095 0.1407517 1.104 4.854577 0.180312 1.44231 4.782266  SA_HookPunch_Close
0.07309945 0.04345524 4.926657 -0.004363639 0.1245888 4.974672 -0.1812845 0.3184963 4.863971 0.01325388 0.1211196 4.728676 0.1316845 0.1414629 4.95614 0.3480789 0.3886068 4.91407 0.2666112 0.2268442 4.66447 0.04785718 0.2722734 4.976412 -0.09023391 0.7038684 5.031437 -0.1619116 1.109581 5.060314 -0.2150037 1.452732 5.070459 0.09334959 0.7239421 5.011546 0.1394206 1.103868 4.856829 0.1796532 1.441624 4.782329  SA_HookPunch_Close
0.06693245 0.04279649 4.933535 -0.01011048 0.1245378 4.981178 -0.1859289 0.3211113 4.87155 0.00805934 0.1238188 4.735345 0.1259471 0.1408253 4.962196 0.3399218 0.3895873 4.920537 0.2618828 0.2276542 4.669954 0.04264625 0.2720397 4.982024 -0.09400885 0.7042903 5.034767 -0.1648178 1.110425 5.059574 -0.2166235 1.453724 5.071224 0.08963276 0.7238114 5.014862 0.1375937 1.10358 4.860332 0.1789407 1.440404 4.782308  SA_HookPunch_Close
0.0598578 0.04207194 4.942054 -0.01668171 0.1245635 4.98885 -0.189864 0.3252913 4.880253 0.003345268 0.1279967 4.742949 0.1194809 0.1401389 4.970024 0.3308671 0.3909128 4.930384 0.2564511 0.2309449 4.677447 0.03671654 0.2718365 4.98887 -0.09852014 0.7048528 5.037896 -0.1686536 1.111357 5.058144 -0.2191031 1.454761 5.072375 0.08529796 0.7237397 5.019036 0.1364942 1.102965 4.864211 0.1794583 1.43856 4.781886  SA_HookPunch_Close
0.05464442 0.04163527 4.948647 -0.02155427 0.1247568 4.994395 -0.1917848 0.3290868 4.88626 0.001284258 0.1321939 4.748183 0.1148005 0.1396751 4.976449 0.3250602 0.3918738 4.940076 0.2531829 0.2354348 4.684215 0.03246351 0.2718036 4.994114 -0.1016282 0.7054828 5.039527 -0.1720489 1.112086 5.056546 -0.2220291 1.455431 5.073582 0.08242907 0.7237565 5.022482 0.1361258 1.102335 4.866923 0.1803787 1.437022 4.781635  SA_HookPunch_Close
0.05127116 0.04144037 4.952884 -0.02476625 0.1250031 4.997762 -0.192584 0.3316964 4.889512 0.0008220841 0.1351681 4.751388 0.1117641 0.139416 4.980762 0.3217786 0.3924232 4.947422 0.2516979 0.2391315 4.689169 0.02974411 0.271868 4.997453 -0.1034376 0.7060451 5.040265 -0.1740381 1.112699 5.055198 -0.2236698 1.455981 5.074379 0.08081038 0.723806 5.024812 0.1359109 1.101869 4.868493 0.1808937 1.436042 4.781585  SA_HookPunch_Close
0.04808726 0.04135513 4.95682 -0.02782456 0.1253507 5.000778 -0.1930928 0.3342593 4.892194 0.0008722712 0.1381172 4.754305 0.1088923 0.1392419 4.984879 0.3192361 0.3926609 4.954801 0.2507135 0.2428367 4.694107 0.02720185 0.2720231 5.000539 -0.1050038 0.706706 5.040773 -0.1757405 1.113403 5.053751 -0.2250161 1.456609 5.075102 0.07943292 0.7239164 5.027045 0.1357514 1.101435 4.869846 0.1813786 1.435165 4.781585  SA_HookPunch_Close
0.0442911 0.04144073 4.961186 -0.03150062 0.1259552 5.003888 -0.1933406 0.337222 4.894116 0.002064126 0.1415917 4.757539 0.1054777 0.1391507 4.989743 0.3168753 0.3927211 4.964474 0.2506092 0.2475685 4.700573 0.02422555 0.2723634 5.003951 -0.1066255 0.7077059 5.040998 -0.1770826 1.114522 5.051534 -0.225624 1.457648 5.075663 0.07804479 0.7241478 5.02968 0.1358784 1.100819 4.871007 0.1822917 1.434085 4.781411  SA_HookPunch_Close
0.04031201 0.04174769 4.965434 -0.03533755 0.1267856 5.006792 -0.1934968 0.3402731 4.89538 0.003822224 0.1452063 4.760763 0.1019059 0.1392266 4.994678 0.3145873 0.3927778 4.974806 0.2510393 0.252562 4.707588 0.02115049 0.2729007 5.007295 -0.1081593 0.708941 5.04107 -0.1780748 1.11591 5.048999 -0.2257553 1.458939 5.076043 0.07672693 0.7245356 5.032385 0.1362952 1.100209 4.871996 0.183596 1.433008 4.781139  SA_HookPunch_Close
0.03550245 0.04244387 4.96975 -0.03990684 0.1280495 5.009552 -0.1937936 0.3436574 4.895441 0.0064732 0.1493353 4.764141 0.0976292 0.1395473 5.000124 0.3120209 0.3928097 4.987072 0.2524628 0.2579998 4.716178 0.01753487 0.2737879 5.010788 -0.1097273 0.71067 5.040976 -0.1785955 1.117867 5.045669 -0.2251431 1.460773 5.076051 0.07536872 0.7251844 5.035469 0.1375262 1.09948 4.872856 0.1861035 1.431734 4.780685  SA_HookPunch_Close
0.03147968 0.04318619 4.972599 -0.04368196 0.1292181 5.011264 -0.1941816 0.3462744 4.894526 0.008400159 0.1521883 4.766468 0.09404649 0.139936 5.003966 0.3097506 0.3927654 4.996105 0.2537825 0.261008 4.722953 0.01454605 0.2746369 5.01317 -0.1108653 0.7122066 5.04095 -0.1786864 1.119602 5.042987 -0.2243279 1.462408 5.075771 0.07435639 0.7257863 5.037777 0.1390911 1.098999 4.873689 0.1889662 1.430816 4.78064  SA_HookPunch_Close
0.02791102 0.04397202 4.974931 -0.04701273 0.1303666 5.01263 -0.1945196 0.3486201 4.89352 0.01004382 0.1546582 4.76846 0.09085359 0.1403968 5.007196 0.3076244 0.3927956 5.003827 0.2549281 0.2634147 4.728894 0.0119014 0.2754993 5.015149 -0.1118241 0.7136672 5.040942 -0.1786519 1.121231 5.040645 -0.2235441 1.463935 5.075472 0.07348026 0.7264134 5.039767 0.1406011 1.098672 4.874474 0.1916787 1.430101 4.780698  SA_HookPunch_Close
0.02178391 0.04513669 4.97799 -0.05266569 0.1321307 5.01446 -0.1955209 0.3522401 4.891511 0.01122137 0.1576092 4.771162 0.0853547 0.1409979 5.011459 0.3040842 0.3921081 5.013855 0.2561679 0.2643183 4.737308 0.007411199 0.2767694 5.017808 -0.1131849 0.7159518 5.041266 -0.1782023 1.123791 5.037385 -0.2218162 1.466382 5.074839 0.07221515 0.7272183 5.042459 0.1430966 1.098285 4.87606 0.1961698 1.429146 4.78139  SA_HookPunch_Close
0.01595636 0.04586303 4.980562 -0.05802159 0.133409 5.016114 -0.1970498 0.3549218 4.889829 0.01113482 0.1594659 4.773365 0.08009197 0.1411912 5.014956 0.3007689 0.3907515 5.021661 0.2567841 0.2632848 4.744313 0.003137844 0.2775778 5.020073 -0.1143948 0.7176949 5.041794 -0.1775122 1.125789 5.034694 -0.2198673 1.468305 5.074222 0.07106747 0.7275564 5.044632 0.1451467 1.0978 4.877791 0.1999701 1.428189 4.782475  SA_HookPunch_Close
0.009314554 0.04638374 4.983146 -0.06412618 0.1345364 5.018082 -0.2002201 0.3568913 4.888541 0.008688169 0.160385 4.775182 0.07405432 0.1411244 5.018163 0.2973011 0.3883421 5.027632 0.25653 0.2593367 4.750504 -0.001760824 0.2781783 5.022364 -0.1157188 0.719318 5.042791 -0.1763549 1.127714 5.032277 -0.2170673 1.470233 5.073475 0.06980683 0.7275997 5.046427 0.1467014 1.097522 4.880151 0.2031706 1.427524 4.784453  SA_HookPunch_Close
