-0.0111063 0.04955614 7.061797 -0.07766221 0.1420635 7.099131 -0.213819 0.361618 6.965278 -0.03916393 0.1275629 6.866175 0.06062885 0.1387728 7.097713 0.341184 0.3130859 7.021858 0.2420103 0.1322926 6.792549 -0.005138857 0.2807903 7.105131 -0.08703481 0.728498 7.134515 -0.1502734 1.136115 7.155106 -0.1983908 1.474847 7.215266 0.09863754 0.7234629 7.135919 0.1763226 1.097103 6.978561 0.2331914 1.427564 6.884701  A_Kick_Close
-0.01177196 0.04706609 7.064193 -0.07728504 0.1397067 7.102865 -0.2230478 0.3595674 6.973799 -0.04030822 0.1346259 6.868371 0.06090911 0.136662 7.097354 0.3427281 0.3089052 7.015851 0.2431052 0.1452185 6.774218 -0.004894597 0.2785994 7.1059 -0.08628021 0.7264664 7.135294 -0.1503526 1.133952 7.1559 -0.1985626 1.473385 7.211888 0.09936799 0.7213835 7.132062 0.1757476 1.096895 6.978566 0.2322713 1.428131 6.887268  A_Kick_Close
-0.01242022 0.04452598 7.067091 -0.0767722 0.1373185 7.107164 -0.2326327 0.3573977 6.983854 -0.04204629 0.1428331 6.870955 0.06118144 0.134513 7.097256 0.3441792 0.3044297 7.009593 0.2445998 0.1599166 6.75601 -0.004624946 0.2763708 7.107018 -0.08546333 0.724409 7.136402 -0.150422 1.131751 7.157075 -0.1987794 1.471868 7.20861 0.1000291 0.719252 7.128187 0.1751509 1.095866 6.976787 0.2314146 1.427399 6.886407  A_Kick_Close
-0.01144247 0.0411433 7.06881 -0.07422678 0.1338543 7.11121 -0.243472 0.3542897 6.997738 -0.04297052 0.1580781 6.869645 0.06316222 0.1316167 7.095194 0.3458836 0.2995772 6.99806 0.2461978 0.1814798 6.731189 -0.002814991 0.2732266 7.107153 -0.08316498 0.7214754 7.137416 -0.1479212 1.128825 7.158575 -0.1956683 1.47005 7.202839 0.1019033 0.7161404 7.122489 0.174619 1.094757 6.974958 0.2298783 1.42712 6.887043  A_Kick_Close
-0.009648306 0.03670526 7.070561 -0.07021801 0.1292647 7.116041 -0.2561719 0.3498253 7.017509 -0.04639457 0.1806039 6.867625 0.0660003 0.1277903 7.091965 0.3474887 0.2932822 6.982066 0.2489695 0.2114185 6.701537 -9.314525E-05 0.2690545 7.106981 -0.07980888 0.7175832 7.138576 -0.1441797 1.124983 7.159941 -0.19091 1.467459 7.19459 0.1043239 0.7119566 7.114806 0.1741516 1.093122 6.972536 0.2282592 1.426533 6.887936  A_Kick_Close
-0.005294187 0.03100514 7.070706 -0.06276403 0.1231104 7.120472 -0.2687833 0.34307 7.045013 -0.05458705 0.2151725 6.863713 0.07119597 0.1228242 7.085949 0.3491678 0.2860773 6.959352 0.2546938 0.2529008 6.667669 0.005085008 0.2635183 7.105543 -0.07388656 0.71242 7.139748 -0.1388643 1.119915 7.157091 -0.1853435 1.463326 7.181225 0.1083756 0.7062771 7.104473 0.1734597 1.090901 6.969446 0.2251428 1.42571 6.888951  A_Kick_Close
-6.066071E-05 0.0252732 7.06985 -0.05397372 0.1168581 7.123962 -0.2770613 0.3355944 7.075309 -0.068646 0.2532167 6.863449 0.07683994 0.1177447 7.07897 0.3502416 0.2787116 6.935895 0.2646022 0.2952129 6.640095 0.01116283 0.2578588 7.103546 -0.06665407 0.7071984 7.140799 -0.1373215 1.114106 7.143494 -0.1878869 1.457263 7.162478 0.1129169 0.7003259 7.093803 0.1729335 1.088543 6.966962 0.221644 1.424718 6.890397  A_Kick_Close
0.007553713 0.01812613 7.067259 -0.04102556 0.1090099 7.126867 -0.2803895 0.3253464 7.117288 -0.09355144 0.3046459 6.872808 0.08439393 0.111302 7.068541 0.3507683 0.2690471 6.905062 0.2859877 0.3466716 6.613716 0.02011766 0.2507025 7.099932 -0.05535535 0.7007325 7.141459 -0.1414761 1.103875 7.116282 -0.1982024 1.446039 7.135764 0.1194487 0.6925573 7.079184 0.1729371 1.085486 6.964513 0.2170195 1.423373 6.892841  A_Kick_Close
0.01418556 0.01239049 7.063801 -0.02909218 0.102716 7.127853 -0.276075 0.3166333 7.154417 -0.1171447 0.3472346 6.891906 0.09052725 0.105987 7.058443 0.3506536 0.2604562 6.879043 0.3134448 0.3837153 6.598816 0.02839466 0.2448797 7.095829 -0.04391317 0.6956747 7.14104 -0.1497833 1.091541 7.089506 -0.2051818 1.433642 7.113429 0.1255577 0.6859301 7.065633 0.1735569 1.082958 6.963318 0.2124892 1.422313 6.895714  A_Kick_Close
0.01768352 0.008268237 7.060902 -0.02126805 0.09831941 7.127878 -0.2697688 0.3107172 7.180347 -0.1332853 0.3727019 6.910833 0.09364201 0.1018752 7.050935 0.3515824 0.2537415 6.864055 0.3405335 0.4044088 6.595202 0.03387316 0.2406172 7.092501 -0.03495226 0.6921206 7.140132 -0.1520628 1.082105 7.071052 -0.195918 1.425647 7.098055 0.1299277 0.6808499 7.055344 0.1737684 1.080989 6.963856 0.2074693 1.421462 6.899122  A_Kick_Close
0.02077623 0.0043751 7.057909 -0.01349728 0.09417713 7.127566 -0.2606249 0.3048459 7.206449 -0.1478587 0.3967972 6.934537 0.0961584 0.0979079 7.043311 0.3522454 0.2466013 6.849767 0.3716002 0.4185165 6.594473 0.03921922 0.2365555 7.088964 -0.02568094 0.6888105 7.138801 -0.1549236 1.071618 7.05319 -0.1817758 1.416955 7.079566 0.1339496 0.6758773 7.044714 0.1747351 1.078839 6.964953 0.20299 1.420432 6.903603  A_Kick_Close
0.02103235 -0.003248811 7.054598 -0.003772063 0.08681238 7.127852 -0.2434122 0.2948705 7.246964 -0.1733497 0.4241366 6.975875 0.096074 0.08887279 7.032125 0.3605315 0.2284192 6.84296 0.4420401 0.4244366 6.619268 0.04650601 0.2283729 7.083428 -0.008207424 0.6824282 7.134196 -0.1383366 1.05978 7.028144 -0.119325 1.40632 7.043052 0.139661 0.6653541 7.023088 0.1722906 1.071793 6.958698 0.1923941 1.415751 6.908333  A_Kick_Close
0.008234816 -0.01194823 7.05963 -0.004299087 0.08035505 7.134102 -0.2340761 0.2907466 7.276146 -0.2233456 0.4279886 7.00018 0.08608188 0.07465196 7.029526 0.3757275 0.1928506 6.881872 0.5210215 0.4057559 6.712564 0.04995491 0.2177838 7.082038 0.01706214 0.6751273 7.123703 -0.08398484 1.058192 7.006974 -0.02991323 1.40098 6.991265 0.1466535 0.648722 6.99328 0.1602625 1.055498 6.924349 0.189675 1.401127 6.893962  A_Kick_Close
-0.007603092 -0.01406944 7.06828 -0.01361625 0.0804987 7.141783 -0.240594 0.2972949 7.27878 -0.2702784 0.4122949 6.994173 0.07430853 0.06680155 7.035864 0.3775025 0.16431 6.925175 0.545358 0.381267 6.784254 0.04813381 0.2130558 7.085603 0.03585615 0.6723633 7.115319 -0.04271976 1.060516 6.998108 0.008570151 1.402425 6.964325 0.154423 0.6369714 6.976788 0.1519987 1.041278 6.893517 0.1944408 1.386077 6.869856  A_Kick_Close
-0.04521159 -0.006149173 7.087322 -0.04087738 0.09227049 7.158195 -0.263466 0.3231431 7.27363 -0.3635481 0.374826 6.986541 0.04552396 0.06209207 7.054458 0.3576309 0.1215113 7.002679 0.5493069 0.3370869 6.89363 0.03915234 0.2125667 7.097657 0.07708247 0.6716203 7.101416 0.02482017 1.063838 6.983059 0.05417039 1.404305 6.920651 0.1788301 0.6160172 6.956305 0.1312105 1.003256 6.821464 0.2098288 1.342196 6.807811  A_Kick_Close
-0.09255295 0.02279687 7.104465 -0.07799958 0.1237966 7.173068 -0.2906744 0.3693806 7.273127 -0.4508719 0.3631891 7.009676 0.006767826 0.07638776 7.074558 0.3217802 0.09735465 7.053218 0.5366436 0.2925816 6.949177 0.02299126 0.2274083 7.113016 0.1308355 0.6753441 7.08873 0.07119747 1.067528 6.973795 0.07031794 1.406446 6.897588 0.2190535 0.5944057 6.946715 0.1113636 0.9295458 6.731106 0.2313052 1.256387 6.725027  A_Kick_Close
-0.1279102 0.05752385 7.114423 -0.1058054 0.1589442 7.182465 -0.3020376 0.4175719 7.289001 -0.4854652 0.3969829 7.041943 -0.02445446 0.1013159 7.086557 0.2950498 0.09534764 7.061177 0.5268936 0.2638122 6.94728 0.007821755 0.2498727 7.124485 0.1726354 0.6795714 7.08045 0.09633978 1.070504 6.971245 0.07484592 1.408069 6.892115 0.2515168 0.5782998 6.946198 0.09862907 0.843487 6.669243 0.2560075 1.153925 6.658854  A_Kick_Close
-0.1555715 0.09147429 7.121907 -0.1265684 0.1920176 7.190381 -0.2976436 0.4635549 7.31567 -0.4808267 0.4533675 7.067783 -0.0505477 0.1285988 7.093757 0.2711514 0.1030569 7.05075 0.5139292 0.245528 6.924793 -0.00586514 0.2736082 7.13281 0.2030605 0.6825649 7.072972 0.1148526 1.073244 6.972155 0.07523592 1.409141 6.892925 0.2719097 0.5658095 6.94597 0.09004922 0.7637674 6.632692 0.2982613 1.040529 6.59666  A_Kick_Close
-0.1748725 0.1164613 7.127495 -0.1401012 0.2156088 7.196478 -0.2856935 0.4950137 7.341821 -0.4597541 0.503304 7.087377 -0.06955807 0.1493243 7.097649 0.2512192 0.1111916 7.036953 0.499627 0.2343996 6.90198 -0.01604597 0.291047 7.137655 0.2210959 0.6829576 7.066597 0.1285207 1.074371 6.972787 0.07560338 1.408513 6.893903 0.2808265 0.5570423 6.943799 0.08926083 0.717652 6.615302 0.3427665 0.9471402 6.549591  A_Kick_Close
-0.1888967 0.1335689 7.133101 -0.149139 0.2310947 7.202458 -0.2699088 0.5142989 7.366533 -0.430117 0.5435021 7.10464 -0.08396779 0.1637175 7.100721 0.234035 0.1177845 7.024506 0.4855321 0.2272974 6.883578 -0.02394722 0.302658 7.141249 0.2303658 0.682263 7.06199 0.1385004 1.075033 6.973295 0.07567807 1.407433 6.894315 0.2824429 0.5515141 6.94077 0.09751768 0.6981785 6.602102 0.3854366 0.8703336 6.508758  A_Kick_Close
-0.2048583 0.1538237 7.141016 -0.1585452 0.2488803 7.210504 -0.2464666 0.5326587 7.39709 -0.3872505 0.5870113 7.128142 -0.1007475 0.1807518 7.104886 0.2120117 0.1258557 7.010595 0.4666761 0.2201145 6.864425 -0.03274463 0.3159256 7.145543 0.2394701 0.680833 7.056377 0.1480326 1.074838 6.972869 0.07506956 1.405324 6.89458 0.2818802 0.5456742 6.936232 0.1188094 0.6823044 6.582475 0.4317994 0.7764654 6.462396  A_Kick_Close
-0.2287123 0.1852711 7.157397 -0.1704794 0.2749567 7.225903 -0.1987538 0.549525 7.446207 -0.3030045 0.640484 7.170588 -0.1270571 0.2072885 7.113329 0.1729505 0.1388968 6.992278 0.4329396 0.2112094 6.84301 -0.04595868 0.3354696 7.152598 0.2477569 0.6790108 7.047654 0.1547536 1.073829 6.969913 0.07033534 1.402084 6.893783 0.2740728 0.5404112 6.926827 0.1899955 0.6649846 6.542359 0.5002821 0.6277425 6.388791  A_Kick_Close
-0.2439711 0.2061741 7.1725 -0.1768738 0.2911339 7.238945 -0.1658963 0.5542969 7.475368 -0.2552073 0.661361 7.200289 -0.1446659 0.2247219 7.121943 0.1440737 0.1449208 6.987904 0.4097645 0.2047219 6.843208 -0.05457113 0.347471 7.158889 0.2496571 0.6789126 7.045702 0.1543917 1.073358 6.968814 0.06697007 1.400998 6.893425 0.2659384 0.5406016 6.922793 0.2469431 0.6381795 6.522142 0.5334355 0.5584661 6.340991  A_Kick_Close
-0.2650595 0.2436408 7.197078 -0.1840882 0.3197758 7.258256 -0.1121207 0.5582617 7.510614 -0.1910731 0.6814899 7.239157 -0.1708393 0.2569457 7.135724 0.09623446 0.1582506 6.981798 0.3695112 0.1966156 6.84413 -0.06692497 0.36992 7.167157 0.2515869 0.6824645 7.041385 0.1504771 1.075885 6.966739 0.06094243 1.403605 6.894237 0.2529683 0.5459778 6.915405 0.3333269 0.5670907 6.511053 0.573608 0.4540426 6.285813  A_Kick_Close
-0.2730984 0.2705029 7.215382 -0.1831615 0.339793 7.271398 -0.07250701 0.5590616 7.527381 -0.1562299 0.690452 7.261234 -0.1833387 0.2803688 7.146474 0.06604226 0.1684734 6.978966 0.3427732 0.1917577 6.844868 -0.0705611 0.3859193 7.172736 0.256204 0.6859019 7.039063 0.149163 1.078101 6.966284 0.06122221 1.406826 6.896428 0.2488537 0.5511742 6.911408 0.3676428 0.511308 6.518085 0.5583661 0.4103212 6.244819  A_Kick_Close
-0.2784989 0.2905029 7.227509 -0.1830413 0.3550123 7.279391 -0.04905133 0.5630816 7.533474 -0.1431081 0.6986154 7.272914 -0.1919575 0.2977314 7.153786 0.04433366 0.1771425 6.975449 0.3210813 0.1917812 6.840168 -0.07354455 0.3979243 7.175903 0.2584616 0.6891552 7.037066 0.1458387 1.079929 6.96505 0.06189682 1.41002 6.896732 0.2470285 0.55474 6.909381 0.4059505 0.4741739 6.537015 0.559701 0.3995737 6.233629  A_Kick_Close
-0.2822711 0.3080083 7.236163 -0.1830048 0.3689311 7.284738 -0.03232233 0.5714142 7.53366 -0.1355823 0.7069365 7.276603 -0.1980135 0.3125352 7.159312 0.02876087 0.1860462 6.972196 0.3038662 0.1953017 6.833142 -0.07543401 0.4083396 7.177891 0.2608767 0.691774 7.034419 0.1430755 1.080981 6.9622 0.06260993 1.412046 6.894411 0.2474234 0.5563912 6.907959 0.4397307 0.4463381 6.559664 0.5644093 0.4045831 6.237236  A_Kick_Close
-0.2866096 0.3256571 7.241983 -0.184623 0.3838731 7.287969 -0.0218945 0.5876145 7.527444 -0.1352896 0.7174429 7.271722 -0.2036007 0.3265725 7.163495 0.01690199 0.195991 6.968077 0.2879606 0.2039666 6.821217 -0.07757537 0.4183819 7.178925 0.2630726 0.6935653 7.030828 0.1395992 1.080636 6.95663 0.06267978 1.412419 6.88824 0.2498546 0.5552814 6.907522 0.4793813 0.4260211 6.589697 0.5929707 0.4405643 6.26086  A_Kick_Close
-0.2887918 0.3353281 7.243406 -0.1864372 0.3934791 7.288986 -0.02211462 0.6067349 7.518013 -0.1403224 0.725184 7.258968 -0.2051213 0.3332551 7.165855 0.01658197 0.2020558 6.967726 0.2829407 0.2126319 6.81266 -0.07798706 0.4237233 7.180061 0.2651238 0.6941025 7.029477 0.1395492 1.080184 6.953669 0.06257196 1.411808 6.884576 0.2534693 0.5529562 6.909297 0.4770406 0.4390441 6.581511 0.5967587 0.432982 6.254588  A_Kick_Close
-0.2918417 0.3497959 7.239554 -0.1906882 0.4103571 7.285919 -0.03191046 0.651882 7.48612 -0.1582769 0.7369704 7.21798 -0.2050058 0.3413367 7.166888 0.02538426 0.2120017 6.967382 0.2774867 0.2354759 6.791321 -0.0772395 0.4310912 7.179899 0.2703621 0.6933833 7.026762 0.1430997 1.078339 6.948097 0.06326266 1.409007 6.877681 0.2637302 0.546163 6.913697 0.4445744 0.4854041 6.547627 0.6177817 0.4303507 6.250615  A_Kick_Close
-0.2916356 0.354458 7.225882 -0.1937826 0.4198965 7.274128 -0.05006496 0.6907265 7.441059 -0.1822575 0.7380739 7.166485 -0.2006011 0.3412846 7.160502 0.04201229 0.2171909 6.964887 0.2723465 0.2613838 6.764643 -0.07425235 0.4329942 7.173721 0.2763496 0.6920357 7.023368 0.1505726 1.077308 6.94387 0.06631203 1.406746 6.872843 0.2761262 0.5405688 6.915854 0.4105261 0.5280348 6.525748 0.651529 0.4562327 6.284895  A_Kick_Close
-0.2849877 0.350979 7.205118 -0.1919491 0.4225597 7.255432 -0.07067744 0.7190392 7.385677 -0.2096942 0.7267934 7.110501 -0.1895234 0.3348726 7.148463 0.06528999 0.2170069 6.960338 0.2579748 0.2839581 6.729049 -0.06600372 0.4302281 7.16259 0.2866652 0.6905435 7.021043 0.1633399 1.076615 6.94158 0.0748287 1.404785 6.869857 0.294615 0.5364841 6.917583 0.3630997 0.5701704 6.511899 0.6570047 0.5056919 6.336657  A_Kick_Close
-0.2786205 0.3422815 7.186906 -0.1895451 0.4179655 7.23882 -0.08848302 0.7272036 7.34842 -0.2345753 0.7105042 7.077337 -0.1803899 0.3260607 7.13583 0.08194144 0.2120692 6.954341 0.23193 0.2959666 6.698277 -0.05975006 0.4248222 7.151373 0.2928898 0.6906997 7.021465 0.1708941 1.077079 6.941448 0.08208807 1.405074 6.869289 0.3082353 0.5364088 6.919189 0.3302344 0.5962686 6.511345 0.6558259 0.5617171 6.392837  A_Kick_Close
-0.2630827 0.3165667 7.15055 -0.1822917 0.3990574 7.205861 -0.1203647 0.722213 7.287594 -0.2773151 0.6656934 7.028211 -0.1605231 0.3032354 7.108488 0.1139967 0.1998621 6.937372 0.1519082 0.3007478 6.648427 -0.04678706 0.4092361 7.127914 0.2999958 0.6934047 7.025048 0.177504 1.079221 6.943094 0.09299846 1.408571 6.871953 0.3318387 0.5410237 6.923719 0.2721054 0.6403599 6.527527 0.6062656 0.7382293 6.530064  A_Kick_Close
-0.255544 0.2962308 7.134951 -0.1790851 0.3812866 7.19234 -0.1337671 0.7070854 7.27153 -0.2893532 0.638972 7.014117 -0.1514063 0.286097 7.095851 0.1283613 0.1918145 6.927395 0.1069524 0.2981708 6.638718 -0.04202847 0.3960901 7.117929 0.2970731 0.6938869 7.02894 0.1760343 1.079304 6.943047 0.09714164 1.409865 6.871078 0.3382429 0.5436249 6.927807 0.2656068 0.6766214 6.543828 0.5560142 0.8611203 6.597416  A_Kick_Close
-0.2374157 0.2522569 7.10766 -0.1696576 0.3415035 7.169017 -0.1510734 0.6693934 7.252391 -0.2919521 0.5886635 6.990201 -0.1310499 0.2496026 7.073096 0.1576038 0.1799794 6.907462 0.03850182 0.287485 6.644096 -0.03134982 0.367402 7.100163 0.284919 0.69497 7.035955 0.1728515 1.081408 6.942783 0.1064335 1.414271 6.868859 0.3451712 0.5511864 6.934973 0.2621687 0.7689701 6.594261 0.4345723 1.049852 6.706646  A_Kick_Close
-0.2197279 0.2154214 7.088439 -0.15931 0.3075175 7.152761 -0.1583785 0.6352332 7.24457 -0.2779911 0.5527269 6.972553 -0.1123279 0.2195916 7.05685 0.1817283 0.1766574 6.893077 0.009793775 0.2799537 6.658828 -0.02158414 0.3436099 7.087419 0.2692076 0.6963226 7.040865 0.1692694 1.085175 6.94401 0.1132274 1.419676 6.868896 0.345014 0.5604122 6.939459 0.2588485 0.8434172 6.651557 0.3637913 1.157896 6.758037  A_Kick_Close
-0.2077496 0.194404 7.077304 -0.151813 0.287971 7.14329 -0.1607188 0.6149516 7.240764 -0.2659141 0.5336078 6.962511 -0.1000207 0.2027627 7.047403 0.1961307 0.1771704 6.885135 0.0001802613 0.2754019 6.668205 -0.01496242 0.3302799 7.079865 0.2587012 0.697247 7.043143 0.1670978 1.087961 6.945539 0.1174489 1.423493 6.870525 0.3434189 0.5669211 6.941459 0.2539662 0.8818788 6.690056 0.3279532 1.209586 6.78161  A_Kick_Close
-0.1936253 0.1708456 7.06626 -0.1430315 0.2658701 7.134088 -0.1634269 0.5912603 7.23813 -0.2514672 0.5121078 6.953365 -0.08577578 0.1843004 7.038142 0.2112294 0.1807268 6.877435 -0.004494471 0.2733079 6.677444 -0.007784052 0.3157161 7.072734 0.2444283 0.6982782 7.046736 0.1637605 1.090889 6.947115 0.1220421 1.427224 6.870879 0.3389438 0.5751778 6.944684 0.2552831 0.9180382 6.730556 0.3054409 1.255841 6.798535  A_Kick_Close
-0.1769852 0.1471542 7.054053 -0.1322147 0.2434283 7.123779 -0.1649411 0.5663863 7.234739 -0.2345937 0.4905323 6.944046 -0.06929867 0.1661128 7.027857 0.2268422 0.1864616 6.869152 -0.007268531 0.2701277 6.686679 0.0008112956 0.3013126 7.064667 0.228762 0.6990202 7.049841 0.1608526 1.09388 6.949598 0.1283735 1.431185 6.87315 0.3332031 0.5843621 6.94763 0.2542056 0.9515515 6.776356 0.2785884 1.296304 6.818769  A_Kick_Close
-0.149106 0.1145445 7.036851 -0.1137801 0.211947 7.109494 -0.1676118 0.529217 7.228914 -0.2122911 0.4557791 6.932741 -0.04226367 0.1425693 7.013528 0.247862 0.2015698 6.856762 -0.006591661 0.2694052 6.696275 0.01449008 0.2828439 7.054167 0.2030698 0.7005334 7.055921 0.1545397 1.097986 6.954673 0.1362756 1.436219 6.877611 0.3213347 0.5999105 6.95399 0.2611128 0.9909474 6.836232 0.2572432 1.33911 6.840162  A_Kick_Close
-0.1284546 0.09482408 7.024065 -0.09990983 0.1924648 7.098644 -0.1690416 0.5046679 7.22227 -0.1980975 0.4316983 6.924044 -0.02264915 0.1293088 7.002835 0.2602324 0.2149054 6.847304 -0.005398495 0.2682854 6.700012 0.02423383 0.2723683 7.046255 0.1845627 0.7013211 7.059068 0.1490053 1.100366 6.958703 0.1406298 1.439201 6.882578 0.3114211 0.6109668 6.957852 0.2682767 1.013686 6.878105 0.2513557 1.361199 6.864093  A_Kick_Close
-0.1022584 0.07641435 7.011487 -0.08169089 0.1737332 7.088131 -0.1691283 0.4790998 7.21347 -0.1831006 0.4034172 6.914832 0.001896339 0.1184878 6.992745 0.2732622 0.2337167 6.837893 -0.001267357 0.2678167 6.701602 0.03687103 0.2638671 7.039554 0.1650249 0.7029356 7.064195 0.1421005 1.103167 6.964876 0.1440409 1.442425 6.890215 0.3005128 0.6242954 6.964394 0.2703213 1.032281 6.909262 0.2421157 1.377689 6.875414  A_Kick_Close
-0.07639603 0.0624994 6.999539 -0.063466 0.1589496 7.078004 -0.1707036 0.4563099 7.202881 -0.1706138 0.3772944 6.90478 0.02573957 0.1116616 6.983434 0.2836319 0.2532784 6.829306 0.003861146 0.2660908 6.700198 0.0492362 0.2582501 7.033525 0.1482131 0.7041892 7.068694 0.1287314 1.104673 6.96966 0.1418134 1.445536 6.903971 0.2906775 0.6361521 6.970835 0.2673827 1.046082 6.928191 0.2342184 1.389909 6.884249  A_Kick_Close
-0.03618173 0.04684043 6.981234 -0.03515266 0.140913 7.062168 -0.1718464 0.4240848 7.180722 -0.1512447 0.337038 6.885585 0.06195237 0.1066124 6.969802 0.2948288 0.2849786 6.816991 0.01339229 0.2609812 6.693209 0.06752826 0.2531917 7.024873 0.1242346 0.705421 7.075103 0.09796371 1.105124 6.974496 0.1293268 1.44839 6.931384 0.2756226 0.6526084 6.981327 0.2597745 1.063361 6.943448 0.2313349 1.407536 6.898923  A_Kick_Close
-0.009286983 0.04035163 6.969095 -0.01665489 0.1321166 7.051433 -0.1738943 0.4037563 7.160697 -0.1380672 0.3098278 6.869147 0.08554812 0.1069505 6.961664 0.2994803 0.3068483 6.810154 0.02201458 0.2550566 6.685917 0.07886203 0.2522289 7.019964 0.1099289 0.7062111 7.079986 0.0742888 1.105316 6.979885 0.1137665 1.449483 6.954111 0.2664171 0.662403 6.99002 0.2528986 1.0724 6.943941 0.2320867 1.41772 6.904337  A_Kick_Close
0.03315725 0.036713 6.948724 0.0102935 0.1234252 7.032396 -0.1810375 0.3715882 7.113473 -0.1112183 0.2654725 6.832453 0.1215099 0.1134801 6.950731 0.3033732 0.3424033 6.804317 0.04408105 0.2401845 6.67232 0.09384067 0.2545284 7.013094 0.08684923 0.708128 7.089119 0.02921887 1.107358 7.000414 0.06005903 1.453276 7.00839 0.2515549 0.676896 7.00913 0.2416807 1.082217 6.931534 0.2357024 1.428962 6.900229  A_Kick_Close
0.05979909 0.04014659 6.937029 0.02327796 0.1228269 7.019417 -0.1909114 0.3505535 7.059143 -0.08121042 0.2326359 6.796143 0.1430358 0.1218324 6.950175 0.309648 0.3637999 6.813167 0.07826401 0.224611 6.664196 0.09982343 0.2592906 7.011717 0.06755759 0.7111054 7.094986 -0.008385463 1.114066 7.045694 -0.03311179 1.45977 7.069175 0.2392865 0.6869262 7.028457 0.2370666 1.087368 6.928234 0.2392078 1.434244 6.897893  A_Kick_Close
0.07684113 0.04608369 6.936865 0.02832706 0.1257136 7.015625 -0.1962718 0.3358406 7.004028 -0.04272996 0.202224 6.772341 0.1556553 0.129451 6.961674 0.3227454 0.3753974 6.836347 0.1236513 0.2115018 6.667219 0.1003478 0.2648118 7.017958 0.04454179 0.7147484 7.098438 -0.03947667 1.118517 7.120495 -0.1002812 1.460479 7.114292 0.2222082 0.6972245 7.047163 0.2303776 1.09306 6.930326 0.2386378 1.439444 6.895714  A_Kick_Close
0.08366747 0.05210721 6.94325 0.02570535 0.1289647 7.017112 -0.1952475 0.3259847 6.956895 -0.005462511 0.1762612 6.765395 0.1583709 0.136014 6.978545 0.3397308 0.379838 6.866834 0.1692845 0.2057056 6.677809 0.09332295 0.2698946 7.027474 0.01730325 0.7181224 7.100043 -0.06462173 1.115658 7.176389 -0.06949376 1.462668 7.161096 0.1989412 0.7061751 7.063077 0.2187224 1.096941 6.931493 0.2342647 1.442447 6.891103  A_Kick_Close
0.08594032 0.05461526 6.94762 0.02418335 0.1301547 7.018763 -0.1906814 0.3229924 6.938941 0.01148625 0.1663738 6.766586 0.1586106 0.1389468 6.98731 0.3500551 0.3799021 6.882593 0.1911312 0.2050849 6.684385 0.08924575 0.2720052 7.032403 0.005235331 0.7194839 7.101112 -0.07655232 1.115994 7.18275 -0.07990997 1.463286 7.17558 0.1882044 0.7095166 7.070706 0.2136781 1.097778 6.932839 0.2328963 1.442644 6.88872  A_Kick_Close
0.08705457 0.0567857 6.953563 0.0219046 0.1312593 7.021492 -0.1839996 0.3224715 6.925371 0.02666225 0.1591932 6.770227 0.1576634 0.1418325 6.997099 0.360937 0.3783661 6.899474 0.2127041 0.2050731 6.691866 0.08419122 0.2740541 7.037948 -0.006425066 0.720947 7.102757 -0.08734302 1.118515 7.180002 -0.1092594 1.465203 7.178992 0.1776148 0.7123614 7.079153 0.2091777 1.098264 6.936022 0.2323113 1.442268 6.887299  A_Kick_Close
0.08567239 0.05764508 6.957939 0.01890095 0.1320454 7.023695 -0.1809369 0.3240584 6.920519 0.03213717 0.1566447 6.773279 0.1552376 0.1432018 7.003078 0.3653383 0.3766013 6.909138 0.2230993 0.2038192 6.696961 0.07999553 0.275221 7.041274 -0.01326971 0.7218983 7.103738 -0.09220092 1.11996 7.180494 -0.1174882 1.466413 7.182673 0.1712527 0.7138649 7.084028 0.2064133 1.098844 6.939259 0.2318143 1.442292 6.887815  A_Kick_Close
0.08184035 0.05862021 6.965518 0.01309808 0.1334045 7.02796 -0.1773669 0.3275149 6.916174 0.03708704 0.1533816 6.77908 0.1500855 0.1448683 7.012459 0.3695452 0.3734323 6.923726 0.2360827 0.2000949 6.706363 0.07302596 0.2769264 7.046691 -0.02303456 0.7233825 7.105608 -0.09922914 1.122207 7.18116 -0.128869 1.468244 7.188483 0.1620159 0.7160456 7.091323 0.2023222 1.099377 6.943553 0.2309981 1.441765 6.887023  A_Kick_Close
0.07632549 0.05903268 6.973238 0.006332593 0.1347399 7.032686 -0.1756422 0.3316534 6.915201 0.03767677 0.1508257 6.785186 0.1437413 0.145792 7.021112 0.3705435 0.36996 6.936388 0.2444089 0.1944478 6.716411 0.06600733 0.2783054 7.051886 -0.0312175 0.7246886 7.107635 -0.105379 1.124312 7.180954 -0.138932 1.469848 7.193341 0.1541353 0.7178367 7.097689 0.198925 1.099918 6.947984 0.2305126 1.441298 6.88708  A_Kick_Close
0.0694318 0.05894184 6.981296 -0.001263959 0.1360582 7.03801 -0.1754623 0.3359509 6.916451 0.03457494 0.1477981 6.791589 0.1364467 0.1460147 7.029412 0.3687285 0.3662126 6.947352 0.2486304 0.1858217 6.727943 0.05902149 0.2793757 7.057155 -0.03796212 0.7258288 7.110039 -0.1109052 1.126762 7.177169 -0.1504301 1.47132 7.196949 0.1475534 0.7192602 7.103527 0.1966613 1.099998 6.951768 0.2310397 1.440338 6.886692  A_Kick_Close
0.05820485 0.05866325 6.993488 -0.01320664 0.138079 7.0461 -0.1756511 0.3421497 6.919133 0.02804269 0.1428326 6.801281 0.1248253 0.1461262 7.041663 0.3646834 0.3602774 6.963319 0.2526866 0.1716046 6.746608 0.04836603 0.2808819 7.064993 -0.04766099 0.7274519 7.113737 -0.1187236 1.130215 7.17124 -0.164648 1.473106 7.202711 0.1379747 0.7212659 7.112096 0.1936363 1.099877 6.957309 0.2322825 1.438515 6.886047  A_Kick_Close
0.04794635 0.0582813 7.003863 -0.02373646 0.1397851 7.053047 -0.1763919 0.3470873 6.922213 0.02073457 0.1384033 6.809519 0.114455 0.1460086 7.051769 0.360172 0.354931 6.976089 0.253831 0.1587812 6.763201 0.03923895 0.2820281 7.071533 -0.05545811 0.7287035 7.11694 -0.124827 1.132823 7.166438 -0.1739302 1.474258 7.207487 0.1301819 0.7228034 7.11906 0.1913178 1.099543 6.961792 0.2335932 1.436624 6.885392  A_Kick_Close
0.03799411 0.05777705 7.013436 -0.03365521 0.1412646 7.059555 -0.1777726 0.3512812 6.925813 0.01262327 0.1343589 6.817177 0.1046047 0.1457281 7.060784 0.3553987 0.3496459 6.986895 0.252984 0.1468824 6.778321 0.03078874 0.2829269 7.07743 -0.06234036 0.7296995 7.119895 -0.1299959 1.134837 7.163038 -0.1802896 1.475123 7.211512 0.1232484 0.7240417 7.12503 0.1891267 1.099075 6.965613 0.2346522 1.434651 6.884595  A_Kick_Close
0.03025283 0.05724061 7.020651 -0.04116688 0.142229 7.064609 -0.1796093 0.3541176 6.929198 0.005753117 0.1316248 6.823154 0.09710868 0.1453499 7.067328 0.3517996 0.3453262 6.994453 0.2514232 0.1387949 6.788604 0.02447649 0.2834233 7.081809 -0.06727289 0.730276 7.122174 -0.1335652 1.136084 7.160901 -0.1840473 1.475615 7.214234 0.1182625 0.7247785 7.129097 0.1873272 1.098689 6.968396 0.2351747 1.433151 6.884173  A_Kick_Close
0.01692893 0.0560832 7.032863 -0.05377124 0.1435643 7.073475 -0.1842081 0.3583204 6.936072 -0.006872458 0.1277007 6.833729 0.08449061 0.1444334 7.077964 0.3459857 0.3374792 7.006417 0.2477413 0.1271906 6.803362 0.01401361 0.2839242 7.089129 -0.07513706 0.7309185 7.12608 -0.139128 1.137696 7.157888 -0.1890462 1.476163 7.218075 0.1103155 0.7256636 7.135096 0.1840728 1.098024 6.972889 0.2355956 1.430674 6.883798  A_Kick_Close
0.003865557 0.05425835 7.045111 -0.06560068 0.1440806 7.083194 -0.1922976 0.3612782 6.945274 -0.02044914 0.1253822 6.845632 0.07265861 0.1428628 7.087682 0.3416249 0.3286109 7.016582 0.2438652 0.1212825 6.810276 0.004379885 0.2836221 7.096295 -0.08184926 0.7308201 7.129934 -0.1440113 1.138303 7.155788 -0.192766 1.476253 7.219712 0.1036142 0.7257441 7.138826 0.1806124 1.097469 6.976668 0.2351754 1.428652 6.883994  A_Kick_Close
-0.005063279 0.05217659 7.054265 -0.07320367 0.1435685 7.091337 -0.2018561 0.3622561 6.954447 -0.03071324 0.1253593 6.85597 0.06508626 0.1410406 7.093939 0.3400147 0.3210794 7.021754 0.2419739 0.1232114 6.806485 -0.001690133 0.282585 7.101387 -0.08558957 0.7300153 7.132582 -0.1473227 1.137773 7.154878 -0.1952749 1.475884 7.218563 0.09997661 0.7250004 7.13903 0.1781344 1.097178 6.978473 0.2343604 1.427678 6.884366  A_Kick_Close
-0.00827126 0.05077672 7.058235 -0.07557355 0.1427604 7.095454 -0.20821 0.3619032 6.960117 -0.0351979 0.1264833 6.861366 0.06273217 0.1398348 7.09593 0.3406144 0.3169564 7.021839 0.2418636 0.1280459 6.798981 -0.003509922 0.2816306 7.103368 -0.08634572 0.7292104 7.133612 -0.1488709 1.136897 7.15499 -0.1968965 1.475344 7.216802 0.09929384 0.7241911 7.137395 0.1771628 1.097155 6.978531 0.233711 1.427639 6.884562  A_Kick_Close
