-0.03669612 0.001414895 2.538951 -0.1064585 0.09303176 2.573616 -0.3576117 0.3002059 2.650566 -0.515421 0.5055305 2.483097 0.03183498 0.09231353 2.5702 0.2865026 0.3103036 2.660877 0.4190856 0.5505487 2.520135 -0.03693936 0.2326341 2.558816 -0.1282688 0.6783187 2.526618 -0.1815188 1.084213 2.471948 -0.2168239 1.428407 2.440997 0.0574698 0.6772084 2.525394 0.0991322 1.076699 2.430132 0.1319621 1.418058 2.369764  S_DodgingRight_SoClose
-0.03919969 0.002146482 2.541078 -0.1091665 0.09392726 2.574885 -0.3601262 0.3004726 2.651668 -0.5181285 0.5057647 2.484342 0.0291387 0.09331214 2.571963 0.2839516 0.3115925 2.661926 0.4165369 0.5508516 2.519516 -0.03971974 0.2334895 2.559384 -0.1293363 0.679536 2.525339 -0.1827284 1.085053 2.46807 -0.2179331 1.429566 2.440764 0.05639692 0.6774452 2.524748 0.09664233 1.077224 2.430087 0.1288396 1.418804 2.370635  S_DodgingRight_SoClose
-0.04131715 0.003025532 2.543279 -0.1116066 0.09485793 2.576284 -0.3626767 0.3003179 2.653322 -0.5210377 0.5050201 2.485613 0.02670933 0.09451687 2.573867 0.2815509 0.3132523 2.663249 0.4132694 0.5513701 2.518147 -0.04239516 0.2344706 2.560195 -0.1306814 0.6808114 2.524483 -0.184275 1.085712 2.46318 -0.219345 1.430479 2.439099 0.05504097 0.6778654 2.524266 0.09411342 1.077787 2.429718 0.1260519 1.419564 2.371268  S_DodgingRight_SoClose
-0.04487417 0.005031705 2.547824 -0.1160248 0.09676039 2.579311 -0.3678329 0.2991982 2.657664 -0.5272219 0.5016292 2.488182 0.02230485 0.09727824 2.577932 0.278147 0.3162674 2.666212 0.408171 0.5504564 2.513392 -0.04757706 0.2366329 2.562242 -0.1339894 0.6834062 2.523447 -0.1882228 1.086502 2.451701 -0.2229139 1.431676 2.433669 0.05170508 0.6790333 2.52356 0.0890512 1.078938 2.428246 0.1214039 1.421041 2.371968  S_DodgingRight_SoClose
-0.04826341 0.008184075 2.554285 -0.1209513 0.09950197 2.583632 -0.3744028 0.2962615 2.66536 -0.5356275 0.493327 2.491351 0.0173697 0.1016201 2.583877 0.2752152 0.3205562 2.670946 0.4006504 0.5455693 2.501419 -0.05392341 0.2399169 2.56542 -0.1399651 0.6866857 2.521945 -0.1968238 1.086308 2.434518 -0.2313968 1.43191 2.428345 0.04570605 0.6814396 2.522435 0.08338095 1.080383 2.423297 0.1192668 1.42272 2.370708  S_DodgingRight_SoClose
-0.05303333 0.01236725 2.562415 -0.1273234 0.1035494 2.588487 -0.3836743 0.2929721 2.67196 -0.5484151 0.4828415 2.493305 0.01093747 0.1069152 2.591629 0.271973 0.3248733 2.676892 0.3926567 0.5353982 2.486579 -0.06113116 0.2442044 2.569108 -0.1471464 0.6904113 2.518383 -0.2096944 1.085433 2.415327 -0.2461724 1.43078 2.424177 0.03849866 0.6849797 2.521202 0.07879086 1.081807 2.414861 0.1204699 1.424126 2.366612  S_DodgingRight_SoClose
-0.06530772 0.01933396 2.575899 -0.1408232 0.1114571 2.594933 -0.4030677 0.2919296 2.670464 -0.5720547 0.4709646 2.484729 -0.002888842 0.1147662 2.604955 0.2632565 0.3314826 2.683815 0.3812136 0.5187973 2.469097 -0.07332174 0.2512747 2.574068 -0.1556531 0.6963022 2.508931 -0.2308526 1.084547 2.389826 -0.2748894 1.427588 2.42234 0.02972289 0.6903927 2.519047 0.07462515 1.083443 2.401153 0.1237228 1.42557 2.358886  S_DodgingRight_SoClose
-0.07556365 0.02352285 2.583801 -0.1508528 0.1167924 2.597812 -0.4169813 0.2944049 2.662322 -0.5852041 0.4673901 2.470267 -0.01336436 0.11901 2.612953 0.2560267 0.3350496 2.685465 0.3749233 0.5112472 2.462032 -0.08115594 0.2554307 2.576305 -0.158664 0.6997172 2.501836 -0.2432763 1.084566 2.378116 -0.2943092 1.425114 2.423905 0.02631654 0.6930951 2.517325 0.07354338 1.084135 2.393788 0.1255992 1.426184 2.354539  S_DodgingRight_SoClose
-0.08857696 0.02779794 2.591484 -0.1627124 0.1226678 2.5998 -0.4326754 0.2996379 2.64763 -0.5960079 0.46674 2.446366 -0.02599482 0.122952 2.620906 0.2470438 0.3380088 2.68441 0.3687757 0.5066346 2.456702 -0.08966152 0.2595086 2.577915 -0.1598933 0.7030175 2.493757 -0.2559429 1.084975 2.369427 -0.3162336 1.42206 2.42784 0.0244561 0.6951838 2.515099 0.07334282 1.084616 2.387209 0.127282 1.426651 2.350451  S_DodgingRight_SoClose
-0.1122797 0.03507721 2.60279 -0.1831158 0.1327282 2.602161 -0.4566872 0.3125619 2.619277 -0.6009805 0.4680375 2.395415 -0.04819475 0.1292247 2.632514 0.2305088 0.3411092 2.681438 0.356223 0.5055844 2.452859 -0.1037595 0.2659487 2.579897 -0.1605834 0.7078786 2.481578 -0.2750222 1.085941 2.360964 -0.3506264 1.417 2.434158 0.02262904 0.6977203 2.510415 0.07439645 1.085327 2.378185 0.1307704 1.427323 2.344893  S_DodgingRight_SoClose
-0.1392206 0.04362965 2.613022 -0.2052065 0.1440651 2.6036 -0.4787201 0.3291032 2.585715 -0.5919292 0.4689353 2.335239 -0.0728402 0.1362545 2.643038 0.2116 0.342696 2.677147 0.341238 0.5089518 2.452075 -0.1187299 0.2727826 2.581365 -0.1603687 0.7125475 2.470063 -0.2933519 1.086925 2.357227 -0.384618 1.411584 2.44054 0.02164044 0.6996514 2.504818 0.07642473 1.086093 2.370413 0.1348934 1.428034 2.340315  S_DodgingRight_SoClose
-0.1703358 0.05315685 2.621279 -0.2294142 0.1567326 2.604659 -0.4976948 0.351082 2.548187 -0.5556698 0.4680151 2.268772 -0.09994082 0.1430218 2.651412 0.1895961 0.3421869 2.676305 0.3169815 0.5171944 2.456647 -0.1346239 0.2795122 2.582733 -0.1604577 0.7167475 2.461675 -0.3089063 1.088918 2.361542 -0.4136745 1.410494 2.440829 0.02100201 0.7004097 2.497828 0.0787514 1.086982 2.365047 0.1397705 1.428862 2.339694  S_DodgingRight_SoClose
-0.1994226 0.06296802 2.626878 -0.2516523 0.1690331 2.60494 -0.5107674 0.3698995 2.512426 -0.5112368 0.4611605 2.217844 -0.1251724 0.1497676 2.65756 0.1670011 0.343361 2.678101 0.2904108 0.5267926 2.463096 -0.1495198 0.2859612 2.584022 -0.1611372 0.7207612 2.456379 -0.3199417 1.091527 2.367563 -0.4344864 1.411823 2.43802 0.01998438 0.7009502 2.492491 0.08121927 1.087475 2.361144 0.1452595 1.429099 2.340171  S_DodgingRight_SoClose
-0.2449324 0.07956779 2.631319 -0.2859753 0.1889254 2.603851 -0.5223635 0.3953118 2.456063 -0.4267686 0.4395791 2.166219 -0.1645566 0.1605371 2.663758 0.1309453 0.3448346 2.688165 0.2503913 0.5391452 2.480607 -0.1732055 0.2961457 2.585752 -0.1636811 0.7274632 2.452949 -0.330611 1.098292 2.380874 -0.4548239 1.419271 2.42797 0.0171857 0.7015385 2.486365 0.08542402 1.087581 2.357066 0.155592 1.428356 2.343042  S_DodgingRight_SoClose
-0.2815835 0.09322143 2.628851 -0.3139879 0.2047446 2.599855 -0.5243463 0.4107101 2.410419 -0.3534219 0.4111122 2.153724 -0.1971319 0.1689304 2.664657 0.09586133 0.3496392 2.705644 0.2143566 0.5506676 2.504024 -0.1940602 0.3046283 2.586388 -0.1677327 0.7345031 2.455886 -0.334516 1.106866 2.391826 -0.460624 1.429189 2.421465 0.01271428 0.7027565 2.486424 0.08639933 1.086678 2.35384 0.1620048 1.426419 2.343475  S_DodgingRight_SoClose
-0.3256454 0.1118041 2.621331 -0.348116 0.2253908 2.592769 -0.5260139 0.4218599 2.3593 -0.2884164 0.3683885 2.170102 -0.2373391 0.1807585 2.66258 0.05136325 0.3557806 2.730111 0.1734476 0.5626226 2.536678 -0.221024 0.3167655 2.58652 -0.1739988 0.7452163 2.46229 -0.341973 1.117178 2.399013 -0.4691279 1.439815 2.419285 0.005429761 0.7059079 2.48989 0.08553483 1.086346 2.351134 0.1681366 1.424567 2.345473  S_DodgingRight_SoClose
-0.3901823 0.1441711 2.600702 -0.3993059 0.2601979 2.578438 -0.524376 0.442637 2.300588 -0.2464304 0.3232521 2.24058 -0.2982197 0.2015066 2.652425 -0.01392422 0.3549913 2.768769 0.1287289 0.5702935 2.600248 -0.2641668 0.3391026 2.585663 -0.1866521 0.7655144 2.477047 -0.3618179 1.130578 2.395684 -0.4875499 1.452803 2.427879 -0.00968842 0.7149397 2.502099 0.07913585 1.088511 2.350579 0.1711755 1.424329 2.352282  S_DodgingRight_SoClose
-0.4214136 0.1640186 2.586917 -0.4242953 0.2810335 2.570405 -0.5284359 0.465265 2.284904 -0.2563179 0.3208201 2.270939 -0.3281081 0.2141284 2.64395 -0.04247479 0.343436 2.784894 0.1200573 0.5645232 2.644153 -0.2857327 0.3527502 2.584472 -0.1939126 0.777774 2.485863 -0.3740278 1.136644 2.389192 -0.4961765 1.458689 2.434366 -0.01843522 0.7222673 2.510928 0.07593282 1.091439 2.352151 0.1716187 1.42621 2.356684  S_DodgingRight_SoClose
-0.4485737 0.1848077 2.57294 -0.4460414 0.3024 2.562896 -0.5366406 0.497511 2.279944 -0.2768204 0.3315115 2.286664 -0.3541428 0.2274936 2.634177 -0.06726943 0.3275665 2.79551 0.1167492 0.5515245 2.690228 -0.3046213 0.366873 2.5825 -0.2008691 0.790521 2.494591 -0.3851511 1.142667 2.382305 -0.5026853 1.464538 2.439389 -0.02675108 0.7310168 2.519962 0.07397266 1.095348 2.354067 0.1725109 1.429267 2.360048  S_DodgingRight_SoClose
-0.4681422 0.2013919 2.560701 -0.4617477 0.3191837 2.556753 -0.5480028 0.5342335 2.287243 -0.2995906 0.3514943 2.284933 -0.3726197 0.2376972 2.624232 -0.08534698 0.3107941 2.798445 0.1163323 0.5334914 2.728905 -0.3182159 0.3776678 2.579535 -0.2065334 0.800585 2.502203 -0.3928017 1.147193 2.376738 -0.5069538 1.468956 2.440862 -0.03337 0.7383583 2.527577 0.07410504 1.09796 2.355706 0.1750769 1.431156 2.361449  S_DodgingRight_SoClose
-0.4804344 0.2125875 2.549139 -0.4718162 0.3303524 2.550509 -0.5568362 0.567609 2.300115 -0.3174998 0.3751949 2.271789 -0.3841487 0.2441324 2.613895 -0.09950148 0.2978206 2.798061 0.1144219 0.5162122 2.757488 -0.3270455 0.3848364 2.575282 -0.2107727 0.8078243 2.508286 -0.3971923 1.150867 2.373586 -0.5090489 1.472483 2.442326 -0.03820185 0.7437763 2.53316 0.07414706 1.099918 2.357249 0.1763091 1.432754 2.36284  S_DodgingRight_SoClose
-0.4940037 0.2259101 2.530197 -0.4832532 0.343274 2.539762 -0.5671651 0.6149474 2.327746 -0.3420149 0.4223846 2.242105 -0.3969762 0.2510896 2.596292 -0.1198173 0.2790678 2.794707 0.1084196 0.4864593 2.793667 -0.3372583 0.3929975 2.567218 -0.2162676 0.8165241 2.517075 -0.4013287 1.155318 2.370289 -0.5099015 1.476905 2.444231 -0.04434047 0.7502417 2.54051 0.07398064 1.101744 2.359266 0.1766777 1.434419 2.364651  S_DodgingRight_SoClose
-0.4984572 0.2308347 2.519685 -0.4872284 0.3478353 2.533535 -0.5707664 0.6359371 2.345288 -0.3534601 0.4536139 2.224277 -0.4012856 0.2531806 2.58637 -0.1294848 0.2695984 2.792017 0.1044246 0.4698944 2.808518 -0.3409033 0.3957592 2.562397 -0.2185591 0.8197371 2.521401 -0.4023787 1.156833 2.369246 -0.509208 1.478595 2.444948 -0.04682116 0.7525831 2.543717 0.07369436 1.102038 2.359977 0.1759457 1.434851 2.365307  S_DodgingRight_SoClose
-0.4974084 0.2324771 2.511855 -0.4867384 0.3492032 2.528889 -0.5728945 0.6471929 2.3589 -0.3594631 0.4827009 2.20891 -0.4002368 0.2534608 2.57877 -0.1316042 0.2630073 2.788372 0.1071728 0.4565102 2.8138 -0.3404612 0.3968576 2.558432 -0.2192218 0.8217685 2.524301 -0.4029609 1.157944 2.370027 -0.5087395 1.479989 2.446 -0.04727141 0.7546287 2.544962 0.07325728 1.10311 2.35939 0.1744362 1.436245 2.36501  S_DodgingRight_SoClose
-0.4958194 0.2330345 2.505391 -0.4857259 0.3494698 2.525104 -0.5745382 0.6547464 2.370957 -0.3650708 0.5086693 2.198063 -0.3986405 0.2529651 2.572435 -0.1323265 0.2566012 2.784736 0.1107906 0.4435285 2.81724 -0.3395214 0.3970331 2.55515 -0.2195595 0.8227513 2.526883 -0.4035701 1.157568 2.369999 -0.5087296 1.480042 2.445006 -0.04737375 0.7557713 2.546048 0.0729012 1.103491 2.358889 0.1730216 1.436941 2.364796  S_DodgingRight_SoClose
-0.4896775 0.2312086 2.500057 -0.4808768 0.3474348 2.521909 -0.5757027 0.6568899 2.38073 -0.3677852 0.5335214 2.189267 -0.3924886 0.2510188 2.566951 -0.1252047 0.25025 2.778585 0.1238616 0.4286833 2.813685 -0.3349969 0.3959968 2.551935 -0.2185961 0.8231006 2.528893 -0.4041679 1.15695 2.371788 -0.5097944 1.479684 2.444998 -0.04581157 0.7571615 2.546187 0.07284029 1.104613 2.357501 0.1714749 1.438492 2.364101  S_DodgingRight_SoClose
-0.4819554 0.2280598 2.494797 -0.4746654 0.344059 2.518702 -0.5760979 0.6567693 2.390438 -0.3710788 0.5581626 2.182227 -0.3847658 0.2480077 2.561473 -0.1154092 0.2427977 2.771296 0.1399945 0.4117569 2.807712 -0.3292141 0.3939476 2.548631 -0.2172066 0.8225607 2.530747 -0.4045508 1.155651 2.374134 -0.5110003 1.478587 2.44523 -0.04370872 0.7580303 2.546104 0.07287879 1.10531 2.355821 0.1697545 1.439686 2.36328  S_DodgingRight_SoClose
-0.4709211 0.2230774 2.49062 -0.4655668 0.3389394 2.516017 -0.574483 0.6530386 2.39815 -0.3730833 0.5784027 2.176847 -0.3737788 0.2438756 2.556944 -0.09966145 0.2348152 2.762231 0.162628 0.3933911 2.796324 -0.3207748 0.3908863 2.54564 -0.2148723 0.821297 2.531907 -0.4042234 1.154391 2.377736 -0.512274 1.47738 2.446127 -0.04043083 0.7589388 2.545442 0.07333358 1.106296 2.353598 0.168094 1.441249 2.362271  S_DodgingRight_SoClose
-0.4552831 0.2155328 2.486329 -0.4526227 0.3312687 2.513232 -0.5701934 0.6464357 2.408132 -0.3771035 0.6001731 2.172159 -0.3583475 0.2378439 2.552235 -0.07688235 0.2237217 2.750253 0.1924344 0.3719609 2.774708 -0.3088688 0.3861922 2.54254 -0.2114498 0.8188305 2.532834 -0.4028488 1.152505 2.382492 -0.5135236 1.475327 2.44738 -0.03578619 0.7596268 2.544612 0.07436819 1.106894 2.350513 0.1661297 1.442647 2.360416  S_DodgingRight_SoClose
-0.4349945 0.2054952 2.482491 -0.4357708 0.3211288 2.510667 -0.5623248 0.6367173 2.419885 -0.3833947 0.6206222 2.169221 -0.3385215 0.2300858 2.547963 -0.04716484 0.2097812 2.735307 0.2275835 0.3497683 2.739928 -0.2935105 0.3799375 2.539724 -0.2068677 0.8150576 2.53318 -0.3999585 1.15018 2.388322 -0.5142879 1.472531 2.449089 -0.02978121 0.7599884 2.543634 0.0763265 1.107048 2.346925 0.1642565 1.44378 2.358225  S_DodgingRight_SoClose
-0.4022151 0.1895117 2.479207 -0.4086618 0.3049847 2.508712 -0.5429056 0.621319 2.438519 -0.3944333 0.6417206 2.168987 -0.3069886 0.2181724 2.544257 -0.0002126526 0.1910218 2.711835 0.2721262 0.330777 2.674359 -0.2691658 0.3700823 2.537763 -0.199099 0.8084286 2.532443 -0.3918363 1.146981 2.395294 -0.512366 1.468086 2.450408 -0.02013086 0.7598469 2.543014 0.08037062 1.106371 2.342453 0.1615925 1.444785 2.353712  S_DodgingRight_SoClose
-0.3588442 0.1687057 2.476626 -0.3730689 0.2834895 2.507957 -0.5109076 0.6004962 2.46199 -0.4075398 0.6622258 2.178067 -0.2657341 0.2028242 2.541268 0.05791517 0.1688776 2.680535 0.3155229 0.3103819 2.587159 -0.2378446 0.3569523 2.537255 -0.1883276 0.7986399 2.531755 -0.377263 1.140877 2.398519 -0.5058041 1.460588 2.442513 -0.007549448 0.7578565 2.544306 0.08596464 1.104279 2.340222 0.1580891 1.444817 2.349134  S_DodgingRight_SoClose
-0.3157902 0.1476408 2.47419 -0.338193 0.2609061 2.507831 -0.4772022 0.5772449 2.48235 -0.4160433 0.6751409 2.196373 -0.2251594 0.1872624 2.538445 0.1105518 0.160098 2.651181 0.3409814 0.306053 2.507293 -0.2081139 0.343012 2.537476 -0.1771533 0.7873989 2.531935 -0.3587365 1.133702 2.398983 -0.4925931 1.452729 2.430261 0.004734294 0.7529691 2.547201 0.09128304 1.100751 2.342359 0.155166 1.443022 2.346548  S_DodgingRight_SoClose
-0.2753913 0.1274064 2.471933 -0.3058469 0.238325 2.508125 -0.4494567 0.5510862 2.499027 -0.4218958 0.6782037 2.219404 -0.1873443 0.172461 2.535626 0.1560509 0.1653731 2.627024 0.3535808 0.3120198 2.441064 -0.1816258 0.3290232 2.537853 -0.166639 0.775656 2.533492 -0.3389525 1.125867 2.398457 -0.4739493 1.445408 2.416988 0.01590069 0.7458386 2.550572 0.0957215 1.096523 2.347959 0.1534465 1.439906 2.345986  S_DodgingRight_SoClose
-0.2392052 0.1102948 2.46993 -0.2770343 0.2182926 2.508612 -0.4295403 0.5248626 2.512824 -0.4268532 0.6737607 2.242769 -0.1536867 0.1605335 2.53283 0.1928129 0.1825471 2.608745 0.3580951 0.3251061 2.390884 -0.1590299 0.3170388 2.538022 -0.1576368 0.7654985 2.536092 -0.320338 1.11926 2.398412 -0.4527772 1.440303 2.40647 0.02537687 0.7389102 2.55343 0.0990041 1.093471 2.355267 0.1525987 1.437427 2.34691  S_DodgingRight_SoClose
-0.1953932 0.09131777 2.467792 -0.241975 0.1947813 2.509596 -0.415318 0.4875251 2.53011 -0.4368021 0.6590337 2.274707 -0.1131083 0.1483642 2.528989 0.2298449 0.2174183 2.590487 0.3579579 0.3535321 2.345202 -0.1327788 0.3035706 2.537558 -0.1487453 0.7537743 2.540769 -0.3001269 1.111178 2.399628 -0.4247169 1.435448 2.39968 0.03500988 0.731019 2.555526 0.1006455 1.091569 2.365529 0.150253 1.435876 2.35004  S_DodgingRight_SoClose
-0.1578836 0.0770961 2.466003 -0.2112918 0.1760753 2.510472 -0.4066627 0.4525754 2.544174 -0.4463904 0.641095 2.303364 -0.07847236 0.1402351 2.525023 0.2552508 0.2496939 2.576357 0.3581984 0.3841439 2.318618 -0.1105012 0.2931976 2.536247 -0.1435457 0.743933 2.545121 -0.2861125 1.104026 2.401655 -0.4002101 1.432135 2.401819 0.04095437 0.7256088 2.556322 0.1008551 1.090754 2.373335 0.1479546 1.43514 2.352648  S_DodgingRight_SoClose
-0.1174946 0.06379879 2.464441 -0.1772447 0.1575731 2.511831 -0.395232 0.4143404 2.55877 -0.4558581 0.6173575 2.334681 -0.04127548 0.1335682 2.520398 0.278814 0.2800578 2.563773 0.3659246 0.4209704 2.303658 -0.08617996 0.2830199 2.534439 -0.1395587 0.7330447 2.549454 -0.2718004 1.095897 2.403081 -0.3690766 1.429359 2.406893 0.04562332 0.7207113 2.557006 0.09946968 1.089965 2.380497 0.1439904 1.434331 2.354465  S_DodgingRight_SoClose
-0.08525495 0.05343044 2.464344 -0.1492898 0.1430186 2.513856 -0.3838862 0.3821832 2.571609 -0.4656949 0.5940772 2.363004 -0.01172899 0.1287314 2.517045 0.2951659 0.3013971 2.557409 0.3803661 0.4574381 2.305424 -0.06653069 0.27466 2.532889 -0.1362958 0.723354 2.551787 -0.2560611 1.090281 2.404835 -0.3328639 1.428978 2.41258 0.04924913 0.7160119 2.556341 0.097789 1.089391 2.387121 0.1403223 1.433694 2.357217  S_DodgingRight_SoClose
-0.06931089 0.04714584 2.465893 -0.1352474 0.1348839 2.516019 -0.3775091 0.3641225 2.579924 -0.4732378 0.5790203 2.380519 0.002771394 0.1255043 2.516318 0.3012361 0.3117961 2.557481 0.3910534 0.4802692 2.315296 -0.05683516 0.2695284 2.53224 -0.1339519 0.7176031 2.551455 -0.2433033 1.089198 2.408158 -0.3067094 1.430616 2.417505 0.05170437 0.7123323 2.553804 0.09787364 1.089135 2.391656 0.1396699 1.433417 2.360502  S_DodgingRight_SoClose
-0.05739949 0.04188681 2.467962 -0.1247241 0.12839 2.518253 -0.3725067 0.3493801 2.587371 -0.4803002 0.5655178 2.395609 0.013483 0.1227092 2.516311 0.3043271 0.3198026 2.559487 0.399533 0.4997606 2.327851 -0.04970626 0.2652515 2.531744 -0.1318166 0.7129633 2.550203 -0.2307766 1.089657 2.412785 -0.283445 1.43289 2.422319 0.0538859 0.7089546 2.550495 0.09857412 1.088935 2.395506 0.1398907 1.433227 2.363832  S_DodgingRight_SoClose
-0.04939018 0.0372864 2.470669 -0.1176891 0.123179 2.520633 -0.3692602 0.337512 2.594065 -0.4873111 0.5534068 2.408159 0.02056773 0.1200398 2.517104 0.3046063 0.3255588 2.563512 0.4059448 0.5156931 2.342867 -0.04509441 0.2615819 2.531377 -0.129917 0.7092636 2.547905 -0.2182781 1.091607 2.419141 -0.2631852 1.435983 2.427032 0.05578788 0.7057105 2.546288 0.09989877 1.088623 2.39852 0.1410474 1.432958 2.367082  S_DodgingRight_SoClose
-0.04489575 0.03408909 2.473162 -0.1138107 0.1197901 2.52258 -0.3675157 0.3296869 2.599117 -0.4924622 0.5444546 2.41644 0.02444746 0.118116 2.518205 0.3035994 0.3289731 2.567755 0.409557 0.5257961 2.355298 -0.04267446 0.2590969 2.531184 -0.1287219 0.7068774 2.545592 -0.2099466 1.093416 2.424905 -0.2514867 1.438261 2.430397 0.05697216 0.7033741 2.542952 0.1009224 1.088077 2.399859 0.1418526 1.432442 2.368464  S_DodgingRight_SoClose
-0.04157684 0.03147495 2.475565 -0.1109903 0.117115 2.524372 -0.3662258 0.3233503 2.603615 -0.49691 0.5367106 2.423319 0.02725639 0.1165463 2.519392 0.3021251 0.3316928 2.571974 0.4119773 0.5340579 2.366827 -0.04099099 0.2571019 2.531046 -0.127778 0.7050145 2.543288 -0.2029967 1.095123 2.430452 -0.2423493 1.440257 2.433262 0.05790277 0.7014288 2.539921 0.1018356 1.087534 2.400652 0.1425477 1.431923 2.369239  S_DodgingRight_SoClose
-0.03858547 0.0290817 2.478192 -0.1084528 0.114738 2.526286 -0.3647577 0.3178091 2.608177 -0.5008715 0.5295663 2.430021 0.0297788 0.1150961 2.520885 0.3005553 0.3339554 2.576668 0.4142259 0.541507 2.378917 -0.03943829 0.2552891 2.531099 -0.1268834 0.7033063 2.54091 -0.1973045 1.096406 2.435608 -0.2354466 1.441687 2.435248 0.05879029 0.6996558 2.537234 0.1023902 1.087014 2.401381 0.1426356 1.43142 2.369564  S_DodgingRight_SoClose
-0.03635834 0.02724659 2.480591 -0.1065659 0.1129853 2.527997 -0.3633965 0.3138458 2.612031 -0.5037965 0.5241125 2.435443 0.03165503 0.1139668 2.522406 0.2991908 0.3354545 2.581016 0.416064 0.5470195 2.389482 -0.03823696 0.2539141 2.531308 -0.1261624 0.7019946 2.538855 -0.1936776 1.09717 2.439593 -0.2316759 1.44245 2.436176 0.05951257 0.6983106 2.535281 0.1025281 1.086604 2.401934 0.1421388 1.431021 2.369447  S_DodgingRight_SoClose
-0.0341237 0.02557611 2.482999 -0.1046466 0.1114044 2.529727 -0.3618288 0.3103075 2.615802 -0.5063703 0.5191693 2.440896 0.03356226 0.1129546 2.523969 0.2979819 0.3368069 2.585331 0.4177833 0.5523604 2.400159 -0.03695164 0.2526653 2.531591 -0.1254727 0.7007515 2.536852 -0.1904455 1.097739 2.443289 -0.2282441 1.442999 2.436907 0.06020673 0.6971244 2.533455 0.1025387 1.086361 2.402665 0.1414784 1.430786 2.369449  S_DodgingRight_SoClose
-0.02958791 0.02236676 2.487865 -0.1005291 0.1084728 2.533318 -0.3575086 0.3053939 2.62246 -0.5092574 0.5124192 2.45152 0.03766711 0.110719 2.527484 0.297455 0.3373042 2.594013 0.4225921 0.5603097 2.421637 -0.03364466 0.2501308 2.532812 -0.1243104 0.6978201 2.533382 -0.1873845 1.096954 2.448007 -0.2259364 1.442009 2.436849 0.06139858 0.6950648 2.530914 0.1015042 1.086315 2.405542 0.1388005 1.430727 2.370365  S_DodgingRight_SoClose
-0.02730159 0.02020431 2.491153 -0.09828226 0.1066017 2.535906 -0.3546539 0.3035321 2.625998 -0.5098472 0.5100517 2.457557 0.0399061 0.1089855 2.529944 0.2980215 0.3359091 2.599457 0.4249142 0.5627738 2.43352 -0.03159611 0.2483417 2.534028 -0.1242125 0.6955144 2.531922 -0.1859411 1.095719 2.450676 -0.2243628 1.440695 2.436944 0.06151344 0.6937971 2.529807 0.1011394 1.086299 2.408251 0.1382526 1.430465 2.370564  S_DodgingRight_SoClose
-0.02562307 0.01820159 2.494154 -0.09660934 0.1048777 2.538285 -0.3523898 0.3019756 2.62901 -0.5103624 0.5081941 2.462799 0.04157223 0.1073406 2.532197 0.2983626 0.3343737 2.604259 0.4264475 0.5644194 2.443705 -0.03005759 0.2466592 2.535181 -0.1243162 0.6933686 2.53076 -0.1846393 1.094525 2.453241 -0.2227035 1.439444 2.437239 0.06141819 0.6925437 2.528867 0.1007797 1.086139 2.410812 0.1375979 1.43004 2.370508  S_DodgingRight_SoClose
-0.02532635 0.01652408 2.496663 -0.09626071 0.1034629 2.540302 -0.3514908 0.3010046 2.631063 -0.5110143 0.5073388 2.466484 0.04191573 0.1059079 2.534094 0.2980972 0.3326676 2.607881 0.4265755 0.5647123 2.45055 -0.02973448 0.2452316 2.536222 -0.1249059 0.6916584 2.530171 -0.1834882 1.093658 2.455744 -0.2207456 1.438578 2.437978 0.0608296 0.6913531 2.528232 0.1004253 1.085789 2.413096 0.1369603 1.429358 2.369819  S_DodgingRight_SoClose
-0.02532498 0.01442957 2.499773 -0.09620969 0.1016927 2.542777 -0.3507722 0.2998155 2.633413 -0.5118784 0.5063858 2.470683 0.0419627 0.1041088 2.536467 0.2974631 0.3304825 2.612294 0.4263572 0.5647613 2.458658 -0.02970825 0.2434341 2.537512 -0.1256723 0.6895974 2.529459 -0.1822373 1.092572 2.458845 -0.2185024 1.437473 2.438797 0.06006273 0.689743 2.527445 0.1000887 1.085257 2.416225 0.1361915 1.42841 2.369418  S_DodgingRight_SoClose
-0.02632408 0.01222706 2.503014 -0.0971946 0.09983027 2.54529 -0.3511123 0.2986246 2.635365 -0.5130409 0.5056601 2.474048 0.04097946 0.1022012 2.538999 0.2960295 0.3280395 2.616697 0.4252807 0.5640625 2.46606 -0.03069906 0.2415266 2.538866 -0.1265781 0.6876693 2.528771 -0.1814005 1.091543 2.462027 -0.216786 1.436373 2.439355 0.05915554 0.6877649 2.526641 0.1000372 1.084526 2.420278 0.1357489 1.427254 2.37018  S_DodgingRight_SoClose
-0.0272132 0.01010776 2.506289 -0.0981162 0.09804821 2.54777 -0.3515323 0.2974561 2.637089 -0.5138038 0.5049449 2.476702 0.0400665 0.1003568 2.541649 0.2947643 0.3256211 2.621053 0.42435 0.5630653 2.472957 -0.03159938 0.239682 2.540277 -0.1272081 0.6858408 2.528066 -0.1810675 1.090413 2.464857 -0.216039 1.435129 2.43992 0.05852552 0.6857928 2.525931 0.1001071 1.083679 2.424142 0.1352051 1.426001 2.370931  S_DodgingRight_SoClose
-0.02804498 0.007482409 2.510718 -0.09901147 0.09587562 2.55109 -0.3519874 0.2960241 2.639162 -0.5142571 0.5039966 2.479401 0.0391884 0.09806001 2.545322 0.2935173 0.3225325 2.626743 0.4234212 0.5614769 2.481364 -0.03241066 0.2373924 2.542255 -0.1277448 0.6835178 2.527159 -0.1810671 1.088793 2.468139 -0.2159522 1.433325 2.440663 0.05798991 0.6833541 2.525126 0.1000827 1.082471 2.428496 0.1339256 1.424281 2.371325  S_DodgingRight_SoClose
-0.02826749 0.005393147 2.514774 -0.09926204 0.09420812 2.554151 -0.3520395 0.2950479 2.640874 -0.5139642 0.5032678 2.481085 0.03895493 0.09621394 2.548739 0.2930451 0.319954 2.631681 0.4230332 0.5598773 2.488 -0.03250716 0.235575 2.544153 -0.1280245 0.6815107 2.526448 -0.181238 1.087243 2.470551 -0.2162679 1.431611 2.441269 0.0577118 0.6815268 2.524559 0.09964629 1.08139 2.430994 0.1319576 1.422766 2.370447  S_DodgingRight_SoClose
-0.02867679 0.003736734 2.518516 -0.09960513 0.09295762 2.557065 -0.3524063 0.2945415 2.642207 -0.5137603 0.502556 2.481576 0.03862508 0.09471071 2.551908 0.2927735 0.317553 2.636004 0.422895 0.5579464 2.493233 -0.03261523 0.2341377 2.546051 -0.128442 0.6798274 2.526025 -0.180988 1.085887 2.471905 -0.2156416 1.430177 2.441285 0.05729403 0.6801258 2.524133 0.09902985 1.0803 2.431818 0.1304776 1.421435 2.369478  S_DodgingRight_SoClose
-0.02950804 0.002478004 2.521958 -0.1003123 0.09207654 2.559813 -0.353143 0.2943935 2.643437 -0.5139431 0.5020273 2.481761 0.03792842 0.09354532 2.554854 0.2922069 0.3154795 2.64001 0.4224797 0.5561604 2.497861 -0.03304998 0.2330577 2.547945 -0.1288667 0.6785854 2.525806 -0.1806445 1.084854 2.472521 -0.2147729 1.429102 2.440854 0.05686815 0.6789941 2.523819 0.09863056 1.079238 2.431819 0.1298683 1.420255 2.368736  S_DodgingRight_SoClose
-0.03037898 0.001703024 2.524692 -0.1010558 0.09160423 2.562021 -0.3538963 0.2945399 2.64441 -0.5142362 0.5017891 2.481787 0.0371926 0.09282136 2.557209 0.2917306 0.3139001 2.643183 0.4223334 0.5546136 2.501394 -0.03354846 0.2324132 2.549515 -0.1292111 0.6778417 2.525703 -0.1803584 1.08423 2.472722 -0.2140277 1.428456 2.440337 0.05652257 0.6782642 2.523611 0.09839721 1.078468 2.431486 0.1297411 1.419438 2.368203  S_DodgingRight_SoClose
-0.03202192 0.001011014 2.528513 -0.1024429 0.09137654 2.565122 -0.355128 0.2953852 2.645729 -0.5148064 0.5019083 2.481538 0.03581788 0.09212279 2.560577 0.290639 0.3120402 2.647849 0.421732 0.5526927 2.506408 -0.03446172 0.2318866 2.551847 -0.1293244 0.6773006 2.52558 -0.180551 1.083631 2.472234 -0.2142888 1.427835 2.439685 0.05640902 0.6774696 2.523432 0.09852619 1.077422 2.43033 0.1304475 1.418407 2.367419  S_DodgingRight_SoClose
-0.03437309 0.001023412 2.533226 -0.1044144 0.09206796 2.568807 -0.3564276 0.2978024 2.647226 -0.5151427 0.503469 2.481039 0.03386493 0.09203672 2.564797 0.2888132 0.3106626 2.653909 0.4207235 0.5510734 2.512818 -0.03562669 0.2320983 2.554647 -0.1287855 0.6776113 2.525061 -0.1810809 1.083691 2.470847 -0.215632 1.427879 2.438995 0.05695124 0.6771821 2.523263 0.09890421 1.076821 2.428751 0.1313992 1.417979 2.367085  S_DodgingRight_SoClose
-0.03599386 0.001322627 2.535824 -0.1058214 0.09280765 2.570702 -0.3571743 0.2996498 2.647993 -0.515193 0.5050546 2.480821 0.03246923 0.09224808 2.567148 0.2872045 0.3103839 2.657463 0.4196332 0.5506668 2.516641 -0.03647183 0.2325099 2.55605 -0.1282259 0.6781565 2.524457 -0.181255 1.084094 2.469893 -0.2163857 1.428287 2.438733 0.0575126 0.6772038 2.523099 0.09924211 1.076729 2.428011 0.131995 1.418042 2.367342  S_DodgingRight_SoClose
