0.004019039 0.05495536 0.4221414 -0.06559967 0.1468054 0.4552764 -0.2133777 0.3443604 0.316213 -0.07400851 0.09053624 0.2101139 0.07273592 0.1474348 0.455623 0.4074293 0.2515391 0.4156193 0.2024551 0.03308117 0.3423656 0.002893405 0.2876822 0.4570655 -0.09198634 0.7336257 0.4690937 -0.1849268 1.133545 0.4243544 -0.2547728 1.472157 0.3906306 0.09372045 0.7339742 0.4728874 0.1779862 1.113296 0.3335403 0.2455208 1.441488 0.2387942  A_Punch_SoClose
0.004978912 0.05494344 0.4233073 -0.06522058 0.1466675 0.4559735 -0.212649 0.3433782 0.3155526 -0.07215922 0.08959234 0.2108487 0.07311089 0.147735 0.4566997 0.408037 0.2511561 0.4174651 0.20307 0.03345692 0.3419665 0.002823191 0.2877651 0.457487 -0.09241681 0.7337577 0.4686397 -0.1845513 1.133921 0.4244245 -0.2537386 1.472719 0.3912066 0.09327741 0.7340365 0.4730133 0.1776604 1.113643 0.3345155 0.2450653 1.441725 0.2392954  A_Punch_SoClose
0.005835133 0.05493844 0.4243525 -0.06488119 0.146547 0.4565972 -0.2119901 0.3425 0.3149675 -0.07050388 0.08875453 0.2115158 0.07344444 0.1480061 0.457662 0.4085688 0.2508152 0.4191288 0.2036278 0.03380573 0.3416013 0.002761977 0.2878394 0.4578623 -0.09279816 0.733874 0.468232 -0.1842181 1.134253 0.4244894 -0.2528218 1.473214 0.3917278 0.09288312 0.7340916 0.4731239 0.177366 1.113953 0.3353857 0.2446488 1.441936 0.2397431  A_Punch_SoClose
0.007994311 0.05661571 0.4245914 -0.06372176 0.1476718 0.456611 -0.210694 0.3421932 0.313475 -0.06816523 0.08852112 0.2112812 0.07458468 0.1501354 0.4581937 0.4098442 0.2526377 0.4217957 0.2046339 0.03705752 0.3410596 0.002890723 0.2894526 0.4579357 -0.09370188 0.7354331 0.46922 -0.1841361 1.135846 0.4237713 -0.2522837 1.475033 0.3924359 0.09195639 0.7356499 0.4749216 0.176681 1.114927 0.3357304 0.2442004 1.442633 0.2393063  A_Punch_SoClose
0.01116546 0.0600481 0.4239229 -0.06195132 0.1501611 0.4559282 -0.2094881 0.3425583 0.311457 -0.06525229 0.08948994 0.2101654 0.07631029 0.1541321 0.4582123 0.4114952 0.2570651 0.4250959 0.2056134 0.04356301 0.3406328 0.003100233 0.2926583 0.4578322 -0.0951135 0.7384848 0.4712275 -0.1843604 1.138654 0.4214877 -0.2523608 1.478133 0.3931335 0.09050317 0.7387635 0.4781498 0.1760246 1.116416 0.3350843 0.244593 1.443839 0.238438  A_Punch_SoClose
0.01535137 0.06630921 0.4215683 -0.05959002 0.1549804 0.4539198 -0.2089435 0.344599 0.3089331 -0.06188528 0.09315217 0.2076615 0.07857735 0.160972 0.4572552 0.4130672 0.266493 0.4286426 0.2059972 0.05544424 0.340979 0.003326433 0.2984006 0.4575199 -0.09722905 0.7438895 0.4742831 -0.1852463 1.143146 0.4157838 -0.2538147 1.482975 0.3936867 0.08830692 0.7443795 0.4830974 0.1759582 1.11869 0.3327225 0.2471359 1.446273 0.2385372  A_Punch_SoClose
0.01982679 0.07548034 0.4186772 -0.0570672 0.1624842 0.4514917 -0.2088291 0.3493062 0.306435 -0.05784444 0.1000948 0.2054161 0.08094497 0.1704512 0.4566315 0.4133448 0.2829032 0.4329122 0.206022 0.07262218 0.3440102 0.003662067 0.3067405 0.4580363 -0.0998659 0.7516172 0.478062 -0.187451 1.148927 0.40701 -0.2575875 1.488962 0.3955597 0.08553804 0.7527245 0.4892734 0.1768282 1.120418 0.3253483 0.2517006 1.448114 0.2344793  A_Punch_SoClose
0.02418168 0.0871098 0.4163827 -0.05471854 0.1724253 0.4490045 -0.2072572 0.3577601 0.3029226 -0.0522208 0.1100609 0.2043508 0.08300836 0.182029 0.4577411 0.4113837 0.3056115 0.4388684 0.2062227 0.09360933 0.3490437 0.00394495 0.3172863 0.4597124 -0.1028699 0.7614188 0.4813689 -0.1907962 1.155772 0.3957609 -0.2628172 1.495601 0.3975729 0.08230986 0.7634295 0.4957207 0.1781894 1.122673 0.3164037 0.2562131 1.451016 0.2306651  A_Punch_SoClose
0.0286981 0.1073769 0.4138769 -0.05292122 0.1905327 0.4447473 -0.2022827 0.3768383 0.2953147 -0.04283951 0.1299505 0.2018708 0.08393945 0.2015989 0.4615978 0.4041271 0.3430419 0.4515089 0.2051971 0.12693 0.3575567 0.002985435 0.3357412 0.4629053 -0.106936 0.7791572 0.4855646 -0.1954104 1.168016 0.3781589 -0.2691902 1.506712 0.400865 0.07771702 0.7818128 0.5055073 0.1817926 1.126274 0.3032254 0.2629937 1.455999 0.2261785  A_Punch_SoClose
0.02913244 0.1201437 0.4120883 -0.05349891 0.2025479 0.4413956 -0.1978059 0.3919395 0.2901291 -0.03783886 0.1448475 0.1981314 0.08256604 0.213528 0.4638237 0.3977022 0.3636953 0.460626 0.2033741 0.1459872 0.3609055 0.001327412 0.3475038 0.4642566 -0.1078732 0.7910194 0.4890846 -0.19826 1.175594 0.3686374 -0.2728653 1.513185 0.402408 0.07658525 0.7930266 0.5108236 0.1836867 1.12863 0.2956418 0.2651488 1.459547 0.2241868  A_Punch_SoClose
0.02801056 0.1341906 0.4089063 -0.05527894 0.2161525 0.4365953 -0.1923127 0.4099157 0.2841834 -0.03276221 0.1627442 0.1916775 0.07977118 0.2264128 0.464763 0.389947 0.3839346 0.4709781 0.1999063 0.1666265 0.3625067 -0.001240773 0.3605261 0.4644688 -0.1080409 0.8043848 0.4941882 -0.2014629 1.183837 0.3605355 -0.2757453 1.520059 0.4064783 0.07646663 0.8050321 0.515592 0.1854897 1.131128 0.2871655 0.2668096 1.463538 0.2228345  A_Punch_SoClose
0.02563591 0.1459754 0.405846 -0.05778162 0.2279203 0.432434 -0.1873484 0.4260464 0.2801055 -0.02895014 0.1790705 0.18513 0.07640953 0.2370431 0.4647878 0.383358 0.3985058 0.4804567 0.196021 0.1839044 0.3623232 -0.003944499 0.3715509 0.4642547 -0.1073537 0.8157967 0.5004777 -0.2041594 1.188727 0.3517283 -0.2771028 1.524484 0.4029173 0.07743658 0.8148347 0.5192703 0.1862201 1.133653 0.2806815 0.2672717 1.467399 0.2233051  A_Punch_SoClose
0.02215262 0.1536515 0.4021763 -0.0607913 0.2359198 0.42918 -0.1846047 0.4374964 0.2791299 -0.02841936 0.1909971 0.1793712 0.07331093 0.2438308 0.4622144 0.3805542 0.4043785 0.4853634 0.1928898 0.1957401 0.3574704 -0.006186707 0.3788462 0.4628128 -0.1058982 0.8232751 0.5069269 -0.2064729 1.191225 0.3485845 -0.2772902 1.527238 0.4010628 0.0793847 0.8210216 0.5198387 0.1855818 1.136491 0.2756985 0.2672407 1.471107 0.2245911  A_Punch_SoClose
0.0166371 0.1650062 0.3958677 -0.06515692 0.2477335 0.4251765 -0.1818869 0.4541304 0.2811555 -0.02970622 0.2091336 0.1719531 0.06949677 0.2539101 0.4562811 0.3790743 0.4102892 0.4887742 0.1892443 0.2137104 0.3458551 -0.008738084 0.3896042 0.4602531 -0.1023479 0.8338474 0.5182317 -0.2112536 1.193228 0.3463014 -0.2782719 1.530231 0.3974003 0.08336122 0.8301844 0.5187119 0.18265 1.142148 0.2672676 0.2659435 1.477815 0.2268041  A_Punch_SoClose
0.010408 0.1760234 0.3876981 -0.0688384 0.2589306 0.423818 -0.1829452 0.4695834 0.2925967 -0.03669797 0.2281822 0.1683196 0.06776346 0.2638358 0.4451045 0.384821 0.4082125 0.4804224 0.188502 0.2321559 0.3205251 -0.009051187 0.3998795 0.4569792 -0.09463869 0.8430049 0.5335473 -0.2185986 1.191478 0.3497671 -0.2817724 1.530554 0.3911227 0.08988763 0.8392554 0.5126299 0.1755085 1.151553 0.2566165 0.263294 1.48748 0.2302688  A_Punch_SoClose
0.003799515 0.1847336 0.3782533 -0.06888019 0.2669339 0.4284462 -0.1913555 0.4803926 0.3218468 -0.05354718 0.2471796 0.1744422 0.06935973 0.271769 0.4265522 0.4011413 0.3877211 0.4440407 0.1953112 0.2488132 0.2611665 -0.004260046 0.4073837 0.4537219 -0.07905583 0.8480736 0.5519937 -0.2281406 1.183433 0.3625668 -0.2915461 1.52435 0.3832883 0.09923281 0.846945 0.4999031 0.1622585 1.165805 0.2454242 0.2593457 1.500103 0.2372612  A_Punch_SoClose
-0.001430256 0.1867585 0.3753685 -0.06736629 0.2685882 0.434884 -0.2011454 0.4819728 0.3456415 -0.06952111 0.255486 0.1828951 0.0695544 0.2734177 0.4157356 0.4102279 0.3635997 0.4083608 0.2037165 0.2559545 0.2061981 5.473388E-05 0.408844 0.4528693 -0.06933896 0.8478211 0.5604342 -0.2324554 1.177369 0.3723754 -0.2987482 1.518258 0.3809627 0.1036036 0.8495101 0.4926881 0.154367 1.17287 0.2411622 0.2575481 1.505438 0.2412199  A_Punch_SoClose
-0.006969912 0.1870649 0.375573 -0.06528811 0.2688525 0.4426187 -0.2112767 0.4811474 0.3702739 -0.08679549 0.2618024 0.1927923 0.0684603 0.2734342 0.4075812 0.413349 0.3373281 0.3710388 0.2143523 0.2607431 0.1482395 0.004080789 0.4089445 0.4527653 -0.06213216 0.8463548 0.5659784 -0.2352484 1.172399 0.3807729 -0.3047857 1.512749 0.3803271 0.1061859 0.851069 0.4875668 0.1484891 1.177625 0.2386197 0.2567181 1.508544 0.2438396  A_Punch_SoClose
-0.01443617 0.1856166 0.3829268 -0.06039123 0.2681483 0.4579057 -0.2262249 0.4765282 0.4119567 -0.1175148 0.2693204 0.2110723 0.06567962 0.2719423 0.4010814 0.4059789 0.2916843 0.312754 0.2447472 0.2584056 0.05198371 0.009759562 0.4081788 0.4545788 -0.05854891 0.8433786 0.5697817 -0.2387227 1.167307 0.3876222 -0.3122059 1.506692 0.3780121 0.1062642 0.8532547 0.4846896 0.1435219 1.181152 0.2367009 0.2555182 1.51075 0.2450823  A_Punch_SoClose
-0.01708923 0.1830336 0.3916277 -0.05382959 0.266381 0.4703606 -0.233156 0.4703041 0.4461058 -0.142769 0.2720988 0.2278112 0.06423588 0.270107 0.3983616 0.3883675 0.2649844 0.2640671 0.2834667 0.2488331 -0.02548325 0.0140359 0.4068482 0.4560779 -0.06073759 0.8404768 0.5695442 -0.2419966 1.164602 0.3888158 -0.3172774 1.503468 0.3755263 0.1037818 0.8542971 0.4844331 0.1426845 1.18104 0.2351755 0.2550747 1.510496 0.2438487  A_Punch_SoClose
-0.01695667 0.1789161 0.4009846 -0.04327272 0.2633549 0.4826139 -0.2339416 0.4618671 0.4857901 -0.1702073 0.273477 0.2500895 0.06299467 0.267265 0.3941315 0.3579335 0.242494 0.2093395 0.3290211 0.2243766 -0.09715712 0.019183 0.4044907 0.4557675 -0.06412087 0.8362294 0.5671939 -0.2472401 1.16124 0.3899635 -0.325092 1.49943 0.3744587 0.1001039 0.8544037 0.4823321 0.1417806 1.180603 0.2328113 0.2535588 1.51025 0.2420887  A_Punch_SoClose
-0.01529042 0.174347 0.4066843 -0.03453217 0.259881 0.4894823 -0.2300672 0.4551731 0.5125602 -0.1877513 0.2725348 0.2676924 0.06167515 0.2637434 0.3901523 0.3310162 0.2328565 0.1725901 0.3573456 0.2040663 -0.1333219 0.02231504 0.4014187 0.4537576 -0.06667869 0.8320508 0.5636371 -0.2519138 1.158345 0.3910254 -0.3320942 1.495979 0.3752788 0.09710045 0.8527471 0.4784926 0.1413282 1.180131 0.2309703 0.2523025 1.510017 0.2413462  A_Punch_SoClose
-0.0151032 0.1692495 0.4098157 -0.03054033 0.2559612 0.4929246 -0.2273213 0.4508561 0.5268463 -0.1965096 0.2707764 0.2783922 0.05910971 0.2590758 0.3876132 0.3144695 0.2322406 0.1540316 0.3688034 0.1973864 -0.1475269 0.02254333 0.3974003 0.4514774 -0.06732981 0.8282642 0.5597194 -0.2549547 1.155809 0.3921317 -0.3371199 1.49296 0.3762573 0.09545375 0.8491872 0.472741 0.141268 1.179718 0.2297305 0.2523676 1.509511 0.2416285  A_Punch_SoClose
-0.0179082 0.1636298 0.4123911 -0.0320767 0.2518094 0.4949077 -0.2284383 0.4486895 0.5320762 -0.2002031 0.2696073 0.2825969 0.05524774 0.252979 0.3876218 0.3121787 0.2339947 0.1558923 0.3686317 0.1975975 -0.145094 0.02021422 0.3924389 0.4498552 -0.06733601 0.8245556 0.5550197 -0.2560917 1.154 0.3925003 -0.3397727 1.490776 0.3765973 0.09461059 0.8441544 0.4661897 0.1414358 1.179169 0.2295979 0.2529048 1.508782 0.2429556  A_Punch_SoClose
-0.02253775 0.157602 0.4148077 -0.03665654 0.247429 0.4963087 -0.2315004 0.4479958 0.5325888 -0.201854 0.2684153 0.2836322 0.05046519 0.2460297 0.3888606 0.3165339 0.2371877 0.1682466 0.3624745 0.1987695 -0.1342727 0.0164022 0.3868563 0.448501 -0.06703244 0.8207512 0.5496939 -0.2561268 1.152571 0.3924888 -0.3410045 1.489051 0.3766354 0.09410222 0.8381497 0.4589499 0.1420292 1.178373 0.2301387 0.2541598 1.507693 0.2450727  A_Punch_SoClose
-0.04059581 0.140025 0.4217447 -0.06361608 0.2348027 0.4948128 -0.2499797 0.4488848 0.4987119 -0.1930556 0.2571986 0.2639278 0.04012622 0.2239575 0.4039439 0.3547921 0.2472837 0.259499 0.3092519 0.2002426 -0.04186022 0.00306447 0.3691707 0.4496492 -0.06885569 0.8081337 0.5340794 -0.247373 1.152678 0.3926748 -0.3331181 1.489075 0.3800725 0.09463914 0.8183023 0.4465145 0.1459998 1.17141 0.2389559 0.2555471 1.501791 0.2487406  A_Punch_SoClose
-0.05322705 0.1035427 0.4240655 -0.09972899 0.2029214 0.4722489 -0.2547256 0.4202846 0.3812422 -0.1409758 0.190816 0.2094496 0.0333146 0.1852099 0.4387382 0.3811615 0.2485579 0.4223441 0.2235257 0.1596131 0.1726559 -0.01507906 0.3334559 0.4539217 -0.08290045 0.7774479 0.5093287 -0.2182833 1.151113 0.3969883 -0.2995276 1.488685 0.3861011 0.09462483 0.7785601 0.4546927 0.1665512 1.143559 0.2757901 0.2584346 1.47836 0.2490762  A_Punch_SoClose
-0.04775719 0.09413898 0.4200605 -0.09955089 0.1926606 0.4642109 -0.2492183 0.4073917 0.3570765 -0.1265253 0.1704226 0.2024816 0.03607722 0.1770724 0.4418668 0.3825121 0.2500495 0.4373268 0.2103831 0.1333307 0.2096151 -0.01582305 0.3245343 0.4523906 -0.08603887 0.7691205 0.5047549 -0.2102372 1.149115 0.4010566 -0.2901262 1.486918 0.387596 0.09445824 0.768953 0.4609107 0.1711912 1.136064 0.2884425 0.2576049 1.47094 0.2479638  A_Punch_SoClose
-0.04134516 0.08766437 0.416418 -0.0968595 0.1850957 0.4580787 -0.2435443 0.3981638 0.3410734 -0.1158433 0.1561868 0.1987809 0.0400454 0.171484 0.4436206 0.3842975 0.2535659 0.4396299 0.2020566 0.1118637 0.2351474 -0.01449095 0.3181717 0.4512266 -0.08825146 0.7629182 0.5009135 -0.203735 1.147633 0.4048251 -0.2821461 1.485707 0.3896226 0.09434624 0.7624278 0.466864 0.173941 1.130718 0.2982515 0.2562852 1.465123 0.2468647  A_Punch_SoClose
-0.02684949 0.07758725 0.4114808 -0.08794765 0.1727747 0.4490637 -0.2279531 0.3840711 0.3172768 -0.09736137 0.1333196 0.1940817 0.05000045 0.1624365 0.4482359 0.3898656 0.2565867 0.4365586 0.1935277 0.0750494 0.2829355 -0.008484824 0.3077595 0.4514083 -0.09128122 0.7521912 0.4930729 -0.1915037 1.144552 0.4119362 -0.2660996 1.483299 0.3929619 0.094036 0.7525494 0.4804658 0.1775723 1.1219 0.3161329 0.2531851 1.454056 0.2440022  A_Punch_SoClose
-0.0195127 0.072227 0.4116205 -0.08247589 0.1662905 0.4481796 -0.2201049 0.3762572 0.3122534 -0.09283392 0.1213526 0.1942137 0.0555835 0.1579094 0.4507521 0.3937294 0.2551584 0.4297312 0.1905392 0.05870891 0.3063391 -0.005031688 0.3023708 0.4532136 -0.09261845 0.7465531 0.489448 -0.1871535 1.142001 0.4169329 -0.2593842 1.481062 0.394688 0.09307916 0.7478482 0.4854163 0.178026 1.118587 0.3249792 0.2513466 1.449048 0.2433232  A_Punch_SoClose
-0.01196442 0.06652367 0.4131244 -0.07669316 0.1595849 0.4489893 -0.2135384 0.3672 0.3109411 -0.08815496 0.1100394 0.1958107 0.06146856 0.1536561 0.4526552 0.3979082 0.2546407 0.4234408 0.1922456 0.0462023 0.3266906 -0.001736743 0.297001 0.4552435 -0.09374218 0.7410424 0.4852504 -0.1849487 1.138803 0.4216679 -0.2551198 1.477972 0.3949426 0.09197994 0.743279 0.4872063 0.1779813 1.116106 0.3322648 0.2496076 1.4449 0.2427543  A_Punch_SoClose
0.00252624 0.05672824 0.420308 -0.06646816 0.1486453 0.4538277 -0.2119811 0.3476661 0.3146886 -0.07487492 0.09329402 0.2069653 0.07186396 0.1484817 0.4550346 0.4065245 0.2534152 0.4171814 0.202527 0.03435123 0.343016 0.002812581 0.2891172 0.4567631 -0.09219502 0.7347049 0.4716486 -0.1844714 1.134504 0.4245304 -0.2541671 1.473308 0.3924631 0.09350188 0.7355433 0.4758314 0.1781145 1.113897 0.334083 0.2462513 1.442075 0.2397183  A_Punch_SoClose
