-0.0111063 0.04955614 1.520497 -0.07766221 0.1420635 1.557831 -0.213819 0.361618 1.423979 -0.03916393 0.1275629 1.324876 0.06062885 0.1387728 1.556413 0.341184 0.3130859 1.480559 0.2420103 0.1322926 1.25125 -0.005138857 0.2807903 1.563832 -0.08703481 0.728498 1.593215 -0.1502734 1.136115 1.613806 -0.1983908 1.474847 1.673967 0.09863754 0.7234629 1.594619 0.1763226 1.097103 1.437262 0.2331914 1.427564 1.343402  A_Kick_SoClose
-0.01217006 0.04325426 1.526573 -0.07594191 0.1360328 1.567496 -0.2368802 0.3562587 1.447675 -0.04235153 0.1482097 1.32943 0.06183286 0.1334269 1.555308 0.3448665 0.3025424 1.464168 0.2452188 0.1678329 1.20527 -0.004034622 0.2751998 1.565857 -0.08467703 0.7233181 1.595517 -0.1496466 1.13065 1.616353 -0.1978387 1.471181 1.665243 0.1006851 0.7181005 1.584783 0.1749208 1.095444 1.434768 0.2308273 1.427268 1.345239  A_Kick_SoClose
-0.01056872 0.03868675 1.528596 -0.07214753 0.1313274 1.572686 -0.2507539 0.3518867 1.467184 -0.04455994 0.1701517 1.327313 0.06465478 0.1295035 1.552215 0.3468289 0.2960559 1.448042 0.2475789 0.1978036 1.173087 -0.001399202 0.2709281 1.565827 -0.08139412 0.7193308 1.596779 -0.1458962 1.126702 1.6183 -0.1930633 1.468667 1.657145 0.1032106 0.713845 1.576967 0.1743588 1.093873 1.432327 0.2290118 1.42682 1.346264  A_Kick_SoClose
-0.006322665 0.03232932 1.529391 -0.06454872 0.1245368 1.578177 -0.2661272 0.3447111 1.497051 -0.0521401 0.2068443 1.322954 0.07001247 0.1239793 1.54608 0.348904 0.287781 1.423387 0.253092 0.2432244 1.133664 0.003871636 0.2648046 1.5646 -0.07528631 0.7136186 1.598204 -0.1400643 1.121104 1.616483 -0.1865345 1.464335 1.643077 0.1074777 0.7076017 1.565605 0.1735566 1.091455 1.42888 0.2257317 1.425958 1.347432  A_Kick_SoClose
0.001269178 0.02397478 1.528192 -0.05175708 0.1154302 1.583305 -0.2782755 0.3337928 1.541308 -0.07263915 0.2623799 1.322856 0.07820381 0.1165859 1.535912 0.3504046 0.277019 1.389084 0.267639 0.3048114 1.093311 0.01269795 0.2565647 1.561686 -0.06479077 0.7060139 1.599696 -0.1376997 1.112529 1.597652 -0.1896156 1.455504 1.616287 0.114039 0.6989448 1.549982 0.1728724 1.088001 1.425173 0.2208238 1.424488 1.349506  A_Kick_SoClose
0.007451015 0.01821923 1.526009 -0.04120575 0.1091119 1.585544 -0.2804125 0.3254784 1.575427 -0.09320138 0.3039942 1.331301 0.08429463 0.1113887 1.527392 0.3507553 0.2691799 1.364157 0.2856236 0.3460292 1.072684 0.01999028 0.250797 1.558691 -0.05552922 0.7008152 1.600159 -0.141381 1.104042 1.575409 -0.1980736 1.446217 1.594808 0.1193485 0.6926637 1.538087 0.1729392 1.085524 1.423231 0.2171077 1.423388 1.3515  A_Kick_SoClose
0.0132841 0.01313794 1.523008 -0.0307496 0.1035384 1.586478 -0.2770015 0.3178413 1.607972 -0.1138685 0.3414053 1.347319 0.089727 0.106678 1.51856 0.3507837 0.2616254 1.341341 0.3092555 0.3792573 1.059308 0.0272636 0.2456393 1.555131 -0.04549335 0.6963291 1.599855 -0.1484032 1.093405 1.551741 -0.2043813 1.435442 1.575222 0.1247704 0.6868034 1.526227 0.1733828 1.08331 1.422192 0.212966 1.422473 1.354005  A_Kick_SoClose
0.02100094 -0.002027035 1.513655 -0.005517883 0.08797896 1.586367 -0.2469431 0.2965125 1.698588 -0.1694231 0.4196367 1.426671 0.09612711 0.09037662 1.49256 0.3589662 0.231968 1.30229 0.4292613 0.4252993 1.072538 0.04517503 0.2297072 1.542961 -0.01139484 0.6834451 1.593696 -0.140934 1.062149 1.491826 -0.1297684 1.408854 1.510395 0.138701 0.6671271 1.4855 0.1725493 1.073032 1.418423 0.1938327 1.416601 1.365932  A_Kick_SoClose
0.01766212 -0.006688356 1.514003 -0.002780123 0.08399987 1.588052 -0.2378188 0.2931168 1.717801 -0.1870019 0.4284174 1.44537 0.09335621 0.0838877 1.488578 0.3664058 0.2172687 1.310392 0.4728647 0.4202158 1.104034 0.04816355 0.224462 1.540979 0.0001924802 0.6796396 1.589668 -0.1216671 1.058543 1.479409 -0.08650033 1.404099 1.484755 0.1419354 0.6597363 1.471286 0.1687448 1.06666 1.407272 0.1898167 1.411535 1.364081  A_Kick_SoClose
0.01144667 -0.01089954 1.516675 -0.002851708 0.08089805 1.591231 -0.2336077 0.2902437 1.732635 -0.2128431 0.4301614 1.458592 0.08847274 0.07691562 1.487398 0.3744346 0.1976466 1.329969 0.513284 0.4061546 1.150109 0.04997416 0.219294 1.540272 0.01254441 0.6760432 1.584357 -0.09354572 1.05801 1.468509 -0.04078571 1.401195 1.4578 0.1449601 0.6516251 1.456406 0.162149 1.058734 1.390295 0.1888201 1.404382 1.357674  A_Kick_SoClose
-0.003759069 -0.01373661 1.524824 -0.01138006 0.08029628 1.5986 -0.2390823 0.2955216 1.736907 -0.2589063 0.4163208 1.453848 0.07718553 0.068573 1.492978 0.3776928 0.1717367 1.373234 0.5400456 0.3884393 1.225634 0.04855635 0.2141138 1.543452 0.03123923 0.6730531 1.576167 -0.05297444 1.06012 1.459283 -0.001021726 1.402346 1.430026 0.1525961 0.6398411 1.439525 0.154164 1.044779 1.359358 0.193233 1.389857 1.334015  A_Kick_SoClose
-0.0278679 -0.01126194 1.537622 -0.02804254 0.08551598 1.609757 -0.2527402 0.3099657 1.73608 -0.3221301 0.3920463 1.447021 0.05892451 0.06286955 1.504585 0.3691117 0.1393875 1.427394 0.5514187 0.3567594 1.306489 0.04354205 0.211782 1.550822 0.05800756 0.6718231 1.566467 -0.004942341 1.06251 1.448249 0.03529592 1.403886 1.398077 0.1671264 0.6253996 1.4235 0.1416965 1.022136 1.312337 0.2038595 1.364221 1.29333  A_Kick_SoClose
-0.06058268 0.0003800392 1.551296 -0.05318866 0.09972584 1.621444 -0.2732211 0.3350569 1.731786 -0.3925356 0.368012 1.449323 0.03291758 0.0643338 1.519119 0.3462629 0.1120528 1.478104 0.544853 0.3226848 1.371801 0.03323825 0.2153996 1.560693 0.09130444 0.6725336 1.55586 0.03891386 1.064831 1.437823 0.05961319 1.40488 1.369911 0.189068 0.6093721 1.411104 0.1325303 0.9873832 1.255173 0.2305527 1.321417 1.247391  A_Kick_SoClose
-0.1271943 0.05670559 1.572979 -0.1052505 0.1581234 1.641032 -0.3018318 0.4164928 1.747443 -0.4847792 0.3961991 1.500004 -0.02381711 0.1007102 1.545065 0.2956156 0.09532273 1.51976 0.5271298 0.2643759 1.406065 0.008120673 0.249338 1.583001 0.1717318 0.6795167 1.53937 0.09576781 1.070467 1.43 0.0747024 1.408063 1.350886 0.2508489 0.5786628 1.404944 0.09902407 0.8454744 1.128965 0.2556448 1.156297 1.118621  A_Kick_SoClose
-0.1456975 0.07851171 1.57797 -0.1192624 0.1794901 1.646218 -0.3006473 0.4464166 1.763534 -0.4856024 0.4306879 1.517259 -0.04110191 0.1179506 1.550087 0.2800451 0.09931707 1.514755 0.5192811 0.2516274 1.393627 -0.0008782576 0.2643961 1.588625 0.1922301 0.6815308 1.534604 0.1081711 1.072244 1.430433 0.07527114 1.408816 1.350992 0.264997 0.5703097 1.404849 0.09351583 0.7935793 1.102941 0.2818361 1.085399 1.077947  A_Kick_SoClose
-0.1711349 0.1123321 1.584755 -0.1376319 0.2118583 1.653627 -0.2892768 0.4898897 1.794082 -0.4665109 0.4926627 1.541717 -0.06574498 0.1458906 1.555557 0.2555875 0.1097941 1.498801 0.5030516 0.2364492 1.365292 -0.01389174 0.2882731 1.595404 0.2187774 0.6831511 1.526343 0.1260775 1.074232 1.43128 0.07567216 1.408801 1.352558 0.2803983 0.5585098 1.403181 0.08683987 0.7223849 1.077476 0.3300555 0.9647841 1.019711  A_Kick_SoClose
-0.2054643 0.1544907 1.600098 -0.1588711 0.2494335 1.669574 -0.2454567 0.5331267 1.857038 -0.3854521 0.5885051 1.587887 -0.1013999 0.1812998 1.563781 0.2110962 0.1260742 1.468857 0.4659059 0.2198449 1.322626 -0.03308765 0.3163232 1.60442 0.2396614 0.6807504 1.514911 0.1481889 1.074772 1.43152 0.07496102 1.405206 1.353257 0.2817024 0.545499 1.39474 0.1204702 0.6822007 1.040169 0.43395 0.7734027 0.9190887  A_Kick_SoClose
-0.2332457 0.1908944 1.620362 -0.1724918 0.2792991 1.688356 -0.189852 0.5510739 1.913584 -0.2899446 0.647068 1.638131 -0.1321868 0.2119066 1.574466 0.1647903 0.1402606 1.449748 0.4264552 0.2092997 1.301865 -0.04852567 0.338609 1.613153 0.2482414 0.6787931 1.505991 0.154666 1.073506 1.428401 0.06945963 1.401587 1.352399 0.2717564 0.5402365 1.384539 0.2064839 0.658964 0.9946069 0.5109653 0.6094667 0.8330864  A_Kick_SoClose
-0.2513212 0.2188315 1.639521 -0.1794141 0.3009529 1.704519 -0.1461353 0.5559688 1.948188 -0.2271703 0.6697558 1.673246 -0.1536026 0.2355789 1.585367 0.128254 0.1496278 1.444162 0.3967536 0.2014118 1.301576 -0.05864571 0.3550934 1.620706 0.2510177 0.6796035 1.502498 0.1542114 1.073843 1.426483 0.06486954 1.401142 1.351867 0.2616193 0.5416185 1.378606 0.2759504 0.6170509 0.9730099 0.5456336 0.5158354 0.7773718  A_Kick_SoClose
-0.2695379 0.2564186 1.664406 -0.1841373 0.3292922 1.723243 -0.09306531 0.5583781 1.978275 -0.1730687 0.6859207 1.709129 -0.1774033 0.2680951 1.59936 0.08138604 0.1629826 1.439162 0.3567902 0.1939682 1.303896 -0.06913827 0.3775579 1.628446 0.2534439 0.6840996 1.498879 0.1497738 1.077027 1.425156 0.06055834 1.405113 1.35392 0.2503222 0.5485822 1.371888 0.3505 0.5394449 0.9715317 0.569692 0.4281827 0.7249078  A_Kick_SoClose
-0.2790267 0.2930392 1.687677 -0.1829051 0.3569328 1.739016 -0.04602246 0.5635096 1.992763 -0.1413572 0.699607 1.732962 -0.1929166 0.299952 1.613357 0.04166551 0.1783168 1.433689 0.3183983 0.191798 1.298258 -0.07382421 0.3994558 1.63493 0.2588076 0.689579 1.495421 0.1454724 1.080169 1.423524 0.06202825 1.410425 1.355393 0.246859 0.5552058 1.367739 0.4102683 0.4693446 0.9985117 0.5590087 0.3982271 0.6918091  A_Kick_SoClose
-0.2843104 0.3161044 1.6977 -0.183783 0.3758098 1.745085 -0.02756522 0.5789731 1.989718 -0.1354511 0.7118073 1.733158 -0.2006096 0.3189772 1.620088 0.02334638 0.1906012 1.429145 0.2966152 0.1992797 1.28648 -0.07643346 0.4129786 1.637218 0.2618898 0.692654 1.491629 0.1414992 1.080902 1.418522 0.06267114 1.412303 1.350458 0.2485565 0.5559396 1.366597 0.4583903 0.437152 1.031541 0.5764804 0.4196228 0.7044395  A_Kick_SoClose
-0.2919044 0.3506579 1.696782 -0.191147 0.4118342 1.743405 -0.03420655 0.6576067 1.939312 -0.1613439 0.7376271 1.669979 -0.2044978 0.3414847 1.625041 0.02762445 0.2128253 1.425937 0.2772844 0.2390611 1.246811 -0.07687943 0.4314493 1.638053 0.2711491 0.6931561 1.485079 0.144072 1.078145 1.406278 0.0636396 1.408655 1.335799 0.2653361 0.5452955 1.372807 0.4396895 0.4915847 1.002511 0.6219594 0.4333317 0.7115949  A_Kick_SoClose
-0.2912435 0.3541155 1.682238 -0.1939233 0.4202527 1.73076 -0.05287008 0.6944155 1.893768 -0.1858851 0.7372509 1.61885 -0.1996718 0.3405628 1.617828 0.04448934 0.2171812 1.423065 0.2710641 0.2648066 1.219349 -0.0736423 0.432693 1.631168 0.2772318 0.6918435 1.481813 0.1518154 1.077226 1.402277 0.06712665 1.406536 1.33117 0.277941 0.5400648 1.374741 0.4068428 0.5329828 0.9826473 0.6553114 0.4607588 0.7496346  A_Kick_SoClose
-0.2851617 0.3510942 1.66429 -0.1920167 0.4225478 1.714565 -0.07026051 0.7185806 1.845571 -0.2091228 0.7271346 1.570341 -0.1897837 0.3350297 1.607454 0.06480308 0.217038 1.419162 0.2584347 0.2835989 1.188553 -0.06619839 0.4303038 1.621558 0.2864405 0.6905559 1.479787 0.163077 1.076615 1.400324 0.07464279 1.404809 1.328617 0.2942084 0.5365378 1.376252 0.3641776 0.5693673 0.9707521 0.6571054 0.504481 0.7940296  A_Kick_SoClose
-0.2749946 0.3384035 1.636769 -0.1878286 0.415985 1.689327 -0.09590457 0.7300988 1.788611 -0.2450818 0.7018036 1.520184 -0.1755639 0.3222222 1.588354 0.08999152 0.2100198 1.40999 0.2178443 0.2976091 1.143371 -0.0563011 0.4225496 1.604484 0.2960565 0.6911442 1.479978 0.1744297 1.077626 1.399893 0.08527716 1.405508 1.327653 0.3148731 0.536811 1.378348 0.3137035 0.6064241 0.9714621 0.6495166 0.5881493 0.8812212  A_Kick_SoClose
-0.2588246 0.305516 1.600201 -0.1804822 0.3895249 1.656668 -0.1282664 0.7144047 1.736147 -0.2850368 0.6506435 1.478339 -0.155326 0.2938931 1.559926 0.1222325 0.1953766 1.390504 0.1261601 0.2995789 1.100278 -0.04399691 0.4021462 1.580818 0.2987954 0.6938014 1.485897 0.1768687 1.079362 1.401924 0.09530021 1.409377 1.330435 0.3358816 0.5425457 1.384665 0.2666582 0.6593824 0.9948438 0.5805197 0.806788 1.026631  A_Kick_SoClose
-0.2453011 0.2716714 1.576753 -0.1739132 0.3593102 1.636495 -0.1455771 0.6867673 1.71629 -0.2952237 0.6089832 1.458098 -0.1397019 0.2656965 1.540561 0.1455459 0.1841538 1.374263 0.06188842 0.2914292 1.0975 -0.03577564 0.3802387 1.565637 0.2915871 0.694783 1.491722 0.1743395 1.080334 1.401289 0.1026372 1.412314 1.328337 0.3437181 0.5477841 1.39085 0.26265 0.7257969 1.027336 0.4786311 0.9784117 1.13119  A_Kick_SoClose
-0.230259 0.2377834 1.55759 -0.1653915 0.3282033 1.620179 -0.1545009 0.6562171 1.70626 -0.2883988 0.5734249 1.441073 -0.1233782 0.2377354 1.524327 0.167624 0.1774732 1.359327 0.02178164 0.2821066 1.108555 -0.02707891 0.357978 1.55292 0.2800225 0.6953649 1.496236 0.1722492 1.082672 1.401616 0.1101363 1.416337 1.327567 0.3465355 0.5543286 1.395309 0.2584256 0.8008482 1.076141 0.3922426 1.098895 1.196595  A_Kick_SoClose
-0.2194803 0.2149419 1.546903 -0.1591609 0.3070726 1.611263 -0.1584464 0.6347765 1.703198 -0.27774 0.5522885 1.431036 -0.112071 0.219205 1.515351 0.1820416 0.1766553 1.351609 0.009562271 0.279884 1.117731 -0.02145146 0.3433036 1.545962 0.26897 0.6963426 1.499628 0.1692113 1.085233 1.40274 0.1133067 1.419755 1.327615 0.3449771 0.560551 1.398213 0.2588048 0.844312 1.111059 0.3631115 1.159116 1.217202  A_Kick_SoClose
-0.207746 0.1943988 1.536001 -0.1518106 0.2879663 1.601988 -0.160719 0.6149464 1.699463 -0.2659104 0.5336033 1.421208 -0.1000171 0.2027586 1.506101 0.1961346 0.1771709 1.343832 0.0001780559 0.2754005 1.126908 -0.01496039 0.3302767 1.538564 0.2586986 0.6972474 1.501844 0.1670973 1.087962 1.40424 0.11745 1.423494 1.329225 0.3434187 0.566923 1.40016 0.2539645 0.8818884 1.148767 0.3279425 1.209598 1.240317  A_Kick_SoClose
-0.1929706 0.1698173 1.524475 -0.1426186 0.2649004 1.592382 -0.1635295 0.5902029 1.696718 -0.2507983 0.5111693 1.411682 -0.08512197 0.1835028 1.496435 0.2118822 0.1809344 1.335802 -0.004631383 0.2732288 1.136534 -0.007454975 0.315086 1.531121 0.243766 0.6983159 1.505594 0.1636141 1.091013 1.405897 0.1222669 1.427382 1.329611 0.3387077 0.5755551 1.403529 0.2553668 0.9195324 1.191073 0.3045639 1.257698 1.257945  A_Kick_SoClose
-0.1732232 0.1424208 1.510041 -0.1296886 0.2389164 1.580158 -0.1650117 0.5612727 1.692551 -0.2308173 0.4862275 1.400754 -0.06560825 0.1625339 1.484259 0.2301279 0.1878823 1.326033 -0.00768481 0.2691357 1.147295 0.002812343 0.2984715 1.521528 0.2255146 0.6991443 1.509028 0.1603894 1.094522 1.408978 0.1299409 1.432064 1.332741 0.3319719 0.5863463 1.406827 0.2532001 0.9579491 1.245242 0.2713509 1.303677 1.282536  A_Kick_SoClose
-0.1390813 0.1046478 1.48949 -0.1069414 0.2022283 1.56307 -0.1678507 0.5171833 1.685103 -0.2044365 0.4447418 1.387578 -0.03269533 0.1357 1.46716 0.2543588 0.2074025 1.31121 -0.006058319 0.2687417 1.157832 0.01945378 0.2773829 1.509063 0.1944361 0.7007709 1.516225 0.1526139 1.099155 1.41565 0.1393195 1.437754 1.339177 0.3169666 0.6051115 1.414553 0.2623934 1.002168 1.315703 0.2486169 1.350017 1.307992  A_Kick_SoClose
-0.1107639 0.08189666 1.474083 -0.08769874 0.1793791 1.550098 -0.1694516 0.4870092 1.674944 -0.1881872 0.4120721 1.376379 -0.006031318 0.1216059 1.454548 0.2692494 0.2277071 1.299409 -0.002697868 0.268092 1.159702 0.03270109 0.2663628 1.500314 0.1710394 0.7025425 1.521292 0.144096 1.102365 1.421337 0.1427551 1.441467 1.34596 0.3039189 0.6201651 1.420999 0.270695 1.026875 1.358652 0.2467964 1.373198 1.331507  A_Kick_SoClose
-0.08544193 0.06683218 1.46243 -0.06978266 0.1636575 1.540265 -0.1701306 0.4638745 1.666134 -0.1744848 0.3868254 1.367551 0.01744755 0.113494 1.445334 0.2803809 0.2460204 1.291037 0.001851695 0.2668487 1.1603 0.0450228 0.259781 1.494213 0.1537807 0.7036273 1.525788 0.1356654 1.104337 1.42741 0.1444639 1.44435 1.356788 0.2939703 0.6320909 1.427143 0.2687579 1.041757 1.38308 0.2348922 1.385618 1.339943  A_Kick_SoClose
-0.05864261 0.05479515 1.450132 -0.05095271 0.1503416 1.529742 -0.171211 0.4417788 1.652502 -0.1622684 0.359286 1.35548 0.04185482 0.1087228 1.435977 0.2892102 0.2672539 1.282316 0.007823842 0.2642683 1.156152 0.05743994 0.2555814 1.488313 0.137361 0.7048948 1.530255 0.1154137 1.104994 1.430187 0.1370117 1.447147 1.374165 0.2839913 0.6437254 1.43403 0.2644218 1.054182 1.394712 0.2327275 1.398005 1.349666  A_Kick_SoClose
-0.03107087 0.04544628 1.437571 -0.03166215 0.1391183 1.518801 -0.1724206 0.4201869 1.635648 -0.1489795 0.3317367 1.341141 0.06647564 0.1065482 1.426902 0.2958716 0.2892356 1.274338 0.01495613 0.2599233 1.150516 0.06970198 0.25295 1.482629 0.1215199 0.7056369 1.534788 0.09342726 1.10524 1.434275 0.1263389 1.44876 1.394472 0.2739283 0.6545372 1.441718 0.2584483 1.065148 1.402186 0.2314667 1.409549 1.358507  A_Kick_SoClose
-0.008996589 0.04029274 1.427667 -0.01645343 0.1320302 1.510019 -0.1739035 0.4035397 1.619179 -0.1379085 0.3095436 1.327671 0.08580019 0.1069633 1.42028 0.2995199 0.3070773 1.268784 0.02211346 0.2549882 1.144539 0.07898308 0.2522227 1.478612 0.1097742 0.7062151 1.538734 0.07403572 1.105312 1.438639 0.1136007 1.449483 1.413051 0.266314 0.6625041 1.448811 0.2528259 1.072493 1.40265 0.2320958 1.417825 1.363105  A_Kick_SoClose
0.03229894 0.03666008 1.407887 0.009861069 0.1234941 1.491566 -0.1806091 0.3722742 1.573777 -0.1119585 0.2665128 1.292336 0.1207986 0.1132474 1.40956 0.303214 0.3416634 1.262853 0.04318889 0.2406666 1.131358 0.09362574 0.2544038 1.471897 0.08740921 0.7080433 1.547613 0.03036298 1.107136 1.457918 0.0627168 1.452934 1.465099 0.2518856 0.6765904 1.46724 0.2418512 1.082051 1.390398 0.2356041 1.428786 1.359042  A_Kick_SoClose
0.05791684 0.03969538 1.396192 0.02257605 0.1226759 1.478819 -0.1900011 0.3521022 1.523 -0.08432184 0.2355199 1.257768 0.1415544 0.1211327 1.408256 0.3086835 0.3624412 1.27023 0.07447149 0.2260207 1.12313 0.09956856 0.2588273 1.470117 0.06946518 0.7107999 1.553266 -0.00545059 1.113232 1.498396 -0.02383999 1.459297 1.522371 0.2405759 0.686033 1.485375 0.237527 1.086885 1.386826 0.2391296 1.433792 1.356811  A_Kick_SoClose
0.07222374 0.04394448 1.394469 0.02747812 0.1245075 1.474646 -0.1951263 0.3401878 1.48077 -0.05623965 0.2121935 1.236977 0.1524637 0.1270173 1.415405 0.3176797 0.3724034 1.285886 0.107683 0.2153472 1.123592 0.1008442 0.2629184 1.473849 0.05284502 0.7134929 1.556296 -0.02967809 1.118144 1.551568 -0.08845936 1.460407 1.560182 0.228698 0.6936805 1.499863 0.2332137 1.091061 1.388185 0.2394055 1.437653 1.355267  A_Kick_SoClose
0.07745399 0.04640162 1.395738 0.02842297 0.1258992 1.47429 -0.196335 0.3352441 1.460245 -0.04082588 0.2008716 1.230313 0.1560566 0.1298083 1.421077 0.3233998 0.3758303 1.296335 0.125842 0.2110021 1.126314 0.1002467 0.2650915 1.477051 0.0433683 0.7149338 1.557235 -0.04096357 1.118418 1.582982 -0.1010445 1.460466 1.574757 0.2212712 0.6977268 1.506678 0.2299733 1.093345 1.389145 0.238532 1.439699 1.354312  A_Kick_SoClose
0.08070238 0.04883766 1.398138 0.02765127 0.1272212 1.474805 -0.196935 0.3308593 1.440263 -0.02547531 0.1897173 1.226281 0.1576806 0.1324497 1.427876 0.3300249 0.3780118 1.308505 0.1445459 0.207991 1.130194 0.09780248 0.2671555 1.480964 0.03232338 0.7163047 1.558065 -0.05084847 1.117476 1.610209 -0.08985917 1.462127 1.591046 0.2120105 0.7015101 1.513397 0.2253238 1.095113 1.389692 0.2367478 1.441156 1.352661  A_Kick_SoClose
0.08258773 0.0509702 1.400189 0.02641215 0.1284176 1.475202 -0.1965819 0.3274943 1.4243 -0.01313148 0.1810173 1.224305 0.1581454 0.1347051 1.43344 0.3351673 0.3796462 1.318815 0.159495 0.2061372 1.13405 0.09510358 0.2689329 1.484017 0.02285941 0.7174886 1.558256 -0.05927227 1.115718 1.630661 -0.06835549 1.46246 1.611654 0.2038082 0.7045914 1.518347 0.2211592 1.096467 1.389756 0.2351431 1.442229 1.351008  A_Kick_SoClose
0.08432718 0.05279732 1.40309 0.02529545 0.1292878 1.476227 -0.1941929 0.3250912 1.410439 -0.0007473062 0.1734223 1.224206 0.1584892 0.1368145 1.43962 0.3425986 0.3798937 1.329775 0.1753274 0.2055014 1.138171 0.09222777 0.2704731 1.487518 0.01394506 0.7184962 1.559047 -0.06791417 1.115705 1.637139 -0.07163517 1.462825 1.624182 0.1959767 0.7071133 1.523884 0.2172803 1.097189 1.390503 0.2338047 1.442529 1.349089  A_Kick_SoClose
0.08588465 0.05452251 1.406056 0.02428253 0.1301079 1.477339 -0.1909535 0.3230135 1.398262 0.0108058 0.166698 1.225155 0.1586414 0.1388218 1.445573 0.3495532 0.3799698 1.340569 0.1901723 0.2050824 1.142791 0.08946468 0.2719159 1.49085 0.005751388 0.719419 1.559727 -0.07607011 1.115881 1.641568 -0.07852815 1.463176 1.634215 0.1886668 0.7093908 1.52902 0.2138799 1.097756 1.391396 0.2329328 1.442658 1.34749  A_Kick_SoClose
0.08681591 0.05625784 1.410857 0.02245225 0.1309885 1.479556 -0.1856735 0.3226019 1.387205 0.02310194 0.1608709 1.227946 0.1579321 0.1411374 1.453489 0.3584386 0.3787313 1.354078 0.2076084 0.2050877 1.148646 0.08540876 0.2735629 1.495361 -0.003659828 0.7206005 1.561113 -0.08480214 1.117925 1.639367 -0.102638 1.464837 1.636557 0.1801508 0.7116864 1.535899 0.2102358 1.098151 1.393972 0.2324101 1.442366 1.346306  A_Kick_SoClose
0.08606268 0.05743182 1.415511 0.01969232 0.1318423 1.481827 -0.1817162 0.3236265 1.380382 0.03080811 0.1572633 1.231171 0.1558927 0.1428573 1.460255 0.364266 0.3770694 1.36536 0.2204934 0.2041702 1.154316 0.08108379 0.274924 1.499132 -0.01153199 0.7216547 1.562196 -0.09098981 1.119597 1.639027 -0.1155518 1.466106 1.640389 0.1728761 0.7134848 1.541497 0.2071179 1.098691 1.397111 0.231937 1.442283 1.346352  A_Kick_SoClose
0.08486195 0.05810523 1.419004 0.01727821 0.1324823 1.483603 -0.1792787 0.3249519 1.376915 0.03486546 0.1553891 1.233744 0.1538738 0.1439314 1.464953 0.3675099 0.3756415 1.373054 0.2284709 0.2030847 1.158585 0.07775672 0.2758497 1.501738 -0.01683675 0.7224144 1.562959 -0.09469061 1.120712 1.639593 -0.1214213 1.467041 1.643531 0.167904 0.7146643 1.545286 0.2049347 1.099077 1.399482 0.2315247 1.442186 1.346406  A_Kick_SoClose
0.07646544 0.05903518 1.431772 0.006488042 0.1347132 1.491276 -0.175645 0.3315637 1.373878 0.03773781 0.1508894 1.243755 0.1438897 0.145788 1.479641 0.3705784 0.3700368 1.394864 0.2443171 0.1946251 1.17488 0.06615044 0.2782836 1.510478 -0.03107886 0.7246653 1.566285 -0.1052634 1.124261 1.639733 -0.1386793 1.469815 1.651974 0.1542699 0.7178077 1.556269 0.1989713 1.099916 1.406607 0.2305029 1.441317 1.34579  A_Kick_SoClose
0.06868638 0.05893576 1.440852 -0.002078636 0.136201 1.497273 -0.175439 0.3364009 1.375295 0.03422912 0.1474808 1.250973 0.1356598 0.1460415 1.488993 0.3685206 0.3658119 1.40723 0.249052 0.1849003 1.187907 0.05827292 0.2794913 1.516413 -0.03868238 0.7259508 1.568992 -0.1114842 1.127019 1.635466 -0.1515645 1.471465 1.656066 0.1468467 0.7194132 1.562846 0.1964182 1.100006 1.410874 0.2311009 1.44023 1.345359  A_Kick_SoClose
0.06169786 0.05879092 1.448543 -0.009561522 0.1374781 1.502363 -0.1754721 0.3403451 1.376889 0.03036709 0.1444173 1.257098 0.1283901 0.1461556 1.496768 0.3661376 0.3621024 1.417441 0.2519256 0.1760999 1.199581 0.05154612 0.2804646 1.521374 -0.04489456 0.7269939 1.571307 -0.1164859 1.129233 1.631751 -0.1608082 1.472635 1.659755 0.1407204 0.7207078 1.56829 0.1944362 1.099969 1.414409 0.2318231 1.439129 1.344979  A_Kick_SoClose
0.05286254 0.05849791 1.457678 -0.01874254 0.1390045 1.508454 -0.1759019 0.3448269 1.379319 0.02442862 0.1404942 1.264325 0.1193867 0.1461021 1.505771 0.3624074 0.3575147 1.428977 0.253635 0.1648381 1.214155 0.04354014 0.281521 1.527181 -0.05184851 0.7281443 1.574132 -0.1220403 1.131669 1.627195 -0.1699757 1.473752 1.664013 0.1337989 0.7221148 1.574572 0.1924209 1.099729 1.418447 0.2330133 1.437551 1.344445  A_Kick_SoClose
0.04413213 0.05807388 1.466261 -0.02755169 0.140348 1.514266 -0.1769318 0.3487228 1.382282 0.0176446 0.1368175 1.27118 0.1106743 0.145892 1.513953 0.3583582 0.3528966 1.43894 0.2535828 0.1541792 1.227663 0.03598662 0.2823718 1.532512 -0.05811052 0.7290885 1.576783 -0.1268392 1.13361 1.62383 -0.1765106 1.474609 1.66772 0.1275155 0.7232798 1.580065 0.1904734 1.099367 1.421957 0.2339866 1.43588 1.343768  A_Kick_SoClose
0.03575059 0.05768013 1.474262 -0.03587512 0.1416034 1.519693 -0.1780721 0.3521943 1.385336 0.01077368 0.1334891 1.277573 0.1023908 0.1456759 1.521484 0.354307 0.3484621 1.448018 0.2527033 0.144248 1.240466 0.02889987 0.2831309 1.537439 -0.06387447 0.7299206 1.57925 -0.131125 1.135273 1.620979 -0.1815581 1.475296 1.67113 0.1216961 0.724319 1.585057 0.1886382 1.098965 1.425174 0.2349052 1.434192 1.343138  A_Kick_SoClose
0.02757611 0.05703604 1.481811 -0.04373227 0.142535 1.525056 -0.1803634 0.3550339 1.389156 0.00329073 0.1307455 1.283925 0.09454347 0.1451957 1.528219 0.350571 0.3437978 1.455638 0.2507469 0.1361716 1.250624 0.02233501 0.2835636 1.541991 -0.06891243 0.7304435 1.581659 -0.1347309 1.136464 1.618941 -0.1851746 1.475756 1.673807 0.1166039 0.724997 1.589113 0.1866895 1.098552 1.428028 0.235305 1.432637 1.342756  A_Kick_SoClose
0.02131601 0.0565908 1.487523 -0.04971026 0.1432638 1.529103 -0.1821028 0.3571388 1.392098 -0.0024911 0.1287501 1.288726 0.08855434 0.1448557 1.533301 0.3476652 0.3402343 1.46145 0.2490537 0.1300747 1.25844 0.01734872 0.2838954 1.545431 -0.0727251 0.7308293 1.583483 -0.137416 1.137326 1.617404 -0.1876225 1.476054 1.675853 0.112741 0.7255049 1.592172 0.1852042 1.098224 1.430205 0.2356224 1.431413 1.342507  A_Kick_SoClose
0.01319583 0.05563116 1.495005 -0.05720107 0.1437907 1.534825 -0.1861439 0.3592752 1.397149 -0.01065825 0.1268793 1.295637 0.08105756 0.1440499 1.539488 0.3446029 0.3350861 1.468178 0.2466092 0.1249554 1.264839 0.01120617 0.2839158 1.549866 -0.07714181 0.7309611 1.585886 -0.140553 1.137963 1.61594 -0.1901809 1.476231 1.67747 0.1083033 0.7257628 1.595087 0.1830939 1.097857 1.432742 0.235526 1.43006 1.342521  A_Kick_SoClose
0.005120175 0.05452478 1.502564 -0.06451403 0.1441251 1.540812 -0.1910961 0.3611107 1.402805 -0.0190442 0.1254449 1.302968 0.07374038 0.1430941 1.545494 0.3418772 0.329618 1.474487 0.2441976 0.1212311 1.269212 0.005249875 0.2837393 1.554289 -0.08129577 0.7309058 1.588266 -0.1435681 1.138339 1.614637 -0.1924469 1.476282 1.678506 0.1041551 0.7258192 1.597412 0.180956 1.097511 1.435084 0.2352698 1.4288 1.342642  A_Kick_SoClose
-0.0003467034 0.05337965 1.508013 -0.06924812 0.1439414 1.545535 -0.1963205 0.3618546 1.407915 -0.02516053 0.1251848 1.308923 0.06902368 0.1420934 1.549375 0.3407517 0.3252072 1.477974 0.2428292 0.1214305 1.268235 0.001455205 0.2832314 1.557372 -0.08371256 0.7305306 1.58987 -0.1455106 1.138175 1.613989 -0.1938373 1.476151 1.678101 0.1017907 0.7254878 1.59791 0.1794593 1.097321 1.436321 0.2348586 1.428144 1.342862  A_Kick_SoClose
-0.005292995 0.05207479 1.513249 -0.07337354 0.1435089 1.550331 -0.2023116 0.3622289 1.413548 -0.03103439 0.1254356 1.315056 0.06491859 0.1409532 1.552781 0.3400281 0.3208271 1.480476 0.2419669 0.1235946 1.264634 -0.001819653 0.2825155 1.560229 -0.08564274 0.7299567 1.591357 -0.1474321 1.13771 1.613586 -0.1953885 1.475845 1.677136 0.09992994 0.724942 1.597615 0.1780644 1.097177 1.437179 0.2343121 1.427676 1.343082  A_Kick_SoClose
