-0.01840411 0.004479289 7.055706 -0.08281963 0.1032788 7.077395 -0.2792461 0.3683956 7.103589 -0.3174033 0.6661623 7.032974 0.0551339 0.09507763 7.083627 0.2778409 0.3380001 7.120086 0.3423124 0.6348196 7.066739 -0.005058212 0.2390362 7.069406 -0.09436099 0.6828774 7.032493 -0.07908402 1.095377 7.046107 -0.05642561 1.441864 7.056441 0.09134163 0.6848772 7.035969 0.1305128 1.087135 6.951958 0.1619563 1.433882 6.946914  O_Jump_Close
-0.01766811 0.01448417 7.052565 -0.08206318 0.1130611 7.075302 -0.2778558 0.3785814 7.101951 -0.3168972 0.6757656 7.029391 0.05588587 0.1047535 7.081491 0.2816532 0.3462703 7.117897 0.3428529 0.6419097 7.054997 -0.004260762 0.248875 7.06881 -0.09313439 0.6932403 7.037839 -0.07986532 1.104664 7.004234 -0.06512634 1.448943 7.048151 0.09257098 0.6949744 7.04131 0.1342595 1.086058 6.915933 0.1609764 1.432614 6.936732  O_Jump_Close
-0.01765178 0.03139281 7.043529 -0.08194421 0.1295472 7.068295 -0.2780127 0.3952358 7.096508 -0.3211278 0.6914217 7.022195 0.0559922 0.1209519 7.07437 0.2856602 0.3605423 7.110641 0.3447104 0.6538469 7.035875 -0.003982348 0.2653768 7.064681 -0.09190725 0.7104669 7.044399 -0.0830168 1.114608 6.95975 -0.04561571 1.450066 7.041865 0.09380247 0.7116643 7.047863 0.1382613 1.087847 6.88381 0.1499275 1.431383 6.939442  O_Jump_Close
-0.01697425 0.08088386 7.015216 -0.08083676 0.1773574 7.046769 -0.2822298 0.4415458 7.081828 -0.3457327 0.7340652 7.007617 0.05704798 0.1676867 7.052384 0.2942483 0.4029132 7.088609 0.3590508 0.6872272 6.988257 -0.002225144 0.3127242 7.052836 -0.08690761 0.7581264 7.066216 -0.0930355 1.134796 6.896932 -0.04200957 1.452429 7.028002 0.09880693 0.7575802 7.069586 0.1473098 1.092378 6.833025 0.1452651 1.426826 6.929916  O_Jump_Close
-0.01339154 0.1292142 6.973291 -0.07741474 0.222132 7.013893 -0.2949232 0.4785227 7.058691 -0.3979563 0.7622733 6.995625 0.06044479 0.2119187 7.019156 0.3028799 0.4423826 7.064501 0.4054748 0.7000877 6.929717 0.00114377 0.3562237 7.033608 -0.0821362 0.7980518 7.086406 -0.09886603 1.150714 6.872108 -0.04005031 1.453219 7.032437 0.1035768 0.7966005 7.089589 0.1534786 1.097548 6.811481 0.1429066 1.423574 6.933313  O_Jump_Close
-0.01042943 0.1610242 6.941059 -0.07476376 0.2503632 6.988606 -0.3063273 0.4982039 7.039035 -0.43562 0.7720645 6.9808 0.06308527 0.2399107 6.99367 0.3107397 0.4641916 7.050787 0.4487265 0.6959665 6.901306 0.003516691 0.3825532 7.019246 -0.07970689 0.8212825 7.093782 -0.1018683 1.15989 6.85835 -0.03978537 1.453635 7.033089 0.1060015 0.8197794 7.097202 0.1566345 1.1021 6.800327 0.1418904 1.422721 6.935356  O_Jump_Close
-0.009542031 0.1463566 6.910455 -0.07374464 0.2320877 6.964393 -0.3169115 0.4740053 7.018367 -0.4611154 0.73831 6.951615 0.06403948 0.2207077 6.969219 0.3191873 0.4385927 7.035293 0.4692592 0.6674779 6.893186 0.004904347 0.3612386 7.005322 -0.07764255 0.7966363 7.098602 -0.09834157 1.145283 6.878168 -0.04016332 1.44791 7.038499 0.1080676 0.7949881 7.101851 0.1563202 1.085744 6.812824 0.1438826 1.411313 6.935698  O_Jump_Close
-0.009899123 0.1145822 6.887732 -0.07372509 0.1974605 6.946371 -0.3232236 0.4367219 7.003491 -0.4714366 0.6946005 6.92201 0.06397147 0.1849464 6.950878 0.3249279 0.3986713 7.022133 0.4746386 0.6358052 6.893842 0.005603509 0.3235298 6.994892 -0.07612555 0.75653 7.100145 -0.09236 1.123165 6.910699 -0.04242663 1.439885 7.044374 0.1095871 0.7547749 7.103192 0.1548098 1.063832 6.8333 0.147325 1.39694 6.934448  O_Jump_Close
-0.01104174 0.07568038 6.865493 -0.07415806 0.1555763 6.928849 -0.3292111 0.3923753 6.990359 -0.4772302 0.6404198 6.882322 0.06339975 0.1414478 6.932787 0.3281737 0.3537766 7.007613 0.4769007 0.5995501 6.895452 0.006317871 0.2777594 6.984847 -0.07436787 0.7092041 7.098034 -0.08317827 1.098011 6.959017 -0.04664974 1.43087 7.051455 0.1113428 0.7074044 7.101174 0.1530267 1.040896 6.861489 0.1530811 1.381965 6.931632  O_Jump_Close
-0.01230977 0.02989435 6.847317 -0.07464902 0.1069016 6.91488 -0.3328472 0.340468 6.981374 -0.4744897 0.5765538 6.842419 0.06276752 0.09126842 6.917972 0.3368802 0.2966458 6.991269 0.4954261 0.5413002 6.890711 0.007001655 0.2251529 6.977255 -0.07288711 0.6559503 7.09397 -0.07595567 1.057161 6.996014 -0.05357913 1.400142 7.046378 0.1128215 0.6541904 7.097247 0.1518023 1.002387 6.878973 0.1578514 1.347494 6.924933  O_Jump_Close
-0.01271848 -0.008319497 6.837397 -0.07450931 0.06674325 6.907601 -0.3347591 0.2963773 6.97707 -0.4695167 0.5201167 6.813093 0.06281807 0.05022156 6.909942 0.3399055 0.2524663 6.983453 0.5036958 0.497575 6.892906 0.007920103 0.1823674 6.973762 -0.07163553 0.6134073 7.089752 -0.0727046 1.018639 7.009998 -0.05829911 1.364911 7.033712 0.1140725 0.6117287 7.093107 0.1521263 0.9629883 6.879631 0.1612354 1.30913 6.916383  O_Jump_Close
-0.01218127 -0.04559958 6.830739 -0.07366191 0.0277307 6.903016 -0.3373592 0.2511321 6.974869 -0.4653223 0.4597852 6.787261 0.0636033 0.01063597 6.904832 0.3450694 0.2070658 6.977857 0.5193948 0.4451081 6.88813 0.00922771 0.1411778 6.972297 -0.07039981 0.5732834 7.083335 -0.07027458 0.9805959 7.014989 -0.05952184 1.327761 7.020856 0.1153092 0.5718654 7.086752 0.1522736 0.9217831 6.870894 0.161854 1.267807 6.908625  O_Jump_Close
-0.0108888 -0.09295499 6.828222 -0.07213621 -0.02116156 6.90222 -0.342169 0.1930631 6.975377 -0.462276 0.3766887 6.758666 0.06509371 -0.03858447 6.903495 0.353649 0.1480931 6.974079 0.5416904 0.3725312 6.877268 0.01106908 0.0905 6.973979 -0.06704228 0.5257648 7.072464 -0.06933568 0.9324118 7.000299 -0.0606309 1.279667 7.003777 0.1186597 0.5228691 7.075282 0.1563546 0.8625059 6.843701 0.1599403 1.206178 6.899595  O_Jump_Close
-0.01033251 -0.1376255 6.830033 -0.07124524 -0.06646812 6.904916 -0.3485533 0.139398 6.977664 -0.4631366 0.2921878 6.735521 0.0659733 -0.0840168 6.905525 0.3624822 0.09203017 6.97132 0.560695 0.3040754 6.867143 0.01232024 0.04445553 6.977397 -0.06072484 0.4841226 7.059481 -0.07067196 0.8874921 6.97134 -0.05871109 1.233617 6.998327 0.1248464 0.4761887 7.060868 0.1669176 0.7976171 6.805296 0.1534082 1.134994 6.890396  O_Jump_Close
-0.01018242 -0.1742766 6.835805 -0.07073979 -0.1026276 6.910507 -0.3544551 0.09660172 6.981263 -0.4604769 0.2219342 6.720191 0.06645907 -0.1203386 6.91072 0.3696681 0.04672968 6.971093 0.5756415 0.2478706 6.860541 0.01321848 0.008598804 6.982064 -0.05409507 0.4520605 7.04679 -0.07236485 0.853242 6.950382 -0.05794321 1.197385 6.995453 0.1311289 0.4381696 7.047613 0.1819847 0.7387992 6.769335 0.150533 1.066661 6.882318  O_Jump_Close
-0.007319612 -0.235139 6.856571 -0.06805961 -0.1607507 6.928392 -0.3631068 0.02639043 6.992114 -0.4519114 0.1141853 6.710133 0.06922318 -0.1777891 6.929012 0.3820792 -0.02417123 6.979414 0.598306 0.1604747 6.860014 0.0155166 -0.0462662 6.995093 -0.04265181 0.4018253 7.026743 -0.09030072 0.7807559 6.869531 -0.05938534 1.10718 6.984272 0.1415385 0.3778973 7.028456 0.2145521 0.6220152 6.703681 0.1499832 0.9211214 6.869856  O_Jump_Close
0.0008675028 -0.3149428 6.899601 -0.06106905 -0.233265 6.961841 -0.3738208 -0.07032943 7.00765 -0.4506867 0.01113522 6.720313 0.07648028 -0.247821 6.964199 0.4006188 -0.1119202 6.999444 0.6239305 0.05546522 6.868225 0.02061553 -0.1100472 7.013665 -0.04048489 0.3394022 7.019208 -0.1240568 0.6659675 6.780576 -0.06473152 0.9505261 6.970788 0.1438313 0.3165488 7.021814 0.2357567 0.461542 6.646407 0.153241 0.7211072 6.863352  O_Jump_Close
0.006820636 -0.3461024 6.93062 -0.05596624 -0.2597554 6.985239 -0.3792797 -0.1154381 7.017161 -0.450514 -0.03062689 6.729341 0.08174302 -0.2724854 6.988609 0.4121338 -0.1489941 7.014791 0.639993 0.0002807379 6.870217 0.02437164 -0.1313879 7.025344 -0.04761354 0.316162 7.02186 -0.1436551 0.6128001 6.751016 -0.07201831 0.8822598 6.95822 0.1376531 0.3030155 7.024093 0.2331024 0.4002937 6.634439 0.1581065 0.6494026 6.865887  O_Jump_Close
0.009735124 -0.3543955 6.944342 -0.0534458 -0.2662082 6.995452 -0.3811906 -0.1310917 7.0208 -0.4493783 -0.04480946 6.73268 0.08433147 -0.2780761 6.99917 0.4166107 -0.1587063 7.021921 0.645779 -0.01782215 6.87113 0.02626147 -0.1358901 7.030161 -0.05203817 0.3099376 7.023881 -0.1538768 0.5914054 6.739312 -0.07622282 0.8533584 6.953845 0.1335521 0.3026251 7.025956 0.230131 0.4088138 6.638916 0.1596412 0.6616712 6.8677  O_Jump_Close
0.01277979 -0.3589166 6.960082 -0.05084757 -0.268782 7.007076 -0.3829507 -0.1437362 7.024678 -0.4473014 -0.0557133 6.736202 0.08699067 -0.2797481 7.011273 0.4227305 -0.1692969 7.029235 0.654164 -0.04113138 6.870754 0.02818765 -0.1365809 7.03566 -0.05719398 0.306874 7.026299 -0.165352 0.5687031 6.725763 -0.08088939 0.8216234 6.94841 0.1285381 0.3063594 7.028508 0.2255792 0.4481728 6.653174 0.1614142 0.7126019 6.870449  O_Jump_Close
0.01558478 -0.359377 6.974217 -0.04845367 -0.2676833 7.017489 -0.3838056 -0.1510781 7.028245 -0.4445682 -0.06121695 6.739558 0.08943625 -0.2778167 7.022064 0.4276242 -0.1742433 7.036139 0.6600791 -0.05692017 6.870898 0.02996375 -0.1340451 7.040561 -0.06190578 0.3068771 7.028341 -0.175973 0.5494953 6.714176 -0.08553664 0.7940574 6.943707 0.1237334 0.3126593 7.030835 0.2208638 0.5035617 6.677954 0.1637936 0.7848417 6.875115  O_Jump_Close
0.01775749 -0.3531119 6.983779 -0.04659287 -0.2604951 7.024551 -0.3842907 -0.1506957 7.03063 -0.4430048 -0.05963683 6.741894 0.09133406 -0.2700075 7.029339 0.4311083 -0.171085 7.040583 0.6638532 -0.06148314 6.87052 0.03135439 -0.1259958 7.043914 -0.06494932 0.3130369 7.029457 -0.1832441 0.5405689 6.705713 -0.08885299 0.7785168 6.940542 0.1205058 0.323069 7.032165 0.2160025 0.5508419 6.701403 0.1654832 0.8456002 6.879766  O_Jump_Close
0.02151771 -0.314813 7.001451 -0.0434383 -0.2207563 7.037717 -0.3835467 -0.1186645 7.037022 -0.4394456 -0.02403176 6.748877 0.09454842 -0.2291204 7.042909 0.4374946 -0.139733 7.047554 0.670446 -0.04737687 6.867808 0.03362389 -0.08496881 7.050521 -0.06857125 0.3516175 7.031228 -0.1951168 0.5431741 6.687911 -0.09437458 0.7676218 6.933162 0.1165088 0.3670075 7.034402 0.2045205 0.65718 6.754299 0.1671551 0.977942 6.884543  O_Jump_Close
0.02295532 -0.2782189 7.011472 -0.04229693 -0.1834112 7.045158 -0.3823208 -0.08095109 7.043154 -0.4383899 0.01596951 6.755804 0.09571846 -0.1911761 7.050517 0.4401716 -0.1062063 7.049983 0.6732216 -0.02717721 6.864116 0.03432234 -0.04707015 7.054178 -0.06790946 0.3901657 7.03289 -0.1981245 0.5548167 6.67721 -0.09556065 0.7745271 6.92597 0.1172206 0.404928 7.036127 0.194596 0.7171676 6.777432 0.1596125 1.049239 6.876189  O_Jump_Close
0.02350368 -0.2021023 7.023386 -0.04220222 -0.1065074 7.053808 -0.379157 0.005704284 7.055907 -0.4425607 0.107865 6.771916 0.0958503 -0.1134132 7.059381 0.4411765 -0.03127539 7.049184 0.6712191 0.01882517 6.849999 0.03375514 0.03043354 7.058095 -0.06869231 0.4685565 7.035396 -0.1951605 0.5966665 6.663686 -0.09573089 0.8098137 6.919334 0.1165008 0.4824605 7.03882 0.1644451 0.8382894 6.835127 0.1389728 1.182958 6.877586  O_Jump_Close
0.02199431 -0.1437536 7.030835 -0.04392497 -0.04775667 7.059477 -0.3743559 0.08037996 7.072135 -0.4606445 0.1935115 6.798524 0.09414382 -0.05424225 7.065152 0.4387201 0.02876663 7.047344 0.6637591 0.05153906 6.837717 0.03172024 0.08941352 7.061188 -0.07044987 0.5282083 7.038655 -0.1865355 0.6795204 6.672317 -0.09474783 0.9041998 6.920849 0.1148042 0.5412449 7.042191 0.1535593 0.9207774 6.884532 0.1475037 1.268543 6.90097  O_Jump_Close
0.01841988 -0.07105768 7.037686 -0.04760854 0.02539241 7.064497 -0.3666587 0.1749133 7.088598 -0.4862155 0.3087605 6.837802 0.09047104 0.01919281 7.070228 0.4322498 0.1075469 7.041591 0.6453977 0.09874153 6.818892 0.02786239 0.1626656 7.063513 -0.07324092 0.602442 7.042318 -0.1679925 0.8309808 6.711612 -0.0888121 1.085984 6.933822 0.1121124 0.6139651 7.045915 0.1587498 0.9910166 6.884482 0.1596028 1.337612 6.917933  O_Jump_Close
0.01096256 0.03677213 7.029161 -0.05494777 0.1331165 7.056634 -0.3510753 0.3160113 7.09349 -0.5021803 0.4920584 6.890309 0.08313335 0.1267625 7.062155 0.4082805 0.2560719 7.020538 0.5881446 0.2594119 6.770054 0.02064206 0.2703274 7.056382 -0.07631879 0.7125201 7.048884 -0.1337771 1.032887 6.794643 -0.07551925 1.330276 6.964466 0.1092307 0.7202433 7.05253 0.1573926 1.08275 6.86103 0.1500225 1.422446 6.93719  O_Jump_Close
0.00419976 0.0925411 6.999746 -0.06126414 0.1873471 7.033025 -0.3408338 0.3907838 7.075911 -0.5007935 0.5979621 6.912823 0.07677956 0.1799883 7.038225 0.376936 0.3570646 7.019593 0.546402 0.4373758 6.774775 0.01499368 0.323943 7.041211 -0.07729517 0.7672351 7.061372 -0.1118005 1.120771 6.850667 -0.05492548 1.426249 7.005979 0.1083598 0.771698 7.065092 0.1606643 1.097436 6.816975 0.1448561 1.427648 6.92633  O_Jump_Close
-0.004307194 0.1534418 6.964965 -0.06895952 0.2454461 7.006636 -0.3225262 0.4751691 7.05519 -0.4743263 0.7244112 6.955477 0.06896992 0.2361356 7.011738 0.3416259 0.4440953 7.038196 0.5094436 0.6118414 6.841211 0.008670824 0.379851 7.02784 -0.07775347 0.8213457 7.081705 -0.1087255 1.153918 6.838782 -0.04495994 1.443217 7.020204 0.1079548 0.8220237 7.085379 0.1614441 1.104358 6.789019 0.1424964 1.422825 6.928545  O_Jump_Close
-0.01007734 0.1928991 6.931879 -0.07443856 0.2811216 6.981433 -0.3083902 0.5277991 7.033338 -0.4415674 0.7997667 6.974985 0.06340016 0.2704983 6.986422 0.3118905 0.4937268 7.04721 0.4535289 0.7242374 6.899197 0.003851848 0.412524 7.015267 -0.07921748 0.8503501 7.095655 -0.1057393 1.172707 6.838833 -0.03974823 1.455339 7.02972 0.1064901 0.8487822 7.099086 0.1592594 1.107046 6.781409 0.1416075 1.420453 6.932117  O_Jump_Close
-0.009316606 0.1770357 6.923249 -0.074369 0.2647146 6.972865 -0.297341 0.5193069 7.029924 -0.4017858 0.7977234 6.948174 0.06358089 0.2554289 6.977434 0.3073331 0.4881114 7.036206 0.3832782 0.76085 6.913935 0.002756732 0.3969208 7.00624 -0.0815901 0.836977 7.080621 -0.1047914 1.169354 6.836568 -0.04075496 1.455691 7.022539 0.1041183 0.8360974 7.084246 0.1572225 1.106306 6.776722 0.1412504 1.421444 6.923966  O_Jump_Close
-0.008514268 0.1547917 6.924202 -0.07413159 0.2425922 6.97285 -0.2873463 0.5035225 7.038756 -0.3621132 0.7830421 6.93205 0.06387843 0.234275 6.977468 0.305936 0.4720672 7.044203 0.3462475 0.7654291 6.958074 0.002124863 0.3756766 7.004697 -0.0837227 0.8168259 7.067881 -0.1024861 1.162195 6.842175 -0.04153822 1.455558 7.017952 0.1019852 0.8164622 7.071621 0.1546539 1.103298 6.779467 0.1414319 1.422403 6.918195  O_Jump_Close
-0.009418411 0.1418597 6.923166 -0.07507031 0.2291665 6.972648 -0.2815731 0.4944113 7.04793 -0.3411639 0.7741561 6.932608 0.06290658 0.2205497 6.977686 0.3035972 0.4605278 7.053763 0.3377326 0.7545404 6.967185 0.001292067 0.3617121 7.00643 -0.08519153 0.8032587 7.067412 -0.1009472 1.155613 6.852534 -0.04154448 1.454563 7.01919 0.1005176 0.802894 7.071088 0.1532492 1.099697 6.789077 0.1422232 1.422524 6.919112  O_Jump_Close
-0.0110551 0.122501 6.92456 -0.0765004 0.209674 6.974549 -0.2772311 0.4774655 7.059736 -0.3215491 0.7557656 6.934466 0.06144531 0.2006177 6.979668 0.3017127 0.4403261 7.065812 0.3309039 0.7331316 6.973523 0.0002168585 0.341769 7.009278 -0.08679144 0.7839799 7.065187 -0.09807484 1.146681 6.867969 -0.04177074 1.453242 7.021344 0.09891976 0.7837111 7.068769 0.1508125 1.095308 6.803028 0.1432889 1.422958 6.920657  O_Jump_Close
-0.01177834 0.1094078 6.926053 -0.07719003 0.1964777 6.976265 -0.276254 0.4638005 7.066267 -0.312851 0.7409542 6.93606 0.06075754 0.1873978 6.981294 0.3012716 0.4254351 7.072767 0.3275681 0.7174788 6.977251 -0.0004428457 0.3284899 7.011242 -0.08774047 0.771085 7.063732 -0.09622417 1.140578 6.879401 -0.04228602 1.452278 7.022955 0.09797044 0.7709528 7.067333 0.1491042 1.092726 6.813856 0.1439967 1.423428 6.922751  O_Jump_Close
-0.01242749 0.09211755 6.92816 -0.07787518 0.1791006 6.978476 -0.276797 0.4438871 7.072347 -0.3059676 0.7203145 6.938763 0.06008901 0.1701784 6.983326 0.3014865 0.404673 7.079623 0.3254398 0.6960872 6.9816 -0.001235468 0.3111931 7.013386 -0.08888154 0.754238 7.061455 -0.09367685 1.133642 6.898347 -0.04328523 1.451073 7.030151 0.09682889 0.754321 7.065084 0.1466742 1.089663 6.829575 0.1450486 1.424117 6.926455  O_Jump_Close
-0.01303862 0.06793249 6.933142 -0.07861184 0.1550642 6.983035 -0.2798019 0.4138641 7.077456 -0.303517 0.6922445 6.946883 0.05938335 0.14652 6.987681 0.3020767 0.3746732 7.086115 0.326576 0.6666372 6.98988 -0.002241297 0.2875656 7.016972 -0.09037589 0.7311993 7.058617 -0.08948289 1.122598 6.926782 -0.04520438 1.449097 7.036835 0.09533454 0.7316079 7.062223 0.1427971 1.086129 6.856151 0.1469627 1.425479 6.934076  O_Jump_Close
-0.01375852 0.05188406 6.93867 -0.07930772 0.1395956 6.987569 -0.2814241 0.3955961 7.079693 -0.3046568 0.6775577 6.956952 0.05869331 0.1311373 6.992197 0.3004031 0.3572385 7.089036 0.3281178 0.6504648 6.997633 -0.002937181 0.2725118 7.019843 -0.09132604 0.7165956 7.056074 -0.08607678 1.115832 6.950447 -0.04670511 1.447872 7.044648 0.09438391 0.7172158 7.059674 0.1399866 1.084037 6.875918 0.1487744 1.426442 6.938601  O_Jump_Close
-0.01465384 0.03527701 6.946479 -0.08013283 0.1239606 6.99369 -0.2822348 0.3787508 7.079507 -0.3077303 0.6663859 6.971232 0.05787112 0.1155632 6.998342 0.2965536 0.3419397 7.089654 0.331292 0.6375706 7.009032 -0.003699703 0.2574749 7.023231 -0.09234063 0.7020403 7.052635 -0.08172689 1.108416 6.979691 -0.04856722 1.446474 7.05243 0.09336843 0.7029028 7.056231 0.1366326 1.083499 6.902354 0.151335 1.428399 6.947912  O_Jump_Close
-0.01565866 0.014696 6.978996 -0.08101176 0.1067184 7.019518 -0.2809084 0.3653103 7.084881 -0.3131209 0.6603729 7.001168 0.05699684 0.09861541 7.02454 0.2880268 0.3320117 7.097798 0.3366128 0.6302156 7.036007 -0.004465742 0.2420331 7.03879 -0.09350733 0.6874863 7.044216 -0.07595824 1.099959 7.032695 -0.05562816 1.445425 7.062924 0.0921997 0.6888515 7.047762 0.1322048 1.083982 6.93518 0.1563552 1.430946 6.95194  O_Jump_Close
-0.01608412 0.009916902 6.995928 -0.08132653 0.1036242 7.032582 -0.2798388 0.3646307 7.087622 -0.3150669 0.66153 7.012009 0.05667968 0.09562218 7.037827 0.2845701 0.3325875 7.101829 0.3387243 0.6310439 7.046191 -0.004652841 0.2395664 7.04606 -0.09383701 0.6849921 7.040847 -0.07846968 1.0975 7.054102 -0.0561317 1.443984 7.065225 0.09186883 0.6865618 7.044368 0.1313018 1.084884 6.94343 0.1582227 1.431944 6.951944  O_Jump_Close
-0.01658349 0.006518722 7.013546 -0.08169995 0.1018009 7.046139 -0.2789084 0.3648771 7.090582 -0.3169193 0.6631395 7.02201 0.05630215 0.09388793 7.051622 0.2812992 0.3339574 7.106008 0.3406987 0.6323478 7.055616 -0.004875643 0.238119 7.053633 -0.0941696 0.6832646 7.037876 -0.0789551 1.095703 7.053284 -0.05565069 1.442159 7.063258 0.09153517 0.6850156 7.041368 0.1305576 1.085902 6.950975 0.1602175 1.432842 6.951801  O_Jump_Close
-0.01719688 0.004654765 7.034147 -0.08208083 0.1016709 7.061698 -0.278453 0.3662281 7.095615 -0.3180592 0.6649326 7.029931 0.05590852 0.09375691 7.067492 0.2788408 0.3360604 7.112084 0.3422037 0.6338847 7.063193 -0.00495754 0.238026 7.061911 -0.09431426 0.6825983 7.034938 -0.07905571 1.09508 7.049108 -0.05641333 1.441555 7.059903 0.09138937 0.6845112 7.038407 0.1303553 1.086692 6.953934 0.1613698 1.433494 6.950133  O_Jump_Close
-0.01777921 0.00437808 7.047132 -0.08243422 0.1024495 7.071273 -0.2786866 0.3674784 7.099893 -0.3180358 0.6658815 7.032701 0.05553909 0.09443176 7.077302 0.2779867 0.3373854 7.116636 0.3425363 0.6346702 7.066045 -0.005003793 0.2385529 7.066668 -0.09435366 0.6826786 7.033347 -0.0791025 1.095168 7.047294 -0.05646591 1.441649 7.057904 0.09134932 0.684661 7.036812 0.1304333 1.087007 6.953183 0.1618161 1.433763 6.948363  O_Jump_Close
