-0.01850484 0.005456328 4.095946 -0.08292036 0.1042558 4.117636 -0.2793468 0.3693726 4.14383 -0.317504 0.6671394 4.073215 0.05503317 0.09605467 4.123868 0.2777403 0.3389771 4.160326 0.3422118 0.6357967 4.106979 -0.005158944 0.2400132 4.109647 -0.09446166 0.6838545 4.072734 -0.07594524 1.096434 4.069523 -0.05476902 1.442298 4.094087 0.0912409 0.6858543 4.07621 0.1304121 1.088112 3.992198 0.1618557 1.434859 3.987155  O_Gathering_Close
-0.02098016 0.005998969 4.095368 -0.08524095 0.1046151 4.118056 -0.2819739 0.3696452 4.145531 -0.3181902 0.6667308 4.071126 0.05272396 0.0962435 4.123789 0.276193 0.3385066 4.160636 0.3396883 0.6351565 4.105214 -0.007344646 0.2402837 4.109876 -0.09656964 0.6841294 4.073322 -0.07690297 1.096647 4.069147 -0.05478535 1.442417 4.094203 0.08914222 0.68613 4.076262 0.1300388 1.083957 3.973967 0.1589808 1.430826 3.983594  O_Gathering_Close
-0.02468948 0.006740689 4.094494 -0.0887209 0.1050947 4.118556 -0.2858584 0.3700111 4.147812 -0.3198411 0.6662114 4.068957 0.04925515 0.09647477 4.123612 0.2737105 0.3378373 4.161011 0.3358861 0.6342437 4.102857 -0.01062582 0.2406341 4.11013 -0.09972434 0.6844856 4.074064 -0.07834373 1.096901 4.068476 -0.05482028 1.442525 4.094254 0.08599742 0.686488 4.076293 0.1290459 1.079435 3.957367 0.1544716 1.425924 3.980744  O_Gathering_Close
-0.03142736 0.007990479 4.092896 -0.09503762 0.1058553 4.119314 -0.2928112 0.3705722 4.151673 -0.3232463 0.665166 4.065675 0.04294803 0.09680021 4.123216 0.2690507 0.3365983 4.161559 0.3290208 0.632512 4.098766 -0.01659427 0.2411669 4.110474 -0.10546 0.685028 4.075241 -0.08106677 1.097234 4.067112 -0.05502455 1.442578 4.094186 0.08027227 0.6870342 4.076268 0.1268354 1.073063 3.937643 0.1502656 1.418135 3.977943  O_Gathering_Close
-0.04139201 0.009868264 4.090809 -0.1043671 0.107024 4.12035 -0.3030162 0.3714443 4.156906 -0.3298227 0.6641467 4.063556 0.03361102 0.0973444 4.122715 0.2618039 0.3350027 4.162365 0.3189152 0.6301546 4.093605 -0.02541958 0.2420069 4.110988 -0.113916 0.6858792 4.076862 -0.08511202 1.097715 4.065187 -0.05532966 1.442617 4.093981 0.07181825 0.6878928 4.076338 0.1223226 1.065948 3.918454 0.144389 1.408426 3.977358  O_Gathering_Close
-0.05242549 0.0119108 4.088822 -0.1146855 0.1082876 4.121466 -0.3142491 0.3723654 4.162285 -0.3385172 0.6636363 4.063898 0.0232618 0.09793794 4.122293 0.2534348 0.3334012 4.163331 0.3077504 0.6276848 4.088823 -0.03519265 0.2429147 4.111607 -0.12326 0.6867956 4.078586 -0.08963935 1.098141 4.063111 -0.05572764 1.442511 4.093659 0.06246378 0.68882 4.076555 0.1161638 1.060727 3.905662 0.1388655 1.400194 3.979788  O_Gathering_Close
-0.06393753 0.01378798 4.087019 -0.1254597 0.1094486 4.122385 -0.325789 0.3732101 4.167241 -0.3494126 0.6640018 4.067293 0.01243611 0.09841716 4.121832 0.244326 0.3317884 4.163851 0.2963226 0.6252527 4.084609 -0.04540108 0.2437111 4.112142 -0.1329694 0.687606 4.080144 -0.09425382 1.098417 4.06253 -0.05612163 1.442293 4.09366 0.05273606 0.6896313 4.076837 0.1095346 1.057747 3.898882 0.133655 1.394145 3.985498  O_Gathering_Close
-0.07710086 0.01560009 4.085226 -0.1377997 0.1105605 4.123195 -0.338822 0.3740016 4.172256 -0.36373 0.6653305 4.074203 2.105725E-05 0.09876835 4.121283 0.2335259 0.3299726 4.163956 0.2834194 0.622659 4.080592 -0.05709658 0.2444128 4.112642 -0.1440457 0.688328 4.081687 -0.09940599 1.098516 4.06357 -0.05660627 1.441901 4.094043 0.04163529 0.6903437 4.07721 0.1019175 1.05699 3.897376 0.128449 1.390173 3.995012  O_Gathering_Close
-0.09484904 0.01944876 4.084504 -0.1546585 0.1135398 4.125254 -0.3563731 0.376753 4.178312 -0.38349 0.6688063 4.083039 -0.01694368 0.1007475 4.122382 0.2180948 0.3293267 4.164901 0.2668196 0.6213645 4.078621 -0.07304238 0.2468482 4.11484 -0.1589252 0.6908197 4.084865 -0.1063878 1.099518 4.056939 -0.05630193 1.441374 4.092997 0.02674569 0.6927745 4.079962 0.09260638 1.062278 3.908111 0.1229544 1.389243 4.02396  O_Gathering_Close
-0.1092328 0.02460003 4.085512 -0.1688841 0.1179602 4.127639 -0.370669 0.381381 4.181403 -0.3995567 0.6736423 4.087295 -0.03122692 0.1043832 4.12579 0.2047666 0.3308127 4.168774 0.2536474 0.6226815 4.082012 -0.08642249 0.2508388 4.118466 -0.1711117 0.6948383 4.088295 -0.1126847 1.101448 4.045526 -0.05536095 1.441009 4.091202 0.01460196 0.6967854 4.085438 0.08609147 1.071198 3.926983 0.1197769 1.390694 4.061278  O_Gathering_Close
-0.1248491 0.03443515 4.088833 -0.1859172 0.1267627 4.13056 -0.3863648 0.3913103 4.179329 -0.4164393 0.6826848 4.082872 -0.04839365 0.112357 4.134684 0.1887638 0.3358006 4.182325 0.2389282 0.6278899 4.097051 -0.1023558 0.259184 4.125777 -0.1848371 0.7031163 4.09264 -0.1197404 1.105453 4.025838 -0.0523744 1.440398 4.088669 0.0008050372 0.705252 4.098468 0.0795805 1.08608 3.960019 0.1158748 1.392231 4.12189  O_Gathering_Close
-0.1351277 0.04429519 4.093051 -0.1977621 0.1357697 4.133827 -0.3964088 0.4016029 4.177016 -0.4265576 0.6915303 4.076315 -0.0605921 0.1208149 4.143726 0.1773932 0.3415693 4.195614 0.2290796 0.6338866 4.112048 -0.1135889 0.2678882 4.13323 -0.1941817 0.7117264 4.097301 -0.1246412 1.10941 4.0102 -0.04916708 1.439664 4.087073 -0.008981271 0.7140978 4.111327 0.07497944 1.09946 3.989467 0.1121692 1.393783 4.171783  O_Gathering_Close
-0.1442975 0.05635154 4.099058 -0.2088015 0.1469063 4.138422 -0.4046846 0.4144771 4.174757 -0.4343458 0.7023306 4.068135 -0.07232313 0.1314366 4.154902 0.1666004 0.3487875 4.211356 0.2204493 0.6412815 4.129797 -0.1242841 0.2787397 4.142605 -0.202757 0.7224436 4.103567 -0.1290639 1.113883 3.994393 -0.04589681 1.438717 4.08517 -0.01849495 0.7251282 4.126843 0.07075019 1.114724 4.023624 0.1083082 1.39608 4.225307  O_Gathering_Close
-0.1513995 0.07199681 4.107112 -0.2180389 0.1614859 4.144767 -0.4106455 0.4308736 4.174048 -0.4377331 0.7149619 4.057139 -0.08264039 0.1456398 4.168292 0.1565496 0.3595799 4.229387 0.2123479 0.6524175 4.150411 -0.1336388 0.2931212 4.154229 -0.2100971 0.7366698 4.112339 -0.1332835 1.119787 3.978566 -0.04261259 1.437899 4.084667 -0.0273423 0.7397692 4.145394 0.06507702 1.132604 4.058545 0.1005952 1.399999 4.278742  O_Gathering_Close
-0.1568454 0.1007862 4.122947 -0.2267421 0.1885797 4.157812 -0.4143005 0.460427 4.177747 -0.4327936 0.7335773 4.03578 -0.09349506 0.1725168 4.191345 0.1458157 0.3805164 4.258866 0.2053123 0.673987 4.185113 -0.1434374 0.3201272 4.175026 -0.2176453 0.7634533 4.129923 -0.1392888 1.130044 3.956584 -0.03876571 1.436704 4.085146 -0.03789548 0.7672492 4.176583 0.05526688 1.162801 4.104035 0.08365645 1.41092 4.346685  O_Gathering_Close
-0.156127 0.1417693 4.139715 -0.2298055 0.2269894 4.172275 -0.4135734 0.5002195 4.187577 -0.4242109 0.759987 4.0217 -0.09938429 0.2110922 4.215574 0.1416937 0.4085958 4.286154 0.2083088 0.7016758 4.217082 -0.1491904 0.3586857 4.198695 -0.2229385 0.8018851 4.155052 -0.1448377 1.140315 3.931579 -0.03318564 1.434061 4.079637 -0.04720054 0.8065572 4.215018 0.04677101 1.201068 4.137985 0.06345637 1.423 4.405783  O_Gathering_Close
-0.1527232 0.167284 4.14534 -0.2280444 0.2508664 4.178052 -0.4107891 0.5249392 4.1924 -0.414046 0.776941 4.014659 -0.09855466 0.2352117 4.224145 0.1420502 0.4293106 4.290973 0.2096319 0.721952 4.220987 -0.1491327 0.3826932 4.208637 -0.2241735 0.8257984 4.168502 -0.1483423 1.14785 3.921304 -0.03194426 1.433386 4.081286 -0.04985503 0.8309182 4.232443 0.04683276 1.22114 4.138732 0.05777164 1.42743 4.41904  O_Gathering_Close
-0.1485624 0.1933575 4.148018 -0.2248146 0.2753676 4.182339 -0.4063028 0.5509785 4.195508 -0.3967107 0.7950433 4.007232 -0.09528767 0.2600151 4.22843 0.1446014 0.4519037 4.286884 0.21143 0.7437863 4.213108 -0.1471614 0.4073009 4.21557 -0.2243262 0.8502492 4.180396 -0.151391 1.154259 3.910521 -0.03101234 1.43263 4.07991 -0.05013381 0.8557196 4.24465 0.05111267 1.236706 4.122168 0.05796905 1.428705 4.412577  O_Gathering_Close
-0.1402004 0.2347523 4.147417 -0.2175926 0.3140994 4.185159 -0.4011571 0.5903205 4.197328 -0.3735554 0.8189861 3.992249 -0.0875182 0.2992976 4.229867 0.1502974 0.4898418 4.272174 0.2141991 0.7801487 4.190059 -0.1418411 0.446071 4.222387 -0.2227992 0.8884563 4.196157 -0.156128 1.163299 3.895173 -0.03109215 1.431527 4.07709 -0.04818998 0.8945042 4.259216 0.05742105 1.259151 4.097096 0.05797799 1.427482 4.401911  O_Gathering_Close
-0.1322678 0.2690932 4.143913 -0.210513 0.3460654 4.184696 -0.401076 0.620216 4.197241 -0.363218 0.8332545 3.977494 -0.07991253 0.3317561 4.228009 0.1549794 0.5229106 4.255522 0.2148 0.8114516 4.164582 -0.1364001 0.4778817 4.225592 -0.2204271 0.9194106 4.207072 -0.1596641 1.169701 3.884213 -0.03161685 1.430338 4.07486 -0.04539768 0.9259363 4.268908 0.06191542 1.278171 4.082312 0.05817791 1.427263 4.396963  O_Gathering_Close
-0.1227555 0.3086883 4.13681 -0.2019028 0.382442 4.181625 -0.4005347 0.653179 4.194376 -0.3487604 0.8482343 3.96118 -0.07060705 0.3686805 4.222968 0.1602962 0.5618639 4.232986 0.2148366 0.8479708 4.131632 -0.1297197 0.5137157 4.227424 -0.2174683 0.9536225 4.219015 -0.164147 1.175637 3.874862 -0.03338711 1.428845 4.073512 -0.04187981 0.9608003 4.27917 0.06801952 1.295315 4.063705 0.06098386 1.428573 4.385327  O_Gathering_Close
-0.1112941 0.3535908 4.123693 -0.1913192 0.4229143 4.173735 -0.3968282 0.6890435 4.185083 -0.3244341 0.8644013 3.941945 -0.05915294 0.4097472 4.212413 0.1660285 0.6071608 4.201873 0.2134362 0.8897049 4.087743 -0.1213026 0.5529308 4.226024 -0.2133661 0.9898824 4.230729 -0.169065 1.179941 3.866738 -0.03584317 1.426559 4.071933 -0.03709714 0.9979502 4.288744 0.07297035 1.316129 4.049891 0.06225141 1.429415 4.37898  O_Gathering_Close
-0.1004446 0.3946824 4.106557 -0.1812308 0.4589919 4.161824 -0.3930762 0.7188606 4.17397 -0.3028305 0.8790898 3.926402 -0.04828213 0.4464124 4.19793 0.1710224 0.648265 4.168744 0.2117254 0.9269782 4.043179 -0.1133262 0.5870286 4.221291 -0.2097425 1.02006 4.240277 -0.1738105 1.182098 3.862088 -0.03863082 1.423993 4.07158 -0.03287027 1.029019 4.29629 0.07674004 1.334167 4.040802 0.06306656 1.4299 4.37531  O_Gathering_Close
-0.09056847 0.4320943 4.08674 -0.1719758 0.4908973 4.147029 -0.389704 0.7432891 4.161915 -0.2850702 0.8932303 3.913566 -0.03833828 0.478901 4.180709 0.1750289 0.6852283 4.134744 0.2094754 0.9598483 3.998723 -0.1060604 0.6161924 4.214089 -0.2067208 1.044405 4.248113 -0.1782126 1.182631 3.859969 -0.04122601 1.421394 4.071867 -0.02932595 1.054213 4.302301 0.07987298 1.349019 4.034779 0.06403692 1.430405 4.372971  O_Gathering_Close
-0.07937132 0.474383 4.059438 -0.1614595 0.5257294 4.125391 -0.3854739 0.768067 4.149045 -0.2672214 0.9097038 3.901936 -0.027131 0.5144798 4.156481 0.1786428 0.7264144 4.092546 0.2058414 0.9960291 3.94533 -0.09794192 0.6465248 4.202299 -0.2039443 1.067635 4.25586 -0.1832343 1.182288 3.859628 -0.0443118 1.418261 4.073382 -0.02603642 1.07851 4.30813 0.08321436 1.363919 4.030625 0.06492563 1.430731 4.371872  O_Gathering_Close
-0.06955402 0.5115703 4.030171 -0.1522454 0.5549569 4.100957 -0.3815767 0.7868782 4.139504 -0.2552338 0.923933 3.893819 -0.01739816 0.5444098 4.129979 0.1815015 0.761767 4.051315 0.2031126 1.026497 3.894613 -0.09101711 0.670033 4.187844 -0.2023861 1.083051 4.261476 -0.1876106 1.181409 3.860624 -0.04682241 1.415464 4.075265 -0.02411882 1.094964 4.312274 0.08599378 1.375156 4.029835 0.06556912 1.430919 4.372941  O_Gathering_Close
-0.06128351 0.5426884 4.004131 -0.1444592 0.5786028 4.078495 -0.3797607 0.7992197 4.131911 -0.2495856 0.934535 3.887265 -0.009245498 0.5687447 4.106014 0.1826642 0.7914345 4.016772 0.1989485 1.052495 3.853412 -0.08524029 0.6876314 4.174133 -0.2016173 1.09233 4.265869 -0.191122 1.180179 3.862449 -0.04873304 1.413059 4.077312 -0.02313302 1.10538 4.315614 0.08902575 1.381758 4.030239 0.06628205 1.43055 4.374259  O_Gathering_Close
-0.04891865 0.5894315 3.962571 -0.1327984 0.6125412 4.041203 -0.3745844 0.8125339 4.126116 -0.2453707 0.9500914 3.882212 0.002850072 0.6039077 4.066937 0.1837172 0.8351103 3.963926 0.1934243 1.090321 3.791074 -0.07683741 0.7098033 4.150516 -0.2020123 1.098608 4.271976 -0.196497 1.17749 3.86661 -0.05134914 1.409388 4.080688 -0.02340792 1.114033 4.320598 0.09519251 1.385184 4.032823 0.06756265 1.428704 4.377192  O_Gathering_Close
-0.04258744 0.6166449 3.941389 -0.1266179 0.6322471 4.021759 -0.3713536 0.8184066 4.122818 -0.2433495 0.9587671 3.879875 0.009277837 0.6245409 4.046462 0.183474 0.8594874 3.935153 0.1900793 1.109855 3.755217 -0.07229136 0.7220205 4.138078 -0.2024546 1.10061 4.275494 -0.1996658 1.175631 3.869368 -0.05280231 1.407273 4.082551 -0.0238596 1.117717 4.323584 0.1005652 1.384672 4.034349 0.06879742 1.427104 4.378498  O_Gathering_Close
-0.03615526 0.6470629 3.919497 -0.1200905 0.6541196 4.001253 -0.3673104 0.8232784 4.119065 -0.2416449 0.9680802 3.877511 0.01609202 0.6478192 4.024745 0.1809089 0.8886611 3.908505 0.1826015 1.1366 3.725126 -0.06739114 0.735056 4.124593 -0.2030786 1.101294 4.279183 -0.2030541 1.173136 3.872473 -0.05425213 1.404782 4.084303 -0.02457516 1.120409 4.326856 0.1076371 1.381864 4.036057 0.07051428 1.424776 4.379609  O_Gathering_Close
-0.02978454 0.681722 3.897065 -0.1132409 0.6789473 3.979689 -0.3621735 0.8272177 4.114632 -0.2405276 0.9783577 3.87491 0.02326037 0.6749285 4.001791 0.1777149 0.921266 3.880555 0.1752054 1.165409 3.692162 -0.06217031 0.7495822 4.109856 -0.2040071 1.100572 4.283381 -0.2066539 1.169811 3.876227 -0.05579255 1.401879 4.086131 -0.02570294 1.1219 4.33086 0.1162335 1.376046 4.03817 0.07263722 1.421638 4.380615  O_Gathering_Close
-0.02614032 0.7105393 3.880746 -0.1085089 0.6993514 3.963876 -0.3579481 0.8293394 4.110688 -0.2404332 0.9867556 3.872953 0.02829875 0.6984487 3.984373 0.1738622 0.9495541 3.860468 0.1685224 1.191013 3.668703 -0.05835758 0.7617857 4.098515 -0.204705 1.099699 4.286451 -0.2091753 1.166845 3.878963 -0.05677978 1.399349 4.087269 -0.02659319 1.122493 4.333971 0.1227288 1.370615 4.039791 0.07435383 1.418927 4.38122  O_Gathering_Close
-0.02435283 0.7415236 3.865504 -0.104586 0.7208949 3.94908 -0.3536001 0.8305724 4.106012 -0.2410146 0.995556 3.871039 0.03247466 0.725066 3.967361 0.168156 0.9817246 3.84199 0.1605426 1.220915 3.647479 -0.05490224 0.775209 4.087363 -0.2052834 1.098943 4.28932 -0.2114783 1.163608 3.881453 -0.05751101 1.396555 4.088102 -0.02734934 1.122757 4.337005 0.1285772 1.364822 4.041209 0.0761679 1.416091 4.38161  O_Gathering_Close
-0.02696083 0.7737846 3.852068 -0.1029612 0.7425953 3.936562 -0.3503668 0.8305396 4.100709 -0.2414265 1.001272 3.868136 0.03404238 0.7549064 3.951249 0.1587243 1.01832 3.825729 0.1494924 1.256415 3.629949 -0.05245082 0.7895861 4.077208 -0.2054118 1.099344 4.291582 -0.2130085 1.160426 3.883187 -0.05748985 1.393509 4.088517 -0.02752952 1.123073 4.339502 0.1315372 1.360895 4.041942 0.07775833 1.413524 4.381921  O_Gathering_Close
-0.03174226 0.793336 3.845045 -0.1033617 0.754858 3.930581 -0.3480817 0.8284901 4.097266 -0.2417698 1.003871 3.866948 0.03303035 0.77491 3.942087 0.1499724 1.043638 3.817102 0.1399124 1.282361 3.622129 -0.05155323 0.7983567 4.071877 -0.2051636 1.100209 4.292258 -0.2135502 1.158858 3.883523 -0.05699013 1.391659 4.08838 -0.02725617 1.123458 4.340321 0.1331287 1.359432 4.041998 0.07911606 1.412177 4.381922  O_Gathering_Close
-0.03920738 0.8072745 3.840477 -0.1050812 0.7622744 3.927732 -0.3452418 0.8236348 4.094321 -0.2424907 1.005424 3.86738 0.02981772 0.7919602 3.935365 0.139713 1.066846 3.811814 0.1286138 1.308647 3.620728 -0.05146144 0.8045442 4.068725 -0.2046732 1.101518 4.291925 -0.213608 1.158249 3.882931 -0.05616186 1.390382 4.087867 -0.02673332 1.124074 4.340197 0.1348524 1.359254 4.041895 0.08070208 1.411495 4.381876  O_Gathering_Close
-0.04737858 0.8113738 3.838002 -0.1075728 0.7628168 3.927848 -0.3419674 0.8167557 4.09204 -0.2440562 1.005948 3.869043 0.02508994 0.8018653 3.931462 0.1325461 1.083672 3.814274 0.1158968 1.334188 3.635196 -0.05211024 0.8063775 4.06773 -0.2042348 1.102564 4.290886 -0.2134573 1.158631 3.881807 -0.05553726 1.389883 4.087373 -0.02636282 1.124377 4.339746 0.1361964 1.360057 4.042369 0.08191527 1.411536 4.382444  O_Gathering_Close
-0.04915689 0.8095526 3.837209 -0.1084542 0.7617254 3.928308 -0.3414195 0.8148426 4.091793 -0.2447919 1.005287 3.869304 0.02361001 0.8028277 3.930936 0.1353059 1.086982 3.822043 0.1085596 1.344764 3.654899 -0.05259977 0.8060386 4.067798 -0.2042698 1.102719 4.290297 -0.2136289 1.158944 3.881242 -0.05581842 1.389836 4.087297 -0.02646892 1.124313 4.339511 0.1362423 1.361167 4.043152 0.08192571 1.412034 4.383315  O_Gathering_Close
-0.04824166 0.8057641 3.836486 -0.1086816 0.7605135 3.928458 -0.3421726 0.8147954 4.091723 -0.2456545 1.004087 3.868205 0.02341755 0.801475 3.931497 0.1456944 1.085726 3.836442 0.1075269 1.353692 3.688652 -0.05338435 0.8053255 4.068011 -0.2047868 1.102514 4.289645 -0.2141644 1.159167 3.88065 -0.05672185 1.389804 4.087271 -0.02702407 1.12409 4.339006 0.1358317 1.363142 4.044497 0.08143075 1.413118 4.384778  O_Gathering_Close
-0.04804276 0.802571 3.83654 -0.1093221 0.7590274 3.928937 -0.3429678 0.8151205 4.091461 -0.2460328 1.003072 3.866993 0.02283694 0.7997668 3.932336 0.1521903 1.083036 3.845666 0.1108781 1.356257 3.708743 -0.05453245 0.8044126 4.068504 -0.2056449 1.102459 4.288986 -0.2144753 1.159554 3.88004 -0.05717401 1.389875 4.087121 -0.02786533 1.124045 4.338281 0.135903 1.364574 4.045485 0.0811875 1.414042 4.385789  O_Gathering_Close
-0.04797016 0.7992653 3.836778 -0.110122 0.7573353 3.929464 -0.3438109 0.8154974 4.091156 -0.2463372 1.001999 3.865716 0.022123 0.7977558 3.933297 0.1583559 1.079635 3.855045 0.1149548 1.357198 3.727847 -0.05590127 0.803321 4.069057 -0.2067537 1.102348 4.288223 -0.2147272 1.160019 3.879341 -0.05756823 1.38998 4.086929 -0.02895956 1.123942 4.337463 0.13606 1.366012 4.046647 0.08088149 1.415067 4.386936  O_Gathering_Close
-0.04803209 0.7956706 3.837194 -0.111128 0.7553648 3.930068 -0.3447256 0.815922 4.090833 -0.2466168 1.000828 3.864355 0.02123161 0.7953557 3.93442 0.1644802 1.075414 3.865259 0.1191604 1.35681 3.747504 -0.0575516 0.8020104 4.069691 -0.2081157 1.102195 4.287317 -0.2149456 1.160594 3.878517 -0.05791746 1.390121 4.086684 -0.03030501 1.123782 4.3365 0.1363258 1.36757 4.048047 0.08054359 1.416252 4.388291  O_Gathering_Close
-0.04815314 0.7912489 3.837662 -0.1124461 0.7528204 3.930626 -0.3458785 0.8163889 4.09028 -0.2468352 0.9992169 3.862526 0.02005191 0.7922596 3.935735 0.1716635 1.069884 3.878421 0.1257624 1.355267 3.770932 -0.05975125 0.8002005 4.070337 -0.2102285 1.101689 4.286141 -0.215069 1.161245 3.87748 -0.05833958 1.39029 4.086401 -0.03243808 1.12328 4.335395 0.136502 1.369135 4.050056 0.07980372 1.417718 4.390163  O_Gathering_Close
-0.04831902 0.786556 3.838083 -0.1139132 0.750008 3.931005 -0.3471074 0.8168108 4.089537 -0.2469383 0.9973241 3.860433 0.01872279 0.7888494 3.937032 0.1786799 1.063806 3.893114 0.1335421 1.352814 3.795432 -0.06223671 0.7980821 4.070859 -0.2128909 1.100816 4.284837 -0.215048 1.161859 3.876372 -0.05877249 1.390456 4.086123 -0.03516273 1.122423 4.334308 0.1365176 1.370403 4.052465 0.07870747 1.419264 4.392345  O_Gathering_Close
-0.04796372 0.7805682 3.838975 -0.1151892 0.74629 3.931713 -0.3485669 0.8171462 4.088501 -0.2465906 0.99463 3.857833 0.01759042 0.7844228 3.938974 0.1870241 1.056118 3.913035 0.145801 1.349063 3.825924 -0.0648924 0.7953095 4.071742 -0.2162397 1.099716 4.283145 -0.2145818 1.16238 3.874923 -0.05938659 1.390699 4.085776 -0.03867374 1.121422 4.333152 0.1363035 1.372055 4.055719 0.07666083 1.421321 4.395224  O_Gathering_Close
-0.04718421 0.7746317 3.840031 -0.1159179 0.7424157 3.932499 -0.3496453 0.8171283 4.087553 -0.2459862 0.9918597 3.855537 0.01697011 0.7799194 3.940955 0.1938282 1.048651 3.932395 0.1578416 1.344822 3.854344 -0.06696574 0.7923834 4.07267 -0.219267 1.098441 4.281477 -0.2137734 1.162688 3.873535 -0.0599706 1.390977 4.085439 -0.04190866 1.120301 4.33215 0.1358102 1.373571 4.058885 0.0742944 1.423309 4.397986  O_Gathering_Close
-0.04594068 0.7668303 3.841471 -0.1162867 0.7369508 3.933605 -0.3506884 0.8161877 4.086554 -0.2454719 0.988538 3.853461 0.01672431 0.7737076 3.943314 0.2002868 1.039068 3.95244 0.172295 1.338297 3.883281 -0.0687515 0.7881008 4.073836 -0.2220744 1.096321 4.279408 -0.2122487 1.162946 3.871929 -0.0603526 1.391442 4.08498 -0.04496012 1.118344 4.330857 0.134824 1.375157 4.06229 0.07152762 1.425584 4.400962  O_Gathering_Close
-0.04442761 0.7580292 3.842676 -0.116209 0.7302522 3.934433 -0.3509296 0.8140088 4.085739 -0.2452725 0.9850478 3.85188 0.0169092 0.7662942 3.945285 0.2052658 1.028651 3.969156 0.1855292 1.330099 3.907155 -0.06994866 0.7825319 4.074674 -0.2243465 1.092866 4.277476 -0.2104687 1.163002 3.870705 -0.06047563 1.391986 4.08458 -0.04748539 1.115016 4.329736 0.1330339 1.375695 4.065421 0.06878801 1.42747 4.40371  O_Gathering_Close
-0.04258088 0.7466784 3.842956 -0.1156573 0.7207009 3.934265 -0.350236 0.8091116 4.08455 -0.2459698 0.9807947 3.850539 0.01756968 0.7559849 3.946218 0.2095214 1.015685 3.980856 0.1974594 1.318422 3.92333 -0.07055311 0.7739486 4.074519 -0.2262286 1.086232 4.27588 -0.2085894 1.162767 3.87041 -0.06020145 1.392654 4.084435 -0.04964243 1.108374 4.329065 0.1294844 1.373663 4.068415 0.06604315 1.42857 4.406362  O_Gathering_Close
-0.04099403 0.7360193 3.843022 -0.1150415 0.7114065 3.933955 -0.3492651 0.8037487 4.083482 -0.2469947 0.9769436 3.849704 0.01826902 0.7460738 3.946751 0.2125748 1.003874 3.988127 0.2064113 1.307197 3.932797 -0.07081012 0.765449 4.074183 -0.2275978 1.079364 4.274874 -0.2070837 1.162307 3.870802 -0.05979924 1.39324 4.084464 -0.05124478 1.101435 4.328856 0.1258333 1.370613 4.070806 0.06387968 1.429029 4.40844  O_Gathering_Close
-0.03848926 0.7178761 3.843344 -0.1139829 0.695382 3.933672 -0.3474264 0.7940311 4.081744 -0.2488904 0.9704649 3.848786 0.01943757 0.7291236 3.947735 0.2166569 0.984218 3.9981 0.2188191 1.287984 3.94494 -0.07107471 0.7507801 4.073782 -0.2296858 1.067396 4.27376 -0.2048883 1.161123 3.872294 -0.05911778 1.394131 4.084737 -0.05371175 1.089305 4.329029 0.1194292 1.364323 4.074489 0.06051512 1.429277 4.411472  O_Gathering_Close
-0.03648619 0.7011607 3.843879 -0.1131221 0.6804678 3.933699 -0.3456843 0.7847226 4.080146 -0.2508549 0.9647669 3.848415 0.02038123 0.7134443 3.948755 0.2195695 0.9665191 4.005378 0.2281936 1.270359 3.953309 -0.07125787 0.737138 4.073616 -0.2313617 1.056228 4.272993 -0.2031051 1.159828 3.874191 -0.05843769 1.394922 4.085084 -0.05570767 1.07797 4.329336 0.1138672 1.357892 4.077757 0.05786951 1.42917 4.413959  O_Gathering_Close
-0.03406779 0.6776539 3.844989 -0.1121289 0.6593883 3.934131 -0.3432317 0.7713808 4.077876 -0.2536507 0.9570806 3.848532 0.02147646 0.6913507 3.950418 0.2229774 0.9420021 4.013608 0.2395834 1.245621 3.962184 -0.0715488 0.7178904 4.073671 -0.2334658 1.0405 4.272075 -0.2007845 1.157789 3.877423 -0.05742828 1.395965 4.085737 -0.0582308 1.061966 4.329811 0.1066532 1.348193 4.082241 0.05464377 1.428681 4.417001  O_Gathering_Close
-0.03083537 0.6395313 3.847457 -0.1107739 0.624957 3.935636 -0.3391197 0.749098 4.073896 -0.2587788 0.9453136 3.849949 0.02294769 0.6555685 3.953489 0.2257689 0.9037406 4.026806 0.2525335 1.206884 3.976882 -0.07187311 0.6865963 4.074301 -0.2363722 1.014789 4.27072 -0.1976383 1.154002 3.883817 -0.05629913 1.39766 4.08711 -0.0617219 1.036018 4.330287 0.09572519 1.332308 4.089816 0.05010607 1.427624 4.421601  O_Gathering_Close
-0.02907674 0.6095192 3.850311 -0.1103798 0.5979509 3.937697 -0.3362338 0.7318178 4.070531 -0.2625556 0.9363635 3.851807 0.02344258 0.6274152 3.956688 0.2281764 0.8736058 4.034473 0.2624431 1.176017 3.984697 -0.07260905 0.6621918 4.075491 -0.2384815 0.9951648 4.269473 -0.1949197 1.150846 3.88942 -0.05500124 1.398906 4.088323 -0.06426947 1.016047 4.330429 0.08840348 1.319657 4.096089 0.04732772 1.426708 4.424876  O_Gathering_Close
-0.02785383 0.5802011 3.853617 -0.1103265 0.5715901 3.94025 -0.3336221 0.7147069 4.067293 -0.2660631 0.9267784 3.853824 0.02359225 0.5999695 3.960191 0.2295236 0.8446834 4.04218 0.2701254 1.14641 3.993017 -0.07345347 0.6385142 4.077006 -0.24034 0.9762638 4.268047 -0.1927244 1.147784 3.89537 -0.05401311 1.400165 4.08963 -0.06651013 0.9968827 4.330172 0.08180346 1.307751 4.102648 0.0449719 1.425909 4.428117  O_Gathering_Close
-0.02700661 0.5396757 3.858978 -0.1108699 0.5352911 3.944586 -0.3304313 0.6907586 4.063041 -0.2704728 0.9121349 3.856874 0.02319075 0.5621849 3.965603 0.2300009 0.8054983 4.05287 0.277984 1.106361 4.005081 -0.07490854 0.6061654 4.079584 -0.242583 0.9508137 4.265486 -0.1900127 1.143654 3.904068 -0.05300729 1.40198 4.091608 -0.06920885 0.9711587 4.328961 0.07356782 1.292213 4.1123 0.04227008 1.425058 4.432644  O_Gathering_Close
-0.02723585 0.5029113 3.864674 -0.112185 0.5026938 3.949319 -0.3283298 0.6688613 4.059754 -0.2735551 0.8967901 3.859365 0.02202787 0.5281663 3.97112 0.2294881 0.770557 4.062175 0.2832128 1.070698 4.015984 -0.0767179 0.5774455 4.082342 -0.2443074 0.9288918 4.262112 -0.1871585 1.140204 3.91189 -0.05207829 1.403767 4.093444 -0.07127629 0.9490203 4.326584 0.06719752 1.279503 4.121622 0.04039987 1.424754 4.43695  O_Gathering_Close
-0.02836422 0.4683403 3.870824 -0.1141761 0.4723384 3.954499 -0.3268524 0.6483355 4.057043 -0.2763465 0.8818052 3.861982 0.02020259 0.4963846 3.976891 0.2281173 0.7381733 4.070908 0.2865371 1.037706 4.026502 -0.07886957 0.5509652 4.085311 -0.2456618 0.9092257 4.25803 -0.1844517 1.137288 3.919186 -0.05130653 1.405566 4.095178 -0.07290654 0.9291859 4.323289 0.06185712 1.268605 4.130839 0.03906311 1.424915 4.441154  O_Gathering_Close
-0.03095023 0.4275211 3.879323 -0.1175824 0.4369568 3.961707 -0.3256378 0.6244416 4.054344 -0.2798454 0.8642057 3.865867 0.01702221 0.4591469 3.984652 0.2252622 0.7005286 4.081511 0.288382 0.9994522 4.0395 -0.08206026 0.5204623 4.089401 -0.246932 0.8873432 4.251918 -0.1814683 1.13444 3.927522 -0.0505905 1.407901 4.097122 -0.07447045 0.9071521 4.317995 0.05624248 1.257065 4.142272 0.03795548 1.425695 4.446373  O_Gathering_Close
-0.03375296 0.3975742 3.886267 -0.1208179 0.4112462 3.967593 -0.3251201 0.6069934 4.052589 -0.2826932 0.8514439 3.869419 0.01396878 0.4319707 3.990838 0.222399 0.6731839 4.089393 0.2885238 0.9717296 4.049363 -0.08483557 0.4984535 4.092657 -0.2475877 0.8718693 4.246586 -0.1792131 1.132507 3.933589 -0.05015908 1.409659 4.09853 -0.0752949 0.89159 4.313128 0.05242034 1.249129 4.151085 0.03744199 1.426521 4.450344  O_Gathering_Close
-0.06123028 0.2497438 3.922937 -0.1472687 0.2862693 3.998066 -0.3349536 0.5175544 4.046768 -0.322216 0.7927723 3.908203 -0.01131694 0.2982574 4.020664 0.201021 0.537051 4.125388 0.2805612 0.8341857 4.103281 -0.1041156 0.3913314 4.105958 -0.2455512 0.7962341 4.205183 -0.1648706 1.122773 3.965521 -0.04897104 1.419197 4.104712 -0.07290117 0.8155137 4.270924 0.03545018 1.206997 4.197409 0.03965892 1.430026 4.464782  O_Gathering_Close
-0.07403861 0.211367 3.928451 -0.1580281 0.2538055 4.002788 -0.3437511 0.4922528 4.045456 -0.3459771 0.7769513 3.926926 -0.02150731 0.2630821 4.023117 0.1939281 0.5001241 4.127387 0.2776743 0.7965138 4.111763 -0.1105828 0.3626554 4.104971 -0.2434599 0.7741093 4.190586 -0.1598785 1.118528 3.978536 -0.04898165 1.421683 4.106883 -0.06972574 0.7931115 4.253489 0.03183706 1.18727 4.184732 0.04115858 1.421723 4.442012  O_Gathering_Close
-0.0818678 0.1932642 3.931635 -0.1643202 0.2388067 4.005855 -0.3494452 0.4805127 4.047011 -0.3579822 0.7681346 3.936069 -0.02744005 0.2466327 4.02429 0.1899695 0.4827833 4.127163 0.2759157 0.7786797 4.114398 -0.114078 0.3495518 4.104607 -0.2421484 0.7641215 4.183507 -0.1575497 1.116554 3.985495 -0.0491998 1.423031 4.107996 -0.06755488 0.7829971 4.244025 0.0314792 1.176009 4.16568 0.04260846 1.41509 4.418592  O_Gathering_Close
-0.09234165 0.1723055 3.935691 -0.1724627 0.2217315 4.00998 -0.3573827 0.4670953 4.050814 -0.3730759 0.757237 3.947475 -0.03512065 0.2276813 4.02544 0.1844053 0.4629498 4.125834 0.2722379 0.7584221 4.116565 -0.1183029 0.3347186 4.104009 -0.2402143 0.7528618 4.174916 -0.1545817 1.114258 3.994267 -0.04932747 1.424718 4.109203 -0.06433748 0.7715626 4.231654 0.03168913 1.160478 4.13202 0.04473187 1.404514 4.38006  O_Gathering_Close
-0.101671 0.1552771 3.939484 -0.1794425 0.2081214 4.013916 -0.3655812 0.4560765 4.056721 -0.3878509 0.7474819 3.958261 -0.04172925 0.2123605 4.02634 0.1795676 0.4470985 4.123323 0.2686972 0.7422386 4.116067 -0.121599 0.3229582 4.103401 -0.2382217 0.7439123 4.167707 -0.1517073 1.111831 4.001197 -0.04909484 1.425916 4.108414 -0.06111131 0.7624574 4.220523 0.0322903 1.144828 4.096136 0.04758568 1.394228 4.33865  O_Gathering_Close
-0.1094658 0.1416357 3.942461 -0.1850048 0.1974128 4.017053 -0.3723222 0.4473962 4.062168 -0.4004235 0.7399949 3.968874 -0.04702197 0.2001318 4.026571 0.175679 0.434558 4.119857 0.2656415 0.7294719 4.113777 -0.1238641 0.3137337 4.102329 -0.2360753 0.7368717 4.161292 -0.1493345 1.110364 4.007819 -0.04931961 1.427298 4.108932 -0.05785797 0.7552631 4.210301 0.03246017 1.129659 4.061728 0.04987301 1.383716 4.299214  O_Gathering_Close
-0.1165377 0.1285661 3.945138 -0.1898064 0.1872233 4.019785 -0.3756351 0.4401293 4.062583 -0.4112983 0.7364432 3.984905 -0.05163191 0.1884012 4.026394 0.1723803 0.4224973 4.115832 0.2631688 0.7171791 4.110879 -0.1254617 0.304906 4.100725 -0.2335994 0.7300034 4.15467 -0.1474044 1.109624 4.01671 -0.05065237 1.429054 4.113032 -0.05433534 0.7482048 4.199777 0.03294333 1.112159 4.025641 0.05390956 1.373049 4.255303  O_Gathering_Close
-0.1222946 0.1171683 3.947309 -0.1934206 0.1784376 4.021931 -0.3764667 0.4343518 4.059623 -0.4216802 0.7341007 4.002933 -0.05513791 0.1781813 4.025814 0.1699715 0.4120058 4.111434 0.2614454 0.7064888 4.107349 -0.1261919 0.2972766 4.098731 -0.2308649 0.7239996 4.148375 -0.1447973 1.107934 4.022832 -0.05072163 1.430089 4.112497 -0.05068217 0.742 4.189748 0.03248902 1.096505 3.995294 0.05687501 1.362761 4.218365  O_Gathering_Close
-0.1277914 0.1028062 3.950424 -0.1962216 0.1674381 4.024729 -0.3794263 0.4259661 4.062652 -0.4344361 0.7268008 4.022902 -0.05790184 0.1652973 4.025296 0.1682836 0.3989204 4.105579 0.2603168 0.6932362 4.102036 -0.1255069 0.287665 4.096043 -0.2260952 0.7163486 4.14014 -0.1410051 1.105801 4.032154 -0.05115799 1.431522 4.112822 -0.0448573 0.7339934 4.176786 0.03335615 1.078725 3.963606 0.06223752 1.353885 4.175032  O_Gathering_Close
-0.1306321 0.09028924 3.95354 -0.1967369 0.1579332 4.027267 -0.3828345 0.4178377 4.070846 -0.4429339 0.7185525 4.038193 -0.05847011 0.1540908 4.025077 0.1683607 0.3876747 4.100204 0.2605958 0.6819266 4.09662 -0.1231413 0.2793256 4.093511 -0.2204565 0.7096497 4.13259 -0.1372362 1.103876 4.041846 -0.05202935 1.432751 4.114336 -0.03839253 0.7268869 4.165103 0.03612502 1.06607 3.941932 0.06869181 1.350208 4.14056  O_Gathering_Close
-0.1311055 0.08142602 3.956402 -0.1955803 0.151316 4.029474 -0.3850283 0.4116207 4.078646 -0.4473225 0.7119684 4.046735 -0.0573961 0.1462125 4.025432 0.1697615 0.3797981 4.096663 0.2620495 0.6740309 4.092874 -0.1200266 0.2735425 4.091869 -0.2151146 0.7050455 4.12696 -0.1338999 1.102442 4.049144 -0.05261789 1.433647 4.11525 -0.03251503 0.721907 4.156534 0.039548 1.057978 3.927914 0.07419772 1.348272 4.11706  O_Gathering_Close
-0.1305218 0.07349002 3.959591 -0.1935193 0.1455177 4.031872 -0.3864639 0.4057616 4.087016 -0.4494878 0.7057666 4.053363 -0.05544124 0.1392313 4.026198 0.1719057 0.372858 4.093635 0.2641453 0.667101 4.089468 -0.1162419 0.2685183 4.090522 -0.2093904 0.7010896 4.121679 -0.130512 1.101122 4.0559 -0.05319409 1.434404 4.116059 -0.02633516 0.7175499 4.148538 0.04419913 1.052304 3.917522 0.08018567 1.348472 4.09707  O_Gathering_Close
-0.1294451 0.06609261 3.963546 -0.1909655 0.1403283 4.034859 -0.3866381 0.4006302 4.094825 -0.4501434 0.7003325 4.059424 -0.0530229 0.1328466 4.02757 0.1744191 0.3665482 4.090972 0.2665122 0.6608282 4.086234 -0.1120283 0.264114 4.08951 -0.2033259 0.6977171 4.116469 -0.1269871 1.099931 4.061966 -0.05376224 1.435096 4.116528 -0.0198432 0.7137295 4.140537 0.05094476 1.049647 3.911295 0.08735932 1.352301 4.079588  O_Gathering_Close
-0.1272982 0.0578109 3.969494 -0.1870461 0.1348377 4.039339 -0.3854527 0.3952712 4.104291 -0.4489127 0.6946062 4.065835 -0.04930512 0.1258878 4.030142 0.1781053 0.3597275 4.088309 0.2698773 0.6540908 4.082603 -0.1062038 0.2595927 4.08875 -0.1954086 0.6943884 4.110265 -0.1225967 1.098744 4.068196 -0.05430071 1.435886 4.116617 -0.01145284 0.7097925 4.130869 0.06163164 1.049909 3.908646 0.09791966 1.360972 4.060864  O_Gathering_Close
-0.1247441 0.05099046 3.976651 -0.1828635 0.1307656 4.044763 -0.3830277 0.3915446 4.113525 -0.4455611 0.6906227 4.0717 -0.04534654 0.1204356 4.033825 0.1818921 0.3544482 4.086757 0.2732352 0.64892 4.07989 -0.100371 0.2564591 4.088773 -0.1878158 0.6922679 4.104973 -0.1187666 1.098095 4.071634 -0.05467467 1.436628 4.11592 -0.003469212 0.7070656 4.122262 0.07264854 1.05189 3.908474 0.1087314 1.371526 4.041813  O_Gathering_Close
-0.1220798 0.04593039 3.983212 -0.1789484 0.1280013 4.04963 -0.3802443 0.3891097 4.121032 -0.4417977 0.6879931 4.076451 -0.04162977 0.1165584 4.037386 0.1853513 0.3507346 4.085925 0.2762485 0.6453166 4.077957 -0.09525399 0.2544495 4.088961 -0.1814351 0.6909986 4.100728 -0.1157327 1.097767 4.072486 -0.0549172 1.437186 4.11456 0.003181593 0.7052788 4.115368 0.08170207 1.056095 3.912474 0.1177261 1.381976 4.029741  O_Gathering_Close
-0.1174335 0.03979909 3.993043 -0.172827 0.1249808 4.056736 -0.3758214 0.3861839 4.131672 -0.4367052 0.6848512 4.084784 -0.03577302 0.1120976 4.043043 0.1907001 0.3465239 4.085735 0.2808907 0.6412742 4.076133 -0.08779059 0.252401 4.089503 -0.1725798 0.6897981 4.095364 -0.1116291 1.097526 4.070516 -0.05490176 1.437772 4.111611 0.01232006 0.703383 4.106724 0.09238251 1.064746 3.92394 0.1285697 1.39805 4.017999  O_Gathering_Close
-0.1134602 0.03597474 4.001537 -0.1679574 0.1233946 4.062929 -0.3719912 0.3846139 4.140017 -0.4323514 0.6831908 4.091894 -0.03108059 0.1094998 4.048474 0.1949126 0.3441042 4.087067 0.2845054 0.6389931 4.0762 -0.08213608 0.2514436 4.090838 -0.166085 0.6893683 4.09236 -0.1087513 1.097681 4.068529 -0.05496196 1.438399 4.109668 0.01896943 0.7024377 4.101612 0.09917165 1.07042 3.932614 0.1370382 1.408836 4.005335  O_Gathering_Close
-0.1093354 0.03265738 4.00954 -0.1631886 0.1220452 4.068623 -0.3679508 0.3833088 4.147143 -0.4276413 0.681841 4.097919 -0.02644519 0.1072713 4.053783 0.199051 0.3420233 4.088919 0.2880583 0.6370439 4.076883 -0.07679884 0.2505813 4.092204 -0.1601093 0.6889194 4.089739 -0.1061137 1.0977 4.066132 -0.05491332 1.438781 4.107565 0.02505036 0.7015235 4.097393 0.103473 1.077219 3.945385 0.143775 1.419008 3.998337  O_Gathering_Close
-0.1054388 0.029989 4.016822 -0.1588688 0.121039 4.07371 -0.3640661 0.3824257 4.152904 -0.4231213 0.6809551 4.102902 -0.02221452 0.1055403 4.058789 0.2028205 0.3404089 4.091159 0.2912959 0.6355467 4.07811 -0.07209007 0.2499392 4.093585 -0.1549238 0.6885874 4.08766 -0.1038383 1.09774 4.064008 -0.05486844 1.439121 4.105659 0.03030552 0.7007895 4.094197 0.1063749 1.082574 3.956874 0.1484439 1.426145 3.994779  O_Gathering_Close
-0.0959463 0.02439988 4.035109 -0.1489277 0.1190408 4.086267 -0.3542421 0.3813673 4.164029 -0.411867 0.6800448 4.113248 -0.01235728 0.1020639 4.072212 0.2116095 0.3371434 4.09941 0.2988461 0.6325465 4.084206 -0.06158827 0.2485591 4.097996 -0.1435071 0.6877578 4.084321 -0.09868072 1.097705 4.061768 -0.05476413 1.439912 4.102255 0.04182192 0.6990613 4.089509 0.1114534 1.087567 3.968604 0.1541984 1.43242 3.990894  O_Gathering_Close
-0.09175561 0.02223694 4.043351 -0.1446903 0.1183127 4.091812 -0.3497577 0.3812695 4.167885 -0.406959 0.6800402 4.117175 -0.008121593 0.1007904 4.078425 0.2154145 0.3359278 4.103786 0.3021491 0.631436 4.087769 -0.0572053 0.2479986 4.100102 -0.138753 0.6873809 4.083186 -0.09647934 1.09765 4.061587 -0.05473838 1.440256 4.100998 0.04660745 0.6982845 4.088103 0.1134691 1.088122 3.969951 0.1550648 1.433271 3.989681  O_Gathering_Close
-0.08770083 0.02029777 4.051434 -0.1406644 0.1176778 4.097184 -0.3453541 0.3813528 4.171027 -0.4022988 0.680222 4.120608 -0.00408016 0.09969223 4.084593 0.2190709 0.3348672 4.108429 0.3053513 0.63047 4.091723 -0.05308501 0.2474674 4.102212 -0.1342789 0.6870019 4.082249 -0.09438179 1.097571 4.06185 -0.05472628 1.440578 4.099893 0.05110689 0.697512 4.087063 0.1153301 1.087907 3.969291 0.1552096 1.433282 3.988621  O_Gathering_Close
-0.08360164 0.01851356 4.059472 -0.1366274 0.1171094 4.102463 -0.3409031 0.381464 4.173892 -0.3976277 0.6804367 4.12384 -2.120244E-05 0.09872139 4.090721 0.2228276 0.3338784 4.113264 0.3087424 0.6295575 4.096032 -0.04898356 0.2469406 4.104253 -0.1297971 0.686619 4.081295 -0.0922762 1.097476 4.062228 -0.05472593 1.44088 4.098803 0.05561556 0.6966958 4.086001 0.1171605 1.087791 3.969124 0.1554751 1.433391 3.987577  O_Gathering_Close
-0.07975923 0.01699531 4.066906 -0.1328813 0.1166396 4.107282 -0.3367396 0.3816024 4.176232 -0.3933322 0.6806728 4.126616 0.003752844 0.09794033 4.096387 0.2264109 0.3330262 4.118001 0.3120883 0.6287571 4.100481 -0.04521016 0.2464591 4.106091 -0.125646 0.6862665 4.080404 -0.09032182 1.09738 4.062729 -0.05473612 1.441149 4.097807 0.05979224 0.695904 4.085021 0.1188178 1.087744 3.969345 0.1557842 1.433551 3.986629  O_Gathering_Close
-0.07549207 0.01551747 4.074511 -0.1287581 0.1161598 4.112127 -0.3321763 0.3816681 4.178409 -0.3886172 0.6808511 4.129302 0.007913964 0.09720218 4.102197 0.2304194 0.3321979 4.123058 0.3158523 0.627984 4.105275 -0.04108606 0.2459158 4.107911 -0.1210763 0.685878 4.079433 -0.08816652 1.097257 4.063351 -0.05472813 1.441404 4.0968 0.06439205 0.694976 4.083937 0.1206108 1.087692 3.969844 0.1561754 1.433714 3.985721  O_Gathering_Close
-0.07054554 0.01405609 4.082118 -0.1240377 0.1156167 4.116834 -0.3270164 0.3815579 4.180242 -0.3832847 0.680873 4.131745 0.01268889 0.09649003 4.108043 0.2351369 0.3313705 4.128489 0.3203523 0.6272052 4.110475 -0.03641145 0.2452719 4.109629 -0.1158567 0.6854519 4.07834 -0.08570699 1.097112 4.064151 -0.05470417 1.441657 4.0958 0.06964858 0.6938442 4.082688 0.1226148 1.087659 3.97085 0.1566947 1.433908 3.984921  O_Gathering_Close
-0.06578808 0.01284564 4.086656 -0.1196318 0.1148961 4.119332 -0.3223062 0.3810109 4.180407 -0.3783581 0.6804322 4.132317 0.01717128 0.09585321 4.111616 0.2396413 0.3307726 4.132238 0.3245258 0.6266702 4.113701 -0.03217505 0.244557 4.110381 -0.1113077 0.6850477 4.077497 -0.08353595 1.096934 4.06514 -0.05462364 1.441804 4.095189 0.07423212 0.6927065 4.081722 0.124614 1.087561 3.972383 0.1572617 1.434019 3.984577  O_Gathering_Close
-0.06253122 0.01207626 4.088572 -0.1166916 0.1142949 4.120182 -0.319185 0.3804532 4.179763 -0.3749984 0.6799329 4.131761 0.02017619 0.09543228 4.113204 0.2427058 0.3304566 4.134235 0.3273073 0.6264028 4.115186 -0.02942298 0.2440331 4.11054 -0.1084694 0.6847888 4.077002 -0.0821722 1.096808 4.065899 -0.05454884 1.44187 4.094933 0.0770932 0.6919168 4.081156 0.1258986 1.087496 3.973739 0.1577112 1.434078 3.984557  O_Gathering_Close
-0.05951617 0.01138949 4.089815 -0.1140243 0.113676 4.120596 -0.3163089 0.3798816 4.178725 -0.371735 0.679404 4.13054 0.02291109 0.0950588 4.114324 0.2455061 0.3302399 4.135903 0.3297767 0.626242 4.116267 -0.02698199 0.243538 4.110583 -0.1060549 0.684566 4.07657 -0.08100288 1.096692 4.066625 -0.05446134 1.441911 4.094798 0.07952781 0.6911821 4.08067 0.1268776 1.087465 3.975212 0.1581745 1.434133 3.984684  O_Gathering_Close
-0.05674295 0.01077187 4.090581 -0.1116255 0.1130532 4.120707 -0.3136944 0.3792948 4.177432 -0.3686372 0.6788462 4.128875 0.02537944 0.09473646 4.115103 0.2480444 0.3301184 4.137318 0.3319534 0.6261794 4.117032 -0.02484749 0.24308 4.110539 -0.104041 0.6843797 4.076194 -0.08002476 1.096592 4.067301 -0.05437813 1.441937 4.094737 0.08155937 0.69051 4.080253 0.1276335 1.08746 3.976756 0.1586288 1.434189 3.984903  O_Gathering_Close
-0.05281083 0.009895086 4.091756 -0.1083391 0.1121103 4.120908 -0.3100516 0.378384 4.175332 -0.364069 0.6779551 4.125866 0.02877887 0.09436595 4.116318 0.2515089 0.3301626 4.139536 0.3347442 0.6263329 4.118103 -0.02206568 0.2424564 4.110537 -0.1016064 0.684155 4.075651 -0.07885031 1.096467 4.068217 -0.05428455 1.441969 4.094658 0.08401723 0.6895765 4.079655 0.1284507 1.08751 3.979264 0.1593323 1.434292 3.985288  O_Gathering_Close
-0.04908238 0.009080052 4.092772 -0.1053476 0.1111491 4.121008 -0.3066713 0.3774209 4.172958 -0.3595521 0.6769798 4.122208 0.03189035 0.09411323 4.117435 0.2546498 0.3304476 4.14173 0.3370747 0.6267437 4.118946 -0.0196986 0.2418977 4.110528 -0.09977029 0.6839869 4.075149 -0.0779746 1.096372 4.068992 -0.05421964 1.441993 4.094593 0.08587284 0.6887286 4.079108 0.1290153 1.087605 3.981948 0.1600209 1.434408 3.985732  O_Gathering_Close
-0.04468701 0.008161187 4.093833 -0.1019769 0.1099492 4.121003 -0.3027842 0.3761579 4.169686 -0.3540129 0.6756494 4.116886 0.03541418 0.09396255 4.11868 0.2581544 0.3311211 4.144369 0.3393962 0.6275877 4.119635 -0.01725708 0.2412987 4.110483 -0.09821765 0.6838492 4.074592 -0.07725386 1.096295 4.069692 -0.05418555 1.442021 4.094496 0.08744486 0.6878071 4.078503 0.1295148 1.087762 3.985394 0.1608434 1.434556 3.986312  O_Gathering_Close
-0.04246674 0.007739663 4.094282 -0.1003095 0.1093491 4.120944 -0.3008407 0.3755032 4.167912 -0.3511522 0.6749371 4.113915 0.03715767 0.0939492 4.119248 0.2598696 0.331575 4.145662 0.3404439 0.62813 4.119828 -0.01611124 0.2410352 4.110446 -0.09760569 0.6838042 4.074338 -0.07697485 1.096272 4.069901 -0.05417363 1.442034 4.094435 0.08806469 0.6873974 4.078228 0.129706 1.08785 3.987086 0.1612461 1.434626 3.986597  O_Gathering_Close
-0.04030214 0.007359147 4.094662 -0.09870397 0.1087719 4.12085 -0.2989544 0.3748581 4.166112 -0.3483202 0.6742195 4.110855 0.03883578 0.09397686 4.119763 0.2615092 0.3320869 4.146896 0.341389 0.6287275 4.119915 -0.01504497 0.2408053 4.110402 -0.0971127 0.6837757 4.07411 -0.07675461 1.09626 4.070018 -0.0541697 1.44205 4.094369 0.08856423 0.6870362 4.07798 0.1298583 1.087939 3.988677 0.1616188 1.43469 3.986863  O_Gathering_Close
-0.0367289 0.006809115 4.095168 -0.09606235 0.107865 4.120632 -0.295838 0.3738146 4.163081 -0.3435979 0.6730233 4.10563 0.04158821 0.0940969 4.120521 0.2641811 0.333032 4.148837 0.3428454 0.629807 4.119838 -0.01332293 0.240487 4.110319 -0.0964105 0.6837528 4.073778 -0.07644455 1.09626 4.070043 -0.05416642 1.44208 4.094255 0.08927502 0.6865318 4.077614 0.1300936 1.088069 3.990981 0.1621598 1.434776 3.987239  O_Gathering_Close
-0.03373508 0.0064224 4.095491 -0.09385829 0.1071512 4.120393 -0.2932194 0.3729651 4.16048 -0.3395868 0.6720141 4.101089 0.04387637 0.09426916 4.121082 0.2663901 0.3339163 4.15039 0.3439614 0.6307945 4.119561 -0.01191632 0.2402796 4.11024 -0.09593301 0.6837538 4.073537 -0.07624166 1.096275 4.069948 -0.05417631 1.442109 4.094161 0.08975776 0.6862004 4.077346 0.1302613 1.088156 3.992527 0.1625125 1.43483 3.987482  O_Gathering_Close
-0.03114848 0.006146312 4.095705 -0.09195678 0.1065749 4.120151 -0.2909468 0.3722599 4.158194 -0.3360836 0.6711463 4.097063 0.04584338 0.09447122 4.121521 0.2682838 0.3347416 4.151681 0.3448513 0.631699 4.119151 -0.01071809 0.2401466 4.110169 -0.0955929 0.6837668 4.073359 -0.07610558 1.096298 4.069814 -0.05419699 1.442137 4.094088 0.0901012 0.6859883 4.077142 0.1303807 1.088209 3.993478 0.1627242 1.434861 3.987617  O_Gathering_Close
-0.02811579 0.005898714 4.095896 -0.08973251 0.1059576 4.119829 -0.2882651 0.3714807 4.155453 -0.3319217 0.6701479 4.092211 0.04813554 0.09477961 4.122 0.2704907 0.3357869 4.153165 0.3457793 0.6328223 4.118437 -0.009333892 0.240054 4.110084 -0.09529702 0.6837934 4.073178 -0.0760067 1.096335 4.069661 -0.05424784 1.442177 4.094025 0.0903997 0.6858462 4.076926 0.1304623 1.088228 3.993935 0.1627874 1.434874 3.987654  O_Gathering_Close
-0.02624015 0.005794287 4.095979 -0.08836065 0.1056143 4.119605 -0.2865965 0.3710335 4.153713 -0.3293144 0.6695471 4.089119 0.04954441 0.0950166 4.122277 0.2718506 0.3364819 4.154067 0.3462777 0.6335548 4.117835 -0.008490546 0.2400384 4.110029 -0.09518151 0.6838171 4.073085 -0.07598655 1.096363 4.069582 -0.05429898 1.442206 4.094003 0.09051622 0.6858298 4.076806 0.1304699 1.088212 3.993764 0.1627031 1.434868 3.987592  O_Gathering_Close
-0.02427189 0.005694628 4.096042 -0.08692597 0.1052572 4.119343 -0.28483 0.3705658 4.151821 -0.3265321 0.6689041 4.085771 0.05101325 0.09527361 4.122561 0.2732728 0.3372166 4.155041 0.3466946 0.6343209 4.117059 -0.007616026 0.2400265 4.109967 -0.09507184 0.6838385 4.072994 -0.0759766 1.096389 4.069525 -0.05436335 1.442233 4.093991 0.09062679 0.6858217 4.076684 0.1304661 1.08819 3.993523 0.1625889 1.43486 3.987516  O_Gathering_Close
-0.02253531 0.005618334 4.096066 -0.0856667 0.1049463 4.119078 -0.2832567 0.3701586 4.150068 -0.3240277 0.6683258 4.082677 0.05229839 0.09551072 4.122801 0.2745254 0.3378712 4.155932 0.3469366 0.6349933 4.116189 -0.006856902 0.2400228 4.109905 -0.09498994 0.6838546 4.072922 -0.07598142 1.09641 4.069508 -0.05443267 1.442256 4.093994 0.09070946 0.6858281 4.07658 0.1304475 1.088167 3.993226 0.1624535 1.434851 3.987435  O_Gathering_Close
-0.02126656 0.005564809 4.096069 -0.08475374 0.1047186 4.118853 -0.282082 0.369871 4.148679 -0.3221236 0.6679014 4.080254 0.05322667 0.09568572 4.122985 0.2754439 0.3383409 4.156651 0.3469642 0.6354682 4.115366 -0.006310208 0.2400197 4.109853 -0.09491764 0.6838638 4.072869 -0.07598494 1.096423 4.069496 -0.05449287 1.442272 4.093998 0.09078236 0.6858323 4.076499 0.1304326 1.08815 3.993004 0.1623429 1.434846 3.987373  O_Gathering_Close
-0.02023576 0.005523086 4.096052 -0.08402131 0.1045321 4.118629 -0.2811015 0.3696513 4.147415 -0.3204949 0.6675564 4.078074 0.05396839 0.09582961 4.123143 0.2761963 0.3387125 4.157317 0.3468071 0.635835 4.114459 -0.005876107 0.2400172 4.109802 -0.09484474 0.6838691 4.072827 -0.07598774 1.096432 4.069491 -0.05455254 1.442283 4.094008 0.09085579 0.6858366 4.076429 0.1304185 1.088139 3.992816 0.1622384 1.434845 3.98732  O_Gathering_Close
-0.01950453 0.005494237 4.096031 -0.08351396 0.1044012 4.118422 -0.2803859 0.3695074 4.146373 -0.31928 0.667321 4.07636 0.05447831 0.09593272 4.123287 0.2767467 0.3389539 4.157935 0.346429 0.6360603 4.113475 -0.005575402 0.2400156 4.109757 -0.09476309 0.6838694 4.072794 -0.07598589 1.096436 4.069489 -0.05461143 1.442291 4.094018 0.09093799 0.6858414 4.076367 0.1304091 1.088131 3.99265 0.1621382 1.434847 3.987272  O_Gathering_Close
-0.01910274 0.005478501 4.096004 -0.08325659 0.1043311 4.118221 -0.2799646 0.36945 4.145549 -0.318525 0.667211 4.075129 0.05473133 0.0959903 4.12342 0.2770807 0.339047 4.158524 0.3457603 0.6361232 4.112336 -0.00542192 0.2400154 4.109718 -0.09466694 0.6838641 4.07277 -0.07597785 1.096435 4.069493 -0.05467079 1.442293 4.094032 0.09103461 0.6858476 4.076313 0.1304056 1.088127 3.992501 0.16204 1.434854 3.987228  O_Gathering_Close
-0.01889144 0.005470634 4.095987 -0.08312468 0.1042978 4.118087 -0.2797526 0.3694146 4.14509 -0.3181646 0.6671603 4.074525 0.05485817 0.09601796 4.123512 0.2772743 0.3390732 4.158922 0.3452477 0.6361197 4.111515 -0.005335612 0.2400151 4.109694 -0.09460925 0.6838614 4.072755 -0.07597063 1.096435 4.069496 -0.05470208 1.442294 4.094043 0.09109254 0.6858506 4.076281 0.130406 1.088124 3.992413 0.1619851 1.434857 3.987204  O_Gathering_Close
-0.01876376 0.005466223 4.09597 -0.0830522 0.1042823 4.117959 -0.2796346 0.3693894 4.144748 -0.3179853 0.6671419 4.074178 0.05492361 0.09603131 4.123603 0.2774189 0.3390547 4.159309 0.3446686 0.6360634 4.110651 -0.005277736 0.2400147 4.109676 -0.09455918 0.6838592 4.072745 -0.0759614 1.096434 4.069502 -0.0547239 1.442296 4.094054 0.09114285 0.6858522 4.076256 0.1304097 1.088121 3.992341 0.1619435 1.434858 3.987186  O_Gathering_Close
-0.0186709 0.005463123 4.095958 -0.08300112 0.104272 4.117857 -0.2795408 0.3693768 4.144468 -0.3178355 0.6671337 4.073886 0.05496849 0.09604061 4.123679 0.2775284 0.3390352 4.159622 0.3441614 0.6360071 4.1099 -0.005235059 0.2400146 4.109663 -0.09452341 0.6838577 4.072738 -0.07595496 1.096434 4.069506 -0.05473987 1.442297 4.094063 0.09117879 0.6858534 4.076238 0.1304117 1.088118 3.992289 0.1619131 1.434859 3.987174  O_Gathering_Close
-0.01860247 0.005460382 4.095951 -0.08296685 0.1042657 4.117766 -0.2794612 0.3693755 4.144209 -0.3177008 0.6671364 4.073614 0.05499639 0.09604609 4.123752 0.2776192 0.3390077 4.159914 0.3436299 0.635938 4.109126 -0.005202217 0.2400141 4.109654 -0.09449629 0.6838565 4.072733 -0.07595013 1.096434 4.069511 -0.05475179 1.442297 4.094071 0.09120609 0.6858538 4.076224 0.1304128 1.088115 3.992248 0.1618893 1.434859 3.987164  O_Gathering_Close
-0.01855461 0.005458474 4.095947 -0.08294366 0.104261 4.117701 -0.2794054 0.3693742 4.144024 -0.3176052 0.667138 4.073419 0.05501493 0.09605026 4.123806 0.2776804 0.3389903 4.16012 0.3431742 0.6358837 4.108455 -0.005180342 0.2400137 4.109648 -0.09447853 0.6838555 4.072732 -0.07594745 1.096434 4.069515 -0.05476032 1.442298 4.094078 0.09122397 0.685854 4.076215 0.130413 1.088113 3.992221 0.1618728 1.434859 3.987158  O_Gathering_Close
-0.01852201 0.005457044 4.095945 -0.08292894 0.1042575 4.117656 -0.2793669 0.3693731 4.143892 -0.3175376 0.667139 4.073279 0.05502619 0.09605324 4.123846 0.2777189 0.3389814 4.160261 0.342739 0.6358401 4.107805 -0.005166871 0.2400135 4.109646 -0.09446816 0.6838549 4.072732 -0.07594661 1.096434 4.069519 -0.05476646 1.442298 4.094083 0.09123446 0.6858543 4.07621 0.1304117 1.088112 3.992205 0.1618609 1.434859 3.987154  O_Gathering_Close
-0.01850663 0.005456567 4.095945 -0.08292167 0.104256 4.117636 -0.2793489 0.3693726 4.143832 -0.3175066 0.6671393 4.073216 0.05503191 0.09605467 4.123865 0.2777375 0.3389772 4.160324 0.3424464 0.635813 4.107356 -0.005160196 0.2400134 4.109645 -0.09446292 0.6838546 4.072732 -0.07594596 1.096434 4.069521 -0.05476926 1.442298 4.094085 0.09123971 0.6858544 4.076209 0.1304115 1.088112 3.992198 0.1618554 1.434859 3.987154  O_Gathering_Close
-0.01850532 0.005456328 4.095946 -0.08292072 0.1042558 4.117636 -0.2793475 0.3693726 4.143831 -0.3175047 0.6671392 4.073215 0.05503281 0.09605467 4.123867 0.2777394 0.3389771 4.160326 0.3422854 0.635802 4.107097 -0.005159302 0.2400132 4.109646 -0.09446208 0.6838545 4.072733 -0.07594554 1.096434 4.069522 -0.05476908 1.442298 4.094087 0.09124054 0.6858543 4.07621 0.1304119 1.088112 3.992198 0.1618555 1.434859 3.987154  O_Gathering_Close
-0.0185043 0.005456328 4.095946 -0.08292006 0.1042558 4.117636 -0.2793463 0.3693726 4.143828 -0.317503 0.6671392 4.073213 0.0550334 0.09605467 4.123868 0.2777409 0.338977 4.160328 0.3422028 0.635796 4.106965 -0.005158646 0.2400132 4.109647 -0.09446149 0.6838545 4.072734 -0.07594524 1.096434 4.069522 -0.05476908 1.442298 4.094087 0.09124108 0.6858543 4.07621 0.1304121 1.088112 3.992198 0.1618552 1.434859 3.987155  O_Gathering_Close
-0.01850478 0.005456328 4.095946 -0.08292036 0.1042558 4.117636 -0.2793468 0.3693726 4.143829 -0.3175038 0.6671395 4.073215 0.05503317 0.09605467 4.123868 0.2777404 0.338977 4.160326 0.342211 0.6357967 4.106978 -0.005158884 0.2400132 4.109647 -0.09446166 0.6838545 4.072734 -0.07594524 1.096434 4.069523 -0.05476908 1.442298 4.094087 0.09124096 0.6858543 4.07621 0.1304121 1.088112 3.992198 0.1618555 1.434859 3.987155  O_Gathering_Close
