-0.000624461 -1.442432E-05 8.88011 -0.06979303 0.09525096 8.902943 -0.4182072 0.1404331 8.902631 -0.7266022 0.1404334 8.902631 0.0685441 0.09525084 8.903255 0.4169262 0.140432 8.903565 0.7253161 0.1404322 8.903564 -0.0006244014 0.2351424 8.889274 -0.09336059 0.6801612 8.85225 -0.1013278 1.092915 8.864312 -0.09894632 1.440007 8.878293 0.09234674 0.6800331 8.856031 0.1003121 1.092748 8.853473 0.09770389 1.440058 8.878304  O_Hello_Far
-0.07723556 -0.01557577 8.872164 -0.1536765 0.07665408 8.877782 -0.3669943 0.3093307 8.91379 -0.4869084 0.5909564 8.876172 -0.01971982 0.08192945 8.911915 0.2022733 0.3213029 8.881982 0.3299968 0.6002607 8.85078 -0.08897392 0.2192599 8.882021 -0.1877629 0.6608862 8.825282 -0.1819024 1.068534 8.891337 -0.1682008 1.410429 8.951289 -0.008752091 0.6677933 8.874363 0.006737368 1.080286 8.878028 -0.01711248 1.416235 8.966442  O_Hello_Far
-0.08708279 -0.01372182 8.856614 -0.164485 0.07776403 8.861129 -0.3499867 0.31558 8.907469 -0.4354427 0.6092275 8.86777 -0.03182898 0.08357036 8.899936 0.1671034 0.3322675 8.870395 0.2668564 0.6222562 8.837832 -0.1012311 0.2208084 8.869961 -0.2019239 0.6624979 8.817199 -0.1959036 1.068206 8.894265 -0.1820862 1.408341 8.963487 -0.02476881 0.670056 8.87252 -0.009437365 1.08239 8.88473 -0.03895597 1.416449 8.978439  O_Hello_Far
-0.08434288 -0.01074255 8.827811 -0.1622672 0.08006597 8.835732 -0.3502365 0.3153017 8.887435 -0.4376248 0.6080994 8.845718 -0.02935807 0.08551168 8.873716 0.1757794 0.3334559 8.844985 0.2971971 0.6144089 8.807201 -0.09982495 0.2231677 8.848524 -0.2036181 0.6656295 8.810222 -0.1966143 1.070548 8.891255 -0.1819306 1.40997 8.96372 -0.02609722 0.6725978 8.864437 -0.013153 1.084434 8.889476 -0.04172746 1.419297 8.980571  O_Hello_Far
-0.08279316 -0.009432316 8.811305 -0.1609794 0.08092844 8.821454 -0.3501988 0.3146038 8.876833 -0.4385378 0.6070803 8.834867 -0.02781395 0.08617055 8.858559 0.1820166 0.3331338 8.829721 0.3186437 0.6066617 8.789474 -0.09895383 0.2240024 8.836402 -0.2045998 0.6667033 8.806952 -0.19694 1.071646 8.887806 -0.1818029 1.410294 8.963715 -0.02670972 0.6733363 8.859986 -0.01451121 1.084858 8.890059 -0.04267083 1.419586 8.981778  O_Hello_Far
-0.08118288 -0.008180976 8.792249 -0.1596243 0.0815872 8.80528 -0.3501013 0.3133706 8.865437 -0.4394408 0.6056103 8.82394 -0.02605806 0.08660996 8.840946 0.1906639 0.3316486 8.811656 0.347246 0.5939947 8.769691 -0.09803002 0.2245749 8.82264 -0.205871 0.6673389 8.804122 -0.1974055 1.072721 8.882664 -0.181759 1.41014 8.963765 -0.02740358 0.6736033 8.855227 -0.01525204 1.084859 8.888762 -0.04299132 1.419178 8.982085  O_Hello_Far
-0.0801218 -0.007144809 8.774259 -0.1587291 0.08193624 8.790586 -0.3502327 0.3117993 8.855922 -0.4406537 0.6039041 8.815842 -0.02460728 0.08680701 8.824125 0.2030123 0.3276762 8.794414 0.3852064 0.5730406 8.753109 -0.09748416 0.2247976 8.810091 -0.2075735 0.6673421 8.803218 -0.198356 1.072674 8.881933 -0.1820663 1.409523 8.965246 -0.02830384 0.6733268 8.851468 -0.01494042 1.084501 8.885543 -0.0424736 1.418051 8.981636  O_Hello_Far
-0.08022867 -0.006854534 8.768093 -0.1588617 0.08189523 8.786022 -0.3508678 0.3109862 8.853437 -0.4419258 0.6030351 8.814407 -0.02441029 0.0867821 8.818213 0.2125822 0.3230714 8.788853 0.4132602 0.5541114 8.75073 -0.09773766 0.2247211 8.806158 -0.2088829 0.6670511 8.804346 -0.1992881 1.071228 8.888748 -0.1824427 1.409199 8.967268 -0.02913616 0.673027 8.850789 -0.01425652 1.0843 8.882993 -0.04188971 1.417364 8.980727  O_Hello_Far
-0.08108668 -0.007112741 8.767748 -0.1596942 0.0815165 8.786372 -0.3520795 0.3104478 8.854106 -0.4432869 0.6025479 8.815813 -0.02504097 0.08648014 8.817695 0.2216386 0.3171017 8.78873 0.4397173 0.5325097 8.754885 -0.09859012 0.2243656 8.806402 -0.2102092 0.6665801 8.806226 -0.1999988 1.070464 8.891946 -0.1825521 1.40907 8.967546 -0.03016977 0.6726519 8.851508 -0.01371752 1.084073 8.880928 -0.04161648 1.416818 8.979671  O_Hello_Far
-0.08868669 -0.009917736 8.791156 -0.1669236 0.07939351 8.807998 -0.3601402 0.310585 8.868834 -0.4490344 0.603525 8.831531 -0.03214357 0.08460832 8.838729 0.2494491 0.2868173 8.810987 0.5191785 0.4356581 8.796955 -0.1052601 0.2224525 8.824505 -0.2153651 0.6649331 8.814486 -0.2029921 1.069636 8.895956 -0.1838369 1.408744 8.968842 -0.03514592 0.6714196 8.858989 -0.01301692 1.083201 8.877694 -0.04171233 1.415415 8.977985  O_Hello_Far
-0.09258889 -0.01097512 8.803167 -0.1706205 0.07877266 8.81858 -0.3639901 0.311206 8.875594 -0.4514734 0.6045367 8.838025 -0.03589873 0.08405054 8.849555 0.2574148 0.2733592 8.821715 0.5408931 0.3945957 8.814924 -0.1086049 0.2218804 8.833242 -0.2174764 0.6644745 8.81681 -0.2042224 1.069431 8.896865 -0.1843826 1.408732 8.968666 -0.03734444 0.6710928 8.861645 -0.01327102 1.082905 8.876964 -0.04198657 1.415045 8.977492  O_Hello_Far
-0.09659581 -0.01186657 8.8147 -0.1744215 0.07830262 8.828623 -0.3677239 0.3119521 8.881962 -0.4542492 0.6055259 8.844076 -0.03974579 0.08369243 8.859778 0.264645 0.258595 8.830775 0.5594744 0.3490329 8.829777 -0.1120595 0.221452 8.841273 -0.21974 0.6640326 8.81804 -0.2055639 1.069163 8.897054 -0.1850078 1.408583 8.968083 -0.0396773 0.6708515 8.863123 -0.01368128 1.08265 8.875369 -0.04238461 1.414567 8.976636  O_Hello_Far
-0.1008703 -0.01261544 8.826736 -0.1784847 0.07797217 8.839026 -0.3715189 0.3128773 8.888551 -0.4574527 0.6065802 8.850321 -0.04384981 0.08352947 8.870328 0.2716208 0.2411036 8.83999 0.5752698 0.2946696 8.845678 -0.1157718 0.2211499 8.849418 -0.2222572 0.6635616 8.818672 -0.207095 1.068825 8.896814 -0.1857762 1.408327 8.967228 -0.04225616 0.6706613 8.863956 -0.01413797 1.082403 8.872996 -0.04281048 1.413967 8.975424  O_Hello_Far
-0.10493 -0.01306105 8.83786 -0.1823786 0.07787406 8.848521 -0.3747523 0.3139472 8.894636 -0.4609733 0.6075282 8.856118 -0.04776702 0.08370006 8.879874 0.2779268 0.2211857 8.847675 0.5859427 0.2308047 8.859426 -0.1193945 0.221085 8.856545 -0.2249732 0.6631168 8.818159 -0.2088837 1.06842 8.895909 -0.1868564 1.40792 8.96611 -0.04500757 0.6706341 8.863518 -0.01462792 1.082272 8.86945 -0.04322801 1.413265 8.973723  O_Hello_Far
-0.1073482 -0.01304281 8.844483 -0.184764 0.07806361 8.853843 -0.3762828 0.3148474 8.897916 -0.4633892 0.6081802 8.859499 -0.05023799 0.08417296 8.885508 0.2831211 0.2020055 8.851662 0.5888517 0.164379 8.866405 -0.121704 0.2213182 8.860345 -0.2268679 0.6629323 8.816412 -0.2104115 1.068168 8.894437 -0.1881503 1.40758 8.964991 -0.04702668 0.6708695 8.86219 -0.01472406 1.08239 8.865463 -0.04316447 1.412678 8.971993  O_Hello_Far
-0.10653 -0.01237261 8.848977 -0.1841693 0.07874191 8.85615 -0.3749205 0.3157314 8.898172 -0.4615588 0.6092918 8.860442 -0.05018268 0.08531415 8.889937 0.2918565 0.1682802 8.855311 0.5717247 0.03972185 8.871153 -0.1213516 0.2221218 8.862224 -0.2261801 0.6631563 8.812104 -0.21134 1.06811 8.891896 -0.1906343 1.407243 8.964245 -0.04711584 0.6717474 8.860723 -0.01311932 1.083142 8.859178 -0.04165308 1.412106 8.969705  O_Hello_Far
-0.1048025 -0.01216412 8.849539 -0.1825604 0.07890272 8.855997 -0.3733088 0.3157567 8.897517 -0.4591214 0.6095552 8.859755 -0.04883627 0.08562279 8.890782 0.2946039 0.1584781 8.856195 0.5607331 0.003361225 8.870971 -0.1198953 0.2223377 8.862338 -0.2246676 0.6632224 8.810802 -0.2109487 1.068092 8.891221 -0.1912616 1.407147 8.964211 -0.04598008 0.672016 8.860752 -0.01210753 1.083413 8.85776 -0.04094098 1.412005 8.969312  O_Hello_Far
-0.1003228 -0.01195025 8.852508 -0.1782876 0.07902098 8.85769 -0.369437 0.3155946 8.897955 -0.4539208 0.6096289 8.859048 -0.0449814 0.08609664 8.893975 0.2994332 0.1451145 8.857364 0.5408459 -0.04649556 8.86784 -0.1159171 0.2225795 8.864142 -0.2207605 0.663079 8.809548 -0.2093962 1.068051 8.889815 -0.1918074 1.407211 8.962858 -0.04267095 0.6723621 8.861505 -0.01012675 1.083845 8.856397 -0.03986279 1.412041 8.968873  O_Hello_Far
-0.09265189 -0.01174378 8.858562 -0.1708946 0.07907009 8.862036 -0.3630548 0.3152138 8.900239 -0.4466494 0.6091512 8.858763 -0.03804747 0.08679509 8.899841 0.3058251 0.1279614 8.856339 0.5055414 -0.107023 8.856089 -0.1089557 0.2228366 8.867996 -0.2142161 0.6625846 8.808376 -0.2064897 1.067815 8.887769 -0.1920986 1.407239 8.960282 -0.03678076 0.672765 8.862364 -0.007262273 1.084444 8.855106 -0.03852556 1.412203 8.96844  O_Hello_Far
-0.08559529 -0.01165116 8.86227 -0.1640494 0.07901144 8.8648 -0.3571463 0.3148019 8.901213 -0.440316 0.6084083 8.856651 -0.03137426 0.08729017 8.90309 0.3099151 0.114446 8.847785 0.467631 -0.1501825 8.833577 -0.102449 0.222952 8.870019 -0.2084251 0.6620454 8.806942 -0.2037126 1.067385 8.886011 -0.1919257 1.406945 8.958357 -0.03123353 0.6729894 8.861576 -0.005043251 1.084893 8.854273 -0.03740625 1.412302 8.968305  O_Hello_Far
-0.08122043 -0.01166499 8.861884 -0.1597956 0.07889628 8.864281 -0.3531786 0.3145075 8.899628 -0.4354394 0.6079621 8.852457 -0.02709482 0.08744466 8.902421 0.3109202 0.1055948 8.835799 0.4350677 -0.1755568 8.81039 -0.09838645 0.2229325 8.869104 -0.205022 0.6617332 8.80511 -0.2019968 1.067004 8.884614 -0.1916477 1.406527 8.957356 -0.02779262 0.6730453 8.859547 -0.004072232 1.085124 8.853886 -0.03686367 1.412242 8.968629  O_Hello_Far
-0.07694189 -0.01181281 8.857621 -0.1556218 0.07864475 8.860457 -0.3487753 0.3141382 8.894776 -0.4290713 0.6075466 8.844067 -0.02274422 0.08734524 8.897942 0.3094482 0.09555817 8.815176 0.3865643 -0.2005174 8.776487 -0.09437655 0.2227581 8.865055 -0.2018992 0.661454 8.80183 -0.2003272 1.066443 8.882801 -0.1911859 1.405737 8.956759 -0.02441607 0.6729676 8.855392 -0.00362633 1.08524 8.853762 -0.03644125 1.412054 8.969363  O_Hello_Far
-0.07440595 -0.01215708 8.849721 -0.1531156 0.07823741 8.853563 -0.3452648 0.3137689 8.887113 -0.4229829 0.6072512 8.832934 -0.01994173 0.08687294 8.889997 0.3049345 0.08731115 8.790421 0.3284468 -0.2162422 8.741359 -0.0919234 0.2223706 8.858242 -0.2002281 0.6612477 8.797666 -0.1992635 1.065722 8.881176 -0.1905643 1.404577 8.957175 -0.02232073 0.6726605 8.849821 -0.003987474 1.085028 8.854391 -0.03616444 1.411882 8.970058  O_Hello_Far
-0.07356755 -0.01253808 8.843225 -0.1522511 0.07783902 8.847919 -0.3432598 0.3134965 8.880967 -0.4192435 0.6070561 8.824782 -0.01884149 0.08634388 8.883512 0.3004764 0.08275735 8.772642 0.2819128 -0.2204735 8.719625 -0.09103094 0.2219559 8.852731 -0.1997342 0.661051 8.794493 -0.198724 1.065086 8.880104 -0.1899024 1.403563 8.957752 -0.02148901 0.6722763 8.845525 -0.004614158 1.084611 8.855458 -0.03609244 1.411796 8.97038  O_Hello_Far
-0.07458393 -0.01393306 8.833137 -0.1530507 0.07655215 8.839183 -0.340842 0.3129135 8.87339 -0.415616 0.6071605 8.819214 -0.01915918 0.0847317 8.872997 0.2902767 0.07872331 8.742367 0.1732412 -0.2019229 8.690939 -0.09153812 0.2205561 8.843631 -0.2003072 0.6600081 8.78828 -0.1976164 1.06331 8.877245 -0.1871017 1.401178 8.957298 -0.02137147 0.6707876 8.836934 -0.006990833 1.082782 8.858322 -0.03721909 1.411254 8.969856  O_Hello_Far
-0.07586281 -0.01468289 8.833741 -0.1542345 0.07587707 8.839898 -0.340763 0.3126374 8.876531 -0.4160925 0.6075113 8.826707 -0.02015857 0.08407807 8.872969 0.286227 0.07950175 8.735559 0.1332994 -0.1836699 8.685978 -0.09260075 0.2198524 8.843527 -0.2013643 0.6591893 8.787258 -0.1975045 1.062417 8.876516 -0.1858882 1.400236 8.956627 -0.02216379 0.6700091 8.83492 -0.008025927 1.081879 8.858732 -0.03785006 1.410686 8.969383  O_Hello_Far
-0.07726334 -0.01534867 8.836605 -0.1555933 0.07525182 8.842698 -0.3411065 0.312317 8.88185 -0.4173837 0.6076258 8.836221 -0.02136342 0.0835886 8.875103 0.2825859 0.08095026 8.732147 0.103325 -0.1651845 8.683284 -0.09392409 0.219233 8.845356 -0.2028906 0.6583151 8.787513 -0.1978245 1.061593 8.876487 -0.1851055 1.399462 8.956212 -0.02346818 0.6693329 8.834286 -0.008879406 1.08114 8.858894 -0.03821222 1.410106 8.969208  O_Hello_Far
-0.07908456 -0.01613903 8.841927 -0.157424 0.07446671 8.847814 -0.3417399 0.3118279 8.889976 -0.4195714 0.6074564 8.849313 -0.0230308 0.08308125 8.87946 0.2781177 0.08310103 8.730356 0.07242002 -0.1416078 8.68241 -0.09580897 0.2184894 8.849173 -0.2052805 0.6571216 8.788921 -0.1985901 1.060555 8.877075 -0.1844165 1.398565 8.955957 -0.0256217 0.668534 8.834682 -0.009928567 1.08032 8.858964 -0.0384957 1.409435 8.969031  O_Hello_Far
-0.08119993 -0.01701462 8.848896 -0.1596353 0.07353115 8.854419 -0.34246 0.3111701 8.899107 -0.4223029 0.606889 8.863289 -0.02512376 0.08256185 8.885441 0.2729611 0.08495545 8.730536 0.04399284 -0.1164271 8.68446 -0.09820782 0.2176403 8.854425 -0.2085146 0.6556578 8.791294 -0.1999329 1.059293 8.878354 -0.1840969 1.397473 8.956185 -0.02868305 0.6676528 8.836219 -0.01124243 1.079472 8.85867 -0.03880457 1.408624 8.968886  O_Hello_Far
-0.08195679 -0.01739943 8.850087 -0.1604425 0.07311225 8.85545 -0.3425186 0.310887 8.900477 -0.4229126 0.6066306 8.866125 -0.0259404 0.0822674 8.886476 0.2710769 0.08410585 8.730447 0.03558477 -0.1101309 8.68663 -0.09909402 0.2172548 8.855229 -0.2096318 0.6551078 8.791365 -0.2005241 1.058717 8.878495 -0.1842368 1.396866 8.956366 -0.02981321 0.667275 8.836296 -0.01172767 1.079127 8.857612 -0.03907095 1.408001 8.968704  O_Hello_Far
-0.08209066 -0.01758397 8.847777 -0.1605766 0.07292712 8.853149 -0.3424034 0.3107514 8.897889 -0.4226771 0.6065413 8.863655 -0.02612273 0.08202398 8.884401 0.2708591 0.08227432 8.729281 0.03556867 -0.1125915 8.687208 -0.0992146 0.217064 8.853237 -0.2096114 0.6550207 8.789842 -0.2006363 1.058464 8.877748 -0.1844773 1.396462 8.956298 -0.02986292 0.667105 8.835074 -0.01156853 1.078964 8.856078 -0.03899185 1.407405 8.968427  O_Hello_Far
-0.0820605 -0.01765513 8.845602 -0.1605358 0.07286251 8.851017 -0.3423137 0.3106991 8.895471 -0.4223834 0.6065227 8.86105 -0.02611933 0.08188522 8.88245 0.2710411 0.08096278 8.728297 0.03719111 -0.1158425 8.687233 -0.09914659 0.2169875 8.851405 -0.209381 0.655063 8.78855 -0.2006162 1.058373 8.87709 -0.1846497 1.396249 8.9562 -0.02968679 0.6670427 8.834026 -0.01133285 1.078899 8.855025 -0.03885452 1.407036 8.968237  O_Hello_Far
-0.08200525 -0.01764512 8.842125 -0.1604587 0.07288527 8.847643 -0.3424611 0.3106631 8.891649 -0.4221234 0.6065093 8.856483 -0.02609651 0.08177507 8.879345 0.2717523 0.07937169 8.727041 0.0426236 -0.1230749 8.686794 -0.09902005 0.2169869 8.848534 -0.2089869 0.6552705 8.78667 -0.200578 1.058384 8.876134 -0.1849393 1.396081 8.956071 -0.0293716 0.6670631 8.832504 -0.0110477 1.078894 8.854013 -0.03875295 1.406699 8.968139  O_Hello_Far
-0.08194022 -0.0176214 8.838131 -0.1603688 0.0729233 8.843766 -0.3426242 0.3106349 8.887257 -0.4218059 0.6065082 8.851245 -0.02606951 0.08165967 8.875776 0.2725321 0.07754982 8.725597 0.04892804 -0.131229 8.686648 -0.09887443 0.2169964 8.845235 -0.2085366 0.6555155 8.784508 -0.2005374 1.0584 8.875032 -0.1852766 1.395889 8.955916 -0.0290126 0.6670921 8.830753 -0.01072322 1.078894 8.852846 -0.03863875 1.406314 8.968019  O_Hello_Far
-0.08221553 -0.01751804 8.833487 -0.1606115 0.07304883 8.839217 -0.343333 0.31066 8.881756 -0.4215123 0.606571 8.843913 -0.0264046 0.08159351 8.871663 0.2735761 0.07503247 8.724912 0.06030484 -0.1444867 8.687082 -0.09904365 0.2170815 8.841398 -0.2082841 0.6558805 8.781946 -0.2007054 1.05852 8.87359 -0.1858536 1.395778 8.955508 -0.02889411 0.6671883 8.828774 -0.0105959 1.078934 8.851888 -0.03865651 1.406047 8.967895  O_Hello_Far
-0.08305888 -0.01731741 8.82795 -0.1614073 0.07328641 8.833748 -0.3449325 0.3107556 8.874504 -0.4212374 0.6066996 8.833245 -0.02733426 0.08157814 8.866807 0.2748612 0.07101274 8.72576 0.08039667 -0.1655507 8.68935 -0.09973578 0.2172581 8.836835 -0.2083739 0.6564054 8.778871 -0.2012367 1.058778 8.871713 -0.1868513 1.395773 8.954789 -0.02917771 0.6673598 8.826517 -0.01068805 1.079022 8.850933 -0.03877245 1.405856 8.967715  O_Hello_Far
-0.08395521 -0.01714754 8.825265 -0.1622682 0.07348728 8.831059 -0.3464645 0.3108585 8.870243 -0.4211661 0.6067833 8.82602 -0.02828131 0.08162665 8.864503 0.2755665 0.06786788 8.728009 0.09785493 -0.1816036 8.692135 -0.1005244 0.2174164 8.834645 -0.2087566 0.6567577 8.777397 -0.2018137 1.059035 8.870667 -0.1876709 1.395921 8.954225 -0.02968512 0.6675004 8.825559 -0.01091318 1.079114 8.850564 -0.03888659 1.405879 8.967569  O_Hello_Far
-0.08465724 -0.01701188 8.824497 -0.1629384 0.07365167 8.830269 -0.3477187 0.3109547 8.86811 -0.4212149 0.6067898 8.82134 -0.02899442 0.08170009 8.863907 0.2760564 0.0652771 8.731046 0.1139777 -0.1944488 8.693932 -0.1011364 0.2175502 8.83408 -0.2090964 0.6569939 8.777102 -0.2022939 1.059295 8.870279 -0.1883352 1.396182 8.953861 -0.03008716 0.6676116 8.825521 -0.01102178 1.079221 8.850369 -0.03890489 1.405985 8.967398  O_Hello_Far
-0.08515917 -0.01687264 8.824297 -0.1634007 0.07382548 8.830063 -0.3487948 0.3110616 8.866557 -0.4212032 0.6067557 8.817266 -0.02948628 0.08177948 8.863841 0.2765823 0.06257915 8.73456 0.1325927 -0.207408 8.696111 -0.1015305 0.2176898 8.834051 -0.2092138 0.6572333 8.777321 -0.2026621 1.059594 8.870259 -0.188982 1.396518 8.953741 -0.03024755 0.6677222 8.825928 -0.01094119 1.079353 8.850243 -0.03883592 1.406091 8.96734  O_Hello_Far
-0.08534633 -0.0167346 8.824981 -0.1635366 0.07400644 8.830769 -0.3495878 0.3111829 8.865932 -0.421129 0.6066603 8.814139 -0.02963064 0.08186257 8.864603 0.2772226 0.05974686 8.738774 0.1548101 -0.2204061 8.698353 -0.1015833 0.217832 8.834862 -0.2089855 0.6574708 8.778338 -0.2028532 1.059945 8.870813 -0.1895945 1.396957 8.954008 -0.03003196 0.6678268 8.827021 -0.01056914 1.079514 8.850231 -0.03863243 1.406189 8.967464  O_Hello_Far
-0.08502291 -0.01663613 8.826274 -0.1631598 0.07414758 8.832113 -0.34979 0.3112878 8.866467 -0.4209684 0.606572 8.813098 -0.02923839 0.08191788 8.865906 0.2780623 0.05756629 8.742608 0.1761534 -0.2303997 8.700246 -0.1011236 0.2179368 8.836227 -0.2082948 0.6576526 8.779864 -0.2027364 1.060263 8.871783 -0.190008 1.397392 8.95458 -0.02931957 0.6678932 8.828491 -0.009886784 1.079669 8.850093 -0.03834234 1.406207 8.967613  O_Hello_Far
-0.08342259 -0.01648688 8.831011 -0.1614202 0.07440901 8.836965 -0.349537 0.3114938 8.870503 -0.420945 0.6063854 8.8153 -0.02743088 0.08199525 8.870529 0.2808954 0.05321848 8.752997 0.2325902 -0.2478139 8.706623 -0.09917264 0.2181106 8.840947 -0.2058136 0.6579679 8.784681 -0.2019227 1.060992 8.874855 -0.1906796 1.398501 8.956312 -0.02674185 0.6679629 8.833003 -0.007672293 1.079992 8.8495 -0.03749011 1.406009 8.968122  O_Hello_Far
-0.08166425 -0.0164777 8.837752 -0.1595386 0.07453418 8.843546 -0.3492118 0.3116101 8.877687 -0.4221465 0.6062874 8.823341 -0.02551983 0.08201957 8.877015 0.2851929 0.05043948 8.767374 0.2932916 -0.2542073 8.72016 -0.09709953 0.2181622 8.847167 -0.2031939 0.6580315 8.789969 -0.2007281 1.061581 8.877814 -0.1907328 1.399576 8.957395 -0.02408097 0.6678995 8.838164 -0.005304797 1.080132 8.848921 -0.03657852 1.40558 8.968725  O_Hello_Far
-0.08122067 -0.01657999 8.844419 -0.1590107 0.07452953 8.849795 -0.3498251 0.311637 8.885151 -0.4246122 0.6062259 8.832884 -0.02502863 0.08199549 8.883416 0.2897823 0.04976988 8.784407 0.3462242 -0.2503546 8.741465 -0.09643136 0.2181063 8.853004 -0.202006 0.6578822 8.794151 -0.1999564 1.061893 8.87986 -0.1903388 1.400307 8.957688 -0.02294694 0.6677363 8.842548 -0.003631754 1.080044 8.84831 -0.03584657 1.405224 8.968593  O_Hello_Far
-0.08159606 -0.01667559 8.847604 -0.1593465 0.07447863 8.852793 -0.3505757 0.3115978 8.889038 -0.4264697 0.6061276 8.83805 -0.02538244 0.0819329 8.886487 0.2921958 0.05022979 8.794396 0.372028 -0.2451224 8.755688 -0.09670143 0.2180307 8.855822 -0.2020306 0.6577659 8.796229 -0.1998589 1.062017 8.880795 -0.1902021 1.400586 8.957941 -0.02299796 0.6676095 8.844727 -0.00308208 1.079915 8.848001 -0.03568731 1.405076 8.968232  O_Hello_Far
-0.08215909 -0.01680076 8.850894 -0.1598674 0.07439935 8.855906 -0.3514778 0.3115196 8.893193 -0.4286037 0.60597 8.843614 -0.02591888 0.08183622 8.889666 0.2945857 0.05093229 8.805504 0.3985047 -0.2375588 8.772672 -0.09715323 0.2179246 8.858763 -0.2022314 0.657625 8.798474 -0.1998013 1.062159 8.881667 -0.1900559 1.400854 8.958246 -0.02322148 0.6674506 8.847058 -0.002568526 1.079733 8.847683 -0.03557466 1.404906 8.96777  O_Hello_Far
-0.08288269 -0.01695192 8.852739 -0.1605618 0.07427001 8.857805 -0.3522085 0.3113822 8.896089 -0.4300977 0.605776 8.847374 -0.02659534 0.08166075 8.891504 0.2962519 0.05193496 8.813839 0.4172092 -0.2304304 8.78657 -0.09780388 0.2177763 8.860662 -0.2027803 0.6575195 8.800508 -0.1995433 1.062598 8.880979 -0.1898063 1.401075 8.95852 -0.02374486 0.6672826 8.849011 -0.0023735 1.079527 8.847722 -0.03559003 1.404782 8.967527  O_Hello_Far
-0.08370225 -0.01713312 8.854609 -0.1613511 0.07410932 8.859768 -0.3529813 0.311211 8.899092 -0.4316038 0.6055501 8.851232 -0.02736281 0.08144283 8.893393 0.2977901 0.05308867 8.822828 0.4363371 -0.2216609 8.802293 -0.09854864 0.2175955 8.862661 -0.2034287 0.6574009 8.802796 -0.1991404 1.063166 8.879682 -0.189453 1.401295 8.95873 -0.02436213 0.6670857 8.851199 -0.00218646 1.079275 8.847839 -0.03562359 1.404634 8.967302  O_Hello_Far
-0.08463018 -0.01734698 8.855474 -0.1622627 0.07389486 8.860881 -0.3535973 0.311009 8.900821 -0.432235 0.6053765 8.853162 -0.0282437 0.08114481 8.894402 0.2987456 0.05457866 8.829333 0.4503988 -0.2135447 8.814651 -0.09943937 0.2173669 8.864003 -0.2043164 0.6573032 8.8051 -0.1982652 1.064162 8.875839 -0.1888539 1.401433 8.958506 -0.0252056 0.6668696 8.853364 -0.00225137 1.079 8.848397 -0.03578572 1.404518 8.967401  O_Hello_Far
-0.08580129 -0.01757133 8.856257 -0.1634205 0.07366073 8.86201 -0.3542512 0.3108205 8.902373 -0.4325392 0.6052741 8.854671 -0.0293685 0.08080018 8.895422 0.2996324 0.05680144 8.836397 0.4655678 -0.2030295 8.828802 -0.1005816 0.2171177 8.865496 -0.205477 0.6572351 8.807996 -0.1976182 1.065069 8.872683 -0.1882025 1.401514 8.958649 -0.02631865 0.6666436 8.856114 -0.002377791 1.078693 8.849361 -0.03597943 1.404455 8.967675  O_Hello_Far
-0.08675449 -0.01771212 8.856563 -0.1643709 0.0735023 8.862625 -0.3546532 0.3107305 8.902948 -0.4322531 0.6053085 8.854891 -0.03029828 0.08054686 8.895975 0.3001301 0.05898368 8.840817 0.475561 -0.1946344 8.838315 -0.101531 0.2169492 8.866485 -0.2064653 0.6572293 8.810317 -0.1975945 1.065509 8.87199 -0.1878397 1.401612 8.959248 -0.02727739 0.6665009 8.858351 -0.002534909 1.078482 8.850423 -0.03612463 1.404488 8.968066  O_Hello_Far
-0.08729295 -0.01775551 8.856912 -0.1649167 0.07344568 8.863078 -0.3548309 0.3107454 8.903012 -0.4318373 0.6054019 8.854484 -0.03084932 0.08045805 8.896455 0.3003438 0.06054056 8.842801 0.4797162 -0.1903179 8.842635 -0.1020876 0.2168921 8.867126 -0.2070455 0.6572345 8.811494 -0.1979494 1.065526 8.873055 -0.1877205 1.401806 8.959574 -0.02786504 0.6664588 8.859565 -0.002754016 1.078411 8.851287 -0.03637109 1.404627 8.968336  O_Hello_Far
-0.08848415 -0.01775622 8.858343 -0.1661429 0.0734098 8.86459 -0.3551878 0.3108971 8.903208 -0.4306885 0.6057215 8.853351 -0.03211091 0.08040667 8.898112 0.300754 0.06466234 8.846885 0.4867453 -0.1812885 8.85134 -0.1033634 0.2168689 8.868947 -0.2084058 0.6572735 8.813972 -0.1993897 1.065058 8.878821 -0.1874991 1.402504 8.960447 -0.029276 0.6664713 8.862237 -0.003539367 1.078382 8.853854 -0.03720377 1.405311 8.968887  O_Hello_Far
-0.0888205 -0.0176543 8.859205 -0.1665087 0.0734905 8.865394 -0.3552498 0.3110389 8.903345 -0.4301362 0.605917 8.852882 -0.03250216 0.08052552 8.89901 0.3009427 0.06657159 8.847978 0.4877892 -0.1787044 8.853669 -0.1037716 0.216967 8.86979 -0.2088962 0.6573407 8.814724 -0.200576 1.064378 8.884194 -0.1876924 1.402885 8.961143 -0.02980296 0.6665896 8.863113 -0.004032834 1.07851 8.855278 -0.03768746 1.405894 8.969008  O_Hello_Far
-0.0888509 -0.01749969 8.859657 -0.1665688 0.07362366 8.86579 -0.3551822 0.3111773 8.903351 -0.4297048 0.6060831 8.852514 -0.0325806 0.08070469 8.899469 0.3011319 0.06780601 8.848074 0.4873454 -0.1779423 8.854128 -0.1038759 0.2171193 8.870188 -0.2091032 0.6574513 8.814982 -0.2018634 1.063537 8.889926 -0.1882528 1.403082 8.962022 -0.03003596 0.6667624 8.863458 -0.004409356 1.078705 8.856362 -0.03804336 1.406463 8.969017  O_Hello_Far
-0.08866255 -0.01731813 8.859309 -0.1664202 0.07377028 8.865457 -0.3550188 0.3112552 8.902912 -0.4292658 0.606181 8.851789 -0.03244148 0.08089721 8.899164 0.3013076 0.06848574 8.84717 0.485559 -0.1787422 8.853019 -0.103789 0.2172911 8.869913 -0.2091922 0.6575963 8.814831 -0.2025185 1.063181 8.892494 -0.1886145 1.403185 8.962334 -0.0301383 0.6669675 8.863343 -0.004861636 1.07895 8.857456 -0.03852091 1.406928 8.969462  O_Hello_Far
-0.08837591 -0.01714623 8.858558 -0.1661738 0.0739044 8.864758 -0.3548226 0.3112885 8.902279 -0.4288783 0.6062268 8.850951 -0.03219841 0.08107102 8.89847 0.3014546 0.06876612 8.845826 0.4832374 -0.1802937 8.851176 -0.1036061 0.2174503 8.869297 -0.2092036 0.6577404 8.814467 -0.2027383 1.063163 8.892989 -0.1888005 1.403273 8.962306 -0.03015403 0.6671628 8.862986 -0.00529675 1.079188 8.858411 -0.039003 1.407272 8.970094  O_Hello_Far
-0.08765946 -0.01694393 8.85679 -0.1655055 0.07405698 8.863111 -0.3543376 0.3112847 8.900867 -0.42847 0.6061262 8.849094 -0.0315241 0.08126104 8.896791 0.301782 0.06818914 8.843822 0.4800039 -0.1834503 8.848169 -0.1030151 0.2176323 8.867785 -0.2088701 0.6579231 8.81346 -0.2025288 1.06339 8.89176 -0.1889054 1.403305 8.96209 -0.02981143 0.6673916 8.861936 -0.005446417 1.079458 8.858666 -0.03914581 1.407376 8.970838  O_Hello_Far
-0.08685414 -0.01672518 8.854931 -0.1647495 0.07422566 8.861363 -0.3537881 0.3112954 8.899324 -0.4280675 0.6060122 8.847055 -0.03076295 0.08147156 8.895014 0.3021637 0.0675627 8.841682 0.4765848 -0.1867433 8.844875 -0.1023386 0.2178313 8.866164 -0.2084562 0.6581165 8.812306 -0.2023339 1.063571 8.89069 -0.1890377 1.403322 8.961869 -0.0293896 0.6676374 8.860743 -0.005501015 1.07974 8.858654 -0.0391712 1.407459 8.971412  O_Hello_Far
-0.08593564 -0.01651371 8.853185 -0.1638741 0.07439601 8.859675 -0.3531494 0.3113391 8.897698 -0.427787 0.6058645 8.844863 -0.02988593 0.08168972 8.893309 0.3026462 0.06689429 8.83956 0.4734034 -0.1898993 8.841407 -0.1015321 0.2180296 8.86454 -0.2078715 0.6582906 8.810924 -0.2022311 1.063543 8.890383 -0.1892117 1.403278 8.961686 -0.02880202 0.6678737 8.859337 -0.005233033 1.079997 8.857759 -0.03880195 1.407456 8.971299  O_Hello_Far
-0.08459453 -0.01620638 8.850769 -0.1625956 0.07464647 8.857305 -0.3522328 0.3114145 8.895338 -0.4274312 0.6056572 8.841728 -0.02861272 0.08201563 8.890943 0.3033191 0.06592739 8.836439 0.4685239 -0.1944793 8.836179 -0.1003526 0.2183204 8.862241 -0.2069945 0.6585348 8.808843 -0.2020016 1.063534 8.88962 -0.1894147 1.403197 8.961347 -0.02793209 0.668217 8.857263 -0.004789574 1.080366 8.856246 -0.03823541 1.407412 8.971008  O_Hello_Far
-0.08301012 -0.01586711 8.848519 -0.1610838 0.07493281 8.854922 -0.3512226 0.3115399 8.892608 -0.4272536 0.6054434 8.838317 -0.02714209 0.08241737 8.888699 0.3039908 0.06479752 8.83263 0.461897 -0.200078 8.829327 -0.09894983 0.2186544 8.859846 -0.205853 0.6587622 8.806094 -0.2013758 1.063685 8.887286 -0.1894706 1.403032 8.960607 -0.02684925 0.6686004 8.854698 -0.004026992 1.080767 8.853509 -0.03743903 1.407168 8.970099  O_Hello_Far
-0.08181517 -0.01561737 8.846965 -0.159946 0.0751462 8.853185 -0.3505057 0.3116452 8.890435 -0.4272216 0.6053001 8.835764 -0.0260493 0.08273673 8.887115 0.3043384 0.06394076 8.829105 0.4555883 -0.2047395 8.822882 -0.09789644 0.2189064 8.858044 -0.2049746 0.6589031 8.803733 -0.2004634 1.064107 8.883511 -0.1893352 1.402846 8.959706 -0.02603499 0.6688865 8.852544 -0.003470404 1.081067 8.851181 -0.03689216 1.40694 8.969237  O_Hello_Far
-0.08067225 -0.01538312 8.845661 -0.1588606 0.07534969 8.851601 -0.3498766 0.3117617 8.888214 -0.4273159 0.6051904 8.833348 -0.02502475 0.08306634 8.885743 0.3044436 0.06310678 8.824908 0.4478144 -0.2097565 8.81517 -0.09689395 0.2191502 8.856326 -0.2041101 0.6590007 8.801109 -0.1990153 1.064883 8.877323 -0.1890153 1.402525 8.958389 -0.02525751 0.6691582 8.850203 -0.002959413 1.081352 8.84862 -0.03644196 1.406668 8.968188  O_Hello_Far
-0.07899825 -0.0148977 8.844468 -0.1572596 0.07580531 8.849878 -0.3489147 0.3121601 8.885172 -0.4273179 0.6054062 8.8307 -0.02350984 0.08374023 8.884307 0.3039448 0.06190789 8.816848 0.4312057 -0.2185158 8.800368 -0.09539817 0.2196636 8.854202 -0.2027705 0.6592298 8.79706 -0.1979585 1.065191 8.87287 -0.1890257 1.402114 8.956994 -0.0240411 0.6696923 8.846536 -0.002328141 1.081919 8.845488 -0.03581355 1.406604 8.966759  O_Hello_Far
-0.07804172 -0.01438057 8.844247 -0.1563283 0.07632434 8.849244 -0.3482872 0.3127437 8.883261 -0.4271087 0.6060151 8.829535 -0.0226063 0.08442533 8.883741 0.302394 0.06080687 8.808698 0.4117652 -0.226633 8.785878 -0.09450375 0.2202132 8.853052 -0.2019358 0.6595274 8.794113 -0.1984922 1.06454 8.874908 -0.1894005 1.402028 8.95672 -0.02324603 0.6702253 8.843681 -0.002231462 1.082489 8.844402 -0.0354989 1.406936 8.966366  O_Hello_Far
-0.07774685 -0.0140754 8.844353 -0.156032 0.07664049 8.849171 -0.3480466 0.313133 8.882508 -0.4269243 0.6064724 8.829236 -0.02230374 0.08481419 8.883627 0.3011149 0.06016481 8.804107 0.3997 -0.2308794 8.778059 -0.09420584 0.2205368 8.852661 -0.2016458 0.6597251 8.792805 -0.1992302 1.063882 8.87781 -0.1896774 1.402011 8.956875 -0.02294712 0.6705275 8.842319 -0.002362294 1.082808 8.844441 -0.03542338 1.407231 8.966524  O_Hello_Far
-0.07799177 -0.013767 8.844173 -0.1562413 0.07698596 8.848868 -0.3480633 0.3136473 8.88138 -0.4265625 0.6071302 8.828341 -0.02248947 0.08517563 8.883229 0.2987996 0.05932999 8.797907 0.3818041 -0.2361479 8.767782 -0.09436141 0.2208661 8.852054 -0.2016795 0.6599807 8.791442 -0.1993866 1.063786 8.878106 -0.1895346 1.402018 8.956695 -0.02294712 0.670811 8.840828 -0.002905829 1.083102 8.84506 -0.03549151 1.407597 8.967082  O_Hello_Far
-0.07838814 -0.01350629 8.843907 -0.1565949 0.07728791 8.848518 -0.3481617 0.3141258 8.880265 -0.4261841 0.6077577 8.827349 -0.02281646 0.08547091 8.882776 0.2963156 0.05850816 8.792028 0.3638493 -0.2405238 8.758509 -0.09464996 0.2211456 8.851444 -0.2018168 0.6602151 8.790242 -0.1993038 1.06391 8.877416 -0.1892544 1.40204 8.956413 -0.02304666 0.6710418 8.839493 -0.003511949 1.083331 8.845795 -0.03559617 1.40792 8.967697  O_Hello_Far
-0.07927196 -0.01320207 8.841534 -0.1573914 0.07766616 8.846167 -0.3483036 0.3147653 8.877198 -0.4250781 0.6087564 8.82445 -0.02361737 0.08569908 8.880477 0.2930093 0.0578208 8.783507 0.3374304 -0.244972 8.745459 -0.09530662 0.2214614 8.849195 -0.2020211 0.6606694 8.788196 -0.1992394 1.064164 8.876282 -0.1889317 1.402118 8.955999 -0.02325825 0.6712936 8.837516 -0.004076703 1.083562 8.845897 -0.03543637 1.408057 8.968238  O_Hello_Far
-0.07997988 -0.01304734 8.839147 -0.1580449 0.07786608 8.843807 -0.3484476 0.3151191 8.874436 -0.4242966 0.6093836 8.821874 -0.02429955 0.08577287 8.878259 0.2906462 0.05745614 8.777276 0.3177035 -0.247023 8.736474 -0.09587006 0.2216175 8.847061 -0.2022401 0.6609644 8.786462 -0.1987194 1.064799 8.872947 -0.1885667 1.402124 8.955305 -0.02351896 0.671416 8.835971 -0.00441627 1.083664 8.845463 -0.03534494 1.40801 8.968308  O_Hello_Far
-0.08075599 -0.01297832 8.836005 -0.1587815 0.07796717 8.840704 -0.3486543 0.3153224 8.871091 -0.4235893 0.6098682 8.818794 -0.02509729 0.08573198 8.875424 0.2884941 0.05729532 8.771169 0.2982881 -0.24791 8.728062 -0.09653668 0.2216783 8.84437 -0.2025588 0.6612049 8.784469 -0.1975688 1.065986 8.866335 -0.1879722 1.40196 8.954103 -0.02392612 0.6714599 8.834336 -0.004668755 1.083688 8.84439 -0.03530071 1.407786 8.967959  O_Hello_Far
-0.08142112 -0.01291573 8.833043 -0.1594192 0.07805157 8.837774 -0.3488068 0.3154788 8.86797 -0.4229751 0.6102633 8.815927 -0.02579783 0.08569419 8.872762 0.286607 0.05724251 8.765686 0.2804351 -0.2478182 8.720917 -0.09712426 0.2217302 8.841841 -0.2028582 0.6614169 8.782608 -0.1966497 1.066916 8.860754 -0.1874647 1.401687 8.953046 -0.02431606 0.6715016 8.832833 -0.004868669 1.083709 8.843333 -0.03529672 1.407559 8.967604  O_Hello_Far
-0.08226596 -0.01279914 8.827687 -0.1602674 0.07816339 8.832455 -0.3488578 0.3156003 8.862509 -0.4221198 0.610692 8.810924 -0.02678577 0.08564794 8.868006 0.2841602 0.05769277 8.757172 0.2513162 -0.245447 8.710998 -0.09796558 0.2218143 8.837321 -0.2033896 0.6617435 8.779351 -0.1959456 1.06785 8.854162 -0.1872038 1.401168 8.951612 -0.02504812 0.6716037 8.830328 -0.005018277 1.083774 8.841194 -0.03548513 1.407088 8.966843  O_Hello_Far
-0.08281903 -0.01271558 8.824027 -0.1608471 0.07822359 8.828806 -0.348819 0.3156315 8.858669 -0.4216678 0.6108943 8.807479 -0.02747391 0.0856297 8.864778 0.2824026 0.05825078 8.751133 0.2282995 -0.2418307 8.704999 -0.09858029 0.2218689 8.834248 -0.2038911 0.6619391 8.777148 -0.1957328 1.068304 8.850468 -0.18715 1.400782 8.950759 -0.02570484 0.6716852 8.828687 -0.005136056 1.083823 8.839761 -0.03568785 1.406822 8.966196  O_Hello_Far
-0.08322041 -0.01264966 8.821224 -0.1612915 0.07825267 8.825999 -0.3487216 0.315606 8.855632 -0.4214271 0.61097 8.804822 -0.02801297 0.08562672 8.862327 0.2809859 0.05890608 8.746303 0.2079231 -0.2372807 8.70114 -0.09908782 0.221907 8.831906 -0.204403 0.6620632 8.775481 -0.1958307 1.068494 8.848387 -0.1872586 1.400502 8.950226 -0.02635203 0.6717587 8.827495 -0.005240185 1.083866 8.838691 -0.0359122 1.406674 8.965587  O_Hello_Far
-0.08358674 -0.01259863 8.81953 -0.1616927 0.07827485 8.824284 -0.3486338 0.3155991 8.85364 -0.421365 0.6110311 8.803265 -0.0284832 0.08563733 8.860867 0.2796398 0.05948603 8.742574 0.1897378 -0.2322674 8.698962 -0.09954135 0.2219387 8.830502 -0.2048796 0.6621413 8.774482 -0.1961416 1.06849 8.847821 -0.1874055 1.400385 8.950014 -0.02692728 0.6718167 8.826836 -0.005391104 1.083899 8.838154 -0.03615038 1.406624 8.965239  O_Hello_Far
-0.08396243 -0.01255274 8.819 -0.1620984 0.07829726 8.823713 -0.348545 0.3156228 8.85269 -0.4215119 0.6110937 8.802888 -0.02893488 0.08567452 8.860459 0.2781869 0.06006122 8.739693 0.1715672 -0.2263638 8.698492 -0.09999304 0.2219741 8.830087 -0.2053819 0.6621804 8.774193 -0.1967809 1.068244 8.849113 -0.1876433 1.400473 8.95018 -0.02749519 0.6718736 8.826765 -0.005624993 1.083934 8.838223 -0.03644113 1.406705 8.965176  O_Hello_Far
-0.08443837 -0.01250887 8.81926 -0.1625901 0.0783304 8.823917 -0.3484932 0.3157059 8.852421 -0.4217845 0.6112163 8.803334 -0.02945404 0.08572495 8.860761 0.2764151 0.06060505 8.737119 0.152351 -0.2191502 8.699046 -0.100509 0.2220156 8.830339 -0.2059177 0.6622083 8.774376 -0.197714 1.067767 8.852025 -0.1879311 1.400704 8.950671 -0.02807019 0.6719249 8.827077 -0.005956335 1.083966 8.838758 -0.0367289 1.406901 8.965306  O_Hello_Far
-0.08512931 -0.0124445 8.821634 -0.1632572 0.07841945 8.826209 -0.3485406 0.3159779 8.854027 -0.4224044 0.611513 8.805958 -0.03009556 0.08583808 8.862954 0.2739962 0.06104076 8.73564 0.131798 -0.2104939 8.701684 -0.1011391 0.2220998 8.832377 -0.2064836 0.6622336 8.775833 -0.1993277 1.066712 8.859023 -0.1883618 1.401248 8.95197 -0.02859954 0.6719872 8.828403 -0.00651042 1.084017 8.840514 -0.03697316 1.407413 8.965954  O_Hello_Far
-0.08584468 -0.01239705 8.824319 -0.1639285 0.07850695 8.828849 -0.3487757 0.3162757 8.856092 -0.42287 0.6118912 8.808879 -0.030708 0.08593726 8.865377 0.2718615 0.06135607 8.73511 0.1174905 -0.2038356 8.704331 -0.1017425 0.2221727 8.834663 -0.2069937 0.6622469 8.777484 -0.2005118 1.065869 8.864789 -0.1885452 1.401641 8.953039 -0.02902584 0.6720225 8.829766 -0.007076664 1.084046 8.842333 -0.03706179 1.408001 8.96644  O_Hello_Far
-0.0866925 -0.01234615 8.827609 -0.1647149 0.07861233 8.832104 -0.3491397 0.3166388 8.858726 -0.4233298 0.6123755 8.812432 -0.03141032 0.08604968 8.868322 0.2694717 0.06166339 8.734951 0.1037464 -0.1969681 8.707579 -0.1024353 0.2222555 8.837455 -0.207564 0.6622586 8.77951 -0.2016793 1.064973 8.870951 -0.1887061 1.401992 8.95416 -0.02947621 0.6720515 8.831378 -0.007741554 1.08407 8.844492 -0.03708736 1.408717 8.966929  O_Hello_Far
-0.0875483 -0.01234055 8.829796 -0.1655132 0.07866693 8.834297 -0.3497626 0.3168817 8.860683 -0.4234511 0.6128599 8.815138 -0.03214125 0.08608341 8.870272 0.2677027 0.0619812 8.734976 0.09544106 -0.1925132 8.709229 -0.1031462 0.2222836 8.839334 -0.2081368 0.6622605 8.78094 -0.2019273 1.064865 8.87284 -0.1883578 1.402214 8.954606 -0.02995305 0.6720304 8.832483 -0.008408708 1.084035 8.846314 -0.03732846 1.409231 8.967389  O_Hello_Far
-0.0884916 -0.01234233 8.832037 -0.1663937 0.07871842 8.836551 -0.3504871 0.3171293 8.862735 -0.423552 0.6133844 8.81799 -0.0329505 0.08610702 8.872267 0.265827 0.06232691 8.735034 0.0871603 -0.1878786 8.710953 -0.1039317 0.2223048 8.841262 -0.2087683 0.6622593 8.782425 -0.2020659 1.064865 8.874284 -0.1879046 1.402444 8.954994 -0.03048293 0.6719973 8.833621 -0.009139819 1.083984 8.848268 -0.03761415 1.409757 8.967889  O_Hello_Far
-0.0894035 -0.01233447 8.832799 -0.1672503 0.07877052 8.837369 -0.3513485 0.3172919 8.863549 -0.4230247 0.6139186 8.819021 -0.03377764 0.08608282 8.87299 0.2647037 0.06284344 8.735003 0.08286132 -0.1850597 8.710883 -0.104703 0.2223213 8.842037 -0.2093301 0.6623361 8.783278 -0.2020694 1.065088 8.874453 -0.1875093 1.402628 8.955251 -0.03100292 0.6719719 8.834347 -0.009743197 1.083928 8.849961 -0.03807054 1.410127 8.968451  O_Hello_Far
-0.09035949 -0.01232421 8.833455 -0.168149 0.07882667 8.838088 -0.3522678 0.3174551 8.864284 -0.4224156 0.614481 8.819984 -0.03464941 0.08605385 8.873625 0.263592 0.06340516 8.734963 0.07874341 -0.182248 8.710675 -0.105513 0.2223393 8.842738 -0.2099147 0.6624253 8.784111 -0.2020624 1.065342 8.874506 -0.1870879 1.402815 8.955508 -0.03154949 0.6719469 8.83507 -0.01036493 1.083866 8.851714 -0.03855066 1.410495 8.969049  O_Hello_Far
-0.09157 -0.01225209 8.831966 -0.1692905 0.07894909 8.836764 -0.3535458 0.3175908 8.863092 -0.421228 0.6151425 8.818487 -0.03581164 0.0859834 8.872417 0.2628361 0.06445467 8.733761 0.07739337 -0.1805297 8.70734 -0.1065441 0.2224001 8.84181 -0.2105529 0.6627106 8.784181 -0.2022611 1.065581 8.874743 -0.1868836 1.403006 8.955871 -0.03221802 0.671966 8.835293 -0.01085733 1.083831 8.853036 -0.03905342 1.41086 8.969245  O_Hello_Far
-0.09277354 -0.0121367 8.829567 -0.1704281 0.07910967 8.834569 -0.3547485 0.3177273 8.860894 -0.4200784 0.6157146 8.815694 -0.03698878 0.08591986 8.870414 0.2622733 0.0656774 8.731943 0.0781665 -0.1799502 8.702343 -0.1075749 0.2224933 8.840171 -0.2111633 0.6630749 8.78387 -0.2025123 1.065832 8.874901 -0.1868074 1.403158 8.956377 -0.03288583 0.6720193 8.835238 -0.01121948 1.083828 8.853889 -0.03943441 1.411088 8.969443  O_Hello_Far
-0.09378414 -0.01200175 8.826867 -0.1713852 0.07927871 8.832072 -0.3556958 0.3178484 8.858276 -0.4191588 0.6161219 8.81231 -0.03799323 0.08587599 8.868133 0.2619336 0.06684303 8.729942 0.08047278 -0.1803031 8.69685 -0.108445 0.2226002 8.838259 -0.2116595 0.6634426 8.783329 -0.2027602 1.066058 8.874962 -0.1868362 1.403256 8.956925 -0.03345041 0.6720904 8.834985 -0.01142631 1.083851 8.854255 -0.03966795 1.411172 8.969631  O_Hello_Far
-0.09464012 -0.01180542 8.82423 -0.172195 0.07950401 8.829613 -0.3562818 0.3180627 8.855239 -0.4186281 0.616286 8.807454 -0.03883873 0.08592188 8.865836 0.2618204 0.06819332 8.727918 0.08669604 -0.1828645 8.690423 -0.1091803 0.2227712 8.836277 -0.2120846 0.6638277 8.782496 -0.2030256 1.066323 8.87464 -0.1869845 1.403404 8.957059 -0.03392706 0.6722262 8.834371 -0.01158427 1.083954 8.853982 -0.03974048 1.411065 8.969971  O_Hello_Far
-0.09519963 -0.01164854 8.822577 -0.172724 0.07968104 8.828056 -0.3566588 0.3182368 8.853232 -0.4183334 0.6163663 8.804013 -0.03939108 0.0859884 8.864386 0.2618289 0.06911886 8.726766 0.09222318 -0.1852132 8.686104 -0.1096601 0.2229131 8.835005 -0.2123606 0.6640977 8.781888 -0.2032166 1.066524 8.87432 -0.1871209 1.403538 8.957006 -0.03423671 0.6723423 8.833902 -0.01168792 1.084053 8.853642 -0.03973256 1.411007 8.970098  O_Hello_Far
-0.09556298 -0.01146889 8.821723 -0.1730664 0.07987785 8.82721 -0.3568942 0.3184494 8.851869 -0.4183469 0.6163386 8.800946 -0.03974841 0.08613396 8.863603 0.2620963 0.06984258 8.726534 0.1002093 -0.1889949 8.682943 -0.109969 0.2230905 8.834254 -0.2125321 0.6643262 8.781298 -0.2033939 1.066743 8.873775 -0.18733 1.403737 8.956543 -0.03442983 0.6725008 8.833397 -0.01175575 1.084214 8.852929 -0.03955368 1.411013 8.969881  O_Hello_Far
-0.09588556 -0.01120794 8.821274 -0.1733675 0.08016038 8.826709 -0.3571608 0.3187615 8.85079 -0.4184123 0.6163048 8.797651 -0.04006241 0.0863899 8.863153 0.2627799 0.07062674 8.727253 0.1131511 -0.1948618 8.680015 -0.1102358 0.2233583 8.833746 -0.2126634 0.6646085 8.780649 -0.203604 1.067034 8.873096 -0.1876462 1.404025 8.955899 -0.03457985 0.6727486 8.832817 -0.01181255 1.084477 8.851923 -0.03924857 1.411043 8.969606  O_Hello_Far
-0.09593301 -0.01088381 8.822087 -0.1734035 0.0805043 8.827349 -0.3573674 0.319157 8.851004 -0.4185778 0.6162834 8.795537 -0.04009913 0.08678484 8.863787 0.2641415 0.07114196 8.729993 0.1317493 -0.2027571 8.679436 -0.1102538 0.223707 8.834122 -0.2126229 0.6648706 8.780198 -0.2037846 1.067349 8.872435 -0.1880634 1.404375 8.955141 -0.0345404 0.6730852 8.832358 -0.01181178 1.08485 8.850708 -0.03878031 1.411115 8.969332  O_Hello_Far
-0.09550278 -0.01056015 8.824165 -0.1729831 0.0808326 8.829196 -0.3574609 0.3195223 8.853069 -0.4184708 0.6163933 8.796035 -0.03965883 0.08724129 8.86554 0.266479 0.07162178 8.73494 0.1550468 -0.2108996 8.681377 -0.1098497 0.2240638 8.835503 -0.2123116 0.6650487 8.780309 -0.2037836 1.067587 8.872313 -0.188361 1.40466 8.954882 -0.03420059 0.6734452 8.832343 -0.01159338 1.085261 8.849669 -0.03826944 1.411217 8.969204  O_Hello_Far
-0.09509669 -0.01030874 8.82601 -0.1725895 0.08108377 8.830849 -0.3575361 0.3197905 8.855018 -0.4183708 0.6164915 8.796921 -0.03924827 0.08760571 8.867109 0.2684753 0.07203627 8.739279 0.1747572 -0.2165056 8.683917 -0.1094765 0.2243407 8.836762 -0.2120381 0.6651684 8.780509 -0.2037599 1.067761 8.8723 -0.1885744 1.404878 8.954733 -0.03390269 0.6737249 8.832433 -0.01138536 1.085582 8.848859 -0.03786413 1.411303 8.969079  O_Hello_Far
-0.09451126 -0.0100888 8.828359 -0.1720352 0.08128774 8.832996 -0.3576312 0.3199583 8.857899 -0.4185156 0.6165949 8.799526 -0.03868036 0.0879513 8.869182 0.2709499 0.07265115 8.744737 0.1962824 -0.2211332 8.687992 -0.1089717 0.2245822 8.838513 -0.2117185 0.6652268 8.781172 -0.2036583 1.067905 8.872605 -0.1886675 1.4051 8.954757 -0.03356324 0.6739814 8.832995 -0.01105402 1.085887 8.848177 -0.03758393 1.411457 8.968794  O_Hello_Far
-0.09381162 -0.00982964 8.831238 -0.1713739 0.08152652 8.835629 -0.357772 0.3201362 8.861462 -0.4186853 0.6167158 8.802831 -0.03800432 0.08836222 8.871727 0.2739483 0.07343864 8.75158 0.2232103 -0.2252681 8.694097 -0.1083715 0.2248656 8.840668 -0.2113426 0.6652834 8.782002 -0.20354 1.068069 8.872986 -0.1887794 1.40536 8.954782 -0.03316585 0.6742787 8.83371 -0.01064877 1.086239 8.847335 -0.03724919 1.411625 8.968431  O_Hello_Far
-0.09340005 -0.009639859 8.833779 -0.1710012 0.08169317 8.83796 -0.3581943 0.3201934 8.864965 -0.4194183 0.6168395 8.806998 -0.03764413 0.08865869 8.87408 0.2769733 0.07460523 8.758879 0.2487269 -0.2270856 8.701527 -0.1080593 0.2250683 8.842719 -0.2111965 0.6653209 8.783113 -0.2035028 1.068223 8.873586 -0.1888416 1.405619 8.954967 -0.03303735 0.6744971 8.834848 -0.010294 1.086496 8.846803 -0.037239 1.411763 8.968141  O_Hello_Far
-0.09295551 -0.009420276 8.836928 -0.1706031 0.08188498 8.840846 -0.358779 0.3202227 8.86936 -0.4204089 0.6169592 8.812293 -0.03726856 0.08900344 8.877019 0.2807071 0.07618499 8.768455 0.281329 -0.2271236 8.712706 -0.1077332 0.2253019 8.845288 -0.2110521 0.6653576 8.784554 -0.2034751 1.06841 8.874364 -0.1889236 1.40594 8.955207 -0.03292481 0.6747465 8.836362 -0.009837551 1.086784 8.84615 -0.03724341 1.411898 8.967795  O_Hello_Far
-0.09315149 -0.009311318 8.838734 -0.1708154 0.0819869 8.84249 -0.3595414 0.3202138 8.872176 -0.4217885 0.6169958 8.816023 -0.03753911 0.08913493 8.878872 0.283588 0.07804441 8.776653 0.30584 -0.2248287 8.723015 -0.1079685 0.2254126 8.846973 -0.2112397 0.6654319 8.785895 -0.2036167 1.068609 8.875142 -0.1890439 1.406244 8.95554 -0.03319583 0.6748618 8.837981 -0.009522064 1.086904 8.845997 -0.03741507 1.411902 8.967842  O_Hello_Far
-0.09336559 -0.009197474 8.840796 -0.1710478 0.08209252 8.844366 -0.3604086 0.320171 8.875403 -0.4233851 0.6169964 8.820302 -0.03783933 0.08927488 8.880988 0.2866652 0.08013654 8.786252 0.3334702 -0.2205791 8.736414 -0.1082275 0.2255284 8.848896 -0.2114428 0.6655053 8.78742 -0.2037645 1.068824 8.876018 -0.1891653 1.406581 8.955899 -0.03349577 0.6749828 8.839828 -0.009136898 1.08702 8.845797 -0.03760014 1.411883 8.967869  O_Hello_Far
-0.09469299 -0.009149432 8.841547 -0.1723481 0.08216703 8.845033 -0.3618987 0.3201734 8.877479 -0.4254916 0.6170679 8.823469 -0.03926627 0.08921611 8.882138 0.2892571 0.08319557 8.796803 0.361827 -0.2131107 8.751631 -0.1094825 0.2255658 8.850079 -0.2122916 0.6657133 8.789145 -0.2043746 1.069191 8.876994 -0.189615 1.407075 8.956306 -0.03452615 0.6750053 8.842197 -0.008818431 1.086988 8.845721 -0.03779696 1.411693 8.968094  O_Hello_Far
-0.09622423 -0.009118795 8.842047 -0.1738454 0.08222914 8.845462 -0.3635305 0.3201519 8.87938 -0.4277633 0.6171142 8.826512 -0.04090444 0.08911514 8.8831 0.2913654 0.08635235 8.807929 0.3896824 -0.2033918 8.769375 -0.1109263 0.2255819 8.851112 -0.2132732 0.665935 8.79089 -0.2049607 1.069664 8.877541 -0.1900501 1.407591 8.956642 -0.03570954 0.6750005 8.844653 -0.008479996 1.0869 8.845587 -0.03798501 1.411434 8.968287  O_Hello_Far
-0.09899603 -0.009191513 8.840753 -0.1765552 0.08220661 8.84423 -0.3659634 0.3200815 8.879767 -0.4304047 0.6172156 8.828134 -0.04380093 0.08878791 8.882573 0.2919379 0.09008455 8.817932 0.4153894 -0.1907649 8.786504 -0.1135428 0.2254739 8.850913 -0.2152061 0.6662116 8.792369 -0.2049425 1.071185 8.872782 -0.1903422 1.408076 8.956239 -0.03790943 0.6748527 8.847075 -0.008461697 1.086595 8.844961 -0.03831605 1.410885 8.96822  O_Hello_Far
-0.1017104 -0.009230137 8.839292 -0.1792151 0.08221126 8.842845 -0.3682732 0.3200474 8.879762 -0.4328859 0.6173133 8.829109 -0.04662965 0.08851111 8.881815 0.2916452 0.09353971 8.826165 0.4363506 -0.1776962 8.801755 -0.1161249 0.225397 8.850477 -0.2171898 0.6664808 8.793527 -0.2048651 1.072545 8.867919 -0.1906376 1.408345 8.955724 -0.04013447 0.6747297 8.849068 -0.008510275 1.086287 8.844196 -0.03860412 1.410354 8.967983  O_Hello_Far
-0.104979 -0.009230614 8.837255 -0.1824298 0.08225191 8.840926 -0.3709267 0.320074 8.879125 -0.4356437 0.6174482 8.829247 -0.05001799 0.08824837 8.880529 0.2903317 0.09749496 8.832992 0.4558015 -0.1621377 8.815245 -0.1192663 0.2253472 8.849579 -0.2197372 0.6667959 8.794432 -0.204748 1.073993 8.861813 -0.190983 1.408371 8.954958 -0.04292981 0.6746218 8.850818 -0.008738441 1.08593 8.843046 -0.03893219 1.409756 8.967436  O_Hello_Far
-0.1073617 -0.009165168 8.836287 -0.1847935 0.0823319 8.839993 -0.3728814 0.3201538 8.878922 -0.4379189 0.6175197 8.829412 -0.05247227 0.08819509 8.879917 0.2889813 0.1005678 8.836761 0.4678453 -0.1502661 8.822814 -0.1216078 0.2253873 8.849128 -0.221819 0.6669948 8.794785 -0.2051364 1.074653 8.858906 -0.1913162 1.40829 8.954659 -0.04514078 0.6746346 8.851602 -0.009140117 1.08575 8.842021 -0.0393276 1.40946 8.966715  O_Hello_Far
-0.1099002 -0.009061217 8.835496 -0.1873216 0.08244419 8.839215 -0.3749727 0.3202705 8.878824 -0.440477 0.6175859 8.829628 -0.05507962 0.08820748 8.879416 0.2873348 0.103938 8.840232 0.4794327 -0.1370938 8.829916 -0.1241266 0.2254701 8.848742 -0.2241429 0.667197 8.795014 -0.2057761 1.075182 8.856541 -0.191693 1.408177 8.954472 -0.04757754 0.6746969 8.852199 -0.009675426 1.085596 8.840837 -0.03982518 1.40921 8.965788  O_Hello_Far
-0.1125538 -0.008889079 8.835737 -0.1899726 0.08262181 8.839373 -0.3772602 0.3204993 8.879458 -0.443661 0.6176783 8.830642 -0.0577548 0.08839452 8.879651 0.2854216 0.1077758 8.843021 0.4894447 -0.1233581 8.835531 -0.1267759 0.2256482 8.84888 -0.2267365 0.6673586 8.794912 -0.2068335 1.075487 8.854993 -0.1920034 1.408121 8.954033 -0.05020551 0.6748725 8.852201 -0.01044796 1.085562 8.839683 -0.04047994 1.409041 8.965014  O_Hello_Far
-0.1145884 -0.008733511 8.836154 -0.1920071 0.08278096 8.839703 -0.3790349 0.3207073 8.880103 -0.4462158 0.6177632 8.831606 -0.05979488 0.08858585 8.879995 0.28388 0.1108012 8.845004 0.4964238 -0.1125808 8.839513 -0.1288107 0.2258147 8.849101 -0.2287605 0.6674812 8.794758 -0.207727 1.075675 8.854004 -0.192215 1.408098 8.953645 -0.05223755 0.6750409 8.852064 -0.01108448 1.08557 8.838813 -0.04101632 1.408937 8.964456  O_Hello_Far
-0.1163378 -0.008556485 8.836754 -0.1937396 0.08297527 8.840222 -0.3805944 0.321009 8.880712 -0.4485955 0.6179567 8.832696 -0.0614901 0.08882678 8.880385 0.2825831 0.1139532 8.846016 0.501355 -0.1033533 8.841411 -0.1305134 0.2260149 8.849327 -0.2304465 0.667606 8.794344 -0.2085703 1.075775 8.853454 -0.1922565 1.408073 8.953382 -0.05387054 0.6752338 8.851479 -0.01169316 1.085657 8.83816 -0.04145102 1.40889 8.964187  O_Hello_Far
-0.1184606 -0.008317709 8.83752 -0.1958394 0.08323741 8.840888 -0.3824905 0.3214102 8.881459 -0.4515017 0.6182265 8.834077 -0.06353854 0.08914781 8.880873 0.2809617 0.1178833 8.847168 0.5069433 -0.09193468 8.843547 -0.1325727 0.2262831 8.849607 -0.2324845 0.6677757 8.793799 -0.2096018 1.075902 8.852825 -0.1922787 1.408054 8.953069 -0.05583571 0.6754898 8.850697 -0.01243762 1.085786 8.837378 -0.04197459 1.408852 8.963883  O_Hello_Far
-0.1205366 -0.008016586 8.838165 -0.1978323 0.08361161 8.841451 -0.3843515 0.3220389 8.881907 -0.4544075 0.6188056 8.835763 -0.06544892 0.08951271 8.881164 0.2795189 0.1231704 8.847656 0.5118085 -0.07964563 8.844254 -0.1344294 0.2266259 8.849682 -0.2340813 0.6680589 8.792947 -0.2103138 1.076176 8.851687 -0.1920333 1.407948 8.953012 -0.05731563 0.6757694 8.84948 -0.01321415 1.086018 8.837038 -0.04255096 1.408831 8.964232  O_Hello_Far
-0.1222232 -0.007735252 8.839291 -0.1994026 0.08399606 8.842434 -0.3857693 0.3227532 8.882552 -0.4565068 0.6195334 8.837548 -0.06695031 0.08984995 8.881923 0.2783758 0.1282612 8.8485 0.5155213 -0.06885183 8.844915 -0.1358137 0.2269561 8.850156 -0.2350193 0.6683455 8.792309 -0.2105857 1.07653 8.850303 -0.1915845 1.407904 8.952792 -0.05815629 0.6760031 8.848544 -0.01368813 1.086232 8.836794 -0.04296021 1.408812 8.964596  O_Hello_Far
-0.1234794 -0.007487297 8.840921 -0.2005105 0.08437514 8.843859 -0.3867016 0.3235339 8.883415 -0.4577348 0.6203901 8.839392 -0.06800561 0.09014499 8.883183 0.2775736 0.1330241 8.849725 0.5181175 -0.05991507 8.845543 -0.1366879 0.2272583 8.851057 -0.2352614 0.6686183 8.791921 -0.2103983 1.076949 8.848693 -0.190924 1.407918 8.952393 -0.05832456 0.6761746 8.847938 -0.01383357 1.086414 8.83664 -0.04318575 1.408787 8.964947  O_Hello_Far
-0.1243903 -0.007266045 8.843413 -0.2012747 0.08472919 8.846021 -0.3873032 0.3243054 8.884829 -0.4584132 0.6212454 8.841499 -0.06874309 0.09044492 8.885263 0.2769745 0.137571 8.851511 0.5199814 -0.05222833 8.846193 -0.137223 0.2275386 8.852626 -0.2351252 0.6688164 8.791785 -0.2100414 1.077312 8.847256 -0.1902469 1.407985 8.951838 -0.05815129 0.6763144 8.847692 -0.01373158 1.086561 8.836379 -0.04326872 1.40876 8.965077  O_Hello_Far
-0.1252215 -0.007000685 8.847425 -0.2019196 0.08516359 8.849493 -0.387752 0.3252835 8.887163 -0.4587557 0.6223367 8.844438 -0.06937866 0.09083915 8.88871 0.2763657 0.1431704 8.854309 0.5216275 -0.04363775 8.84698 -0.1375791 0.227879 8.85527 -0.2345842 0.668993 8.79186 -0.2094169 1.077715 8.845594 -0.1893572 1.408116 8.950982 -0.05759839 0.6764576 8.847733 -0.01336001 1.08671 8.835946 -0.04323195 1.408723 8.965034  O_Hello_Far
-0.1260826 -0.006588221 8.854678 -0.2025388 0.08579373 8.855761 -0.3882118 0.3266524 8.891551 -0.4590443 0.6238199 8.849341 -0.07001142 0.09151542 8.895017 0.2753608 0.1523703 8.858779 0.5229573 -0.03110611 8.847085 -0.1378262 0.2283903 8.860148 -0.2336222 0.6690966 8.792226 -0.2085371 1.078114 8.843705 -0.1882019 1.408221 8.949958 -0.05665724 0.6766582 8.848152 -0.01267586 1.0869 8.835076 -0.04307507 1.408695 8.964581  O_Hello_Far
-0.1267151 -0.00608623 8.863404 -0.2029396 0.08649313 8.863298 -0.3885435 0.3280689 8.896934 -0.4592014 0.625313 8.854971 -0.07044564 0.09234774 8.902647 0.2738855 0.1631024 8.8636 0.5231181 -0.01765466 8.845868 -0.1378735 0.2289692 8.866076 -0.2324772 0.6690781 8.792817 -0.20762 1.078372 8.842166 -0.1870544 1.408251 8.949081 -0.05556123 0.6768588 8.848868 -0.0118318 1.087065 8.83398 -0.04279576 1.408667 8.963831  O_Hello_Far
-0.1267914 -0.005696177 8.870448 -0.202905 0.08696854 8.869397 -0.3886032 0.3289402 8.901411 -0.4592255 0.6261638 8.859243 -0.07044171 0.09303582 8.908817 0.2722419 0.1730655 8.866196 0.5216504 -0.006639242 8.841578 -0.1376709 0.2293872 8.870897 -0.2316778 0.6688993 8.79341 -0.2070607 1.078321 8.841807 -0.1863533 1.408149 8.948853 -0.05480627 0.6769968 8.849557 -0.01118134 1.087151 8.833011 -0.04247455 1.408605 8.96315  O_Hello_Far
-0.1268687 -0.005227566 8.877757 -0.2028638 0.08751798 8.875725 -0.3886559 0.3298821 8.906051 -0.4592464 0.627083 8.86367 -0.07043217 0.09380317 8.915217 0.2699791 0.1833751 8.868804 0.5193488 0.004771709 8.836867 -0.1374512 0.2298623 8.875901 -0.2308249 0.6687152 8.794035 -0.2064506 1.078267 8.841446 -0.1855767 1.408041 8.948626 -0.05399911 0.6771381 8.850278 -0.01047467 1.08723 8.832013 -0.0420932 1.408529 8.962456  O_Hello_Far
-0.1268098 -0.004711986 8.885959 -0.2026926 0.0880965 8.882871 -0.3885699 0.3308415 8.911428 -0.4591183 0.627947 8.868316 -0.07028191 0.09465039 8.922389 0.2657678 0.1976277 8.869708 0.5135642 0.01930964 8.826073 -0.1371101 0.2303567 8.881558 -0.2299008 0.6684108 8.794892 -0.2057791 1.078103 8.841205 -0.1848031 1.407908 8.948268 -0.0531054 0.6772305 8.85117 -0.009621723 1.087224 8.830724 -0.04151432 1.40833 8.961574  O_Hello_Far
-0.1267242 -0.004137635 8.893869 -0.2024965 0.08872163 8.889765 -0.3884509 0.3318123 8.916617 -0.4589616 0.6288198 8.872772 -0.07010476 0.09553266 8.929303 0.2605452 0.211296 8.870464 0.5061794 0.03317344 8.815322 -0.136747 0.2308842 8.887017 -0.2289678 0.6681203 8.795734 -0.2050817 1.077945 8.840988 -0.1839967 1.407783 8.947927 -0.05220012 0.6773199 8.852038 -0.008742971 1.087205 8.829478 -0.04087279 1.408124 8.960731  O_Hello_Far
-0.1266644 -0.00322938 8.905652 -0.2022262 0.08973956 8.900328 -0.3879466 0.3334303 8.92535 -0.4585529 0.6301523 8.879762 -0.06973509 0.09682012 8.939484 0.2471032 0.2361423 8.867776 0.487436 0.06023335 8.787771 -0.1361478 0.2316884 8.895333 -0.2275314 0.6677414 8.797767 -0.2040719 1.077825 8.840847 -0.1830265 1.407594 8.948006 -0.05062322 0.6773528 8.853559 -0.00719939 1.087032 8.827464 -0.03974853 1.407511 8.959682  O_Hello_Far
-0.1263752 -0.002300143 8.91752 -0.2016708 0.09084868 8.911604 -0.3865702 0.3352783 8.936419 -0.4578086 0.631346 8.887671 -0.06883292 0.09798944 8.949556 0.2228246 0.2662469 8.861236 0.456572 0.102664 8.744158 -0.1351669 0.2324928 8.904191 -0.225922 0.6675373 8.801661 -0.2030737 1.077995 8.841379 -0.1821676 1.407774 8.948536 -0.04852096 0.6772751 8.855843 -0.005226238 1.086707 8.825934 -0.03877 1.406735 8.958993  O_Hello_Far
-0.1258623 -0.001681924 8.923491 -0.2009914 0.09162605 8.917978 -0.3850124 0.3365147 8.94447 -0.4568051 0.6318867 8.892426 -0.0677384 0.09860182 8.954478 0.2048679 0.2810724 8.854027 0.430632 0.1298635 8.708181 -0.1342286 0.2330729 8.909245 -0.2250233 0.6678971 8.80582 -0.20264 1.078614 8.843036 -0.1817103 1.408695 8.949257 -0.04702989 0.6774297 8.858061 -0.004039688 1.086771 8.826512 -0.03867195 1.406873 8.959114  O_Hello_Far
-0.1246214 -0.001892924 8.927216 -0.199604 0.09161675 8.92338 -0.3823214 0.3368727 8.954214 -0.4539271 0.6312701 8.896679 -0.0656427 0.09817529 8.957271 0.1777294 0.2973036 8.843102 0.3927933 0.1870058 8.651565 -0.1326617 0.232913 8.913641 -0.22435 0.6681914 8.812951 -0.2026041 1.079118 8.848183 -0.1812268 1.410177 8.95122 -0.04534159 0.6771589 8.861707 -0.003454847 1.086659 8.830742 -0.0391625 1.407915 8.960231  O_Hello_Far
-0.123783 -0.002588153 8.926389 -0.1987287 0.09099984 8.924027 -0.3807281 0.3362771 8.958018 -0.4510246 0.6303089 8.897099 -0.06435184 0.09725797 8.956291 0.1639191 0.3032701 8.836813 0.3708654 0.23118 8.619832 -0.1317935 0.232299 8.91428 -0.2243576 0.6682264 8.817266 -0.2029539 1.079136 8.852906 -0.1810741 1.411035 8.953096 -0.04475061 0.6767724 8.863848 -0.004073424 1.086578 8.83542 -0.03966991 1.409273 8.961312  O_Hello_Far
-0.1229861 -0.003737926 8.922904 -0.1979269 0.0898819 8.922318 -0.3792625 0.3350177 8.959666 -0.4469306 0.6289582 8.895421 -0.06317256 0.09581161 8.953032 0.1524255 0.3073993 8.830647 0.3484322 0.2872083 8.593417 -0.131071 0.2312542 8.913102 -0.2246576 0.6680921 8.821305 -0.2035369 1.078843 8.858889 -0.1810052 1.411731 8.95559 -0.0445048 0.6761664 8.865817 -0.005545182 1.086431 8.841966 -0.0402122 1.411203 8.962667  O_Hello_Far
-0.1228031 -0.004800916 8.918182 -0.1977535 0.08881104 8.918802 -0.378733 0.3337699 8.958023 -0.4437613 0.6279528 8.892179 -0.06284229 0.09448922 8.948869 0.146676 0.3098334 8.827557 0.3350558 0.3345352 8.584642 -0.1309578 0.2302668 8.910474 -0.2250542 0.6678777 8.822981 -0.204122 1.078416 8.862915 -0.1811771 1.411973 8.957187 -0.04467372 0.6755857 8.866627 -0.007369323 1.086253 8.847536 -0.04046683 1.412583 8.964416  O_Hello_Far
-0.1226756 -0.006280422 8.910949 -0.1976366 0.08729935 8.913138 -0.3781734 0.3319856 8.954642 -0.4393113 0.6266222 8.887123 -0.0625637 0.09263563 8.942534 0.1397891 0.3129426 8.824144 0.3132001 0.3990928 8.584121 -0.1309103 0.2288628 8.906199 -0.225555 0.6675023 8.82465 -0.2048516 1.077709 8.867965 -0.1814224 1.41211 8.959078 -0.0449395 0.6747105 8.8674 -0.009936852 1.085841 8.85515 -0.04059229 1.414198 8.966908  O_Hello_Far
-0.1232393 -0.007821441 8.901352 -0.1982178 0.08570921 8.904723 -0.3784554 0.3301103 8.947381 -0.4354879 0.6256912 8.880398 -0.06319968 0.09064662 8.934439 0.1350379 0.3169512 8.824717 0.2929476 0.4643041 8.604589 -0.1314995 0.2273644 8.899901 -0.2260587 0.6670988 8.824372 -0.2054641 1.076964 8.870855 -0.1817446 1.411903 8.959892 -0.04552273 0.6737251 8.867551 -0.01294695 1.085208 8.862633 -0.04055397 1.415388 8.969717  O_Hello_Far
-0.1236241 -0.008739591 8.89463 -0.1986245 0.08474624 8.898687 -0.3786994 0.3289379 8.941918 -0.432915 0.625326 8.876174 -0.06368755 0.0894171 8.928811 0.1326298 0.3196503 8.826252 0.2780899 0.5023826 8.624869 -0.1319134 0.2264484 8.895389 -0.2263309 0.6668688 8.82378 -0.2057791 1.076541 8.871955 -0.181918 1.41168 8.960196 -0.04591272 0.673106 8.867506 -0.0147445 1.084727 8.866965 -0.04052798 1.415899 8.971407  O_Hello_Far
-0.124182 -0.009730577 8.885678 -0.1992307 0.0836854 8.8904 -0.3791737 0.3275868 8.933983 -0.4298395 0.6252887 8.87142 -0.06448315 0.08801794 8.92141 0.130926 0.3230904 8.83036 0.2615105 0.5423969 8.65728 -0.1325378 0.2254297 8.889223 -0.2266281 0.6666641 8.822352 -0.2060642 1.076177 8.871856 -0.1820953 1.411278 8.960214 -0.04648451 0.6724073 8.867262 -0.01669089 1.084111 8.871233 -0.04055236 1.416171 8.973287  O_Hello_Far
-0.1245583 -0.01043224 8.877675 -0.1996611 0.08290827 8.882988 -0.3794827 0.3265246 8.926917 -0.4272748 0.6253799 8.867681 -0.06508379 0.08694553 8.914767 0.1296266 0.325696 8.833972 0.2469499 0.5698561 8.686576 -0.1330082 0.2246746 8.883681 -0.2268785 0.6665719 8.821011 -0.20627 1.075998 8.871209 -0.1821946 1.41095 8.9601 -0.04698108 0.6718835 8.866947 -0.01809446 1.08361 8.874043 -0.04062251 1.416226 8.974576  O_Hello_Far
-0.1248039 -0.01095009 8.869645 -0.1999773 0.08229804 8.875551 -0.379678 0.3255906 8.91988 -0.424963 0.6256013 8.86465 -0.06557052 0.08605433 8.908077 0.1287272 0.3278611 8.837492 0.2346378 0.5892984 8.712841 -0.1333955 0.2240765 8.878094 -0.227143 0.6665737 8.819612 -0.2064421 1.075999 8.86978 -0.182241 1.410628 8.959846 -0.04749159 0.6714731 8.866547 -0.01902143 1.083193 8.875456 -0.04071061 1.416041 8.975406  O_Hello_Far
-0.1249905 -0.01136756 8.861243 -0.2002386 0.08177662 8.867804 -0.3797999 0.3247102 8.912652 -0.4228253 0.6258225 8.861781 -0.06599699 0.08523262 8.901038 0.1275548 0.3296633 8.840578 0.2235339 0.6051909 8.740692 -0.1337405 0.2235477 8.872244 -0.2274153 0.6666223 8.818184 -0.2066126 1.076061 8.868206 -0.1822552 1.41033 8.959556 -0.04800181 0.6710823 8.866063 -0.01985447 1.082787 8.876568 -0.0407903 1.415803 8.976118  O_Hello_Far
-0.1248826 -0.01165807 8.851737 -0.2002179 0.08134758 8.859197 -0.3795952 0.3238128 8.905061 -0.420786 0.6260538 8.85966 -0.06610011 0.08447111 8.892959 0.1259042 0.3311648 8.841657 0.2129681 0.6163908 8.763104 -0.1338338 0.2230943 8.865662 -0.2276166 0.6667541 8.816842 -0.20678 1.076267 8.866237 -0.1822348 1.410054 8.959284 -0.04838089 0.6707261 8.865426 -0.02018682 1.082411 8.876564 -0.04073469 1.415322 8.976544  O_Hello_Far
-0.1246003 -0.01181781 8.843033 -0.2000158 0.0810492 8.851361 -0.3792426 0.3230402 8.898328 -0.4192667 0.6261675 8.858087 -0.06599133 0.08386576 8.885519 0.124116 0.3323005 8.841763 0.2045852 0.6238219 8.781396 -0.1337412 0.2227528 8.85964 -0.2276801 0.6668884 8.815691 -0.2068354 1.076506 8.864201 -0.1821279 1.409762 8.95909 -0.04857848 0.6704102 8.8648 -0.02022986 1.082082 8.876032 -0.04067741 1.414758 8.976811  O_Hello_Far
-0.1240205 -0.01181996 8.835571 -0.1995089 0.08091605 8.844664 -0.3786938 0.3224058 8.892943 -0.4182996 0.626137 8.857079 -0.06555347 0.08347583 8.879112 0.1224868 0.3331745 8.840565 0.1980461 0.62832 8.79277 -0.1333372 0.2225705 8.854466 -0.2274608 0.6670611 8.814699 -0.2067117 1.076803 8.862196 -0.181955 1.409288 8.959739 -0.04845814 0.6702058 8.864193 -0.01990269 1.081875 8.875002 -0.04088352 1.413978 8.977546  O_Hello_Far
