-0.07329683 -0.0009545088 15.16454 -0.1418724 0.09444523 15.18857 -0.2762141 0.3973426 15.14725 -0.3145857 0.6999348 15.10172 -0.003544493 0.09405065 15.18699 0.1953431 0.3495792 15.16539 0.2699823 0.6422697 15.10321 -0.07249384 0.2341757 15.17433 -0.1644435 0.6795552 15.13976 -0.1743502 1.092244 15.15259 -0.1732982 1.439254 15.16861 0.02129699 0.6788883 15.14101 0.04287763 1.090988 15.13042 0.06451268 1.438485 15.13543  A_Throw_Far
-0.07781719 -0.0009944439 15.16453 -0.1449439 0.09505105 15.19005 -0.2785331 0.3987468 15.1507 -0.3163518 0.7011191 15.10328 -0.006694121 0.09334755 15.18543 0.1922861 0.3472596 15.15878 0.2665587 0.640165 15.09718 -0.07457469 0.2341245 15.17432 -0.1647674 0.6797637 15.14222 -0.1745335 1.092514 15.15301 -0.1731998 1.439569 15.16801 0.02096839 0.6787094 15.1406 0.04333218 1.090809 15.13182 0.06462498 1.438325 15.13707  A_Throw_Far
-0.08427279 -0.0009309053 15.16469 -0.1492432 0.09601653 15.19232 -0.28183 0.4007779 15.15578 -0.3191488 0.702794 15.10577 -0.01124744 0.09243619 15.18329 0.187735 0.3438257 15.14934 0.2619682 0.6369271 15.08864 -0.07752465 0.2341317 15.17439 -0.1651515 0.6801004 15.14583 -0.1749396 1.092915 15.15377 -0.1733407 1.440032 15.16724 0.02049239 0.6785166 15.13988 0.04409995 1.090593 15.13363 0.06505407 1.43812 15.13944  A_Throw_Far
-0.08957557 -0.0007721186 15.16501 -0.1526859 0.09690034 15.19437 -0.2845574 0.4024495 15.16014 -0.3217553 0.7041429 15.10813 -0.0150318 0.09176588 15.18163 0.183879 0.3407952 15.14153 0.2586347 0.6339229 15.0816 -0.07991563 0.2342074 15.17457 -0.1653899 0.6804055 15.14893 -0.1754402 1.093251 15.15459 -0.1737825 1.440417 15.16672 0.02008756 0.6784164 15.13915 0.04484548 1.090451 15.13487 0.06577577 1.437967 15.14135  A_Throw_Far
-0.09476803 -0.0005275011 15.16534 -0.1559405 0.09784293 15.19645 -0.287152 0.4041013 15.16469 -0.3244234 0.7054704 15.11088 -0.01875685 0.09115398 15.17992 0.1799598 0.3376182 15.1336 0.2552603 0.6306748 15.074 -0.08218019 0.2343328 15.17475 -0.1654618 0.6807294 15.15217 -0.1760534 1.093585 15.15568 -0.1745229 1.440796 15.16646 0.01975204 0.6783641 15.13832 0.04582818 1.090332 15.13592 0.06714185 1.437807 15.14333  A_Throw_Far
-0.1003923 -0.0001769066 15.16576 -0.1593622 0.09892869 15.19878 -0.2898655 0.4059151 15.16982 -0.3274233 0.7069148 15.11417 -0.0228443 0.09054542 15.17804 0.1754154 0.3341027 15.1249 0.2513698 0.627021 15.06545 -0.08459406 0.2345136 15.17496 -0.1654056 0.6810937 15.15574 -0.1768234 1.093941 15.15706 -0.1755833 1.441195 15.16638 0.01940288 0.6783422 15.13731 0.04705288 1.090215 15.13694 0.06902225 1.437622 15.14551  A_Throw_Far
-0.1050712 0.0002031326 15.16619 -0.1620559 0.099913 15.20089 -0.2919679 0.407452 15.17461 -0.329889 0.7080271 15.11695 -0.02625905 0.09007573 15.1764 0.1718636 0.3308738 15.11741 0.248482 0.6235163 15.05746 -0.08649431 0.2347119 15.17519 -0.1651119 0.6814247 15.15889 -0.1774072 1.094248 15.15836 -0.1765328 1.441536 15.16637 0.01923426 0.6783525 15.13634 0.04831775 1.090125 15.13752 0.07130541 1.437436 15.14721  A_Throw_Far
-0.1103009 0.0007019043 15.16677 -0.1649605 0.1010672 15.20334 -0.2941793 0.4091973 15.1802 -0.332736 0.7092291 15.12019 -0.03013734 0.08959842 15.17456 0.1676859 0.3272052 15.10897 0.2450913 0.6194831 15.04825 -0.08858393 0.2349689 15.17545 -0.1646395 0.6818015 15.16245 -0.1780941 1.094581 15.15993 -0.177745 1.441901 15.16649 0.01906093 0.678385 15.13517 0.04983779 1.090026 15.13803 0.07415511 1.437208 15.14904  A_Throw_Far
-0.1152094 0.001264811 15.16758 -0.1674821 0.1022378 15.20601 -0.2961593 0.4109868 15.18715 -0.3357742 0.7103056 15.12433 -0.03381638 0.0891937 15.17283 0.1640781 0.3234212 15.10075 0.2422121 0.6151991 15.03858 -0.09043519 0.2352576 15.17584 -0.1639057 0.6821839 15.16594 -0.1784539 1.094909 15.16138 -0.1785959 1.442255 15.1664 0.01902141 0.678424 15.13392 0.0514545 1.089926 15.13813 0.07752366 1.436937 15.15044  A_Throw_Far
-0.1201585 0.001915455 15.16859 -0.1698613 0.1034837 15.20892 -0.2979283 0.4128876 15.19514 -0.3390283 0.7113429 15.12924 -0.03759889 0.08883297 15.17112 0.1603784 0.3194277 15.09224 0.2391808 0.6106225 15.02821 -0.09224157 0.2355871 15.17629 -0.1629564 0.6825818 15.16952 -0.178712 1.095234 15.16287 -0.1794224 1.442598 15.16629 0.01902439 0.6784758 15.13254 0.05319484 1.089823 15.138 0.08132876 1.436622 15.15165  A_Throw_Far
-0.1253617 0.002708197 15.16997 -0.1720624 0.1048948 15.21242 -0.2997118 0.415086 15.2062 -0.3435583 0.7122326 15.13628 -0.04166083 0.08850324 15.16924 0.1564618 0.3149889 15.08261 0.2355662 0.6054872 15.01584 -0.09401976 0.235983 15.17684 -0.1616512 0.6830098 15.17341 -0.1786919 1.095567 15.16443 -0.1799938 1.442943 15.16607 0.01909556 0.6785539 15.13084 0.05509676 1.089727 15.1375 0.08599217 1.436222 15.1528  A_Throw_Far
-0.1303528 0.003582835 15.17162 -0.1738749 0.1063472 15.21615 -0.3010247 0.4173323 15.2192 -0.3484679 0.712851 15.14486 -0.04568021 0.08824646 15.16741 0.1525543 0.3104602 15.07268 0.2315462 0.600219 15.00265 -0.09563045 0.2364162 15.17741 -0.1601095 0.6834322 15.17721 -0.1784527 1.095877 15.16593 -0.1803603 1.443254 15.16578 0.01919516 0.6786574 15.12895 0.05697497 1.089652 15.13669 0.09103794 1.435765 15.15381  A_Throw_Far
-0.1347023 0.004547834 15.1734 -0.1751226 0.1078174 15.2198 -0.3019718 0.4194294 15.23333 -0.3541357 0.7128168 15.15389 -0.04931669 0.08816695 15.16573 0.1502189 0.304767 15.06237 0.2309576 0.5929827 14.98809 -0.09694128 0.2369392 15.1779 -0.1584724 0.683906 15.18051 -0.1780532 1.096234 15.16721 -0.1805293 1.443603 15.1655 0.01931836 0.6788629 15.12697 0.05863597 1.089696 15.13558 0.09623881 1.435335 15.15474  A_Throw_Far
-0.1403634 0.006027102 15.17617 -0.1760659 0.1099485 15.22515 -0.3019537 0.4220579 15.25631 -0.3622158 0.7115749 15.16881 -0.0543106 0.0881629 15.16319 0.1457454 0.2971175 15.04682 0.227869 0.583208 14.96612 -0.09843259 0.2377331 15.1784 -0.1557416 0.6845478 15.18498 -0.17738 1.096681 15.16908 -0.1808671 1.444025 15.16535 0.01953866 0.6792289 15.12374 0.06087746 1.089835 15.13362 0.1041604 1.434592 15.15635  A_Throw_Far
-0.142909 0.007048488 15.17788 -0.1755169 0.1113269 15.22839 -0.3012715 0.4230819 15.2734 -0.3690519 0.7097418 15.18208 -0.0567504 0.08831787 15.16129 0.1434652 0.2918274 15.03566 0.2284725 0.5756894 14.95022 -0.09866713 0.238325 15.17832 -0.1535485 0.6849912 15.18715 -0.1767725 1.096985 15.16993 -0.1810993 1.444307 15.16518 0.01999296 0.6795943 15.12115 0.0621235 1.090102 15.13174 0.1095409 1.434103 15.15748  A_Throw_Far
-0.1451233 0.00801146 15.17947 -0.1748875 0.1125838 15.23125 -0.2996493 0.4237083 15.2889 -0.3738209 0.707792 15.19454 -0.05901245 0.08850563 15.15962 0.1408501 0.28704 15.02555 0.2281713 0.5688004 14.9356 -0.09888218 0.2388848 15.17822 -0.1515362 0.6853973 15.18904 -0.1762923 1.097256 15.17075 -0.1814501 1.444554 15.16517 0.02032943 0.6799519 15.11879 0.0632071 1.090364 15.13005 0.1142904 1.433612 15.15867  A_Throw_Far
-0.1467622 0.009486198 15.18136 -0.1724399 0.1144108 15.23479 -0.2948761 0.4235866 15.31248 -0.382293 0.7036084 15.21733 -0.06107662 0.08897161 15.15676 0.1380115 0.2797396 15.00975 0.2320544 0.5567616 14.91218 -0.09809618 0.2398076 15.17743 -0.1478402 0.6860828 15.19077 -0.1751278 1.097727 15.17131 -0.1817251 1.444987 15.16489 0.02148523 0.6806122 15.11461 0.06493975 1.09095 15.12637 0.1216288 1.432878 15.15983  A_Throw_Far
-0.1471797 0.01095176 15.18265 -0.1690755 0.1161238 15.23744 -0.287562 0.4225061 15.33411 -0.3911521 0.6974016 15.24026 -0.06218944 0.08958244 15.15372 0.1358913 0.2727259 14.99459 0.2373453 0.5441151 14.88895 -0.09660475 0.2407771 15.1762 -0.1437733 0.6868274 15.19177 -0.173697 1.098249 15.17149 -0.1818308 1.445466 15.16454 0.02298089 0.6813624 15.11014 0.06680341 1.091653 15.12215 0.1288629 1.432091 15.16086  A_Throw_Far
-0.1464473 0.01224601 15.18317 -0.1652658 0.1175543 15.23897 -0.2791227 0.4208294 15.35138 -0.4009098 0.6894342 15.26124 -0.06224613 0.09025133 15.15077 0.1350389 0.2666961 14.98162 0.2437382 0.5322193 14.86854 -0.09458332 0.2416879 15.17466 -0.1397528 0.6875615 15.19204 -0.1720964 1.098777 15.17129 -0.1816654 1.445952 15.16409 0.02469541 0.6821163 15.10585 0.06866045 1.092394 15.11781 0.135289 1.431347 15.16162  A_Throw_Far
-0.145056 0.01317227 15.18285 -0.1618723 0.118486 15.23936 -0.272397 0.4190125 15.36216 -0.4104402 0.6808642 15.27564 -0.06150864 0.09085667 15.14825 0.1358108 0.2624651 14.97258 0.2502204 0.5232683 14.85428 -0.09256534 0.2423977 15.17315 -0.136481 0.6881928 15.19193 -0.1708453 1.099225 15.17081 -0.1814166 1.446374 15.16375 0.02613993 0.6827489 15.10234 0.07008614 1.093035 15.11409 0.1400593 1.430765 15.16195  A_Throw_Far
-0.1432999 0.0141288 15.18224 -0.1581577 0.1194099 15.23941 -0.2650739 0.416855 15.37229 -0.4210458 0.6702561 15.29125 -0.06047158 0.09153938 15.14551 0.1369858 0.258172 14.96349 0.2572047 0.5138538 14.83989 -0.09029745 0.2431577 15.17143 -0.1329877 0.6888912 15.19166 -0.1695257 1.099719 15.1702 -0.1810962 1.446841 15.16344 0.02767296 0.6834453 15.0986 0.07155587 1.093745 15.11008 0.1448063 1.430131 15.1623  A_Throw_Far
-0.1409572 0.0152117 15.18114 -0.1537387 0.120383 15.23907 -0.2572389 0.413897 15.38263 -0.4344707 0.6551902 15.30864 -0.05898033 0.09240401 15.14224 0.1389472 0.253534 14.95377 0.265366 0.5034703 14.82472 -0.08754401 0.2440602 15.16933 -0.1289207 0.6897747 15.19124 -0.1681703 1.100322 15.16923 -0.1807451 1.447422 15.16308 0.02941723 0.6842838 15.09429 0.07315858 1.094611 15.10532 0.1499504 1.429368 15.16267  A_Throw_Far
-0.1379207 0.01642311 15.17941 -0.1485666 0.1213813 15.23817 -0.2492668 0.4100165 15.3928 -0.450814 0.6341376 15.32756 -0.0569164 0.09348738 15.13838 0.1420468 0.2486364 14.94365 0.2750213 0.4922763 14.80926 -0.08423792 0.2451235 15.16683 -0.124237 0.6908852 15.19063 -0.166857 1.10105 15.16777 -0.1803803 1.448131 15.16266 0.03137525 0.6852838 15.08936 0.07485862 1.095656 15.09973 0.1553858 1.428462 15.163  A_Throw_Far
-0.131688 0.01873374 15.17583 -0.1387075 0.1231906 15.23603 -0.2368516 0.4014069 15.41053 -0.479875 0.5849047 15.36179 -0.0524619 0.09570682 15.13142 0.1491911 0.2403697 14.9276 0.2928675 0.4734811 14.78576 -0.0776733 0.2472255 15.16234 -0.1154289 0.6931858 15.18915 -0.1653756 1.102383 15.1639 -0.1806928 1.449413 15.16086 0.0351602 0.6872579 15.08057 0.07798775 1.097743 15.089 0.1644325 1.426739 15.16341  A_Throw_Far
-0.1282196 0.02004063 15.17382 -0.1333788 0.1242086 15.2347 -0.2306393 0.3961978 15.41972 -0.4927473 0.5538042 15.38014 -0.04993908 0.09699166 15.12777 0.1532689 0.236099 14.91984 0.3022034 0.4638159 14.7747 -0.07403837 0.2484297 15.15994 -0.1106675 0.6945217 15.18814 -0.1648983 1.103088 15.16155 -0.1811678 1.450084 15.15978 0.0372348 0.6883844 15.07594 0.07960404 1.098941 15.08311 0.1686341 1.425794 15.16366  A_Throw_Far
-0.1239138 0.02161825 15.17142 -0.1272285 0.125501 15.23291 -0.2259573 0.3889856 15.43059 -0.5070031 0.5118002 15.39838 -0.04655651 0.09853065 15.12382 0.1591813 0.2318972 14.91321 0.3138959 0.4547353 14.76654 -0.06949978 0.2498907 15.15718 -0.1052775 0.6961291 15.18625 -0.1648255 1.103845 15.15803 -0.1820084 1.450801 15.15822 0.04009344 0.6897545 15.07081 0.08149774 1.100441 15.07588 0.172916 1.424843 15.16337  A_Throw_Far
-0.1195262 0.02332473 15.16895 -0.1209364 0.1269238 15.231 -0.2205648 0.3809848 15.44165 -0.5160729 0.4655099 15.41639 -0.04313455 0.1001847 15.11978 0.1650044 0.2274368 14.90654 0.3254802 0.445119 14.75833 -0.06485377 0.2514685 15.15429 -0.09976779 0.6978493 15.18417 -0.1648392 1.104619 15.15452 -0.1828975 1.451523 15.15687 0.04298891 0.6912333 15.06551 0.0832981 1.10205 15.06843 0.1765514 1.423843 15.1633  A_Throw_Far
-0.1146976 0.02493668 15.16634 -0.1147736 0.1284047 15.22864 -0.2175422 0.3715283 15.45238 -0.5218489 0.4164914 15.43039 -0.03905002 0.1017258 15.11598 0.1719539 0.2241919 14.90259 0.3374678 0.4387883 14.75542 -0.05994109 0.2529877 15.15109 -0.09508292 0.6993441 15.18107 -0.1651248 1.10525 15.15091 -0.1836073 1.452098 15.15623 0.04624983 0.692843 15.06072 0.08461852 1.103855 15.06125 0.1786411 1.423325 15.16297  A_Throw_Far
-0.1100577 0.02658033 15.16386 -0.108799 0.1299254 15.22636 -0.2138632 0.3615316 15.46272 -0.5214692 0.367111 15.44139 -0.0351576 0.1032865 15.11232 0.1784954 0.2208171 14.89879 0.3488962 0.4322169 14.75258 -0.05520354 0.254532 15.14799 -0.09053074 0.7008693 15.17802 -0.165449 1.105872 15.14745 -0.1842597 1.452646 15.15568 0.04937227 0.694455 15.05601 0.08581407 1.105639 15.0542 0.1801191 1.422742 15.16283  A_Throw_Far
-0.1026304 0.02851534 15.16009 -0.1003705 0.1318992 15.22245 -0.2091814 0.3460118 15.47536 -0.5137215 0.302433 15.45382 -0.02850644 0.1051344 15.10731 0.1891963 0.2177771 14.89665 0.3652247 0.4274967 14.75475 -0.04816959 0.2564224 15.14301 -0.08575229 0.7024013 15.17249 -0.1660632 1.106444 15.14291 -0.1856843 1.453043 15.15549 0.05403699 0.6968765 15.0503 0.08578224 1.108434 15.04627 0.1788659 1.422866 15.16338  A_Throw_Far
-0.09327887 0.03069532 15.15536 -0.09031491 0.1341866 15.21738 -0.2041949 0.3243052 15.48913 -0.4948871 0.2251407 15.46135 -0.01993964 0.1072767 15.10137 0.2027909 0.2146966 14.89568 0.3840546 0.4239658 14.75983 -0.03963433 0.258617 15.13683 -0.08094667 0.704033 15.1653 -0.1665463 1.107125 15.13766 -0.1873038 1.453437 15.1553 0.05974128 0.6998805 15.04409 0.08492954 1.111864 15.03787 0.1754218 1.423336 15.16453  A_Throw_Far
-0.08527713 0.03129089 15.15104 -0.08273898 0.1348858 15.21266 -0.2019588 0.3068665 15.49554 -0.4774064 0.1719472 15.4634 -0.0122206 0.1080673 15.09671 0.2151195 0.2128992 14.89724 0.3969918 0.4250553 14.7668 -0.03290872 0.2593877 15.13169 -0.07884733 0.7042031 15.15889 -0.1660289 1.107136 15.13401 -0.1881346 1.453173 15.15507 0.0643843 0.7015687 15.04066 0.0831358 1.113881 15.03355 0.1703651 1.423883 15.16598  A_Throw_Far
-0.07546912 0.03084731 15.14561 -0.0741192 0.1344944 15.20678 -0.2014975 0.2855332 15.4994 -0.4536685 0.1127927 15.45844 -0.002533181 0.1080941 15.09138 0.2307775 0.2106259 14.90078 0.4108152 0.4279482 14.77643 -0.02504919 0.2592862 15.12578 -0.07717256 0.7033595 15.15129 -0.1650116 1.106362 15.13012 -0.1888841 1.452037 15.15488 0.06964119 0.7026281 15.0375 0.08063705 1.115203 15.02946 0.1634433 1.423964 15.1675  A_Throw_Far
-0.06441419 0.02904963 15.13901 -0.06579594 0.1325586 15.19977 -0.2072672 0.2647655 15.49613 -0.4314261 0.05895686 15.4461 0.008822935 0.1073544 15.08604 0.2495283 0.2095342 14.90775 0.4221667 0.4356774 14.78876 -0.01702313 0.2581494 15.11984 -0.07709579 0.7014077 15.14328 -0.1630456 1.105056 15.12729 -0.1890636 1.450336 15.1552 0.07460816 0.7028907 15.03611 0.07727779 1.115593 15.02755 0.1544786 1.424335 15.16885  A_Throw_Far
-0.03289543 0.02122867 15.12203 -0.04624377 0.1235605 15.18114 -0.2475684 0.2102023 15.45919 -0.364392 -0.06383693 15.37943 0.04192152 0.1041414 15.07632 0.3018906 0.2134521 14.93654 0.4381646 0.4643919 14.82008 0.003077583 0.2527055 15.10745 -0.07952259 0.6938679 15.12307 -0.1570555 1.099532 15.12262 -0.1887902 1.443961 15.15479 0.08483757 0.7006533 15.03681 0.06934638 1.113003 15.02536 0.1300379 1.425061 15.16743  A_Throw_Far
0.002629774 0.01207221 15.10803 -0.02931706 0.1116296 15.1622 -0.3081657 0.1407067 15.37154 -0.2685792 -0.1552285 15.29432 0.07859077 0.1018859 15.07619 0.3532182 0.2322844 14.97697 0.4431005 0.4976865 14.84818 0.02179243 0.245972 15.09991 -0.08333795 0.685037 15.10386 -0.14972 1.092262 15.12219 -0.1873896 1.436342 15.15158 0.09115036 0.6957672 15.04109 0.06576325 1.107489 15.02547 0.1102754 1.42521 15.16082  A_Throw_Far
0.01740982 0.008762002 15.10401 -0.02338676 0.1066786 15.15444 -0.3279314 0.1017976 15.32232 -0.2308622 -0.1861396 15.26962 0.09313603 0.1016376 15.08005 0.3692445 0.2463107 14.99561 0.4423896 0.5145324 14.86215 0.02891924 0.2433541 15.09854 -0.08429311 0.6815859 15.09704 -0.1440909 1.089393 15.12336 -0.1833116 1.433678 15.14791 0.09336491 0.6934662 15.04414 0.06617124 1.104971 15.02604 0.104241 1.42534 15.15704  A_Throw_Far
0.03075816 0.006068826 15.10114 -0.01754735 0.1022782 15.14741 -0.3364206 0.06643045 15.27493 -0.1958992 -0.2073504 15.2548 0.1055207 0.1016442 15.08423 0.3816485 0.258463 15.01296 0.4408333 0.5270604 14.87347 0.035172 0.2410325 15.09732 -0.08500753 0.6783682 15.09036 -0.1398495 1.086269 15.12476 -0.1800405 1.430718 15.14511 0.09503771 0.6912947 15.04656 0.0664434 1.102602 15.02626 0.09891482 1.425193 15.15326  A_Throw_Far
0.0472333 0.003049374 15.09883 -0.01022057 0.09680057 15.13872 -0.335092 0.01912999 15.21232 -0.1685568 -0.239387 15.23561 0.1197309 0.1018758 15.09156 0.3909963 0.2761894 15.03597 0.4328941 0.5441188 14.88913 0.04266216 0.2381908 15.09686 -0.08529536 0.6744516 15.08286 -0.1341346 1.082252 15.12631 -0.1729272 1.427149 15.14099 0.09711559 0.6884546 15.05074 0.06750794 1.099486 15.02665 0.09283562 1.42509 15.14743  A_Throw_Far
0.06264658 0.0006192923 15.09821 -0.00312732 0.09170735 15.13054 -0.319367 -0.02775574 15.15044 -0.1522657 -0.28012 15.20957 0.1315887 0.1023504 15.10095 0.3926799 0.2946622 15.05877 0.4186963 0.5599778 14.90374 0.04926463 0.2356204 15.0976 -0.08515815 0.6709434 15.07646 -0.1280997 1.078505 15.12769 -0.1616289 1.424149 15.13665 0.09886892 0.6856773 15.05601 0.0693868 1.096414 15.0272 0.08799274 1.425104 15.14062  A_Throw_Far
0.07689209 -0.001372218 15.0988 0.004299061 0.08698833 15.12325 -0.2931543 -0.06451428 15.09401 -0.1442807 -0.3239931 15.16895 0.1411576 0.1027995 15.11072 0.3891924 0.3106438 15.0793 0.4010774 0.5705259 14.9137 0.05506905 0.2331821 15.09895 -0.0847479 0.6676535 15.07101 -0.1236455 1.074867 15.12792 -0.1504271 1.421169 15.13356 0.100129 0.6828975 15.06154 0.07184316 1.093372 15.02816 0.08464082 1.424967 15.13366  A_Throw_Far
0.09258147 -0.003665805 15.101 0.01348986 0.08143687 15.11646 -0.2580451 -0.09040642 15.03277 -0.1566566 -0.3800149 15.06367 0.1500365 0.102667 15.12291 0.3768363 0.3271451 15.10063 0.370902 0.5774996 14.92066 0.06109865 0.2300155 15.10237 -0.08387975 0.6637657 15.06792 -0.120248 1.071289 15.12427 -0.1396689 1.418062 15.13103 0.1012051 0.6792437 15.07028 0.07612808 1.08945 15.03148 0.08292802 1.424559 15.12584  A_Throw_Far
0.1083062 -0.005595446 15.10428 0.0241511 0.0761261 15.11169 -0.2235317 -0.1039158 14.97904 -0.1659256 -0.4010665 14.91996 0.1580885 0.1023488 15.13428 0.3639546 0.3390362 15.11762 0.3432364 0.57473 14.91982 0.06695403 0.2267298 15.10648 -0.08344047 0.6594765 15.06641 -0.1191025 1.067645 15.11839 -0.1358417 1.414475 15.12852 0.1011602 0.6754278 15.07944 0.07955642 1.085456 15.03685 0.08190139 1.423831 15.11898  A_Throw_Far
0.1204361 -0.007042646 15.10695 0.03307255 0.07202113 15.10931 -0.2011745 -0.1046951 14.94136 -0.1830829 -0.3754997 14.79492 0.1641934 0.1017437 15.14189 0.3549823 0.3456461 15.12799 0.3247894 0.5670601 14.91546 0.07144697 0.2239022 15.10988 -0.08336012 0.6556846 15.06645 -0.1194886 1.06462 15.11164 -0.1375821 1.411249 15.12559 0.1005395 0.6721706 15.08672 0.08157928 1.082166 15.04259 0.0814404 1.422824 15.1147  A_Throw_Far
0.1330715 -0.008203268 15.10929 0.04273124 0.06793153 15.10687 -0.1774803 -0.1009235 14.90648 -0.1894701 -0.3222452 14.69205 0.1703536 0.1012015 15.14862 0.3472797 0.3512895 15.13761 0.3118206 0.5557815 14.90951 0.07585604 0.2209303 15.11278 -0.08393334 0.6514229 15.06613 -0.1207509 1.06108 15.10355 -0.1408895 1.407383 15.12206 0.09887691 0.6686955 15.09413 0.08197661 1.078732 15.04954 0.08013542 1.421593 15.11029  A_Throw_Far
0.1482249 -0.008472681 15.11141 0.0546657 0.06393576 15.10421 -0.1512186 -0.08989501 14.87082 -0.1889309 -0.2481737 14.60884 0.1778254 0.1013587 15.15489 0.3411296 0.3580012 15.14797 0.3059073 0.5407956 14.9021 0.08092625 0.21797 15.11537 -0.08542721 0.6464714 15.06531 -0.1233504 1.056838 15.09244 -0.1464928 1.402569 15.11709 0.09558715 0.6650372 15.1026 0.07978167 1.075223 15.059 0.07637353 1.420351 15.10507  A_Throw_Far
0.1629095 -0.008492947 15.11095 0.06643088 0.05966568 15.09734 -0.09421603 -0.03172755 14.80564 -0.08260219 -0.08516669 14.50213 0.1829071 0.1010284 15.15947 0.3342142 0.3643835 15.16317 0.3176824 0.5280342 14.9023 0.08409579 0.2142906 15.11523 -0.08857767 0.6407351 15.06169 -0.127679 1.051531 15.0788 -0.1542545 1.396372 15.11124 0.08883508 0.6602767 15.11312 0.07250543 1.070685 15.07186 0.06630196 1.418075 15.09487  A_Throw_Far
0.169811 -0.008290529 15.10807 0.07243021 0.05796146 15.09021 -0.05263207 0.04021454 14.77327 0.01453705 0.0811851 14.47508 0.1841845 0.1004355 15.15982 0.3310705 0.3666993 15.17453 0.3351446 0.5296834 14.91276 0.08524944 0.2124532 15.11277 -0.09005998 0.6379874 15.05822 -0.1310202 1.048741 15.07157 -0.1608686 1.392787 15.10919 0.0842448 0.6578215 15.11927 0.06732036 1.068264 15.07859 0.05822178 1.416209 15.08854  A_Throw_Far
0.1733286 -0.007949471 15.1041 0.0758021 0.05749583 15.08336 -0.02134578 0.1035565 14.76493 0.09233369 0.2123964 14.49971 0.1841623 0.09994304 15.15815 0.3293062 0.3674123 15.18268 0.3498574 0.5360731 14.92532 0.08568622 0.2116495 15.10943 -0.09076326 0.6368103 15.05505 -0.1337435 1.047395 15.0672 -0.1665371 1.390748 15.10852 0.08105071 0.6566374 15.12279 0.06395681 1.067067 15.08206 0.05297496 1.41509 15.08472  A_Throw_Far
0.177725 -0.00510776 15.09475 0.08062841 0.06011617 15.07057 0.01431479 0.181571 14.77128 0.1729999 0.3512409 14.56846 0.1843243 0.1010898 15.15246 0.3290742 0.3684371 15.19542 0.3722436 0.5590718 14.95689 0.08710076 0.2133455 15.1025 -0.09086053 0.6380233 15.05086 -0.1363876 1.048243 15.06574 -0.1726302 1.390377 15.11375 0.07765044 0.6580499 15.12639 0.06161894 1.068144 15.08201 0.04993035 1.416142 15.08504  A_Throw_Far
0.1813312 -0.0007189512 15.08772 0.08475591 0.06462145 15.06136 0.03647145 0.2171454 14.77739 0.2145274 0.4096986 14.61513 0.1850946 0.104103 15.14802 0.3296048 0.3704516 15.20543 0.3869763 0.5811052 14.98763 0.08882929 0.2169729 15.0976 -0.09054403 0.6411207 15.0485 -0.1383971 1.050961 15.06626 -0.1772939 1.392114 15.11895 0.07582702 0.6614704 15.12855 0.06100335 1.071081 15.07953 0.04866459 1.418992 15.08685  A_Throw_Far
0.1839301 0.003455758 15.08245 0.08790673 0.06914914 15.05491 0.05078002 0.2380533 14.78153 0.2330392 0.4439749 14.64194 0.1859888 0.1071764 15.14475 0.3305958 0.372012 15.21311 0.3955817 0.6022338 15.01849 0.09042974 0.2207073 15.09446 -0.08979641 0.6446146 15.04827 -0.1400704 1.054056 15.06839 -0.1811669 1.394511 15.12385 0.07585432 0.6650823 15.12977 0.06225272 1.073999 15.07494 0.04859265 1.421611 15.09  A_Throw_Far
0.1878459 0.01032674 15.07484 0.09271522 0.07653391 15.04565 0.07016398 0.2664129 14.78941 0.2535389 0.4899753 14.68217 0.1872879 0.1123854 15.14003 0.3306125 0.3748127 15.22346 0.4042096 0.6306263 15.06775 0.0926847 0.2267981 15.08994 -0.08848904 0.6506271 15.04849 -0.1412597 1.059558 15.07227 -0.1845704 1.399141 15.13128 0.07655145 0.6706889 15.13132 0.06457628 1.07851 15.06854 0.04676493 1.425251 15.09503  A_Throw_Far
0.1901264 0.01476955 15.07056 0.09558798 0.08125556 15.04041 0.08017708 0.2814215 14.79457 0.2598878 0.515233 14.70433 0.187924 0.1158273 15.13744 0.3293621 0.3769449 15.22877 0.4060808 0.646201 15.09946 0.09382077 0.2306802 15.08742 -0.08755927 0.6547807 15.04933 -0.1407081 1.063516 15.07551 -0.1842712 1.402783 15.13612 0.07760693 0.674028 15.1321 0.06622989 1.081186 15.06505 0.04560377 1.427166 15.09851  A_Throw_Far
0.1931273 0.02114964 15.06472 0.09945317 0.08795941 15.03317 0.09027661 0.30152 14.80205 0.2632084 0.5475063 14.73354 0.1884274 0.1207818 15.13389 0.3249999 0.3806784 15.236 0.4039173 0.6642527 15.14401 0.09501113 0.2361531 15.08376 -0.08633493 0.6609111 15.05071 -0.1377399 1.069536 15.08166 -0.179571 1.408795 15.14353 0.07904179 0.6783766 15.13345 0.06832506 1.084801 15.06198 0.04398908 1.429803 15.10235  A_Throw_Far
0.1954563 0.02590334 15.06011 0.1025097 0.09294569 15.02742 0.09580697 0.3164909 14.80826 0.2620334 0.5709621 14.7561 0.1886212 0.1243573 15.13104 0.3198187 0.3835912 15.24165 0.3987816 0.6752099 15.17978 0.09575947 0.2400968 15.08073 -0.08539014 0.6655152 15.05194 -0.1340132 1.07409 15.08767 -0.1731126 1.413604 15.14993 0.08016343 0.6811681 15.13469 0.06980558 1.087135 15.06062 0.04286464 1.431469 15.10485  A_Throw_Far
0.1960367 0.02854133 15.05771 0.1034572 0.09574258 15.02451 0.09421255 0.3244435 14.81086 0.2557669 0.5830078 14.76447 0.1882617 0.1264379 15.12941 0.3149247 0.3859843 15.24642 0.3916094 0.6810822 15.20014 0.09578748 0.2424277 15.07897 -0.08480553 0.6683829 15.05233 -0.1302445 1.076878 15.09285 -0.1662499 1.416908 15.15415 0.08051534 0.6828015 15.13577 0.07013114 1.088602 15.0608 0.04188879 1.432732 15.1058  A_Throw_Far
0.1966948 0.03049648 15.05518 0.1045094 0.09787011 15.02144 0.09246476 0.3317571 14.81376 0.2488992 0.5944792 14.7736 0.1879164 0.1277958 15.12767 0.3096192 0.3875259 15.25132 0.3833968 0.685478 15.22156 0.09585334 0.2440513 15.07709 -0.08418147 0.670545 15.05274 -0.1263082 1.07886 15.09834 -0.1587919 1.419411 15.1587 0.08088763 0.6836638 15.1369 0.07045706 1.089286 15.06096 0.04079314 1.43319 15.10676  A_Throw_Far
0.1947915 0.03117013 15.05356 0.1029509 0.09907043 15.01993 0.08361252 0.3362374 14.8147 0.2334961 0.6027957 14.77483 0.1862372 0.1281378 15.1265 0.3033427 0.3881606 15.25825 0.3724702 0.6883043 15.24278 0.09490897 0.2450711 15.07615 -0.08322464 0.6724575 15.05327 -0.1225256 1.080493 15.10364 -0.1514371 1.421771 15.16167 0.08155061 0.6844242 15.13816 0.07036473 1.089856 15.06133 0.03949537 1.433706 15.10674  A_Throw_Far
0.173833 0.02642274 15.05191 0.08329143 0.09806907 15.02269 0.01881673 0.3372036 14.8127 0.1307438 0.6174333 14.74905 0.1728806 0.1234623 15.125 0.2806364 0.3817557 15.2812 0.3303613 0.6851993 15.30474 0.085454 0.2446567 15.0779 -0.07880108 0.6770183 15.05768 -0.117596 1.084316 15.11406 -0.1417727 1.427175 15.16443 0.08730461 0.6857347 15.14035 0.06981082 1.091465 15.06633 0.03928484 1.435651 15.10936  A_Throw_Far
0.1662305 0.02411485 15.0527 0.07602836 0.09683013 15.02528 -0.003312213 0.335206 14.8146 0.09472169 0.6184084 14.74185 0.1682467 0.1214111 15.12543 0.2756745 0.3785696 15.2855 0.3214399 0.6822104 15.314 0.08173878 0.2437003 15.07948 -0.07851408 0.6772906 15.05935 -0.1179104 1.084704 15.11447 -0.1425459 1.427705 15.16363 0.08890881 0.685642 15.13936 0.06954856 1.091831 15.06838 0.0407867 1.436167 15.11142  A_Throw_Far
0.1598213 0.02213001 15.05347 0.06992956 0.09571731 15.02757 -0.02186899 0.3333981 14.81745 0.06399705 0.6187595 14.73805 0.1643241 0.1196296 15.12583 0.2716591 0.375648 15.28889 0.3144755 0.6793622 15.32096 0.07856317 0.2427906 15.08082 -0.07843022 0.6773407 15.0607 -0.1182086 1.084868 15.11468 -0.1431942 1.427972 15.16294 0.09014918 0.6854162 15.13827 0.06939359 1.092009 15.07005 0.04224034 1.436462 15.11321  A_Throw_Far
0.1508246 0.01947188 15.05509 0.06123437 0.09406674 15.03136 -0.04678706 0.3314725 14.82564 0.02300431 0.6188453 14.73815 0.1587855 0.1173567 15.12664 0.2667745 0.3716511 15.29303 0.3065541 0.6755389 15.3273 0.07373126 0.2414662 15.08291 -0.07911269 0.6772161 15.06259 -0.1186688 1.084983 15.1149 -0.1436415 1.428216 15.16225 0.09116842 0.6849176 15.13639 0.06917144 1.092066 15.07197 0.04442926 1.436607 15.11587  A_Throw_Far
0.1438558 0.01744008 15.05645 0.05452581 0.09278989 15.0344 -0.06545447 0.3300817 14.83341 -0.008189363 0.6186711 14.74097 0.1544669 0.115607 15.12729 0.2631688 0.3683693 15.29606 0.3011472 0.6723355 15.33165 0.06993373 0.2404065 15.08453 -0.07977758 0.6770311 15.06395 -0.1190427 1.084984 15.11502 -0.1439076 1.428307 15.16177 0.09177823 0.6844181 15.13477 0.06907542 1.091987 15.07333 0.04624106 1.436577 15.11787  A_Throw_Far
0.1361197 0.01532209 15.05829 0.04700227 0.09140587 15.03815 -0.08356361 0.329268 14.84436 -0.03856168 0.6183158 14.74672 0.1496624 0.1138513 15.12812 0.2600586 0.3651345 15.29818 0.2966765 0.6691986 15.33435 0.065511 0.2392762 15.08645 -0.08088796 0.6768256 15.06544 -0.1196989 1.084987 15.11517 -0.1442795 1.428431 15.16117 0.09193809 0.6837647 15.13315 0.06897397 1.09172 15.07443 0.04793241 1.436337 15.11965  A_Throw_Far
0.128102 0.01319814 15.06034 0.03924092 0.09003139 15.04218 -0.10109 0.3287147 14.85676 -0.06883757 0.6180633 14.75505 0.1446529 0.1120794 15.129 0.2571008 0.3617399 15.30002 0.292732 0.6658651 15.33666 0.06087967 0.2381225 15.08845 -0.08214436 0.676587 15.06689 -0.1204572 1.084956 15.11528 -0.144696 1.428524 15.16052 0.09191521 0.6830179 15.13142 0.06891133 1.091351 15.07539 0.0496874 1.435985 15.12128  A_Throw_Far
0.1177238 0.01061785 15.06325 0.02921809 0.08837759 15.04764 -0.1206277 0.3283582 14.87277 -0.1051071 0.6176496 14.76704 0.1380999 0.1099437 15.1302 0.2542156 0.3580253 15.30052 0.2887425 0.6621695 15.33804 0.05472847 0.2367072 15.09109 -0.08412223 0.6762944 15.06881 -0.1217948 1.084876 15.11589 -0.1454389 1.428635 15.15998 0.09138234 0.6819587 15.12937 0.0688075 1.090753 15.07663 0.05191584 1.435432 15.1231  A_Throw_Far
0.1084623 0.008457661 15.06602 0.0203351 0.08703852 15.05268 -0.136206 0.3283957 14.88718 -0.135794 0.6175711 14.78001 0.1321899 0.1081423 15.13129 0.2520491 0.3549869 15.30007 0.285715 0.6591055 15.33857 0.04916396 0.2355188 15.09346 -0.08606337 0.6760549 15.07048 -0.1231562 1.084799 15.11659 -0.1462037 1.428736 15.15961 0.09062369 0.6809719 15.12756 0.06872906 1.090158 15.07766 0.05393233 1.434885 15.12448  A_Throw_Far
0.1000464 0.006636739 15.06874 0.01231487 0.08595312 15.05737 -0.1496188 0.3281554 14.89888 -0.1630006 0.6170447 14.79178 0.126711 0.1066242 15.13236 0.2506413 0.3529198 15.29824 0.2836213 0.6569426 15.33807 0.04399152 0.2345233 15.09563 -0.08813672 0.6758578 15.07205 -0.1245221 1.084705 15.11783 -0.146721 1.42885 15.1596 0.08951862 0.6800694 15.12611 0.0684966 1.089614 15.07884 0.05577 1.434401 15.12583  A_Throw_Far
0.08766986 0.004209638 15.07298 0.0006237198 0.08461356 15.06443 -0.1684644 0.3278776 14.91521 -0.2017343 0.6160507 14.81053 0.118516 0.1045799 15.134 0.2488946 0.3504796 15.2943 0.281137 0.6542523 15.33657 0.03627207 0.2332251 15.09885 -0.09147047 0.6756537 15.07436 -0.1266226 1.084616 15.12007 -0.1473306 1.429094 15.15981 0.08747424 0.6787898 15.12407 0.06805678 1.088845 15.0807 0.05851718 1.433724 15.12776  A_Throw_Far
0.07720049 0.002446532 15.07672 -0.00919388 0.08375144 15.07035 -0.1851737 0.327261 14.92776 -0.2332646 0.6144751 14.82625 0.1112965 0.1030639 15.13551 0.2479317 0.349225 15.28955 0.2808731 0.652685 15.33349 0.02947821 0.2323089 15.10159 -0.09488158 0.6755471 15.0765 -0.1283801 1.084579 15.12282 -0.1471752 1.429405 15.16044 0.08500101 0.6778106 15.12274 0.06722309 1.088289 15.08281 0.06075098 1.43329 15.1295  A_Throw_Far
0.06415768 0.000647068 15.08154 -0.02132748 0.08307612 15.07775 -0.2058768 0.3268797 14.9438 -0.2702921 0.6127068 14.84756 0.1020829 0.1014718 15.13749 0.246717 0.3480574 15.28293 0.281762 0.6510427 15.32849 0.02084203 0.231459 15.10505 -0.09947322 0.6756166 15.07923 -0.1305559 1.084727 15.12653 -0.146694 1.429981 15.16136 0.08144774 0.6767989 15.12128 0.06595863 1.087763 15.08561 0.06338681 1.43293 15.13145  A_Throw_Far
0.05485882 -0.0003172159 15.08497 -0.02995352 0.0828861 15.08288 -0.2207735 0.3269292 14.95578 -0.2926654 0.6121918 14.86324 0.0952471 0.1005639 15.139 0.2460731 0.3476336 15.27755 0.2843167 0.6502813 15.32278 0.01443137 0.2310729 15.1076 -0.1032307 0.6758031 15.08151 -0.1321506 1.084969 15.12969 -0.1460109 1.430522 15.16249 0.07832702 0.6762661 15.12073 0.06456323 1.08754 15.08805 0.06482513 1.432886 15.13259  A_Throw_Far
0.04393162 -0.001121044 15.08911 -0.04004149 0.08298826 15.089 -0.2371627 0.3278778 14.97104 -0.3156931 0.6130302 14.8837 0.08710463 0.09975243 15.14086 0.2452037 0.3472934 15.27093 0.2879075 0.6495537 15.31474 0.006806092 0.2308824 15.11076 -0.1078416 0.676223 15.08436 -0.134355 1.085453 15.13337 -0.1456885 1.431335 15.16356 0.07439132 0.6758795 15.12031 0.06273784 1.08747 15.09097 0.06616934 1.43305 15.13352  A_Throw_Far
0.03008248 -0.001959324 15.09448 -0.05277381 0.08327639 15.0969 -0.2555447 0.3304719 14.99237 -0.3374428 0.61683 14.91238 0.07658084 0.09877706 15.14342 0.2440707 0.3468 15.26191 0.2936526 0.6486173 15.30131 -0.003049178 0.2307106 15.1151 -0.1141198 0.6767069 15.08845 -0.1379939 1.086027 15.13807 -0.1465182 1.432298 15.16449 0.06885369 0.6754582 15.1204 0.05991324 1.087374 15.09494 0.06696768 1.433322 15.1339  A_Throw_Far
0.02240671 -0.002401114 15.09752 -0.05979709 0.08345962 15.10138 -0.2634539 0.3329843 15.00446 -0.3453466 0.6204858 14.92867 0.07068719 0.09818947 15.14491 0.2435506 0.3463219 15.25666 0.2976504 0.6478498 15.29213 -0.008553607 0.2305932 15.11771 -0.1178929 0.6768392 15.09102 -0.1405148 1.086233 15.14061 -0.1477291 1.4327 15.16475 0.06542583 0.6752718 15.12091 0.0581462 1.087343 15.09751 0.06706543 1.433524 15.13394  A_Throw_Far
0.01341333 -0.002875686 15.10115 -0.06797795 0.08372188 15.10671 -0.2720333 0.3361157 15.01869 -0.353443 0.6250072 14.94783 0.06373616 0.09751284 15.14669 0.242697 0.3456336 15.25033 0.3020221 0.6467171 15.28089 -0.01501022 0.2304742 15.12081 -0.1223419 0.6769913 15.09404 -0.1435029 1.086473 15.14356 -0.1492255 1.433145 15.165 0.06134864 0.6750594 15.12153 0.05609687 1.08729 15.10051 0.06691988 1.433719 15.13395  A_Throw_Far
0.006298618 -0.003242016 15.10406 -0.07440679 0.08395731 15.11099 -0.2771622 0.3393174 15.02981 -0.3580873 0.6294658 14.96369 0.05822517 0.09694195 15.1481 0.2421275 0.3448857 15.24507 0.3057643 0.6455685 15.27046 -0.02008299 0.2303722 15.12333 -0.1260496 0.6769882 15.09649 -0.1458602 1.086544 15.14595 -0.1503371 1.433344 15.16554 0.05789192 0.6749805 15.12224 0.05450561 1.087323 15.10312 0.06673653 1.433957 15.13383  A_Throw_Far
-0.003610177 -0.00370276 15.10821 -0.08329932 0.08434379 15.11702 -0.2833714 0.3440002 15.04517 -0.3631684 0.635942 14.98592 0.05050315 0.09615803 15.15011 0.2410702 0.3436641 15.23752 0.3104962 0.6436183 15.25517 -0.02713875 0.2302533 15.12688 -0.1312585 0.6769662 15.09991 -0.1491148 1.086623 15.14927 -0.1518564 1.433574 15.16634 0.05299963 0.6749026 15.12328 0.05234404 1.087371 15.10676 0.06615336 1.434261 15.13369  A_Throw_Far
-0.0182585 -0.004297853 15.1148 -0.09629498 0.0850625 15.12636 -0.2889057 0.3521143 15.06727 -0.3655381 0.6469632 15.01932 0.0389994 0.09496498 15.15346 0.2395708 0.3410941 15.22622 0.3170931 0.6395676 15.2291 -0.03744886 0.2301149 15.1325 -0.1390603 0.6767942 15.10515 -0.1540673 1.086646 15.15385 -0.1546499 1.433739 15.168 0.04559066 0.6749381 15.12521 0.04903217 1.087521 15.11228 0.0639201 1.43481 15.13269  A_Throw_Far
-0.02821658 -0.004619598 15.11984 -0.1050219 0.08565426 15.13321 -0.2908002 0.3579839 15.08208 -0.364741 0.6547316 15.04232 0.03111448 0.09417284 15.15626 0.2386422 0.3387681 15.21869 0.3208803 0.635819 15.20858 -0.04441152 0.2300642 15.1368 -0.1442032 0.6767347 15.10913 -0.1575377 1.086896 15.15566 -0.1573598 1.43404 15.1685 0.04068216 0.6749371 15.1269 0.04675867 1.087558 15.11638 0.06118222 1.435117 15.13195  A_Throw_Far
-0.03873376 -0.004864693 15.12561 -0.1141355 0.08636808 15.14089 -0.2919106 0.364077 15.09752 -0.3626409 0.6626749 15.0668 0.02275188 0.09339547 15.15959 0.2374308 0.3359944 15.21058 0.3237012 0.6309667 15.18502 -0.05175595 0.2300652 15.14172 -0.1494604 0.6767982 15.11369 -0.16099 1.087468 15.15602 -0.1601921 1.434649 15.1678 0.03564324 0.6748652 15.129 0.04459288 1.087494 15.12119 0.05738123 1.435304 15.13179  A_Throw_Far
-0.04566423 -0.004960537 15.12968 -0.1200662 0.0869087 15.14624 -0.292416 0.3679688 15.10757 -0.3608408 0.6676757 15.08305 0.01724298 0.09292841 15.16197 0.2364314 0.3340683 15.20489 0.324753 0.6272563 15.16822 -0.05656431 0.2301117 15.14516 -0.1528231 0.6769149 15.11684 -0.1630947 1.087968 15.15562 -0.1618006 1.43516 15.16703 0.0324079 0.6748002 15.1305 0.04326721 1.087415 15.12459 0.05407973 1.435371 15.13216  A_Throw_Far
-0.059032 -0.004929185 15.1387 -0.1311659 0.08827853 15.1579 -0.2948348 0.3751172 15.12697 -0.3600008 0.6762483 15.11352 0.006805794 0.09214699 15.16718 0.2333294 0.3308529 15.19124 0.3232754 0.6193846 15.12989 -0.06546573 0.2303876 15.15249 -0.1588966 0.6772844 15.12317 -0.166764 1.088976 15.15515 -0.1642234 1.436146 15.16701 0.0265555 0.6747804 15.13331 0.04062315 1.087336 15.13136 0.04357203 1.435517 15.13436  A_Throw_Far
-0.0628625 -0.004843712 15.14166 -0.1342366 0.08880305 15.16164 -0.2961286 0.3771615 15.13236 -0.3606588 0.6785175 15.12105 0.003873425 0.0919441 15.16892 0.2320215 0.3299813 15.18662 0.3216829 0.6168143 15.1174 -0.06785046 0.2305336 15.15485 -0.1604386 0.6774172 15.1251 -0.1678839 1.089248 15.15534 -0.1651786 1.436421 15.16709 0.02507545 0.6748405 15.13402 0.03983511 1.087375 15.13312 0.03930696 1.435572 15.13569  A_Throw_Far
-0.06565367 -0.004756927 15.14398 -0.1364301 0.08923507 15.16455 -0.2973082 0.3786781 15.1362 -0.3615932 0.6801178 15.12576 0.001763241 0.09179187 15.17032 0.2306844 0.32954 15.18302 0.3195995 0.6150866 15.10778 -0.06950961 0.2306595 15.1567 -0.1614699 0.677511 15.12662 -0.1687428 1.089438 15.15556 -0.1660293 1.436622 15.16695 0.02409072 0.6749093 15.13449 0.03924258 1.087431 15.1343 0.03582783 1.43561 15.13697  A_Throw_Far
-0.07030134 -0.004551172 15.14794 -0.1400319 0.09003937 15.16951 -0.2994793 0.3812931 15.14196 -0.3635871 0.6827723 15.13156 -0.001740379 0.09154665 15.17274 0.2277827 0.3290193 15.1767 0.3147217 0.612361 15.09148 -0.07218312 0.2309142 15.15994 -0.1630895 0.6776884 15.12941 -0.1700735 1.089771 15.15613 -0.1673161 1.43697 15.16705 0.02254839 0.6750745 15.13518 0.03861083 1.087561 15.13603 0.03082212 1.435663 15.13952  A_Throw_Far
-0.07251792 -0.004425287 15.14988 -0.141728 0.09045899 15.17195 -0.3005618 0.382581 15.1445 -0.3646862 0.6840378 15.13357 -0.003408415 0.09143758 15.17395 0.2260965 0.3288687 15.17354 0.3117576 0.6111283 15.08356 -0.0734257 0.2310559 15.16155 -0.1638361 0.6777809 15.13086 -0.170681 1.089936 15.15648 -0.1678833 1.43714 15.16721 0.02183397 0.6751769 15.13549 0.03843578 1.08764 15.13681 0.02874841 1.435688 15.1409  A_Throw_Far
-0.07413338 -0.004303217 15.15148 -0.1429406 0.09080791 15.17395 -0.3012434 0.3836468 15.14614 -0.3652976 0.6850625 15.13376 -0.004608018 0.09136975 15.17497 0.2243636 0.3290557 15.17078 0.3085224 0.6105962 15.0772 -0.07428996 0.2311856 15.16291 -0.1644049 0.6778432 15.13216 -0.1711106 1.09006 15.15679 -0.1682357 1.437268 15.16741 0.02128847 0.6753044 15.13578 0.03845586 1.087743 15.13743 0.02769812 1.435754 15.14198  A_Throw_Far
-0.07566689 -0.004180431 15.153 -0.144087 0.09114635 15.17586 -0.3018963 0.3846488 15.1477 -0.3659258 0.6860098 15.13394 -0.005749626 0.09130991 15.17593 0.2226683 0.3292198 15.16817 0.3053455 0.6100506 15.0712 -0.07510893 0.2313131 15.16419 -0.1649417 0.6779063 15.1334 -0.1715214 1.09018 15.15709 -0.1685694 1.437391 15.1676 0.02076878 0.6754277 15.13605 0.03848119 1.087842 15.13802 0.02670784 1.435813 15.14305  A_Throw_Far
-0.07698528 -0.004044056 15.15458 -0.1450609 0.09148598 15.17778 -0.3021328 0.3856968 15.14893 -0.3657589 0.6870337 15.13295 -0.00672595 0.09127998 15.17698 0.220525 0.3297873 15.16548 0.3011131 0.6101519 15.06546 -0.07578443 0.2314525 15.16549 -0.1653584 0.6779845 15.13457 -0.1718502 1.090315 15.15728 -0.1688246 1.437525 15.16777 0.02036233 0.6755571 15.13642 0.03840836 1.087956 15.13862 0.02599676 1.435899 15.14409  A_Throw_Far
-0.07841174 -0.003879666 15.15639 -0.1461137 0.09187543 15.17993 -0.302287 0.3868713 15.1502 -0.3653824 0.6881628 15.13149 -0.007788463 0.09126174 15.17819 0.2179139 0.3305392 15.16252 0.2959187 0.6104412 15.0592 -0.07651322 0.2316178 15.16695 -0.1657808 0.6780875 15.13584 -0.1721996 1.090478 15.15746 -0.1690979 1.437687 15.16797 0.01994695 0.6757001 15.13686 0.03831073 1.088084 15.13927 0.02534785 1.435997 15.14526  A_Throw_Far
-0.0796055 -0.003708124 15.15817 -0.1470125 0.09224784 15.18195 -0.3020736 0.388011 15.15102 -0.3643008 0.6892657 15.12909 -0.00870095 0.09128273 15.17945 0.214949 0.3316536 15.15995 0.2899198 0.6113712 15.05392 -0.07713465 0.231789 15.16831 -0.1660375 0.6782296 15.13686 -0.1724681 1.090668 15.15754 -0.1693393 1.43787 15.16827 0.01969202 0.6758085 15.13733 0.03816934 1.088187 15.13978 0.02525582 1.436094 15.14627  A_Throw_Far
-0.08027987 -0.003576159 15.15939 -0.1475243 0.09250176 15.1833 -0.3016953 0.3888113 15.15149 -0.3631804 0.6900443 15.12729 -0.009223325 0.09132516 15.18035 0.212732 0.3326229 15.15836 0.2854053 0.6123602 15.0508 -0.07748269 0.2319182 15.16923 -0.1661814 0.6783308 15.13752 -0.172664 1.090799 15.15757 -0.1695451 1.437994 15.16852 0.01954849 0.6759001 15.13765 0.0382991 1.088267 15.14004 0.02596887 1.436193 15.14662  A_Throw_Far
-0.08081917 -0.003443003 15.16053 -0.147937 0.09273922 15.18454 -0.3011926 0.3895702 15.15188 -0.361889 0.6907806 15.1255 -0.00964628 0.0913837 15.18121 0.2105343 0.3336576 15.157 0.2809182 0.6135038 15.0482 -0.07775865 0.2320476 15.17009 -0.1662957 0.6784284 15.1381 -0.1728548 1.090923 15.15759 -0.1697624 1.43811 15.16879 0.01943423 0.6759972 15.13794 0.03856595 1.088347 15.14023 0.02713271 1.436305 15.14674  A_Throw_Far
-0.08102135 -0.00334537 15.16125 -0.1480891 0.09288776 15.18531 -0.3006228 0.3900946 15.15205 -0.3606609 0.6913098 15.12426 -0.009803815 0.09144294 15.1818 0.2090571 0.3344592 15.15631 0.2778905 0.614489 15.047 -0.077843 0.2321404 15.17065 -0.1663684 0.6784772 15.13848 -0.1729915 1.09099 15.15755 -0.1699228 1.438171 15.16895 0.01936187 0.6760941 15.13815 0.03893878 1.088424 15.14026 0.02851488 1.436421 15.14636  A_Throw_Far
-0.08097742 -0.00286746 15.16372 -0.1480338 0.09344733 15.18791 -0.2963827 0.3925364 15.15198 -0.3522344 0.6939404 15.11816 -0.009757681 0.0918138 15.18413 0.2028188 0.338414 15.1552 0.265449 0.6201348 15.0465 -0.07763438 0.232578 15.17283 -0.1666246 0.6786194 15.13986 -0.1735695 1.091212 15.157 -0.1706048 1.438365 15.16924 0.01910939 0.6766824 15.13903 0.04119511 1.08889 15.13948 0.03755142 1.437067 15.14223  A_Throw_Far
-0.08070825 -0.002724528 15.1641 -0.1478227 0.0935626 15.18832 -0.2947048 0.3932357 15.15174 -0.3489611 0.6947545 15.11638 -0.009544296 0.09194517 15.18461 0.2012636 0.3395916 15.15551 0.2625889 0.6221144 15.04816 -0.07743077 0.2327023 15.17329 -0.1666452 0.6786581 15.14013 -0.1737508 1.091271 15.1567 -0.1708698 1.438417 15.16917 0.01909019 0.6768678 15.13928 0.04175313 1.089045 15.13897 0.04052093 1.437245 15.14072  A_Throw_Far
-0.08033495 -0.002588272 15.16436 -0.1475288 0.09365439 15.18861 -0.2930624 0.3938324 15.15149 -0.3458046 0.6954595 15.11479 -0.009247107 0.09208179 15.18501 0.1999725 0.3406914 15.156 0.2603528 0.6240613 15.05036 -0.07717036 0.2328188 15.17365 -0.1666264 0.6786953 15.14032 -0.1739323 1.091325 15.15639 -0.1711721 1.438463 15.16908 0.0191104 0.6770459 15.13951 0.0421923 1.089198 15.13844 0.04327365 1.437402 15.13943  A_Throw_Far
-0.07984881 -0.002442479 15.16457 -0.1471452 0.09373891 15.18885 -0.2912678 0.3944194 15.1512 -0.3423887 0.6961581 15.11315 -0.008859498 0.09223592 15.18538 0.1987246 0.3418516 15.15666 0.258303 0.6261816 15.05317 -0.07684217 0.2329417 15.17399 -0.1665777 0.6787344 15.14047 -0.1741324 1.091379 15.15604 -0.1715307 1.43851 15.16896 0.0191607 0.6772368 15.13975 0.04259809 1.089366 15.13782 0.04614659 1.437554 15.13822  A_Throw_Far
-0.07930611 -0.002310514 15.16468 -0.1467144 0.09380257 15.18898 -0.2896539 0.3948697 15.15093 -0.3393578 0.6967081 15.11181 -0.008424623 0.09238589 15.18563 0.1978543 0.342832 15.15737 0.2571553 0.6280672 15.05624 -0.07648389 0.2330511 15.1742 -0.166486 0.6787716 15.14052 -0.174295 1.091425 15.15571 -0.1718632 1.438548 15.16887 0.01925405 0.6774083 15.13994 0.04282381 1.089526 15.13724 0.04849746 1.437686 15.13737  A_Throw_Far
-0.07877676 -0.00218749 15.16476 -0.1462937 0.09385872 15.18908 -0.2881313 0.3952751 15.15067 -0.3365061 0.6972004 15.11057 -0.008000059 0.09252739 15.18586 0.1970713 0.3437383 15.15806 0.2561715 0.6298177 15.05922 -0.0761352 0.233152 15.17439 -0.1663903 0.6788052 15.14054 -0.1744435 1.091466 15.1554 -0.1721746 1.438582 15.16879 0.01935096 0.6775678 15.14011 0.04301758 1.089674 15.13668 0.05063512 1.437798 15.13672  A_Throw_Far
-0.07815532 -0.002049446 15.1648 -0.1457925 0.09392047 15.18914 -0.2864957 0.3956658 15.1504 -0.3334527 0.6976876 15.10935 -0.007494671 0.0926888 15.18607 0.1964314 0.3446398 15.15884 0.2559676 0.6316661 15.06306 -0.07571916 0.2332639 15.17452 -0.1662031 0.6788651 15.1405 -0.1745139 1.091532 15.15504 -0.1724177 1.438638 15.16871 0.01953913 0.6777236 15.14027 0.04303541 1.089832 15.13602 0.05257769 1.437908 15.13619  A_Throw_Far
-0.07759301 -0.001927614 15.16484 -0.1453381 0.09397364 15.18919 -0.2850325 0.3960037 15.15016 -0.3307239 0.6981051 15.10828 -0.00703661 0.09283185 15.18625 0.1958787 0.3454306 15.15954 0.2558559 0.6332833 15.06655 -0.07534157 0.233362 15.17462 -0.1660253 0.6789185 15.14045 -0.1745652 1.09159 15.15472 -0.1726226 1.438687 15.16864 0.01971759 0.6778587 15.1404 0.04303547 1.089969 15.13541 0.05422743 1.437996 15.13583  A_Throw_Far
-0.07705061 -0.001796603 15.1649 -0.1448979 0.0940398 15.18924 -0.283637 0.3963058 15.14991 -0.3280912 0.6984848 15.10726 -0.006592674 0.09298706 15.18644 0.195502 0.346128 15.16031 0.2566999 0.6348129 15.07075 -0.07497643 0.2334692 15.1747 -0.165789 0.679006 15.14036 -0.1745848 1.091682 15.15436 -0.1728192 1.43877 15.16853 0.01995404 0.6779738 15.14048 0.04304208 1.090087 15.13469 0.05587252 1.438056 15.13548  A_Throw_Far
-0.07639866 -0.001641989 15.16496 -0.1443694 0.09411645 15.18928 -0.2819978 0.3966424 15.1496 -0.3250037 0.6989059 15.10607 -0.006059749 0.09317267 15.18667 0.1951002 0.3469332 15.16122 0.257892 0.6365621 15.07592 -0.07453983 0.2335958 15.17478 -0.1655075 0.67911 15.14025 -0.1745971 1.09179 15.15394 -0.1730327 1.438867 15.16839 0.02023544 0.6781096 15.14057 0.04305657 1.090223 15.13382 0.05778005 1.438115 15.13517  A_Throw_Far
-0.07573847 -0.001485229 15.16499 -0.1438406 0.09419227 15.18926 -0.2805282 0.3968941 15.14922 -0.3222608 0.6992336 15.10499 -0.005526407 0.09337151 15.18686 0.1949202 0.3476391 15.16215 0.2599386 0.6381251 15.08156 -0.07411437 0.233727 15.1748 -0.1652646 0.6792172 15.14012 -0.1745707 1.091901 15.15354 -0.1731454 1.438966 15.16829 0.02047809 0.6782582 15.14063 0.0430875 1.090366 15.13294 0.05964519 1.438173 15.13497  A_Throw_Far
-0.0752335 -0.00137341 15.16497 -0.1434369 0.09424198 15.18919 -0.2795101 0.397041 15.1489 -0.3203939 0.6994328 15.10424 -0.005119426 0.09351707 15.18695 0.1948574 0.3481297 15.16282 0.2616085 0.639189 15.0858 -0.07379143 0.2338206 15.17476 -0.1651053 0.6792875 15.14003 -0.1745483 1.091974 15.15328 -0.1732079 1.439029 15.16828 0.02063717 0.6783773 15.14068 0.04308643 1.090482 15.13234 0.06089981 1.438223 15.13494  A_Throw_Far
-0.07461827 -0.00124836 15.16485 -0.1429469 0.09429049 15.18901 -0.2784653 0.3971413 15.14846 -0.318545 0.6995916 15.10346 -0.004625721 0.09368658 15.18697 0.1949201 0.3486435 15.16356 0.2638688 0.6402864 15.0908 -0.07340328 0.2339259 15.17465 -0.1649619 0.6793555 15.13993 -0.174519 1.092043 15.15307 -0.1732435 1.439084 15.16839 0.0207804 0.6785363 15.14076 0.0430369 1.090637 15.13175 0.06216045 1.438303 15.13507  A_Throw_Far
-0.07397304 -0.001109123 15.1647 -0.1424264 0.09435725 15.18881 -0.2773674 0.3972428 15.14792 -0.3166093 0.6997588 15.10263 -0.004101796 0.09386492 15.18699 0.1950725 0.3491325 15.16441 0.2666221 0.6413296 15.09654 -0.07297353 0.2340441 15.1745 -0.1647483 0.6794435 15.13984 -0.1744566 1.092132 15.15284 -0.1732741 1.439158 15.16849 0.02099331 0.6787067 15.14086 0.04296907 1.090806 15.13111 0.06337537 1.438389 15.13523  A_Throw_Far
-0.07351051 -0.001002192 15.16459 -0.1420475 0.09441853 15.18864 -0.2765784 0.3973124 15.14746 -0.3152248 0.6998807 15.102 -0.003720565 0.09399319 15.18698 0.195258 0.3494396 15.16507 0.2689337 0.641986 15.1011 -0.07264553 0.2341354 15.17438 -0.16454 0.6795211 15.13978 -0.1743843 1.09221 15.15266 -0.1732914 1.439225 15.16857 0.02120091 0.6788322 15.14096 0.04290577 1.090932 15.13064 0.0641609 1.438457 15.13536  A_Throw_Far
