-0.01850484 0.005456328 2.506192 -0.08292036 0.1042558 2.527882 -0.2793468 0.3693726 2.554076 -0.317504 0.6671394 2.483461 0.05503317 0.09605467 2.534113 0.2777403 0.3389771 2.570572 0.3422118 0.6357967 2.517225 -0.005158944 0.2400132 2.519893 -0.09446166 0.6838545 2.48298 -0.07594524 1.096434 2.479769 -0.05476902 1.442298 2.504333 0.0912409 0.6858543 2.486456 0.1304121 1.088112 2.402444 0.1618557 1.434859 2.397401  O_Gathering_SoClose
-0.02119462 0.006049037 2.505563 -0.08544163 0.1046489 2.528337 -0.2822008 0.3696718 2.555923 -0.3182572 0.6666982 2.481205 0.05252411 0.09626245 2.534026 0.276058 0.3384683 2.570908 0.3394696 0.635103 2.515308 -0.007533414 0.24031 2.520141 -0.09675138 0.6841558 2.483618 -0.07698296 1.096667 2.479358 -0.0547819 1.442429 2.504457 0.08896126 0.6861566 2.486512 0.1299997 1.083601 2.382793 0.1585957 1.430464 2.393567  O_Gathering_SoClose
-0.02816932 0.007380843 2.503908 -0.09198503 0.1054845 2.529203 -0.2894593 0.3702985 2.560078 -0.3215411 0.6656671 2.4774 0.04599752 0.09663856 2.533656 0.2713194 0.3371876 2.571549 0.3323324 0.6333482 2.510962 -0.01370905 0.2409058 2.52056 -0.1026885 0.6847624 2.48493 -0.07974552 1.097074 2.478023 -0.05492322 1.442556 2.504478 0.08303972 0.6867666 2.486528 0.1279659 1.076035 2.356702 0.1521356 1.421866 2.389332  O_Gathering_SoClose
-0.04276083 0.01012504 2.500793 -0.1056476 0.1071833 2.530739 -0.3044163 0.3715612 2.567842 -0.3308359 0.6640517 2.473721 0.03232791 0.09741962 2.532904 0.260782 0.3347981 2.572737 0.3175234 0.6298437 2.503218 -0.02663193 0.2421218 2.52131 -0.1150768 0.6859951 2.487328 -0.08567278 1.097774 2.475155 -0.05537782 1.442612 2.504187 0.07065679 0.6880102 2.486605 0.1215949 1.065177 2.326747 0.1436306 1.407289 2.387753  O_Gathering_SoClose
-0.05563466 0.01248157 2.498547 -0.1176884 0.108644 2.532007 -0.3174856 0.3726287 2.573987 -0.341328 0.6636369 2.474724 0.02024616 0.09810269 2.53243 0.2509353 0.3329583 2.573801 0.3045439 0.6269978 2.497831 -0.03803746 0.243169 2.522029 -0.1259704 0.6870529 2.489305 -0.09094541 1.098246 2.472923 -0.05583952 1.442463 2.503843 0.05974879 0.689079 2.486892 0.1143184 1.059651 2.313393 0.1373988 1.39823 2.391363  O_Gathering_SoClose
-0.095259 0.01955545 2.494753 -0.1550507 0.1136278 2.535559 -0.3567794 0.3768383 2.58869 -0.3839546 0.6689084 2.493484 -0.01733826 0.1008126 2.532675 0.2177269 0.3293358 2.575176 0.266445 0.6213651 2.488863 -0.073413 0.2469236 2.525154 -0.1592687 0.6908969 2.495197 -0.1065483 1.099549 2.466933 -0.05626307 1.441353 2.503201 0.02640237 0.6928496 2.490298 0.09240182 1.062477 2.318766 0.1228438 1.38927 2.435074  O_Gathering_SoClose
-0.1552402 0.08858693 2.526758 -0.2238409 0.1770816 2.562729 -0.4134127 0.4479889 2.586115 -0.4356172 0.7260491 2.454597 -0.08966635 0.1610764 2.592365 0.1490228 0.3722609 2.657474 0.2061466 0.665637 2.581501 -0.1399821 0.3086461 2.576844 -0.2150102 0.7520491 2.532773 -0.1369743 1.125634 2.374914 -0.04022292 1.437219 2.494195 -0.03396676 0.7555719 2.574153 0.05914934 1.150344 2.49742 0.09077092 1.406181 2.731504  O_Gathering_SoClose
-0.156904 0.1348869 2.547792 -0.2299968 0.2205639 2.580595 -0.4141316 0.4936838 2.596175 -0.4259182 0.7555243 2.43367 -0.09915148 0.2046043 2.622572 0.1421132 0.4032702 2.693229 0.2082712 0.6963631 2.623774 -0.148861 0.3522186 2.605591 -0.2224355 0.7954379 2.561285 -0.1435721 1.137951 2.344398 -0.03317766 1.434088 2.488585 -0.04608576 0.799962 2.619439 0.04756304 1.195028 2.5449 0.06621923 1.421394 2.808829  O_Gathering_SoClose
-0.1493576 0.1887983 2.557982 -0.2254763 0.2710832 2.591961 -0.4071293 0.5464414 2.605325 -0.3999055 0.7919438 2.418821 -0.09599654 0.2556733 2.638165 0.1440631 0.4478614 2.698267 0.2111336 0.7398844 2.62527 -0.1476214 0.4030002 2.624783 -0.2243811 0.8459836 2.588676 -0.1508338 1.153157 2.322575 -0.03105454 1.432722 2.490414 -0.05022053 0.8513941 2.653022 0.05025049 1.234254 2.535858 0.05778571 1.428698 2.824618  O_Gathering_SoClose
-0.1382097 0.2434946 2.556923 -0.2158342 0.3222522 2.595411 -0.4009033 0.5981122 2.607615 -0.3705635 0.8229276 2.398701 -0.08563839 0.3075732 2.639805 0.1515436 0.4981464 2.678448 0.2145592 0.7880352 2.594199 -0.140504 0.4542024 2.633558 -0.2222449 0.8964062 2.609248 -0.1569987 1.164996 2.302364 -0.03111128 1.431203 2.486647 -0.04754458 0.9025751 2.672043 0.05837687 1.264417 2.503953 0.05761679 1.427195 2.811769  O_Gathering_SoClose
-0.122235 0.3107804 2.546556 -0.2014277 0.3843449 2.591602 -0.4004101 0.6548978 2.604312 -0.3477508 0.8490188 2.370535 -0.07009308 0.370611 2.632831 0.1605827 0.5639495 2.641911 0.214832 0.8499108 2.539991 -0.1293471 0.5155756 2.637685 -0.2172967 0.9553722 2.629852 -0.1643811 1.17589 2.284676 -0.03349278 1.42875 2.483684 -0.04167799 0.9625889 2.689915 0.06829204 1.296235 2.473142 0.06108024 1.428623 2.79512  O_Gathering_SoClose
-0.1044109 0.3797404 2.52367 -0.1849186 0.4460049 2.57699 -0.394372 0.7084222 2.588451 -0.3102395 0.8736427 2.342013 -0.052249 0.4332057 2.614034 0.1691919 0.6334345 2.591572 0.2122482 0.9135955 2.470079 -0.1162215 0.5748785 2.633674 -0.2109875 1.009488 2.647145 -0.1720412 1.1815 2.273688 -0.03756944 1.424971 2.481806 -0.0343282 1.018118 2.703877 0.0753987 1.327937 2.454126 0.06273557 1.429736 2.786879  O_Gathering_SoClose
-0.09230785 0.4254891 2.500751 -0.1736109 0.4853301 2.560148 -0.3903221 0.7391473 2.574344 -0.2881126 0.8906872 2.325957 -0.04009179 0.473226 2.594256 0.1743925 0.6787255 2.551219 0.2099837 0.9541036 2.417038 -0.1073411 0.6111817 2.625802 -0.2072333 1.040338 2.65704 -0.177436 1.182617 2.27046 -0.04076556 1.421868 2.482012 -0.02992801 1.049992 2.711548 0.07933564 1.346492 2.44593 0.06386293 1.430319 2.783541  O_Gathering_SoClose
-0.07994501 0.4722244 2.471248 -0.1619973 0.5239927 2.536913 -0.3856967 0.7668844 2.559891 -0.2680308 0.9088661 2.3127 -0.02770124 0.5127038 2.568128 0.1784575 0.7243418 2.505083 0.205993 0.9942267 2.358426 -0.09835063 0.6450664 2.613274 -0.2040589 1.066589 2.665748 -0.1829769 1.18232 2.269848 -0.04415528 1.418422 2.483526 -0.02617447 1.077407 2.718108 0.08305372 1.363206 2.440995 0.06489052 1.430718 2.782111  O_Gathering_SoClose
-0.06828116 0.5163828 2.436444 -0.1510473 0.5586592 2.507819 -0.3813448 0.7889284 2.548427 -0.2542685 0.9255627 2.302886 -0.01613883 0.5482105 2.536591 0.1817727 0.7663343 2.456161 0.2026151 1.030448 2.298319 -0.09012191 0.672875 2.596044 -0.2022265 1.084707 2.672407 -0.188155 1.181251 2.271089 -0.04711704 1.415099 2.485792 -0.02391963 1.096772 2.723029 0.08640517 1.376396 2.440111 0.06567527 1.430914 2.783398  O_Gathering_SoClose
-0.05236028 0.5756932 2.384512 -0.136084 0.6026137 2.462059 -0.3761963 0.8091311 2.537842 -0.246313 0.9456471 2.293708 -0.0005608629 0.5935771 2.48831 0.1832513 0.8228363 2.389946 0.1942871 1.080581 2.220978 -0.07921092 0.7035232 2.567527 -0.2018033 1.097268 2.680436 -0.1949152 1.178351 2.275525 -0.05059807 1.410459 2.489936 -0.0232145 1.111938 2.729348 0.09307678 1.384775 2.442225 0.06711693 1.429359 2.786588  O_Gathering_SoClose
-0.04507713 0.6057918 2.359936 -0.1290663 0.6244134 2.439675 -0.3727024 0.8162783 2.534385 -0.2441115 0.9553466 2.291009 0.006732302 0.6163169 2.464784 0.1840024 0.8493603 2.355977 0.1922477 1.101008 2.177904 -0.07410239 0.7172494 2.553258 -0.2022626 1.100021 2.684373 -0.1983987 1.176416 2.278512 -0.05224256 1.408131 2.492101 -0.0236551 1.116422 2.732663 0.09822835 1.385155 2.443993 0.06823935 1.427817 2.788272  O_Gathering_SoClose
-0.03843979 0.6356925 2.337659 -0.122454 0.6459483 2.418957 -0.3688517 0.8215988 2.530723 -0.2422009 0.9646437 2.288638 0.01361729 0.6390522 2.442922 0.1818925 0.8778409 2.328532 0.1852711 1.126853 2.146636 -0.06917851 0.7302016 2.539804 -0.2028352 1.10115 2.688064 -0.2018345 1.174117 2.281555 -0.05372975 1.405727 2.493913 -0.02428905 1.119533 2.735864 0.1049857 1.38311 2.44566 0.06987377 1.425683 2.789466  O_Gathering_SoClose
-0.03383402 0.6590242 2.321711 -0.117655 0.662708 2.403844 -0.3656017 0.8248483 2.527806 -0.2411526 0.9716614 2.286838 0.01863893 0.657101 2.426862 0.1799008 0.8998713 2.308667 0.1800365 1.146453 2.123459 -0.06554703 0.7401135 2.529677 -0.2033729 1.101231 2.69089 -0.2043214 1.172041 2.283999 -0.05479882 1.403786 2.495213 -0.02492682 1.121116 2.738462 0.1105311 1.380171 2.44701 0.07121713 1.423755 2.790234  O_Gathering_SoClose
-0.02795343 0.6943798 2.299859 -0.1110326 0.6879495 2.382713 -0.3602878 0.8282612 2.52319 -0.2403841 0.9820191 2.284256 0.02559997 0.6851093 2.404177 0.1761915 0.9334827 2.281605 0.1723674 1.176383 2.091634 -0.06042139 0.7548953 2.514991 -0.2043366 1.100148 2.695037 -0.2078203 1.168517 2.287743 -0.05626462 1.400781 2.496928 -0.0261188 1.122186 2.742516 0.1192309 1.373628 2.449167 0.07340975 1.420431 2.791158  O_Gathering_SoClose
-0.02436797 0.7440627 2.274598 -0.1043563 0.7226373 2.358224 -0.3532818 0.8306265 2.515862 -0.2410643 0.996161 2.2811 0.03271814 0.7273207 2.376277 0.1675659 0.9844608 2.250838 0.1597952 1.223508 2.056158 -0.05466006 0.7763215 2.496748 -0.2053113 1.098915 2.699767 -0.2116289 1.163347 2.291866 -0.05753801 1.396317 2.498396 -0.02738802 1.122776 2.747469 0.1289607 1.364412 2.451546 0.07631119 1.415865 2.791882  O_Gathering_SoClose
-0.03472165 0.8000264 2.253144 -0.1039982 0.7586032 2.339347 -0.3469788 0.8266968 2.506277 -0.2420192 1.004578 2.277258 0.0318773 0.7826305 2.349236 0.1456525 1.053866 2.224545 0.1353354 1.293434 2.030625 -0.05144505 0.8013381 2.480601 -0.2049787 1.100774 2.702432 -0.2135925 1.158512 2.293571 -0.0566483 1.391056 2.498427 -0.02705382 1.123742 2.750564 0.1338675 1.359289 2.452192 0.07977159 1.411839 2.792134  O_Gathering_SoClose
-0.04220162 0.8097315 2.249707 -0.1059201 0.7630171 2.337785 -0.3440239 0.8212501 2.503655 -0.2429896 1.005807 2.278182 0.02823247 0.7962194 2.343946 0.1363667 1.07348 2.221562 0.1249067 1.317559 2.033417 -0.05161605 0.8055675 2.478431 -0.2044969 1.10192 2.701869 -0.213527 1.158307 2.292829 -0.05585645 1.390143 2.497928 -0.02656893 1.12421 2.750308 0.1354171 1.359366 2.452205 0.0812058 1.411394 2.792208  O_Gathering_SoClose
-0.04795192 0.8111324 2.248066 -0.1078104 0.7625995 2.338206 -0.3417626 0.8162149 2.5022 -0.244208 1.005843 2.279418 0.02467896 0.8022591 2.341516 0.1326485 1.084686 2.225803 0.1140117 1.336576 2.048861 -0.05220626 0.8063397 2.477976 -0.2042215 1.102622 2.701003 -0.2134727 1.158706 2.291926 -0.05555914 1.389871 2.497597 -0.02636616 1.124376 2.749949 0.1362423 1.360251 2.452755 0.08195026 1.411611 2.792847  O_Gathering_SoClose
-0.04899482 0.8086432 2.24716 -0.1084975 0.7614741 2.338567 -0.3415284 0.8146685 2.502032 -0.2450735 1.004994 2.279366 0.0235299 0.8026928 2.34122 0.1380162 1.087167 2.236235 0.1073744 1.34803 2.074631 -0.05273436 0.8059177 2.478051 -0.2043197 1.102674 2.700386 -0.2137767 1.158981 2.291345 -0.0560681 1.38981 2.497548 -0.02653633 1.124246 2.749674 0.1361056 1.361688 2.453748 0.08180834 1.412294 2.793952  O_Gathering_SoClose
-0.04836146 0.8067282 2.246797 -0.1085377 0.7609121 2.338602 -0.3419545 0.8147486 2.502027 -0.2454985 1.004395 2.278782 0.02354874 0.801922 2.341537 0.1434689 1.086323 2.243556 0.1070515 1.352286 2.09176 -0.05309276 0.8055676 2.478146 -0.2045739 1.102546 2.700081 -0.2140548 1.159073 2.29107 -0.05654917 1.389794 2.49755 -0.02680985 1.124123 2.749436 0.1358589 1.362682 2.454425 0.08152683 1.412837 2.79469  O_Gathering_SoClose
-0.04803179 0.8022829 2.246802 -0.1093869 0.7588854 2.33923 -0.3430418 0.8151545 2.50168 -0.2460615 1.00298 2.277127 0.02277877 0.7996002 2.342664 0.152744 1.082758 2.25672 0.1112399 1.356391 2.120679 -0.05464516 0.8043233 2.478798 -0.205733 1.102453 2.699169 -0.2145 1.159592 2.290228 -0.05721061 1.389883 2.497351 -0.02795176 1.12404 2.748458 0.1359146 1.364699 2.455824 0.08116432 1.414127 2.796129  O_Gathering_SoClose
-0.04801748 0.7962582 2.247368 -0.1109583 0.7556943 2.340219 -0.3445753 0.8158538 2.501136 -0.2465769 1.001025 2.274827 0.02138205 0.7957582 2.344481 0.1635041 1.07613 2.273821 0.1184216 1.356949 2.154603 -0.05727331 0.8022338 2.479836 -0.2078765 1.102229 2.697715 -0.2149162 1.1605 2.2889 -0.05786286 1.390097 2.496971 -0.03006731 1.123818 2.746902 0.1362842 1.367326 2.458052 0.08060892 1.416057 2.798307  O_Gathering_SoClose
-0.04824851 0.7839805 2.248657 -0.1145357 0.7484117 2.341519 -0.3477136 0.8169641 2.499384 -0.2468688 0.9962201 2.26959 0.01816698 0.7869412 2.348057 0.1823114 1.060471 2.311536 0.1385147 1.351209 2.21849 -0.06342833 0.7968782 2.481447 -0.2143057 1.100317 2.694369 -0.214899 1.162116 2.286012 -0.05901186 1.390558 2.496219 -0.03663425 1.121951 2.744031 0.1364454 1.371077 2.464061 0.07793619 1.420119 2.803795  O_Gathering_SoClose
-0.04683499 0.7722696 2.250679 -0.1160796 0.7407775 2.343047 -0.3500541 0.8168529 2.497405 -0.2458514 0.9908163 2.265056 0.01684727 0.7780508 2.351902 0.1959586 1.045713 2.348994 0.1621592 1.342883 2.273815 -0.06757753 0.7910979 2.483247 -0.2202022 1.097793 2.691111 -0.2133682 1.162778 2.283306 -0.06010846 1.391109 2.495556 -0.04291819 1.119701 2.742022 0.1355228 1.374029 2.470213 0.07345767 1.423999 2.80918  O_Gathering_SoClose
-0.0448995 0.7608324 2.252652 -0.116277 0.7324725 2.344526 -0.3509442 0.8149057 2.496264 -0.2452396 0.9861412 2.262571 0.01681091 0.7687234 2.35505 0.2039362 1.031929 2.374981 0.1819256 1.332831 2.311121 -0.06965546 0.7844371 2.484765 -0.2237181 1.094174 2.688245 -0.2109919 1.163016 2.281216 -0.06047771 1.391817 2.49492 -0.04678098 1.116298 2.740258 0.1337201 1.375788 2.474763 0.0695786 1.427 2.813158  O_Gathering_SoClose
-0.0402181 0.7305546 2.25336 -0.1147268 0.7066081 2.344107 -0.3487418 0.8008968 2.493198 -0.247549 0.9749762 2.259609 0.01861997 0.7409846 2.357304 0.213913 0.9979024 2.401717 0.2104195 1.301423 2.347243 -0.07091568 0.7610639 2.484306 -0.2282635 1.075808 2.684726 -0.2063845 1.161992 2.281404 -0.05959414 1.393518 2.494763 -0.05202709 1.097836 2.739104 0.1239301 1.368848 2.48221 0.06283547 1.429164 2.819667  O_Gathering_SoClose
-0.03641681 0.7005339 2.254151 -0.1130931 0.6799071 2.343953 -0.3456197 0.7843707 2.490332 -0.25093 0.9645582 2.258656 0.02041312 0.7128557 2.359043 0.2196695 0.9658601 2.415869 0.2285205 1.269699 2.363829 -0.07126562 0.7366257 2.48386 -0.2314213 1.055809 2.683213 -0.2030406 1.159777 2.284515 -0.05841063 1.394951 2.495345 -0.0557789 1.077545 2.739594 0.1136686 1.357642 2.488125 0.05777844 1.429162 2.824293  O_Gathering_SoClose
-0.03005712 0.6272845 2.258808 -0.1105742 0.6139346 2.346659 -0.3379238 0.7420785 2.482762 -0.2603479 0.9417453 2.2609 0.02318938 0.6440713 2.364998 0.226884 0.8913729 2.440157 0.2568373 1.194218 2.390236 -0.07216088 0.6766171 2.484992 -0.2372603 1.006748 2.680485 -0.196481 1.152715 2.296291 -0.0557317 1.398162 2.497834 -0.06279461 1.027825 2.740644 0.09267123 1.32709 2.50258 0.04893549 1.427234 2.833195  O_Gathering_SoClose
-0.02724956 0.5586343 2.266587 -0.1104891 0.5522195 2.352675 -0.3318108 0.7019768 2.475181 -0.2685274 0.9192567 2.265676 0.02350088 0.5798199 2.373222 0.2299306 0.8237306 2.458165 0.2746055 1.124989 2.409668 -0.07415275 0.6211956 2.488553 -0.2415805 0.9625246 2.677092 -0.1913065 1.145518 2.310266 -0.05345486 1.401086 2.500939 -0.06800334 0.9829906 2.739969 0.07725193 1.299235 2.517947 0.04345097 1.425346 2.84075  O_Gathering_SoClose
-0.02737526 0.4962837 2.276032 -0.1125021 0.496847 2.360497 -0.3280121 0.6649069 2.469448 -0.2740711 0.893907 2.270056 0.02174033 0.5220556 2.382422 0.2292957 0.7643139 2.474085 0.2839654 1.064333 2.428213 -0.0770909 0.5723221 2.493125 -0.244588 0.9250371 2.671654 -0.1866263 1.139606 2.323552 -0.05191372 1.404093 2.504031 -0.07161264 0.9451301 2.736286 0.06613149 1.277319 2.533602 0.04011561 1.424732 2.847991  O_Gathering_SoClose
-0.0324444 0.4104086 2.293476 -0.1193451 0.4222413 2.375264 -0.325298 0.614467 2.463567 -0.2814098 0.8568619 2.278024 0.01536133 0.4436051 2.398395 0.2237007 0.6848861 2.496259 0.2885647 0.9835885 2.455345 -0.08359627 0.5078533 2.501492 -0.2473413 0.8784533 2.659212 -0.180197 1.133324 2.341238 -0.05032996 1.408895 2.50818 -0.07498376 0.8982098 2.725575 0.05404194 1.25248 2.557503 0.03763362 1.426126 2.858876  O_Gathering_SoClose
-0.04121928 0.3451649 2.310555 -0.1285776 0.3668586 2.389796 -0.3250154 0.5769528 2.460376 -0.2884688 0.830357 2.288451 0.006581502 0.3847317 2.413245 0.215523 0.6257612 2.513913 0.2862461 0.9237698 2.477948 -0.09098463 0.4608022 2.509387 -0.2481405 0.8460833 2.645669 -0.1748186 1.129481 2.35432 -0.04956774 1.413008 2.511158 -0.07597761 0.865693 2.712579 0.04652138 1.23588 2.577084 0.03784611 1.429219 2.866554  O_Gathering_SoClose
-0.05006472 0.2951841 2.322658 -0.1371389 0.3246733 2.399662 -0.3276471 0.546706 2.457594 -0.3005197 0.8106087 2.300345 -0.001608593 0.3395867 2.423037 0.208707 0.5798389 2.525679 0.2840401 0.8773642 2.495545 -0.0971943 0.4247158 2.513402 -0.2470774 0.8207626 2.630678 -0.1696029 1.126201 2.363696 -0.04869423 1.416031 2.512201 -0.0748546 0.8402384 2.697473 0.03856679 1.225212 2.600858 0.0348167 1.429133 2.883081  O_Gathering_SoClose
-0.06843381 0.2266821 2.336549 -0.1533992 0.2667015 2.411117 -0.3397854 0.5023543 2.455848 -0.3360161 0.783622 2.329429 -0.01713268 0.2771029 2.432577 0.1964297 0.5150425 2.537672 0.2777648 0.8119852 2.51995 -0.1078817 0.374037 2.51575 -0.2443789 0.7829109 2.606783 -0.1618756 1.120287 2.383299 -0.0488957 1.42068 2.516242 -0.07117544 0.8020257 2.6711 0.03306808 1.19562 2.603129 0.04054959 1.425872 2.864235  O_Gathering_SoClose
-0.09030221 0.1762674 2.345152 -0.170902 0.2249386 2.419422 -0.3557872 0.4696296 2.460198 -0.3700666 0.7593266 2.355416 -0.0336468 0.2312586 2.435494 0.1854792 0.4666802 2.536463 0.2729801 0.7622313 2.526588 -0.1175243 0.3375016 2.514401 -0.2406224 0.7549812 2.586828 -0.1551599 1.114707 2.402796 -0.04928545 1.4244 2.51922 -0.06500427 0.773717 2.64435 0.03161325 1.163633 2.549301 0.04424276 1.406663 2.798348  O_Gathering_SoClose
-0.1043904 0.1506191 2.350852 -0.1814198 0.2044564 2.425345 -0.3680911 0.4530621 2.469114 -0.3922734 0.7447085 2.371825 -0.04360787 0.2081866 2.4368 0.1781753 0.4428142 2.532578 0.2675999 0.7378753 2.525747 -0.1224623 0.3198069 2.51343 -0.2375691 0.7415222 2.575903 -0.1508288 1.111156 2.413355 -0.04897265 1.426286 2.518199 -0.06008254 0.7600195 2.627458 0.03243484 1.139787 2.494714 0.04843308 1.390845 2.735466  O_Gathering_SoClose
-0.1200948 0.1217659 2.356724 -0.1920923 0.1819748 2.431372 -0.3761689 0.4367254 2.471023 -0.4173549 0.7353475 2.405939 -0.05384515 0.1823043 2.436357 0.1708385 0.4162315 2.523563 0.262051 0.7107909 2.519158 -0.1260226 0.3003529 2.509871 -0.232074 0.7264295 2.561251 -0.1458694 1.10857 2.430439 -0.05063013 1.429641 2.522727 -0.05225651 0.7445176 2.604146 0.03267832 1.102718 2.417379 0.05568405 1.366818 2.643143  O_Gathering_SoClose
-0.1289907 0.09850609 2.361641 -0.1966228 0.1641533 2.435787 -0.3806301 0.4232265 2.475373 -0.4376213 0.7240816 2.438689 -0.05831246 0.1614381 2.435395 0.1681177 0.3950408 2.513958 0.2602383 0.6893293 2.510436 -0.1249066 0.2847794 2.505406 -0.2243543 0.7140259 2.547841 -0.1398073 1.105157 2.445649 -0.05145196 1.431951 2.523576 -0.04282437 0.7315441 2.583076 0.03407057 1.07416 2.36604 0.06430806 1.352378 2.573232  O_Gathering_SoClose
-0.1311255 0.08352017 2.365927 -0.1959828 0.1528718 2.439173 -0.3845243 0.4131476 2.486835 -0.4464755 0.7135881 2.455132 -0.05777596 0.1480697 2.435559 0.1693168 0.3816504 2.507733 0.2616027 0.6758847 2.504012 -0.120884 0.2749009 2.502497 -0.2164875 0.7061251 2.538559 -0.1347312 1.102783 2.45761 -0.05246661 1.433434 2.525263 -0.03401051 0.723082 2.568827 0.03860148 1.05978 2.341308 0.07279183 1.348624 2.532745  O_Gathering_SoClose
-0.1301723 0.07045043 2.371342 -0.1925743 0.1433595 2.443254 -0.386676 0.4036201 2.500447 -0.4499367 0.7035062 2.466183 -0.05454735 0.1365937 2.436927 0.1728519 0.3702456 2.502771 0.2650478 0.6644993 2.498402 -0.1146203 0.2666765 2.500323 -0.2070129 0.6996661 2.529829 -0.1291137 1.100615 2.46862 -0.0533968 1.434665 2.526515 -0.02378212 0.7159532 2.555572 0.04658218 1.050849 2.32471 0.08283247 1.349571 2.499921  O_Gathering_SoClose
-0.1281052 0.06053126 2.377556 -0.1884506 0.1365937 2.447941 -0.3860102 0.3969686 2.511289 -0.449572 0.6964196 2.473919 -0.05063693 0.1281437 2.439384 0.1768001 0.361932 2.499366 0.2686943 0.6562639 2.494017 -0.1082395 0.2610153 2.499188 -0.1981313 0.6954179 2.522581 -0.1240798 1.099121 2.476595 -0.05418573 1.435655 2.526933 -0.01432954 0.7110336 2.544366 0.05789109 1.049503 2.319364 0.09426506 1.357656 2.477372  O_Gathering_SoClose
-0.1243861 0.05022001 2.387866 -0.1823111 0.1303371 2.455741 -0.3826467 0.3911719 2.524909 -0.4450227 0.69022 2.482636 -0.04482345 0.1198393 2.444596 0.1823828 0.3538762 2.496869 0.2736628 0.6483638 2.489844 -0.09962861 0.2561454 2.499062 -0.1868729 0.6920705 2.514599 -0.1183183 1.098053 2.48214 -0.05473546 1.436734 2.526027 -0.002482576 0.7067914 2.531482 0.07406534 1.052296 2.318949 0.1101403 1.372968 2.449776  O_Gathering_SoClose
-0.1209306 0.04411089 2.395806 -0.1773805 0.1270173 2.461541 -0.3791251 0.3881855 2.533908 -0.4404391 0.6870049 2.488575 -0.0401334 0.1151787 2.448878 0.1867315 0.349416 2.495845 0.2774557 0.6440398 2.48746 -0.09329443 0.2537318 2.49914 -0.1790659 0.6905256 2.509311 -0.1145868 1.097581 2.482416 -0.05487011 1.437257 2.523978 0.005634921 0.7046181 2.523043 0.08458413 1.058691 2.326059 0.1205048 1.386332 2.43835  O_Gathering_SoClose
-0.1135012 0.03601122 2.411699 -0.1680061 0.1234097 2.473114 -0.3720316 0.3846285 2.550185 -0.4323985 0.6832062 2.502073 -0.03112773 0.1095246 2.458665 0.1948704 0.3441274 2.497296 0.284469 0.639015 2.486442 -0.08219163 0.2514533 2.50107 -0.1661481 0.6893731 2.502635 -0.1087796 1.097681 2.478796 -0.05496232 1.438393 2.519934 0.018905 0.7024475 2.511905 0.0991158 1.070357 2.342754 0.136959 1.408732 2.415682  O_Gathering_SoClose
-0.1037516 0.0289079 2.430295 -0.1570435 0.1206487 2.486194 -0.3623422 0.3821453 2.565435 -0.4211202 0.6806896 2.515197 -0.02041785 0.1048541 2.47132 0.2044202 0.3397652 2.502607 0.2926689 0.634952 2.489143 -0.07012735 0.2496856 2.504519 -0.1527707 0.688453 2.497138 -0.1028768 1.09776 2.473617 -0.05484764 1.439282 2.515203 0.03248294 0.7004839 2.503295 0.1075571 1.08408 2.370549 0.1500979 1.428082 2.403721  O_Gathering_SoClose
-0.09586732 0.0243578 2.445508 -0.1488472 0.1190263 2.496617 -0.3541587 0.3813632 2.574354 -0.4117739 0.6800424 2.523572 -0.01227693 0.1020387 2.482573 0.2116816 0.3371192 2.509735 0.2989087 0.6325243 2.494515 -0.06150452 0.2485484 2.508282 -0.1434164 0.6877507 2.494545 -0.09863935 1.097704 2.472006 -0.05476389 1.439919 2.512476 0.04191323 0.6990469 2.499727 0.11149 1.087586 2.378897 0.1542221 1.432445 2.40112  O_Gathering_SoClose
-0.08623855 0.01964104 2.464565 -0.1392215 0.1174663 2.509333 -0.3437642 0.3813928 2.582323 -0.4006275 0.6802986 2.53203 -0.002629919 0.09932959 2.497043 0.2203998 0.3345069 2.520385 0.3065343 0.6301401 2.503466 -0.0516157 0.2472779 2.513201 -0.1326776 0.6868644 2.492162 -0.09362923 1.097538 2.472227 -0.05472396 1.440688 2.50975 0.05271753 0.697225 2.496943 0.1159872 1.087824 2.379331 0.1552643 1.433277 2.398497  O_Gathering_SoClose
-0.07357894 0.01492226 2.487929 -0.1269203 0.1159586 2.524364 -0.3301585 0.3816608 2.589501 -0.3865361 0.6808962 2.540641 0.009770649 0.09691215 2.514873 0.2322421 0.3318552 2.535508 0.3175944 0.6276598 2.517645 -0.03925518 0.2456726 2.518896 -0.1190246 0.6857112 2.489243 -0.08720164 1.097204 2.473888 -0.05472372 1.441511 2.506628 0.06645788 0.6945451 2.493686 0.1213901 1.087681 2.380417 0.1563687 1.433793 2.395616  O_Gathering_SoClose
-0.0661196 0.01292586 2.496675 -0.1199345 0.1149535 2.529469 -0.322626 0.3810632 2.590693 -0.3786944 0.6804777 2.54258 0.01686253 0.09589732 2.521678 0.2393273 0.3308096 2.542269 0.3242366 0.6267029 2.523777 -0.03246186 0.2446096 2.520603 -0.1116093 0.685075 2.487795 -0.08368038 1.096947 2.475311 -0.0546302 1.441796 2.505466 0.07392819 0.6927866 2.492028 0.1244738 1.087569 2.382503 0.1572197 1.434013 2.394833  O_Gathering_SoClose
-0.06171821 0.01188827 2.499231 -0.1159669 0.1141359 2.530594 -0.3184065 0.3803077 2.589784 -0.3741297 0.6797998 2.541755 0.02091833 0.09533131 2.523806 0.2434625 0.3303927 2.544964 0.3279791 0.6263536 2.525767 -0.02875428 0.2439015 2.520817 -0.1077971 0.684727 2.487127 -0.08184741 1.096776 2.476337 -0.05452643 1.441883 2.50513 0.07777102 0.6917192 2.491265 0.1261798 1.087486 2.384359 0.1578334 1.434093 2.394821  O_Gathering_SoClose
-0.05426858 0.01021945 2.501578 -0.1095403 0.1124703 2.53109 -0.3113935 0.3787347 2.586408 -0.365792 0.6783016 2.537336 0.02753373 0.09449184 2.526114 0.250243 0.330116 2.54894 0.3337503 0.6262426 2.527965 -0.02306072 0.2426847 2.520781 -0.1024455 0.6842325 2.486099 -0.07925396 1.096511 2.478127 -0.05431537 1.441958 2.504929 0.08316965 0.6899203 2.490122 0.1281889 1.087483 2.388529 0.1590662 1.43425 2.395377  O_Gathering_SoClose
-0.04736934 0.008711457 2.503456 -0.1040189 0.1106838 2.53127 -0.3051475 0.3769385 2.581977 -0.357417 0.6764783 2.530487 0.03327836 0.09403479 2.528182 0.2560366 0.3306708 2.553008 0.3380261 0.6270317 2.529505 -0.01871203 0.2416537 2.520761 -0.09910016 0.6839253 2.485171 -0.07766096 1.096337 2.479547 -0.05420319 1.442004 2.504804 0.08655114 0.688355 2.489111 0.1292309 1.087662 2.393531 0.1603449 1.434466 2.396203  O_Gathering_SoClose
-0.04204712 0.007663369 2.504606 -0.09999739 0.1092361 2.531174 -0.3004746 0.3753781 2.577812 -0.3506053 0.6747991 2.523577 0.03748407 0.09395158 2.529597 0.2601894 0.3316697 2.55615 0.3406322 0.6282411 2.530098 -0.01590197 0.2409885 2.520684 -0.09750424 0.6837977 2.484539 -0.07692938 1.096269 2.480175 -0.05417274 1.442038 2.504669 0.0881675 0.6873242 2.488424 0.1297372 1.087868 2.397649 0.1613211 1.434638 2.396896  O_Gathering_SoClose
-0.02680884 0.005823493 2.506203 -0.08877622 0.1057168 2.529921 -0.2871038 0.3711678 2.564491 -0.3301089 0.6697294 2.500311 0.04911806 0.09494269 2.53244 0.2714386 0.3362691 2.564039 0.3461348 0.6333313 2.528277 -0.008745296 0.2400413 2.520292 -0.09521358 0.6838098 2.483358 -0.07599084 1.096354 2.47985 -0.05428253 1.442197 2.504255 0.09048386 0.6858317 2.487088 0.1304698 1.088218 2.404081 0.1627343 1.434871 2.397861  O_Gathering_SoClose
-0.02312825 0.005643368 2.506307 -0.08609574 0.1050521 2.529419 -0.2837967 0.3702966 2.560925 -0.324891 0.668524 2.493999 0.05186107 0.09542882 2.532965 0.2740977 0.3376478 2.565866 0.3468727 0.634765 2.526757 -0.007114751 0.2400235 2.520173 -0.09501784 0.6838494 2.483192 -0.07597898 1.096403 2.479758 -0.05440764 1.442249 2.504238 0.09068133 0.6858249 2.486861 0.1304547 1.088175 2.40358 0.1625028 1.434854 2.39771  O_Gathering_SoClose
-0.02086393 0.005548358 2.50631 -0.08446638 0.1046457 2.529017 -0.281702 0.3697835 2.558449 -0.3214966 0.6677663 2.489672 0.05351808 0.09574175 2.533291 0.2757365 0.3384879 2.567145 0.346929 0.6356148 2.525292 -0.00613956 0.2400187 2.520081 -0.09489147 0.6838663 2.483099 -0.07598601 1.096427 2.47974 -0.05451439 1.442277 2.504248 0.0908087 0.6858337 2.486719 0.1304272 1.088146 2.403179 0.1623044 1.434845 2.397599  O_Gathering_SoClose
-0.01928167 0.005485415 2.506264 -0.08336835 0.1043617 2.528569 -0.2801548 0.3694731 2.556195 -0.3188688 0.6672568 2.485955 0.05462243 0.09596467 2.533598 0.2769266 0.339012 2.56847 0.346128 0.6361056 2.523182 -0.005489333 0.2400154 2.519983 -0.09471641 0.6838669 2.483027 -0.07598238 1.096436 2.479736 -0.05464087 1.442292 2.504271 0.0909849 0.6858443 2.486586 0.1304068 1.088129 2.402821 0.1620889 1.43485 2.397496  O_Gathering_SoClose
-0.01881431 0.005468011 2.506223 -0.08307992 0.104288 2.528262 -0.2796807 0.3693994 2.55514 -0.3180533 0.6671477 2.484563 0.05489923 0.09602654 2.533809 0.2773583 0.3390664 2.569383 0.3449351 0.6360931 2.52129 -0.00530128 0.240015 2.51993 -0.09458081 0.6838602 2.482996 -0.07596551 1.096435 2.479745 -0.05471478 1.442295 2.504295 0.09112115 0.6858516 2.486512 0.1304077 1.088122 2.402618 0.1619608 1.434858 2.397439  O_Gathering_SoClose
-0.01861672 0.005461097 2.506198 -0.08297364 0.104267 2.528032 -0.2794784 0.3693753 2.554513 -0.3177301 0.6671354 2.483921 0.05499103 0.09604514 2.533981 0.2775997 0.3390144 2.570095 0.3437567 0.6359546 2.519556 -0.005209072 0.2400142 2.519902 -0.09450202 0.6838568 2.482981 -0.07595108 1.096434 2.479756 -0.05474929 1.442297 2.504315 0.09120031 0.6858537 2.486473 0.1304127 1.088116 2.402503 0.1618944 1.434859 2.397412  O_Gathering_SoClose
-0.01853369 0.00545764 2.506192 -0.08293407 0.1042589 2.527918 -0.2793808 0.3693734 2.554186 -0.3175623 0.6671385 2.483576 0.05502232 0.09605217 2.534077 0.2777054 0.3389844 2.570456 0.3429128 0.635857 2.518311 -0.00517158 0.2400135 2.519893 -0.09447168 0.6838551 2.482978 -0.07594679 1.096434 2.479764 -0.05476431 1.442298 2.504327 0.09123082 0.6858541 2.486458 0.1304121 1.088113 2.402456 0.1618649 1.434859 2.397402  O_Gathering_SoClose
-0.01850532 0.005456328 2.506192 -0.08292072 0.1042558 2.527882 -0.2793475 0.3693726 2.554077 -0.3175048 0.6671392 2.483461 0.05503281 0.09605467 2.534112 0.2777394 0.3389771 2.570571 0.3422844 0.6358019 2.517342 -0.005159302 0.2400132 2.519892 -0.09446208 0.6838545 2.482979 -0.07594554 1.096434 2.479768 -0.05476902 1.442298 2.504333 0.09124054 0.6858543 2.486455 0.1304119 1.088112 2.402444 0.1618555 1.434859 2.3974  O_Gathering_SoClose
