-0.05253534 0.07408905 13.11693 -0.1198014 0.1726139 13.12352 -0.3331397 0.4095793 13.18931 -0.3188202 0.6178765 12.96234 0.01844867 0.1680971 13.12547 0.2413782 0.3977767 13.1929 0.2266836 0.6078271 12.96758 -0.04571066 0.2997118 13.06969 -0.1226021 0.7163768 12.9009 -0.1432705 1.112082 12.78444 -0.1615023 1.456203 12.74059 0.06297894 0.7111923 12.90676 0.1266775 1.10212 12.79048 0.1781379 1.444861 12.75688  SA_DodgeSlap_Far
-0.05275468 0.07340682 13.11599 -0.1198561 0.1720173 13.12223 -0.3341691 0.4093493 13.1858 -0.3167017 0.6172599 12.9587 0.01837047 0.1673404 13.12519 0.2409707 0.3968053 13.19461 0.2276997 0.6072377 12.96956 -0.04522602 0.2992028 13.06936 -0.1216676 0.7159439 12.9008 -0.1421116 1.112072 12.78573 -0.1601427 1.45607 12.74086 0.06388493 0.7112268 12.90784 0.1281338 1.101687 12.79029 0.1794052 1.444404 12.75618  SA_DodgeSlap_Far
-0.05394952 0.07196057 13.11434 -0.12074 0.1707419 13.11981 -0.3364634 0.4087608 13.1797 -0.3138374 0.6157517 12.95221 0.01740863 0.1657181 13.125 0.2394444 0.3945211 13.19867 0.2295363 0.6055998 12.97406 -0.04496483 0.2980516 13.0689 -0.1194409 0.7149065 12.9001 -0.139689 1.11204 12.78852 -0.1574387 1.45579 12.74166 0.06598671 0.7108163 12.91017 0.131328 1.100442 12.79047 0.1823502 1.443037 12.75479  SA_DodgeSlap_Far
-0.05557875 0.07097244 13.11328 -0.1221467 0.1698846 13.11809 -0.3384894 0.4084015 13.17587 -0.3129442 0.6145281 12.9479 0.01590659 0.16457 13.12518 0.2375813 0.3926494 13.20241 0.2307555 0.604106 12.97804 -0.04542915 0.2972423 13.06875 -0.1173649 0.7141452 12.89911 -0.1377421 1.112184 12.79083 -0.1553832 1.455734 12.7425 0.0678816 0.7102487 12.91215 0.1340575 1.099322 12.79113 0.185045 1.441738 12.75372  SA_DodgeSlap_Far
-0.05810491 0.06974494 13.11183 -0.1244774 0.1687344 13.11534 -0.3416876 0.4079236 13.16948 -0.3128069 0.610773 12.93899 0.01335605 0.163222 13.12577 0.2338888 0.3904812 13.20896 0.2323298 0.6019564 12.98451 -0.04643701 0.2961986 13.0684 -0.1139787 0.713019 12.89687 -0.1343672 1.11282 12.7953 -0.1514382 1.456125 12.74505 0.07082768 0.7094095 12.91518 0.1382858 1.097755 12.79254 0.1893954 1.439821 12.75221  SA_DodgeSlap_Far
-0.06150864 0.06826735 13.10991 -0.1276652 0.1672857 13.11144 -0.3459472 0.4073125 13.16032 -0.3130858 0.6043458 12.92536 0.00971158 0.1616577 13.12671 0.228106 0.3879782 13.21834 0.234122 0.5991153 12.99365 -0.04796938 0.2949131 13.06785 -0.1090792 0.7115079 12.89344 -0.1299212 1.113722 12.80199 -0.1457044 1.45673 12.74936 0.07481726 0.7082884 12.91939 0.144196 1.095648 12.79472 0.1957726 1.437119 12.75016  SA_DodgeSlap_Far
-0.06420307 0.06713879 13.10864 -0.1303844 0.1658123 13.10706 -0.3504685 0.4067037 13.14665 -0.3145611 0.5906775 12.90176 0.006163852 0.1608967 13.12869 0.2198038 0.3876703 13.23052 0.2354667 0.5974455 13.00501 -0.04940877 0.293834 13.06714 -0.1032986 0.7100112 12.88908 -0.1236486 1.114863 12.80998 -0.1347819 1.45724 12.7523 0.07903065 0.7073862 12.92444 0.1507938 1.093715 12.79794 0.2031133 1.434345 12.74812  SA_DodgeSlap_Far
-0.06708561 0.06610119 13.10796 -0.1331731 0.1642325 13.10232 -0.3555906 0.4062322 13.12755 -0.316246 0.5696573 12.869 0.001975076 0.1604794 13.13161 0.2084864 0.388561 13.24503 0.2361451 0.5965145 13.01899 -0.05106221 0.2927334 13.06646 -0.09626423 0.7084373 12.88432 -0.1168418 1.115852 12.81979 -0.1184348 1.457293 12.75584 0.08358331 0.7063988 12.93072 0.1586664 1.091406 12.80213 0.21238 1.430851 12.74609  SA_DodgeSlap_Far
-0.07054363 0.06546867 13.10889 -0.1362191 0.1625683 13.09707 -0.3613671 0.4058514 13.09569 -0.3171835 0.5295976 12.81668 -0.003692431 0.1610767 13.13672 0.1904858 0.3926114 13.26407 0.2351151 0.597772 13.03819 -0.05324976 0.2917217 13.06583 -0.08697294 0.7068793 12.87879 -0.1087075 1.116806 12.83337 -0.08682983 1.45648 12.76396 0.08861388 0.7053479 12.93935 0.1687946 1.088534 12.80842 0.2251051 1.42615 12.74445  SA_DodgeSlap_Far
-0.07590704 0.06633544 13.11411 -0.1404114 0.1625348 13.09601 -0.3656566 0.4059873 13.05412 -0.3088636 0.4764278 12.7593 -0.01078163 0.1630998 13.14431 0.1712808 0.3987434 13.28041 0.2324484 0.6010764 13.05585 -0.0564178 0.2915689 13.06709 -0.07952677 0.7061197 12.87587 -0.1020524 1.117187 12.84284 -0.05075751 1.455131 12.7809 0.09196033 0.7042287 12.94722 0.1769353 1.08544 12.81357 0.2355161 1.421705 12.74471  SA_DodgeSlap_Far
-0.08631359 0.06899214 13.12219 -0.1480481 0.1644248 13.09599 -0.3619443 0.4024732 12.98815 -0.2748883 0.394026 12.69242 -0.02287589 0.1667092 13.15484 0.1450358 0.4062215 13.29972 0.227486 0.6051214 13.07894 -0.06155543 0.29234 13.06958 -0.07020627 0.7057019 12.87383 -0.09354721 1.117402 12.85076 -0.01337121 1.452992 12.81044 0.09587748 0.7031406 12.95697 0.1874041 1.081116 12.81854 0.2488666 1.416145 12.74625  SA_DodgeSlap_Far
-0.108786 0.07584703 13.1323 -0.1640009 0.171322 13.09527 -0.3179076 0.3781692 12.87286 -0.1674073 0.2501335 12.63608 -0.04690264 0.1733398 13.16889 0.1052156 0.4131521 13.32584 0.2168867 0.6076159 13.11414 -0.07109122 0.2956446 13.07399 -0.05751101 0.7065669 12.87479 -0.07987474 1.118551 12.85625 0.004612701 1.454323 12.82809 0.1018828 0.7028185 12.97009 0.203843 1.074182 12.82144 0.2682059 1.409005 12.75074  SA_DodgeSlap_Far
-0.1254914 0.08080351 13.13106 -0.1753121 0.1770014 13.08817 -0.2558958 0.3460541 12.80462 -0.07143264 0.1588293 12.64329 -0.06525068 0.1772598 13.17198 0.07733043 0.4136353 13.34015 0.2053994 0.6057039 13.13567 -0.07764052 0.2986161 13.07365 -0.04996918 0.7084116 12.87628 -0.0720831 1.120442 12.85848 -0.002529187 1.459043 12.82405 0.1063531 0.70377 12.9765 0.2149686 1.070457 12.82111 0.2800094 1.406138 12.75526  SA_DodgeSlap_Far
-0.1426762 0.08545029 13.11934 -0.1856768 0.1825963 13.07077 -0.1647214 0.3019118 12.75583 0.03751512 0.07897258 12.68871 -0.08636139 0.1806484 13.16705 0.04145016 0.4122673 13.35103 0.1848928 0.6017375 13.15449 -0.08419554 0.3019016 13.06784 -0.0420333 0.7117398 12.87742 -0.06495844 1.123777 12.86085 -0.01512115 1.465385 12.8222 0.1118323 0.7056146 12.98129 0.2265113 1.068322 12.82099 0.2913073 1.405591 12.76356  SA_DodgeSlap_Far
-0.1495529 0.08694756 13.10991 -0.1889287 0.1844517 13.05878 -0.1167981 0.280157 12.74471 0.08784069 0.050717 12.72046 -0.09629212 0.1816939 13.16148 0.02162512 0.4114342 13.35375 0.1715498 0.5995101 13.16074 -0.08674519 0.3031198 13.06292 -0.03830872 0.7136303 12.87786 -0.06210242 1.125666 12.86251 -0.02010242 1.468323 12.82383 0.1146053 0.7065302 12.98306 0.2312551 1.068193 12.82183 0.2954971 1.406413 12.76959  SA_DodgeSlap_Far
-0.1515407 0.08702314 13.10388 -0.1885835 0.1840789 13.0506 -0.08725332 0.2700237 12.74259 0.1245377 0.0459007 12.73801 -0.1014783 0.1822783 13.15806 0.00639643 0.4137874 13.35429 0.1595004 0.6001775 13.16214 -0.08753161 0.3034381 13.0597 -0.03586064 0.7147239 12.8782 -0.06061713 1.126731 12.86365 -0.02233033 1.469865 12.82534 0.1162126 0.7069432 12.98457 0.2338138 1.068187 12.82309 0.2977643 1.406811 12.77317  SA_DodgeSlap_Far
-0.1530158 0.08696234 13.09762 -0.1876901 0.1835697 13.04239 -0.05911897 0.2604564 12.74298 0.1583271 0.04224098 12.75736 -0.1062562 0.1827277 13.15421 -0.008455617 0.4160259 13.35382 0.1478089 0.6006364 13.1625 -0.08806668 0.303666 13.05627 -0.03351001 0.7158319 12.87855 -0.05934481 1.127808 12.86503 -0.02464174 1.471398 12.8274 0.1177477 0.7073526 12.98602 0.2361245 1.06834 12.82453 0.2996914 1.407378 12.77699  SA_DodgeSlap_Far
-0.1513272 0.08616352 13.09424 -0.1844065 0.1817287 13.03727 -0.04213737 0.2575474 12.74482 0.1853273 0.05061388 12.76818 -0.1077697 0.1830974 13.15243 -0.02028017 0.4205025 13.35235 0.1382472 0.6036694 13.1615 -0.08722363 0.3034232 13.0542 -0.03123341 0.716525 12.87877 -0.05841903 1.128455 12.86654 -0.02574269 1.472394 12.83032 0.1185572 0.7077628 12.98826 0.2375115 1.068153 12.82586 0.3007339 1.407378 12.7792  SA_DodgeSlap_Far
-0.1492784 0.08536434 13.09132 -0.1809018 0.1799362 13.0329 -0.02800058 0.2554686 12.74669 0.2082859 0.0598042 12.77818 -0.1087292 0.1833992 13.15087 -0.03082166 0.4246011 13.35052 0.1298303 0.6065575 13.16029 -0.0861802 0.3031759 13.05241 -0.02904586 0.7171552 12.87897 -0.0575134 1.129033 12.86798 -0.02665941 1.473293 12.83325 0.1191858 0.7082413 12.99054 0.2387962 1.067862 12.82693 0.3017056 1.407232 12.7809  SA_DodgeSlap_Far
-0.1467016 0.08464468 13.08942 -0.1772449 0.1783251 13.03009 -0.02109305 0.2561357 12.74727 0.2229063 0.07133675 12.78497 -0.1085389 0.1836627 13.15004 -0.03884707 0.4280283 13.34902 0.1235792 0.6101024 13.16042 -0.08486222 0.3030397 13.05136 -0.02651302 0.7176033 12.87892 -0.05560325 1.129463 12.86892 -0.02590488 1.47402 12.83618 0.1192292 0.7091234 12.99376 0.2408137 1.06664 12.82702 0.303848 1.405947 12.78071  SA_DodgeSlap_Far
-0.1447657 0.0841893 13.08762 -0.174492 0.1773583 13.02783 -0.01643924 0.2567072 12.74719 0.2320432 0.07920194 12.79027 -0.108296 0.1837794 13.14913 -0.04434339 0.4298266 13.34805 0.1192947 0.6124591 13.16104 -0.08379965 0.3030574 13.05053 -0.02444194 0.7179827 12.87884 -0.05371789 1.129843 12.86943 -0.0254635 1.474682 12.83842 0.1191027 0.7100808 12.99646 0.2427093 1.065425 12.82659 0.3058667 1.404694 12.78016  SA_DodgeSlap_Far
-0.1431972 0.08394527 13.08533 -0.1722275 0.1769542 13.0255 -0.01332949 0.2573391 12.7461 0.2371866 0.08425999 12.79501 -0.1079732 0.1837425 13.14783 -0.04823486 0.4300748 13.34772 0.1162248 0.6140667 13.16277 -0.08283167 0.303297 13.04972 -0.02233217 0.7183811 12.87865 -0.05117206 1.130278 12.86947 -0.02512686 1.475461 12.84042 0.1187174 0.7114377 12.99931 0.2450987 1.063806 12.82534 0.3084261 1.403054 12.77899  SA_DodgeSlap_Far
-0.142007 0.08380508 13.08279 -0.1705505 0.1769335 13.02315 -0.01032643 0.2574893 12.74479 0.2401822 0.08589113 12.7987 -0.1077166 0.183521 13.14622 -0.05076997 0.429167 13.34786 0.1137827 0.6146965 13.16454 -0.08210479 0.3036367 13.04893 -0.02077727 0.7188312 12.87862 -0.04897754 1.130773 12.86946 -0.0258585 1.476327 12.84241 0.118213 0.7128632 13.00169 0.2473068 1.062368 12.82397 0.310808 1.401628 12.77795  SA_DodgeSlap_Far
-0.1409083 0.08372355 13.07971 -0.1690775 0.1771934 13.02047 -0.007045371 0.2573442 12.74313 0.2419889 0.08523369 12.80202 -0.1074351 0.1831301 13.14418 -0.0525835 0.4272649 13.34837 0.111488 0.6146878 13.16656 -0.08145516 0.3040922 13.04804 -0.01945613 0.7193822 12.87867 -0.04677061 1.131381 12.86944 -0.02744703 1.477347 12.84477 0.1175498 0.7145218 13.004 0.2496547 1.060865 12.82235 0.3133464 1.400167 12.7769  SA_DodgeSlap_Far
-0.1400279 0.08367264 13.07766 -0.1680731 0.1773928 13.01866 -0.004187806 0.2569927 12.74233 0.2433083 0.0836432 12.804 -0.1071662 0.1828535 13.14275 -0.05371849 0.4257885 13.3489 0.1097817 0.6146098 13.16802 -0.081039 0.3044293 13.04743 -0.01892601 0.719818 12.87878 -0.0455641 1.131854 12.86922 -0.02918403 1.478078 12.8461 0.1170675 0.7156596 13.00523 0.2510183 1.06005 12.82123 0.3146864 1.399461 12.77656  SA_DodgeSlap_Far
-0.1387247 0.08360231 13.07499 -0.1667085 0.1776663 13.0163 -0.0001581739 0.2563876 12.74142 0.2449928 0.08088696 12.80629 -0.1066816 0.1824688 13.14084 -0.05501549 0.4236921 13.34966 0.1075046 0.614446 13.16993 -0.08046727 0.3048815 13.04662 -0.01847873 0.7204363 12.87895 -0.04419325 1.132519 12.8689 -0.03185014 1.479046 12.8479 0.1164151 0.7171631 13.00661 0.2526182 1.059106 12.81972 0.3161369 1.398709 12.77633  SA_DodgeSlap_Far
-0.1376973 0.08354235 13.07389 -0.165802 0.1776938 13.0153 0.002266722 0.256094 12.74144 0.2464916 0.07978415 12.8076 -0.1061738 0.1823368 13.14004 -0.05571572 0.4229159 13.35005 0.1062629 0.6147231 13.17095 -0.08008479 0.3051105 13.04625 -0.0185564 0.7207862 12.87896 -0.04377178 1.132886 12.86836 -0.03406255 1.479569 12.8486 0.1160041 0.7179441 13.00698 0.2530932 1.05898 12.81908 0.3163404 1.398776 12.77682  SA_DodgeSlap_Far
-0.1364177 0.0834595 13.07277 -0.1647196 0.1776842 13.01427 0.004976349 0.2558017 12.7416 0.2482864 0.07868981 12.80897 -0.105478 0.1821955 13.1392 -0.05638055 0.4221154 13.35046 0.1049313 0.6151134 13.17204 -0.07960854 0.3053521 13.04586 -0.01876305 0.721184 12.87896 -0.04343555 1.1333 12.86772 -0.03675721 1.480136 12.84944 0.115536 0.7188019 13.00726 0.2534545 1.058965 12.81839 0.3163194 1.399002 12.77751  SA_DodgeSlap_Far
-0.1352725 0.08353162 13.07306 -0.1640112 0.1776434 13.01453 0.006930368 0.2559686 12.74306 0.2506399 0.0798111 12.81148 -0.1047786 0.1823804 13.13946 -0.0567051 0.4225559 13.35079 0.104628 0.6159032 13.17277 -0.07938604 0.3056352 13.04612 -0.01958738 0.7214825 12.87885 -0.04355625 1.133607 12.86645 -0.03903828 1.480509 12.84878 0.1150305 0.7193703 13.00682 0.2532032 1.059351 12.81781 0.3158127 1.399578 12.77814  SA_DodgeSlap_Far
-0.1346527 0.08360791 13.07358 -0.1637416 0.1776354 13.01509 0.00768532 0.2563567 12.74422 0.2519696 0.08112335 12.81296 -0.1043078 0.1825318 13.13991 -0.0564969 0.4230654 13.35095 0.1048778 0.6163686 13.17291 -0.07931857 0.305806 13.04649 -0.02031718 0.7216334 12.87882 -0.04379563 1.13376 12.86558 -0.04028837 1.480681 12.84805 0.1147101 0.7196287 13.00635 0.2527822 1.05973 12.81748 0.3152176 1.400069 12.77851  SA_DodgeSlap_Far
-0.1343002 0.08371842 13.07445 -0.1637719 0.1776687 13.01605 0.00771548 0.2570781 12.74549 0.2528577 0.08298063 12.81407 -0.1039032 0.1827021 13.14066 -0.05579619 0.4237822 13.35099 0.1056363 0.6166956 13.17258 -0.07937633 0.305948 13.04707 -0.02119915 0.7217137 12.87884 -0.04417882 1.13384 12.86474 -0.04109381 1.480751 12.84694 0.1144231 0.7197275 13.00574 0.2521128 1.060219 12.8173 0.3143851 1.400646 12.77884  SA_DodgeSlap_Far
-0.1340023 0.08387232 13.07569 -0.1640512 0.177771 13.01752 0.007147746 0.2582406 12.74715 0.2534042 0.08537769 12.81485 -0.1033339 0.182879 13.14171 -0.05411236 0.4245851 13.35106 0.1071336 0.6168739 13.17181 -0.07954781 0.3061246 13.04794 -0.02252476 0.7218199 12.879 -0.04475949 1.133946 12.86375 -0.04217414 1.480844 12.84562 0.1140356 0.7197943 13.0049 0.2510529 1.060922 12.81711 0.3131919 1.401419 12.77906  SA_DodgeSlap_Far
-0.1339041 0.08400989 13.07682 -0.1645034 0.1779108 13.01895 0.006128149 0.2594092 12.74853 0.2533076 0.08735228 12.81491 -0.1028242 0.1829866 13.14267 -0.05201302 0.425139 13.35112 0.1088377 0.6167949 13.17085 -0.07978074 0.3062644 13.04875 -0.02379064 0.7219098 12.87926 -0.04532002 1.134035 12.86301 -0.04310803 1.480922 12.84462 0.1136962 0.7197935 13.00414 0.2500029 1.061566 12.81701 0.3121067 1.402079 12.77904  SA_DodgeSlap_Far
-0.1338541 0.08409584 13.07789 -0.1650388 0.1780285 13.02035 0.004644053 0.2608618 12.74984 0.2527077 0.08946335 12.81461 -0.1022775 0.1830217 13.14353 -0.04941479 0.4253873 13.3513 0.110598 0.6165372 13.16974 -0.0800706 0.3063694 13.0495 -0.02507131 0.7220303 12.87962 -0.04585693 1.134154 12.86239 -0.04388301 1.481024 12.84366 0.1133517 0.7197416 13.00346 0.2489504 1.062128 12.81694 0.3111405 1.4026 12.77875  SA_DodgeSlap_Far
-0.1337936 0.08417857 13.07913 -0.1657007 0.1781673 13.02202 0.002464907 0.2623533 12.75107 0.2514406 0.09146607 12.81365 -0.1015715 0.1830302 13.1445 -0.04598061 0.4255084 13.35155 0.1127417 0.616136 13.16832 -0.08042769 0.3064865 13.05037 -0.02660815 0.7222103 12.88014 -0.04650549 1.134327 12.86174 -0.04474716 1.481175 12.84258 0.1129426 0.7196666 13.0027 0.2476859 1.062768 12.81688 0.3100458 1.403159 12.77824  SA_DodgeSlap_Far
-0.133685 0.08419549 13.08017 -0.1661936 0.1782184 13.02339 0.0001493861 0.2639854 12.75191 0.2499222 0.09358978 12.81262 -0.1009346 0.1830088 13.14527 -0.04308383 0.4255037 13.35183 0.1143779 0.6158358 13.16721 -0.08069484 0.3065391 13.05103 -0.02779184 0.7223383 12.88057 -0.04694979 1.134441 12.86111 -0.0452402 1.48126 12.84143 0.1126586 0.7195411 13.00209 0.2466539 1.06325 12.81685 0.3091026 1.403574 12.77777  SA_DodgeSlap_Far
-0.1315845 0.08359957 13.08838 -0.1687825 0.177883 13.03416 -0.02803503 0.2857634 12.75687 0.2283977 0.1209403 12.80359 -0.09431897 0.1821854 13.15067 -0.01986675 0.4241155 13.35355 0.1267222 0.6133427 13.15911 -0.08145879 0.3061452 13.05571 -0.03569691 0.7225192 12.88328 -0.05070732 1.134311 12.85542 -0.04869185 1.480784 12.83039 0.1115765 0.7175501 12.99637 0.2392131 1.066567 12.81665 0.3011929 1.406673 12.775  SA_DodgeSlap_Far
-0.1301915 0.08312201 13.09228 -0.1694792 0.1776326 13.03957 -0.0464894 0.3002 12.75979 0.2137816 0.1395403 12.79922 -0.09042369 0.1814947 13.15302 -0.009003324 0.4229852 13.35379 0.1327977 0.611779 13.15542 -0.08108597 0.3056587 13.05792 -0.0390381 0.7220323 12.8841 -0.05313472 1.133603 12.85271 -0.05103789 1.479873 12.82501 0.1112314 0.7164329 12.99314 0.2360687 1.067948 12.81634 0.2975305 1.408066 12.77403  SA_DodgeSlap_Far
-0.1292953 0.08280325 13.09459 -0.1697684 0.1774831 13.04286 -0.05886428 0.3095188 12.76205 0.2042042 0.152298 12.79646 -0.08796673 0.1810113 13.15436 -0.002726479 0.4221929 13.35382 0.1364809 0.6106935 13.15333 -0.08070926 0.3053129 13.05925 -0.04099653 0.7215892 12.88447 -0.05473189 1.133013 12.85105 -0.05257152 1.479145 12.82169 0.1109184 0.7158137 12.99119 0.2342792 1.068709 12.81612 0.2954946 1.408813 12.77334  SA_DodgeSlap_Far
-0.1279078 0.08228421 13.09751 -0.1699704 0.1772225 13.04726 -0.07705997 0.3222355 12.76568 0.1906106 0.1713734 12.79215 -0.08445768 0.180234 13.15596 0.005867617 0.4209108 13.35366 0.1418156 0.6089212 13.1505 -0.08006637 0.3047746 13.06099 -0.04371307 0.7209194 12.88492 -0.05704032 1.132132 12.84885 -0.05473028 1.478063 12.81722 0.1102993 0.7150425 12.98859 0.2317536 1.069734 12.81583 0.2926652 1.409808 12.77239  SA_DodgeSlap_Far
-0.1263357 0.08165753 13.10018 -0.1699537 0.1768885 13.05155 -0.09700595 0.3350292 12.77019 0.1761487 0.1929088 12.78739 -0.08075635 0.1793057 13.15726 0.01453324 0.4193712 13.35327 0.1475837 0.6067611 13.14764 -0.07927077 0.3041492 13.0626 -0.04649715 0.7201598 12.88532 -0.05948214 1.131153 12.84671 -0.0569158 1.476862 12.81276 0.1094483 0.7143565 12.98606 0.2291039 1.07076 12.81558 0.2897352 1.410791 12.77142  SA_DodgeSlap_Far
-0.124603 0.08096683 13.10233 -0.1696603 0.1764754 13.05533 -0.1166802 0.3465041 12.77538 0.1619508 0.2145174 12.78258 -0.07712595 0.1783228 13.15815 0.02274497 0.4177725 13.35261 0.1531171 0.6045939 13.14476 -0.07839386 0.3035077 13.06393 -0.0491815 0.7194654 12.88571 -0.06185375 1.130249 12.84483 -0.05915181 1.475756 12.8089 0.1085237 0.7137638 12.98368 0.2265249 1.071696 12.81527 0.2869013 1.411701 12.77055  SA_DodgeSlap_Far
-0.1222562 0.08001578 13.10424 -0.1689198 0.1758319 13.0592 -0.1405831 0.3585526 12.78207 0.1448521 0.2419628 12.77566 -0.07279794 0.1770376 13.15868 0.03209193 0.4157529 13.35153 0.1595663 0.6019348 13.14132 -0.07720499 0.3026913 13.06519 -0.05230955 0.7186946 12.88619 -0.06457113 1.129242 12.84289 -0.06183307 1.474545 12.80504 0.1073001 0.7131786 12.98104 0.2234538 1.072704 12.81474 0.2835132 1.412706 12.76959  SA_DodgeSlap_Far
-0.1197441 0.07901406 13.10571 -0.1679349 0.1751238 13.06269 -0.1642257 0.3696367 12.79073 0.1267268 0.2694942 12.7701 -0.06845562 0.1757106 13.15882 0.04127546 0.4136627 13.35007 0.1658251 0.5993726 13.13769 -0.07592402 0.3018615 13.0662 -0.05537568 0.7179816 12.88667 -0.06726633 1.12829 12.84106 -0.06464039 1.473405 12.80154 0.1060385 0.7126465 12.97843 0.2204361 1.073673 12.81418 0.2801932 1.413689 12.76872  SA_DodgeSlap_Far
-0.1149208 0.07729805 13.10677 -0.1653835 0.1737424 13.06685 -0.201724 0.3833241 12.8059 0.09549208 0.3164954 12.7579 -0.0614628 0.1735938 13.15816 0.05487307 0.4104435 13.34728 0.1748368 0.5962982 13.1324 -0.07347666 0.3006035 13.0672 -0.05990545 0.7171216 12.8875 -0.07101379 1.127053 12.83843 -0.06911437 1.471994 12.79738 0.1040134 0.7121723 12.97472 0.2157579 1.075033 12.81271 0.2748133 1.415163 12.76719  SA_DodgeSlap_Far
-0.1097032 0.07568181 13.10697 -0.1623157 0.1724055 13.07019 -0.2374708 0.3941591 12.8258 0.0596108 0.3647277 12.74844 -0.05440794 0.1716148 13.15675 0.06851025 0.4073637 13.34354 0.183485 0.5940143 13.12663 -0.07077686 0.2995092 13.06773 -0.06418304 0.7164698 12.88824 -0.07457511 1.125983 12.83565 -0.07376973 1.470807 12.79359 0.1019354 0.7120548 12.97123 0.2112617 1.076403 12.81091 0.2694848 1.416722 12.76574  SA_DodgeSlap_Far
-0.1052086 0.07443845 13.10653 -0.1594781 0.1713401 13.07228 -0.2645859 0.4005221 12.84489 0.02666034 0.4043423 12.74356 -0.04866753 0.1701109 13.15509 0.07953139 0.4049991 13.33982 0.1901842 0.5927678 13.12164 -0.06841098 0.2987276 13.06781 -0.06744234 0.7160658 12.88876 -0.07728915 1.125212 12.83329 -0.07759683 1.469987 12.79082 0.1002443 0.7121972 12.96856 0.2077409 1.077501 12.80918 0.2651672 1.418029 12.76457  SA_DodgeSlap_Far
-0.1009012 0.07338989 13.1059 -0.1567244 0.1704592 13.07418 -0.2885272 0.4050424 12.86625 -0.008564992 0.4422332 12.74238 -0.04321079 0.1688038 13.15323 0.09060521 0.402825 13.33551 0.1965332 0.5920045 13.1162 -0.06615351 0.298118 13.06779 -0.07048343 0.7157673 12.88923 -0.07983784 1.124503 12.83073 -0.08143894 1.469258 12.78812 0.09858491 0.7124812 12.96609 0.2045124 1.078477 12.80725 0.2611803 1.41923 12.76338  SA_DodgeSlap_Far
-0.09650747 0.07247651 13.10512 -0.1538852 0.1697096 13.07607 -0.3102754 0.4079379 12.89051 -0.04833917 0.4805222 12.74481 -0.03771047 0.167623 13.15114 0.1024618 0.400745 13.33025 0.2028496 0.5917798 13.10995 -0.06386773 0.2976469 13.06772 -0.07347374 0.7155367 12.88968 -0.08236711 1.123782 12.82778 -0.08553897 1.468549 12.78536 0.09686537 0.7129271 12.9637 0.2013776 1.079347 12.8049 0.2572436 1.420359 12.76203  SA_DodgeSlap_Far
-0.09162585 0.07164216 13.10411 -0.1508032 0.1690954 13.07849 -0.3325241 0.4098245 12.92312 -0.09915309 0.5238849 12.75688 -0.03142647 0.1664252 13.14834 0.1172854 0.3983161 13.32273 0.21007 0.5918628 13.10129 -0.06145255 0.2973098 13.06761 -0.07723545 0.71542 12.89024 -0.08557247 1.122948 12.82371 -0.09079818 1.467758 12.78185 0.09461959 0.7135447 12.9607 0.1974954 1.080425 12.80189 0.2525226 1.42174 12.76037  SA_DodgeSlap_Far
-0.08776473 0.07119071 13.1034 -0.1485028 0.1688801 13.08114 -0.3481237 0.4103937 12.95492 -0.1463354 0.559769 12.77582 -0.02620856 0.165594 13.14572 0.131409 0.396181 13.31454 0.2159994 0.5924016 13.09218 -0.05974798 0.2972651 13.0677 -0.08087961 0.7154605 12.89087 -0.08874564 1.122153 12.81936 -0.09607159 1.467034 12.77841 0.09234776 0.7141526 12.95789 0.1937817 1.081365 12.79893 0.2481854 1.42294 12.75875  SA_DodgeSlap_Far
-0.08527963 0.07105708 13.10317 -0.1471481 0.1689564 13.08375 -0.3570955 0.4105345 12.98048 -0.1803083 0.5827706 12.79557 -0.0225368 0.1651368 13.14371 0.1426973 0.394603 13.30718 0.2198687 0.5930639 13.08411 -0.05886845 0.2974036 13.06798 -0.08416925 0.7156336 12.8916 -0.09161447 1.121539 12.81571 -0.1004175 1.466474 12.77551 0.0902815 0.714555 12.95538 0.1901912 1.082319 12.79673 0.2441958 1.424093 12.75772  SA_DodgeSlap_Far
-0.08270399 0.071118 13.1033 -0.1458739 0.16932 13.08782 -0.364716 0.4106364 13.01374 -0.2191816 0.6069159 12.82559 -0.01832144 0.1647497 13.14117 0.1573754 0.3926426 13.29638 0.223787 0.5941818 13.0726 -0.05826686 0.2977648 13.06864 -0.08894686 0.7159986 12.8929 -0.09592639 1.120687 12.81072 -0.1064329 1.465689 12.77152 0.08721592 0.7149639 12.95178 0.1847204 1.083773 12.79406 0.2383531 1.42579 12.7567  SA_DodgeSlap_Far
-0.08081852 0.07133877 13.10411 -0.1448017 0.1697152 13.09148 -0.3674449 0.4106915 13.03686 -0.2403075 0.6170062 12.84614 -0.01517807 0.1647463 13.13954 0.1681005 0.3918396 13.28737 0.2258298 0.5953102 13.06293 -0.05784367 0.298105 13.06923 -0.09287672 0.7163295 12.89403 -0.09980999 1.120021 12.80708 -0.1112324 1.465019 12.7681 0.08478035 0.715022 12.94823 0.1793323 1.085485 12.7926 0.232759 1.427667 12.75648  SA_DodgeSlap_Far
-0.07904379 0.07159221 13.10503 -0.1436773 0.1701204 13.09509 -0.3683672 0.4106799 13.05817 -0.2570699 0.6240961 12.86536 -0.01226578 0.1648184 13.13798 0.1779146 0.3912597 13.27825 0.2272545 0.5964435 13.05337 -0.05745576 0.2984396 13.06977 -0.09670465 0.7166552 12.89519 -0.103856 1.119333 12.80368 -0.1160439 1.464311 12.76475 0.08234002 0.7149867 12.9446 0.1738885 1.08724 12.79147 0.2272263 1.429559 12.75653  SA_DodgeSlap_Far
-0.07693742 0.07189178 13.10629 -0.1420889 0.1704998 13.09863 -0.3677765 0.4105356 13.07658 -0.2690778 0.6271517 12.88051 -0.009194357 0.1650679 13.13667 0.186781 0.3913397 13.26923 0.2282835 0.5976742 13.04383 -0.05672811 0.2987319 13.07016 -0.1001913 0.7168816 12.89612 -0.1080178 1.118648 12.80074 -0.1209053 1.463585 12.76167 0.08012034 0.7148226 12.94067 0.1683325 1.089106 12.79056 0.2216181 1.431507 12.75635  SA_DodgeSlap_Far
-0.07027303 0.07272792 13.11012 -0.1364236 0.1713958 13.10761 -0.36152 0.4101351 13.11834 -0.290489 0.626954 12.91086 -0.0006259512 0.1660523 13.13345 0.2074113 0.3929467 13.24509 0.2294848 0.6010391 13.01856 -0.05392311 0.2993305 13.07064 -0.1084733 0.7171662 12.89807 -0.1194095 1.116767 12.79427 -0.1340605 1.461531 12.75431 0.0745417 0.7140074 12.92965 0.1538795 1.09396 12.78913 0.2070557 1.436466 12.75582  SA_DodgeSlap_Far
-0.06630222 0.07312095 13.11207 -0.1328357 0.1717539 13.11175 -0.3564229 0.409969 13.1363 -0.2982517 0.624725 12.92275 0.003936486 0.1666228 13.13185 0.2164081 0.3942488 13.23301 0.2294478 0.6027496 13.00616 -0.05206363 0.2995154 13.07059 -0.1120247 0.717112 12.89877 -0.1250049 1.115793 12.79172 -0.1404936 1.460438 12.75105 0.07194902 0.713451 12.9241 0.1470906 1.096205 12.78899 0.199991 1.438763 12.75577  SA_DodgeSlap_Far
-0.06225822 0.0734756 13.1138 -0.1290896 0.1720803 13.11566 -0.3502956 0.4098303 13.15371 -0.3053897 0.6225258 12.93496 0.008408682 0.1671376 13.13005 0.2247912 0.395437 13.22066 0.2289465 0.6043617 12.99386 -0.05021177 0.2996502 13.07044 -0.1154997 0.7170036 12.8995 -0.1306884 1.114747 12.7893 -0.1470249 1.459263 12.74787 0.0692106 0.7128303 12.91864 0.1405885 1.098225 12.7891 0.1932333 1.440827 12.75593  SA_DodgeSlap_Far
-0.05749999 0.07380462 13.11546 -0.1245978 0.1723633 13.11963 -0.3424313 0.4096894 13.17144 -0.3123411 0.6202411 12.94813 0.01341047 0.1676507 13.12792 0.2332707 0.3966676 13.20723 0.2281162 0.6061442 12.98096 -0.04797248 0.2997159 13.07013 -0.1189914 0.7167267 12.90014 -0.1367853 1.113487 12.78683 -0.1540267 1.457813 12.74421 0.06626649 0.7120765 12.91277 0.1335603 1.100297 12.78965 0.1856091 1.44297 12.75626  SA_DodgeSlap_Far
-0.05280564 0.07407522 13.11686 -0.1200654 0.1726013 13.12332 -0.3336736 0.4095844 13.18835 -0.3184883 0.6180049 12.96155 0.01817902 0.1680752 13.12561 0.2409558 0.3977211 13.19369 0.2267762 0.6077402 12.96831 -0.04583196 0.2997141 13.06972 -0.1224063 0.7163976 12.90086 -0.1429139 1.112162 12.78456 -0.1610904 1.456293 12.74078 0.06316359 0.7112431 12.90709 0.1270406 1.10203 12.79043 0.1785322 1.444767 12.75684  SA_DodgeSlap_Far
