0.007710533 0.04648197 6.843308 -0.06559919 0.13478 6.878097 -0.2009753 0.3573321 6.747776 0.008096354 0.1605715 6.635162 0.07259424 0.1410798 6.878476 0.2964558 0.387725 6.888617 0.2564494 0.2583421 6.611554 -0.002943737 0.2782933 6.882457 -0.116036 0.719675 6.902577 -0.176069 1.128138 6.891243 -0.2163983 1.470653 6.932845 0.06950237 0.7275754 6.906406 0.1470762 1.097419 6.740269 0.2039463 1.427325 6.644481  SA_HookPunch_Close
0.004406231 0.04603469 6.844828 -0.0684654 0.1345185 6.879986 -0.2041557 0.3558024 6.748918 0.00480886 0.1581029 6.637759 0.0697418 0.1405048 6.879541 0.2955484 0.3855684 6.885973 0.2532148 0.2521824 6.611164 -0.005460722 0.2778955 6.883759 -0.1174289 0.719564 6.903731 -0.1762615 1.128169 6.891281 -0.215586 1.470869 6.932325 0.06814475 0.7270572 6.906521 0.1457528 1.097156 6.740968 0.2030046 1.426634 6.643942  SA_HookPunch_Close
-0.002017362 0.0441246 6.847918 -0.07399724 0.1329643 6.88395 -0.2111521 0.3513603 6.751603 -0.002780063 0.151665 6.642927 0.06421258 0.1383778 6.881502 0.2938963 0.3798759 6.879205 0.2455931 0.2382681 6.609542 -0.01035957 0.2760911 6.886339 -0.1201647 0.7183008 6.906221 -0.1762572 1.127225 6.891746 -0.2133233 1.470381 6.931039 0.06545956 0.7250174 6.906461 0.143098 1.096103 6.743147 0.20102 1.424827 6.643984  SA_HookPunch_Close
-0.006444735 0.04227149 6.850293 -0.0777704 0.131353 6.887067 -0.2167024 0.3473779 6.75402 -0.009072108 0.14615 6.646761 0.06041129 0.1364037 6.882874 0.29278 0.3749753 6.873174 0.2390911 0.2273328 6.6078 -0.0137435 0.2743208 6.888288 -0.1220757 0.71689 6.908281 -0.175913 1.12607 6.892523 -0.211145 1.469623 6.929989 0.06355621 0.7230839 6.906284 0.1412147 1.094934 6.74473 0.1995481 1.422998 6.64364  SA_HookPunch_Close
-0.01017527 0.04048586 6.852735 -0.08085923 0.129711 6.890492 -0.2228542 0.3429517 6.756997 -0.01659481 0.1399859 6.650369 0.05724927 0.1345321 6.884163 0.2917062 0.3702501 6.866262 0.2317122 0.2174041 6.605219 -0.01660429 0.2725817 6.890275 -0.1237962 0.715427 6.910564 -0.1754716 1.124849 6.893881 -0.208927 1.468839 6.928887 0.06179597 0.7212361 6.90573 0.1393911 1.094324 6.747024 0.1979973 1.421845 6.644343  SA_HookPunch_Close
-0.01820235 0.03623748 6.858654 -0.087332 0.1257031 6.899066 -0.2377176 0.3320994 6.765282 -0.03563289 0.1245401 6.659506 0.05042549 0.130055 6.887184 0.2893111 0.3580987 6.848906 0.2128093 0.1943433 6.599033 -0.02275131 0.2683722 6.895113 -0.1275039 0.7117952 6.916162 -0.1745133 1.121695 6.897532 -0.2040191 1.466655 6.925914 0.05777105 0.7167993 6.903927 0.1355475 1.093112 6.753119 0.1946411 1.41941 6.646886  SA_HookPunch_Close
-0.02415536 0.03279591 6.863897 -0.09184484 0.1223875 6.907043 -0.2510267 0.3225026 6.774446 -0.05366741 0.1104417 6.668677 0.04532107 0.1264246 6.889537 0.2859709 0.3481573 6.832097 0.1941001 0.1751715 6.593895 -0.02728687 0.264917 6.899402 -0.1302409 0.7087355 6.921418 -0.1738818 1.118943 6.901417 -0.2003908 1.464639 6.922994 0.05440517 0.7131889 6.901732 0.1324341 1.092535 6.758863 0.1913397 1.417753 6.649267  SA_HookPunch_Close
-0.03058223 0.02875888 6.87045 -0.09616576 0.1185362 6.917535 -0.2685014 0.3103083 6.789588 -0.07836394 0.09223485 6.682821 0.03966506 0.1222507 6.891584 0.2794176 0.335916 6.807005 0.1666691 0.1495306 6.58871 -0.03210865 0.2609134 6.904644 -0.1329757 0.7051185 6.928771 -0.1732769 1.115593 6.907306 -0.1967071 1.461996 6.918719 0.05017068 0.7090135 6.89805 0.128372 1.092299 6.766215 0.1854193 1.416103 6.651568  SA_HookPunch_Close
-0.03450624 0.02597928 6.874886 -0.09819762 0.1159637 6.925133 -0.2817007 0.3015655 6.804079 -0.09796457 0.07909608 6.695194 0.03603448 0.1195457 6.891874 0.2718773 0.3269991 6.785172 0.1437607 0.1289999 6.586459 -0.03498153 0.2582728 6.908027 -0.134388 0.7026646 6.934859 -0.173083 1.113237 6.91233 -0.1950452 1.459911 6.915223 0.04692848 0.7062749 6.894699 0.1251282 1.092317 6.771167 0.1792656 1.415235 6.652672  SA_HookPunch_Close
-0.0371 0.02404833 6.877813 -0.09910135 0.114184 6.930559 -0.2916309 0.295097 6.816625 -0.1133172 0.06940103 6.70539 0.03350599 0.1177667 6.89132 0.2638581 0.3206122 6.767166 0.125421 0.1133082 6.585605 -0.036853 0.2564878 6.910173 -0.1352287 0.7009595 6.939656 -0.1727883 1.111568 6.915895 -0.1938844 1.458289 6.912202 0.04421957 0.7044441 6.891827 0.1229061 1.092421 6.774839 0.1745335 1.41511 6.654615  SA_HookPunch_Close
-0.03919159 0.02250743 6.880151 -0.09949528 0.1127746 6.935179 -0.300289 0.2894609 6.828969 -0.1271667 0.06095231 6.715302 0.03132077 0.1164207 6.890333 0.2548749 0.3151884 6.750345 0.1085502 0.09935677 6.585692 -0.03835509 0.2551029 6.911826 -0.1358059 0.6996096 6.944059 -0.1724663 1.110215 6.918889 -0.1930316 1.456852 6.909194 0.04157885 0.703037 6.889065 0.1211655 1.092573 6.778019 0.1704137 1.415338 6.657002  SA_HookPunch_Close
-0.04144613 0.02096701 6.882695 -0.09930675 0.111349 6.940647 -0.3102705 0.2828125 6.845757 -0.1444694 0.05076814 6.728398 0.0287955 0.1151749 6.888566 0.2411081 0.3093715 6.728986 0.08707364 0.08317447 6.586814 -0.03988365 0.2537552 6.913627 -0.1361803 0.6982376 6.949781 -0.1722155 1.108742 6.922166 -0.192639 1.45511 6.905254 0.03809001 0.7017091 6.885599 0.1191015 1.092684 6.780816 0.1656657 1.415894 6.659926  SA_HookPunch_Close
-0.04390935 0.01969111 6.88547 -0.09820782 0.1101637 6.947138 -0.321365 0.2749894 6.86892 -0.1658073 0.03845286 6.74661 0.02566882 0.1143298 6.885701 0.2197426 0.3032372 6.702291 0.0599254 0.06450546 6.590176 -0.041445 0.252722 6.91558 -0.1361232 0.6970968 6.957271 -0.172218 1.107313 6.925737 -0.1933755 1.453093 6.9 0.03331407 0.7007534 6.88125 0.116674 1.092884 6.782824 0.1605157 1.416969 6.663263  SA_HookPunch_Close
-0.04543231 0.01923966 6.887008 -0.09635125 0.1097002 6.951715 -0.3282872 0.2700834 6.889576 -0.182922 0.03011751 6.761541 0.02340402 0.1142552 6.882612 0.1991664 0.3003401 6.681621 0.03784515 0.05275965 6.593394 -0.04209856 0.2524374 6.916736 -0.135185 0.6966248 6.963602 -0.1730779 1.106321 6.927714 -0.1960904 1.451509 6.896259 0.02965196 0.7006175 6.878078 0.1140475 1.092977 6.781459 0.157797 1.41845 6.665698  SA_HookPunch_Close
-0.04750947 0.01978028 6.888911 -0.09205984 0.1101226 6.958516 -0.3359592 0.2635497 6.92737 -0.2081188 0.01975 6.788352 0.01943042 0.1154569 6.876792 0.1596068 0.2978231 6.65072 0.001457052 0.0378269 6.600768 -0.04261981 0.25322 6.918272 -0.1323078 0.6969944 6.974413 -0.1761174 1.105299 6.930336 -0.204228 1.449337 6.891327 0.02351977 0.7017288 6.873433 0.1082029 1.093717 6.775569 0.1541427 1.421442 6.667246  SA_HookPunch_Close
-0.04924838 0.02427924 6.889216 -0.08194105 0.1140608 6.965954 -0.3308042 0.2643701 6.991976 -0.2385094 0.01884985 6.829775 0.01280345 0.1211087 6.8654 0.08710279 0.3021113 6.614819 -0.05689005 0.0294019 6.614597 -0.04156224 0.2579451 6.918968 -0.1237492 0.7007461 6.991177 -0.1854289 1.104865 6.932369 -0.2245004 1.447347 6.88932 0.01504232 0.7072078 6.867902 0.09244753 1.097422 6.757697 0.147718 1.428416 6.664768  SA_HookPunch_Close
-0.04973803 0.03362167 6.88543 -0.06942718 0.1223747 6.96795 -0.3015039 0.2825955 7.051821 -0.2601015 0.04559028 6.858891 0.005199211 0.1317009 6.851842 0.01358552 0.3174006 6.598614 -0.1099433 0.03635848 6.627947 -0.03933231 0.2672671 6.916557 -0.1124405 0.708782 7.0044 -0.1979233 1.106158 6.931192 -0.2457212 1.447831 6.890579 0.007767038 0.7173969 6.863058 0.07268782 1.106087 6.740141 0.1436548 1.43878 6.665798  SA_HookPunch_Close
-0.05008278 0.04162693 6.881453 -0.06183998 0.1296554 6.966403 -0.2741539 0.3007994 7.082553 -0.272977 0.0760994 6.871327 -3.023022E-06 0.1404796 6.84313 -0.02662931 0.3314614 6.598052 -0.1371543 0.04571867 6.633261 -0.03808759 0.2751851 6.91351 -0.1052711 0.7158727 7.009876 -0.2062846 1.108198 6.929552 -0.2572899 1.449774 6.892159 0.003658431 0.7257942 6.859751 0.06175991 1.113845 6.731516 0.1448324 1.445964 6.667926  SA_HookPunch_Close
-0.05047755 0.05392015 6.875042 -0.05251221 0.1410683 6.961682 -0.2309684 0.3286471 7.11692 -0.2917982 0.1327549 6.886631 -0.006672366 0.1537613 6.831779 -0.07009397 0.3531656 6.605644 -0.168614 0.06267178 6.637448 -0.03658042 0.2873632 6.907972 -0.09604339 0.7270035 7.013861 -0.2175238 1.112073 6.927034 -0.2703996 1.453934 6.895269 -0.001290245 0.7385113 6.854516 0.04866745 1.125671 6.720295 0.1483109 1.455317 6.668796  SA_HookPunch_Close
-0.05034165 0.06906939 6.866642 -0.04260097 0.1553447 6.953627 -0.1745029 0.3599831 7.1467 -0.3114546 0.216242 6.910712 -0.01306419 0.1698915 6.819264 -0.1061508 0.3792486 6.621332 -0.2003102 0.08623886 6.640921 -0.03461603 0.3023603 6.900115 -0.08618514 0.7409104 7.014494 -0.2306369 1.116979 6.923496 -0.2830311 1.459519 6.899097 -0.006194634 0.7540056 6.847366 0.03382178 1.140023 6.706679 0.1521765 1.465213 6.668063  SA_HookPunch_Close
-0.04885392 0.08268404 6.858573 -0.03434662 0.1684226 6.945224 -0.1218706 0.3833165 7.164748 -0.3227293 0.3049855 6.944232 -0.01629267 0.1840274 6.80896 -0.1241864 0.4021068 6.638017 -0.2225582 0.1098776 6.643448 -0.03212814 0.315817 6.892208 -0.07879709 0.7536905 7.01124 -0.2420967 1.121758 6.919404 -0.2920161 1.465119 6.902517 -0.009142561 0.7677453 6.839623 0.02113576 1.153002 6.694489 0.1545809 1.473455 6.6671  SA_HookPunch_Close
-0.04644398 0.09232628 6.852624 -0.02846573 0.1779037 6.939064 -0.08500956 0.3967984 7.172676 -0.3235005 0.3725479 6.978662 -0.01643924 0.1937364 6.802163 -0.1278191 0.4176657 6.648293 -0.2331837 0.1278608 6.64431 -0.02957521 0.3253495 6.886156 -0.07466559 0.7629991 7.006511 -0.2503715 1.125549 6.91563 -0.2978693 1.469505 6.905038 -0.01012145 0.7773739 6.832934 0.01300396 1.162405 6.685899 0.1562281 1.479204 6.666571  SA_HookPunch_Close
-0.04142801 0.1047831 6.844497 -0.02054851 0.1903735 6.930882 -0.03742407 0.4114215 7.176929 -0.3082055 0.4601499 7.037607 -0.01365612 0.2059526 6.793597 -0.1220841 0.4361062 6.654934 -0.2396508 0.1512995 6.641986 -0.02514951 0.3376518 6.877696 -0.07088475 0.7752639 6.997639 -0.2606454 1.131234 6.909032 -0.3037814 1.475925 6.908049 -0.01001923 0.789691 6.822742 0.003797131 1.174626 6.674291 0.1583967 1.486517 6.665868  SA_HookPunch_Close
-0.03601126 0.1133736 6.838562 -0.01461087 0.1991187 6.92525 -0.005057318 0.4198335 7.17605 -0.2841932 0.5172619 7.08831 -0.0087205 0.2141175 6.787854 -0.109656 0.4473385 6.651414 -0.23704 0.1669624 6.635075 -0.02087687 0.3460994 6.871415 -0.06965624 0.7838728 6.989216 -0.267197 1.135991 6.902236 -0.3064862 1.481066 6.909507 -0.008457048 0.7980453 6.814415 -0.001071615 1.182931 6.66538 0.1601525 1.491565 6.665512  SA_HookPunch_Close
-0.02939497 0.1204406 6.833503 -0.009241087 0.2063968 6.920872 0.02038606 0.4258223 7.173045 -0.2556694 0.5585246 7.137115 -0.00129704 0.2206068 6.783496 -0.09078096 0.4547149 6.638818 -0.2267035 0.1783996 6.622105 -0.01598261 0.352981 6.866023 -0.07002328 0.7910431 6.980038 -0.2717173 1.140993 6.893844 -0.3073766 1.486165 6.909919 -0.005294962 0.8047333 6.806474 -0.003127856 1.189437 6.656803 0.162096 1.495823 6.665582  SA_HookPunch_Close
-0.02231268 0.1257993 6.82995 -0.004869027 0.2119576 6.918035 0.03804888 0.4292619 7.169688 -0.2279163 0.5851272 7.178409 0.00766887 0.2254047 6.780925 -0.06912117 0.4574903 6.619529 -0.2103876 0.1837395 6.605081 -0.01094626 0.3581446 6.862061 -0.07167451 0.7965203 6.971105 -0.2737503 1.146086 6.884248 -0.3062528 1.49109 6.908531 -0.0008053015 0.8096378 6.799912 -0.003286047 1.193744 6.648718 0.162943 1.49924 6.66569  SA_HookPunch_Close
-0.01474146 0.1303314 6.826758 -0.0007318686 0.2166691 6.915536 0.0535924 0.4303893 7.166082 -0.1952446 0.6047128 7.218988 0.01755752 0.2293665 6.779002 -0.04366587 0.4572468 6.597871 -0.1897718 0.1859159 6.586166 -0.005662544 0.3624423 6.858382 -0.07378267 0.8010817 6.961543 -0.2751614 1.150776 6.873591 -0.3050306 1.495289 6.906642 0.004414873 0.8136348 6.793528 -0.002749367 1.196779 6.64006 0.1632337 1.501825 6.665451  SA_HookPunch_Close
-0.003922028 0.1341113 6.822731 0.003330963 0.2204745 6.911956 0.06282695 0.4280956 7.160946 -0.1610373 0.6182274 7.254979 0.03256299 0.2328457 6.777309 -0.002559168 0.4489131 6.561637 -0.1534937 0.1800053 6.558216 0.001515107 0.3659617 6.853896 -0.07796286 0.8044534 6.948821 -0.2728388 1.157574 6.859918 -0.3000489 1.500902 6.905302 0.01324316 0.8169975 6.787496 -0.0007526706 1.198125 6.629542 0.1599897 1.505032 6.66444  SA_HookPunch_Close
0.009490089 0.1359171 6.816506 0.006775038 0.222002 6.905299 0.06364705 0.4197563 7.154875 -0.1294485 0.6233557 7.282815 0.05131014 0.2349176 6.774964 0.06127318 0.4291408 6.520889 -0.1000689 0.1663873 6.5267 0.009828882 0.3675247 6.84738 -0.0839632 0.8050469 6.932392 -0.2680964 1.164315 6.845237 -0.2918412 1.505456 6.906336 0.02468635 0.8188515 6.782371 0.004838722 1.196441 6.616734 0.1571331 1.506545 6.660207  SA_HookPunch_Close
0.02092345 0.1349105 6.810006 0.008788304 0.2204722 6.897328 0.05577089 0.4090289 7.149502 -0.1170345 0.6193414 7.294466 0.06715514 0.2346343 6.772709 0.1270132 0.4056867 6.497225 -0.04882727 0.152449 6.504652 0.01657994 0.3663682 6.84081 -0.08910476 0.8025007 6.917635 -0.2643142 1.167118 6.834383 -0.2880402 1.505873 6.907563 0.03457572 0.8183445 6.779963 0.01292713 1.192538 6.607006 0.1562501 1.506221 6.655059  SA_HookPunch_Close
0.02931781 0.1322826 6.803524 0.009531813 0.2172419 6.888915 0.04314705 0.3992436 7.144288 -0.1211152 0.6128138 7.294332 0.07868536 0.2328835 6.770128 0.1827827 0.3860497 6.489953 -0.007312817 0.1432163 6.48996 0.02121045 0.3636695 6.834478 -0.09317403 0.7984098 6.905547 -0.2601919 1.168344 6.829205 -0.2851314 1.505022 6.911059 0.04169985 0.816398 6.779107 0.02111049 1.188461 6.601487 0.1555896 1.505754 6.651369  SA_HookPunch_Close
0.03813269 0.1276069 6.795477 0.009772198 0.2117517 6.877891 0.02440025 0.3870466 7.136481 -0.1357617 0.6011205 7.290195 0.090854 0.2292396 6.767179 0.2459235 0.3642629 6.495583 0.04010506 0.1353357 6.477268 0.02596916 0.3588848 6.826605 -0.09728138 0.7920508 6.890896 -0.2545001 1.168201 6.824805 -0.2828207 1.502538 6.914749 0.04928042 0.8124923 6.778632 0.03176828 1.182659 6.596771 0.1549421 1.50448 6.64685  SA_HookPunch_Close
0.05086996 0.1170199 6.781372 0.009619014 0.1997018 6.857352 -0.01314686 0.366546 7.118105 -0.1785285 0.5770331 7.271245 0.10817 0.2202669 6.762473 0.3371657 0.3330981 6.531136 0.1151185 0.129649 6.464744 0.03279336 0.3480831 6.81278 -0.1022193 0.7788832 6.866127 -0.2443424 1.164173 6.822228 -0.2819153 1.495091 6.920998 0.06000193 0.8030027 6.778926 0.05053027 1.171497 6.593115 0.1537534 1.500902 6.638777  SA_HookPunch_Close
0.05855771 0.1062851 6.768587 0.00746985 0.1877602 6.837471 -0.05468712 0.3491131 7.095069 -0.2351334 0.5523397 7.240828 0.1191884 0.2105904 6.759145 0.3898908 0.3209493 6.579432 0.172016 0.1345662 6.465869 0.03667392 0.3371794 6.800569 -0.104337 0.7669877 6.844676 -0.2293306 1.159905 6.820863 -0.2759465 1.488783 6.92255 0.06811567 0.7926937 6.780638 0.06826176 1.162273 6.59675 0.1540774 1.49737 6.636664  SA_HookPunch_Close
0.06895395 0.08995819 6.748726 0.005416172 0.170073 6.804302 -0.120632 0.3225247 7.044697 -0.3300903 0.5139753 7.16545 0.1325744 0.1950264 6.755874 0.4375808 0.3098887 6.666214 0.2505957 0.1426461 6.486852 0.0426351 0.3206143 6.782103 -0.1024306 0.7502489 6.813022 -0.2045992 1.150275 6.823761 -0.2649918 1.476879 6.925527 0.07966937 0.7760019 6.786985 0.09441526 1.14505 6.602622 0.155067 1.487267 6.623995  SA_HookPunch_Close
0.07458676 0.08000946 6.735192 0.005101161 0.1597434 6.781003 -0.1620462 0.3069462 7.000608 -0.3905015 0.4915828 7.09455 0.1384323 0.1848786 6.754016 0.4460065 0.3070705 6.723566 0.2914071 0.146449 6.510484 0.04618122 0.3105139 6.769981 -0.09847133 0.7408893 6.793741 -0.1883921 1.14245 6.828926 -0.2541879 1.468838 6.927999 0.08570762 0.7649512 6.792919 0.1111454 1.134068 6.609865 0.1591091 1.478886 6.616797  SA_HookPunch_Close
0.07846148 0.07100618 6.720314 0.005047517 0.151311 6.756495 -0.2029736 0.2915417 6.94919 -0.4505276 0.4684461 6.999483 0.1413392 0.1744274 6.751254 0.4377581 0.3080566 6.77456 0.3229541 0.1497937 6.536071 0.04982277 0.3014226 6.758062 -0.09070919 0.7335269 6.778683 -0.171561 1.134498 6.835781 -0.2386752 1.460755 6.934399 0.09246899 0.753845 6.801802 0.1266586 1.123555 6.621388 0.163192 1.469751 6.613527  SA_HookPunch_Close
0.08294232 0.06281114 6.704436 0.007349329 0.1443067 6.730519 -0.2382057 0.278489 6.886345 -0.4947464 0.4496077 6.882767 0.1431668 0.1640282 6.747895 0.4172312 0.3080153 6.8224 0.3488611 0.1509303 6.565974 0.05420955 0.2929935 6.745916 -0.08121638 0.7270209 6.765002 -0.1573487 1.124939 6.845252 -0.2235525 1.450995 6.945143 0.09776922 0.7423554 6.812231 0.1416088 1.112189 6.634172 0.1703663 1.458276 6.608776  SA_HookPunch_Close
0.0899889 0.053563 6.683504 0.01441862 0.1377023 6.698852 -0.2754107 0.263497 6.791704 -0.5258599 0.4169259 6.69767 0.1452484 0.1501769 6.742039 0.3829765 0.3105913 6.866737 0.3700437 0.1548893 6.600854 0.06277116 0.2830052 6.731864 -0.06478314 0.7193934 6.754128 -0.1461615 1.110912 6.857401 -0.2130291 1.436137 6.959534 0.1058625 0.7270872 6.827083 0.1591262 1.09965 6.657484 0.1828614 1.443703 6.609402  SA_HookPunch_Close
0.0996408 0.04599345 6.662858 0.02620448 0.1333799 6.669305 -0.2926487 0.2502193 6.674195 -0.4956671 0.3747493 6.478279 0.1476383 0.1366594 6.735489 0.3427301 0.3142719 6.897037 0.3805626 0.1579844 6.633888 0.07361104 0.2738655 6.719873 -0.0468602 0.7119462 6.748226 -0.1392227 1.096816 6.866204 -0.2097383 1.420491 6.970782 0.1127017 0.7113212 6.843311 0.173184 1.08735 6.684102 0.1982078 1.42708 6.611956  SA_HookPunch_Close
0.1080349 0.04085159 6.650519 0.03618367 0.1300656 6.653923 -0.284462 0.2392653 6.573111 -0.4154083 0.3219378 6.306417 0.15057 0.1264733 6.731641 0.3204623 0.3187139 6.907015 0.3783586 0.1613337 6.648202 0.08276267 0.2667093 6.714747 -0.03407214 0.7052348 6.748901 -0.1304449 1.090498 6.8623 -0.2096736 1.411357 6.969287 0.1189931 0.6997905 6.853987 0.1804847 1.079718 6.704731 0.2087569 1.415558 6.617211  SA_HookPunch_Close
0.1177179 0.03593612 6.63818 0.04577162 0.1259135 6.640671 -0.2275804 0.228366 6.439972 -0.2262213 0.2591594 6.133121 0.1531298 0.1153815 6.727276 0.3035254 0.3176786 6.911253 0.366668 0.1663513 6.650069 0.09143294 0.2584389 6.710619 -0.02181558 0.6972326 6.750718 -0.1200704 1.084602 6.854958 -0.2065092 1.4044 6.959509 0.1263049 0.6875937 6.862382 0.1876245 1.072862 6.727432 0.2227276 1.404604 6.627616  SA_HookPunch_Close
0.1227167 0.03619957 6.631033 0.04893764 0.1255136 6.633201 -0.1404482 0.207763 6.3517 -0.02107803 0.206396 6.067348 0.1524502 0.1119875 6.723972 0.3044476 0.3080959 6.911874 0.3518802 0.1694367 6.640529 0.09353204 0.2561967 6.707188 -0.01692198 0.6955841 6.74874 -0.1143688 1.08531 6.84462 -0.2024114 1.406556 6.943225 0.1289703 0.6838306 6.863102 0.1927192 1.071242 6.73562 0.2332111 1.401722 6.633681  SA_HookPunch_Close
0.125486 0.03792214 6.624824 0.05171897 0.127008 6.6252 -0.07451813 0.2043693 6.319542 0.1132644 0.1931829 6.075166 0.151094 0.1121212 6.720281 0.3071282 0.2978108 6.912061 0.3421021 0.1659228 6.635498 0.09387363 0.2568393 6.702061 -0.0146309 0.6969532 6.742512 -0.1109164 1.0876 6.835782 -0.1984652 1.409858 6.931481 0.1273523 0.6832315 6.861483 0.1949558 1.070306 6.734967 0.2373234 1.401116 6.634876  SA_HookPunch_Close
0.1287357 0.04027462 6.619054 0.05642678 0.1295339 6.616877 -0.02733873 0.2072808 6.306159 0.201923 0.1869553 6.100894 0.1507026 0.1137122 6.716872 0.307746 0.2900734 6.912719 0.3357023 0.1596202 6.634681 0.09511586 0.2587792 6.696498 -0.01225643 0.6995353 6.734704 -0.1080297 1.090237 6.828269 -0.1951445 1.412846 6.923182 0.1241906 0.6839032 6.859761 0.1953883 1.06984 6.731749 0.2376215 1.401337 6.633903  SA_HookPunch_Close
0.1334847 0.0419426 6.6166 0.06315513 0.1313878 6.612157 -0.008947296 0.2151955 6.301625 0.228514 0.1849931 6.107183 0.1529843 0.1154393 6.716146 0.3058388 0.2903575 6.915056 0.337881 0.1553155 6.639663 0.09827621 0.2605184 6.693598 -0.01008223 0.7013769 6.727961 -0.1067062 1.091274 6.823977 -0.1949983 1.413018 6.920719 0.1208471 0.6853064 6.85873 0.195472 1.069236 6.726697 0.2370208 1.400985 6.629412  SA_HookPunch_Close
0.1420872 0.04533815 6.613733 0.07486887 0.1348466 6.605845 0.01765056 0.2290618 6.296273 0.2610237 0.1826912 6.112624 0.1573921 0.1190584 6.715745 0.3025371 0.2927207 6.919594 0.3429956 0.1505454 6.64894 0.1039961 0.2640153 6.689558 -0.006154878 0.7049584 6.71663 -0.105441 1.093104 6.816929 -0.1970323 1.412871 6.917101 0.1153821 0.688688 6.85615 0.1965894 1.068929 6.717493 0.2368973 1.401194 6.621456  SA_HookPunch_Close
0.1567115 0.04999733 6.615757 0.09156848 0.1386049 6.603875 0.03288855 0.2483478 6.292858 0.2615624 0.1886203 6.094746 0.1667869 0.1249843 6.719175 0.2987792 0.3032467 6.929946 0.360819 0.1555116 6.666451 0.1136506 0.2690092 6.687827 -0.0002084802 0.7095937 6.701195 -0.1072864 1.094106 6.807306 -0.2084018 1.40915 6.913119 0.1103299 0.6956736 6.849819 0.2010302 1.070509 6.702594 0.2369231 1.404581 6.611184  SA_HookPunch_Close
0.163042 0.05195022 6.618 0.09773345 0.139902 6.60473 0.03500612 0.2542026 6.292125 0.2566222 0.1922011 6.086821 0.1712125 0.1276393 6.721296 0.297913 0.3085172 6.935125 0.3703774 0.1622708 6.673466 0.1178373 0.2711172 6.687912 0.002625899 0.7115158 6.695436 -0.1091171 1.09424 6.803189 -0.2155216 1.406966 6.910679 0.110002 0.6989875 6.846482 0.2041496 1.071753 6.696197 0.2371679 1.406878 6.607603  SA_HookPunch_Close
0.1705056 0.0543052 6.621045 0.1043565 0.1413964 6.606501 0.03596671 0.2587944 6.291865 0.2533859 0.1936597 6.083074 0.1769499 0.1308068 6.723783 0.2978606 0.3158754 6.939775 0.3815939 0.1723288 6.679991 0.1231995 0.2736465 6.688328 0.006550508 0.7138252 6.689992 -0.1121102 1.094188 6.798705 -0.2257977 1.403988 6.907207 0.1120824 0.7029691 6.842461 0.2090954 1.074013 6.689756 0.2381191 1.41061 6.605448  SA_HookPunch_Close
0.174418 0.05528486 6.622743 0.107656 0.1418948 6.607626 0.0360892 0.2602969 6.291987 0.2525327 0.1935245 6.0827 0.1800989 0.1322027 6.72508 0.2980746 0.3197483 6.941791 0.387426 0.1779503 6.68292 0.1261262 0.2747065 6.688624 0.008762317 0.7147658 6.687481 -0.1138614 1.093795 6.796453 -0.2316118 1.401977 6.905232 0.1138378 0.7047944 6.840325 0.2120301 1.075125 6.686646 0.2387912 1.412533 6.604868  SA_HookPunch_Close
0.1794503 0.05613637 6.624752 0.1117286 0.1421347 6.609557 0.03650315 0.2609061 6.293656 0.2562527 0.190482 6.089064 0.1849287 0.1334138 6.726616 0.3001159 0.3254477 6.94101 0.3933476 0.182514 6.684139 0.1303826 0.2755373 6.689535 0.01137425 0.7152222 6.686536 -0.11661 1.092719 6.794661 -0.2388014 1.399461 6.902609 0.1177771 0.70648 6.838535 0.2149558 1.07707 6.684836 0.2394111 1.415165 6.605203  SA_HookPunch_Close
0.1860991 0.05575764 6.62761 0.1170923 0.1408763 6.612895 0.03656592 0.2601306 6.297895 0.2615263 0.1821223 6.101898 0.1920289 0.133479 6.728942 0.3051057 0.3319424 6.937687 0.4003435 0.1853148 6.683651 0.1362815 0.2750334 6.691472 0.01422019 0.713922 6.686895 -0.119957 1.08972 6.793417 -0.2457642 1.395643 6.899521 0.123565 0.7071338 6.836892 0.2168711 1.079097 6.684115 0.2390754 1.417673 6.605879  SA_HookPunch_Close
0.1910302 0.05498552 6.630199 0.121041 0.1393708 6.616355 0.03527709 0.2594923 6.303402 0.2639507 0.1727451 6.115543 0.1980707 0.1331673 6.731095 0.3116173 0.336517 6.933679 0.4052123 0.1860058 6.681308 0.1408803 0.2741594 6.69368 0.01560904 0.7121421 6.688519 -0.1220659 1.087078 6.793608 -0.2479904 1.39367 6.897617 0.1281667 0.7072166 6.836195 0.2159555 1.081373 6.685518 0.2373488 1.419984 6.607206  SA_HookPunch_Close
0.19538 0.05384648 6.633226 0.1244459 0.1375052 6.620521 0.03188868 0.2594343 6.310902 0.263141 0.1623943 6.131422 0.2041703 0.1327566 6.733475 0.3205185 0.3401564 6.929591 0.4096944 0.1866164 6.677445 0.1450927 0.2730373 6.69632 0.01610454 0.7099349 6.690899 -0.1235664 1.084482 6.794734 -0.2471501 1.392897 6.896129 0.1323179 0.7070858 6.835772 0.212809 1.084415 6.688981 0.234243 1.422899 6.610135  SA_HookPunch_Close
0.1985039 0.05244553 6.637018 0.1264016 0.1353568 6.625628 0.02579625 0.260399 6.320918 0.2590146 0.1524788 6.150418 0.2097244 0.1325732 6.736022 0.3321494 0.3430641 6.926238 0.4139429 0.189821 6.671422 0.1480934 0.2718756 6.699336 0.01471193 0.707496 6.694103 -0.1243726 1.082374 6.797529 -0.2431561 1.393456 6.896485 0.1353294 0.7069669 6.835358 0.209437 1.086933 6.692049 0.232428 1.424755 6.610835  SA_HookPunch_Close
0.2007402 0.05138481 6.640189 0.1275491 0.1336365 6.629976 0.02080275 0.2617295 6.329906 0.2551697 0.1456022 6.166523 0.2139946 0.1325816 6.737973 0.341781 0.3456126 6.923072 0.4171986 0.1933149 6.665736 0.1500923 0.2710009 6.701834 0.0129626 0.7055111 6.697017 -0.1250236 1.080868 6.800175 -0.2396838 1.394159 6.897004 0.1373044 0.7069255 6.834998 0.2076641 1.088284 6.693511 0.2312041 1.425795 6.611167  SA_HookPunch_Close
0.2032705 0.05014038 6.644509 0.1284443 0.1314354 6.636033 0.01433124 0.264215 6.34302 0.2495766 0.1379588 6.188662 0.2192597 0.1328514 6.740377 0.3546643 0.3493072 6.918148 0.4210961 0.1992245 6.657061 0.1520928 0.2699745 6.705231 0.009780185 0.7029136 6.701364 -0.1258867 1.079216 6.804154 -0.234825 1.39546 6.897939 0.1392172 0.7069761 6.834522 0.2066784 1.089107 6.693708 0.2300984 1.426597 6.611247  SA_HookPunch_Close
0.2058824 0.04870296 6.649294 0.1289083 0.1286867 6.64336 0.007832246 0.2701101 6.361199 0.2431864 0.1339173 6.215709 0.2251457 0.1331793 6.742634 0.3692286 0.3544325 6.909839 0.4248732 0.2069706 6.644767 0.1538206 0.2686249 6.709219 0.005126374 0.6995567 6.707242 -0.1269578 1.077467 6.80879 -0.2292788 1.39718 6.898166 0.1408162 0.7068519 6.833878 0.205713 1.089994 6.694616 0.2283971 1.428025 6.614191  SA_HookPunch_Close
0.2075998 0.04794133 6.652671 0.1292001 0.1269907 6.648636 0.003999667 0.2721492 6.373376 0.2397608 0.1294785 6.234923 0.2290443 0.1336299 6.744157 0.3785906 0.3582939 6.903383 0.4267534 0.2124337 6.635971 0.1548844 0.2678819 6.712124 0.00182076 0.6973744 6.711652 -0.1277931 1.076504 6.811831 -0.2260137 1.398477 6.89762 0.1416747 0.7069414 6.833516 0.204909 1.090651 6.695053 0.2270422 1.42903 6.615948  SA_HookPunch_Close
0.2093073 0.0469625 6.657076 0.1291235 0.1247524 6.656034 -0.0005948971 0.2781626 6.39269 0.2340165 0.1273555 6.261076 0.2338382 0.1342026 6.745938 0.3901332 0.3633885 6.893044 0.4279285 0.219658 6.622826 0.15591 0.2668563 6.716281 -0.002877099 0.6943718 6.718662 -0.1287137 1.075475 6.816133 -0.2219124 1.400316 6.896545 0.1426219 0.7069694 6.833436 0.2031934 1.091327 6.69558 0.2243232 1.430073 6.617786  SA_HookPunch_Close
0.2101103 0.04618919 6.66114 0.1285641 0.1229153 6.663058 -0.00453834 0.2841117 6.411535 0.2279772 0.125883 6.285014 0.2375185 0.1348113 6.747466 0.3993492 0.3675869 6.882732 0.4274329 0.225751 6.610338 0.1563725 0.2660617 6.720299 -0.007226272 0.6918246 6.725815 -0.1292807 1.074964 6.820059 -0.2184613 1.402158 6.895323 0.1432356 0.707094 6.833655 0.2017319 1.091904 6.696167 0.2220221 1.431033 6.619829  SA_HookPunch_Close
0.2093824 0.04520798 6.6681 0.1260935 0.1204144 6.675304 -0.0108922 0.2940493 6.444756 0.2161647 0.1234684 6.324527 0.2415955 0.1360354 6.74982 0.4117413 0.373623 6.864056 0.4227717 0.2342601 6.589172 0.1557012 0.2651477 6.727424 -0.01456027 0.688308 6.739202 -0.129622 1.075228 6.826545 -0.2127655 1.405941 6.8928 0.1436551 0.7076392 6.834574 0.1997673 1.092791 6.697048 0.2190989 1.432613 6.6236  SA_HookPunch_Close
0.2080122 0.04490745 6.67186 0.1240313 0.1194477 6.681933 -0.01408963 0.2987987 6.462543 0.2092311 0.1216409 6.344855 0.2426405 0.1368263 6.750978 0.4167957 0.3764366 6.853755 0.4184841 0.2377831 6.578297 0.1546034 0.2649372 6.731318 -0.01835762 0.6869559 6.74676 -0.1295863 1.075927 6.829853 -0.2097513 1.408333 6.891121 0.1435736 0.7081621 6.835248 0.1990377 1.093243 6.697264 0.2182003 1.433415 6.625402  SA_HookPunch_Close
0.2044574 0.04470813 6.676299 0.1197892 0.1187108 6.689831 -0.01962243 0.3042258 6.484004 0.1987921 0.1207569 6.366778 0.2418302 0.1377409 6.75213 0.4216071 0.3792418 6.840944 0.4114854 0.2400036 6.565962 0.1518067 0.264956 6.735961 -0.02274434 0.6862166 6.756201 -0.1303426 1.077193 6.834523 -0.2077063 1.411272 6.890027 0.1433233 0.708994 6.836228 0.1990132 1.093642 6.69713 0.2183513 1.434287 6.627598  SA_HookPunch_Close
0.2014033 0.04481363 6.679696 0.1163452 0.1184865 6.695847 -0.02410804 0.3069952 6.499092 0.1907703 0.1185529 6.383228 0.2407107 0.1386173 6.752989 0.42444 0.3813369 6.83116 0.4054544 0.2413857 6.557011 0.1494315 0.26525 6.739511 -0.02583174 0.686096 6.763414 -0.1311639 1.07837 6.838252 -0.2069097 1.413482 6.889596 0.1430538 0.7098799 6.836991 0.1991156 1.09406 6.696755 0.2187289 1.435042 6.628972  SA_HookPunch_Close
0.1963561 0.0450772 6.683774 0.111009 0.1185859 6.703023 -0.03070228 0.3104079 6.516988 0.1800808 0.1171554 6.401526 0.2378937 0.1396438 6.753955 0.4267318 0.3833531 6.819443 0.3970618 0.2420139 6.546959 0.1456027 0.2658478 6.743742 -0.02932457 0.6866348 6.772079 -0.1325195 1.080066 6.843756 -0.2069436 1.416018 6.891406 0.142631 0.7111639 6.837891 0.1993674 1.09461 6.695927 0.2192833 1.436102 6.630853  SA_HookPunch_Close
0.1903916 0.04557574 6.688268 0.1049594 0.1190819 6.710641 -0.03803078 0.3135051 6.534821 0.1690715 0.1159977 6.419899 0.2341145 0.1408366 6.755172 0.4279157 0.3851591 6.808035 0.3877915 0.242637 6.537513 0.1411567 0.2667762 6.748282 -0.03270487 0.6877507 6.780997 -0.1341872 1.082183 6.849548 -0.207834 1.418723 6.89417 0.1420437 0.7128063 6.838761 0.1995532 1.095388 6.694791 0.2199668 1.437383 6.63258  SA_HookPunch_Close
0.1846888 0.04620683 6.692371 0.09934439 0.1198391 6.717367 -0.04480515 0.3159758 6.549673 0.1596834 0.1154461 6.435306 0.2301976 0.1419888 6.756406 0.428078 0.3865205 6.798767 0.3793922 0.2431763 6.530091 0.1369546 0.2678398 6.752325 -0.03544543 0.6891645 6.788619 -0.1358168 1.084311 6.854644 -0.2091669 1.421166 6.89733 0.141409 0.7144801 6.839444 0.1996312 1.096236 6.69358 0.2206296 1.438645 6.633891  SA_HookPunch_Close
0.17721 0.04695284 6.697677 0.09213324 0.1209038 6.725561 -0.05396722 0.3180827 6.566059 0.1487155 0.1155523 6.452003 0.2246695 0.1432976 6.75827 0.4270807 0.3877076 6.789541 0.3697189 0.244264 6.522636 0.1314027 0.2691935 6.757323 -0.03877602 0.691102 6.797401 -0.1377133 1.087035 6.860832 -0.2104995 1.424224 6.901813 0.1401888 0.7165732 6.840114 0.1992529 1.097413 6.69221 0.2213077 1.440211 6.635188  SA_HookPunch_Close
0.1620819 0.04768443 6.708732 0.07779439 0.122442 6.741827 -0.07302509 0.3197105 6.595517 0.1280731 0.1157827 6.481147 0.2126925 0.1449919 6.762594 0.4226991 0.3887854 6.774738 0.3514957 0.2461307 6.51076 0.1199059 0.2711561 6.767352 -0.04548107 0.6943136 6.813861 -0.1413101 1.091659 6.87309 -0.2123372 1.429682 6.910095 0.1364476 0.7198725 6.841252 0.197196 1.099108 6.689947 0.2223014 1.442374 6.637161  SA_HookPunch_Close
0.156102 0.04777288 6.71326 0.07218851 0.1228833 6.74826 -0.08073561 0.319677 6.60633 0.1201592 0.1158253 6.491467 0.207709 0.1454079 6.764511 0.4202919 0.3889059 6.769928 0.3445927 0.246677 6.506974 0.1152548 0.2717195 6.771365 -0.04819642 0.6953748 6.820089 -0.1426664 1.093247 6.877947 -0.2128165 1.431672 6.912899 0.1345093 0.7209023 6.841734 0.1959016 1.099572 6.689276 0.2225219 1.442913 6.637738  SA_HookPunch_Close
0.1479395 0.04772806 6.719565 0.06453528 0.1233643 6.756884 -0.09164111 0.3189518 6.619684 0.1091849 0.1157454 6.503565 0.2006424 0.1457462 6.767426 0.4164077 0.388921 6.765152 0.3359654 0.2471789 6.503345 0.1087646 0.2723112 6.776867 -0.05212418 0.6966448 6.828131 -0.1443493 1.095236 6.884649 -0.2129487 1.434341 6.915884 0.131301 0.7220342 6.842696 0.1932927 1.100138 6.68908 0.2222263 1.443436 6.638508  SA_HookPunch_Close
0.1367064 0.04752231 6.728549 0.05411162 0.1238954 6.768783 -0.106469 0.3177267 6.637289 0.09411462 0.1155366 6.518997 0.1906422 0.1459355 6.772082 0.4102424 0.3885945 6.760186 0.324374 0.2468824 6.500092 0.09972294 0.2729118 6.784737 -0.05768667 0.6981878 6.838941 -0.1464426 1.097697 6.894528 -0.212775 1.437756 6.919703 0.1262735 0.7232422 6.84464 0.1882375 1.100749 6.689552 0.2204241 1.443775 6.639104  SA_HookPunch_Close
0.1292761 0.04730093 6.734655 0.04727401 0.1241685 6.776683 -0.1161932 0.3168012 6.648628 0.08415724 0.1153706 6.528657 0.1838871 0.1459099 6.775483 0.4057513 0.3881768 6.757661 0.3167889 0.2461647 6.498774 0.09368618 0.2731881 6.790093 -0.06144474 0.6990904 6.845971 -0.1476771 1.099184 6.901324 -0.2125025 1.439836 6.922013 0.1226431 0.723852 6.846221 0.1841955 1.101063 6.690251 0.2185328 1.443806 6.639299  SA_HookPunch_Close
0.1230329 0.0470854 6.739888 0.04157533 0.1243527 6.783173 -0.1244631 0.316092 6.657622 0.07533379 0.1153601 6.535575 0.1781827 0.1457428 6.778913 0.4012352 0.3878518 6.756835 0.3106355 0.2445394 6.499235 0.08862676 0.273319 6.794832 -0.06469028 0.699749 6.851708 -0.1478895 1.100399 6.907675 -0.2106188 1.441678 6.924031 0.1194085 0.7241882 6.848259 0.1788926 1.101509 6.691754 0.214394 1.44387 6.639061  SA_HookPunch_Close
0.1140035 0.04669189 6.747628 0.03336819 0.1245475 6.792646 -0.1362482 0.3151015 6.670724 0.06264044 0.1153624 6.545604 0.1698662 0.1453675 6.784158 0.3942733 0.3872718 6.756047 0.301652 0.2417197 6.500429 0.08130457 0.2734039 6.801847 -0.06933419 0.7006212 6.859971 -0.14845 1.102123 6.915756 -0.2084888 1.444113 6.926326 0.114667 0.7245313 6.851402 0.1709768 1.102085 6.694283 0.2079652 1.443838 6.638747  SA_HookPunch_Close
0.107538 0.04634619 6.753456 0.02747949 0.1246419 6.799451 -0.1444512 0.314635 6.679799 0.05357434 0.1154544 6.552439 0.1638907 0.1449243 6.788596 0.388409 0.386948 6.756789 0.295587 0.2387398 6.502776 0.07609846 0.2733591 6.807207 -0.07254396 0.7012104 6.865746 -0.1499711 1.10348 6.918273 -0.2089374 1.445716 6.926713 0.1113659 0.7246141 6.854302 0.164644 1.102584 6.697129 0.2022922 1.443802 6.638812  SA_HookPunch_Close
0.09945692 0.04583025 6.760821 0.02009757 0.1247069 6.807858 -0.154341 0.3143336 6.69089 0.0426388 0.1157835 6.56095 0.1563819 0.1442487 6.79437 0.3804031 0.3867006 6.758466 0.2881844 0.2348905 6.506367 0.06958367 0.2732159 6.813938 -0.07648955 0.7019011 6.872685 -0.152201 1.105105 6.920321 -0.2099759 1.447582 6.927057 0.1072844 0.724596 6.85807 0.1568819 1.103164 6.701131 0.1950036 1.443703 6.639265  SA_HookPunch_Close
0.09328188 0.04536164 6.766502 0.01440676 0.1247189 6.814104 -0.1614754 0.3144923 6.69891 0.03479226 0.1163237 6.567321 0.1506162 0.1436179 6.799036 0.373482 0.3867788 6.76071 0.2828646 0.231883 6.509911 0.06459732 0.2730322 6.819088 -0.07943337 0.7024066 6.877618 -0.1542902 1.106304 6.920491 -0.2112619 1.448916 6.927217 0.1042591 0.7244744 6.861137 0.1511666 1.103596 6.704708 0.1893438 1.443622 6.640112  SA_HookPunch_Close
0.08699282 0.0448302 6.772362 0.008584993 0.124705 6.820354 -0.1683006 0.3150791 6.706784 0.02734055 0.1172398 6.573774 0.1447228 0.1429538 6.8039 0.3660072 0.3870713 6.76364 0.277597 0.2293483 6.513818 0.05945923 0.272817 6.824271 -0.08256213 0.7028922 6.882249 -0.1564853 1.107423 6.920521 -0.2124358 1.450191 6.927825 0.1010597 0.7243193 6.864209 0.1463216 1.103881 6.708364 0.18479 1.443314 6.640885  SA_HookPunch_Close
0.07638247 0.04381406 6.782634 -0.001300557 0.1246309 6.830788 -0.1786061 0.3172802 6.719486 0.01619412 0.1198362 6.584667 0.1347538 0.1418115 6.812586 0.3524525 0.3881109 6.770511 0.2691173 0.2267568 6.521263 0.05063613 0.2724088 6.833029 -0.08825593 0.7036532 6.889113 -0.1604376 1.109116 6.920167 -0.2142176 1.452179 6.929626 0.09531148 0.7240217 6.869373 0.1405362 1.103979 6.714484 0.1802066 1.4422 6.641818  SA_HookPunch_Close
0.0696512 0.04309177 6.789948 -0.007580383 0.124557 6.837815 -0.1840762 0.3197883 6.727739 0.0101852 0.1224775 6.59195 0.1284598 0.1411076 6.818936 0.3434806 0.389128 6.776875 0.2639706 0.2269609 6.526906 0.04493811 0.2721412 6.839028 -0.09231178 0.7041001 6.892939 -0.1634609 1.110063 6.919526 -0.2158179 1.453304 6.93039 0.09128805 0.7238638 6.872889 0.1382489 1.103754 6.71835 0.1790599 1.441009 6.641925  SA_HookPunch_Close
0.06537922 0.0426259 6.794945 -0.01155297 0.1245314 6.84241 -0.186822 0.3220093 6.733016 0.006986039 0.1247113 6.596563 0.1245257 0.1406649 6.823448 0.3379197 0.3898741 6.782203 0.2606844 0.2283309 6.53112 0.0413418 0.2719846 6.843068 -0.09500484 0.7044039 6.89501 -0.1656538 1.110627 6.918814 -0.2171575 1.453952 6.931015 0.08867402 0.723788 6.875316 0.1373452 1.103442 6.720729 0.1790415 1.440002 6.641755  SA_HookPunch_Close
0.06146784 0.04222572 6.799639 -0.01518439 0.1245419 6.846654 -0.1890374 0.3242908 6.737844 0.004321711 0.1269724 6.600785 0.120947 0.1402881 6.827744 0.3328725 0.3906107 6.787533 0.2576446 0.2300605 6.535206 0.03805842 0.2718712 6.846843 -0.09750764 0.7047082 6.89677 -0.1677464 1.111142 6.918047 -0.218474 1.454531 6.931633 0.08626319 0.7237486 6.877605 0.1367168 1.103114 6.72288 0.1793044 1.438993 6.64152  SA_HookPunch_Close
0.05775901 0.04187834 6.804258 -0.01864438 0.1246251 6.850631 -0.1906487 0.3268096 6.742219 0.002498703 0.1296777 6.604594 0.1175968 0.1399351 6.832159 0.3285372 0.3912857 6.793841 0.2551456 0.2327387 6.539713 0.03500356 0.2718074 6.850529 -0.0997756 0.705094 6.898097 -0.1700291 1.11164 6.917046 -0.220296 1.455022 6.93241 0.08414145 0.7237324 6.879968 0.1363467 1.102698 6.724845 0.1798253 1.437932 6.641323  SA_HookPunch_Close
0.05350985 0.04156113 6.809617 -0.02261351 0.1248178 6.855138 -0.1921902 0.3299249 6.747104 0.0008542706 0.1331179 6.608871 0.1137818 0.1395941 6.837383 0.3237883 0.3920994 6.801714 0.2524604 0.236428 6.545232 0.0315388 0.2718151 6.854793 -0.1023 0.7056348 6.899423 -0.1727785 1.112257 6.91574 -0.22265 1.455586 6.933381 0.08180644 0.7237769 6.882772 0.1360448 1.102214 6.727057 0.1805825 1.436699 6.641129  SA_HookPunch_Close
0.04924991 0.0413754 6.814929 -0.02670876 0.1252139 6.859222 -0.1929105 0.3333174 6.750758 0.0008477737 0.1370348 6.612779 0.1099414 0.139295 6.842922 0.3201719 0.3925644 6.811656 0.2510761 0.2414744 6.551844 0.02812977 0.2719567 6.858957 -0.1044345 0.7064565 6.90013 -0.1751236 1.113139 6.913822 -0.2245293 1.456374 6.934383 0.07993551 0.7238669 6.885774 0.1358093 1.101585 6.728895 0.1811997 1.435478 6.641128  SA_HookPunch_Close
0.04550125 0.0413909 6.819371 -0.03032659 0.1257401 6.862488 -0.1932973 0.3362838 6.75317 0.001573997 0.1404858 6.616072 0.106566 0.1391642 6.847741 0.317569 0.3927197 6.820849 0.2505391 0.2460253 6.557996 0.02516885 0.2722358 6.862433 -0.1061337 0.707363 6.900506 -0.1767242 1.114135 6.91183 -0.2255256 1.457286 6.935055 0.07846268 0.7240604 6.888386 0.135806 1.101022 6.730224 0.1819666 1.43443 6.641027  SA_HookPunch_Close
0.04204174 0.04158092 6.823237 -0.0336778 0.1263994 6.86517 -0.1934115 0.3389958 6.754572 0.002986448 0.1436752 6.618979 0.1034513 0.1391729 6.852143 0.3155428 0.3927673 6.829885 0.2507258 0.2504803 6.56407 0.02247341 0.2726449 6.865456 -0.1075293 0.7083811 6.900607 -0.1777302 1.115277 6.909681 -0.225804 1.458347 6.935483 0.07726748 0.7243518 6.890777 0.1360178 1.100481 6.731156 0.1829055 1.43348 6.640819  SA_HookPunch_Close
0.03750374 0.04211962 6.827507 -0.03800885 0.1274911 6.867954 -0.1936782 0.3422236 6.754953 0.005367653 0.1475929 6.622261 0.09941293 0.1393796 6.85741 0.3131234 0.3927644 6.841521 0.2518836 0.2557062 6.572135 0.01903929 0.2733864 6.868883 -0.1090811 0.7099217 6.900557 -0.1783927 1.117026 6.906593 -0.2253956 1.45999 6.935588 0.0759352 0.7248836 6.893729 0.1370101 1.099756 6.732037 0.1850542 1.432238 6.640413  SA_HookPunch_Close
0.03319414 0.04285502 6.831006 -0.0420777 0.1287102 6.870139 -0.194003 0.3451827 6.754559 0.007609921 0.1510359 6.625072 0.0955741 0.1397599 6.861945 0.310729 0.3927937 6.851924 0.2532078 0.2598891 6.579652 0.01581629 0.2742658 6.871754 -0.1103978 0.7115438 6.900498 -0.1786834 1.118854 6.903662 -0.2247071 1.461702 6.935462 0.074775 0.7255256 6.896364 0.138369 1.099192 6.732863 0.1876675 1.431193 6.640165  SA_HookPunch_Close
0.02969189 0.04356301 6.833315 -0.04535196 0.1297776 6.871494 -0.1943565 0.3474367 6.753562 0.009223657 0.1534128 6.627002 0.0924492 0.1401503 6.865131 0.3087005 0.3927649 6.85952 0.2543648 0.2622 6.585468 0.01322134 0.2750533 6.873707 -0.111348 0.7129241 6.900488 -0.1786759 1.120405 6.901354 -0.2239342 1.463163 6.935162 0.0739183 0.7260857 6.898317 0.1398466 1.098822 6.733621 0.1903237 1.430445 6.640208  SA_HookPunch_Close
0.02598931 0.04440093 6.835548 -0.04879336 0.1309862 6.872809 -0.1947825 0.3498467 6.752467 0.01061459 0.1557821 6.628942 0.08913024 0.1406499 6.868232 0.3064949 0.3927116 6.866908 0.2554054 0.2641349 6.591295 0.0104868 0.2759647 6.875615 -0.112285 0.7144522 6.900544 -0.1785573 1.122105 6.899072 -0.2230502 1.464764 6.93483 0.07305373 0.7267407 6.900242 0.1413966 1.09857 6.734485 0.1931084 1.429809 6.640386  SA_HookPunch_Close
0.02116271 0.04523003 6.837823 -0.05323694 0.1322843 6.874176 -0.1956258 0.3525754 6.750847 0.01131053 0.1578611 6.630966 0.08479579 0.1410339 6.871408 0.3037206 0.3920028 6.874353 0.256274 0.2643274 6.597672 0.006956773 0.2768723 6.877605 -0.1133166 0.7161562 6.900848 -0.1781458 1.124021 6.896613 -0.2216337 1.466601 6.934318 0.072091 0.7272719 6.902262 0.1433478 1.098225 6.73577 0.1966225 1.42903 6.641016  SA_HookPunch_Close
0.0130861 0.04611373 6.841226 -0.06066076 0.1339227 6.876512 -0.1984267 0.3558055 6.748813 0.01007833 0.1598946 6.633696 0.07748444 0.1411887 6.875889 0.2992799 0.3897396 6.883785 0.2566912 0.261613 6.606523 0.001020866 0.2778651 6.880609 -0.1149689 0.7184281 6.901767 -0.1770175 1.126657 6.893188 -0.218652 1.469178 6.933435 0.07052274 0.727607 6.904949 0.1458194 1.097713 6.738349 0.2013513 1.427936 6.642867  SA_HookPunch_Close
