-0.000624461 -1.442432E-05 1.309171 -0.06979303 0.09525096 1.332004 -0.4182072 0.1404331 1.331692 -0.7266022 0.1404334 1.331692 0.0685441 0.09525084 1.332316 0.4169262 0.140432 1.332627 0.7253161 0.1404322 1.332625 -0.0006244014 0.2351424 1.318335 -0.09336059 0.6801612 1.281311 -0.1013278 1.092915 1.293373 -0.09894632 1.440007 1.307355 0.09234674 0.6800331 1.285093 0.1003121 1.092748 1.282534 0.09770389 1.440058 1.307365  O_Hello_SoClose
-0.08716165 -0.01383293 1.286585 -0.1645464 0.0776726 1.290997 -0.3499682 0.3155674 1.337184 -0.435358 0.6092467 1.29758 -0.03189544 0.08349073 1.329819 0.1668697 0.3321978 1.300227 0.2660492 0.6223993 1.26781 -0.1012656 0.220713 1.299699 -0.2018624 0.6623705 1.246487 -0.1958773 1.068104 1.323425 -0.1820915 1.408261 1.392541 -0.02471457 0.6699478 1.30183 -0.009308977 1.082292 1.313596 -0.03886751 1.416286 1.407522  O_Hello_SoClose
-0.08506994 -0.01140964 1.264168 -0.1628675 0.07958055 1.271201 -0.3502234 0.3154855 1.321465 -0.437153 0.6084725 1.280121 -0.03003637 0.08511436 1.309443 0.173398 0.3333229 1.280638 0.2887654 0.6169834 1.244147 -0.100227 0.2226796 1.283015 -0.2032294 0.6649907 1.241015 -0.1964517 1.070109 1.321065 -0.1819658 1.409711 1.392722 -0.02582101 0.6721041 1.295579 -0.012269 1.084096 1.317552 -0.04100971 1.418936 1.408676  O_Hello_SoClose
-0.08301084 -0.009607911 1.242789 -0.1611617 0.08082247 1.252583 -0.3502146 0.3147317 1.307369 -0.4384192 0.6072435 1.265365 -0.02804373 0.08609498 1.289853 0.1809923 0.3332502 1.261065 0.3152381 0.6080099 1.221196 -0.09907882 0.2239035 1.267222 -0.2044445 0.6665787 1.23641 -0.1968959 1.071458 1.317592 -0.1818247 1.410267 1.392793 -0.02662276 0.6732618 1.289668 -0.01439117 1.084819 1.319239 -0.04260765 1.41959 1.410782  O_Hello_SoClose
-0.08168714 -0.008600116 1.227853 -0.1600485 0.08138454 1.239829 -0.3501166 0.3138313 1.298266 -0.4391028 0.6061394 1.256493 -0.02664117 0.08647883 1.276076 0.1872605 0.3323926 1.246945 0.3362746 0.5991656 1.205336 -0.09831326 0.2244079 1.256377 -0.2053794 0.6671796 1.233957 -0.1971916 1.072448 1.313112 -0.1817383 1.410246 1.392656 -0.02714102 0.6735659 1.28584 -0.01511989 1.084896 1.318493 -0.04298816 1.4194 1.411115  O_Hello_SoClose
-0.08069913 -0.00771594 1.213807 -0.1592167 0.0817802 1.22818 -0.350117 0.3127798 1.290478 -0.4399014 0.6049604 1.24953 -0.02542601 0.08672929 1.263005 0.1954507 0.3302997 1.233528 0.3620624 0.5863724 1.191437 -0.09777085 0.2247195 1.246443 -0.2065444 0.6674293 1.232701 -0.1977483 1.072868 1.31091 -0.1818414 1.409952 1.393341 -0.02775316 0.6735635 1.282677 -0.01516478 1.084775 1.316592 -0.04279743 1.418791 1.411025  O_Hello_SoClose
-0.0801727 -0.006982446 1.200329 -0.1587944 0.08193994 1.217434 -0.3505432 0.31143 1.283778 -0.4412749 0.6035077 1.244207 -0.02451084 0.08681643 1.250318 0.2076894 0.3255258 1.220775 0.3989807 0.5641051 1.180876 -0.09760849 0.2247845 1.237244 -0.2082154 0.6672312 1.232826 -0.1988239 1.072012 1.314304 -0.1822679 1.409414 1.395296 -0.0287119 0.673209 1.2802 -0.01460276 1.084432 1.313372 -0.04217665 1.417747 1.410266  O_Hello_SoClose
-0.08087073 -0.007022262 1.196325 -0.1594865 0.0816071 1.214914 -0.3518173 0.3105079 1.282757 -0.4430433 0.6025894 1.244367 -0.02485685 0.08655286 1.246341 0.2201235 0.3182422 1.217295 0.4352935 0.5364267 1.182629 -0.09838812 0.2244464 1.235031 -0.2099773 0.6666684 1.234893 -0.1998903 1.070518 1.320793 -0.1825499 1.409056 1.396719 -0.02997212 0.6727154 1.280315 -0.01380019 1.084107 1.310297 -0.04164056 1.416891 1.408924  O_Hello_SoClose
-0.08319138 -0.008027434 1.202372 -0.161708 0.08068371 1.22099 -0.3545104 0.3100612 1.287277 -0.4453417 0.6023695 1.249687 -0.02690618 0.08577859 1.251646 0.2335583 0.3067739 1.2234 0.4740387 0.4980438 1.197143 -0.1005075 0.2236161 1.240111 -0.2121226 0.6658289 1.23856 -0.2009685 1.070015 1.322728 -0.1827235 1.409041 1.396228 -0.0318682 0.672091 1.282952 -0.0131462 1.083713 1.307858 -0.04150264 1.416168 1.407444  O_Hello_SoClose
-0.08620034 -0.009137869 1.212381 -0.1645646 0.07989502 1.230081 -0.3576396 0.3102753 1.293357 -0.4474339 0.6029451 1.256091 -0.02976005 0.08506393 1.260713 0.243287 0.2955006 1.233021 0.501833 0.4625506 1.21424 -0.1031167 0.2229064 1.247765 -0.2139541 0.6652759 1.241707 -0.2021386 1.069784 1.324221 -0.1834065 1.408808 1.397608 -0.03369777 0.6716713 1.286072 -0.01294242 1.083406 1.307227 -0.04156099 1.415695 1.407292  O_Hello_SoClose
-0.08937077 -0.01010942 1.222315 -0.1675724 0.07927918 1.238908 -0.360817 0.3106909 1.299078 -0.4494589 0.6037012 1.261728 -0.0328025 0.08450484 1.269681 0.2509089 0.284523 1.24186 0.5232643 0.4286053 1.228931 -0.1058481 0.2223487 1.255093 -0.2157398 0.6648555 1.243955 -0.2032132 1.069603 1.325179 -0.1839384 1.408745 1.397875 -0.03553591 0.6713648 1.288516 -0.01306848 1.083154 1.30663 -0.04176639 1.415356 1.406963  O_Hello_SoClose
-0.0930333 -0.01108932 1.233602 -0.1710409 0.07870734 1.248851 -0.3644271 0.3112803 1.305425 -0.4517539 0.6046536 1.267826 -0.03632585 0.0839926 1.279854 0.258265 0.2717711 1.252058 0.5431153 0.3897998 1.246238 -0.1089844 0.221819 1.263302 -0.2177126 0.6644203 1.246132 -0.2043577 1.069406 1.326025 -0.1844396 1.408728 1.397702 -0.03759072 0.6710538 1.291006 -0.01329379 1.082867 1.305936 -0.04201226 1.414999 1.406492  O_Hello_SoClose
-0.09899484 -0.01231182 1.250599 -0.1766951 0.07810068 1.263615 -0.3699196 0.3124605 1.314762 -0.4559385 0.6061572 1.276677 -0.04204516 0.08356524 1.294868 0.2685077 0.2492803 1.265314 0.5685439 0.320509 1.268344 -0.114124 0.2212625 1.275031 -0.2210896 0.6637794 1.247652 -0.206357 1.069001 1.326095 -0.1853694 1.408481 1.39671 -0.04106573 0.6707295 1.29287 -0.01391868 1.082503 1.303319 -0.04261224 1.414262 1.405106  O_Hello_SoClose
-0.1046371 -0.01304054 1.266107 -0.182098 0.07787001 1.276888 -0.3745203 0.3138591 1.323253 -0.4607258 0.6074474 1.284756 -0.04748474 0.08367622 1.308237 0.2775277 0.2226679 1.276127 0.5854464 0.2355096 1.287329 -0.1191339 0.2210798 1.285086 -0.2247794 0.6631441 1.24726 -0.2087573 1.068444 1.325039 -0.1867813 1.407945 1.395255 -0.04481123 0.6706306 1.292613 -0.01459698 1.082277 1.298773 -0.04320226 1.413313 1.402912  O_Hello_SoClose
-0.1067327 -0.01308393 1.271822 -0.1841571 0.07797933 1.281522 -0.3759005 0.3145796 1.326129 -0.4627906 0.607972 1.287679 -0.04960845 0.08401394 1.313105 0.2819236 0.2070596 1.279578 0.5889643 0.1817595 1.293371 -0.1211168 0.2212242 1.288422 -0.2263893 0.662954 1.245937 -0.2100249 1.068207 1.323889 -0.1878214 1.407643 1.39435 -0.04651527 0.6707805 1.291605 -0.01471458 1.082334 1.295573 -0.04319916 1.41281 1.40151  O_Hello_SoClose
-0.1079172 -0.01283586 1.275933 -0.1853721 0.07831144 1.284538 -0.3764949 0.3153105 1.327736 -0.4638037 0.6086187 1.289592 -0.05097292 0.08458245 1.316707 0.2861303 0.1901674 1.282365 0.5863221 0.1213596 1.298325 -0.1223424 0.2215993 1.290588 -0.2273435 0.6629878 1.244074 -0.2110756 1.068139 1.322579 -0.1890311 1.407461 1.393628 -0.04768554 0.6711578 1.290526 -0.01446573 1.082615 1.29213 -0.04282812 1.412443 1.4001  O_Hello_SoClose
-0.1077049 -0.01251519 1.277645 -0.1852588 0.07863152 1.285314 -0.3760118 0.3157148 1.327687 -0.4632297 0.6091073 1.289985 -0.05109374 0.08510196 1.318407 0.2896962 0.1750433 1.283922 0.5775626 0.06565785 1.300415 -0.1223364 0.2219733 1.291202 -0.2271988 0.6631111 1.242071 -0.2115861 1.068123 1.321421 -0.1901789 1.407308 1.393316 -0.04787813 0.6715624 1.28976 -0.01378517 1.082951 1.289221 -0.04208795 1.412173 1.399037  O_Hello_SoClose
-0.1046792 -0.01214933 1.278639 -0.1824452 0.07891405 1.285047 -0.3731934 0.3157583 1.326531 -0.4589481 0.6095737 1.288766 -0.04873977 0.0856446 1.319901 0.2947815 0.1577843 1.285328 0.5598457 0.000846982 1.300022 -0.1197909 0.222353 1.291407 -0.2245589 0.663227 1.23977 -0.2109195 1.06809 1.320233 -0.1913049 1.40714 1.393268 -0.0458983 0.6720349 1.289813 -0.01203374 1.083431 1.286721 -0.04088674 1.411997 1.398344  O_Hello_SoClose
-0.09642224 -0.01182663 1.284517 -0.1745374 0.07906413 1.288765 -0.3661557 0.3154126 1.327969 -0.4499831 0.6094707 1.28784 -0.04150264 0.08646321 1.325971 0.3029027 0.1356951 1.286384 0.522939 -0.08031166 1.291811 -0.1123966 0.2227288 1.295066 -0.2174063 0.6628618 1.237895 -0.2079446 1.067958 1.317784 -0.1920353 1.407244 1.390627 -0.03970401 0.6725914 1.291082 -0.008590324 1.084167 1.284674 -0.03909997 1.412112 1.397673  O_Hello_SoClose
-0.08631109 -0.01165831 1.291025 -0.1647446 0.0790199 1.293634 -0.3577492 0.3148454 1.330224 -0.4409617 0.6084893 1.285992 -0.0320578 0.08724439 1.331894 0.3095795 0.1157991 1.277888 0.4718059 -0.1461607 1.26508 -0.1031113 0.2229434 1.298931 -0.2090071 0.662101 1.236168 -0.2039978 1.067435 1.31525 -0.1919556 1.406986 1.387598 -0.031799 0.6729705 1.290763 -0.005261702 1.084851 1.283416 -0.03752307 1.412296 1.397375  O_Hello_SoClose
-0.08066599 -0.01167345 1.290661 -0.1592559 0.07887459 1.293076 -0.3526467 0.314466 1.328291 -0.4347267 0.6079082 1.28073 -0.02654199 0.0874505 1.331165 0.310907 0.1044083 1.262788 0.4301014 -0.1787332 1.235805 -0.09786986 0.2229218 1.29786 -0.2046061 0.6616963 1.233852 -0.2017805 1.066947 1.313465 -0.1915997 1.406455 1.386299 -0.02735774 0.6730458 1.288219 -0.003983958 1.085149 1.282908 -0.03681002 1.412223 1.397768  O_Hello_SoClose
-0.07710026 -0.0117991 1.287054 -0.1557772 0.07866263 1.289843 -0.3489693 0.3141568 1.324202 -0.4293975 0.6075614 1.27368 -0.02291404 0.08736372 1.327379 0.3096246 0.09601641 1.245507 0.38934 -0.1994585 1.207501 -0.09452741 0.222774 1.29444 -0.2020056 0.6614636 1.231097 -0.200388 1.066476 1.311948 -0.1912108 1.40579 1.385809 -0.02454309 0.6729786 1.284726 -0.003617091 1.085243 1.282807 -0.03645675 1.412064 1.398382  O_Hello_SoClose
-0.07497303 -0.01198936 1.282053 -0.1536872 0.07841849 1.285465 -0.3463658 0.3138933 1.319296 -0.4250399 0.6073333 1.266278 -0.02063386 0.08711195 1.322323 0.3069412 0.08984637 1.228779 0.3511713 -0.2119133 1.183071 -0.09249847 0.2225554 1.290075 -0.2005645 0.6613266 1.228315 -0.1995479 1.066019 1.310763 -0.190843 1.405061 1.385922 -0.02282969 0.6728233 1.281038 -0.003701491 1.085175 1.282975 -0.0362138 1.411899 1.398916  O_Hello_SoClose
-0.07405065 -0.01228428 1.276412 -0.1527542 0.07810175 1.280567 -0.3445095 0.3136737 1.313916 -0.4215569 0.6071829 1.258929 -0.0194944 0.08669233 1.316695 0.3033886 0.08557403 1.212927 0.3119836 -0.218466 1.162032 -0.09155641 0.2222309 1.285298 -0.200021 0.6611868 1.225585 -0.1990687 1.065502 1.309863 -0.1903514 1.40422 1.386469 -0.02199052 0.6725348 1.277334 -0.004196687 1.0849 1.283813 -0.03611837 1.411861 1.399249  O_Hello_SoClose
-0.07356314 -0.01250792 1.272629 -0.152251 0.07786775 1.277278 -0.3433431 0.3135099 1.310336 -0.4193861 0.6070602 1.254183 -0.0188546 0.08638251 1.312918 0.3007384 0.08292103 1.202626 0.2847995 -0.2204872 1.14977 -0.09103672 0.2219872 1.282088 -0.1997313 0.6610692 1.223735 -0.1987505 1.065128 1.309234 -0.1899605 1.403625 1.386798 -0.02150504 0.6723083 1.274829 -0.00455354 1.084648 1.284429 -0.03606622 1.411801 1.399433  O_Hello_SoClose
-0.07362162 -0.01289415 1.268322 -0.1522545 0.07749915 1.273524 -0.3423042 0.3133272 1.306468 -0.417604 0.6069919 1.249913 -0.01869426 0.08588982 1.308574 0.2973522 0.08086216 1.191144 0.2486584 -0.2188468 1.13722 -0.09096639 0.2215863 1.278365 -0.199765 0.6608314 1.221452 -0.1984134 1.064592 1.308344 -0.1892268 1.402836 1.386958 -0.02130405 0.6718972 1.271758 -0.005294008 1.084156 1.285535 -0.03635387 1.411708 1.399521  O_Hello_SoClose
-0.07393478 -0.01335561 1.264829 -0.152496 0.07707202 1.270496 -0.3414672 0.3131291 1.30378 -0.4163417 0.607011 1.247791 -0.01877336 0.08535159 1.304948 0.2939015 0.07943666 1.180837 0.2119138 -0.2129991 1.127323 -0.09111111 0.2211214 1.27523 -0.1999378 0.6604906 1.219337 -0.1980381 1.063998 1.307386 -0.1882968 1.402032 1.386834 -0.02124415 0.6714039 1.268844 -0.006083174 1.083546 1.286514 -0.03671942 1.41153 1.399368  O_Hello_SoClose
-0.07450192 -0.01386285 1.262482 -0.1529798 0.07661545 1.268485 -0.34091 0.3129407 1.302574 -0.4156935 0.6071424 1.248165 -0.0191081 0.08480573 1.302375 0.2907142 0.07879758 1.172506 0.1777305 -0.2034383 1.120718 -0.09148209 0.2206247 1.272971 -0.2002577 0.6600684 1.217567 -0.1976627 1.063394 1.30643 -0.1872412 1.40128 1.386418 -0.02135031 0.6708621 1.266323 -0.006884022 1.082875 1.287286 -0.037163 1.411292 1.39897  O_Hello_SoClose
-0.07537036 -0.01439369 1.262576 -0.1537784 0.07613778 1.268691 -0.3407947 0.3127464 1.304399 -0.4159347 0.6073815 1.252905 -0.01977257 0.08433092 1.302046 0.2878087 0.07921374 1.167222 0.1483646 -0.1911331 1.116505 -0.09219043 0.2201244 1.272633 -0.2009555 0.6595057 1.216715 -0.1975438 1.062762 1.305862 -0.1863492 1.4006 1.385952 -0.02185564 0.6703104 1.264758 -0.007628543 1.08223 1.287641 -0.0376129 1.41091 1.39863  O_Hello_SoClose
-0.07635014 -0.01493979 1.263448 -0.1546976 0.07564092 1.269611 -0.3408161 0.3125268 1.307136 -0.4164086 0.6075898 1.258854 -0.02056126 0.08387136 1.302428 0.2848243 0.07990503 1.162813 0.1209448 -0.1767268 1.113946 -0.09303682 0.2196124 1.272915 -0.2018385 0.6588811 1.21619 -0.1975491 1.062106 1.305442 -0.1855351 1.399926 1.385488 -0.02255098 0.6697454 1.263513 -0.008364959 1.08158 1.287889 -0.03802208 1.410475 1.398328  O_Hello_SoClose
-0.07777099 -0.01557386 1.266886 -0.1560913 0.07503748 1.27294 -0.3412612 0.3122001 1.312989 -0.4178908 0.6076424 1.268838 -0.02181022 0.08343267 1.305117 0.281314 0.08152032 1.160315 0.09378369 -0.1584634 1.111894 -0.09441833 0.2190233 1.27524 -0.2034775 0.6580005 1.216779 -0.197981 1.061307 1.305596 -0.184872 1.399204 1.385143 -0.02398102 0.6691024 1.263247 -0.009167595 1.080894 1.287984 -0.03831927 1.409899 1.398227  O_Hello_SoClose
-0.07927589 -0.01621926 1.271644 -0.1576209 0.07438362 1.277502 -0.3418136 0.3117698 1.319958 -0.4198357 0.6074153 1.279785 -0.02321289 0.0830344 1.309076 0.2776543 0.08333731 1.159376 0.06954856 -0.1391613 1.111513 -0.0960189 0.218413 1.278723 -0.2055619 0.6569899 1.218199 -0.1986925 1.060445 1.306239 -0.1843605 1.398474 1.385011 -0.02588145 0.6684533 1.263861 -0.01004104 1.08024 1.288027 -0.03851585 1.409373 1.398067  O_Hello_SoClose
-0.08062761 -0.01678157 1.276138 -0.1590292 0.07378674 1.28177 -0.342285 0.3113502 1.325941 -0.4216025 0.6070652 1.288943 -0.0245391 0.08270121 1.312918 0.2743582 0.08462691 1.159401 0.05095078 -0.1227641 1.112683 -0.09754096 0.2178695 1.282102 -0.2076117 0.6560537 1.219719 -0.1995216 1.059644 1.307036 -0.1841148 1.397786 1.385113 -0.02781157 0.6678866 1.264813 -0.01087121 1.079693 1.287883 -0.03870205 1.408869 1.397958  O_Hello_SoClose
-0.08156036 -0.01717293 1.278902 -0.1600179 0.07335794 1.284353 -0.3425414 0.3110498 1.32931 -0.4226873 0.6067745 1.294224 -0.02549903 0.08245695 1.315323 0.2720716 0.08495188 1.159661 0.0397798 -0.1127504 1.114288 -0.09862851 0.2174832 1.284188 -0.2090708 0.6554044 1.220628 -0.2001999 1.059054 1.307593 -0.1841129 1.397244 1.385328 -0.02922837 0.6674945 1.265484 -0.0114759 1.079324 1.287494 -0.03889154 1.408421 1.39791  O_Hello_SoClose
-0.08194987 -0.01739562 1.279142 -0.1604352 0.07311642 1.284507 -0.3425189 0.3108898 1.329533 -0.4229087 0.6066329 1.295168 -0.02593271 0.08227062 1.315532 0.2710941 0.08412039 1.15951 0.03565677 -0.1101767 1.115665 -0.09908591 0.2172587 1.284288 -0.209622 0.6551129 1.220428 -0.2005186 1.058722 1.307556 -0.1842347 1.396872 1.385424 -0.02980308 0.6672786 1.265358 -0.01172326 1.07913 1.286685 -0.03906791 1.408009 1.397767  O_Hello_SoClose
-0.08210509 -0.01754344 1.277911 -0.1605961 0.07296431 1.283262 -0.3424508 0.3107816 1.328143 -0.4228235 0.6065546 1.293995 -0.02612386 0.08209765 1.314424 0.2707721 0.08293235 1.158831 0.03480478 -0.1110064 1.116268 -0.09924768 0.2171069 1.283203 -0.2097247 0.6550049 1.219542 -0.2006467 1.058515 1.307133 -0.1843934 1.396572 1.385406 -0.02994953 0.6671405 1.264655 -0.01168619 1.079 1.285668 -0.03906016 1.407593 1.397583  O_Hello_SoClose
-0.08204292 -0.01765323 1.273553 -0.1605112 0.07286859 1.279 -0.3423612 0.3106863 1.323311 -0.4223022 0.606517 1.288652 -0.02611206 0.08184898 1.31052 0.2712714 0.08045459 1.156957 0.03891863 -0.1181632 1.116121 -0.09910618 0.2169862 1.279549 -0.209255 0.6551285 1.21701 -0.2006035 1.058376 1.305845 -0.1847415 1.396195 1.385219 -0.02958588 0.6670486 1.262601 -0.01124154 1.078897 1.283763 -0.03882192 1.406928 1.397266  O_Hello_SoClose
-0.08195566 -0.01761246 1.266638 -0.1603805 0.07293451 1.272288 -0.342683 0.3106353 1.315682 -0.421768 0.6065126 1.279493 -0.02609126 0.08164871 1.304346 0.2726514 0.07727051 1.154527 0.05007585 -0.1326289 1.11571 -0.09887783 0.2170031 1.273839 -0.2084931 0.6555551 1.213265 -0.2005468 1.058409 1.303928 -0.1853359 1.39587 1.384939 -0.0289837 0.6671007 1.259575 -0.0106958 1.078897 1.281773 -0.03863357 1.406273 1.397065  O_Hello_SoClose
-0.08217578 -0.01753318 1.263172 -0.1605762 0.07303083 1.26889 -0.3432344 0.3106557 1.31156 -0.4215543 0.6065615 1.273967 -0.02635668 0.08160138 1.301277 0.2734403 0.07537448 1.154057 0.05872889 -0.1427008 1.116022 -0.0990182 0.217069 1.270975 -0.2083157 0.6558304 1.211352 -0.2006806 1.058503 1.302847 -0.1857739 1.395792 1.384626 -0.02890734 0.6671748 1.258101 -0.0106108 1.078928 1.281074 -0.0386527 1.406081 1.396973  O_Hello_SoClose
-0.08254461 -0.01741207 1.258787 -0.1609126 0.07317483 1.264585 -0.3440578 0.3106997 1.306221 -0.4212684 0.6066403 1.266658 -0.02678601 0.08155894 1.297403 0.2743887 0.07279313 1.153756 0.07095219 -0.1560904 1.117282 -0.09928297 0.2171708 1.267353 -0.2081635 0.6561968 1.208926 -0.2009121 1.058642 1.301444 -0.186387 1.395715 1.384179 -0.0288897 0.6672797 1.25625 -0.01054971 1.078975 1.280213 -0.0386971 1.405859 1.39684  O_Hello_SoClose
-0.0835043 -0.01723409 1.255467 -0.1618358 0.0733844 1.261266 -0.3456853 0.3108034 1.30126 -0.4211871 0.6067495 1.258564 -0.02780931 0.08159614 1.294533 0.2752226 0.06947196 1.155737 0.08869381 -0.1734746 1.119842 -0.1001285 0.2173346 1.264627 -0.2085578 0.6565863 1.207064 -0.2015189 1.058897 1.300186 -0.1872547 1.395823 1.383557 -0.029429 0.6674293 1.25499 -0.0108103 1.079062 1.279796 -0.03884004 1.405854 1.396712  O_Hello_SoClose
-0.08424942 -0.01709044 1.254005 -0.162549 0.07355654 1.259789 -0.3469917 0.3109 1.298409 -0.4211927 0.6067877 1.253108 -0.02858011 0.08165753 1.293315 0.2757869 0.06677949 1.158346 0.1045728 -0.1871005 1.121809 -0.1007807 0.2174727 1.26347 -0.2088985 0.6568572 1.206335 -0.2020149 1.059145 1.299566 -0.1879494 1.396031 1.383134 -0.02985315 0.6675473 1.254606 -0.010958 1.079159 1.279545 -0.03889356 1.405924 1.39656  O_Hello_SoClose
-0.08483212 -0.01697814 1.253365 -0.1631054 0.07369256 1.259131 -0.3480293 0.3109775 1.296637 -0.4212196 0.6067896 1.249247 -0.02917211 0.08171844 1.292817 0.2761594 0.0646348 1.160858 0.1180429 -0.1975033 1.123612 -0.1012891 0.2175834 1.262997 -0.2091817 0.6570522 1.206087 -0.202414 1.059359 1.299241 -0.188501 1.396247 1.382828 -0.03018783 0.667639 1.25457 -0.01104943 1.079248 1.279379 -0.03890995 1.406011 1.396413  O_Hello_SoClose
-0.08525316 -0.01680112 1.253708 -0.1634686 0.07391882 1.259485 -0.3491981 0.3111256 1.295302 -0.4211706 0.60671 1.244731 -0.02955852 0.08182287 1.293291 0.276923 0.06113768 1.165767 0.1438198 -0.2142148 1.126157 -0.1015561 0.2177634 1.263527 -0.2090962 0.6573555 1.206901 -0.202758 1.059774 1.299604 -0.1892923 1.396743 1.38294 -0.03013651 0.6677768 1.255546 -0.01075034 1.079436 1.2793 -0.03873108 1.406142 1.396466  O_Hello_SoClose
-0.08516894 -0.01666021 1.254899 -0.1633214 0.07411122 1.260721 -0.3497931 0.3112589 1.295253 -0.4210216 0.6065959 1.242243 -0.02940683 0.08190501 1.294535 0.2777962 0.05812526 1.170606 0.1701259 -0.2278237 1.128837 -0.1013089 0.2179106 1.264838 -0.2085413 0.6576063 1.208433 -0.2028019 1.060175 1.300521 -0.1899099 1.397268 1.383444 -0.02957587 0.6678782 1.257089 -0.01011483 1.079625 1.279205 -0.03843473 1.40621 1.396628  O_Hello_SoClose
-0.08455996 -0.01656508 1.256719 -0.1626471 0.07425761 1.262615 -0.3497823 0.3113724 1.296402 -0.420791 0.606489 1.24189 -0.02870367 0.08195376 1.296337 0.2788849 0.0557785 1.175054 0.1956126 -0.2378898 1.131134 -0.100535 0.2180144 1.266721 -0.2075111 0.6577947 1.21049 -0.2025309 1.060535 1.301867 -0.1903259 1.397782 1.384266 -0.02850453 0.6679353 1.259022 -0.009164078 1.079798 1.278981 -0.03804932 1.406185 1.396817  O_Hello_SoClose
-0.08384459 -0.01650667 1.258832 -0.1618727 0.07436407 1.264772 -0.3496473 0.3114574 1.298303 -0.4208357 0.6064161 1.243176 -0.02789961 0.08198476 1.298393 0.2801513 0.05401194 1.179573 0.2198051 -0.2449588 1.133974 -0.09967093 0.218084 1.268808 -0.2064238 0.6579196 1.212586 -0.2021572 1.060842 1.303196 -0.1905851 1.398256 1.384999 -0.02737526 0.6679602 1.260984 -0.008201106 1.079933 1.278716 -0.0376849 1.406087 1.397045  O_Hello_SoClose
-0.08274488 -0.01646388 1.26206 -0.1606936 0.07447243 1.268037 -0.34936 0.3115418 1.301585 -0.4211162 0.6063263 1.246262 -0.02667801 0.082003 1.301509 0.2820671 0.051934 1.186049 0.2532339 -0.2514335 1.138707 -0.09837221 0.2181444 1.271931 -0.2048332 0.6580363 1.215595 -0.2015473 1.061222 1.305068 -0.1908344 1.398881 1.385971 -0.02572422 0.6679583 1.263793 -0.006826682 1.08007 1.278304 -0.03717361 1.405866 1.3974  O_Hello_SoClose
-0.08189265 -0.01647162 1.265811 -0.1597828 0.0745244 1.271644 -0.3492436 0.3116003 1.30566 -0.4219293 0.6063008 1.251108 -0.02576463 0.08201933 1.305114 0.2845475 0.0507586 1.194242 0.2848675 -0.2539728 1.14688 -0.09736852 0.2181617 1.275322 -0.2035405 0.6580359 1.218307 -0.2009016 1.061509 1.306496 -0.1907549 1.399434 1.386355 -0.02442835 0.6679154 1.266502 -0.005626364 1.080125 1.278051 -0.03670714 1.405647 1.397706  O_Hello_SoClose
-0.08136605 -0.0165025 1.269086 -0.159209 0.07454383 1.27476 -0.3493087 0.3116279 1.309262 -0.4228457 0.6062674 1.255528 -0.02519695 0.08201647 1.308259 0.2867419 0.05001426 1.201895 0.3118606 -0.2538376 1.155554 -0.09671859 0.218153 1.278244 -0.2026367 0.657999 1.220544 -0.2004143 1.061712 1.30764 -0.1906349 1.399857 1.386609 -0.02353398 0.6678538 1.268779 -0.004672928 1.080124 1.277795 -0.03631447 1.40545 1.397834  O_Hello_SoClose
-0.08121161 -0.01658535 1.273736 -0.1589985 0.07452786 1.279096 -0.3498549 0.3116361 1.314501 -0.424716 0.6062214 1.262321 -0.0250182 0.08199346 1.312723 0.2899532 0.04975426 1.214149 0.3482101 -0.2500577 1.171449 -0.0964139 0.2181027 1.282288 -0.2019682 0.6578745 1.223368 -0.1999289 1.061903 1.308995 -0.1903207 1.400332 1.386756 -0.02291171 0.6677285 1.271775 -0.003569527 1.080037 1.277345 -0.03581784 1.405208 1.397642  O_Hello_SoClose
-0.08159487 -0.01667547 1.276657 -0.1593453 0.07447875 1.281845 -0.3505737 0.3115979 1.318089 -0.426465 0.606128 1.267098 -0.02538125 0.0819329 1.31554 0.2921905 0.05022812 1.223433 0.3719698 -0.2451367 1.184713 -0.09670042 0.2180308 1.284875 -0.2020302 0.657766 1.225285 -0.199859 1.062016 1.309852 -0.1902025 1.400585 1.387 -0.02299742 0.6676097 1.273781 -0.003083153 1.079916 1.277062 -0.03568767 1.405076 1.397293  O_Hello_SoClose
-0.082314 -0.01683271 1.280346 -0.1600161 0.07437193 1.28537 -0.3516344 0.3114911 1.322868 -0.428921 0.6059299 1.273471 -0.02606378 0.08179903 1.319117 0.2949578 0.05114853 1.236325 0.4025504 -0.2361192 1.204616 -0.09729265 0.2178932 1.288226 -0.2023493 0.6576027 1.227967 -0.1997479 1.062254 1.310583 -0.1900053 1.400903 1.387366 -0.02333395 0.667415 1.276534 -0.002528472 1.07969 1.276752 -0.03557853 1.404881 1.396779  O_Hello_SoClose
-0.08312146 -0.01700306 1.282416 -0.1607907 0.07422638 1.2875 -0.3524491 0.3113345 1.326117 -0.4305979 0.6057076 1.277695 -0.02681838 0.08160138 1.321179 0.2967608 0.05226159 1.245715 0.4232719 -0.2278478 1.220455 -0.09801821 0.2177261 1.290356 -0.2029605 0.6574838 1.230249 -0.1994528 1.062741 1.309803 -0.1897158 1.401143 1.387668 -0.02391653 0.667226 1.278725 -0.002304418 1.079455 1.276791 -0.03559337 1.404738 1.396502  O_Hello_SoClose
-0.08402203 -0.01720834 1.283967 -0.1616653 0.07403409 1.289211 -0.3531941 0.3111401 1.328745 -0.4318213 0.6054889 1.280954 -0.02766649 0.08133876 1.3228 0.2981379 0.05360425 1.25411 0.4412538 -0.2189345 1.23554 -0.09885572 0.2175153 1.292183 -0.2037349 0.6573658 1.232648 -0.198841 1.063517 1.307426 -0.1892565 1.401357 1.387715 -0.02465306 0.6670099 1.281003 -0.002209825 1.07918 1.277092 -0.03567956 1.404594 1.396397  O_Hello_SoClose
-0.08528386 -0.01748979 1.285146 -0.1629047 0.07375145 1.290732 -0.3540282 0.3108737 1.331111 -0.4326804 0.6052607 1.283597 -0.02886383 0.08094203 1.324178 0.2993178 0.05561709 1.263086 0.4599223 -0.2074511 1.252803 -0.1000664 0.2172134 1.294017 -0.2049408 0.6572418 1.235802 -0.1976364 1.06482 1.302143 -0.1883776 1.401452 1.387393 -0.0257986 0.666724 1.283965 -0.002291126 1.078808 1.277851 -0.03589932 1.404439 1.396523  O_Hello_SoClose
-0.08683096 -0.01772273 1.285646 -0.1644471 0.07349026 1.291735 -0.3546851 0.3107239 1.332055 -0.4322295 0.6053119 1.283968 -0.03037284 0.08052707 1.325079 0.3001655 0.05915821 1.270237 0.4763421 -0.1939462 1.268152 -0.1016071 0.2169362 1.295624 -0.2065445 0.6572292 1.239564 -0.1975924 1.065544 1.300994 -0.1878081 1.401618 1.388356 -0.02735422 0.6664898 1.287591 -0.002547247 1.078465 1.279568 -0.03613619 1.404491 1.397157  O_Hello_SoClose
-0.08813272 -0.01779377 1.28668 -0.1657736 0.07338488 1.292964 -0.3550869 0.3108073 1.332122 -0.4310817 0.6055857 1.282746 -0.03172253 0.0803622 1.326414 0.3006307 0.06317246 1.274815 0.4853891 -0.1837238 1.278113 -0.1029687 0.2168342 1.29728 -0.2079699 0.657253 1.242339 -0.1987067 1.065413 1.304742 -0.1875727 1.402196 1.389164 -0.02881293 0.6664246 1.290508 -0.003179533 1.078337 1.281878 -0.03684143 1.404944 1.397819  O_Hello_SoClose
-0.0888242 -0.01763701 1.288318 -0.1665159 0.07350528 1.294501 -0.3552419 0.3110543 1.332405 -0.4300852 0.6059358 1.281899 -0.03251157 0.08054578 1.328124 0.3009653 0.06671667 1.277048 0.487737 -0.1786153 1.282783 -0.103784 0.216984 1.298897 -0.2089208 0.6573529 1.243814 -0.200728 1.064281 1.313933 -0.1877562 1.402915 1.390308 -0.02983062 0.6666091 1.292214 -0.004077537 1.078532 1.284466 -0.03773038 1.405961 1.398069  O_Hello_SoClose
-0.08841871 -0.01717114 1.28773 -0.1662109 0.07388473 1.293922 -0.3548518 0.3112835 1.331433 -0.4289331 0.6062207 1.280135 -0.03223507 0.08104587 1.327633 0.3014331 0.06873047 1.27508 0.4835716 -0.1800679 1.280503 -0.1036341 0.2174271 1.298449 -0.2092039 0.6577193 1.243583 -0.2027095 1.063164 1.321989 -0.1887747 1.40326 1.391371 -0.03015373 0.6671345 1.2921 -0.005236728 1.079154 1.28734 -0.03893678 1.407224 1.399064  O_Hello_SoClose
-0.08617459 -0.01656878 1.282699 -0.1641019 0.07435179 1.289175 -0.3533157 0.3113277 1.327181 -0.4278599 0.6059031 1.274493 -0.03011416 0.08163297 1.322813 0.3025212 0.0670681 1.269171 0.4742357 -0.1890835 1.27137 -0.101742 0.217978 1.294022 -0.2080236 0.6582453 1.240344 -0.202258 1.06355 1.319523 -0.1891671 1.40329 1.390794 -0.02895491 0.6678122 1.288763 -0.00530283 1.07993 1.287053 -0.03889839 1.407457 1.400389  O_Hello_SoClose
-0.08476351 -0.01624238 1.280069 -0.1627569 0.07461619 1.286619 -0.3523405 0.3114011 1.324689 -0.4274503 0.6056796 1.271152 -0.0287696 0.08197308 1.320242 0.3032455 0.06604767 1.265908 0.4692186 -0.1938701 1.265974 -0.1005022 0.218285 1.291556 -0.2071162 0.6585107 1.238196 -0.2020684 1.063519 1.318929 -0.1894098 1.403215 1.390486 -0.02804749 0.6681762 1.286596 -0.004870636 1.080324 1.285599 -0.03831838 1.407438 1.400165  O_Hello_SoClose
-0.08258449 -0.0157752 1.276976 -0.1606776 0.07501054 1.283343 -0.3509509 0.3115742 1.320935 -0.4272064 0.6053858 1.266462 -0.02674697 0.08252597 1.317157 0.3041656 0.06449389 1.260674 0.4600817 -0.2015469 1.256559 -0.09857289 0.2187449 1.288264 -0.2055461 0.658824 1.234416 -0.2012074 1.063726 1.31572 -0.1894877 1.402987 1.389466 -0.02655802 0.6687041 1.28307 -0.003821893 1.080875 1.281834 -0.03722004 1.407103 1.398916  O_Hello_SoClose
-0.07870655 -0.01480091 1.273385 -0.1569795 0.07589817 1.278693 -0.3487427 0.3122489 1.313722 -0.4273036 0.605477 1.25938 -0.02324436 0.08387399 1.313168 0.3037765 0.06169331 1.244344 0.4277662 -0.2201159 1.22661 -0.09513472 0.2197664 1.282928 -0.2025297 0.6592764 1.225397 -0.1978717 1.065171 1.301574 -0.1890625 1.402056 1.385863 -0.02382128 0.6697963 1.274937 -0.002228005 1.08203 1.274059 -0.03570787 1.406621 1.39558  O_Hello_SoClose
-0.0779476 -0.01428318 1.273342 -0.1562337 0.07642531 1.278281 -0.3482107 0.3128684 1.31208 -0.4270506 0.6061615 1.2585 -0.02250968 0.08454967 1.312765 0.301995 0.06060338 1.236277 0.4079281 -0.228034 1.21238 -0.09440862 0.2203165 1.281987 -0.2018432 0.6595905 1.222752 -0.1987308 1.064332 1.304904 -0.1894916 1.402029 1.385832 -0.02315061 0.6703221 1.272303 -0.002274496 1.082592 1.273476 -0.03547524 1.407031 1.395478  O_Hello_SoClose
-0.07776205 -0.01391685 1.27338 -0.1560359 0.07681262 1.278123 -0.3480024 0.3133721 1.311067 -0.4267743 0.6067699 1.257961 -0.02229909 0.08500612 1.312541 0.3001365 0.05977547 1.230322 0.391712 -0.2333744 1.202366 -0.09419285 0.2207054 1.281454 -0.2015968 0.6598451 1.221178 -0.1994286 1.063713 1.307553 -0.1896882 1.402002 1.38591 -0.0228859 0.6706774 1.270641 -0.002556307 1.082965 1.2737 -0.0354288 1.407405 1.395789  O_Hello_SoClose
-0.07820539 -0.01362693 1.273093 -0.156432 0.0771482 1.277743 -0.3481174 0.3139044 1.309845 -0.4263605 0.6074675 1.256872 -0.0226659 0.08533418 1.312048 0.2974894 0.05889547 1.223813 0.3722621 -0.2385747 1.191799 -0.09451728 0.2210164 1.280789 -0.2017543 0.6601069 1.219861 -0.1993437 1.063853 1.306798 -0.1893861 1.40203 1.385606 -0.02300171 0.6709353 1.269175 -0.003232045 1.083227 1.274516 -0.03554855 1.407772 1.396473  O_Hello_SoClose
-0.07865088 -0.01341128 1.27229 -0.1568317 0.0774051 1.276904 -0.3482063 0.3143225 1.308428 -0.4258605 0.6080613 1.255561 -0.02305381 0.08554542 1.311175 0.2953261 0.0582937 1.218507 0.3559391 -0.2420523 1.183539 -0.0948454 0.2212445 1.279852 -0.20188 0.660352 1.218691 -0.1992846 1.063987 1.306136 -0.1891565 1.402065 1.38535 -0.02311079 0.6711212 1.267957 -0.003690286 1.083405 1.274907 -0.03555409 1.407971 1.39693  O_Hello_SoClose
-0.07950871 -0.01312447 1.26994 -0.1576045 0.0777638 1.27458 -0.3483387 0.3149319 1.305423 -0.4247776 0.6090186 1.25272 -0.02383201 0.08575535 1.308906 0.2920931 0.05763316 1.210291 0.3302096 -0.2458818 1.171172 -0.09548186 0.221542 1.277638 -0.2020733 0.6607887 1.216702 -0.1992198 1.064229 1.305034 -0.1888431 1.402135 1.384946 -0.02331285 0.6713572 1.266044 -0.00422333 1.083618 1.274974 -0.03539072 1.408086 1.397437  O_Hello_SoClose
-0.0803607 -0.01301277 1.266665 -0.1584064 0.0779165 1.271344 -0.348549 0.31522 1.301854 -0.4239487 0.6096233 1.249422 -0.02469097 0.08575368 1.305928 0.2895971 0.05737782 1.203336 0.308199 -0.2475754 1.16136 -0.09619711 0.2216482 1.2748 -0.2023963 0.6610836 1.214544 -0.1981574 1.065391 1.298761 -0.1882876 1.402064 1.383777 -0.02371858 0.6714388 1.264229 -0.004540009 1.083677 1.273997 -0.03532312 1.407902 1.397198  O_Hello_SoClose
-0.08162884 -0.01288402 1.260785 -0.1596278 0.07808197 1.265524 -0.348819 0.3155124 1.295686 -0.422765 0.6103727 1.243754 -0.02604066 0.08568609 1.300651 0.2860117 0.05735624 1.192647 0.27327 -0.2474405 1.147467 -0.09733103 0.2217542 1.269789 -0.2029886 0.661501 1.210867 -0.1964794 1.067153 1.28819 -0.1874095 1.401574 1.381754 -0.02449564 0.6715308 1.261277 -0.004905386 1.083729 1.271867 -0.03534339 1.407448 1.396478  O_Hello_SoClose
-0.08264892 -0.01274955 1.25428 -0.1606586 0.07820535 1.259061 -0.3488611 0.3156352 1.289023 -0.4217625 0.6108571 1.237672 -0.02724527 0.08562469 1.294881 0.282996 0.05796528 1.182252 0.2370363 -0.2434276 1.135837 -0.09836499 0.2218465 1.264303 -0.2036739 0.6618797 1.206917 -0.19569 1.068216 1.280414 -0.1871005 1.400893 1.380044 -0.0254303 0.6716468 1.258252 -0.00509171 1.083798 1.269276 -0.03559212 1.406878 1.395515  O_Hello_SoClose
-0.0833094 -0.0126375 1.249666 -0.1613899 0.07825685 1.254439 -0.3487005 0.3155975 1.28402 -0.4213707 0.6109848 1.233297 -0.02813236 0.08562338 1.290845 0.280669 0.05904782 1.174298 0.2034615 -0.2361277 1.129412 -0.09920017 0.221913 1.260449 -0.2045163 0.6620877 1.204172 -0.195852 1.068533 1.276987 -0.1872816 1.400436 1.379167 -0.02649532 0.6717719 1.25629 -0.005263431 1.083872 1.267514 -0.03596203 1.406638 1.394511  O_Hello_SoClose
-0.08414309 -0.01253617 1.247805 -0.1622932 0.07830262 1.252498 -0.3485039 0.3156273 1.281294 -0.4215636 0.6111222 1.231771 -0.02915178 0.08568668 1.289323 0.2774805 0.06032789 1.167379 0.1630136 -0.2232417 1.127504 -0.1002099 0.2219857 1.258947 -0.2056229 0.6621937 1.203112 -0.1970885 1.068119 1.278786 -0.1877627 1.400505 1.379315 -0.02776746 0.6718952 1.255789 -0.005738242 1.083945 1.267312 -0.0365809 1.406738 1.394204  O_Hello_SoClose
-0.08467345 -0.0124861 1.249131 -0.162817 0.07836151 1.25376 -0.3485087 0.3158001 1.28203 -0.4220115 0.6113148 1.233285 -0.02967225 0.08576429 1.290569 0.2756 0.06075692 1.165673 0.1452843 -0.216318 1.128907 -0.1007233 0.2220452 1.260095 -0.20611 0.6622179 1.203934 -0.1982642 1.067417 1.283474 -0.1880641 1.40091 1.380183 -0.02825002 0.6719471 1.25659 -0.006144686 1.083985 1.268418 -0.03681223 1.407077 1.394588  O_Hello_SoClose
-0.08518784 -0.01243925 1.250893 -0.1633137 0.0784266 1.255461 -0.3485449 0.3160003 1.283222 -0.4224504 0.6115393 1.23524 -0.03014992 0.08584714 1.292198 0.2737881 0.06107616 1.164574 0.130088 -0.2097151 1.131006 -0.1011925 0.2221066 1.261608 -0.2065316 0.6622354 1.205015 -0.1994637 1.066619 1.288672 -0.1884034 1.401286 1.381135 -0.02864449 0.6719921 1.257574 -0.006557329 1.084021 1.269721 -0.03699354 1.407456 1.395067  O_Hello_SoClose
-0.08616035 -0.01237833 1.254605 -0.1642213 0.07854605 1.259121 -0.3489112 0.316411 1.286134 -0.4230491 0.61207 1.239262 -0.03096942 0.08597898 1.295535 0.270979 0.06147265 1.164109 0.1123401 -0.2013273 1.13454 -0.1020004 0.2222035 1.264764 -0.2072058 0.6622514 1.207299 -0.2009489 1.06554 1.296146 -0.1885904 1.401784 1.382522 -0.02919321 0.6720336 1.259427 -0.007324679 1.084056 1.272198 -0.03707198 1.408269 1.395683  O_Hello_SoClose
-0.08720516 -0.01234031 1.258039 -0.1651929 0.07864785 1.262535 -0.3494992 0.3167909 1.288996 -0.4234175 0.6126671 1.24316 -0.03184704 0.08607411 1.298605 0.2683779 0.06185341 1.164016 0.09847547 -0.1941655 1.137712 -0.1028606 0.2222754 1.267691 -0.2079073 0.6622604 1.209459 -0.2018771 1.064865 1.301372 -0.1885273 1.402129 1.383523 -0.02976064 0.6720417 1.261128 -0.00814156 1.084053 1.274663 -0.03722112 1.409037 1.396266  O_Hello_SoClose
-0.08833884 -0.01234174 1.260734 -0.166251 0.07871032 1.265246 -0.3503697 0.3170896 1.291462 -0.4235348 0.6133001 1.246589 -0.03281937 0.08610356 1.301003 0.2661327 0.0622716 1.164084 0.08849491 -0.1886381 1.139719 -0.1038044 0.2223016 1.27001 -0.2086659 0.6622597 1.211244 -0.2020435 1.064866 1.30311 -0.1879769 1.402407 1.383992 -0.03039698 0.672003 1.262496 -0.009021683 1.083993 1.277011 -0.03756873 1.409673 1.396868  O_Hello_SoClose
-0.08936064 -0.01233506 1.26183 -0.16721 0.0787679 1.266397 -0.3513073 0.3172843 1.292576 -0.4230521 0.613893 1.24804 -0.03373853 0.08608401 1.302021 0.2647533 0.06281817 1.164065 0.08304615 -0.1851848 1.139953 -0.1046666 0.2223204 1.271066 -0.2093039 0.662332 1.2123 -0.20207 1.065076 1.303511 -0.1875282 1.40262 1.3843 -0.03097842 0.6719729 1.263375 -0.009715362 1.083931 1.278943 -0.03804861 1.41011 1.397484  O_Hello_SoClose
-0.09083621 -0.01229799 1.261991 -0.1685985 0.07887292 1.266686 -0.3527682 0.31751 1.292931 -0.4219656 0.6147403 1.248509 -0.03510557 0.08602643 1.302263 0.2632771 0.06380892 1.16358 0.0781088 -0.1815242 1.138502 -0.1059189 0.2223618 1.271481 -0.2101686 0.662533 1.213225 -0.2021349 1.065438 1.303655 -0.1869981 1.402892 1.38471 -0.03181319 0.671953 1.264236 -0.01056646 1.083851 1.281319 -0.03875403 1.410642 1.398201  O_Hello_SoClose
-0.09195273 -0.01222765 1.260523 -0.1696516 0.07898915 1.265374 -0.3539514 0.3176334 1.291746 -0.4208352 0.6153553 1.247072 -0.03618 0.08596134 1.301067 0.2626059 0.06479216 1.162426 0.0770206 -0.1800078 1.135306 -0.1068703 0.2224203 1.270552 -0.2107536 0.6628032 1.213248 -0.202327 1.065655 1.30388 -0.1868239 1.403065 1.385045 -0.03242944 0.6719727 1.264414 -0.01100968 1.083819 1.282501 -0.03920619 1.410973 1.39836  O_Hello_SoClose
-0.0932508 -0.01207399 1.257352 -0.1708801 0.07918859 1.26245 -0.355196 0.3177838 1.288719 -0.4196483 0.6159053 1.243146 -0.03746311 0.08589816 1.298396 0.2621133 0.06622732 1.160056 0.07925202 -0.1801254 1.128807 -0.1079857 0.2225431 1.268328 -0.2113975 0.6632485 1.212675 -0.2026293 1.065939 1.30399 -0.1868211 1.403204 1.385697 -0.0331522 0.6720529 1.264179 -0.011317 1.083839 1.283122 -0.03954534 1.411128 1.398592  O_Hello_SoClose
-0.09502946 -0.01171362 1.252092 -0.1725633 0.07960892 1.257554 -0.3565462 0.3181616 1.282917 -0.4183781 0.6163582 1.234306 -0.03922335 0.08594525 1.293852 0.2617676 0.06880951 1.156062 0.08958305 -0.1839696 1.11657 -0.1095148 0.222851 1.264436 -0.2122785 0.6640037 1.211177 -0.2031469 1.066444 1.303553 -0.187053 1.403472 1.386177 -0.03414438 0.6722886 1.263149 -0.01165645 1.084001 1.282915 -0.03977315 1.411015 1.399186  O_Hello_SoClose
-0.09561609 -0.01144242 1.250659 -0.1731164 0.07990706 1.256147 -0.3569285 0.3184807 1.280731 -0.4183488 0.616334 1.229559 -0.03980063 0.08615553 1.292549 0.2621349 0.06994855 1.15556 0.1013856 -0.1895264 1.111551 -0.1100141 0.2231168 1.263205 -0.2125573 0.6643598 1.210272 -0.2034201 1.066775 1.302756 -0.187361 1.403767 1.385535 -0.03445814 0.6725242 1.262383 -0.01176576 1.084238 1.281885 -0.03952734 1.411014 1.398909  O_Hello_SoClose
-0.09589593 -0.01113033 1.250529 -0.1733751 0.08024263 1.255922 -0.3572092 0.3188562 1.279902 -0.4184513 0.6163016 1.226207 -0.04007022 0.08648455 1.292365 0.263108 0.07074976 1.156966 0.1175381 -0.196835 1.108881 -0.1102392 0.2234418 1.262897 -0.2126529 0.6646714 1.209602 -0.2036463 1.06711 1.301998 -0.1877449 1.404109 1.384779 -0.03456954 0.6728294 1.261769 -0.01181172 1.084566 1.280694 -0.0391386 1.411061 1.398602  O_Hello_SoClose
-0.09588562 -0.01081955 1.251457 -0.1733564 0.08057058 1.256678 -0.3573946 0.319232 1.280326 -0.4185809 0.6162944 1.22449 -0.04004971 0.08687031 1.293105 0.2645268 0.07123947 1.159853 0.135964 -0.204361 1.108663 -0.1102072 0.2237772 1.263375 -0.2125827 0.6649128 1.209236 -0.2037985 1.067403 1.301428 -0.1881314 1.404437 1.384111 -0.03449694 0.673155 1.261381 -0.01178579 1.084929 1.27955 -0.03868322 1.411134 1.398355  O_Hello_SoClose
-0.09543447 -0.0105139 1.253544 -0.1729165 0.08087921 1.258541 -0.3574736 0.3195735 1.282453 -0.4184472 0.6164108 1.225204 -0.03958915 0.08730757 1.294869 0.2668262 0.07169044 1.164749 0.1585289 -0.2119792 1.110825 -0.109786 0.2241148 1.264776 -0.2122634 0.6650723 1.209392 -0.2037814 1.06762 1.301361 -0.1884027 1.4047 1.383911 -0.03414778 0.6734965 1.261406 -0.01155923 1.08532 1.27858 -0.03819351 1.411232 1.398247  O_Hello_SoClose
-0.09431188 -0.01001477 1.258221 -0.1718464 0.08135629 1.26279 -0.357664 0.3200123 1.287943 -0.4185558 0.6166294 1.229479 -0.03848694 0.08806825 1.298949 0.2717829 0.07286096 1.175671 0.2037097 -0.2224618 1.118619 -0.1087997 0.2246634 1.268171 -0.2116098 0.6652445 1.210457 -0.2036239 1.067952 1.301767 -0.1886995 1.405173 1.383822 -0.03344778 0.6740668 1.262245 -0.01094101 1.085988 1.277 -0.03748594 1.411506 1.397754  O_Hello_SoClose
-0.09364109 -0.009749413 1.261353 -0.1712195 0.08159721 1.265657 -0.3579476 0.3201637 1.291976 -0.4189933 0.6167701 1.233619 -0.03785513 0.08848679 1.301764 0.2752167 0.07392442 1.183658 0.2337824 -0.2262005 1.126101 -0.1082423 0.2249513 1.27058 -0.2112823 0.6653008 1.211525 -0.2035249 1.068134 1.302297 -0.1888056 1.405469 1.383922 -0.03311286 0.6743711 1.263245 -0.01050238 1.086348 1.276177 -0.03724567 1.411685 1.397373  O_Hello_SoClose
-0.09313314 -0.009522915 1.264478 -0.1707593 0.08179498 1.268523 -0.3584651 0.3202144 1.296289 -0.419875 0.6169066 1.238756 -0.0374103 0.08884466 1.304656 0.2788669 0.07535172 1.192699 0.2652248 -0.2274705 1.13598 -0.1078564 0.2251931 1.273099 -0.2111003 0.6653376 1.212883 -0.2034761 1.068315 1.303026 -0.1888786 1.405779 1.384139 -0.03295253 0.6746308 1.264638 -0.01006137 1.086652 1.275508 -0.0372288 1.411842 1.397004  O_Hello_SoClose
-0.09305124 -0.009366393 1.266863 -0.1707067 0.08193552 1.270702 -0.3591482 0.3202218 1.299783 -0.4210745 0.6169811 1.243157 -0.03740023 0.08906817 1.306976 0.282123 0.07708824 1.201459 0.2932214 -0.2261781 1.146588 -0.1078479 0.2253566 1.275164 -0.2111439 0.6653948 1.214264 -0.2035451 1.068508 1.303802 -0.1889836 1.406089 1.38443 -0.03305678 0.6748034 1.266207 -0.009687049 1.086844 1.275138 -0.03732721 1.411902 1.396881  O_Hello_SoClose
-0.09328954 -0.00923717 1.26911 -0.1709652 0.08205581 1.272748 -0.3600956 0.3201908 1.303295 -0.4228054 0.6170014 1.247812 -0.03773205 0.08922577 1.309283 0.2855795 0.07938421 1.211812 0.3235374 -0.2223171 1.160432 -0.1081353 0.2254879 1.277261 -0.2113709 0.6654803 1.215929 -0.203713 1.068748 1.304763 -0.1891238 1.406461 1.384832 -0.03338872 0.6749405 1.26822 -0.009279413 1.086981 1.274932 -0.0375347 1.411893 1.396922  O_Hello_SoClose
-0.09427767 -0.009162188 1.270415 -0.1719418 0.08214569 1.273924 -0.3614447 0.3201735 1.30595 -0.4248523 0.6170484 1.251614 -0.0388209 0.08923793 1.310881 0.2885366 0.08227849 1.222685 0.3535089 -0.2155437 1.175941 -0.109091 0.2255566 1.278807 -0.2120279 0.6656492 1.217691 -0.2041866 1.06908 1.305765 -0.1894781 1.406926 1.385248 -0.03420649 0.6750014 1.270546 -0.008915527 1.087003 1.274804 -0.03774123 1.411756 1.397086  O_Hello_SoClose
-0.09563588 -0.009122372 1.271038 -0.1732701 0.08221388 1.27447 -0.3629317 0.3201644 1.307878 -0.4269668 0.617099 1.254616 -0.04027859 0.08916318 1.311916 0.290758 0.08525252 1.233246 0.3803993 -0.2069671 1.192301 -0.1103714 0.2255844 1.27989 -0.2128881 0.6658575 1.219372 -0.2047945 1.069443 1.306708 -0.1899152 1.407413 1.38563 -0.0352519 0.6750111 1.27288 -0.008580251 1.086944 1.274722 -0.03791479 1.41154 1.397298  O_Hello_SoClose
-0.09813856 -0.009172082 1.27022 -0.175717 0.08221054 1.273678 -0.3652104 0.3201027 1.308712 -0.429581 0.6171852 1.256693 -0.0429043 0.0888871 1.311802 0.2918194 0.08894575 1.243847 0.407624 -0.194863 1.209988 -0.1127331 0.225505 1.28004 -0.2146082 0.6661241 1.220973 -0.20496 1.070722 1.303326 -0.1902468 1.40794 1.385433 -0.03722803 0.6748977 1.275387 -0.008474512 1.086693 1.274218 -0.03821902 1.411058 1.397304  O_Hello_SoClose
-0.1011306 -0.009225607 1.268709 -0.1786449 0.08220851 1.272241 -0.3678026 0.3200455 1.308932 -0.4324017 0.6172912 1.258144 -0.04602913 0.0885613 1.3111 0.2918401 0.09282804 1.254048 0.4327391 -0.1803095 1.228598 -0.1155679 0.2254095 1.279694 -0.2167382 0.6664279 1.222424 -0.2048749 1.072278 1.298054 -0.1905821 1.408321 1.384912 -0.03963957 0.6747509 1.277817 -0.00846426 1.086349 1.27346 -0.03854142 1.410457 1.397139  O_Hello_SoClose
-0.1053002 -0.00922823 1.266113 -0.1827457 0.08225822 1.269795 -0.3711873 0.3200784 1.308122 -0.4359171 0.6174626 1.258321 -0.05035112 0.08822441 1.309461 0.2901824 0.0978781 1.26274 0.457625 -0.1605357 1.24572 -0.1195751 0.2253443 1.278549 -0.2199876 0.6668285 1.22358 -0.2047309 1.07413 1.290268 -0.19102 1.408363 1.383939 -0.04320494 0.6746124 1.28005 -0.008757813 1.085893 1.271993 -0.03896187 1.409696 1.396442  O_Hello_SoClose
-0.1098311 -0.009064198 1.264578 -0.1872529 0.08244085 1.268297 -0.3749159 0.3202673 1.307888 -0.4404073 0.617584 1.258683 -0.05500869 0.08820689 1.308491 0.2873813 0.1038468 1.269197 0.4791275 -0.1374604 1.258777 -0.1240581 0.2254676 1.277813 -0.2240797 0.6671913 1.224069 -0.2057592 1.075168 1.285665 -0.1916831 1.40818 1.383537 -0.04751126 0.674695 1.281243 -0.009661062 1.0856 1.269931 -0.03981159 1.409217 1.394874  O_Hello_SoClose
-0.1136557 -0.008806229 1.265024 -0.1910745 0.08270645 1.268612 -0.3782216 0.3206105 1.308868 -0.445044 0.6177232 1.260222 -0.05885969 0.08849669 1.308899 0.284593 0.1094127 1.273151 0.4932677 -0.117563 1.266731 -0.1278779 0.2257369 1.278061 -0.2278327 0.6674235 1.22389 -0.2073179 1.075588 1.283519 -0.192119 1.408108 1.382884 -0.05130605 0.6749622 1.281188 -0.01079343 1.085566 1.268273 -0.04077027 1.408984 1.393773  O_Hello_SoClose
-0.1168762 -0.008497834 1.266009 -0.1942722 0.08303988 1.269452 -0.3810755 0.3211089 1.309962 -0.4493336 0.618023 1.262105 -0.06200961 0.08890641 1.30957 0.2821779 0.1149472 1.275366 0.5028014 -0.100484 1.271007 -0.1310357 0.226081 1.278459 -0.2309634 0.6676473 1.223267 -0.2088322 1.075806 1.282356 -0.1922631 1.408067 1.382364 -0.05436895 0.6752971 1.280342 -0.01188229 1.085688 1.267023 -0.04158358 1.408879 1.393172  O_Hello_SoClose
-0.1194923 -0.008173108 1.266904 -0.196831 0.08341718 1.270231 -0.3834153 0.3217145 1.310748 -0.4529476 0.6185046 1.263967 -0.06448977 0.08932447 1.310082 0.280255 0.1204767 1.27648 0.5094072 -0.08587599 1.272976 -0.1334986 0.2264482 1.278709 -0.233286 0.6679107 1.222444 -0.2099622 1.076032 1.281332 -0.192166 1.408001 1.382098 -0.05657999 0.675625 1.279163 -0.01282351 1.085896 1.266262 -0.04226099 1.408839 1.393106  O_Hello_SoClose
-0.122225 -0.007734895 1.268354 -0.1994041 0.08399642 1.271497 -0.3857706 0.3227543 1.311614 -0.4565084 0.6195345 1.266611 -0.06695174 0.08985031 1.310985 0.2783748 0.1282676 1.277562 0.5155252 -0.06883967 1.273978 -0.1358149 0.2269565 1.279218 -0.2350196 0.6683458 1.22137 -0.2105854 1.07653 1.279362 -0.1915836 1.407904 1.381853 -0.05815647 0.6760033 1.277604 -0.01368831 1.086232 1.265855 -0.04296051 1.408812 1.393658  O_Hello_SoClose
-0.1241814 -0.00732708 1.271463 -0.2011126 0.08462512 1.274207 -0.3871901 0.3240628 1.313301 -0.4583264 0.6209744 1.269819 -0.06858329 0.09035075 1.313456 0.2771034 0.1361659 1.279865 0.5195348 -0.05438125 1.27505 -0.1371334 0.2274572 1.28102 -0.2352609 0.6687739 1.220829 -0.2101972 1.077211 1.276737 -0.1904617 1.407952 1.381115 -0.05828999 0.67628 1.276744 -0.01382373 1.086525 1.265551 -0.04327534 1.408771 1.394151  O_Hello_SoClose
-0.1257952 -0.006773829 1.280037 -0.2023521 0.08551729 1.281625 -0.3880602 0.3260541 1.318332 -0.4589742 0.6231842 1.275995 -0.06981067 0.09118676 1.320841 0.2758163 0.1479023 1.285697 0.522621 -0.03677404 1.276399 -0.1377938 0.228161 1.286698 -0.2341086 0.6690984 1.221046 -0.2089254 1.07799 1.273469 -0.1886687 1.408199 1.379421 -0.05712299 0.6765727 1.276919 -0.01302568 1.086825 1.264603 -0.0431727 1.408703 1.393963  O_Hello_SoClose
-0.1267227 -0.006050348 1.293158 -0.2029365 0.08653772 1.29296 -0.3885498 0.328153 1.326436 -0.4592039 0.6253952 1.284453 -0.07044546 0.09241319 1.332315 0.273747 0.1640834 1.29292 0.5230055 -0.01657104 1.274519 -0.1378539 0.2290087 1.295611 -0.2323995 0.6690605 1.221937 -0.2075661 1.078367 1.271192 -0.1869872 1.408241 1.37812 -0.05548791 0.6768725 1.277997 -0.0117691 1.087074 1.262945 -0.04276619 1.408662 1.392825  O_Hello_SoClose
-0.1268383 -0.005421519 1.303918 -0.2028808 0.08729303 1.302276 -0.3886362 0.3295035 1.333271 -0.4592387 0.6267137 1.290976 -0.07043664 0.09349203 1.341739 0.2709452 0.1792893 1.29684 0.5203585 0.0002487898 1.267825 -0.1375396 0.2296686 1.302977 -0.2311662 0.668788 1.222847 -0.2066963 1.078289 1.27065 -0.1858909 1.408084 1.377776 -0.05432234 0.6770823 1.279052 -0.0107588 1.0872 1.261469 -0.04225032 1.408561 1.391791  O_Hello_SoClose
-0.1268169 -0.004763484 1.314251 -0.2027103 0.08803964 1.311262 -0.3885799 0.33075 1.339985 -0.4591322 0.6278649 1.296943 -0.0702977 0.09456837 1.350778 0.266217 0.1962858 1.298695 0.5141919 0.01794624 1.256178 -0.1371438 0.2303084 1.310089 -0.2299892 0.6684396 1.223873 -0.2058443 1.078119 1.270287 -0.184878 1.407921 1.377363 -0.05319105 0.6772221 1.280147 -0.009704215 1.087225 1.259907 -0.04157249 1.40835 1.390718  O_Hello_SoClose
-0.1267183 -0.004050016 1.324133 -0.202471 0.08881927 1.319892 -0.3884155 0.3319679 1.346529 -0.4589294 0.628952 1.302534 -0.07007425 0.09566259 1.359408 0.2594766 0.2136761 1.299387 0.5047093 0.03570819 1.242005 -0.1366911 0.2309633 1.316919 -0.228826 0.6680782 1.224973 -0.2049807 1.077927 1.270028 -0.1838925 1.407763 1.376974 -0.05205123 0.6773263 1.281247 -0.008598013 1.087193 1.258342 -0.04076914 1.408073 1.389677  O_Hello_SoClose
-0.1266944 -0.003518939 1.331234 -0.2023192 0.08941841 1.326267 -0.3881139 0.3329339 1.351822 -0.4586884 0.6297436 1.306758 -0.06985919 0.09642208 1.365542 0.2515405 0.2288749 1.297614 0.4937365 0.05232596 1.224977 -0.1363394 0.2314348 1.321938 -0.2279711 0.6678454 1.22622 -0.2043875 1.077853 1.269949 -0.1833331 1.407645 1.377037 -0.05110691 0.6773388 1.28217 -0.007675333 1.087083 1.257125 -0.0401061 1.407695 1.38905  O_Hello_SoClose
-0.12663 -0.002969146 1.337651 -0.2021381 0.09002554 1.332025 -0.3877952 0.3338621 1.356596 -0.4584292 0.630509 1.310565 -0.06962071 0.09717 1.371081 0.2430769 0.2421759 1.296239 0.4816445 0.0667659 1.210093 -0.1359761 0.2319145 1.326469 -0.2271492 0.6676594 1.227341 -0.2037932 1.077806 1.269872 -0.1827515 1.407556 1.377091 -0.0502039 0.6773691 1.282997 -0.006785138 1.086991 1.256016 -0.03943 1.407358 1.388481  O_Hello_SoClose
-0.1264971 -0.002619028 1.343053 -0.2018781 0.09046733 1.337241 -0.3870899 0.3346598 1.361932 -0.4580656 0.6309697 1.314283 -0.06917076 0.09761488 1.375646 0.2310104 0.2575251 1.292518 0.4676858 0.09016061 1.187265 -0.1355103 0.2322121 1.330568 -0.2264257 0.6675335 1.229364 -0.2033727 1.077868 1.270217 -0.1824145 1.407635 1.3774 -0.04921035 0.6772673 1.28415 -0.005864365 1.086777 1.255407 -0.03904186 1.406941 1.388232  O_Hello_SoClose
-0.1263399 -0.002136469 1.347734 -0.2016072 0.09103298 1.341783 -0.3864028 0.3355407 1.366639 -0.4577325 0.6315266 1.317528 -0.06872652 0.098171 1.379586 0.220787 0.2680842 1.28956 0.4527278 0.1041421 1.169431 -0.1350588 0.2326432 1.334126 -0.2257614 0.6675952 1.231159 -0.2029808 1.078092 1.270502 -0.1820906 1.407875 1.37765 -0.04829941 0.6773337 1.285139 -0.005021436 1.086739 1.254846 -0.03868566 1.406722 1.387984  O_Hello_SoClose
-0.1260622 -0.001772761 1.351102 -0.2012364 0.09148586 1.345374 -0.385542 0.3362519 1.371162 -0.4571768 0.6318518 1.320205 -0.06812255 0.09853232 1.382365 0.2108501 0.2764896 1.285426 0.4385687 0.1193905 1.14916 -0.1345417 0.232985 1.336974 -0.2252644 0.66781 1.233489 -0.2027421 1.078454 1.271426 -0.1818376 1.408404 1.378054 -0.04746966 0.6774347 1.286384 -0.004360957 1.086788 1.255163 -0.03863392 1.406811 1.38805  O_Hello_SoClose
-0.1251739 -0.001628876 1.355824 -0.2001915 0.09181297 1.351121 -0.3834 0.3369946 1.379928 -0.4554185 0.6317251 1.324657 -0.0665258 0.09855986 1.386124 0.1875312 0.2923471 1.276756 0.406556 0.1616396 1.103412 -0.1332753 0.2331359 1.341592 -0.2244373 0.6680892 1.239036 -0.2024555 1.078976 1.274582 -0.1813605 1.409533 1.379275 -0.04585318 0.6773171 1.289276 -0.003361983 1.086684 1.257393 -0.0388581 1.407237 1.388671  O_Hello_SoClose
-0.1243769 -0.00202024 1.356457 -0.1993426 0.09151709 1.352986 -0.381849 0.3368027 1.384671 -0.4532734 0.6310567 1.326184 -0.06525992 0.09799731 1.386409 0.1735033 0.2992572 1.270396 0.3861218 0.1976128 1.071483 -0.1323899 0.2328025 1.343159 -0.224295 0.6682162 1.243255 -0.2026527 1.079159 1.278356 -0.1811645 1.410427 1.380698 -0.045112 0.6770754 1.291385 -0.003476424 1.08663 1.260809 -0.03926532 1.408178 1.38955  O_Hello_SoClose
-0.1236955 -0.002714634 1.355059 -0.1986417 0.09087777 1.3529 -0.380567 0.3361402 1.387275 -0.4505765 0.6301612 1.325973 -0.06422083 0.09709764 1.384988 0.1626208 0.3037684 1.265135 0.3687373 0.2375433 1.045511 -0.1317159 0.2321854 1.343213 -0.2243998 0.6682193 1.246795 -0.2030284 1.079111 1.282655 -0.1810699 1.411125 1.382448 -0.04472927 0.6767104 1.29314 -0.004251642 1.086572 1.265232 -0.03975175 1.409508 1.39053  O_Hello_SoClose
-0.1231555 -0.003494501 1.352695 -0.198099 0.09012008 1.351744 -0.3795738 0.3352872 1.3884 -0.4478039 0.6292459 1.324837 -0.06342088 0.09611619 1.382778 0.154813 0.3065925 1.260921 0.3537322 0.2756506 1.027301 -0.1312273 0.2314777 1.342418 -0.2246084 0.6681322 1.249545 -0.2034295 1.078916 1.286727 -0.1810253 1.411604 1.384147 -0.04456602 0.676302 1.294484 -0.005258484 1.086477 1.269686 -0.04013256 1.410829 1.391453  O_Hello_SoClose
-0.122814 -0.004702926 1.347702 -0.1977634 0.08891046 1.348215 -0.3787726 0.3338866 1.387278 -0.4440502 0.6280428 1.321563 -0.06286429 0.09461117 1.378332 0.1471446 0.3096268 1.256872 0.336293 0.3302246 1.014173 -0.1309623 0.2303585 1.3398 -0.2250174 0.6678998 1.251914 -0.2040689 1.078459 1.291625 -0.181159 1.411958 1.386111 -0.04465459 0.6756408 1.295628 -0.007196708 1.086273 1.276089 -0.04044877 1.412465 1.39331  O_Hello_SoClose
-0.1226293 -0.006112576 1.34097 -0.1975886 0.0874716 1.343024 -0.378161 0.3321874 1.384374 -0.4397352 0.6267343 1.31686 -0.06251548 0.09284866 1.37241 0.1403526 0.3125205 1.253248 0.3152015 0.391919 1.011943 -0.1308599 0.2290236 1.335875 -0.2254978 0.6675447 1.253684 -0.2047792 1.077787 1.296654 -0.1813862 1.412122 1.388018 -0.04488186 0.6748124 1.296423 -0.009623213 1.085897 1.283399 -0.04059402 1.414051 1.395666  O_Hello_SoClose
-0.1231499 -0.007567406 1.332067 -0.1981255 0.08597279 1.335237 -0.378415 0.3304238 1.377697 -0.4361499 0.6258453 1.310612 -0.06309788 0.0909791 1.364898 0.1358516 0.3162935 1.253675 0.2968542 0.4535868 1.029325 -0.1314058 0.2276145 1.330053 -0.2259797 0.6671675 1.253493 -0.205367 1.077093 1.299435 -0.1816957 1.411941 1.388827 -0.04543011 0.6738942 1.296599 -0.01243923 1.085327 1.290426 -0.04056184 1.415201 1.398315  O_Hello_SoClose
-0.1239317 -0.009293556 1.318848 -0.1989581 0.08415508 1.323266 -0.3789631 0.3281904 1.366689 -0.4312284 0.6253022 1.302654 -0.0641232 0.08864427 1.353871 0.1317312 0.321579 1.257533 0.269234 0.5247731 1.070692 -0.1322558 0.2258835 1.321119 -0.2264941 0.666752 1.252078 -0.2059388 1.076339 1.300975 -0.1820215 1.411457 1.389279 -0.04622392 0.6727238 1.296447 -0.01580004 1.084396 1.298356 -0.04053305 1.416053 1.401508  O_Hello_SoClose
-0.1245882 -0.0105021 1.30574 -0.1996998 0.08282733 1.311128 -0.3795067 0.3264039 1.355107 -0.4269744 0.6254085 1.296365 -0.06514345 0.08683014 1.342999 0.1295246 0.3259865 1.26347 0.2453385 0.572433 1.118709 -0.1330554 0.2245963 1.31205 -0.22691 0.6665705 1.2499 -0.2062915 1.075997 1.300095 -0.1822022 1.410909 1.389132 -0.04704283 0.6718317 1.295962 -0.01820873 1.083558 1.303284 -0.04063211 1.416203 1.403744  O_Hello_SoClose
-0.1249974 -0.01127231 1.292662 -0.200224 0.08190382 1.299011 -0.3798285 0.3249476 1.343636 -0.4233873 0.6257574 1.291448 -0.06594728 0.08544195 1.332094 0.1279342 0.3292286 1.269199 0.2264625 0.6017495 1.163706 -0.133699 0.2236774 1.302939 -0.2273605 0.6665963 1.247595 -0.2065695 1.07602 1.29774 -0.1822536 1.410402 1.388686 -0.04789655 0.6711767 1.295274 -0.01972948 1.082886 1.305538 -0.04079263 1.415907 1.405044  O_Hello_SoClose
-0.1248882 -0.01164401 1.281376 -0.2002183 0.08137047 1.288781 -0.3796069 0.3238646 1.334584 -0.4209002 0.6260414 1.28885 -0.06609283 0.08451438 1.322512 0.1260076 0.3310825 1.270652 0.2135515 0.6157856 1.190749 -0.1338271 0.2231194 1.295123 -0.2276033 0.6667454 1.245986 -0.2067697 1.076254 1.295418 -0.1822374 1.41007 1.388362 -0.04835681 0.6707475 1.294526 -0.0201662 1.082434 1.305627 -0.04073803 1.415351 1.405581  O_Hello_SoClose
-0.1247026 -0.01179445 1.273773 -0.2001025 0.08110106 1.281923 -0.379353 0.323192 1.328635 -0.4195263 0.6261613 1.287365 -0.06606488 0.08397591 1.316024 0.1245095 0.3320918 1.27101 0.206213 0.6226482 1.207718 -0.1338059 0.2228138 1.28986 -0.2277015 0.6668628 1.244953 -0.2068482 1.076452 1.293706 -0.1821633 1.409829 1.388172 -0.04858105 0.6704701 1.293988 -0.02028481 1.082143 1.305315 -0.04068963 1.414897 1.405846  O_Hello_SoClose
-0.1242266 -0.01184988 1.26616 -0.1996974 0.08091354 1.275117 -0.3788484 0.3225392 1.323007 -0.4184342 0.6261802 1.286367 -0.06572108 0.08352292 1.30948 0.1227353 0.3330047 1.27012 0.1991863 0.6275604 1.220155 -0.1335013 0.2225783 1.284603 -0.2275902 0.6670027 1.244025 -0.2067792 1.076722 1.291685 -0.1819886 1.409509 1.388184 -0.0485575 0.6702203 1.293406 -0.02002309 1.081888 1.3043 -0.04066698 1.414254 1.406057  O_Hello_SoClose
