-0.000624461 -1.442432E-05 6.637867 -0.06979303 0.09525096 6.660701 -0.4182072 0.1404331 6.660388 -0.7266022 0.1404334 6.660388 0.0685441 0.09525084 6.661013 0.4169262 0.140432 6.661324 0.7253161 0.1404322 6.661322 -0.0006244014 0.2351424 6.647032 -0.09336059 0.6801612 6.610008 -0.1013278 1.092915 6.622069 -0.09894632 1.440007 6.636051 0.09234674 0.6800331 6.61379 0.1003121 1.092748 6.61123 0.09770389 1.440058 6.636061  O_Hello_Close
-0.02518157 -0.009021044 6.63598 -0.09712939 0.08529472 6.653564 -0.4210398 0.2279394 6.658623 -0.6921296 0.3734165 6.637309 0.04075279 0.08703423 6.664642 0.3662923 0.2274715 6.651112 0.6419805 0.3647207 6.634892 -0.02890144 0.2260875 6.64562 -0.1241588 0.6700178 6.602442 -0.1248265 1.082109 6.629922 -0.1163999 1.428325 6.657068 0.06067779 0.6722144 6.620667 0.071063 1.08488 6.61909 0.06556697 1.430076 6.664448  O_Hello_Close
-0.06077878 -0.01480913 6.632023 -0.1360185 0.07808685 6.641534 -0.3888451 0.2937198 6.666438 -0.5596177 0.5481508 6.631666 -0.0003747772 0.08227468 6.668376 0.2570059 0.3016529 6.641696 0.4349149 0.5518345 6.612337 -0.06997208 0.2201377 6.641931 -0.1679236 0.6624867 6.589534 -0.1626903 1.072027 6.642672 -0.1494472 1.415683 6.691655 0.01352777 0.6679475 6.628868 0.02745672 1.080509 6.630395 0.0112368 1.420131 6.705507  O_Hello_Close
-0.08729474 -0.01558721 6.628539 -0.1643653 0.07623374 6.631729 -0.3513948 0.3148478 6.674959 -0.439092 0.6080271 6.636714 -0.03164987 0.08215749 6.670314 0.1671249 0.33025 6.639931 0.2620609 0.6221201 6.609875 -0.1005923 0.2191689 6.638311 -0.199762 0.660358 6.578897 -0.1942236 1.066603 6.653117 -0.1808345 1.407223 6.719997 -0.02252464 0.6681262 6.633925 -0.006128354 1.080567 6.639124 -0.03548561 1.413902 6.735427  O_Hello_Close
-0.08757864 -0.01443303 6.62004 -0.1648717 0.07717407 6.623919 -0.3498737 0.3154794 6.669307 -0.4349084 0.6093268 6.630188 -0.03224687 0.08305418 6.66282 0.1656411 0.3318098 6.632954 0.2619041 0.6230842 6.601377 -0.1014492 0.2201917 6.631938 -0.2015423 0.6616741 6.576375 -0.1957429 1.067538 6.652635 -0.1821222 1.407813 6.721202 -0.02443252 0.669352 6.631825 -0.008636875 1.081741 6.64127 -0.03837834 1.415396 6.736338  O_Hello_Close
-0.08697252 -0.01356781 6.613096 -0.1643992 0.07789016 6.617754 -0.350013 0.3155951 6.664307 -0.4355606 0.6091983 6.624478 -0.03173618 0.08367991 6.656539 0.1674307 0.332363 6.627071 0.2679962 0.6220489 6.594313 -0.1011831 0.2209399 6.626769 -0.2020105 0.6626735 6.574637 -0.1959402 1.068346 6.651886 -0.1820786 1.408449 6.721253 -0.02484523 0.6702048 6.62993 -0.009617789 1.082524 6.642763 -0.03907792 1.416673 6.736167  O_Hello_Close
-0.08549295 -0.0118165 6.597046 -0.1632168 0.07927454 6.603569 -0.350219 0.3155588 6.653007 -0.4368708 0.608658 6.611875 -0.0304306 0.08485997 6.64196 0.1720231 0.3332119 6.613105 0.2840251 0.6183336 6.577532 -0.1004616 0.2223686 6.614822 -0.2030069 0.6645796 6.570704 -0.19636 1.069811 6.650188 -0.1819884 1.409516 6.72138 -0.02566336 0.6717775 6.625468 -0.01175968 1.083847 6.645682 -0.0405821 1.418675 6.736827  O_Hello_Close
-0.08493738 -0.01128483 6.591543 -0.1627581 0.07967305 6.598737 -0.3502252 0.3154573 6.649263 -0.4372402 0.6084095 6.607851 -0.02991275 0.08519077 6.636933 0.1738309 0.3333526 6.608142 0.2902782 0.6165372 6.571387 -0.1001536 0.2227732 6.610728 -0.2032999 0.6651137 6.569399 -0.1964809 1.070196 6.649627 -0.1819591 1.409765 6.72143 -0.02587108 0.6722006 6.623899 -0.01242964 1.084166 6.646428 -0.04114233 1.419011 6.737545  O_Hello_Close
-0.08435528 -0.01075351 6.585694 -0.1622774 0.08005822 6.5936 -0.3502363 0.3153055 6.645278 -0.4376169 0.6081063 6.603568 -0.0293697 0.08550537 6.631588 0.1757386 0.3334543 6.602856 0.2970509 0.614455 6.565091 -0.0998318 0.2231599 6.606375 -0.2036115 0.6656194 6.568009 -0.1966116 1.070542 6.649026 -0.1819313 1.409966 6.721478 -0.02609251 0.6725902 6.622231 -0.01313804 1.084429 6.647217 -0.04171572 1.419292 6.738312  O_Hello_Close
-0.08376043 -0.01023746 6.579626 -0.1617862 0.08041787 6.588269 -0.3502521 0.3151019 6.641139 -0.4379894 0.6077519 6.59912 -0.02881394 0.0857935 6.626041 0.1777029 0.3335097 6.597361 0.3041895 0.6121148 6.55883 -0.09950374 0.2235159 6.601857 -0.2039347 0.666078 6.566566 -0.1967485 1.070833 6.648398 -0.1819053 1.410107 6.721519 -0.02632259 0.6729305 6.620497 -0.01386826 1.084623 6.648031 -0.04228524 1.419504 6.739108  O_Hello_Close
-0.08318941 -0.009754658 6.573462 -0.161311 0.08073187 6.582967 -0.3502276 0.3148309 6.637268 -0.4383204 0.607372 6.595234 -0.0282319 0.08602941 6.620372 0.1801549 0.3333384 6.591622 0.3124654 0.6090834 6.552086 -0.09918104 0.2238181 6.597353 -0.2043171 0.6664692 6.565432 -0.1968614 1.071297 6.646879 -0.1818451 1.410236 6.721504 -0.02655129 0.6731936 6.61887 -0.01429282 1.084779 6.648032 -0.04255585 1.419585 6.739433  O_Hello_Close
-0.08264796 -0.009317398 6.567439 -0.1608577 0.08099604 6.577826 -0.3501884 0.3145138 6.633602 -0.4386156 0.6069673 6.591661 -0.02766047 0.08621812 6.614819 0.1827014 0.3330507 6.585947 0.3209287 0.6057391 6.545467 -0.09887032 0.2240646 6.592981 -0.2047031 0.6667807 6.564443 -0.1969704 1.071766 6.645078 -0.1817899 1.410306 6.721459 -0.02676736 0.6733805 6.617329 -0.01459144 1.084879 6.647736 -0.04271291 1.419577 6.739573  O_Hello_Close
-0.08216517 -0.008947849 6.562 -0.1604519 0.0812037 6.573181 -0.3501528 0.3141899 6.630288 -0.4388665 0.6065685 6.58843 -0.02714918 0.08636069 6.609801 0.1849858 0.3327436 6.580807 0.328591 0.6025388 6.539669 -0.09859137 0.224252 6.589032 -0.2050445 0.6670057 6.56355 -0.1970771 1.072133 6.643447 -0.1817566 1.410305 6.72141 -0.02695684 0.673497 6.615935 -0.01485751 1.084913 6.647465 -0.0428522 1.419514 6.739694  O_Hello_Close
-0.08134381 -0.008346915 6.55246 -0.1597584 0.08150733 6.565051 -0.3500949 0.3135438 6.624507 -0.4392841 0.6058038 6.582831 -0.0262668 0.08655632 6.600992 0.1890869 0.3320533 6.571755 0.3423655 0.5963621 6.529912 -0.09811465 0.2245092 6.582116 -0.2056449 0.6672807 6.562038 -0.1972948 1.072644 6.640686 -0.1817385 1.410172 6.721351 -0.02728484 0.6735905 6.613511 -0.01528112 1.084861 6.646919 -0.04305885 1.419278 6.739877  O_Hello_Close
-0.08092229 -0.007924199 6.545987 -0.1594055 0.08169985 6.559737 -0.3501106 0.3130651 6.621041 -0.439691 0.6052725 6.579839 -0.02571831 0.08668208 6.594953 0.1932355 0.3309464 6.565567 0.3552071 0.5899812 6.523489 -0.09789138 0.2246627 6.57758 -0.2062354 0.6674033 6.561622 -0.1975885 1.072815 6.639986 -0.1817994 1.410056 6.721801 -0.0275936 0.6735964 6.612122 -0.01520507 1.084828 6.645862 -0.04288523 1.418985 6.73978  O_Hello_Close
-0.08062147 -0.007645726 6.54128 -0.1591507 0.08180475 6.555871 -0.350119 0.312675 6.618518 -0.4399738 0.6048466 6.57766 -0.02532379 0.08674276 6.590559 0.1962266 0.3300639 6.561048 0.3644622 0.585075 6.518971 -0.0977286 0.2247354 6.574281 -0.2066516 0.667432 6.561319 -0.197805 1.07288 6.639474 -0.1818578 1.40991 6.722121 -0.02780829 0.6735462 6.611111 -0.01515089 1.08475 6.645087 -0.04276792 1.418717 6.7397  O_Hello_Close
-0.08033137 -0.007394791 6.536671 -0.1589023 0.08188093 6.552085 -0.3501244 0.3122609 6.616043 -0.4402395 0.6043995 6.575524 -0.02494089 0.08677936 6.586255 0.1991326 0.3291392 6.556607 0.3734419 0.580062 6.514673 -0.09756862 0.224777 6.571049 -0.207048 0.6674126 6.561023 -0.1980195 1.072897 6.638968 -0.181927 1.40972 6.722427 -0.02801029 0.6734546 6.61012 -0.0150985 1.084632 6.644322 -0.04266034 1.418411 6.739612  O_Hello_Close
-0.08011459 -0.007172823 6.532458 -0.1587195 0.08193159 6.54867 -0.3501866 0.3118495 6.613856 -0.4405614 0.6039582 6.573702 -0.02462177 0.08680177 6.582306 0.2023155 0.32798 6.55257 0.3831454 0.5743203 6.51108 -0.09746574 0.2247952 6.56813 -0.2074777 0.6673532 6.560894 -0.1982843 1.072764 6.6392 -0.1820333 1.409531 6.722857 -0.02824299 0.6733394 6.609274 -0.01499139 1.084506 6.643481 -0.04251979 1.418091 6.739456  O_Hello_Close
-0.08017038 -0.00698936 6.529167 -0.1587914 0.08194053 6.546235 -0.3505287 0.3114483 6.612532 -0.4412456 0.6035275 6.572937 -0.02451549 0.08681667 6.579151 0.2074694 0.325631 6.549599 0.3983357 0.5645387 6.509628 -0.09760277 0.224786 6.566032 -0.2081854 0.6672376 6.561497 -0.1988026 1.072045 6.642844 -0.1822592 1.409422 6.723946 -0.02869288 0.6732156 6.608913 -0.0146185 1.084436 6.642128 -0.04219012 1.417762 6.738984  O_Hello_Close
-0.08020692 -0.006898999 6.52708 -0.158836 0.08191812 6.54469 -0.3507428 0.3111641 6.611691 -0.4416748 0.6032243 6.572451 -0.02444921 0.08680046 6.577149 0.2106956 0.3240426 6.547718 0.4077724 0.5580429 6.508873 -0.09768812 0.2247514 6.5647 -0.2086261 0.6671282 6.561879 -0.1991124 1.071542 6.645148 -0.1823798 1.409295 6.724627 -0.02897303 0.6731041 6.608682 -0.01438932 1.084358 6.641262 -0.04199747 1.41752 6.738672  O_Hello_Close
-0.0805202 -0.006883502 6.52424 -0.1591492 0.08174598 6.542773 -0.3513919 0.3105978 6.610792 -0.4426481 0.6026489 6.572245 -0.02455787 0.08666289 6.574368 0.2176574 0.3200421 6.545207 0.4280491 0.5426404 6.509294 -0.09806018 0.2245694 6.56303 -0.209601 0.6668038 6.562954 -0.1997137 1.070596 6.649142 -0.1825446 1.409025 6.725595 -0.02965133 0.6728105 6.608601 -0.01393311 1.084153 6.639489 -0.04168109 1.417 6.737928  O_Hello_Close
-0.08100544 -0.007078171 6.525322 -0.159616 0.08155119 6.543933 -0.3519807 0.3104708 6.611708 -0.4431951 0.6025637 6.573379 -0.02497171 0.08650792 6.575295 0.2210682 0.3175342 6.546299 0.4380543 0.5339932 6.51214 -0.09851412 0.2243965 6.563996 -0.2101219 0.6666138 6.563834 -0.1999581 1.070485 6.649622 -0.1825516 1.409065 6.725346 -0.03009538 0.6726762 6.609169 -0.01374881 1.084086 6.638802 -0.04162554 1.416846 6.737501  O_Hello_Close
-0.0815597 -0.007322907 6.526569 -0.1601488 0.08130622 6.545271 -0.3526549 0.310304 6.612763 -0.4438234 0.6024445 6.574687 -0.02544366 0.08630908 6.576364 0.2249484 0.314519 6.547606 0.4493032 0.5236883 6.515707 -0.09903233 0.2241765 6.56511 -0.2107174 0.6663743 6.564848 -0.2002348 1.070335 6.650173 -0.1825534 1.40909 6.725052 -0.03060274 0.6725007 6.609823 -0.01353364 1.083984 6.638 -0.04156564 1.416642 6.736997  O_Hello_Close
-0.08203582 -0.007551551 6.527651 -0.1606061 0.08107758 6.546432 -0.3532354 0.3101428 6.613678 -0.4443663 0.6023235 6.575822 -0.02584843 0.08612037 6.57729 0.2282678 0.3117982 6.54878 0.4588002 0.5144688 6.51905 -0.09947716 0.2239697 6.566075 -0.2112294 0.6661505 6.565727 -0.2004703 1.070189 6.650647 -0.1825498 1.409093 6.724791 -0.03103857 0.6723323 6.610388 -0.01334433 1.083874 6.637295 -0.04151688 1.416444 6.736548  O_Hello_Close
-0.08276288 -0.007872224 6.529653 -0.1613007 0.0807929 6.5484 -0.3540639 0.3100264 6.61511 -0.4450464 0.6022819 6.577475 -0.02649931 0.08587718 6.579059 0.2321226 0.3082929 6.550792 0.4698301 0.5028781 6.523661 -0.1001348 0.2237128 6.567723 -0.2118586 0.6659 6.566807 -0.2007972 1.07004 6.651208 -0.1826221 1.409066 6.724724 -0.03160445 0.6721429 6.611203 -0.01316844 1.083745 6.636639 -0.04148934 1.416224 6.736156  O_Hello_Close
-0.08388011 -0.008278608 6.533348 -0.1623624 0.08050632 6.551758 -0.3552277 0.3101146 6.617362 -0.445818 0.6025071 6.579844 -0.02755998 0.08561838 6.582408 0.2358396 0.3042877 6.554225 0.4806746 0.4901575 6.529473 -0.101106 0.2234581 6.570552 -0.2125454 0.6657105 6.567976 -0.2012417 1.06997 6.651769 -0.1828847 1.408996 6.725243 -0.03229062 0.6720033 6.612362 -0.01310746 1.083655 6.636416 -0.04152183 1.416072 6.736112  O_Hello_Close
-0.08495288 -0.008673906 6.536911 -0.163381 0.08022583 6.554995 -0.3563437 0.3101921 6.619528 -0.4465629 0.6027138 6.582125 -0.02857761 0.08536446 6.585636 0.2393298 0.3003031 6.557627 0.4906927 0.4775876 6.535463 -0.1020368 0.2232063 6.573277 -0.2131998 0.6655158 6.569098 -0.201661 1.06989 6.652302 -0.1831302 1.408915 6.725736 -0.0329443 0.6718562 6.613475 -0.01303772 1.083549 6.636193 -0.04154466 1.415908 6.73606  O_Hello_Close
-0.08648388 -0.009243846 6.542027 -0.1648335 0.07981932 6.55964 -0.3579338 0.3102933 6.622629 -0.4476325 0.6029966 6.585394 -0.03002868 0.08499503 6.590269 0.24417 0.2943847 6.562667 0.5042842 0.4590744 6.544712 -0.1033619 0.2228373 6.577187 -0.2141246 0.6652195 6.5707 -0.2022456 1.069757 6.653058 -0.1834679 1.408781 6.726433 -0.03386806 0.6716273 6.615063 -0.01291863 1.08337 6.635861 -0.04156308 1.415643 6.73597  O_Hello_Close
-0.08990793 -0.01025844 6.55266 -0.1680816 0.07919073 6.569057 -0.3613479 0.3107748 6.628705 -0.4497934 0.6038397 6.591317 -0.03331975 0.08442521 6.599865 0.2520363 0.282702 6.572 0.5263905 0.4230223 6.559986 -0.1063093 0.2222681 6.584991 -0.2160328 0.6647936 6.572972 -0.2033851 1.069576 6.654002 -0.1840163 1.408745 6.72655 -0.03584085 0.671321 6.617579 -0.01310722 1.083116 6.635229 -0.04180769 1.415307 6.735594  O_Hello_Close
-0.09139906 -0.01066267 6.55725 -0.1694943 0.07895327 6.573101 -0.362819 0.3110118 6.631288 -0.4507253 0.6042258 6.593799 -0.03475467 0.08421183 6.604002 0.2550801 0.2775567 6.576101 0.5346869 0.4073218 6.566857 -0.1075874 0.2220491 6.588329 -0.2168396 0.6646179 6.57386 -0.2038553 1.069498 6.654349 -0.1842249 1.40874 6.726483 -0.03668092 0.6711957 6.618594 -0.01320414 1.083003 6.634949 -0.04191206 1.415166 6.735406  O_Hello_Close
-0.09287135 -0.01104796 6.561797 -0.1708877 0.07873094 6.577105 -0.3642679 0.3112531 6.63384 -0.4516519 0.6046106 6.596252 -0.03617023 0.08401346 6.608098 0.2579564 0.2723516 6.580285 0.542311 0.3915515 6.574107 -0.1088461 0.2218412 6.591633 -0.2176266 0.66444 6.574732 -0.2043086 1.069415 6.654685 -0.1844191 1.40873 6.726407 -0.03750108 0.671068 6.619592 -0.01328568 1.082881 6.634664 -0.04200308 1.415016 6.73521  O_Hello_Close
-0.09453504 -0.01143706 6.566625 -0.1724659 0.07851887 6.581317 -0.3658308 0.31155 6.636515 -0.452792 0.6050169 6.598799 -0.03776829 0.08384514 6.612389 0.2610306 0.2663327 6.584124 0.5503717 0.3729722 6.580357 -0.11028 0.2216482 6.595017 -0.2185629 0.6642528 6.575309 -0.2048628 1.069305 6.654807 -0.1846763 1.408673 6.726191 -0.03846721 0.6709602 6.620277 -0.01345031 1.082771 6.634052 -0.04216437 1.414822 6.734877  O_Hello_Close
-0.09608559 -0.01176405 6.571009 -0.1739375 0.07835269 6.585123 -0.3672558 0.3118495 6.638925 -0.453889 0.6053968 6.601081 -0.03925638 0.08372664 6.616258 0.2637748 0.260534 6.587415 0.5573311 0.3550117 6.585671 -0.1116194 0.2214977 6.598034 -0.2194501 0.6640869 6.575676 -0.2053919 1.069198 6.65481 -0.1849273 1.408605 6.725929 -0.03937922 0.6708781 6.620731 -0.01362656 1.08268 6.633357 -0.04233251 1.41463 6.734514  O_Hello_Close
-0.103838 -0.01297498 6.592592 -0.181332 0.07786822 6.603698 -0.3738864 0.3136277 6.650744 -0.4600449 0.6072373 6.612303 -0.04671417 0.08362079 6.635037 0.2763922 0.2266791 6.603207 0.5838686 0.2482817 6.613001 -0.1184221 0.2210741 6.612368 -0.2242489 0.6632227 6.576064 -0.20841 1.068515 6.653921 -0.1865737 1.408016 6.724181 -0.04427366 0.670626 6.621403 -0.0145093 1.082295 6.628182 -0.04312889 1.413446 6.731952  O_Hello_Close
-0.1059134 -0.01309812 6.598268 -0.1833489 0.07790732 6.608411 -0.3753847 0.3142661 6.653712 -0.4619749 0.6077425 6.615225 -0.04877095 0.08384502 6.639887 0.2801866 0.2136191 6.606897 0.5881773 0.2044643 6.619636 -0.1203342 0.2211375 6.615829 -0.2257475 0.6630116 6.575233 -0.2095068 1.068288 6.653091 -0.1873816 1.407754 6.72343 -0.04583083 0.6706944 6.620759 -0.01468567 1.082289 6.625633 -0.04322557 1.413005 6.730798  O_Hello_Close
-0.1072187 -0.01305354 6.601875 -0.1846363 0.07804358 6.611307 -0.3762027 0.3147888 6.655494 -0.4632641 0.608134 6.617069 -0.05010555 0.08413708 6.642955 0.2828768 0.2030787 6.609169 0.5889273 0.1680607 6.623701 -0.1215805 0.2212964 6.617894 -0.2267675 0.6629353 6.574267 -0.2103304 1.068175 6.652277 -0.1880813 1.407592 6.722811 -0.04691933 0.670849 6.620023 -0.01472293 1.082377 6.623443 -0.04317276 1.412705 6.729847  O_Hello_Close
-0.1078737 -0.01298201 6.603741 -0.1852825 0.07816052 6.612799 -0.3766038 0.3151034 6.656404 -0.4638887 0.6083878 6.618021 -0.05077754 0.0843364 6.64454 0.2840932 0.1975126 6.610479 0.5882366 0.1489774 6.626144 -0.122206 0.2214233 6.618956 -0.2272744 0.6629314 6.573749 -0.2107436 1.068151 6.651843 -0.1884375 1.407542 6.722483 -0.04746376 0.670967 6.619631 -0.01472048 1.082457 6.622289 -0.04312054 1.412579 6.729346  O_Hello_Close
-0.1079172 -0.01283705 6.604623 -0.1853717 0.07831025 6.613232 -0.376496 0.3153088 6.656432 -0.4638046 0.6086169 6.618287 -0.05097173 0.08458054 6.645397 0.286116 0.1902221 6.611057 0.5863422 0.1215643 6.627014 -0.1223416 0.2215979 6.619283 -0.2273432 0.6629873 6.572778 -0.2110733 1.068138 6.651279 -0.1890267 1.407462 6.722326 -0.04768411 0.6711563 6.619226 -0.01446776 1.082614 6.620837 -0.04283051 1.412443 6.728801  O_Hello_Close
-0.1079352 -0.01265705 6.605642 -0.1854413 0.07849431 6.613729 -0.376336 0.3155568 6.656458 -0.4636614 0.6088956 6.618591 -0.0511652 0.08487582 6.646386 0.2881632 0.1816521 6.611917 0.5821467 0.08994138 6.628267 -0.1224655 0.2218109 6.619657 -0.2273858 0.6630579 6.571643 -0.2114281 1.06813 6.650617 -0.1896916 1.407374 6.722135 -0.04790525 0.6713844 6.618749 -0.01413522 1.0828 6.619147 -0.04243759 1.412285 6.728171  O_Hello_Close
-0.1078814 -0.01253664 6.606282 -0.185422 0.07861495 6.614027 -0.3761753 0.3157125 6.656453 -0.4634816 0.6090792 6.618755 -0.05123023 0.08506989 6.647014 0.2893505 0.176065 6.612562 0.578316 0.06963146 6.629148 -0.1224839 0.221951 6.619886 -0.227351 0.6631043 6.570905 -0.2116216 1.068125 6.650187 -0.1901085 1.407318 6.722013 -0.04799185 0.6715345 6.618452 -0.01388351 1.082922 6.618066 -0.04214958 1.412184 6.727775  O_Hello_Close
-0.1067958 -0.01240492 6.606647 -0.1844162 0.07871687 6.61393 -0.3751677 0.3157276 6.656031 -0.4619356 0.6092505 6.618307 -0.05038921 0.08526623 6.647562 0.2913891 0.1698028 6.612956 0.5731661 0.04550326 6.628949 -0.1215749 0.2220882 6.619963 -0.2264113 0.663146 6.570065 -0.211397 1.068113 6.649758 -0.1905333 1.407257 6.722005 -0.04728905 0.6717056 6.618475 -0.01327161 1.083099 6.617155 -0.041755 1.412121 6.727522  O_Hello_Close
-0.1051321 -0.01220345 6.60719 -0.182868 0.07887232 6.613783 -0.3736169 0.3157519 6.655398 -0.4595848 0.6095058 6.61764 -0.04909376 0.08556461 6.64838 0.2941179 0.1603348 6.613764 0.5630384 0.01013029 6.628753 -0.1201739 0.2222971 6.620074 -0.2249575 0.6632102 6.568805 -0.2110259 1.068096 6.649106 -0.1911458 1.407166 6.721977 -0.04619811 0.6719653 6.618504 -0.01230351 1.083362 6.615785 -0.04108326 1.412024 6.727143  O_Hello_Close
-0.1039387 -0.01210761 6.607796 -0.1817417 0.07893968 6.61398 -0.3725479 0.3157361 6.655255 -0.458065 0.6095989 6.617321 -0.04811065 0.0857296 6.649107 0.2956555 0.1553203 6.614217 0.5565744 -0.00847733 6.628215 -0.1191383 0.2223995 6.620371 -0.2239146 0.6632103 6.568214 -0.2106773 1.068084 6.648691 -0.1914219 1.407145 6.721771 -0.04536049 0.6720997 6.618622 -0.01169537 1.083509 6.615144 -0.04069768 1.411997 6.726959  O_Hello_Close
-0.1010647 -0.0119828 6.609761 -0.1789971 0.07900441 6.615148 -0.3700767 0.3156236 6.65562 -0.454771 0.6096234 6.616909 -0.04562382 0.0860213 6.651197 0.2986997 0.1472094 6.614902 0.544354 -0.0388906 6.626088 -0.1165789 0.2225426 6.621589 -0.22141 0.6631064 6.567492 -0.2096625 1.068059 6.647803 -0.1917328 1.407199 6.720855 -0.04322449 0.6723088 6.619132 -0.01045267 1.083778 6.614358 -0.0400422 1.412033 6.7267  O_Hello_Close
-0.099564 -0.01191723 6.610777 -0.1775615 0.07903755 6.615751 -0.3687821 0.3155644 6.655806 -0.4530511 0.6096342 6.6167 -0.0443242 0.08617342 6.652277 0.3001614 0.1429707 6.615363 0.5371123 -0.05416715 6.625119 -0.1152397 0.2226166 6.622217 -0.220095 0.6630502 6.567116 -0.2091217 1.068043 6.647336 -0.1918811 1.407222 6.720369 -0.04210387 0.6724162 6.619393 -0.009791298 1.083913 6.613944 -0.0396748 1.412049 6.726557  O_Hello_Close
-0.09709381 -0.01184082 6.612656 -0.1751858 0.07906318 6.617043 -0.3667068 0.3154482 6.656426 -0.4505755 0.6095275 6.61654 -0.04211782 0.08640432 6.65414 0.3023467 0.1370621 6.615294 0.5258015 -0.07537639 6.621793 -0.1130088 0.2227097 6.623405 -0.2179729 0.6629102 6.566673 -0.208201 1.067982 6.646649 -0.1920204 1.407242 6.71955 -0.04022316 0.6725597 6.619715 -0.008824034 1.084116 6.613458 -0.03919725 1.412095 6.726396  O_Hello_Close
-0.09501831 -0.01179671 6.614375 -0.1731815 0.0790658 6.618334 -0.3650022 0.3153385 6.657164 -0.448743 0.609352 6.61653 -0.04021637 0.08658624 6.655764 0.3040303 0.1328253 6.61467 0.5167184 -0.09046268 6.617916 -0.111116 0.2227688 6.624507 -0.2162203 0.6627594 6.566422 -0.2074061 1.067906 6.646126 -0.1920632 1.407244 6.718847 -0.03861718 0.6726568 6.619908 -0.008098884 1.084272 6.613184 -0.03889136 1.412148 6.726309  O_Hello_Close
-0.09019522 -0.01169801 6.618035 -0.1685162 0.07906377 6.621078 -0.361017 0.3150783 6.658641 -0.444461 0.6089219 6.616209 -0.03576599 0.08699358 6.65918 0.307493 0.1230556 6.612534 0.4931248 -0.1231674 6.608112 -0.1067028 0.222894 6.626801 -0.2121598 0.6623986 6.565751 -0.2055302 1.067695 6.644906 -0.1920938 1.407191 6.717267 -0.03486226 0.6728617 6.620136 -0.006431563 1.084611 6.612546 -0.03813682 1.41225 6.726106  O_Hello_Close
-0.08671342 -0.01166248 6.61955 -0.1651354 0.07902431 6.622204 -0.3580881 0.3148698 6.658894 -0.4413244 0.6085344 6.614846 -0.03244201 0.08721852 6.660447 0.3093841 0.1165574 6.607178 0.4741194 -0.1438704 6.595177 -0.1034835 0.2229384 6.627544 -0.2093341 0.662132 6.564958 -0.2041578 1.067462 6.644047 -0.1919718 1.407007 6.716397 -0.03211681 0.6729596 6.619532 -0.00538425 1.084827 6.612159 -0.03758828 1.412292 6.726078  O_Hello_Close
-0.08484881 -0.01164317 6.620344 -0.1633244 0.0790031 6.622791 -0.3565171 0.3147568 6.659018 -0.4396421 0.6083238 6.614116 -0.03066139 0.08733821 6.66111 0.3102494 0.1130304 6.604473 0.4632007 -0.1543013 6.588853 -0.1017583 0.2229614 6.627929 -0.207818 0.6619874 6.564526 -0.2034144 1.067334 6.64358 -0.1918934 1.406903 6.715923 -0.03064351 0.6730091 6.6192 -0.004814668 1.084936 6.611942 -0.03728346 1.41231 6.726048  O_Hello_Close
-0.0828173 -0.01164174 6.620454 -0.1613496 0.07895815 6.622794 -0.3547107 0.3146241 6.658524 -0.4374961 0.6081113 6.612488 -0.02868716 0.0874263 6.661086 0.3108561 0.1089933 6.599632 0.4489802 -0.1659715 6.579125 -0.09987365 0.2229617 6.627738 -0.2062178 0.6618385 6.563781 -0.2026147 1.067166 6.642971 -0.1917776 1.406731 6.715445 -0.02904354 0.6730424 6.618419 -0.004317684 1.085047 6.611747 -0.03700964 1.412295 6.726149  O_Hello_Close
-0.08147226 -0.01166093 6.61977 -0.1600407 0.07890642 6.622157 -0.3534201 0.3145263 6.657564 -0.4357633 0.6079863 6.610571 -0.02734594 0.08744204 6.660321 0.3109201 0.1061326 6.594503 0.4372998 -0.1740884 6.56983 -0.098621 0.2229373 6.627 -0.2052108 0.66175 6.563012 -0.2020949 1.06703 6.642466 -0.1916691 1.406559 6.715166 -0.02799003 0.6730452 6.61748 -0.00411181 1.085113 6.61166 -0.03688745 1.412251 6.726349  O_Hello_Close
-0.07981108 -0.0116874 6.618919 -0.1584237 0.07884014 6.621364 -0.3518265 0.3144009 6.656376 -0.4336284 0.6078231 6.608216 -0.02568953 0.08745861 6.659372 0.310852 0.1025716 6.588328 0.4223126 -0.1834764 6.559047 -0.09707318 0.2229047 6.626084 -0.2039642 0.6616386 6.562057 -0.2014448 1.066859 6.641838 -0.1915225 1.406343 6.714815 -0.02668683 0.6730456 6.616317 -0.003845138 1.085185 6.611545 -0.03672503 1.41219 6.726585  O_Hello_Close
-0.07647042 -0.01185369 6.614269 -0.1551588 0.07859206 6.617243 -0.3481977 0.3140826 6.651446 -0.4281015 0.6075013 6.600179 -0.02223866 0.08729064 6.654577 0.3088998 0.09419298 6.569173 0.3782316 -0.203545 6.528556 -0.09392725 0.222711 6.621844 -0.2015815 0.6614253 6.558972 -0.2001444 1.066344 6.640298 -0.1911091 1.405577 6.714545 -0.0240374 0.6729347 6.612331 -0.003650827 1.08523 6.611559 -0.03639255 1.412022 6.727242  O_Hello_Close
-0.07505624 -0.01198149 6.610945 -0.153769 0.07842851 6.614333 -0.3464674 0.3139044 6.648184 -0.4252091 0.6073436 6.595263 -0.02072297 0.0871222 6.651217 0.3070583 0.09008789 6.558115 0.3526948 -0.2114989 6.51265 -0.09257792 0.2225643 6.618942 -0.2006213 0.6613324 6.557121 -0.1995816 1.066037 6.639507 -0.1908585 1.40509 6.714616 -0.02289699 0.6728297 6.609879 -0.003699822 1.085179 6.611666 -0.03622464 1.411907 6.727593  O_Hello_Close
-0.07457016 -0.01209939 6.608572 -0.1532823 0.07829905 6.612269 -0.3456143 0.3138101 6.645911 -0.4236451 0.6072783 6.592106 -0.0201485 0.08695555 6.648844 0.3056213 0.08811259 6.551229 0.3359941 -0.2149935 6.503181 -0.09209268 0.2224342 6.616923 -0.2003225 0.6612744 6.555947 -0.1993513 1.065822 6.639102 -0.1906598 1.40474 6.714821 -0.02247242 0.6727173 6.608292 -0.003886385 1.085082 6.611978 -0.03617994 1.411887 6.727752  O_Hello_Close
-0.07424848 -0.01221299 6.606428 -0.1529555 0.07817781 6.610408 -0.3449299 0.3137279 6.643869 -0.4223497 0.6072229 6.589332 -0.01974349 0.08679342 6.646707 0.304259 0.08654153 6.545263 0.3211677 -0.2173088 6.495327 -0.09176092 0.2223092 6.61511 -0.2001369 0.6612214 6.554917 -0.1991781 1.065626 6.638768 -0.1904711 1.404419 6.715037 -0.02217476 0.6726055 6.606892 -0.004081769 1.084973 6.612309 -0.03614591 1.411874 6.727874  O_Hello_Close
-0.07379334 -0.0123781 6.603389 -0.1524921 0.07800138 6.607769 -0.3439624 0.3135997 6.640973 -0.420528 0.607125 6.585402 -0.01917051 0.08655977 6.643677 0.3022169 0.0843116 6.536914 0.2999512 -0.2196695 6.485003 -0.09129004 0.2221274 6.612539 -0.1998688 0.6611397 6.553451 -0.1989236 1.065339 6.638285 -0.1901919 1.403957 6.715329 -0.02174984 0.6724411 6.604905 -0.004341109 1.084798 6.612767 -0.03607545 1.411836 6.728037  O_Hello_Close
-0.07356618 -0.01252854 6.601092 -0.1522512 0.07784808 6.605771 -0.3432865 0.3135006 6.638822 -0.4192891 0.6070573 6.582647 -0.01884572 0.08635616 6.641378 0.3005602 0.08280969 6.530694 0.2828358 -0.2204802 6.477727 -0.09103285 0.2219658 6.610582 -0.1997334 0.6610567 6.552308 -0.1987325 1.065099 6.637883 -0.189921 1.403583 6.715505 -0.02149419 0.6722865 6.603359 -0.004594786 1.084623 6.613187 -0.03608422 1.411798 6.728135  O_Hello_Close
-0.07364212 -0.01301873 6.595669 -0.1522574 0.07737994 6.601043 -0.3419825 0.3132627 6.63395 -0.4170497 0.6069627 6.577269 -0.01864664 0.0857321 6.635909 0.2962466 0.08021379 6.516285 0.2373974 -0.2176861 6.462462 -0.09094606 0.2214569 6.605893 -0.1997755 0.6607523 6.549429 -0.1983065 1.064419 6.636755 -0.188995 1.402584 6.715695 -0.02124218 0.6717643 6.599491 -0.005518181 1.083989 6.614571 -0.03642635 1.411664 6.728242  O_Hello_Close
-0.07400738 -0.01341999 6.593223 -0.1525579 0.07701433 6.598933 -0.3413945 0.3131064 6.632322 -0.4162606 0.6070291 6.576537 -0.0188158 0.08528244 6.633313 0.2934985 0.07935655 6.508452 0.2074452 -0.2119284 6.455045 -0.09115832 0.2210586 6.603635 -0.1999785 0.6604374 6.547806 -0.1979891 1.063922 6.635961 -0.1881597 1.401937 6.715479 -0.02125697 0.6713352 6.597216 -0.00618772 1.083463 6.615312 -0.03678076 1.411502 6.728014  O_Hello_Close
-0.0744168 -0.01378632 6.591527 -0.1529071 0.07668447 6.597481 -0.3409918 0.3129703 6.631451 -0.4157925 0.607124 6.576807 -0.01905732 0.08488798 6.631454 0.2911973 0.07889509 6.502434 0.1827391 -0.2050394 6.450257 -0.09142606 0.2206997 6.602004 -0.2002094 0.6601324 6.546527 -0.1977178 1.063485 6.635271 -0.1873973 1.401393 6.715178 -0.02133344 0.6709439 6.595395 -0.006766183 1.082978 6.61587 -0.03710143 1.411331 6.727726  O_Hello_Close
-0.07483886 -0.01408207 6.591019 -0.1532866 0.07641816 6.597087 -0.3408274 0.3128604 6.631783 -0.4157284 0.6072341 6.578478 -0.01935772 0.08460224 6.630752 0.2894851 0.07888639 6.498755 0.1650812 -0.1985877 6.447411 -0.09174924 0.2204167 6.60137 -0.2005168 0.6598458 6.545835 -0.1975917 1.063133 6.634859 -0.1868557 1.400991 6.714926 -0.02152745 0.6706336 6.59429 -0.007198019 1.082604 6.616165 -0.03734891 1.411144 6.727521  O_Hello_Close
-0.0753154 -0.0143615 6.591247 -0.1537276 0.07616675 6.597357 -0.3407982 0.3127583 6.63296 -0.4159149 0.6073666 6.581279 -0.01972966 0.08435881 6.630744 0.2879837 0.07918072 6.496211 0.1500732 -0.1919343 6.4454 -0.09214483 0.2201546 6.601334 -0.2009101 0.6595408 6.545455 -0.1975486 1.062801 6.63459 -0.1864013 1.40064 6.714678 -0.02182154 0.6703439 6.59354 -0.007584078 1.082268 6.616321 -0.03758613 1.410934 6.727346  O_Hello_Close
-0.07571231 -0.01459479 6.59143 -0.154095 0.07595658 6.597573 -0.3407728 0.3126708 6.633924 -0.4160475 0.6074721 6.583591 -0.0200405 0.0841552 6.630731 0.2867132 0.07941484 6.494108 0.1378582 -0.1860056 6.444122 -0.09247522 0.2199354 6.601297 -0.2012392 0.6592859 6.545136 -0.1975162 1.062523 6.63436 -0.1860285 1.400347 6.714465 -0.02206926 0.6701012 6.592914 -0.007904453 1.081986 6.616443 -0.03777812 1.410755 6.727197  O_Hello_Close
-0.07709645 -0.01527441 6.593957 -0.1554296 0.07532239 6.600063 -0.3410547 0.3123553 6.638919 -0.4172117 0.6076196 6.592804 -0.02121667 0.08363998 6.632544 0.2829998 0.08076096 6.490196 0.1065041 -0.1673492 6.441257 -0.09376179 0.2193022 6.602839 -0.202698 0.6584185 6.5452 -0.1977737 1.061687 6.634224 -0.1851834 1.399547 6.714008 -0.02330003 0.6694084 6.592073 -0.008784933 1.081221 6.61664 -0.03817723 1.410173 6.726976  O_Hello_Close
-0.07799278 -0.01567137 6.596112 -0.156309 0.07494485 6.602149 -0.3413275 0.3121495 6.642588 -0.4181048 0.6076494 6.599084 -0.02200566 0.0833652 6.634227 0.2807525 0.0817672 6.488623 0.08967938 -0.155465 6.440494 -0.09463452 0.2189324 6.604294 -0.2037344 0.6578634 6.545563 -0.1980503 1.061182 6.634312 -0.1847713 1.399091 6.71378 -0.02420579 0.6690019 6.591898 -0.009294195 1.080786 6.616691 -0.03836654 1.409809 6.726903  O_Hello_Close
-0.0787534 -0.01599932 6.598543 -0.1570831 0.0746119 6.604479 -0.341611 0.3119291 6.646132 -0.4191072 0.6075284 6.604624 -0.02271585 0.08316326 6.636252 0.2789142 0.08269024 6.488181 0.07743658 -0.1457983 6.440179 -0.09544574 0.2186224 6.606077 -0.2047938 0.6573502 6.546299 -0.1984135 1.060746 6.634649 -0.1845146 1.398723 6.713722 -0.02517263 0.6686739 6.592228 -0.009734614 1.080457 6.616714 -0.03846179 1.409544 6.726825  O_Hello_Close
-0.07935207 -0.01625109 6.600601 -0.1576993 0.0743506 6.606447 -0.3418429 0.3117468 6.64902 -0.4199405 0.6073988 6.609042 -0.02328537 0.08301568 6.637992 0.2774693 0.08343101 6.488055 0.06841291 -0.1381841 6.440237 -0.09610246 0.2183826 6.607614 -0.2056739 0.6569375 6.546981 -0.1987334 1.060402 6.634975 -0.1843385 1.398438 6.713705 -0.02598481 0.6684212 6.592605 -0.01008586 1.080209 6.616724 -0.03852401 1.409347 6.726754  O_Hello_Close
-0.08027659 -0.01663446 6.603714 -0.1586575 0.07394755 6.609413 -0.3421772 0.311464 6.653265 -0.4211643 0.607177 6.615551 -0.02418063 0.08279026 6.640639 0.2752089 0.08442473 6.487977 0.05529245 -0.1266025 6.44098 -0.09713195 0.2180139 6.609945 -0.2070576 0.6562997 6.548022 -0.1992698 1.059861 6.635498 -0.184127 1.397981 6.713726 -0.02727704 0.6680328 6.59322 -0.01064472 1.07983 6.616671 -0.0386406 1.409021 6.726658  O_Hello_Close
-0.08124106 -0.01703095 6.606782 -0.1596788 0.07351327 6.612297 -0.3424726 0.3111575 6.657022 -0.4223526 0.6068767 6.62129 -0.02516572 0.08255219 6.64331 0.2728604 0.08497906 6.488305 0.04349997 -0.1159694 6.442285 -0.09825568 0.2176242 6.612281 -0.2085794 0.6556296 6.549096 -0.1999625 1.059268 6.636137 -0.1840958 1.39745 6.713951 -0.02874557 0.6676363 6.594008 -0.01126925 1.079457 6.616416 -0.03881214 1.408606 6.726641  O_Hello_Close
-0.08156 -0.01717269 6.607597 -0.1600175 0.07335818 6.613049 -0.3425417 0.3110499 6.658005 -0.4226874 0.6067747 6.622919 -0.02549861 0.08245695 6.644019 0.2720728 0.08495271 6.488357 0.03978469 -0.1127535 6.442982 -0.09862809 0.2174833 6.612884 -0.2090703 0.6554047 6.549324 -0.2001996 1.059055 6.636289 -0.1841127 1.397244 6.714024 -0.02922778 0.6674947 6.59418 -0.01147573 1.079325 6.61619 -0.03889154 1.408421 6.726606  O_Hello_Close
-0.08183174 -0.01733005 6.607765 -0.1603086 0.07318771 6.613156 -0.3425257 0.3109366 6.658162 -0.4228423 0.606674 6.623576 -0.02580117 0.0823251 6.644165 0.271391 0.08437073 6.488251 0.03690119 -0.1109636 6.44394 -0.09894721 0.2173249 6.612953 -0.2094548 0.6551994 6.549185 -0.2004219 1.058821 6.636263 -0.1841976 1.396983 6.714091 -0.0296288 0.6673422 6.594092 -0.01164828 1.079187 6.615626 -0.03901504 1.408132 6.726506  O_Hello_Close
-0.08200829 -0.01742768 6.607874 -0.1604977 0.07308149 6.613226 -0.3425157 0.310867 6.658263 -0.4229414 0.606613 6.624007 -0.02599774 0.08224392 6.644259 0.2709477 0.08399725 6.488183 0.03504558 -0.1097872 6.44457 -0.09915446 0.2172264 6.612998 -0.2097045 0.6550705 6.549095 -0.2005663 1.058674 6.636246 -0.1842532 1.396818 6.714134 -0.02988909 0.6672477 6.594036 -0.01176046 1.079103 6.615261 -0.03909413 1.407948 6.726442  O_Hello_Close
-0.08211337 -0.01751888 6.607228 -0.1606074 0.07298696 6.612568 -0.3424783 0.3108006 6.657531 -0.4229083 0.6065636 6.623433 -0.02612452 0.08214152 6.643678 0.2707205 0.0833149 6.487812 0.0343615 -0.1100847 6.44497 -0.09926687 0.217133 6.612423 -0.2097905 0.654997 6.548609 -0.200653 1.058545 6.636018 -0.1843451 1.396637 6.71413 -0.02999984 0.6671622 6.593652 -0.01175438 1.079022 6.614671 -0.03909944 1.407703 6.726336  O_Hello_Close
-0.0820698 -0.01763678 6.604012 -0.1605484 0.07287884 6.609413 -0.3423349 0.3107133 6.653953 -0.4224676 0.6065272 6.619597 -0.02612082 0.0819242 6.640792 0.2709785 0.08134615 6.486342 0.03664787 -0.1148258 6.444989 -0.09916751 0.2170074 6.609711 -0.2094508 0.6550469 6.546691 -0.2006224 1.058397 6.635041 -0.1845975 1.396309 6.713984 -0.02974044 0.6670585 6.592094 -0.01140199 1.078916 6.613084 -0.0388938 1.407141 6.726046  O_Hello_Close
-0.08204554 -0.01765358 6.602406 -0.1605148 0.07286763 6.607848 -0.3423547 0.310688 6.65218 -0.4223137 0.6065179 6.617555 -0.0261132 0.0818541 6.639356 0.2712389 0.08052635 6.485709 0.03867336 -0.1178354 6.444839 -0.09911202 0.2169863 6.608375 -0.2092729 0.6551192 6.545791 -0.2006054 1.058375 6.634584 -0.1847285 1.396203 6.713921 -0.02960031 0.6670477 6.591365 -0.01125453 1.078897 6.612504 -0.03882657 1.406943 6.725966  O_Hello_Close
-0.08200614 -0.01764536 6.599936 -0.1604599 0.07288492 6.605451 -0.3424588 0.3106637 6.649465 -0.4221273 0.6065093 6.614311 -0.02609692 0.08177674 6.637149 0.2717414 0.07939625 6.484817 0.04253842 -0.1229633 6.444555 -0.09902202 0.2169869 6.606335 -0.2089931 0.6552673 6.544455 -0.2005786 1.058383 6.633905 -0.1849348 1.396083 6.713829 -0.02937649 0.6670628 6.590284 -0.01105241 1.078894 6.611785 -0.03875486 1.406704 6.725897  O_Hello_Close
-0.08195971 -0.0176295 6.597066 -0.1603955 0.0729109 6.602667 -0.3425767 0.310642 6.64631 -0.4219017 0.6065071 6.610548 -0.02607767 0.08169258 6.634586 0.2723057 0.07808769 6.483779 0.0470583 -0.128837 6.444407 -0.09891753 0.2169926 6.603965 -0.2086695 0.6554425 6.542902 -0.200549 1.058395 6.633113 -0.1851763 1.395946 6.713718 -0.0291184 0.667083 6.589026 -0.010819 1.078894 6.610947 -0.03867255 1.406428 6.725811  O_Hello_Close
-0.08205716 -0.01757705 6.593739 -0.1604707 0.07297778 6.59942 -0.3429378 0.3106437 6.642481 -0.4216737 0.6065341 6.605643 -0.02621351 0.08162594 6.631629 0.2730215 0.07639778 6.483006 0.05403908 -0.1372991 6.444475 -0.09894244 0.2170327 6.601217 -0.2084112 0.6556814 6.54108 -0.2006079 1.058452 6.632127 -0.1855371 1.395834 6.713491 -0.02894817 0.6671345 6.587593 -0.01065604 1.078911 6.610148 -0.03864167 1.406185 6.725719  O_Hello_Close
-0.08248203 -0.01742339 6.587699 -0.1608524 0.07316148 6.593497 -0.343951 0.310693 6.635241 -0.4212705 0.6066329 6.595887 -0.02671931 0.0815568 6.626286 0.2743269 0.07301044 6.482322 0.06981178 -0.1549149 6.44588 -0.09922795 0.2171606 6.596227 -0.2081381 0.6561714 6.537742 -0.2008727 1.058626 6.630221 -0.1863305 1.395708 6.712914 -0.02885489 0.6672701 6.585028 -0.01053302 1.078969 6.608935 -0.0386884 1.40586 6.725544  O_Hello_Close
-0.08331667 -0.01726949 6.584813 -0.1616553 0.0733428 6.590611 -0.3453686 0.3107833 6.630927 -0.4212108 0.6067285 6.588833 -0.02760915 0.08158815 6.623791 0.2750757 0.07012093 6.484046 0.08518483 -0.1701669 6.447884 -0.09996299 0.2173021 6.593857 -0.2084802 0.6565099 6.536125 -0.2013999 1.058846 6.629129 -0.1870846 1.395802 6.712377 -0.02932297 0.6673998 6.583933 -0.01075856 1.079045 6.608575 -0.03881149 1.405855 6.725435  O_Hello_Close
-0.08399867 -0.01713908 6.582973 -0.1623097 0.07349753 6.588765 -0.3465424 0.3108647 6.627867 -0.4211706 0.6067841 6.583484 -0.02832542 0.08163118 6.622222 0.2756005 0.06770718 6.485953 0.09884168 -0.1824242 6.449968 -0.1005622 0.2174248 6.592366 -0.2087775 0.6567724 6.535134 -0.2018435 1.059052 6.628398 -0.1877121 1.395937 6.711958 -0.02970992 0.6675074 6.583312 -0.01091973 1.079121 6.608308 -0.03888748 1.405886 6.725315  O_Hello_Close
-0.08436851 -0.01706743 6.58257 -0.1626627 0.07358444 6.58835 -0.3472044 0.3109163 6.626743 -0.421201 0.6067887 6.581009 -0.02870111 0.08167005 6.621909 0.2758698 0.06634045 6.487556 0.1073066 -0.1892776 6.450811 -0.1008845 0.2174954 6.59207 -0.2089562 0.6568972 6.534981 -0.2020964 1.059189 6.628196 -0.188062 1.396076 6.711768 -0.0299214 0.6675662 6.583294 -0.01097648 1.079177 6.608207 -0.0388966 1.405942 6.725226  O_Hello_Close
-0.08477597 -0.01698887 6.582122 -0.1630518 0.07367969 6.58789 -0.3479298 0.3109704 6.625504 -0.4212188 0.6067898 6.578312 -0.02911506 0.08171272 6.62156 0.276127 0.06484103 6.489311 0.1167346 -0.1965281 6.452101 -0.1012401 0.2175729 6.591738 -0.2091544 0.6570336 6.534806 -0.2023755 1.059339 6.627968 -0.1884478 1.396227 6.711553 -0.03015552 0.6676303 6.583269 -0.01104067 1.079239 6.60809 -0.03890846 1.406003 6.725123  O_Hello_Close
-0.08527009 -0.01678872 6.582464 -0.1634809 0.07393503 6.588243 -0.3492692 0.3111365 6.623941 -0.4211638 0.6067012 6.573147 -0.02957158 0.0818305 6.622055 0.2769797 0.06088424 6.49484 0.1458127 -0.2153714 6.455059 -0.1015609 0.2177762 6.592295 -0.209076 0.6573768 6.535688 -0.2027754 1.059806 6.628349 -0.1893474 1.396782 6.711659 -0.03011732 0.6677861 6.58434 -0.01071726 1.079451 6.607994 -0.03871296 1.406151 6.725173  O_Hello_Close
-0.08538042 -0.01669645 6.582966 -0.1635552 0.07405734 6.588761 -0.3497984 0.3112154 6.623549 -0.4210966 0.6066287 6.57106 -0.02965073 0.08188462 6.622607 0.277405 0.05892956 6.497771 0.1615061 -0.2239226 6.456948 -0.1015771 0.2178714 6.592882 -0.2088976 0.6575379 6.536418 -0.2028977 1.060047 6.62875 -0.1897701 1.397086 6.711854 -0.02994631 0.6678549 6.585116 -0.01044504 1.079559 6.607975 -0.0385686 1.406212 6.725255  O_Hello_Close
-0.084953 -0.01662481 6.584239 -0.1630824 0.07416475 6.590086 -0.3497888 0.3113012 6.624356 -0.4209426 0.6065602 6.570813 -0.02915768 0.08192396 6.623868 0.2781888 0.05729783 6.500874 0.1790614 -0.2315983 6.458245 -0.1010347 0.217949 6.5942 -0.2081766 0.6576747 6.537856 -0.2027053 1.060305 6.629693 -0.1900556 1.397452 6.712431 -0.02919666 0.6679002 6.586469 -0.009777589 1.07969 6.607823 -0.03829817 1.406204 6.725391  O_Hello_Close
-0.08418773 -0.01652551 6.58652 -0.1622405 0.07432473 6.592448 -0.3497376 0.3114243 6.625974 -0.4207466 0.6064377 6.57091 -0.02828066 0.08197343 6.626116 0.2795385 0.05465281 6.506251 0.2094824 -0.2423054 6.461391 -0.100076 0.2180595 6.596529 -0.2069196 0.6578776 6.540342 -0.2023486 1.060717 6.631306 -0.1905098 1.398054 6.71339 -0.02788995 0.6679549 6.588802 -0.008631749 1.079879 6.607536 -0.03784184 1.406144 6.725628  O_Hello_Close
-0.08318858 -0.01647758 6.589454 -0.1611693 0.07443213 6.595416 -0.3494759 0.3115119 6.628957 -0.4210047 0.6063663 6.573712 -0.02717088 0.0819993 6.628948 0.2813032 0.0527761 6.512132 0.2397092 -0.2491996 6.465387 -0.09889625 0.2181236 6.599367 -0.2054751 0.6579928 6.543077 -0.201793 1.061073 6.633009 -0.190733 1.398634 6.714275 -0.02639048 0.6679627 6.591356 -0.007379813 1.080021 6.607167 -0.03738139 1.405962 6.725953  O_Hello_Close
-0.08235113 -0.01646471 6.592491 -0.1602728 0.07449925 6.598401 -0.3493066 0.311573 6.632166 -0.4214923 0.6063192 6.577199 -0.02625601 0.08201337 6.631872 0.2832272 0.05139375 6.518531 0.2678777 -0.2529341 6.471061 -0.09790848 0.2181553 6.602196 -0.204236 0.6580391 6.545546 -0.2012493 1.061358 6.634425 -0.1907983 1.399141 6.714846 -0.02512555 0.6679415 6.593742 -0.00627218 1.080101 6.606884 -0.03696094 1.40577 6.726238  O_Hello_Close
-0.08195673 -0.01647031 6.594226 -0.1598512 0.07452118 6.60007 -0.3492524 0.311597 6.63405 -0.4218685 0.6063039 6.579441 -0.02583323 0.08201897 6.633539 0.2843651 0.05084765 6.522323 0.282503 -0.2538732 6.47493 -0.09744398 0.2181612 6.603765 -0.2036376 0.6580367 6.5468 -0.2009503 1.061488 6.635085 -0.1907613 1.399394 6.715022 -0.02452574 0.6679195 6.594995 -0.005716724 1.080122 6.606766 -0.03674309 1.405665 6.726378  O_Hello_Close
-0.08149736 -0.01648295 6.596238 -0.1593602 0.07454062 6.602004 -0.3491883 0.3116161 6.636235 -0.4223047 0.6062759 6.582041 -0.0253409 0.08201897 6.635472 0.2856593 0.05020559 6.52673 0.2994251 -0.2542599 6.479659 -0.09690289 0.2181617 6.605582 -0.2029406 0.6580274 6.548252 -0.2006008 1.061632 6.635846 -0.190716 1.399679 6.715223 -0.02382706 0.6678871 6.596446 -0.005069656 1.080135 6.606624 -0.03648339 1.405529 6.726539  O_Hello_Close
-0.08135645 -0.01650715 6.598089 -0.1591957 0.07454371 6.603743 -0.3493455 0.31163 6.638305 -0.4229696 0.6062665 6.584673 -0.02518575 0.08201575 6.63725 0.286963 0.0499984 6.531398 0.3142978 -0.2536913 6.485248 -0.09669916 0.2181506 6.607208 -0.2025933 0.6579918 6.549427 -0.2003831 1.061725 6.636425 -0.190615 1.39989 6.715314 -0.02349357 0.6678466 6.597673 -0.004600866 1.08012 6.606461 -0.0362827 1.405436 6.726518  O_Hello_Close
-0.08140187 -0.01663625 6.604186 -0.159167 0.07450163 6.609441 -0.3502556 0.3116171 6.645326 -0.4257178 0.6061717 6.593842 -0.02519677 0.08196104 6.643109 0.2912892 0.04998636 6.54828 0.3624396 -0.2473395 6.507791 -0.09654628 0.218063 6.612534 -0.2019654 0.6578119 6.553203 -0.1998677 1.061971 6.638205 -0.1902437 1.400488 6.715585 -0.02292357 0.6676606 6.601665 -0.003260834 1.07997 6.60587 -0.03572444 1.405128 6.726148  O_Hello_Close
-0.0817803 -0.01671505 6.606484 -0.1595165 0.07445502 6.611608 -0.3508806 0.3115761 6.648199 -0.4271915 0.6060806 6.59769 -0.0255584 0.08190417 6.645328 0.2930317 0.05045843 6.555883 0.3810959 -0.2427826 6.519021 -0.096848 0.217998 6.614576 -0.2020907 0.6577199 6.554733 -0.1998474 1.062058 6.638878 -0.190159 1.400678 6.715799 -0.02306674 0.6675587 6.603263 -0.0029072 1.079859 6.605644 -0.03564922 1.405022 6.725831  O_Hello_Close
-0.08203833 -0.01677358 6.608083 -0.1597542 0.07441866 6.613116 -0.3513097 0.31154 6.650199 -0.4282185 0.6060053 6.600372 -0.02580462 0.0818609 6.646871 0.2941634 0.05077589 6.561217 0.3937555 -0.2391011 6.527201 -0.09705226 0.2179489 6.615997 -0.2021714 0.6576516 6.555797 -0.199826 1.062113 6.639343 -0.190092 1.400804 6.715943 -0.02315984 0.6674835 6.604374 -0.00265245 1.079772 6.605481 -0.03559033 1.404939 6.725604  O_Hello_Close
-0.08244537 -0.01685965 6.609374 -0.1601422 0.07434881 6.614408 -0.351767 0.3114667 6.652086 -0.429191 0.6058955 6.602845 -0.02618663 0.08176768 6.648144 0.2952665 0.0513314 6.566521 0.4059597 -0.2348629 6.535793 -0.09741084 0.2178668 6.617265 -0.2024491 0.6575839 6.557029 -0.199702 1.062334 6.639153 -0.1899614 1.400944 6.71611 -0.02342914 0.667385 6.605581 -0.00249402 1.079653 6.605455 -0.03558169 1.404859 6.725431  O_Hello_Close
-0.08302359 -0.01698208 6.610857 -0.1606968 0.07424414 6.615933 -0.3523505 0.311354 6.654414 -0.4303922 0.6057356 6.605871 -0.02672694 0.08162582 6.649621 0.2965544 0.05212772 6.573249 0.4207908 -0.2289218 6.547154 -0.09793036 0.2177466 6.61879 -0.2028867 0.6574984 6.558664 -0.1994904 1.062683 6.638595 -0.1897536 1.401115 6.716327 -0.02384625 0.6672492 6.607151 -0.002333207 1.079484 6.605483 -0.03559218 1.404756 6.725233  O_Hello_Close
-0.08345102 -0.0170747 6.611969 -0.1611065 0.07416475 6.617078 -0.3527809 0.3112663 6.656162 -0.4312938 0.6056094 6.608149 -0.02712582 0.08151829 6.650729 0.2974275 0.05270851 6.57835 0.4315366 -0.224094 6.556002 -0.09831361 0.2176558 6.619934 -0.2032082 0.6574333 6.55989 -0.1993236 1.062936 6.638168 -0.1895846 1.401234 6.716485 -0.02415238 0.6671463 6.608328 -0.002204938 1.079352 6.605499 -0.03559635 1.404674 6.725077  O_Hello_Close
-0.08401702 -0.01720715 6.612657 -0.1616604 0.07403517 6.617899 -0.3531909 0.3111411 6.657431 -0.431818 0.60549 6.609638 -0.02766172 0.08134031 6.651489 0.2981323 0.05359578 6.582769 0.4411746 -0.2189794 6.564167 -0.09885089 0.2175165 6.62087 -0.20373 0.6573663 6.561329 -0.1988459 1.063511 6.636142 -0.1892597 1.401356 6.716411 -0.02464847 0.6670111 6.609685 -0.002209587 1.079182 6.605783 -0.03567879 1.404594 6.725092  O_Hello_Close
-0.0845543 -0.01733005 6.613157 -0.1621882 0.07391179 6.618545 -0.3535472 0.311025 6.658434 -0.4321836 0.6053903 6.610758 -0.0281717 0.08116865 6.652074 0.2986735 0.05445731 6.586549 0.4492718 -0.2142324 6.571372 -0.09936659 0.2173852 6.621648 -0.2042439 0.6573107 6.562666 -0.1983378 1.064083 6.633912 -0.1889065 1.401426 6.71628 -0.02513675 0.6668868 6.610941 -0.002246423 1.079023 6.606107 -0.03577236 1.404527 6.725148  O_Hello_Close
-0.08582722 -0.01757514 6.614021 -0.1634464 0.07365644 6.619782 -0.3542623 0.310818 6.660145 -0.4325317 0.605275 6.612433 -0.02939378 0.08079326 6.653192 0.2996472 0.0568608 6.594271 0.465845 -0.2028064 6.586811 -0.1006074 0.2171131 6.623278 -0.2055039 0.657235 6.565814 -0.1976175 1.065081 6.630419 -0.1881932 1.401517 6.71642 -0.02634476 0.6666396 6.61393 -0.002382262 1.078687 6.607145 -0.03598354 1.404456 6.725441  O_Hello_Close
-0.08630614 -0.01764715 6.614174 -0.1639239 0.07357585 6.620091 -0.354465 0.3107718 6.660433 -0.4323897 0.6052912 6.612543 -0.02986102 0.08066499 6.65347 0.2999087 0.05795908 6.596478 0.470918 -0.1986262 6.591552 -0.1010845 0.2170275 6.623774 -0.2060006 0.6572313 6.566978 -0.1976063 1.065304 6.630073 -0.1880178 1.401569 6.716721 -0.0268266 0.6665674 6.615052 -0.002461774 1.078581 6.607678 -0.03605674 1.404472 6.725637  O_Hello_Close
-0.08676855 -0.01771402 6.614321 -0.1643849 0.07350016 6.620389 -0.3546591 0.3107294 6.660712 -0.4322487 0.6053094 6.612649 -0.03031198 0.08054316 6.653738 0.3001365 0.05901563 6.598638 0.4757034 -0.1945091 6.596211 -0.101545 0.2169468 6.624254 -0.2064798 0.6572294 6.568106 -0.1975942 1.065516 6.629735 -0.187834 1.401613 6.717011 -0.02729146 0.666499 6.616138 -0.002537174 1.078479 6.608193 -0.03612671 1.404488 6.725826  O_Hello_Close
-0.08716498 -0.01774716 6.614575 -0.1647866 0.07345724 6.62072 -0.3547912 0.3107387 6.660764 -0.4319485 0.6053762 6.61236 -0.03071718 0.08047628 6.654088 0.300296 0.06015468 6.600107 0.4787961 -0.1913242 6.599411 -0.1019544 0.2169037 6.624724 -0.2069066 0.6572326 6.568975 -0.1978481 1.065532 6.630489 -0.1877435 1.401752 6.717252 -0.02772324 0.6664668 6.617033 -0.002695901 1.078425 6.608824 -0.03630511 1.404588 6.726025  O_Hello_Close
-0.08752196 -0.01777041 6.61483 -0.1651496 0.07342494 6.621035 -0.3549018 0.3107574 6.660772 -0.4316382 0.6054477 6.612021 -0.03108583 0.08042526 6.654428 0.3004261 0.06123066 6.601363 0.4813504 -0.1885095 6.602153 -0.1023261 0.2168715 6.62516 -0.2072942 0.6572382 6.569739 -0.198131 1.065516 6.631384 -0.1876812 1.401901 6.717465 -0.02811889 0.6664448 6.617833 -0.002857668 1.078385 6.609432 -0.03648845 1.404697 6.726211  O_Hello_Close
-0.08805303 -0.01780105 6.615211 -0.1656898 0.07338047 6.621503 -0.3550637 0.3107879 6.660784 -0.4311703 0.6055555 6.611517 -0.03163449 0.08035326 6.654937 0.3006016 0.06283677 6.603256 0.4850794 -0.1842726 6.606293 -0.1028792 0.2168275 6.625811 -0.2078711 0.6572495 6.570878 -0.1985525 1.065493 6.632726 -0.1875948 1.402123 6.717779 -0.02870796 0.666415 6.619024 -0.003097756 1.078328 6.610338 -0.03675817 1.404862 6.726486  O_Hello_Close
-0.0883054 -0.01777625 6.615729 -0.1659551 0.07339609 6.621995 -0.3551369 0.3108505 6.660889 -0.4308894 0.6056515 6.611276 -0.03191332 0.08038294 6.65548 0.3006922 0.06390226 6.604063 0.4860569 -0.1825311 6.607927 -0.1031626 0.2168502 6.626332 -0.208184 0.6572621 6.571374 -0.1990416 1.06524 6.634977 -0.1875319 1.40235 6.718029 -0.02904038 0.6664465 6.61959 -0.003356202 1.078358 6.611081 -0.03702037 1.405123 6.726577  O_Hello_Close
-0.08862273 -0.01773977 6.616385 -0.1662886 0.07342112 6.622617 -0.3552269 0.3109338 6.661021 -0.4305317 0.6057761 6.610973 -0.03226415 0.08042586 6.656168 0.3008003 0.06525409 6.60509 0.4872765 -0.1803203 6.610009 -0.1035191 0.216884 6.62699 -0.2085778 0.6572834 6.572002 -0.1996602 1.064915 6.637818 -0.1874804 1.402617 6.718335 -0.0294588 0.6664916 6.620305 -0.003681345 1.078402 6.61202 -0.03734462 1.405456 6.726694  O_Hello_Close
-0.08882128 -0.01765096 6.61697 -0.1665101 0.07349336 6.623158 -0.3552484 0.311042 6.6611 -0.4301268 0.6059206 6.61063 -0.032504 0.08052933 6.656775 0.3009469 0.06659901 6.605735 0.4877793 -0.1786875 6.611435 -0.103774 0.2169703 6.627554 -0.2089009 0.657343 6.572485 -0.2006047 1.06436 6.642077 -0.1877044 1.402891 6.718917 -0.02980821 0.6665933 6.620876 -0.004041297 1.078514 6.613057 -0.03769557 1.405907 6.726764  O_Hello_Close
-0.08884554 -0.01752901 6.617329 -0.166558 0.07359827 6.623472 -0.3551949 0.311151 6.661105 -0.4297843 0.6060516 6.610337 -0.03256641 0.08067095 6.65714 0.3010975 0.06757879 6.605811 0.4874272 -0.1780832 6.611798 -0.103857 0.2170905 6.62787 -0.2090654 0.65743 6.57269 -0.2016273 1.063696 6.646631 -0.1881469 1.403056 6.719618 -0.02999346 0.6667297 6.621149 -0.004340334 1.078668 6.613918 -0.03797905 1.406358 6.72677  O_Hello_Close
-0.08871184 -0.01734746 6.617193 -0.1664625 0.07374752 6.623332 -0.3550525 0.3112497 6.660777 -0.4293329 0.6061733 6.609688 -0.0324832 0.08086741 6.657038 0.3012821 0.06843674 6.605158 0.485958 -0.1784722 6.611093 -0.1038203 0.2172641 6.627774 -0.2091899 0.6575719 6.572649 -0.20248 1.063184 6.650161 -0.1885819 1.40317 6.720093 -0.0301352 0.6669341 6.62116 -0.004785998 1.078909 6.615045 -0.03843651 1.406868 6.727109  O_Hello_Close
-0.08848689 -0.01721287 6.616604 -0.1662694 0.07385206 6.622784 -0.3548987 0.3112748 6.660279 -0.4290265 0.6062089 6.60903 -0.03229282 0.08100367 6.656494 0.3013981 0.06866145 6.604096 0.4841286 -0.1796997 6.609639 -0.1036774 0.2173884 6.627291 -0.2092007 0.6576843 6.572364 -0.2026563 1.063168 6.650562 -0.1887301 1.403239 6.720073 -0.03014944 0.6670873 6.62088 -0.005132062 1.079097 6.615805 -0.03882126 1.407141 6.727608  O_Hello_Close
-0.08825921 -0.01711357 6.616024 -0.166065 0.07392883 6.622244 -0.3547437 0.3112875 6.659803 -0.4288123 0.6062102 6.608403 -0.03208862 0.08110166 6.655951 0.3015082 0.06867158 6.603254 0.4827132 -0.1808124 6.608442 -0.1035098 0.2174796 6.626805 -0.2091494 0.6577699 6.572059 -0.2027043 1.063199 6.650544 -0.1888175 1.403278 6.720026 -0.0300983 0.6671998 6.62057 -0.005321367 1.079232 6.616208 -0.03902636 1.407289 6.72797  O_Hello_Close
-0.08738856 -0.01686633 6.613876 -0.1652527 0.07411611 6.620243 -0.3541542 0.3112844 6.658087 -0.4283146 0.6060895 6.606148 -0.03126905 0.08133423 6.653911 0.3019049 0.06797278 6.600821 0.4787711 -0.1846278 6.604784 -0.1027915 0.2177024 6.624969 -0.2087439 0.6579933 6.570835 -0.2024496 1.063478 6.64905 -0.1889466 1.403318 6.719763 -0.02968179 0.6674793 6.619295 -0.005502863 1.079561 6.616518 -0.03919987 1.407415 6.728874  O_Hello_Close
-0.08687596 -0.01673019 6.612727 -0.1647704 0.07422173 6.619159 -0.3538033 0.3112943 6.657118 -0.4280743 0.6060156 6.604862 -0.03078382 0.08146644 6.652809 0.302152 0.06757843 6.599488 0.4766593 -0.1866679 6.602713 -0.1023578 0.2178267 6.623958 -0.2084702 0.6581124 6.570095 -0.2023364 1.063571 6.648453 -0.1890334 1.403323 6.719628 -0.02940361 0.6676319 6.618531 -0.005507393 1.079734 6.61643 -0.03917984 1.407459 6.72917  O_Hello_Close
-0.08625393 -0.01658702 6.611545 -0.1641776 0.07433701 6.618016 -0.3533708 0.3113239 6.656017 -0.4278841 0.6059157 6.603377 -0.03018991 0.08161414 6.651655 0.3024796 0.06712556 6.59805 0.4745105 -0.1888125 6.600365 -0.1018116 0.2179608 6.622858 -0.2080742 0.6582302 6.569159 -0.2022669 1.063553 6.648245 -0.189152 1.403294 6.719505 -0.02900569 0.6677917 6.617579 -0.005326016 1.079908 6.615825 -0.03893016 1.407458 6.729094  O_Hello_Close
-0.08546017 -0.01640308 6.610036 -0.163421 0.07448542 6.616558 -0.3528188 0.3113627 6.654613 -0.427642 0.6057882 6.601484 -0.02943192 0.08180368 6.650183 0.3028938 0.06654978 6.596219 0.4717382 -0.1915094 6.597365 -0.1011146 0.2181332 6.621455 -0.2075687 0.6583817 6.567964 -0.2021775 1.063528 6.647979 -0.1892997 1.403255 6.719347 -0.02849786 0.6679969 6.616365 -0.005094273 1.08013 6.615052 -0.0386099 1.407455 6.728996  O_Hello_Close
-0.08438341 -0.01616132 6.608224 -0.1623943 0.0746845 6.614742 -0.3520984 0.3114311 6.65273 -0.4274077 0.6056287 6.599029 -0.0284168 0.08206904 6.648399 0.3034105 0.06577718 6.593685 0.4676529 -0.195237 6.593017 -0.1001657 0.2183648 6.619677 -0.2068426 0.6585649 6.566232 -0.2019185 1.063554 6.647065 -0.1894218 1.403175 6.719005 -0.02778791 0.668268 6.614676 -0.004688067 1.080419 6.613637 -0.0381311 1.40738 6.728643  O_Hello_Close
-0.08316378 -0.01590037 6.606493 -0.1612304 0.07490468 6.612909 -0.3513207 0.3115274 6.650628 -0.427271 0.605464 6.596403 -0.02728472 0.08237803 6.646672 0.303927 0.06490707 6.590753 0.4625486 -0.1995442 6.587743 -0.09908585 0.2186217 6.617834 -0.2059638 0.6587399 6.564116 -0.2014367 1.06367 6.645268 -0.1894649 1.403048 6.718434 -0.02695434 0.6685631 6.612702 -0.00410114 1.080728 6.61153 -0.03751783 1.407192 6.727943  O_Hello_Close
-0.08227603 -0.01570964 6.605247 -0.1603834 0.07506609 6.611581 -0.3507584 0.3115996 6.649088 -0.4271819 0.6053454 6.594495 -0.02646224 0.08260584 6.645427 0.304278 0.064273 6.588569 0.4586447 -0.2026588 6.583804 -0.0983002 0.2188101 6.616494 -0.205322 0.6588656 6.56255 -0.2010432 1.063785 6.643767 -0.1894827 1.402949 6.717984 -0.02634738 0.6687787 6.611246 -0.003675086 1.080953 6.609972 -0.03706698 1.40705 6.727418  O_Hello_Close
-0.08098094 -0.01544714 6.603768 -0.1591538 0.07529402 6.609784 -0.3500468 0.3117296 6.646568 -0.4272911 0.6052194 6.591755 -0.0253015 0.08297658 6.643868 0.3044213 0.06333327 6.583791 0.4499403 -0.2084224 6.574987 -0.09716485 0.2190837 6.614544 -0.204344 0.6589737 6.559572 -0.1994078 1.064676 6.636747 -0.1890954 1.40262 6.716504 -0.02546786 0.6690843 6.608589 -0.003097935 1.081275 6.607066 -0.036566 1.406741 6.726227  O_Hello_Close
-0.07988213 -0.01519096 6.602657 -0.1581078 0.07552361 6.608379 -0.3494331 0.3118889 6.644476 -0.427354 0.60519 6.589609 -0.02431355 0.08333385 6.642663 0.304383 0.06253493 6.579393 0.4413818 -0.2134728 6.566923 -0.09619527 0.2193516 6.612971 -0.2034973 0.6590872 6.557012 -0.1982184 1.065249 6.631708 -0.1889089 1.402287 6.715329 -0.02470414 0.6693749 6.606294 -0.00262831 1.081581 6.604727 -0.03613029 1.406546 6.72524  O_Hello_Close
-0.07794724 -0.0142827 6.602037 -0.1562334 0.07642579 6.606977 -0.3482103 0.3128688 6.640774 -0.4270503 0.6061622 6.587195 -0.02250932 0.08455014 6.64146 0.3019931 0.06060243 6.564965 0.4079102 -0.2280405 6.541064 -0.09440826 0.220317 6.610682 -0.2018429 0.6595907 6.551446 -0.1987321 1.064332 6.633604 -0.1894923 1.402029 6.714528 -0.02315025 0.6703225 6.600997 -0.002274675 1.082592 6.602171 -0.03547506 1.407032 6.724174  O_Hello_Close
-0.07983445 -0.01306152 6.597492 -0.1579069 0.07784593 6.602145 -0.348409 0.3150795 6.63282 -0.4244301 0.6092907 6.580208 -0.02415012 0.08577919 6.636546 0.291043 0.0574851 6.53618 0.3213191 -0.2467532 6.495846 -0.09574525 0.2216047 6.605322 -0.2021805 0.6609178 6.544592 -0.1989326 1.064569 6.631942 -0.1886668 1.402136 6.713285 -0.02344291 0.6714063 6.594033 -0.004369183 1.083658 6.603419 -0.03535322 1.40805 6.726129  O_Hello_Close
-0.08046179 -0.01300371 6.594952 -0.1585023 0.07792974 6.599636 -0.3485761 0.3152466 6.630115 -0.4238569 0.6096864 6.577717 -0.02479492 0.08574843 6.634254 0.2893166 0.05735695 6.531237 0.3056704 -0.2476839 6.488963 -0.09628396 0.2216562 6.603146 -0.2024379 0.6611149 6.54298 -0.1980075 1.065545 6.626596 -0.1882095 1.402041 6.712316 -0.02377169 0.6714445 6.592711 -0.00457309 1.08368 6.602552 -0.03531764 1.407873 6.725848  O_Hello_Close
-0.08113991 -0.0129472 6.592208 -0.1591458 0.07801414 6.596926 -0.3487564 0.3154186 6.627193 -0.4232416 0.6101019 6.575028 -0.02549206 0.08570862 6.631779 0.2874087 0.05721295 6.525912 0.2886216 -0.2480028 6.481795 -0.09686653 0.2217051 6.600794 -0.2027169 0.66132 6.541239 -0.1969921 1.066546 6.620822 -0.1876414 1.401819 6.711257 -0.02412818 0.6714773 6.591283 -0.004794283 1.083694 6.601614 -0.03527908 1.407671 6.72554  O_Hello_Close
-0.08207534 -0.01282299 6.58665 -0.1600761 0.07814062 6.591409 -0.3488461 0.3155761 6.621495 -0.4223131 0.6105986 6.569806 -0.02656279 0.08566105 6.626834 0.2847182 0.05759346 6.516843 0.2578782 -0.2461749 6.470923 -0.09777568 0.2217981 6.596096 -0.2032695 0.661673 6.537841 -0.1961073 1.067646 6.613403 -0.1872713 1.401299 6.709692 -0.02488254 0.6715842 6.588649 -0.004984422 1.083763 6.599432 -0.03544287 1.407198 6.724771  O_Hello_Close
-0.08252595 -0.01276994 6.5838 -0.1605283 0.07819128 6.588579 -0.348874 0.3156292 6.618589 -0.4218561 0.610815 6.567145 -0.02708988 0.0856266 6.624302 0.2833941 0.05782485 6.51232 0.2423907 -0.2442764 6.465867 -0.09822468 0.2218328 6.59369 -0.2035538 0.6618356 6.536107 -0.195723 1.068122 6.609898 -0.1871043 1.400977 6.708926 -0.02527432 0.6716261 6.587314 -0.005064411 1.083785 6.598292 -0.03554241 1.406934 6.724363  O_Hello_Close
-0.08291773 -0.01269746 6.581092 -0.1609565 0.07823265 6.58587 -0.3487948 0.3156276 6.615676 -0.4216106 0.6109145 6.564579 -0.02760653 0.08563089 6.621929 0.2820564 0.05841434 6.507697 0.2232574 -0.2408129 6.461761 -0.09870516 0.2218803 6.591426 -0.204017 0.6619718 6.534493 -0.1957574 1.068353 6.60771 -0.1871779 1.400716 6.708383 -0.02586405 0.6717055 6.586148 -0.005161567 1.083836 6.597252 -0.03574304 1.406788 6.723802  O_Hello_Close
-0.08330016 -0.01263881 6.578425 -0.1613797 0.07825637 6.583199 -0.3487028 0.3155982 6.612786 -0.4213767 0.610983 6.562053 -0.02811985 0.08562374 6.619597 0.2807023 0.05903316 6.503104 0.2039281 -0.2362511 6.458189 -0.09918843 0.2219124 6.589198 -0.2045045 0.6620852 6.532906 -0.1958499 1.068529 6.605731 -0.1872794 1.400443 6.707875 -0.02648036 0.6717706 6.585013 -0.005261106 1.083872 6.596234 -0.0359569 1.406641 6.72322  O_Hello_Close
-0.08356135 -0.01260245 6.577321 -0.1616652 0.0782727 6.582078 -0.3486401 0.3155967 6.611459 -0.4213535 0.6110265 6.561047 -0.02845262 0.08563423 6.618649 0.2797372 0.05944586 6.500525 0.1909846 -0.2326372 6.456767 -0.09951077 0.2219357 6.588284 -0.2048456 0.6621379 6.532257 -0.1960984 1.068506 6.605488 -0.1873899 1.400378 6.707758 -0.02688877 0.6718122 6.584596 -0.005375249 1.083896 6.595905 -0.03613059 1.406617 6.722998  O_Hello_Close
-0.08395194 -0.01255369 6.576771 -0.162087 0.0782969 6.581484 -0.3485475 0.3156223 6.610472 -0.4215087 0.6110921 6.560654 -0.02892224 0.08567357 6.618227 0.2782279 0.06004524 6.497529 0.1720703 -0.2265403 6.456254 -0.0999804 0.2219734 6.587854 -0.2053679 0.6621795 6.531956 -0.196763 1.068251 6.606833 -0.1876363 1.40047 6.707932 -0.02747933 0.6718723 6.584523 -0.005618555 1.083933 6.595976 -0.03643314 1.406703 6.722933  O_Hello_Close
-0.08451276 -0.01250172 6.577272 -0.1626619 0.07834005 6.581921 -0.3484981 0.3157357 6.61035 -0.4218582 0.6112471 6.561371 -0.02952312 0.08573747 6.618753 0.2761582 0.06065321 6.494714 0.1501084 -0.2182674 6.457044 -0.1005768 0.2220249 6.588315 -0.2059786 0.6622114 6.53229 -0.1978882 1.067657 6.610537 -0.1879718 1.400772 6.70857 -0.02812712 0.671932 6.584976 -0.00601594 1.083972 6.596704 -0.03675536 1.406956 6.723132  O_Hello_Close
-0.08505695 -0.01245093 6.579142 -0.1631873 0.07841039 6.583725 -0.3485354 0.3159499 6.611615 -0.4223461 0.6114808 6.563437 -0.03002833 0.0858264 6.62048 0.2742532 0.06099653 6.493548 0.1339218 -0.2114487 6.459122 -0.101073 0.2220912 6.58992 -0.2064242 0.6622313 6.533436 -0.1991588 1.066826 6.616048 -0.1883109 1.4012 6.709593 -0.02854393 0.671981 6.58602 -0.006452126 1.084012 6.598086 -0.03694741 1.40736 6.723641  O_Hello_Close
-0.08563296 -0.01240921 6.581252 -0.1637321 0.0784812 6.58579 -0.3486851 0.3161849 6.613188 -0.4227445 0.6117724 6.565747 -0.03053276 0.08590961 6.622396 0.2724483 0.06127691 6.492908 0.1209641 -0.205484 6.461356 -0.1015696 0.2221525 6.59172 -0.2068516 0.6622441 6.534733 -0.2002174 1.066086 6.621003 -0.1885247 1.401535 6.710506 -0.02891384 0.6720151 6.587118 -0.006910188 1.08404 6.599548 -0.0370547 1.40782 6.724072  O_Hello_Close
-0.08721004 -0.01234031 6.586747 -0.1651975 0.07864809 6.591243 -0.349503 0.3167922 6.617702 -0.423418 0.6126698 6.57187 -0.03185121 0.08607423 6.627311 0.2683685 0.0618552 6.492712 0.09843315 -0.1941427 6.466416 -0.1028647 0.2222755 6.596396 -0.2079106 0.6622604 6.538163 -0.2018778 1.064865 6.630076 -0.1885249 1.40213 6.712221 -0.02976344 0.6720415 6.589829 -0.008145435 1.084052 6.603369 -0.03722272 1.40904 6.724965  O_Hello_Close
-0.0879892 -0.01234138 6.5886 -0.1659247 0.07869112 6.593106 -0.3501013 0.3169976 6.619398 -0.4234968 0.6131061 6.574227 -0.03251944 0.08609462 6.62896 0.2668296 0.06214368 6.492758 0.09155954 -0.1903642 6.467764 -0.1035133 0.2222936 6.597991 -0.2084319 0.6622602 6.53939 -0.2019923 1.064866 6.63127 -0.188144 1.402322 6.712544 -0.03020052 0.6720153 6.590771 -0.008750839 1.084012 6.604983 -0.03746353 1.409479 6.725379  O_Hello_Close
-0.08891372 -0.01233923 6.590218 -0.1667899 0.07874238 6.594756 -0.3508774 0.3172085 6.620928 -0.4233398 0.6136301 6.576307 -0.03333102 0.08609831 6.630419 0.2652713 0.06255639 6.49278 0.08498038 -0.1864878 6.468767 -0.104288 0.2223126 6.599433 -0.2090309 0.6622908 6.540606 -0.2020741 1.064957 6.632181 -0.1877211 1.402531 6.712875 -0.0307232 0.6719851 6.591732 -0.009424491 1.083959 6.606817 -0.03781758 1.409935 6.725901  O_Hello_Close
-0.08985119 -0.01232982 6.590863 -0.1676711 0.07879663 6.595462 -0.3517789 0.3173681 6.62165 -0.4227383 0.614182 6.577221 -0.03418587 0.08606911 6.631043 0.2641837 0.0631063 6.492741 0.08093001 -0.1837471 6.468535 -0.1050823 0.2223295 6.600121 -0.2096038 0.6623777 6.541425 -0.202066 1.065207 6.632234 -0.1873137 1.402716 6.713128 -0.03125886 0.67196 6.592442 -0.0100346 1.083899 6.608539 -0.03829787 1.4103 6.726487  O_Hello_Close
-0.0907356 -0.01230431 6.590819 -0.1685035 0.07886243 6.5955 -0.3526613 0.3174989 6.621734 -0.4220651 0.6146856 6.577342 -0.03500871 0.08603239 6.631067 0.2633374 0.06372023 6.49238 0.07820685 -0.1816599 6.467488 -0.1058332 0.2223566 6.600261 -0.210116 0.6625085 6.541919 -0.2021177 1.065418 6.63233 -0.1870141 1.402876 6.713376 -0.03175775 0.6719512 6.592916 -0.0105267 1.083854 6.609908 -0.0387123 1.410611 6.726883  O_Hello_Close
-0.09226792 -0.01220083 6.588675 -0.1699492 0.07902813 6.593575 -0.3542738 0.3176694 6.61996 -0.4205247 0.6155158 6.575174 -0.03648631 0.08594453 6.629312 0.2624418 0.06509638 6.490705 0.0770237 -0.1797481 6.462853 -0.1071398 0.2224422 6.598884 -0.2109157 0.6628914 6.541897 -0.2023885 1.065719 6.632626 -0.1867928 1.403109 6.713859 -0.03260408 0.6719837 6.593121 -0.01111661 1.083815 6.611463 -0.03931532 1.411046 6.727105  O_Hello_Close
-0.09311686 -0.01209164 6.586406 -0.1707532 0.07916641 6.591477 -0.3550705 0.3177679 6.617761 -0.4197701 0.6158515 6.572291 -0.03732995 0.08590436 6.627395 0.2621583 0.06607282 6.489017 0.07894643 -0.1800776 6.458231 -0.1078704 0.2225292 6.597277 -0.2113318 0.6631998 6.541442 -0.2025965 1.065909 6.632678 -0.1868172 1.403191 6.714319 -0.03307746 0.6720436 6.592908 -0.01128982 1.083836 6.61177 -0.03951464 1.411117 6.727263  O_Hello_Close
-0.09467451 -0.01179731 6.581881 -0.1722275 0.07951331 6.587269 -0.3563052 0.3180716 6.612873 -0.4186064 0.6162924 6.565015 -0.0388727 0.08592403 6.6235 0.2618156 0.06824756 6.485593 0.0869493 -0.1829636 6.447922 -0.1092098 0.2227782 6.593953 -0.2121018 0.6638433 6.540219 -0.2030363 1.066333 6.632383 -0.1869906 1.40341 6.714819 -0.03394626 0.6722317 6.592101 -0.01159064 1.083958 6.611726 -0.0397434 1.411061 6.72774  O_Hello_Close
-0.09542219 -0.01153851 6.57981 -0.1729337 0.0798018 6.585293 -0.3568029 0.3183672 6.610152 -0.4183414 0.6163507 6.559888 -0.03960989 0.08607745 6.621662 0.2619934 0.06956267 6.484379 0.09710063 -0.1875584 6.441911 -0.1098493 0.2230219 6.592301 -0.2124655 0.6642378 6.539282 -0.203325 1.066658 6.631742 -0.1872488 1.40366 6.714478 -0.03435485 0.6724395 6.591348 -0.01172928 1.084152 6.610961 -0.03962312 1.411011 6.727721  O_Hello_Close
-0.09589206 -0.0111599 6.57915 -0.1733723 0.0802114 6.584559 -0.3571907 0.3188201 6.608578 -0.4184364 0.6163031 6.555095 -0.0400673 0.08644843 6.621003 0.2629829 0.07070279 6.485412 0.1158598 -0.1960886 6.437646 -0.1102379 0.2234099 6.591558 -0.212657 0.6646475 6.538339 -0.2036301 1.067081 6.630754 -0.1877072 1.404077 6.713544 -0.03457354 0.6727986 6.590506 -0.01181207 1.084532 6.609499 -0.03918074 1.411054 6.727323  O_Hello_Close
-0.09592502 -0.01093459 6.579716 -0.1733973 0.08045042 6.585005 -0.3573345 0.319095 6.608727 -0.4185517 0.6162881 6.553625 -0.04009281 0.08672297 6.621444 0.2639302 0.0710609 6.487319 0.1287962 -0.2015846 6.437243 -0.1102504 0.2236524 6.591819 -0.2126287 0.6648297 6.538025 -0.2037558 1.0673 6.630295 -0.1879974 1.40432 6.713017 -0.03454606 0.6730327 6.590187 -0.01181142 1.084792 6.608655 -0.03885494 1.411105 6.727132  O_Hello_Close
-0.09581338 -0.01077068 6.580485 -0.1732859 0.08062017 6.58567 -0.3574066 0.3192871 6.60936 -0.418563 0.616313 6.553298 -0.03997598 0.08694029 6.622081 0.2648958 0.07131124 6.489325 0.1395072 -0.2056563 6.437642 -0.1101397 0.2238313 6.592294 -0.2125315 0.6649389 6.537957 -0.2037956 1.067438 6.630114 -0.1881744 1.40448 6.712776 -0.03444098 0.67321 6.590081 -0.01174943 1.084992 6.608093 -0.03860674 1.41115 6.727035  O_Hello_Close
-0.09554939 -0.01059198 6.581705 -0.1730285 0.08080053 6.586759 -0.3574525 0.3194869 6.610604 -0.4184863 0.6163812 6.553717 -0.03970645 0.08719587 6.623113 0.2662415 0.07157469 6.492186 0.1526816 -0.2101471 6.438881 -0.1098932 0.2240287 6.593113 -0.2123446 0.6650324 6.538049 -0.2037853 1.067565 6.630075 -0.1883329 1.404633 6.712659 -0.03423665 0.6734099 6.590096 -0.01161669 1.085221 6.607526 -0.03832094 1.411208 6.726972  O_Hello_Close
-0.09509973 -0.01030993 6.583755 -0.1725924 0.0810827 6.588594 -0.3575357 0.3197896 6.612759 -0.41837 0.6164909 6.554665 -0.03925125 0.08760405 6.624856 0.2684627 0.07203317 6.497008 0.17465 -0.2164798 6.441655 -0.1094791 0.2243395 6.59451 -0.2120398 0.6651681 6.538262 -0.2037606 1.06776 6.630054 -0.1885742 1.404877 6.712489 -0.03390447 0.6737236 6.590187 -0.01138715 1.085581 6.606619 -0.03786562 1.411302 6.726836  O_Hello_Close
-0.09457438 -0.01011229 6.585861 -0.1720949 0.08126593 6.590521 -0.3576208 0.3199409 6.615344 -0.4185017 0.6165841 6.557001 -0.03874157 0.08791423 6.626714 0.2706854 0.07258487 6.501902 0.1939448 -0.2206869 6.445271 -0.1090261 0.2245564 6.596081 -0.211753 0.6652209 6.538857 -0.2036692 1.06789 6.630329 -0.1886572 1.405076 6.712511 -0.03359989 0.6739542 6.590691 -0.01108973 1.085855 6.606007 -0.03761457 1.411441 6.726582  O_Hello_Close
-0.09403454 -0.009913325 6.588033 -0.1715838 0.0814501 6.592506 -0.35771 0.3200836 6.618011 -0.4186041 0.6166751 6.55942 -0.03821788 0.0882293 6.628629 0.272933 0.07315242 6.506986 0.2141087 -0.2240947 6.449644 -0.1085607 0.2247745 6.597698 -0.2114586 0.6652665 6.539464 -0.203576 1.068015 6.630603 -0.1887439 1.405273 6.712523 -0.03328721 0.6741831 6.591203 -0.01078389 1.086126 6.605363 -0.03734783 1.411571 6.726308  O_Hello_Close
-0.09348254 -0.009677052 6.591027 -0.171076 0.08166063 6.595251 -0.3581103 0.3201842 6.622022 -0.4192746 0.6168164 6.56392 -0.03771637 0.08860028 6.631366 0.2763775 0.07437289 6.515169 0.2436192 -0.2268404 6.457707 -0.108122 0.2250286 6.600065 -0.211226 0.6653144 6.540648 -0.2035104 1.068193 6.631223 -0.1888293 1.405568 6.712688 -0.03306333 0.6744545 6.592378 -0.01036547 1.086446 6.604667 -0.03724162 1.411737 6.725957  O_Hello_Close
-0.09318177 -0.009543896 6.592876 -0.1708034 0.08177674 6.596946 -0.3584162 0.3202115 6.624574 -0.4197933 0.6168951 6.566962 -0.03745298 0.08881128 6.633077 0.2785263 0.07521641 6.520528 0.2622292 -0.2274468 6.463663 -0.1078935 0.2251709 6.601556 -0.211118 0.6653351 6.541451 -0.2034812 1.068299 6.631653 -0.1888722 1.40575 6.712815 -0.03296814 0.674607 6.593202 -0.01010404 1.086624 6.604269 -0.03723113 1.411828 6.725737  O_Hello_Close
-0.09315287 -0.009310603 6.596502 -0.1708168 0.0819875 6.600257 -0.3595465 0.3202137 6.629951 -0.4217978 0.6169959 6.573803 -0.03754095 0.08913577 6.63664 0.2836064 0.07805645 6.534463 0.3060009 -0.2248093 6.480843 -0.1079701 0.2254133 6.604741 -0.211241 0.6654323 6.54366 -0.2036178 1.06861 6.632903 -0.1890448 1.406246 6.713297 -0.03319768 0.6748626 6.595748 -0.009519977 1.086905 6.603752 -0.03741608 1.411902 6.725598  O_Hello_Close
-0.09332566 -0.009218454 6.598158 -0.1710044 0.08207321 6.601765 -0.3602434 0.3201818 6.632542 -0.4230785 0.6169997 6.577239 -0.03778295 0.08924901 6.63834 0.2860955 0.07973969 6.542155 0.328233 -0.2215258 6.49148 -0.1081791 0.2255071 6.606286 -0.2114051 0.6654923 6.544886 -0.2037378 1.068784 6.633608 -0.189144 1.406518 6.713589 -0.0334395 0.6749607 6.597232 -0.009212716 1.087 6.603593 -0.03756575 1.411889 6.725622  O_Hello_Close
-0.09495293 -0.009141922 6.599423 -0.1726023 0.08218002 6.602894 -0.3621831 0.320172 6.635604 -0.4258948 0.6170782 6.581799 -0.03954516 0.08920169 6.640093 0.2896896 0.08376575 6.556572 0.3669914 -0.211504 6.512473 -0.1097275 0.225571 6.608043 -0.2124564 0.665753 6.547223 -0.2044915 1.069261 6.634932 -0.1896995 1.407168 6.714137 -0.0347263 0.6750072 6.6004 -0.008755369 1.086978 6.603463 -0.03783081 1.411652 6.725891  O_Hello_Close
-0.09581153 -0.009117484 6.599813 -0.1734418 0.08222246 6.603234 -0.3631246 0.3201617 6.636824 -0.4272455 0.6171029 6.583703 -0.04046736 0.08915293 6.640745 0.2910161 0.08563173 6.563342 0.3838048 -0.2057275 6.523285 -0.110537 0.2255877 6.608726 -0.2129989 0.6658842 6.548285 -0.2048716 1.06949 6.635525 -0.1899694 1.407477 6.714373 -0.03538714 0.6750118 6.60188 -0.008533223 1.086934 6.603405 -0.03793524 1.41151 6.726019  O_Hello_Close
-0.1005781 -0.009220243 6.597741 -0.1781015 0.08220696 6.601254 -0.3673534 0.3200449 6.637728 -0.4319402 0.6172711 6.58681 -0.04545675 0.08861041 6.640006 0.2920126 0.09214675 6.581612 0.4292328 -0.1827663 6.555195 -0.1150374 0.2254225 6.608535 -0.2163088 0.6663783 6.550962 -0.2048817 1.072019 6.62777 -0.1905306 1.408292 6.713727 -0.03916876 0.674772 6.606212 -0.008420033 1.086407 6.602346 -0.03848098 1.410556 6.725924  O_Hello_Close
-0.1025949 -0.009234428 6.596502 -0.1800851 0.08221817 6.600087 -0.3689914 0.3200517 6.637349 -0.4336277 0.6173475 6.586904 -0.04754613 0.08843648 6.639228 0.2913259 0.09461951 6.585738 0.4417695 -0.1736228 6.562997 -0.1169747 0.2253799 6.607994 -0.2178789 0.6665631 6.551529 -0.204844 1.072948 6.624031 -0.1907258 1.408371 6.713281 -0.04089002 0.6746985 6.607299 -0.008577509 1.086193 6.601644 -0.03869734 1.410194 6.725594  O_Hello_Close
-0.1042426 -0.009234309 6.595475 -0.1817056 0.08223891 6.599119 -0.3703289 0.3200654 6.637028 -0.4350183 0.617416 6.586973 -0.04925422 0.08830428 6.638579 0.2906601 0.09661245 6.589183 0.4515599 -0.1657625 6.569817 -0.1185583 0.2253551 6.607541 -0.2191631 0.6667221 6.551985 -0.2047839 1.073676 6.620952 -0.1909005 1.408382 6.712894 -0.04229925 0.6746442 6.608181 -0.008691831 1.086012 6.601064 -0.03886215 1.409892 6.725318  O_Hello_Close
-0.1057007 -0.009224653 6.594556 -0.1831395 0.08226681 6.598252 -0.3715123 0.3200841 6.636737 -0.4362587 0.617481 6.587033 -0.05076663 0.08819532 6.637996 0.289991 0.09835434 6.592297 0.4598747 -0.1585207 6.576201 -0.1199603 0.2253413 6.607131 -0.2202999 0.6668698 6.552385 -0.2047078 1.074299 6.618209 -0.1910665 1.408351 6.712534 -0.04354815 0.674601 6.608959 -0.008781476 1.085848 6.600547 -0.03899876 1.409621 6.72507  O_Hello_Close
-0.1071475 -0.009173393 6.594109 -0.1845803 0.08232284 6.597814 -0.372705 0.3201444 6.636685 -0.4377044 0.6175144 6.587152 -0.05225239 0.08819449 6.637715 0.2891146 0.1002825 6.594229 0.4668348 -0.1513469 6.579996 -0.1213953 0.2253809 6.606916 -0.221623 0.6669782 6.552523 -0.2050814 1.074608 6.61686 -0.1912841 1.408299 6.71243 -0.04493527 0.6746297 6.609307 -0.009094043 1.085762 6.599877 -0.0392851 1.40948 6.724549  O_Hello_Close
-0.1102597 -0.009044886 6.593139 -0.1876796 0.08246171 6.59686 -0.3752688 0.3202883 6.636566 -0.4408412 0.6175962 6.587415 -0.05544899 0.0882107 6.6371 0.2870915 0.1044141 6.598489 0.4810139 -0.1351753 6.588722 -0.1244833 0.2254833 6.606442 -0.224472 0.667227 6.552803 -0.2058649 1.075257 6.61396 -0.191746 1.408158 6.7122 -0.04792277 0.6747071 6.610039 -0.009749813 1.085574 6.598426 -0.03989516 1.409175 6.723413  O_Hello_Close
-0.1116971 -0.00895083 6.593318 -0.189116 0.08255863 6.596989 -0.3765127 0.3204153 6.636942 -0.4425873 0.6176459 6.587997 -0.05689577 0.08831787 6.637262 0.2860556 0.1065056 6.599956 0.4864025 -0.1277946 6.591654 -0.1259191 0.225582 6.606542 -0.2258842 0.6673105 6.552733 -0.2064558 1.07541 6.613164 -0.1919113 1.408131 6.711953 -0.04934983 0.6748052 6.610013 -0.01017885 1.085561 6.597805 -0.04025565 1.409086 6.723002  O_Hello_Close
-0.1131736 -0.008843064 6.593621 -0.1905924 0.0826689 6.59723 -0.377801 0.3205614 6.637411 -0.4444386 0.6177032 6.58869 -0.05837629 0.0884515 6.637513 0.2849574 0.1086963 6.601378 0.4916074 -0.1201108 6.594486 -0.1273958 0.2256976 6.606704 -0.2273531 0.6673947 6.552623 -0.2071062 1.075544 6.612449 -0.1920687 1.408113 6.711672 -0.05082456 0.6749225 6.609916 -0.01064257 1.085564 6.597175 -0.04064308 1.409008 6.722601  O_Hello_Close
-0.1148667 -0.008709311 6.593981 -0.1922844 0.08280635 6.597518 -0.3792795 0.3207433 6.637951 -0.4465761 0.6177823 6.58951 -0.06007044 0.08861673 6.637805 0.2836694 0.1112473 6.602993 0.4973033 -0.1110976 6.597731 -0.1290862 0.2258412 6.606891 -0.2290342 0.6674994 6.552477 -0.2078536 1.075697 6.611643 -0.1922358 1.408095 6.711352 -0.05250881 0.6750671 6.609775 -0.01117496 1.085576 6.596456 -0.04108826 1.408925 6.722148  O_Hello_Close
-0.1164237 -0.008547187 6.594542 -0.1938245 0.08298564 6.598006 -0.3806711 0.3210251 6.638499 -0.4487132 0.6179672 6.590508 -0.06157295 0.08883953 6.638162 0.2825187 0.1141117 6.603818 0.5015867 -0.1028968 6.599253 -0.1305967 0.2260255 6.607095 -0.2305289 0.6676126 6.552079 -0.2086122 1.07578 6.611185 -0.1922579 1.408072 6.711126 -0.05395005 0.6752439 6.609203 -0.01172332 1.085662 6.595885 -0.041472 1.408888 6.721931  O_Hello_Close
-0.1175436 -0.008423567 6.594946 -0.1949324 0.08312154 6.598357 -0.3816716 0.3212343 6.638893 -0.4502473 0.6181073 6.591234 -0.06265371 0.08900654 6.638419 0.2816698 0.1161817 6.604424 0.504567 -0.09690237 6.600372 -0.1316832 0.2261646 6.607243 -0.2316041 0.6677 6.551792 -0.2091567 1.075845 6.610854 -0.1922705 1.408061 6.710961 -0.05498682 0.6753769 6.608791 -0.01211653 1.085728 6.595473 -0.04174827 1.408867 6.721772  O_Hello_Close
-0.1186962 -0.008286715 6.595353 -0.1960677 0.08327484 6.598711 -0.3827015 0.3214724 6.639276 -0.4518301 0.6182802 6.592012 -0.0637586 0.08918667 6.638669 0.2807958 0.1184313 6.605001 0.5075212 -0.09058356 6.60143 -0.1327889 0.2263182 6.607378 -0.2326796 0.6678029 6.551471 -0.2096931 1.075927 6.610471 -0.1922611 1.408045 6.71081 -0.05601911 0.6755197 6.608331 -0.01252423 1.085807 6.595081 -0.04203806 1.408848 6.721657  O_Hello_Close
-0.1197022 -0.008142233 6.595664 -0.1970323 0.0834558 6.598983 -0.3836035 0.3217791 6.639488 -0.4532417 0.6185644 6.592835 -0.06468253 0.08936191 6.638807 0.2801095 0.1210171 6.605223 0.509896 -0.0846293 6.601738 -0.1336856 0.2264835 6.607412 -0.2334459 0.66794 6.551052 -0.210033 1.07606 6.60991 -0.1921401 1.40799 6.710789 -0.05672787 0.6756535 6.607734 -0.01290224 1.08592 6.594925 -0.04231958 1.408837 6.72184  O_Hello_Close
-0.1220874 -0.007760167 6.59687 -0.1992828 0.08395684 6.600036 -0.3856685 0.3226702 6.640215 -0.456373 0.6194419 6.595105 -0.06683616 0.08981979 6.639543 0.2784563 0.1277479 6.606125 0.5152298 -0.06981289 6.602607 -0.1357192 0.226925 6.607815 -0.2349931 0.6683173 6.550107 -0.2106058 1.076485 6.608234 -0.1916531 1.407903 6.710592 -0.05813805 0.6759857 6.606366 -0.0136721 1.086214 6.594567 -0.04293523 1.408816 6.722314  O_Hello_Close
-0.123366 -0.007510781 6.598531 -0.2004106 0.08433986 6.601487 -0.3866176 0.3234626 6.641094 -0.4576243 0.6203123 6.596982 -0.06791048 0.09011734 6.640826 0.2776503 0.1325926 6.60737 0.51789 -0.06072628 6.60324 -0.1366091 0.2272301 6.608733 -0.2352397 0.6685929 6.549713 -0.2104156 1.07691 6.606595 -0.1909858 1.407917 6.710185 -0.05830954 0.6761585 6.605749 -0.01382069 1.086397 6.594411 -0.04316561 1.408788 6.722672  O_Hello_Close
-0.1244258 -0.007255435 6.601342 -0.2013023 0.08474708 6.603927 -0.3873225 0.3243467 6.642686 -0.4584281 0.6212915 6.599382 -0.06877027 0.09046113 6.643168 0.2769516 0.1378093 6.609388 0.5200556 -0.05186319 6.603985 -0.1372382 0.2275525 6.610496 -0.2351023 0.6688238 6.549546 -0.210015 1.077329 6.604942 -0.1902102 1.407991 6.709558 -0.05812786 0.6763204 6.605452 -0.01371603 1.086567 6.594118 -0.04326765 1.408759 6.722832  O_Hello_Close
-0.1249847 -0.007080078 6.604041 -0.201736 0.08503652 6.606262 -0.3876243 0.3250026 6.644257 -0.4586587 0.6220235 6.601359 -0.0691977 0.09072363 6.645486 0.2765548 0.1415734 6.611272 0.5211795 -0.04608965 6.604517 -0.1374777 0.2277793 6.612275 -0.2347386 0.6689414 6.549595 -0.2095958 1.0776 6.603824 -0.1896167 1.408079 6.708982 -0.05775617 0.6764158 6.605478 -0.01346676 1.086667 6.593825 -0.0432441 1.408733 6.722802  O_Hello_Close
-0.1255003 -0.006904006 6.606522 -0.2021358 0.0853163 6.608409 -0.3879023 0.3256158 6.645699 -0.4588702 0.6227065 6.603176 -0.06959175 0.09097779 6.647618 0.2761273 0.1450495 6.612998 0.5221327 -0.04075038 6.60499 -0.1376984 0.2279989 6.613912 -0.2344026 0.6690547 6.549642 -0.209206 1.077851 6.602797 -0.1890465 1.40816 6.708455 -0.05741272 0.6765075 6.605504 -0.01323359 1.086762 6.593559 -0.04321585 1.408712 6.722777  O_Hello_Close
-0.1264136 -0.00635314 6.616663 -0.2027535 0.0861299 6.617169 -0.3883848 0.3273492 6.65191 -0.459126 0.624559 6.609844 -0.07024209 0.09191 6.65647 0.2747146 0.1574876 6.618958 0.5231817 -0.02460766 6.604475 -0.1378632 0.2286676 6.620775 -0.2330617 0.6690964 6.550261 -0.2080853 1.078255 6.600663 -0.1876433 1.408244 6.70726 -0.05612026 0.6767563 6.606249 -0.01226805 1.086983 6.592306 -0.04295019 1.408684 6.721978  O_Hello_Close
-0.126708 -0.006119967 6.620497 -0.2029428 0.08645105 6.62048 -0.3885376 0.3279884 6.654267 -0.4591991 0.6252344 6.612325 -0.07044588 0.09228539 6.659821 0.2740133 0.1621619 6.621107 0.523219 -0.01869369 6.604015 -0.1378922 0.2289319 6.623378 -0.2325516 0.669095 6.550519 -0.2076714 1.078377 6.599957 -0.187118 1.40826 6.706861 -0.05563144 0.6768457 6.606561 -0.01189188 1.087057 6.591828 -0.04282407 1.408673 6.721653  O_Hello_Close
-0.126755 -0.005891085 6.624816 -0.2029223 0.08673346 6.62422 -0.3885758 0.3285166 6.657014 -0.4592144 0.6257504 6.614946 -0.07044433 0.09269857 6.663606 0.2730981 0.168274 6.622715 0.5224467 -0.01193881 6.601432 -0.1377696 0.2291814 6.626334 -0.2320652 0.6689854 6.55088 -0.2073334 1.078346 6.599736 -0.1866965 1.408199 6.706719 -0.05517237 0.6769308 6.606982 -0.01149826 1.087111 6.591233 -0.04263506 1.408636 6.721233  O_Hello_Close
-0.1268121 -0.005578637 6.630137 -0.2028947 0.08710825 6.628827 -0.3886183 0.3291852 6.660395 -0.4592318 0.6264032 6.618172 -0.0704398 0.09323323 6.668266 0.2716989 0.1757952 6.62465 0.5211199 -0.003618717 6.598113 -0.1376139 0.2295085 6.629977 -0.2314547 0.6688505 6.551332 -0.2069025 1.078307 6.599468 -0.1861529 1.408121 6.706549 -0.05459533 0.6770344 6.607504 -0.01099776 1.087173 6.590503 -0.04237859 1.408586 6.720722  O_Hello_Close
-0.1267726 -0.004453301 6.647417 -0.2026041 0.08837998 6.643854 -0.388518 0.3312892 6.671614 -0.4590483 0.6283493 6.628159 -0.07020234 0.09505463 6.683382 0.2634618 0.2040527 6.627819 0.5103211 0.02583385 6.578799 -0.1369441 0.2305967 6.64187 -0.22947 0.6682739 6.553043 -0.2054595 1.078029 6.598859 -0.1844343 1.407849 6.705865 -0.05268757 0.6772718 6.609333 -0.009217663 1.087216 6.587898 -0.0412241 1.408235 6.718935  O_Hello_Close
-0.1267142 -0.003828406 6.655917 -0.2024114 0.08907104 6.651361 -0.388291 0.3323809 6.677528 -0.4588307 0.6292897 6.633068 -0.0699871 0.09598482 6.690772 0.2562103 0.2203431 6.627284 0.5002481 0.04300618 6.563241 -0.1365447 0.2311612 6.647798 -0.2284613 0.6679739 6.554211 -0.2047311 1.077892 6.598689 -0.1836602 1.40771 6.705697 -0.05164758 0.6773295 6.610344 -0.008204741 1.087144 6.586509 -0.04049162 1.407908 6.7181  O_Hello_Close
-0.1266488 -0.003105164 6.664833 -0.2021846 0.08987629 6.659362 -0.3878744 0.333638 6.684166 -0.458494 0.6303238 6.638363 -0.0696808 0.09698796 6.69847 0.2451829 0.2390796 6.625236 0.4846818 0.06341791 6.542244 -0.1360657 0.2317965 6.654096 -0.2273474 0.6677008 6.555772 -0.2039383 1.077815 6.598587 -0.182895 1.407575 6.705774 -0.05042122 0.67736 6.611498 -0.007000012 1.087012 6.584974 -0.03959606 1.407437 6.717312  O_Hello_Close
-0.1265588 -0.00275588 6.669685 -0.2019892 0.09029424 6.663934 -0.3873814 0.3343483 6.688552 -0.4582134 0.6307948 6.641543 -0.06935833 0.09744442 6.702601 0.2359404 0.2516223 6.622633 0.4734887 0.08098173 6.524873 -0.1357012 0.2320957 6.65769 -0.2267108 0.6675758 6.557257 -0.2035385 1.077837 6.598771 -0.1825474 1.407597 6.705971 -0.04960416 0.6773058 6.612394 -0.00622843 1.08686 6.584328 -0.0391923 1.407101 6.717018  O_Hello_Close
-0.1261233 -0.001805782 6.67933 -0.2013118 0.09143686 6.673532 -0.3857082 0.3361634 6.699094 -0.4572947 0.6318352 6.648487 -0.06824307 0.09850597 6.710681 0.2127264 0.2749763 6.614913 0.4409643 0.1159772 6.481755 -0.1346393 0.2329528 6.665239 -0.2253386 0.6677781 6.561735 -0.2027725 1.078398 6.599904 -0.1818766 1.408306 6.706664 -0.04760836 0.6774324 6.614841 -0.004461749 1.08679 6.583725 -0.03861926 1.406787 6.716704  O_Hello_Close
-0.1256943 -0.001622081 6.682381 -0.2007874 0.09172475 6.677039 -0.3845823 0.3367096 6.704084 -0.4565082 0.6318975 6.651186 -0.06742631 0.09864461 6.713152 0.200014 0.2845422 6.61008 0.4238836 0.1379377 6.456803 -0.1339718 0.2331303 6.668045 -0.2248231 0.667954 6.564667 -0.2025518 1.078728 6.601316 -0.181604 1.40891 6.707218 -0.04667507 0.6774136 6.616391 -0.003778143 1.086745 6.584586 -0.03869311 1.406909 6.716964  O_Hello_Close
-0.1252395 -0.001600266 6.684462 -0.200261 0.091833 6.679651 -0.3835292 0.337005 6.708206 -0.4555968 0.6317757 6.653215 -0.06663255 0.09860349 6.714791 0.1887199 0.2917026 6.606059 0.408051 0.1584883 6.435026 -0.1333482 0.2331593 6.670147 -0.2244438 0.6680719 6.56736 -0.2024337 1.078954 6.602946 -0.1813753 1.409448 6.707845 -0.0459132 0.6773324 6.617785 -0.003346367 1.086683 6.585788 -0.03881447 1.407147 6.717288  O_Hello_Close
-0.1245428 -0.001933217 6.685031 -0.19952 0.0915854 6.681314 -0.3821692 0.3368511 6.712425 -0.4537164 0.6312022 6.654581 -0.06551908 0.09811842 6.715054 0.176362 0.2979472 6.600273 0.3906811 0.1904593 6.40632 -0.1325743 0.2328782 6.671547 -0.2243334 0.6682006 6.571113 -0.2026208 1.079132 6.606301 -0.1812069 1.41026 6.709112 -0.04526798 0.6771328 6.619665 -0.003462953 1.086651 6.588826 -0.03919755 1.408002 6.718072  O_Hello_Close
-0.1240404 -0.002216101 6.68531 -0.1989828 0.09135699 6.682339 -0.3812034 0.3366767 6.715175 -0.4523437 0.6307418 6.655406 -0.06473993 0.09773135 6.715133 0.1678026 0.3017279 6.59685 0.3765655 0.2121373 6.388293 -0.132019 0.2326299 6.67241 -0.2242176 0.6682334 6.573609 -0.2027166 1.079195 6.608585 -0.1810794 1.410746 6.709972 -0.0448039 0.6769459 6.6209 -0.003520412 1.08658 6.590911 -0.03939215 1.408538 6.718597  O_Hello_Close
-0.1228873 -0.003947377 6.679909 -0.1978274 0.08967435 6.679604 -0.3790643 0.3347799 6.717448 -0.4462339 0.6287316 6.652732 -0.06302254 0.09555018 6.710106 0.1507628 0.3079963 6.587557 0.344691 0.2968587 6.348032 -0.1309844 0.2310609 6.670515 -0.2247146 0.6680541 6.579608 -0.2036388 1.078771 6.617586 -0.1810101 1.411814 6.713731 -0.04448865 0.6760508 6.623837 -0.005838616 1.086394 6.60085 -0.04027073 1.411503 6.720707  O_Hello_Close
-0.1227413 -0.005315423 6.673511 -0.1976961 0.08828747 6.674689 -0.378518 0.3331538 6.714741 -0.442219 0.6274779 6.648235 -0.0627213 0.09384751 6.704491 0.1442085 0.3109034 6.583984 0.3279956 0.3571314 6.340694 -0.1309274 0.2297823 6.666821 -0.2252387 0.6677549 6.581393 -0.204391 1.078181 6.622511 -0.1812652 1.412043 6.71565 -0.04476587 0.6752903 6.624687 -0.008264942 1.086133 6.607957 -0.04054157 1.413184 6.723038  O_Hello_Close
-0.1228471 -0.006733537 6.665981 -0.1978132 0.08683372 6.668509 -0.3782657 0.33144 6.710343 -0.4382302 0.6263494 6.642962 -0.06275593 0.09205675 6.697996 0.1384319 0.3141299 6.582058 0.3080597 0.4183162 6.346525 -0.1310891 0.2284266 6.662174 -0.2257096 0.6673876 6.582345 -0.2050382 1.0775 6.626566 -0.1815242 1.412055 6.717086 -0.04511682 0.6744305 6.625219 -0.01080815 1.085676 6.615065 -0.04058341 1.414564 6.725493  O_Hello_Close
-0.1232113 -0.007741332 6.659635 -0.1981888 0.08579254 6.662942 -0.3784429 0.3302094 6.705537 -0.4356984 0.6257398 6.638522 -0.06316768 0.09075177 6.69264 0.1352964 0.3167435 6.582441 0.2942072 0.460923 6.360937 -0.1314701 0.2274435 6.658006 -0.226034 0.6671205 6.582149 -0.2054338 1.077005 6.62846 -0.1817296 1.411915 6.71761 -0.0454937 0.6737787 6.625304 -0.01278607 1.085246 6.619987 -0.04055659 1.415329 6.727327  O_Hello_Close
-0.1238801 -0.009201884 6.648373 -0.1989021 0.08425319 6.652729 -0.3789193 0.3283155 6.696119 -0.431513 0.6253058 6.63179 -0.06404971 0.08877373 6.683252 0.1318888 0.3212605 6.585849 0.2707687 0.5210643 6.396389 -0.1321981 0.2259778 6.650385 -0.2264666 0.6667711 6.580907 -0.2059124 1.076373 6.62968 -0.1820051 1.411494 6.717973 -0.04617111 0.6727885 6.625166 -0.01561986 1.084453 6.626657 -0.04053066 1.416028 6.73003  O_Hello_Close
-0.1242394 -0.00982821 6.642473 -0.1992932 0.0835799 6.647265 -0.3792213 0.3274497 6.690886 -0.42952 0.6252865 6.62867 -0.06456624 0.08787537 6.67837 0.1307318 0.3234283 6.58856 0.259678 0.5463296 6.418877 -0.1326027 0.225327 6.646315 -0.226659 0.6666452 6.579951 -0.2060922 1.076141 6.629597 -0.1821105 1.411237 6.717968 -0.04654513 0.6723344 6.624986 -0.01689891 1.084044 6.629439 -0.04055909 1.416197 6.731235  O_Hello_Close
-0.1245609 -0.01043844 6.635347 -0.1996645 0.08290124 6.640666 -0.3794849 0.326514 6.684599 -0.4272492 0.6253823 6.625405 -0.06508897 0.08693552 6.672453 0.1296179 0.3257209 6.591765 0.2468111 0.5700781 6.444593 -0.1330123 0.2246677 6.641378 -0.2268813 0.6665717 6.578753 -0.2062717 1.075998 6.628951 -0.1821952 1.410946 6.717854 -0.04698638 0.6718789 6.6247 -0.0181043 1.083605 6.631815 -0.04062323 1.416224 6.732342  O_Hello_Close
-0.1248079 -0.01095724 6.627275 -0.1999824 0.08228934 6.633191 -0.3796812 0.3255768 6.677526 -0.4249289 0.6256046 6.622359 -0.06557833 0.08604109 6.665729 0.1287115 0.3278919 6.595304 0.2344573 0.589578 6.471035 -0.1334018 0.2240679 6.635763 -0.2271475 0.666574 6.577346 -0.2064449 1.076 6.627513 -0.1822418 1.410623 6.717597 -0.04749994 0.6714668 6.624297 -0.01903622 1.083187 6.633235 -0.04071234 1.416038 6.733174  O_Hello_Close
-0.1249965 -0.01135063 6.61945 -0.2002404 0.08179975 6.625968 -0.3798102 0.3247552 6.670767 -0.42293 0.62581 6.619638 -0.06599294 0.08527136 6.659177 0.1276303 0.3295844 6.598283 0.2240834 0.6045971 6.49744 -0.1337369 0.2235714 6.630311 -0.2274066 0.6666166 6.576003 -0.2066048 1.076051 6.626055 -0.182255 1.410343 6.717324 -0.04798476 0.6710993 6.623849 -0.01983927 1.082805 6.634324 -0.04079316 1.415826 6.733853  O_Hello_Close
-0.1240042 -0.01181555 6.593206 -0.1994939 0.08091831 6.602309 -0.3786815 0.3223974 6.65062 -0.4182889 0.6261355 6.614817 -0.06554024 0.08347428 6.636764 0.122467 0.3331898 6.598282 0.1979566 0.6283811 6.550661 -0.1333243 0.2225721 6.612137 -0.2274506 0.6670678 6.572434 -0.2067063 1.076811 6.619918 -0.1819522 1.409272 6.717544 -0.04845027 0.6702068 6.621937 -0.01989315 1.081876 6.63274 -0.04090081 1.413958 6.735346  O_Hello_Close
