-0.01850484 0.005456328 7.727492 -0.08292036 0.1042558 7.749182 -0.2793468 0.3693726 7.775376 -0.317504 0.6671394 7.704761 0.05503317 0.09605467 7.755414 0.2777403 0.3389771 7.791873 0.3422118 0.6357967 7.738525 -0.005158944 0.2400132 7.741193 -0.09446166 0.6838545 7.70428 -0.07594524 1.096434 7.701069 -0.05476902 1.442298 7.725633 0.0912409 0.6858543 7.707756 0.1304121 1.088112 7.623744 0.1618557 1.434859 7.618701  O_Gathering_Close
-0.02205418 0.006237149 7.726658 -0.08624695 0.1047744 7.749765 -0.2831061 0.369769 7.777782 -0.3185776 0.6665731 7.70191 0.05172195 0.09632885 7.75529 0.2755016 0.3383149 7.792303 0.3385906 0.6348909 7.736028 -0.008291705 0.2404045 7.741508 -0.09748064 0.684252 7.705104 -0.0773081 1.09674 7.700509 -0.0547757 1.442468 7.725779 0.08823456 0.6862531 7.707823 0.1298104 1.082337 7.599228 0.1572217 1.42915 7.613963  O_Gathering_Close
-0.04729764 0.01097167 7.721255 -0.1098903 0.1077064 7.752507 -0.309046 0.3719417 7.79139 -0.334314 0.6637909 7.69499 0.02807404 0.09766591 7.754025 0.2573635 0.3341314 7.794451 0.3129184 0.6288188 7.722497 -0.03064994 0.242498 7.742866 -0.1189216 0.6863748 7.709347 -0.08753632 1.097956 7.69555 -0.05554221 1.442575 7.725347 0.06680842 0.6883947 7.707984 0.1190902 1.06287 7.542339 0.1412928 1.40375 7.609834  O_Gathering_Close
-0.07412539 0.01514089 7.717103 -0.1349984 0.110255 7.754528 -0.3358847 0.373758 7.802726 -0.3604364 0.664939 7.704144 0.002840118 0.09863317 7.752872 0.2360088 0.3303145 7.79543 0.286303 0.6231603 7.71287 -0.0544434 0.2441994 7.744013 -0.1415444 0.6881093 7.712851 -0.09823196 1.098456 7.695123 -0.0564885 1.441975 7.725553 0.04414125 0.6901281 7.708569 0.1035983 1.056855 7.528625 0.1295293 1.390817 7.623732  O_Gathering_Close
-0.09439068 0.01933157 7.716047 -0.1542204 0.1134437 7.756734 -0.3559188 0.3766602 7.80971 -0.3829701 0.6686943 7.714358 -0.0165029 0.1006769 7.753878 0.2185057 0.3293188 7.796417 0.2672389 0.6213666 7.710176 -0.07262824 0.246766 7.74631 -0.1585412 0.6907356 7.716314 -0.1062092 1.099486 7.688762 -0.05634521 1.441398 7.724589 0.02712961 0.6926929 7.711411 0.09283628 1.06206 7.539207 0.1230799 1.389214 7.654546  O_Gathering_Close
-0.108669 0.02432203 7.716975 -0.1682998 0.1177158 7.759079 -0.3701065 0.3811115 7.812915 -0.3989452 0.6733876 7.718838 -0.0306413 0.104169 7.757107 0.2053093 0.3306961 7.800001 0.2541691 0.6225666 7.713233 -0.08587603 0.2506108 7.749805 -0.1706257 0.6946113 7.719689 -0.1124045 1.101325 7.677631 -0.05536143 1.440997 7.722829 0.01508506 0.6965546 7.716642 0.08631714 1.070765 7.557596 0.1198759 1.390631 7.691041  O_Gathering_Close
-0.1215533 0.03195536 7.719462 -0.1822088 0.1245209 7.76141 -0.3830599 0.3887604 7.811634 -0.4129423 0.6804171 7.715973 -0.04462842 0.1102899 7.763934 0.1922836 0.3344338 7.810329 0.2420724 0.6264483 7.72458 -0.09887461 0.2570387 7.755477 -0.1818979 0.700992 7.723143 -0.1183185 1.104479 7.662066 -0.05340992 1.440659 7.720751 0.003802555 0.7030739 7.726686 0.08102216 1.082461 7.583486 0.1169137 1.391912 7.739048  O_Gathering_Close
-0.1418422 0.05265677 7.728721 -0.2057838 0.1434821 7.768533 -0.4025374 0.4105316 7.806902 -0.4324486 0.6990665 7.702209 -0.06906871 0.1281513 7.783066 0.1696116 0.3465118 7.838183 0.222812 0.6389499 7.756 -0.1213274 0.2753922 7.771296 -0.2004184 0.7191374 7.733155 -0.1278904 1.112542 7.630457 -0.04689352 1.439019 7.717211 -0.01583086 0.7217246 7.753705 0.0720277 1.110179 7.645135 0.1096352 1.395342 7.841389  O_Gathering_Close
-0.1530789 0.07798374 7.741997 -0.2204503 0.1671035 7.779038 -0.4119365 0.4370707 7.806065 -0.4373857 0.7191746 7.684093 -0.08548246 0.1511816 7.804873 0.153591 0.3640604 7.867495 0.2099263 0.6570824 7.789592 -0.1362083 0.2987026 7.790251 -0.2120964 0.7421971 7.747504 -0.1347173 1.121975 7.604831 -0.04171018 1.437695 7.715937 -0.0299444 0.7454506 7.783721 0.06289561 1.139094 7.701084 0.09711374 1.402064 7.926747  O_Gathering_Close
-0.1578388 0.1151522 7.761318 -0.2290954 0.2021025 7.795206 -0.414815 0.4747608 7.812434 -0.4297415 0.7427818 7.660614 -0.09686963 0.1860222 7.832556 0.1441557 0.3891543 7.901926 0.2076768 0.6823224 7.830358 -0.1465681 0.3336611 7.815757 -0.2201785 0.7769371 7.770414 -0.1406779 1.132915 7.576677 -0.03522627 1.435225 7.711445 -0.04186461 0.781019 7.822269 0.05144175 1.176733 7.750803 0.07595547 1.415838 8.002747  O_Gathering_Close
-0.1463861 0.205119 7.779957 -0.2229578 0.2864088 7.815221 -0.4042839 0.5625485 7.827937 -0.3887389 0.8027098 7.635095 -0.093275 0.2712098 7.860923 0.1461069 0.4624736 7.914935 0.2121929 0.7539724 7.839004 -0.1458166 0.4183767 7.849492 -0.2240559 0.8612136 7.8168 -0.1528322 1.157032 7.537528 -0.03103201 1.432414 7.710743 -0.04973755 0.8668408 7.880698 0.05328228 1.242801 7.744889 0.05838402 1.428449 8.039434  O_Gathering_Close
-0.1378979 0.2448388 7.778093 -0.2155571 0.323505 7.816697 -0.4008822 0.5992974 7.828912 -0.370137 0.8235081 7.619408 -0.08534156 0.3088454 7.861039 0.1517344 0.4994317 7.89911 0.2146014 0.7892541 7.814522 -0.1402913 0.4554511 7.854986 -0.2221522 0.8976251 7.830972 -0.1571311 1.165252 7.523201 -0.03111826 1.431153 7.70784 -0.04743664 0.9038125 7.893723 0.05851891 1.265236 7.724757 0.05755939 1.427148 8.033029  O_Gathering_Close
-0.1293209 0.281689 7.773728 -0.2078541 0.3577183 7.815719 -0.4012492 0.6308137 7.828444 -0.3594753 0.8380236 7.603886 -0.07703839 0.3435892 7.858437 0.1565967 0.5352468 7.880396 0.2147046 0.8230633 7.786112 -0.1343426 0.489416 7.858057 -0.2195156 0.930518 7.842555 -0.1610753 1.171828 7.512511 -0.03210626 1.429938 7.705954 -0.04430823 0.9372323 7.903865 0.06404383 1.283698 7.707333 0.05926885 1.42778 8.024296  O_Gathering_Close
-0.1201591 0.319064 7.765775 -0.1995256 0.3918654 7.811749 -0.3998522 0.661672 7.824237 -0.3435687 0.8520871 7.588267 -0.06803446 0.3782398 7.852512 0.1616951 0.5722475 7.857844 0.2147378 0.8576107 7.753639 -0.1278472 0.5229124 7.858968 -0.2165883 0.9622468 7.853441 -0.1652971 1.176837 7.504307 -0.03391538 1.428364 7.704674 -0.04084758 0.9696204 7.913126 0.06931914 1.299955 7.691439 0.06140979 1.428808 8.014831  O_Gathering_Close
-0.1060316 0.373623 7.747575 -0.1864242 0.4406441 7.800114 -0.394924 0.704017 7.811395 -0.3134097 0.8714547 7.565575 -0.05386988 0.4277567 7.837538 0.168442 0.6273304 7.817838 0.2124828 0.9080603 7.698024 -0.1174085 0.5698197 7.855713 -0.211517 1.005023 7.86703 -0.1713265 1.181189 7.495647 -0.0371419 1.425359 7.703131 -0.03494648 1.013518 7.924058 0.07483907 1.325286 7.67677 0.06261583 1.429672 8.008738  O_Gathering_Close
-0.09240828 0.4251078 7.722265 -0.1737053 0.485008 7.78161 -0.3903576 0.7389061 7.795771 -0.2882897 0.8905411 7.547382 -0.04019306 0.4728976 7.815743 0.1743549 0.67835 7.772876 0.2100114 0.9537717 7.638802 -0.1074151 0.6108909 7.847184 -0.2072633 1.0401 7.878263 -0.177391 1.182615 7.491776 -0.04073898 1.421895 7.703307 -0.02996324 1.049746 7.93279 0.07930459 1.346344 7.667284 0.0638528 1.430314 8.004861  O_Gathering_Close
-0.08029573 0.4709055 7.693493 -0.162326 0.5229293 7.758983 -0.3858329 0.7661571 7.781559 -0.2685316 0.9083537 7.534318 -0.02804981 0.5116163 7.790275 0.1783445 0.7230738 7.727774 0.2060882 0.9931225 7.581457 -0.09860067 0.6441702 7.835012 -0.2041303 1.065942 7.886827 -0.1828192 1.182338 7.491134 -0.04405866 1.41852 7.704762 -0.02626036 1.076726 7.939243 0.08295466 1.362768 7.662376 0.06486858 1.43071 8.00341  O_Gathering_Close
-0.06722645 0.5203694 7.654442 -0.150054 0.5617148 7.726295 -0.3811681 0.7905765 7.768642 -0.2535197 0.9268985 7.523225 -0.01509599 0.55135 7.754864 0.1819685 0.7701245 7.673007 0.2021538 1.033741 7.514252 -0.08938055 0.6751989 7.815631 -0.2021025 1.086023 7.894271 -0.1886034 1.181113 7.492587 -0.04735939 1.414796 7.707334 -0.0237643 1.09822 7.944751 0.08676161 1.377372 7.661446 0.06576611 1.430897 8.004872  O_Gathering_Close
-0.05785541 0.5552897 7.624384 -0.1412487 0.5878731 7.700049 -0.3785649 0.8034234 7.761466 -0.2479901 0.9388649 7.517103 -0.005910678 0.5783145 7.727058 0.1830686 0.8033517 7.633944 0.1973958 1.062964 7.468112 -0.08291738 0.693993 7.799431 -0.2015919 1.094752 7.899117 -0.1925717 1.179548 7.49501 -0.04947899 1.412079 7.709784 -0.02305285 1.108375 7.948511 0.09043165 1.383368 7.662323 0.06656529 1.430192 8.00654  O_Gathering_Close
-0.04803316 0.5931794 7.59113 -0.131942 0.6152683 7.670033 -0.374171 0.8134514 7.757212 -0.2450742 0.9513053 7.513413 0.003741639 0.6067545 7.695621 0.1839305 0.8382449 7.591022 0.193454 1.092429 7.416654 -0.07621263 0.7115393 7.780336 -0.2020661 1.098992 7.904026 -0.19693 1.177255 7.498535 -0.05155973 1.409104 7.712516 -0.02345882 1.114628 7.952569 0.09582521 1.385256 7.664585 0.06769551 1.428523 8.008945  O_Gathering_Close
-0.04023568 0.627248 7.565053 -0.1242732 0.6398788 7.645966 -0.3699777 0.8202559 7.753065 -0.2426782 0.9620578 7.510589 0.01171883 0.632599 7.670264 0.1826461 0.8696761 7.55714 0.1874458 1.119253 7.376052 -0.07054393 0.7265935 7.764854 -0.2026608 1.100972 7.908342 -0.200887 1.174809 7.501993 -0.05332671 1.406418 7.71473 -0.02408902 1.118791 7.95626 0.1030002 1.383899 7.666486 0.06938984 1.426333 8.010459  O_Gathering_Close
-0.03408776 0.657701 7.543886 -0.1179227 0.6617588 7.625983 -0.3657959 0.8246863 7.749274 -0.2412023 0.9712667 7.508238 0.01835932 0.6560721 7.649052 0.1800153 0.8986321 7.53106 0.1803176 1.145362 7.34605 -0.06574975 0.7395577 7.751546 -0.2033379 1.101251 7.912027 -0.2041811 1.172165 7.505155 -0.05473838 1.403896 7.716441 -0.02488486 1.121049 7.95961 0.1102024 1.38038 7.66823 0.07113685 1.423872 8.011494  O_Gathering_Close
-0.02878813 0.6882553 7.524708 -0.1120707 0.6836002 7.60745 -0.3611902 0.8277768 7.745312 -0.2404347 0.9802547 7.505988 0.02449621 0.6801547 7.629241 0.1769656 0.9275326 7.507284 0.173765 1.171022 7.318056 -0.06125192 0.7523155 7.738737 -0.2041834 1.100343 7.915669 -0.2072726 1.169146 7.508446 -0.05604659 1.401317 7.717972 -0.02592407 1.122051 7.963145 0.1178142 1.374784 7.670111 0.07304128 1.421012 8.012319  O_Gathering_Close
-0.02516536 0.721699 7.506546 -0.1069108 0.707162 7.589827 -0.3563249 0.8299018 7.740595 -0.2406019 0.9900926 7.503837 0.03000315 0.7078658 7.609609 0.1720527 0.9609188 7.485027 0.1658054 1.201471 7.292153 -0.05702327 0.7665883 7.725917 -0.2049484 1.099378 7.919097 -0.2100759 1.165676 7.511478 -0.05710451 1.398357 7.719164 -0.02690719 1.122618 7.966666 0.1250199 1.368451 7.671899 0.07501186 1.417896 8.01293  O_Gathering_Close
-0.02580331 0.7655275 7.486818 -0.1031328 0.7371453 7.571026 -0.3510964 0.8307459 7.733673 -0.2413562 1.000113 7.500479 0.03395249 0.7470031 7.586764 0.1615622 1.008542 7.461134 0.1526881 1.246751 7.265475 -0.05296091 0.7858659 7.711204 -0.2054271 1.099107 7.922618 -0.2126789 1.161206 7.51437 -0.05756597 1.394292 7.720003 -0.02754764 1.122977 7.970478 0.1310679 1.361682 7.673385 0.07736196 1.414128 8.013404  O_Gathering_Close
-0.03033982 0.7892479 7.477967 -0.1031224 0.7524313 7.563193 -0.3486533 0.8292408 7.72953 -0.2416561 1.003381 7.498588 0.0334781 0.770474 7.575523 0.1521925 1.0379 7.450425 0.1422658 1.276335 7.255093 -0.05167965 0.7965313 7.704436 -0.2052462 1.099949 7.923764 -0.2134871 1.159124 7.515101 -0.05715106 1.392036 7.720004 -0.02734677 1.123329 7.971792 0.1327177 1.359631 7.673556 0.07877006 1.412424 8.013484  O_Gathering_Close
-0.03897617 0.8070053 7.472123 -0.1050207 0.7621602 7.559319 -0.3453358 0.8238074 7.725947 -0.2424585 1.005386 7.498894 0.02993317 0.7915655 7.567066 0.1399945 1.066266 7.443437 0.1289274 1.307915 7.252158 -0.05145476 0.8044283 7.700332 -0.2046882 1.101485 7.92349 -0.2136105 1.158253 7.5145 -0.05618612 1.390408 7.719428 -0.02674816 1.124062 7.971751 0.1348052 1.359251 7.67344 0.08065839 1.411508 8.013418  O_Gathering_Close
-0.04352031 0.8103808 7.470659 -0.1063129 0.7630506 7.559132 -0.3434882 0.8201328 7.724595 -0.2432457 1.005919 7.499779 0.02748652 0.7977576 7.564646 0.1350686 1.076075 7.442958 0.1232875 1.32136 7.256409 -0.05171518 0.8058283 7.699595 -0.2044266 1.102088 7.923007 -0.2134807 1.158374 7.513954 -0.05573491 1.390074 7.71915 -0.02650825 1.124261 7.971535 0.135642 1.359465 7.673559 0.08140124 1.411387 8.013574  O_Gathering_Close
-0.04698865 0.811436 7.469668 -0.1074241 0.762914 7.559338 -0.3421123 0.8171111 7.72366 -0.2439636 1.005992 7.500504 0.02535649 0.8015409 7.563152 0.1326067 1.082948 7.445166 0.1170173 1.33269 7.264915 -0.0520554 0.8063706 7.699289 -0.2042486 1.102521 7.922508 -0.213451 1.158589 7.513428 -0.05553518 1.389896 7.718936 -0.02636777 1.124373 7.971318 0.1361568 1.359953 7.673842 0.08188041 1.411498 8.013908  O_Gathering_Close
-0.0486717 0.8104861 7.469101 -0.1081541 0.7621725 7.5597 -0.3415299 0.8154822 7.723427 -0.244457 1.005613 7.500863 0.0241095 0.8026088 7.562612 0.1333696 1.085915 7.449659 0.1111413 1.340258 7.276686 -0.05237524 0.8061997 7.69931 -0.2042262 1.102686 7.922091 -0.2135161 1.158832 7.513023 -0.0556399 1.389862 7.718873 -0.026399 1.124357 7.971176 0.1362707 1.36062 7.674323 0.08195962 1.41177 8.014443  O_Gathering_Close
-0.04915176 0.8092607 7.468652 -0.1084859 0.7616343 7.559866 -0.3414378 0.8147491 7.72333 -0.2448899 1.005191 7.500803 0.02355291 0.8028189 7.562479 0.1361384 1.087124 7.45488 0.1080645 1.34595 7.289576 -0.052649 0.8060002 7.699346 -0.2042835 1.102711 7.921786 -0.2136757 1.15896 7.512735 -0.05589501 1.389827 7.718841 -0.02648882 1.124293 7.971028 0.1362054 1.361339 7.674813 0.08189507 1.412119 8.014989  O_Gathering_Close
-0.04828457 0.8061884 7.468053 -0.1086119 0.7606949 7.559955 -0.3420753 0.814772 7.723298 -0.2455897 1.004222 7.4999 0.02348216 0.801676 7.562949 0.1447458 1.086003 7.466649 0.1072692 1.353124 7.317163 -0.05325012 0.8054353 7.699504 -0.2046892 1.102526 7.921276 -0.2141175 1.159123 7.512275 -0.05665002 1.389798 7.718833 -0.02692668 1.124102 7.970637 0.1358378 1.362943 7.675907 0.08146913 1.412995 8.016181  O_Gathering_Close
-0.04807303 0.8032691 7.468054 -0.1091691 0.7593667 7.560371 -0.3427891 0.8150386 7.72307 -0.2459611 1.003295 7.498812 0.02297445 0.800163 7.563687 0.1508326 1.08369 7.475254 0.1100211 1.35588 7.336145 -0.05426482 0.8046242 7.699935 -0.2054388 1.102472 7.920681 -0.2144132 1.159462 7.511724 -0.05708335 1.389856 7.718703 -0.02766369 1.124055 7.969994 0.1358771 1.364267 7.676811 0.08124132 1.413836 8.017114  O_Gathering_Close
-0.04798244 0.7979249 7.468469 -0.1104858 0.7566137 7.561238 -0.3441508 0.8156555 7.722587 -0.2464504 1.001569 7.496758 0.02180059 0.7968805 7.565258 0.1606924 1.078113 7.490388 0.1164665 1.357197 7.366856 -0.05650071 0.8028471 7.70084 -0.2072371 1.102303 7.919439 -0.214818 1.160231 7.510585 -0.05770473 1.390031 7.718386 -0.02943562 1.123894 7.968652 0.1361569 1.366606 7.678698 0.08076616 1.415504 8.018975  O_Gathering_Close
-0.04814599 0.7914085 7.469195 -0.1123947 0.7529139 7.562158 -0.3458357 0.8163729 7.721849 -0.2468284 0.9992784 7.494143 0.02009835 0.7923734 7.567237 0.1714134 1.070088 7.509478 0.1255135 1.355336 7.40163 -0.05966632 0.8002697 7.701864 -0.2101421 1.101715 7.917731 -0.2150661 1.161222 7.509063 -0.0583245 1.390285 7.717957 -0.03235028 1.123306 7.96698 0.1364986 1.369087 7.681523 0.07983543 1.417666 8.021637  O_Gathering_Close
-0.04830084 0.7877699 7.469506 -0.1135613 0.7507479 7.562449 -0.3468011 0.8167166 7.721276 -0.2469355 0.9978288 7.492513 0.01904054 0.7897416 7.568234 0.1769201 1.065387 7.520826 0.1313958 1.35352 7.420768 -0.06161789 0.7986426 7.702265 -0.2121991 1.101054 7.916721 -0.2150804 1.161715 7.508204 -0.05866144 1.390411 7.71774 -0.0344501 1.122654 7.966121 0.1365309 1.37009 7.683376 0.07902594 1.418864 8.02332  O_Gathering_Close
-0.04819731 0.7831712 7.47008 -0.1147044 0.7479088 7.562918 -0.3479105 0.8170087 7.720545 -0.24682 0.9958557 7.490541 0.01801761 0.7863427 7.569622 0.1834468 1.059432 7.535524 0.1402001 1.350701 7.443891 -0.06378321 0.7965038 7.702868 -0.2147552 1.100171 7.915441 -0.2148341 1.162185 7.507116 -0.05909501 1.390592 7.717473 -0.03710584 1.121818 7.965177 0.1364162 1.371302 7.6858 0.07765801 1.420397 8.025483  O_Gathering_Close
-0.04752545 0.7770441 7.471156 -0.1156831 0.7440332 7.563735 -0.3493005 0.8172193 7.719427 -0.2462115 0.9929548 7.487916 0.01716371 0.7817821 7.571733 0.1913374 1.051672 7.556597 0.1531804 1.34666 7.475171 -0.06621687 0.793626 7.703857 -0.2181429 1.099024 7.913682 -0.2141376 1.162582 7.505614 -0.05976669 1.390856 7.71712 -0.04070203 1.120824 7.96409 0.1360573 1.373019 7.689214 0.07522662 1.422545 8.02847  O_Gathering_Close
-0.04656712 0.7705661 7.472298 -0.1161688 0.7395914 7.564592 -0.3502956 0.8166625 7.718483 -0.2457361 0.9900882 7.485892 0.01678546 0.7766995 7.573724 0.1974067 1.043613 7.57474 0.1653575 1.341469 7.501535 -0.06798004 0.7901722 7.704807 -0.2208273 1.097344 7.911954 -0.2130379 1.162839 7.504248 -0.06019525 1.39121 7.716755 -0.04359655 1.119288 7.963035 0.1353174 1.37439 7.692266 0.07285149 1.424504 8.031137  O_Gathering_Close
-0.04485361 0.760564 7.473983 -0.116272 0.7322636 7.565845 -0.3509462 0.8148285 7.717539 -0.2452384 0.9860359 7.483826 0.01681902 0.7684938 7.576402 0.2040727 1.031614 7.596742 0.1822965 1.332574 7.533078 -0.06968682 0.7842604 7.706084 -0.2237818 1.094058 7.909491 -0.2109393 1.163016 7.502484 -0.06047915 1.391833 7.71621 -0.04685227 1.116185 7.961528 0.1336592 1.375791 7.696153 0.06949921 1.427051 8.034537  O_Gathering_Close
-0.0428807 0.7485777 7.474501 -0.1157671 0.722339 7.565882 -0.3503968 0.8100209 7.716292 -0.2458123 0.9814903 7.482266 0.0174429 0.7577422 7.57767 0.208893 1.017822 7.6109 0.1956514 1.320412 7.552861 -0.07049339 0.7754436 7.706135 -0.2259636 1.08743 7.90765 -0.2088834 1.162825 7.501943 -0.06026606 1.392545 7.715988 -0.04933403 1.109581 7.960686 0.1301273 1.374127 7.699511 0.06646486 1.428447 8.037511  O_Gathering_Close
-0.04111205 0.7368485 7.474553 -0.1150876 0.7121319 7.565514 -0.3493403 0.8041735 7.715109 -0.246911 0.9772418 7.481308 0.01821728 0.7468443 7.578247 0.2123633 1.004784 7.619133 0.2057816 1.30807 7.56365 -0.07079081 0.7661108 7.705746 -0.2274937 1.079898 7.906487 -0.2071932 1.162351 7.502303 -0.05983083 1.393196 7.716005 -0.05112289 1.101974 7.960407 0.1261145 1.370867 7.702169 0.06403847 1.429003 8.03983  O_Gathering_Close
-0.03882728 0.7204458 7.474835 -0.1141304 0.6976653 7.565246 -0.3476978 0.7954428 7.713534 -0.2486089 0.9713684 7.480426 0.01927604 0.7315314 7.579141 0.2161408 0.9869723 7.628402 0.2172138 1.290706 7.575027 -0.07104735 0.7528723 7.705378 -0.2294097 1.069111 7.905437 -0.2051793 1.161311 7.503583 -0.05921606 1.394009 7.716233 -0.05338369 1.091046 7.96053 0.1203329 1.365276 7.705532 0.06096711 1.429271 8.04262  O_Gathering_Close
-0.03554742 0.6924598 7.475799 -0.1127339 0.6726789 7.565363 -0.3447835 0.7798211 7.710857 -0.2518838 0.9618875 7.479926 0.02080949 0.7052697 7.580895 0.2209327 0.957387 7.640138 0.2326462 1.261177 7.588379 -0.07136779 0.7300214 7.705153 -0.2321713 1.050416 7.904182 -0.2022166 1.159102 7.50686 -0.05805377 1.395315 7.716847 -0.05667661 1.072055 7.961058 0.1111446 1.354362 7.710973 0.05663111 1.429022 8.046684  O_Gathering_Close
-0.03323923 0.6686916 7.477042 -0.1117862 0.6513186 7.565942 -0.3422813 0.7662034 7.708533 -0.254779 0.9542247 7.480281 0.02185168 0.68293 7.582643 0.2239445 0.9328356 7.648193 0.2432419 1.236338 7.597026 -0.07164161 0.7105395 7.705306 -0.2341997 1.034477 7.903296 -0.1999868 1.156953 7.510353 -0.05710165 1.396364 7.717573 -0.05911253 1.05586 7.961509 0.1040058 1.344451 7.715519 0.05350717 1.428453 8.049647  O_Gathering_Close
-0.03121517 0.6449127 7.47856 -0.1108954 0.6298072 7.56688 -0.3396639 0.7521965 7.706042 -0.2580685 0.9468848 7.481217 0.02280833 0.6606214 7.584516 0.2253058 0.9091651 7.656857 0.2506619 1.21242 7.606879 -0.07177214 0.690994 7.705683 -0.2359751 1.018355 7.902467 -0.1981342 1.154562 7.514407 -0.05652623 1.397434 7.718451 -0.0612431 1.039642 7.961772 0.09712644 1.334597 7.720268 0.05065586 1.427793 8.052537  O_Gathering_Close
-0.02929704 0.613844 7.481413 -0.1104141 0.6018398 7.568911 -0.3366355 0.7343221 7.702556 -0.2620276 0.9377068 7.483066 0.02339383 0.6314672 7.587749 0.2278942 0.8779142 7.664903 0.2611421 1.180431 7.615076 -0.07249407 0.6656954 7.706843 -0.2381909 0.9979702 7.901217 -0.1952861 1.151297 7.520133 -0.05517058 1.398721 7.719688 -0.06391858 1.018898 7.961985 0.08942099 1.321445 7.726707 0.04770716 1.426828 8.055951  O_Gathering_Close
-0.02804635 0.5855162 7.484532 -0.1103189 0.5763722 7.5713 -0.3340912 0.7178299 7.699434 -0.2654309 0.9285581 7.484988 0.02358289 0.6049439 7.59108 0.2293548 0.8498872 7.672311 0.2688849 1.151733 7.62301 -0.07329683 0.6428034 7.708257 -0.2400179 0.9796882 7.899857 -0.1930877 1.14835 7.525791 -0.05416892 1.399944 7.720922 -0.06612204 1.000349 7.961783 0.08297212 1.309902 7.732978 0.04537507 1.426064 8.059077  O_Gathering_Close
-0.0270559 0.5461904 7.489591 -0.1107095 0.5410939 7.575365 -0.3308767 0.6946127 7.695213 -0.2698331 0.9146422 7.487925 0.0233257 0.5682344 7.596226 0.2300015 0.8117462 7.68273 0.2768699 1.112744 7.634686 -0.07463007 0.6113045 7.710677 -0.2422477 0.9547887 7.89754 -0.1904712 1.144275 7.534238 -0.05316119 1.40166 7.722845 -0.06880574 0.9751747 7.960816 0.07479657 1.294566 7.742249 0.04265912 1.425128 8.063448  O_Gathering_Close
-0.02747081 0.4924729 7.497985 -0.1126973 0.4934908 7.582345 -0.3278372 0.6626359 7.690436 -0.274369 0.8922458 7.49162 0.02156259 0.5185457 7.60434 0.2291708 0.7607318 7.696343 0.2843737 1.060682 7.650659 -0.07731311 0.5693856 7.714741 -0.244745 0.9228373 7.892534 -0.1863219 1.139268 7.545664 -0.05182199 1.404283 7.725528 -0.07180093 0.9429107 7.957256 0.06552811 1.276082 7.755907 0.03995838 1.424729 8.069751  O_Gathering_Close
-0.02890985 0.4578291 7.504432 -0.1149531 0.4631852 7.587792 -0.3264869 0.6421607 7.687853 -0.2772516 0.877305 7.494486 0.01948174 0.4867696 7.610338 0.2275079 0.7284207 7.705156 0.2872341 1.027783 7.661347 -0.07963024 0.5430425 7.717854 -0.2460215 0.9034771 7.888124 -0.183678 1.136517 7.552893 -0.05111627 1.406166 7.727222 -0.07334511 0.9233944 7.953605 0.06034096 1.265538 7.765272 0.03872724 1.425096 8.074014  O_Gathering_Close
-0.0328025 0.4067241 7.515639 -0.1197539 0.4190813 7.597296 -0.3252397 0.6123209 7.684654 -0.2817662 0.8552964 7.499774 0.01497515 0.4402634 7.620462 0.2233384 0.6815246 7.71853 0.2885674 0.9801812 7.677863 -0.08394395 0.50515 7.723195 -0.2474177 0.8765563 7.879844 -0.1799178 1.133088 7.563285 -0.05027853 1.409112 7.729653 -0.07508008 0.8963022 7.946262 0.0535744 1.25151 7.779893 0.03757413 1.426232 8.080666  O_Gathering_Close
-0.03842257 0.3623282 7.527008 -0.1257518 0.3813133 7.606972 -0.3249107 0.586754 7.68241 -0.2864187 0.8371395 7.506532 0.009279447 0.4001626 7.630393 0.2180327 0.6412427 7.730484 0.2873531 0.9394064 7.693101 -0.08879893 0.4730254 7.72848 -0.2480501 0.8543831 7.870915 -0.1763343 1.130441 7.572213 -0.04977028 1.411899 7.731702 -0.0758668 0.8740253 7.937763 0.04836788 1.240138 7.79309 0.03757407 1.428257 8.085908  O_Gathering_Close
-0.0445718 0.3259865 7.537061 -0.1318816 0.3507131 7.615462 -0.3254994 0.5657365 7.680781 -0.2916361 0.822801 7.513812 0.003422456 0.3674672 7.638901 0.2126752 0.6083668 7.740211 0.2849744 0.9062142 7.706091 -0.09346019 0.4470937 7.73283 -0.2480254 0.836655 7.861997 -0.1729899 1.128325 7.579379 -0.04930178 1.414212 7.733145 -0.07585703 0.8562232 7.928905 0.04413779 1.231351 7.805277 0.03768863 1.42986 8.091285  O_Gathering_Close
-0.04971324 0.2971153 7.543573 -0.1368079 0.3263069 7.620667 -0.327459 0.5479273 7.679026 -0.2998147 0.8113711 7.5211 -0.001291556 0.3413388 7.644048 0.2089328 0.5816501 7.746595 0.2840532 0.8791996 7.716171 -0.09696631 0.4261271 7.734638 -0.2471663 0.8217772 7.85269 -0.1698347 1.126339 7.584666 -0.04874079 1.415918 7.733508 -0.07494818 0.8412597 7.919495 0.03898366 1.225565 7.820842 0.03509953 1.429248 8.103235  O_Gathering_Close
-0.0555592 0.2707071 7.54996 -0.1422391 0.3039943 7.625853 -0.3312347 0.5310968 7.678643 -0.3115003 0.8010358 7.530823 -0.006512268 0.3173596 7.649023 0.2050301 0.5567731 7.752889 0.2829927 0.8540088 7.726866 -0.1007921 0.406805 7.736546 -0.2463379 0.8077734 7.843854 -0.1671329 1.124533 7.590942 -0.04877005 1.417714 7.734849 -0.0739861 0.8271561 7.910342 0.03672065 1.21646 7.829165 0.03721305 1.430695 8.103667  O_Gathering_Close
-0.0652058 0.2365268 7.556541 -0.1506808 0.2750504 7.631315 -0.3375825 0.5088682 7.677642 -0.3298724 0.7875991 7.545895 -0.01455788 0.2861416 7.653333 0.1982502 0.524528 7.75848 0.2785546 0.8216439 7.739043 -0.1062419 0.3814301 7.737378 -0.2449111 0.788639 7.831858 -0.1631883 1.121398 7.601278 -0.0489339 1.420057 7.737009 -0.07197563 0.8078282 7.896871 0.03412743 1.200616 7.827132 0.04030534 1.428011 8.090763  O_Gathering_Close
-0.07839511 0.2008759 7.561797 -0.1615527 0.2450829 7.636038 -0.3469078 0.4854236 7.677692 -0.3528645 0.7719375 7.563755 -0.0248317 0.2535377 7.655355 0.1917753 0.4900483 7.758872 0.2768838 0.786129 7.744832 -0.1125635 0.355023 7.736307 -0.2427334 0.7682782 7.818058 -0.1585545 1.117374 7.614046 -0.0491359 1.422441 7.739086 -0.06853543 0.7872095 7.879688 0.03154762 1.180964 7.806581 0.04198917 1.418218 8.061235  O_Gathering_Close
-0.08742099 0.1819214 7.565342 -0.168676 0.2295308 7.639586 -0.3535817 0.4732431 7.680376 -0.3659165 0.7622908 7.573574 -0.03154634 0.2363671 7.656497 0.1870131 0.4720191 7.75819 0.2740299 0.7676805 7.747383 -0.1163857 0.3414878 7.735878 -0.241168 0.7580078 7.81047 -0.155975 1.115332 7.621693 -0.04925178 1.423943 7.740197 -0.06590854 0.7767925 7.86906 0.03153314 1.16796 7.780195 0.04363503 1.409643 8.030575  O_Gathering_Close
-0.1059345 0.1479551 7.572762 -0.1825269 0.2023666 7.647288 -0.3694663 0.4513553 7.691572 -0.3947743 0.7431944 7.595152 -0.04466109 0.2057997 7.658173 0.1773979 0.4403675 7.753227 0.2669843 0.7353845 7.746625 -0.1229223 0.3180088 7.734551 -0.2371616 0.7401538 7.795977 -0.1503451 1.110833 7.63587 -0.04896925 1.426538 7.739441 -0.05945722 0.7586217 7.846786 0.0324827 1.136807 7.709212 0.04889347 1.3888 7.948958  O_Gathering_Close
-0.1258861 0.05371821 7.604996 -0.1846838 0.1323279 7.673876 -0.3842092 0.3929263 7.741165 -0.447242 0.692108 7.700858 -0.04706888 0.1225761 7.663664 0.180262 0.3565102 7.718834 0.2718053 0.6509315 7.712489 -0.1028657 0.2576269 7.720209 -0.1910243 0.693023 7.738665 -0.1203225 1.098278 7.701999 -0.05446224 1.436266 7.747831 -0.006835563 0.7080802 7.757355 0.06781866 1.050873 7.539816 0.103955 1.366842 7.681612  O_Gathering_Close
-0.1216369 0.04520428 7.615689 -0.1783375 0.1276062 7.681841 -0.3798078 0.3887428 7.753624 -0.4412569 0.6876005 7.708729 -0.0410472 0.1160055 7.669429 0.1858897 0.3502052 7.717345 0.2767198 0.6448036 7.709213 -0.09448497 0.25416 7.72049 -0.1805 0.6908078 7.731622 -0.1152783 1.097693 7.703959 -0.05490051 1.437218 7.745804 0.004150705 0.7050134 7.745899 0.08286126 1.057054 7.545213 0.1188598 1.383659 7.660459  O_Gathering_Close
-0.1179828 0.04038441 7.623363 -0.1735248 0.1252285 7.687376 -0.3763393 0.3864332 7.761944 -0.4372809 0.6851197 7.715254 -0.03644262 0.1124985 7.673822 0.1900953 0.3468961 7.717146 0.2803703 0.6416266 7.70773 -0.08861928 0.2525473 7.720869 -0.1735442 0.6898598 7.72737 -0.1120554 1.097495 7.702324 -0.05488322 1.437665 7.74343 0.01132883 0.7035205 7.73907 0.09123947 1.063996 7.554475 0.1272891 1.396391 7.651746  O_Gathering_Close
-0.1128851 0.03546989 7.634249 -0.1672768 0.1231846 7.695313 -0.3714276 0.3844107 7.772643 -0.4316939 0.6829799 7.724351 -0.03042154 0.1091567 7.680784 0.1955018 0.343783 7.718851 0.2850109 0.6386909 7.707813 -0.08136289 0.25131 7.722579 -0.165209 0.6893001 7.723513 -0.1083603 1.097687 7.699779 -0.05495582 1.438462 7.740934 0.01986291 0.7023 7.73251 0.09991808 1.071317 7.565713 0.1381191 1.410303 7.635549  O_Gathering_Close
-0.1078918 0.03163111 7.643778 -0.1615707 0.1216489 7.702058 -0.3665248 0.3829417 7.78091 -0.4259806 0.6814677 7.731364 -0.024864 0.1065983 7.687158 0.2004606 0.3413965 7.721223 0.2892691 0.636461 7.708802 -0.07502376 0.2503285 7.724238 -0.1581492 0.6887882 7.72047 -0.1052569 1.097711 7.696819 -0.05489693 1.438901 7.738374 0.02703883 0.7012416 7.727672 0.1046047 1.07945 7.581571 0.1456602 1.422043 7.628396  O_Gathering_Close
-0.1035898 0.02880633 7.651905 -0.1568701 0.120612 7.707708 -0.3621762 0.382121 7.786946 -0.4209276 0.6806673 7.736688 -0.02024679 0.1047899 7.692843 0.2045723 0.339705 7.72403 0.2927994 0.6348965 7.710527 -0.06994192 0.2496614 7.725888 -0.1525679 0.6884396 7.718369 -0.102786 1.097761 7.694863 -0.05484573 1.439298 7.736438 0.0326878 0.7004545 7.724495 0.1076618 1.084202 7.592131 0.1502393 1.428237 7.624915  O_Gathering_Close
-0.09885119 0.02599728 7.661025 -0.1519046 0.119603 7.713982 -0.357286 0.3815715 7.792556 -0.4153028 0.6801914 7.741882 -0.01532386 0.103037 7.699542 0.2089566 0.3380619 7.728133 0.2965594 0.6333876 7.713542 -0.06469379 0.2489694 7.728103 -0.1468676 0.6880248 7.716712 -0.1002148 1.097743 7.693713 -0.05479101 1.43969 7.734737 0.03843744 0.6995955 7.722164 0.110147 1.08671 7.598052 0.1531665 1.43134 7.623092  O_Gathering_Close
-0.09464531 0.02371168 7.669189 -0.1476024 0.1188058 7.719527 -0.3528618 0.3813077 7.79685 -0.4103321 0.680013 7.746058 -0.01103483 0.1016527 7.705658 0.2127968 0.3367512 7.732259 0.2998759 0.6321872 7.716794 -0.06021164 0.2483822 7.730184 -0.142014 0.6876414 7.715493 -0.0979939 1.09769 7.693194 -0.05475478 1.440017 7.733395 0.04332562 0.6988208 7.720574 0.1120793 1.08786 7.600888 0.1545803 1.432814 7.622068  O_Gathering_Close
-0.09020422 0.02147567 7.677991 -0.1431438 0.1180615 7.725422 -0.3480766 0.3812897 7.800685 -0.4051689 0.6800975 7.75007 -0.006570501 0.1003543 7.712328 0.2168121 0.33551 7.737077 0.3033667 0.6310555 7.720782 -0.05561839 0.2477944 7.732455 -0.1370316 0.687237 7.714363 -0.09567408 1.097623 7.693201 -0.05473242 1.440381 7.732113 0.04833873 0.6979923 7.719232 0.1141908 1.08808 7.601339 0.155155 1.43332 7.620811  O_Gathering_Close
-0.0796328 0.01694846 7.69869 -0.1327587 0.1166251 7.738981 -0.3366033 0.3816066 7.807849 -0.3931919 0.6806802 7.758248 0.003876524 0.09791684 7.728115 0.2265293 0.3329999 7.749702 0.3121992 0.6287326 7.732174 -0.04508714 0.2464434 7.737695 -0.1255103 0.6862551 7.711921 -0.09025781 1.097377 7.694293 -0.05473624 1.441158 7.729321 0.05992885 0.6958774 7.716535 0.1188715 1.087742 7.600902 0.1557948 1.433556 7.618145  O_Gathering_Close
-0.07120292 0.01423669 7.712788 -0.124658 0.1156964 7.747853 -0.3276898 0.3815938 7.811625 -0.3839848 0.6808924 7.763056 0.01206006 0.09657919 7.738912 0.2345117 0.3314677 7.759381 0.3197626 0.627295 7.74141 -0.03701917 0.2453618 7.740991 -0.1165278 0.6855083 7.710023 -0.08602475 1.097134 7.69558 -0.05471079 1.441629 7.727461 0.06897254 0.6939981 7.71439 0.1223483 1.087666 7.60223 0.1566212 1.433886 7.61655  O_Gathering_Close
-0.06671165 0.01306999 7.717543 -0.1204766 0.1150538 7.750555 -0.3231997 0.3811525 7.812047 -0.3792956 0.6805549 7.763891 0.01630987 0.09597635 7.742632 0.2387658 0.3308778 7.763172 0.3237183 0.6267635 7.744757 -0.03297709 0.2447028 7.741853 -0.1121536 0.6851242 7.70919 -0.08394121 1.09697 7.696478 -0.05464206 1.441781 7.726826 0.07337965 0.6929296 7.713438 0.1242219 1.087583 7.603586 0.1571461 1.434001 7.616156  O_Gathering_Close
-0.06187878 0.01192534 7.720455 -0.1161097 0.1141678 7.751865 -0.3185601 0.3803371 7.811131 -0.3743019 0.679827 7.763109 0.020772 0.09535146 7.745039 0.243313 0.3304052 7.766171 0.3278464 0.6263632 7.747004 -0.02888582 0.2439277 7.742112 -0.1079287 0.6847391 7.70845 -0.08191119 1.096783 7.697598 -0.0545312 1.44188 7.726439 0.07763834 0.6917583 7.712592 0.1261255 1.087488 7.605584 0.1578093 1.43409 7.616117  O_Gathering_Close
-0.05660931 0.01074231 7.722165 -0.1115114 0.1130227 7.752258 -0.3135694 0.3792654 7.808911 -0.3684862 0.6788179 7.760332 0.0254971 0.09472239 7.746688 0.2481648 0.3301157 7.768935 0.3320542 0.6261799 7.748614 -0.02474789 0.2430586 7.742084 -0.1039495 0.6843714 7.707723 -0.07998048 1.096587 7.698879 -0.0543745 1.441938 7.72628 0.08165164 0.6904781 7.711779 0.1276668 1.087461 7.608381 0.1586515 1.434192 7.616461  O_Gathering_Close
-0.0527827 0.009889007 7.72331 -0.108316 0.1121033 7.752455 -0.3100256 0.3783774 7.806861 -0.364035 0.6779486 7.757387 0.02880277 0.09436381 7.747872 0.2515334 0.3301641 7.771099 0.3347631 0.6263354 7.749656 -0.02204685 0.2424521 7.742083 -0.1015909 0.6841537 7.707193 -0.07884286 1.096467 7.699769 -0.0542839 1.44197 7.726204 0.08403285 0.6895701 7.711197 0.1284553 1.08751 7.610829 0.1593374 1.434293 7.616838  O_Gathering_Close
-0.04526679 0.008275628 7.725252 -0.1024164 0.1101061 7.752558 -0.3032937 0.3763266 7.801681 -0.3547515 0.6758304 7.749174 0.03495457 0.09397304 7.750071 0.2577002 0.3310157 7.775572 0.3391084 0.6274592 7.751113 -0.01756684 0.2413716 7.742037 -0.09839796 0.6838635 7.706207 -0.07733683 1.096302 7.701165 -0.05418972 1.442017 7.726056 0.08726229 0.6879202 7.710124 0.129457 1.087741 7.616494 0.1607379 1.434537 7.617784  O_Gathering_Close
-0.04178236 0.007615924 7.725954 -0.09980069 0.1091651 7.752464 -0.3002439 0.3752992 7.798894 -0.3502598 0.6747117 7.744506 0.03768976 0.09395409 7.750962 0.2603905 0.331731 7.777602 0.3407492 0.6283131 7.751412 -0.01577072 0.2409596 7.74198 -0.09744196 0.6837939 7.705811 -0.07690148 1.096267 7.701492 -0.0541722 1.442039 7.725961 0.08823062 0.6872789 7.709694 0.1297563 1.087879 7.619147 0.161368 1.434647 7.61823  O_Gathering_Close
-0.03781084 0.006965399 7.726578 -0.09686016 0.1081342 7.752253 -0.2967817 0.3741285 7.795554 -0.345036 0.673388 7.738785 0.04075791 0.09405017 7.75185 0.2633773 0.3327314 7.779808 0.3424189 0.6294668 7.751437 -0.01383738 0.2405752 7.741891 -0.09660523 0.6837561 7.705418 -0.07652967 1.096257 7.701605 -0.05416612 1.44207 7.725837 0.08907796 0.6866723 7.709265 0.1300261 1.08803 7.621867 0.1620013 1.434751 7.618679  O_Gathering_Close
-0.03412519 0.006468892 7.726999 -0.09414546 0.1072413 7.751972 -0.2935612 0.3730739 7.792367 -0.3401115 0.6721453 7.733233 0.04357882 0.09424329 7.752558 0.2661032 0.3337971 7.781736 0.3438213 0.6306623 7.751154 -0.01209877 0.2403036 7.741796 -0.09599082 0.6837531 7.705113 -0.07626544 1.096273 7.701509 -0.05417387 1.442105 7.725718 0.08969934 0.6862386 7.708925 0.1302409 1.088147 7.623899 0.1624749 1.434824 7.619001  O_Gathering_Close
-0.03069244 0.006103158 7.727283 -0.09162192 0.1064771 7.751652 -0.2905449 0.3721385 7.789333 -0.3354614 0.6709939 7.727889 0.04618909 0.09451187 7.753141 0.2686163 0.334893 7.783452 0.3449996 0.6318632 7.750608 -0.01050858 0.2401276 7.741703 -0.09554051 0.6837699 7.704876 -0.07608597 1.096303 7.701335 -0.05420236 1.442143 7.725622 0.09015407 0.6859583 7.708655 0.1303983 1.088215 7.625149 0.1627506 1.434865 7.61918  O_Gathering_Close
-0.02858917 0.005929947 7.727417 -0.09007923 0.106048 7.751428 -0.2886847 0.3715969 7.787432 -0.332575 0.6703007 7.724525 0.04777886 0.09472454 7.753474 0.2701469 0.3356162 7.784483 0.345643 0.6326408 7.750115 -0.00954829 0.2400621 7.741643 -0.09533297 0.683788 7.70475 -0.07601617 1.096328 7.701229 -0.05423735 1.44217 7.725578 0.09036346 0.6858574 7.708504 0.1304559 1.088229 7.62548 0.1627968 1.434874 7.619207  O_Gathering_Close
-0.02599661 0.00578177 7.727535 -0.08818285 0.1055704 7.751121 -0.2863789 0.3709762 7.785029 -0.3289731 0.6694688 7.720258 0.04972674 0.09504843 7.753859 0.2720267 0.3365731 7.785732 0.3463361 0.6336503 7.749294 -0.008381767 0.2400371 7.741569 -0.09516798 0.6838202 7.70462 -0.075985 1.096366 7.701119 -0.05430631 1.442209 7.725548 0.09052981 0.6858291 7.708338 0.1304698 1.088209 7.625279 0.1626893 1.434867 7.619129  O_Gathering_Close
-0.0230612 0.005640626 7.727608 -0.08604716 0.1050402 7.750709 -0.2837358 0.3702809 7.782157 -0.3247941 0.6685015 7.715178 0.0519106 0.09543812 7.754274 0.274146 0.3376731 7.787201 0.3468808 0.6347907 7.748022 -0.007085545 0.2400235 7.741471 -0.09501474 0.68385 7.704489 -0.07597928 1.096404 7.701057 -0.05441044 1.44225 7.725538 0.09068443 0.6858253 7.708158 0.1304538 1.088174 7.624867 0.1624971 1.434854 7.619007  O_Gathering_Close
-0.02115391 0.005560279 7.727614 -0.08467321 0.1046982 7.750376 -0.281976 0.3698463 7.780093 -0.3219495 0.6678636 7.711571 0.05330833 0.09570134 7.754548 0.2755256 0.3383821 7.788265 0.346957 0.6355096 7.746825 -0.006262345 0.2400194 7.741394 -0.09491055 0.6838645 7.704411 -0.07598518 1.096424 7.701041 -0.05449871 1.442273 7.725545 0.09078951 0.6858327 7.708037 0.1304312 1.088149 7.62453 0.1623325 1.434846 7.618914  O_Gathering_Close
-0.02020596 0.005521894 7.727597 -0.08400033 0.1045268 7.750169 -0.2810729 0.3696451 7.778923 -0.3204467 0.6675464 7.709554 0.05398955 0.09583366 7.754694 0.2762183 0.3387229 7.788885 0.3467985 0.6358449 7.745974 -0.00586365 0.2400171 7.741347 -0.09484224 0.6838692 7.704372 -0.0759878 1.096432 7.701037 -0.05455468 1.442284 7.725554 0.0908583 0.6858366 7.707973 0.130418 1.088138 7.624357 0.1622349 1.434845 7.618865  O_Gathering_Close
-0.01937716 0.005489349 7.727571 -0.08342974 0.1043787 7.749915 -0.2802549 0.369487 7.777687 -0.3190486 0.6672835 7.707546 0.05456193 0.09595108 7.754868 0.2768482 0.338989 7.789635 0.3462772 0.6360891 7.74474 -0.005525691 0.2400156 7.741292 -0.09473865 0.6838683 7.704333 -0.07598428 1.096436 7.701035 -0.05462716 1.442291 7.725568 0.09096254 0.685843 7.707898 0.1304079 1.08813 7.624155 0.1621123 1.434849 7.618806  O_Gathering_Close
-0.01909832 0.005478501 7.727551 -0.08325385 0.1043304 7.749765 -0.27996 0.3694495 7.777085 -0.3185167 0.6672099 7.706661 0.05473395 0.09599102 7.754969 0.2770847 0.3390477 7.790077 0.3457505 0.6361233 7.743866 -0.005420191 0.2400154 7.741263 -0.09466569 0.6838641 7.704316 -0.07597767 1.096435 7.701039 -0.05467139 1.442293 7.725579 0.0910358 0.6858477 7.707858 0.1304055 1.088127 7.624045 0.1620384 1.434854 7.618773  O_Gathering_Close
-0.01882992 0.005468726 7.727525 -0.08308874 0.1042899 7.749578 -0.2796951 0.3694025 7.776482 -0.318075 0.6671498 7.705905 0.05489131 0.09602511 7.755097 0.2773402 0.339069 7.790634 0.3450085 0.6361005 7.7427 -0.005308433 0.240015 7.741232 -0.09458713 0.6838605 7.704297 -0.07596682 1.096435 7.701045 -0.05471228 1.442295 7.725594 0.09111477 0.6858515 7.707815 0.1304073 1.088123 7.623927 0.1619663 1.434858 7.618742  O_Gathering_Close
-0.01870219 0.005464196 7.727508 -0.08301811 0.1042756 7.749438 -0.279574 0.3693799 7.776113 -0.3178902 0.6671359 7.705538 0.05495371 0.09603763 7.755198 0.2774911 0.3390424 7.791059 0.3443424 0.6360278 7.741714 -0.005249424 0.2400147 7.741213 -0.09453504 0.6838583 7.704286 -0.07595687 1.096434 7.701051 -0.05473445 1.442296 7.725606 0.09116705 0.6858531 7.707789 0.1304112 1.088119 7.623852 0.1619233 1.434859 7.618724  O_Gathering_Close
-0.01860277 0.005460382 7.727497 -0.08296703 0.1042658 7.749312 -0.2794617 0.3693755 7.775756 -0.3177015 0.6671363 7.705161 0.05499627 0.09604609 7.755298 0.2776188 0.339008 7.791459 0.3436321 0.6359383 7.740675 -0.005202396 0.2400141 7.7412 -0.09449641 0.6838565 7.70428 -0.07595013 1.096434 7.701057 -0.05475162 1.442297 7.725617 0.09120597 0.6858538 7.70777 0.1304131 1.088115 7.623794 0.1618896 1.434859 7.618711  O_Gathering_Close
-0.01855843 0.005458713 7.727493 -0.08294545 0.1042615 7.749252 -0.2794098 0.3693744 7.775584 -0.3176129 0.6671379 7.704981 0.0550135 0.0960499 7.755347 0.2776758 0.3389915 7.79165 0.3432154 0.6358882 7.740062 -0.005181951 0.2400137 7.741195 -0.09447978 0.6838557 7.704278 -0.07594775 1.096434 7.701061 -0.05475978 1.442298 7.725623 0.09122266 0.685854 7.707762 0.130413 1.088114 7.623769 0.161874 1.434859 7.618705  O_Gathering_Close
-0.0185043 0.005456328 7.727492 -0.08292012 0.1042558 7.749181 -0.2793463 0.3693726 7.775374 -0.3175031 0.6671392 7.704759 0.0550334 0.09605467 7.755413 0.2777409 0.338977 7.791874 0.3422062 0.6357961 7.738516 -0.005158706 0.2400132 7.741192 -0.09446155 0.6838545 7.704279 -0.07594524 1.096434 7.701068 -0.05476902 1.442298 7.725633 0.09124108 0.6858543 7.707756 0.1304121 1.088112 7.623744 0.1618552 1.434859 7.618701  O_Gathering_Close
-0.01850478 0.005456448 7.727492 -0.08292036 0.1042559 7.749182 -0.2793467 0.3693727 7.775375 -0.3175037 0.6671394 7.704761 0.05503317 0.09605467 7.755414 0.2777404 0.3389771 7.791873 0.34221 0.6357966 7.738523 -0.005158884 0.2400134 7.741193 -0.09446166 0.6838546 7.70428 -0.07594518 1.096434 7.701069 -0.05476902 1.442298 7.725633 0.09124096 0.6858544 7.707756 0.1304121 1.088112 7.623744 0.1618554 1.434859 7.618701  O_Gathering_Close
