0.004019039 0.05495536 13.83138 -0.06559967 0.1468054 13.86452 -0.2133777 0.3443604 13.72545 -0.07400851 0.09053624 13.61935 0.07273592 0.1474348 13.86486 0.4074293 0.2515391 13.82486 0.2024551 0.03308117 13.75161 0.002893405 0.2876822 13.86631 -0.09198634 0.7336257 13.87833 -0.1849268 1.133545 13.83359 -0.2547728 1.472157 13.79987 0.09372045 0.7339742 13.88213 0.1779862 1.113296 13.74278 0.2455208 1.441488 13.64803  A_Punch_Far
0.0049264 0.0549438 13.83248 -0.06524138 0.1466749 13.86518 -0.2126891 0.3434317 13.72483 -0.07226042 0.08964348 13.62005 0.07309039 0.1477184 13.86588 0.4080041 0.2511771 13.8266 0.2030363 0.03343582 13.75123 0.002826946 0.2877604 13.8667 -0.09239338 0.7337504 13.87791 -0.1845718 1.133901 13.83366 -0.2537949 1.472688 13.80042 0.09330155 0.734033 13.88225 0.1776783 1.113624 13.7437 0.2450906 1.441712 13.64851  A_Punch_Far
0.005999165 0.05493796 13.83379 -0.0648161 0.1465238 13.86596 -0.2118629 0.3423315 13.7241 -0.07018612 0.08859432 13.62088 0.07350828 0.1480583 13.86709 0.4086696 0.2507498 13.82869 0.2037355 0.03387415 13.75077 0.002750413 0.2878535 13.86718 -0.09287094 0.733896 13.87739 -0.1841543 1.134316 13.83374 -0.2526466 1.473308 13.80107 0.09280778 0.7341021 13.88239 0.177309 1.114012 13.74479 0.2445677 1.441977 13.64907  A_Punch_Far
0.007894294 0.05652952 13.83383 -0.06377701 0.1476128 13.86586 -0.2107528 0.3421981 13.72278 -0.06826518 0.08852267 13.62054 0.07453056 0.1500297 13.86742 0.4097861 0.2525405 13.83092 0.2045894 0.0368948 13.75032 0.002883451 0.289371 13.86718 -0.09366004 0.735355 13.87841 -0.1841367 1.135769 13.83305 -0.2523008 1.474946 13.80165 0.09199925 0.7355711 13.88407 0.1767124 1.114881 13.74496 0.2442179 1.4426 13.64858  A_Punch_Far
0.009829955 0.05819821 13.83384 -0.06270353 0.1487582 13.86574 -0.2096744 0.3420491 13.72145 -0.06628405 0.08849883 13.62017 0.07557984 0.1520741 13.86773 0.4109009 0.254421 13.83319 0.2054588 0.04004765 13.74987 0.003030913 0.2909471 13.86717 -0.09446822 0.7368592 13.87947 -0.1841284 1.137251 13.83233 -0.2519813 1.476609 13.80223 0.09116925 0.7370906 13.88581 0.1761004 1.11576 13.7451 0.2438657 1.443227 13.64804  A_Punch_Far
0.01167847 0.06076467 13.8329 -0.06166242 0.1507046 13.86495 -0.2094144 0.3427572 13.72041 -0.06485341 0.08987558 13.61911 0.07658984 0.1549274 13.86735 0.4117204 0.2580847 13.83478 0.2056695 0.04492009 13.74988 0.003125684 0.2933192 13.86704 -0.09536366 0.7391115 13.88085 -0.1844447 1.139192 13.83011 -0.2524934 1.478717 13.80243 0.09024449 0.7394078 13.888 0.1759981 1.116664 13.74403 0.2448698 1.444071 13.64755  A_Punch_Far
0.01638277 0.06828618 13.82993 -0.05900393 0.1565816 13.8624 -0.2089172 0.3455716 13.71741 -0.06096415 0.09463072 13.61618 0.07913269 0.1630247 13.86614 0.4131654 0.2701304 13.83863 0.2060333 0.05927014 13.75066 0.003419833 0.3001984 13.86667 -0.09781127 0.7455523 13.88418 -0.1857727 1.144392 13.82282 -0.2547865 1.484279 13.80313 0.08769758 0.7461863 13.89354 0.1760962 1.119627 13.74145 0.2481347 1.44758 13.64922  A_Punch_Far
0.01856853 0.07278442 13.82858 -0.05777232 0.1602659 13.86127 -0.2088643 0.3478907 13.71625 -0.05899267 0.09804153 13.61515 0.0802892 0.1676743 13.8659 0.4133038 0.2781677 13.84078 0.2060474 0.06768441 13.7522 0.003583627 0.3042922 13.86698 -0.09909944 0.7493477 13.88609 -0.1868563 1.147241 13.8186 -0.2566501 1.48723 13.80411 0.08634533 0.7502838 13.89662 0.1765263 1.120352 13.73749 0.2503924 1.448252 13.64654  A_Punch_Far
0.02070524 0.07779145 13.82745 -0.05659358 0.164458 13.86023 -0.2085212 0.3509841 13.71498 -0.05671583 0.1020787 13.61444 0.08137019 0.1727594 13.86609 0.4130059 0.2874562 13.84334 0.2061007 0.07686353 13.7542 0.003729837 0.3088441 13.86762 -0.1004584 0.753574 13.88798 -0.1881611 1.150323 13.814 -0.2587835 1.490336 13.80521 0.0849051 0.7548653 13.89982 0.1770734 1.120924 13.73276 0.2526821 1.448731 13.64291  A_Punch_Far
0.02341797 0.08504033 13.82602 -0.05513064 0.170655 13.85869 -0.2075403 0.3562553 13.71279 -0.05321101 0.1082914 13.61378 0.08265443 0.1799753 13.86679 0.4117771 0.3016096 13.84705 0.2062219 0.08993959 13.75735 0.003905015 0.3154168 13.86866 -0.1023312 0.7596829 13.89004 -0.1902427 1.154586 13.80699 -0.2620299 1.494469 13.80646 0.08289213 0.761537 13.90384 0.1779247 1.122326 13.72719 0.2554872 1.450538 13.64054  A_Punch_Far
0.02588268 0.09330463 13.8247 -0.05393533 0.1778729 13.85694 -0.2059861 0.3631144 13.70998 -0.0493112 0.1158605 13.61289 0.0835842 0.1880786 13.86796 0.4096218 0.317307 13.85175 0.2061111 0.1041653 13.76087 0.003809946 0.3229179 13.86991 -0.1042341 0.7667676 13.89206 -0.1923487 1.159483 13.79941 -0.26508 1.49906 13.80785 0.08080293 0.7690745 13.90811 0.1791501 1.123824 13.72134 0.2583891 1.452568 13.63829  A_Punch_Far
0.02751948 0.1014717 13.82377 -0.05335424 0.1852169 13.85522 -0.2038471 0.3710759 13.70682 -0.04554252 0.1240392 13.61184 0.0838113 0.1959369 13.86964 0.4065382 0.3323257 13.85701 0.2056842 0.1174983 13.76421 0.003347294 0.3303707 13.87123 -0.1057898 0.7739695 13.89368 -0.1942003 1.164487 13.79242 -0.2677038 1.503589 13.80918 0.07903351 0.7764832 13.912 0.1806436 1.125343 13.7161 0.2611673 1.454639 13.63655  A_Punch_Far
0.02900686 0.1157745 13.82195 -0.05329512 0.1984237 13.8518 -0.1993738 0.3867255 13.70112 -0.03954963 0.1397098 13.60867 0.08306564 0.2094575 13.87232 0.3999698 0.3567208 13.86676 0.2040755 0.1395363 13.76898 0.001906948 0.3434802 13.87306 -0.1075707 0.7869579 13.89711 -0.1973004 1.173044 13.78109 -0.2717215 1.511028 13.81113 0.07695301 0.7892008 13.91827 0.1830558 1.127863 13.70743 0.2645166 1.458363 13.63407  A_Punch_Far
0.02906235 0.128942 13.81982 -0.05413083 0.2109356 13.84806 -0.1945243 0.4027143 13.69581 -0.03447567 0.1555052 13.60427 0.08128627 0.2216681 13.87422 0.3929397 0.3771611 13.87614 0.2015691 0.1588519 13.77211 2.281791E-06 0.3556169 13.87409 -0.1083211 0.7992545 13.90101 -0.2001674 1.18067 13.77193 -0.2747595 1.517426 13.81322 0.07606132 0.8006539 13.92343 0.1849105 1.130095 13.69977 0.2662226 1.461893 13.63234  A_Punch_Far
0.02328594 0.151095 13.81264 -0.05981533 0.2332567 13.83951 -0.1855374 0.4337062 13.68869 -0.02863113 0.1870303 13.59051 0.07431759 0.2415706 13.87232 0.3814752 0.402439 13.89299 0.1938956 0.1917895 13.7683 -0.005464239 0.3764194 13.87254 -0.106412 0.8208038 13.91404 -0.2056358 1.19045 13.75883 -0.2771339 1.526387 13.81087 0.07872917 0.818965 13.9289 0.1858438 1.135535 13.68659 0.2673107 1.469874 13.63341  A_Punch_Far
0.01911332 0.1607999 13.80799 -0.06338875 0.2433615 13.83539 -0.1819165 0.4479758 13.68756 -0.02767013 0.2020646 13.58343 0.07062759 0.2501493 13.86902 0.3780604 0.4096996 13.89903 0.1902708 0.2068324 13.76234 -0.008080823 0.3856174 13.87068 -0.1043077 0.8300835 13.92203 -0.2091463 1.193095 13.75528 -0.2781885 1.529285 13.80898 0.08125813 0.8267521 13.9295 0.1845861 1.139234 13.68034 0.2667352 1.474562 13.63501  A_Punch_Far
0.01270427 0.1720269 13.80047 -0.06786518 0.2549914 13.83287 -0.1815257 0.4640973 13.69499 -0.03276942 0.2207208 13.57774 0.06772108 0.2602054 13.85982 0.3807387 0.41108 13.89618 0.1877254 0.2252394 13.74349 -0.009652121 0.3962308 13.86756 -0.09856705 0.8399686 13.93622 -0.2154553 1.192906 13.75637 -0.2800834 1.531 13.80316 0.08681293 0.8359141 13.9253 0.1791355 1.14703 13.67017 0.2646588 1.482979 13.63744  A_Punch_Far
0.008711534 0.1789179 13.79425 -0.0693004 0.2617152 13.83356 -0.1841934 0.4734114 13.708 -0.04004208 0.2337108 13.5781 0.06799747 0.2664927 13.8498 0.3884704 0.4050663 13.88315 0.1893389 0.237246 13.71796 -0.008279903 0.4024856 13.8652 -0.09109508 0.8450605 13.94787 -0.2211921 1.189971 13.76163 -0.2837593 1.529711 13.79817 0.09233667 0.8417147 13.91883 0.1724638 1.155263 13.66257 0.2624762 1.490954 13.64118  A_Punch_Far
0.005086856 0.1836224 13.78904 -0.06925021 0.2660111 13.83624 -0.1890876 0.4791873 13.72436 -0.04956071 0.2440854 13.58164 0.06896712 0.2707722 13.83949 0.3977753 0.3933616 13.86259 0.1934064 0.2463427 13.68448 -0.005532188 0.4065137 13.86344 -0.08237492 0.8477164 13.95801 -0.2265102 1.185386 13.76886 -0.28934 1.526119 13.7939 0.09750743 0.8458843 13.91175 0.1650276 1.163154 13.65644 0.2601914 1.497911 13.64505  A_Punch_Far
0.002197282 0.1860989 13.78578 -0.06835495 0.2680703 13.83946 -0.1937118 0.481828 13.73921 -0.05814848 0.2508696 13.58628 0.06966056 0.2730087 13.83142 0.4046623 0.3808774 13.84186 0.1972279 0.2517092 13.65374 -0.002744658 0.4084648 13.86238 -0.07491736 0.8485377 13.96498 -0.2301193 1.181024 13.7754 -0.2946211 1.522008 13.79099 0.1012182 0.8482579 13.90601 0.1590079 1.16893 13.65257 0.2586779 1.502537 13.64806  A_Punch_Far
-0.002123339 0.186825 13.7845 -0.06715392 0.2686391 13.84503 -0.2024951 0.481922 13.75785 -0.07165377 0.2562919 13.5933 0.06947048 0.2734394 13.82387 0.4109664 0.3602664 13.81299 0.2049086 0.2566087 13.6083 0.0005641748 0.4088693 13.86208 -0.06836288 0.8476485 13.97045 -0.2328248 1.176726 13.78274 -0.2994791 1.517572 13.79013 0.103991 0.849707 13.90123 0.1535705 1.173526 13.65006 0.257392 1.505894 13.65086  A_Punch_Far
-0.008685274 0.1867181 13.78623 -0.06449388 0.2686518 13.85514 -0.2150239 0.4801823 13.7879 -0.0934367 0.2631801 13.6056 0.06793316 0.2730837 13.81539 0.4131347 0.3279101 13.76782 0.2206563 0.2621478 13.53602 0.005239563 0.4087389 13.86247 -0.06137435 0.8457026 13.97608 -0.2359576 1.17131 13.79149 -0.3062351 1.5115 13.78906 0.1062366 0.8514925 13.89624 0.1474974 1.178324 13.64748 0.2565324 1.508966 13.65338  A_Punch_Far
-0.01348118 0.1857958 13.791 -0.06131713 0.2682134 13.86496 -0.2243572 0.4773346 13.81476 -0.1132079 0.2680153 13.61743 0.06610252 0.2721282 13.81124 0.4080399 0.298381 13.73033 0.2401703 0.260291 13.47445 0.008876877 0.4082556 13.86362 -0.05906842 0.8438011 13.97851 -0.2381712 1.168054 13.79587 -0.3109878 1.507617 13.78756 0.1062844 0.8528982 13.89438 0.1443183 1.180586 13.64624 0.2557882 1.510374 13.65416  A_Punch_Far
-0.01595042 0.1843313 13.79639 -0.05753807 0.2672491 13.87331 -0.2302199 0.4735211 13.83734 -0.129746 0.2705448 13.62803 0.06493498 0.2710253 13.8091 0.3985657 0.2789162 13.69818 0.2629795 0.2559383 13.42215 0.01171197 0.4075022 13.86469 -0.05956409 0.8420192 13.97895 -0.2401542 1.166043 13.79737 -0.314391 1.505205 13.7859 0.1051262 0.8537126 13.89385 0.1432693 1.18097 13.64515 0.255549 1.51047 13.65357  A_Punch_Far
-0.01718299 0.1795033 13.80924 -0.04462854 0.263806 13.89061 -0.2342552 0.4629377 13.89068 -0.1672662 0.2735535 13.65668 0.06310816 0.26767 13.80393 0.3618607 0.2442821 13.62479 0.3240648 0.2272133 13.3192 0.01861848 0.4048501 13.86518 -0.06367563 0.8367839 13.97687 -0.2465633 1.161635 13.79911 -0.3241174 1.499898 13.7837 0.1005708 0.8545123 13.89196 0.1418256 1.180728 13.64238 0.2537383 1.510332 13.6516  A_Punch_Far
-0.01664947 0.1652932 13.82094 -0.03083311 0.2530193 13.90374 -0.2276031 0.4488747 13.94115 -0.1997388 0.2699282 13.69153 0.05654289 0.2548938 13.7965 0.3108556 0.2331583 13.56187 0.3701894 0.1968448 13.26142 0.02124222 0.3939692 13.85944 -0.06743108 0.825584 13.9657 -0.2560591 1.154396 13.80175 -0.3394027 1.491257 13.78586 0.0947298 0.8457825 13.87739 0.1413189 1.179363 13.63874 0.2526297 1.509044 13.6517  A_Punch_Far
-0.02257256 0.1575572 13.82407 -0.03669099 0.2473965 13.90556 -0.2315233 0.4479907 13.94183 -0.2018663 0.2684063 13.69288 0.05042906 0.245978 13.79811 0.3165635 0.2372124 13.57758 0.3624258 0.1987691 13.27505 0.01637335 0.3868146 13.85773 -0.06703041 0.8207225 13.95889 -0.2561264 1.15256 13.80173 -0.3410128 1.489038 13.78588 0.09409805 0.8381044 13.86813 0.1420346 1.178366 13.63938 0.2541705 1.507684 13.65433  A_Punch_Far
-0.03046189 0.1502638 13.82718 -0.04753933 0.2422223 13.90583 -0.2393488 0.4489114 13.93147 -0.1997898 0.265463 13.68675 0.04536267 0.2367787 13.80348 0.3332494 0.2413299 13.6121 0.3422236 0.2008541 13.30651 0.01059057 0.3795512 13.85785 -0.06720917 0.8157991 13.95242 -0.2534225 1.152238 13.80173 -0.3390935 1.48856 13.78682 0.09424503 0.8299901 13.86169 0.1431809 1.176166 13.64221 0.2550268 1.505628 13.65613  A_Punch_Far
-0.03623901 0.1448981 13.82907 -0.05583863 0.2383903 13.90526 -0.2450597 0.449325 13.92177 -0.1973558 0.2625046 13.68108 0.04182364 0.2300178 13.80764 0.3443462 0.24558 13.64069 0.3251913 0.2002355 13.33625 0.006347375 0.3741342 13.85785 -0.0675339 0.8119285 13.94756 -0.2509134 1.152127 13.80192 -0.3369662 1.488395 13.78805 0.09441544 0.8238425 13.85739 0.1442906 1.174263 13.64497 0.2555368 1.503968 13.6579  A_Punch_Far
-0.04230992 0.138155 13.83168 -0.0666316 0.2334354 13.90345 -0.2516872 0.4486883 13.90239 -0.1911982 0.2550876 13.67008 0.03939231 0.2216282 13.81537 0.3583353 0.2475353 13.68 0.3024099 0.19883 13.38066 0.00177105 0.3672596 13.85925 -0.06934683 0.806663 13.94162 -0.2459504 1.152886 13.80192 -0.3315788 1.489331 13.78981 0.09475292 0.8161466 13.85512 0.1466874 1.17031 13.64951 0.2555239 1.50096 13.65808  A_Punch_Far
-0.0470023 0.1324892 13.83345 -0.07525878 0.2291739 13.90109 -0.2559913 0.447327 13.88457 -0.1848058 0.2477398 13.6605 0.03733315 0.2147424 13.82202 0.3671499 0.2484154 13.71344 0.2824148 0.1942196 13.42192 -0.001973314 0.3614954 13.86034 -0.07105748 0.8020858 13.93663 -0.2415029 1.153359 13.80199 -0.326667 1.489968 13.79125 0.09505178 0.8096437 13.85386 0.149075 1.166699 13.65386 0.2555274 1.498203 13.65843  A_Punch_Far
-0.0510296 0.1250736 13.83521 -0.08457915 0.2231253 13.89716 -0.2590752 0.4428583 13.85875 -0.1744192 0.2347647 13.64747 0.03572913 0.2063826 13.83095 0.3750274 0.248428 13.75147 0.2625711 0.190468 13.47022 -0.006106062 0.3541154 13.86217 -0.07434802 0.7958485 13.93098 -0.235412 1.153573 13.80188 -0.3194908 1.490489 13.79226 0.09505542 0.8014702 13.855 0.1534277 1.160855 13.66048 0.2563775 1.493487 13.65814  A_Punch_Far
-0.05331049 0.1193385 13.83578 -0.09060638 0.2181838 13.89341 -0.2595657 0.4382722 13.83897 -0.1655871 0.223909 13.63816 0.0344645 0.2002448 13.83709 0.3784791 0.2486055 13.77851 0.24863 0.1854022 13.50602 -0.009085579 0.3484831 13.86313 -0.07678501 0.7909577 13.92697 -0.2307716 1.153344 13.80231 -0.3140841 1.490463 13.79316 0.09503014 0.7952113 13.85652 0.1569054 1.156289 13.66626 0.2570062 1.4897 13.65824  A_Punch_Far
-0.05434791 0.1137317 13.83544 -0.09508203 0.2130061 13.88935 -0.2586951 0.43249 13.82043 -0.1567728 0.2123784 13.62998 0.03354003 0.194665 13.84184 0.3801523 0.2483042 13.80035 0.2391132 0.1787611 13.53507 -0.01169596 0.3430935 13.86357 -0.07918034 0.78616 13.92375 -0.2262969 1.152784 13.80325 -0.3087722 1.490104 13.79391 0.09486528 0.7892208 13.85894 0.160612 1.151733 13.67275 0.2579585 1.485761 13.6587  A_Punch_Far
-0.05454437 0.1081282 13.8347 -0.09849547 0.2076463 13.88506 -0.2566382 0.4261858 13.8029 -0.147749 0.2006769 13.62291 0.03292425 0.1892875 13.84596 0.3807496 0.2482345 13.82008 0.2295371 0.1700703 13.56292 -0.01391505 0.3377551 13.86365 -0.08135168 0.7813618 13.92066 -0.2219355 1.151963 13.80462 -0.3037073 1.48944 13.79479 0.09471323 0.7833033 13.86151 0.1640095 1.147222 13.6794 0.2584789 1.481737 13.65884  A_Punch_Far
-0.0520942 0.09985614 13.83224 -0.1005873 0.1991148 13.87857 -0.2527067 0.4155051 13.78052 -0.1353811 0.1829182 13.61545 0.03359373 0.1819382 13.84963 0.3811365 0.2487569 13.84087 0.218485 0.151333 13.59764 -0.01597313 0.3299961 13.86272 -0.08409254 0.7742941 13.91683 -0.2154529 1.150323 13.80764 -0.2962528 1.487973 13.7959 0.09452505 0.7747413 13.86587 0.1684764 1.140606 13.68958 0.258358 1.47551 13.65782  A_Punch_Far
-0.04708372 0.09332812 13.82887 -0.09934537 0.191734 13.87271 -0.2486589 0.4062253 13.76431 -0.1252479 0.1686448 13.61123 0.03646143 0.1763843 13.8513 0.3827003 0.2502273 13.84723 0.2092739 0.1307271 13.62195 -0.01577072 0.3237548 13.86146 -0.08630715 0.7683788 13.91358 -0.209503 1.148926 13.81071 -0.2892462 1.486752 13.797 0.09444059 0.7681288 13.87078 0.1715552 1.135413 13.69885 0.2574914 1.470256 13.6571  A_Punch_Far
-0.04251168 0.08860648 13.82622 -0.09747933 0.1862333 13.86824 -0.24461 0.399489 13.75262 -0.1175139 0.1582773 13.6085 0.03925868 0.1723163 13.85254 0.3839624 0.2525698 13.84915 0.2031387 0.1151881 13.64051 -0.01488791 0.3191264 13.86056 -0.08791415 0.7638802 13.91079 -0.2048029 1.147882 13.81356 -0.2834554 1.485916 13.79871 0.09434862 0.7633629 13.87499 0.173554 1.131527 13.70592 0.2565561 1.466034 13.65629  A_Punch_Far
-0.03717355 0.08436167 13.82371 -0.09459685 0.1810974 13.86407 -0.2395809 0.3935046 13.74215 -0.1098959 0.1488503 13.60638 0.04280271 0.1685582 13.854 0.3852307 0.2570007 13.84778 0.198737 0.100351 13.65861 -0.01307611 0.3148109 13.86009 -0.08937578 0.7595286 13.90782 -0.2001072 1.146671 13.81599 -0.2776091 1.4849 13.7996 0.09427215 0.7591241 13.87999 0.1752541 1.127844 13.71298 0.2554327 1.461755 13.65534  A_Punch_Far
-0.03154532 0.0804919 13.82186 -0.09109817 0.1763635 13.86066 -0.2334602 0.3881006 13.73307 -0.1028128 0.140038 13.6046 0.04669346 0.1650779 13.85583 0.387454 0.2577708 13.84659 0.1955359 0.08588099 13.6771 -0.01069049 0.3108073 13.86023 -0.0905488 0.7553962 13.9048 -0.1952951 1.145516 13.81872 -0.2712941 1.48401 13.80084 0.09417094 0.7553459 13.8853 0.1766304 1.124469 13.71992 0.2541582 1.457525 13.65426  A_Punch_Far
-0.02648465 0.0773654 13.82063 -0.08770071 0.1724998 13.85812 -0.227519 0.3837628 13.72601 -0.0969386 0.132807 13.60322 0.05025436 0.1622344 13.8576 0.3900474 0.2564937 13.84574 0.1933917 0.07425618 13.69335 -0.008314474 0.3075259 13.86068 -0.09133153 0.7519452 13.90212 -0.1912249 1.144471 13.82138 -0.2657099 1.483238 13.80232 0.09402098 0.7523344 13.89004 0.1776428 1.121701 13.72579 0.253121 1.453778 13.65316  A_Punch_Far
-0.02128218 0.07355821 13.82069 -0.08383666 0.1678962 13.85742 -0.2218117 0.3783119 13.72232 -0.09368198 0.1243097 13.60327 0.05420085 0.1590074 13.8594 0.3928051 0.255441 13.841 0.1911261 0.0624032 13.70998 -0.005868716 0.3036952 13.86194 -0.09229235 0.7479444 13.89953 -0.1880419 1.142704 13.82489 -0.2608589 1.481695 13.80352 0.09335662 0.7489854 13.89362 0.1780272 1.119312 13.73209 0.2518737 1.450195 13.65265  A_Punch_Far
-0.01763527 0.07082903 13.82105 -0.08102958 0.1646014 13.85741 -0.2182926 0.374092 13.72063 -0.09192435 0.1182507 13.60365 0.05704834 0.1567585 13.86062 0.3946837 0.2548698 13.83683 0.1900531 0.05503333 13.72153 -0.004145009 0.3009777 13.86298 -0.09294383 0.7450845 13.89778 -0.1862641 1.141232 13.82755 -0.2578531 1.480368 13.8044 0.09278406 0.7466503 13.89573 0.1779993 1.117827 13.73645 0.2507691 1.447826 13.65246  A_Punch_Far
-0.01323114 0.06747258 13.82207 -0.07766317 0.1606935 13.85805 -0.2145995 0.3687271 13.72028 -0.08900146 0.1118547 13.60474 0.06048228 0.1543378 13.86161 0.3971991 0.25468 13.8336 0.1917151 0.04803097 13.73272 -0.002275271 0.2978802 13.86416 -0.09357516 0.7419423 13.89522 -0.1852156 1.139362 13.83015 -0.2557223 1.478522 13.80421 0.09215601 0.7440262 13.89629 0.1780061 1.116486 13.74038 0.2498995 1.445551 13.65209  A_Punch_Far
-0.009729011 0.06499791 13.82287 -0.07500516 0.1578201 13.85851 -0.2122116 0.3645487 13.72015 -0.08635966 0.1072851 13.60576 0.06318827 0.1526678 13.86215 0.3992235 0.2546771 13.83142 0.1936857 0.0437119 13.74003 -0.0008216332 0.2956547 13.86477 -0.09379403 0.7397411 13.89303 -0.1846624 1.137977 13.83199 -0.2544844 1.477138 13.80426 0.09191366 0.7420951 13.89597 0.1778838 1.11575 13.74301 0.2489717 1.444311 13.65223  A_Punch_Far
-0.006008489 0.06271517 13.82374 -0.07223032 0.1551973 13.85896 -0.2107963 0.3602263 13.72036 -0.08292745 0.1033937 13.60725 0.06601466 0.1513683 13.86227 0.4015063 0.2549133 13.8299 0.1967849 0.04062593 13.74461 0.0006500055 0.2937415 13.86486 -0.09353052 0.7380153 13.89039 -0.1844403 1.136848 13.83345 -0.2540364 1.47596 13.80459 0.09216322 0.7403421 13.89413 0.1776382 1.115484 13.74457 0.247705 1.443951 13.65267  A_Punch_Far
-0.002158565 0.06030285 13.82555 -0.06946348 0.1524714 13.86021 -0.2101792 0.35535 13.72139 -0.07932614 0.09925449 13.61003 0.06882776 0.1501333 13.86292 0.403804 0.2549907 13.82861 0.1998844 0.03775561 13.74905 0.001952665 0.2918061 13.86534 -0.09309314 0.7364466 13.88727 -0.1842946 1.135797 13.83458 -0.2537467 1.474824 13.8044 0.09259243 0.7384711 13.89155 0.177597 1.114529 13.74404 0.2466825 1.442514 13.6497  A_Punch_Far
-0.0001936387 0.05884326 13.82703 -0.06816547 0.1508971 13.86126 -0.2107758 0.3522605 13.72237 -0.07744543 0.09686029 13.61236 0.07014795 0.1494482 13.86339 0.4049233 0.2546812 13.82785 0.201335 0.036309 13.75058 0.002381818 0.2907008 13.86559 -0.09270184 0.7357191 13.88484 -0.1842744 1.135268 13.83434 -0.2537746 1.474208 13.8033 0.09298845 0.7372898 13.8891 0.1778159 1.114235 13.74378 0.2464799 1.442237 13.64918  A_Punch_Far
0.001730042 0.05740488 13.82861 -0.06692235 0.149348 13.86239 -0.2114585 0.3491553 13.72339 -0.07561491 0.09446871 13.61481 0.07140543 0.1487818 13.86392 0.4060284 0.2541476 13.82699 0.2025229 0.0349226 13.75195 0.002755718 0.2896109 13.86586 -0.09233128 0.7350016 13.88229 -0.1843147 1.134733 13.83404 -0.2538878 1.473583 13.8022 0.09336306 0.7361009 13.88653 0.1780245 1.113958 13.74349 0.2462816 1.442022 13.64882  A_Punch_Far
0.002772229 0.05652177 13.82984 -0.06632774 0.1484302 13.86328 -0.2121414 0.3472078 13.7241 -0.0746464 0.09293473 13.61663 0.07200529 0.1483907 13.86438 0.4066769 0.2531899 13.82625 0.2025281 0.03417611 13.75235 0.002830224 0.2889658 13.86605 -0.09215336 0.7346131 13.88045 -0.1845193 1.134433 13.83369 -0.2542515 1.473223 13.80155 0.09354426 0.7353712 13.88462 0.178142 1.113877 13.74327 0.2462407 1.44209 13.649  A_Punch_Far
