-0.01850484 0.005456328 12.42703 -0.08292036 0.1042558 12.44872 -0.2793468 0.3693726 12.47492 -0.317504 0.6671394 12.4043 0.05503317 0.09605467 12.45495 0.2777403 0.3389771 12.49141 0.3422118 0.6357967 12.43807 -0.005158944 0.2400132 12.44073 -0.09446166 0.6838545 12.40382 -0.07594524 1.096434 12.40061 -0.05476902 1.442298 12.42517 0.0912409 0.6858543 12.4073 0.1304121 1.088112 12.32328 0.1618557 1.434859 12.31824  O_Gathering_Far
-0.02046244 0.005874276 12.42658 -0.08475678 0.1045302 12.44905 -0.2814249 0.3695793 12.47625 -0.3180514 0.6668139 12.40265 0.05320587 0.0961951 12.45489 0.2765128 0.3385996 12.49166 0.3402154 0.6352873 12.43668 -0.006889326 0.2402179 12.44092 -0.09613119 0.6840627 12.40428 -0.07671104 1.096594 12.40032 -0.05479626 1.442384 12.42527 0.08957882 0.6860631 12.40734 0.1301184 1.084888 12.30886 0.1599397 1.431753 12.31543  O_Gathering_Far
-0.02334551 0.006492615 12.42589 -0.08745877 0.1049393 12.44948 -0.2844585 0.3698949 12.47811 -0.3191704 0.666397 12.40072 0.05051394 0.09640753 12.45477 0.2746329 0.338083 12.49197 0.3372652 0.6345757 12.43476 -0.009434385 0.2405246 12.44114 -0.09857915 0.6843741 12.4049 -0.07780991 1.096827 12.39982 -0.05478875 1.442504 12.42534 0.0871395 0.6863759 12.40737 0.129455 1.080803 12.29318 0.1556586 1.427481 12.31256  O_Gathering_Far
-0.03016661 0.007753372 12.42428 -0.09385674 0.1057106 12.45026 -0.291516 0.3704653 12.48205 -0.3225661 0.6653545 12.3973 0.04412808 0.09673631 12.45438 0.2699333 0.3368227 12.49255 0.3303007 0.6328331 12.4306 -0.01547794 0.2410647 12.4415 -0.104388 0.6849239 12.40611 -0.08055507 1.097171 12.39845 -0.05498539 1.442569 12.42529 0.08134289 0.6869294 12.40736 0.1272903 1.074184 12.27199 0.1509767 1.419562 12.30942  O_Gathering_Far
-0.03932337 0.009480238 12.4223 -0.1024311 0.106782 12.45122 -0.3008988 0.3712656 12.48694 -0.3283179 0.6643015 12.39482 0.03555037 0.09723032 12.45389 0.2633412 0.3353149 12.49327 0.321018 0.6306253 12.42567 -0.02358715 0.2418324 12.44196 -0.1121615 0.6857028 12.40762 -0.08426808 1.097622 12.39668 -0.05526088 1.44262 12.42512 0.07357337 0.6877145 12.4074 0.1233868 1.067182 12.25271 0.1455949 1.410207 12.30828  O_Gathering_Far
-0.05371926 0.01214278 12.41969 -0.1158959 0.1084319 12.45267 -0.3155558 0.3724715 12.49396 -0.3396318 0.6636262 12.39519 0.02204646 0.0980047 12.45333 0.2524312 0.3332212 12.49451 0.3064547 0.627405 12.4194 -0.03633926 0.2430178 12.44276 -0.1243532 0.6868998 12.40986 -0.09016709 1.098184 12.39401 -0.05577318 1.442492 12.42472 0.06136884 0.688925 12.40768 0.1154195 1.060268 12.23567 0.1382721 1.399377 12.31137  O_Gathering_Far
-0.07323818 0.01501381 12.41675 -0.1341651 0.1101741 12.45401 -0.3350084 0.3736972 12.50194 -0.3594563 0.6648338 12.4032 0.003678696 0.09860313 12.45244 0.236744 0.3304279 12.49496 0.2871678 0.6233232 12.41265 -0.05365382 0.244146 12.44351 -0.1407983 0.6880544 12.41228 -0.09788428 1.098446 12.39462 -0.05645547 1.442001 12.42507 0.04488887 0.690074 12.40807 0.1041067 1.056854 12.22816 0.129863 1.391037 12.32253  O_Gathering_Far
-0.09589355 0.01972342 12.4156 -0.1556587 0.1137666 12.45649 -0.3574087 0.3769732 12.50973 -0.3846746 0.6690687 12.41463 -0.01794986 0.1009161 12.45359 0.217156 0.3293524 12.49607 0.2658646 0.6213686 12.4097 -0.07398753 0.2470433 12.4461 -0.1598005 0.6910189 12.41617 -0.1067979 1.099597 12.38738 -0.05620215 1.44132 12.42398 0.0258707 0.6929685 12.41128 0.09208681 1.062791 12.24025 0.1226743 1.389315 12.35728  O_Gathering_Far
-0.11037 0.02517498 12.41677 -0.1700708 0.1184667 12.45893 -0.371806 0.3819416 12.51252 -0.4007927 0.67417 12.41834 -0.03241621 0.104829 12.45736 0.2036635 0.3310606 12.50054 0.2525925 0.6229292 12.41381 -0.08753161 0.2513119 12.44998 -0.1720943 0.6953093 12.41968 -0.1132424 1.101701 12.37544 -0.05533503 1.441027 12.42212 0.01362528 0.6972648 12.41724 0.08563633 1.072093 12.26001 0.1195704 1.390819 12.39606  O_Gathering_Far
-0.1231666 0.03313649 12.41943 -0.1840179 0.1255872 12.46128 -0.3846805 0.3899723 12.51081 -0.4146638 0.6814992 12.41479 -0.04646258 0.1112708 12.46457 0.1905691 0.3350786 12.51156 0.2405352 0.6271287 12.42604 -0.1005713 0.2580577 12.4559 -0.1833337 0.7020013 12.42318 -0.1190139 1.104944 12.35934 -0.05292062 1.440537 12.42003 0.00234236 0.7041084 12.42781 0.08032168 1.084198 12.28691 0.11642 1.392064 12.44553  O_Gathering_Far
-0.1380048 0.04764748 12.42575 -0.2011638 0.1388551 12.46616 -0.3990819 0.4051719 12.50742 -0.4291693 0.6945567 12.40515 -0.06415962 0.1237407 12.47794 0.1741154 0.3435349 12.53114 0.2263953 0.6359025 12.44812 -0.1168533 0.2708851 12.46692 -0.1968362 0.714687 12.4301 -0.1260609 1.110697 12.3366 -0.04827408 1.43943 12.41758 -0.01185642 0.7171437 12.44677 0.07375939 1.103818 12.33034 0.111183 1.394398 12.51852  O_Gathering_Far
-0.1481431 0.06345618 12.43379 -0.2136699 0.1535121 12.47233 -0.4079549 0.4219937 12.50513 -0.4367648 0.7083443 12.39431 -0.07767706 0.1378299 12.49226 0.1615265 0.3534428 12.55103 0.2164419 0.6460681 12.47066 -0.1291382 0.2852308 12.47906 -0.2065657 0.7288592 12.43853 -0.1310598 1.1165 12.31767 -0.04417221 1.438229 12.41572 -0.02297811 0.7317327 12.46662 0.06821801 1.123097 12.37217 0.1051939 1.397666 12.5831  O_Gathering_Far
-0.1557221 0.09181607 12.44939 -0.2246811 0.1801217 12.48505 -0.4137008 0.4512886 12.50745 -0.4349074 0.7280457 12.37305 -0.09075193 0.164102 12.51577 0.1477645 0.3748363 12.58155 0.2050589 0.6683207 12.50613 -0.1409626 0.3116823 12.50001 -0.2157696 0.7550595 12.45561 -0.1376141 1.126748 12.2934 -0.03980939 1.437057 12.41512 -0.03506927 0.7586643 12.49846 0.05805524 1.153702 12.42312 0.08883412 1.407465 12.65956  O_Gathering_Far
-0.1578616 0.1190509 12.46257 -0.229485 0.2057587 12.49622 -0.4148177 0.4785537 12.51297 -0.4290253 0.7453113 12.35888 -0.09753506 0.1896914 12.53454 0.1436927 0.3917758 12.60428 0.2079494 0.6849029 12.5332 -0.1472065 0.3373307 12.51766 -0.220744 0.7805951 12.47242 -0.1410631 1.133569 12.27333 -0.03438185 1.434805 12.40953 -0.04282097 0.7847619 12.52559 0.05052318 1.180431 12.45392 0.07391603 1.417043 12.70832  O_Gathering_Far
-0.1555044 0.146665 12.47217 -0.2295673 0.2315617 12.50462 -0.4131139 0.504887 12.51976 -0.4227769 0.7631845 12.35155 -0.09941058 0.2157108 12.54873 0.1415243 0.4124705 12.61902 0.2083892 0.7055214 12.55007 -0.1493155 0.3632869 12.53199 -0.2232387 0.8064712 12.4889 -0.1456981 1.141999 12.2609 -0.03318397 1.434051 12.41163 -0.04788689 0.8112423 12.54998 0.04641481 1.205222 12.47067 0.06178733 1.424038 12.74109  O_Gathering_Far
-0.143995 0.2171124 12.47942 -0.2208859 0.29764 12.51569 -0.4025798 0.5740631 12.52806 -0.381519 0.8098879 12.33045 -0.0910313 0.2826015 12.56095 0.1477638 0.4734296 12.61028 0.2130054 0.7644925 12.53199 -0.144281 0.4296261 12.55107 -0.2236311 0.8723124 12.52098 -0.1542527 1.159708 12.2326 -0.03111385 1.432147 12.40948 -0.04917256 0.8781065 12.58448 0.05522938 1.24905 12.43648 0.05850901 1.428 12.73517  O_Gathering_Far
-0.1327809 0.2668544 12.47526 -0.2109744 0.3439883 12.51583 -0.40103 0.6183158 12.52834 -0.3638365 0.8323919 12.30949 -0.08041124 0.3296467 12.55925 0.1546979 0.5207257 12.58774 0.2148181 0.809391 12.4974 -0.1367555 0.4758214 12.55648 -0.2205817 0.917419 12.53744 -0.1594135 1.169302 12.2159 -0.03153775 1.430403 12.40602 -0.04558323 0.9239125 12.59936 0.06151303 1.277194 12.41463 0.05795499 1.427153 12.72888  O_Gathering_Far
-0.1231931 0.3069235 12.46831 -0.2023017 0.3808357 12.51293 -0.4006341 0.6517269 12.52571 -0.3495956 0.8475694 12.29301 -0.07103841 0.3670509 12.55437 0.160053 0.5601084 12.56518 0.2148342 0.8463362 12.4643 -0.1300317 0.5121446 12.55849 -0.2176104 0.9521424 12.5496 -0.1639483 1.17542 12.20632 -0.03329818 1.428924 12.40466 -0.04204718 0.9592875 12.60983 0.06778486 1.294546 12.39549 0.06089767 1.428529 12.71681  O_Gathering_Far
-0.1110744 0.3544328 12.45448 -0.1911149 0.4236642 12.50463 -0.3967473 0.6896883 12.51596 -0.3239587 0.8646963 12.27269 -0.05893211 0.4105088 12.54325 0.1661301 0.6080123 12.53232 0.2133947 0.8904822 12.41795 -0.1211395 0.5536495 12.55705 -0.2132862 0.9905333 12.56202 -0.1691581 1.180001 12.1977 -0.03589491 1.426511 12.403 -0.03700439 0.9986187 12.61999 0.07305099 1.316524 12.38077 0.06226679 1.429426 12.70999  O_Gathering_Far
-0.1006278 0.3939912 12.43797 -0.1814015 0.4583942 12.49315 -0.3931364 0.7183867 12.50526 -0.3031692 0.8788351 12.25774 -0.04846583 0.4458044 12.5293 0.1709399 0.6475797 12.50043 0.211753 0.9263626 12.37505 -0.1134603 0.5864726 12.55249 -0.2097999 1.019582 12.57121 -0.1737288 1.182076 12.19323 -0.03858231 1.424039 12.40267 -0.03293757 1.028525 12.62726 0.07667936 1.333881 12.37202 0.06304993 1.429891 12.70645  O_Gathering_Far
-0.08655296 0.4473318 12.40868 -0.1681987 0.5036221 12.47102 -0.3882308 0.7525729 12.48806 -0.2782531 0.8991518 12.24001 -0.03429739 0.4918846 12.50373 0.1763905 0.7001742 12.45112 0.2081613 0.9730145 12.31093 -0.1031154 0.6274983 12.54145 -0.2056007 1.053371 12.58214 -0.1800094 1.182573 12.19069 -0.04230801 1.420278 12.40332 -0.02800731 1.063547 12.6356 0.08109768 1.354656 12.36402 0.06441547 1.430571 12.70344  O_Gathering_Far
-0.07656483 0.484964 12.3826 -0.1588284 0.5341734 12.44996 -0.3843789 0.7737201 12.47725 -0.263443 0.9137935 12.23055 -0.02434449 0.5231169 12.48044 0.1795485 0.7365257 12.41218 0.2051484 1.004779 12.26222 -0.09595083 0.6535175 12.52961 -0.2034229 1.072517 12.58864 -0.184492 1.182104 12.19089 -0.04506038 1.417473 12.40498 -0.02540396 1.083671 12.64047 0.08398844 1.367347 12.36125 0.06509866 1.430806 12.70311  O_Gathering_Far
-0.06289767 0.5366935 12.3404 -0.1459748 0.5741218 12.41411 -0.3802267 0.7970287 12.46419 -0.2505344 0.9324639 12.21935 -0.0108252 0.5641236 12.44189 0.182482 0.7857318 12.35457 0.1997729 1.047478 12.19242 -0.0863506 0.6844276 12.50802 -0.2016954 1.090872 12.59612 -0.1904392 1.180453 12.1931 -0.04836575 1.413526 12.40796 -0.02324448 1.103673 12.64605 0.08838822 1.380772 12.36117 0.06614758 1.430681 12.70506  O_Gathering_Far
-0.04954044 0.5868306 12.29577 -0.1333968 0.6106517 12.37421 -0.374873 0.811891 12.45749 -0.2455607 0.9492472 12.21353 0.002227442 0.6019376 12.40004 0.1835007 0.8329859 12.29823 0.193261 1.088985 12.12655 -0.07727133 0.7086011 12.48282 -0.2019702 1.098341 12.60271 -0.1961937 1.177647 12.19743 -0.05120037 1.409582 12.41157 -0.02336816 1.113622 12.65139 0.09477372 1.385119 12.36375 0.06747802 1.428824 12.70812  O_Gathering_Far
-0.04129551 0.6224166 12.26815 -0.1253344 0.6364034 12.34883 -0.3706107 0.8194386 12.4532 -0.2429746 0.9605647 12.2105 0.0106134 0.6289226 12.37331 0.1830492 0.8650119 12.26096 0.1886807 1.114917 12.08035 -0.07133649 0.724518 12.46656 -0.2025649 1.100829 12.60729 -0.2003338 1.17519 12.20104 -0.05309026 1.40681 12.41399 -0.02398114 1.118323 12.65529 0.1018778 1.384285 12.36576 0.06911613 1.426692 12.70981  O_Gathering_Far
-0.02874653 0.6885444 12.22408 -0.1120205 0.6838058 12.30683 -0.3611472 0.8278006 12.44481 -0.2404317 0.9803384 12.20551 0.0245495 0.6803873 12.3286 0.1769309 0.9278116 12.20661 0.1737006 1.171273 12.01735 -0.06121204 0.7524368 12.43816 -0.204191 1.100334 12.61524 -0.2072993 1.169116 12.20802 -0.05605732 1.401291 12.41753 -0.02593361 1.122058 12.66272 0.1178827 1.374729 12.36967 0.07305904 1.420985 12.71187  O_Gathering_Far
-0.02562003 0.7160909 12.20894 -0.1076947 0.7032435 12.29214 -0.3571378 0.8296366 12.44097 -0.2405065 0.9884216 12.20371 0.02916755 0.7031118 12.31229 0.1729877 0.9551801 12.18803 0.1671826 1.196177 11.9957 -0.05768327 0.7641704 12.42752 -0.2048288 1.099538 12.61809 -0.2096297 1.166264 12.21054 -0.05694691 1.398857 12.41854 -0.02675263 1.122562 12.66563 0.1238862 1.369539 12.37116 0.07468076 1.418414 12.71239  O_Gathering_Far
-0.02444593 0.7475661 12.19387 -0.1040721 0.7250338 12.27758 -0.3528629 0.830689 12.43615 -0.241127 0.9969416 12.20167 0.03301879 0.7304551 12.2953 0.1667083 0.988271 12.16978 0.1587272 1.227136 11.97488 -0.05434011 0.7778611 12.41642 -0.2053432 1.098894 12.62088 -0.211823 1.16299 12.21292 -0.05756418 1.395988 12.4193 -0.02743302 1.122804 12.6686 0.1294477 1.363879 12.3725 0.07650383 1.415559 12.71276  O_Gathering_Far
-0.02652709 0.7709739 12.18423 -0.1030022 0.7407506 12.26862 -0.3506183 0.8306336 12.43228 -0.241403 1.000889 12.19949 0.03403671 0.7521925 12.28368 0.1597288 1.014954 12.15811 0.1506183 1.253071 11.96235 -0.05261688 0.7883188 12.40912 -0.2054217 1.099256 12.6225 -0.2129004 1.160688 12.21416 -0.05752168 1.393776 12.41959 -0.0275412 1.123039 12.6704 0.1313825 1.361152 12.373 0.07761844 1.413728 12.71299  O_Gathering_Far
-0.02995823 0.787967 12.17795 -0.1030696 0.7516512 12.26309 -0.348822 0.8294303 12.42929 -0.2416256 1.003216 12.19818 0.03358402 0.7691207 12.27566 0.1528322 1.036168 12.15053 0.1429531 1.274535 11.95511 -0.05172847 0.7959589 12.40431 -0.2052682 1.099881 12.62328 -0.2134607 1.159217 12.21464 -0.05719398 1.392156 12.41956 -0.02737079 1.123296 12.6713 0.1325939 1.359712 12.3731 0.07866813 1.412508 12.71303  O_Gathering_Far
-0.03515623 0.8008553 12.17372 -0.1040988 0.7590467 12.26002 -0.3468204 0.8264185 12.42695 -0.2420574 1.004663 12.19812 0.03169264 0.7836343 12.26969 0.1450502 1.055222 12.14506 0.1346834 1.294946 11.95133 -0.05143998 0.801707 12.40126 -0.2049505 1.100854 12.62325 -0.2135944 1.158477 12.21438 -0.05659942 1.390982 12.41924 -0.02702318 1.123782 12.67139 0.1339665 1.359284 12.37302 0.07986291 1.411801 12.71297  O_Gathering_Far
-0.0410978 0.8090154 12.17088 -0.1056011 0.7628769 12.25864 -0.3444732 0.8221582 12.42481 -0.2427901 1.005689 12.19879 0.02883496 0.7948031 12.26534 0.1375376 1.071191 12.14248 0.1262284 1.314361 11.95315 -0.05154638 0.8052768 12.39942 -0.2045586 1.101776 12.62283 -0.213564 1.158267 12.21381 -0.05596564 1.390214 12.41884 -0.02662442 1.124164 12.6712 0.1352183 1.359307 12.37301 0.08103175 1.411417 12.71301  O_Gathering_Far
-0.04560159 0.8111635 12.16964 -0.1069546 0.7630035 12.25878 -0.3426507 0.8183293 12.42356 -0.2436707 1.006025 12.19977 0.02624722 0.8000747 12.26328 0.133321 1.080159 12.14327 0.1201809 1.327755 11.95989 -0.05190079 0.806177 12.39895 -0.2043169 1.102351 12.62227 -0.2134372 1.158492 12.2132 -0.05557994 1.389969 12.41856 -0.0264167 1.124336 12.67095 0.1359722 1.359696 12.37322 0.08170135 1.411423 12.71326  O_Gathering_Far
-0.04789494 0.8111657 12.16893 -0.1077856 0.7626256 12.25903 -0.3417824 0.8162701 12.42305 -0.2441919 1.005856 12.20025 0.02472104 0.8022246 12.26237 0.1326251 1.084587 12.14649 0.1142138 1.336324 11.96931 -0.05219571 0.8063463 12.39882 -0.2042224 1.102617 12.62186 -0.2134707 1.158698 12.21278 -0.0555555 1.389872 12.41844 -0.02636514 1.124377 12.67079 0.1362388 1.360229 12.37358 0.08194806 1.411602 12.71367  O_Gathering_Far
-0.0488917 0.8101768 12.16853 -0.1082751 0.7620006 12.25931 -0.3414696 0.8152323 12.42294 -0.2445637 1.005506 12.20043 0.02391191 0.8026956 12.2621 0.1338693 1.086317 12.15041 0.1101262 1.341752 11.97925 -0.0524501 0.8061363 12.39887 -0.2042373 1.102703 12.62154 -0.2135444 1.158878 12.21248 -0.0556883 1.389857 12.4184 -0.02642028 1.124345 12.67068 0.1362702 1.360791 12.37398 0.0819533 1.411849 12.71412  O_Gathering_Far
-0.04864101 0.8076985 12.16778 -0.1084865 0.7612299 12.2594 -0.3417301 0.814689 12.42288 -0.2453059 1.004699 12.19994 0.02356912 0.8023489 12.26219 0.1408577 1.08685 12.16087 0.1069576 1.350439 12.00442 -0.052878 0.8057674 12.39892 -0.2044149 1.102605 12.62109 -0.2139235 1.159013 12.21206 -0.0563253 1.389796 12.4184 -0.02664386 1.124177 12.67042 0.1359566 1.362193 12.37493 0.08166011 1.41256 12.71517  O_Gathering_Far
-0.04812084 0.8041605 12.16757 -0.108983 0.7597895 12.25977 -0.3425633 0.8149391 12.42269 -0.2458625 1.003578 12.1987 0.02314253 0.8006524 12.26298 0.1490591 1.08448 12.17227 0.1089968 1.355273 12.03025 -0.05393533 0.8048849 12.39933 -0.2051908 1.102486 12.62041 -0.2143293 1.159351 12.21144 -0.05696271 1.389834 12.41829 -0.02742122 1.124065 12.66974 0.13585 1.363872 12.37608 0.08130689 1.413578 12.71637  O_Gathering_Far
-0.0479794 0.8003815 12.16777 -0.1098368 0.7579217 12.26037 -0.3435283 0.8153721 12.42234 -0.2462383 1.002362 12.19723 0.02237655 0.7984596 12.26405 0.1563298 1.080837 12.18295 0.1136415 1.357026 12.05256 -0.05542086 0.8037045 12.39995 -0.206361 1.102391 12.61958 -0.214648 1.159854 12.21067 -0.05744294 1.389942 12.41809 -0.02857141 1.123984 12.66883 0.1359971 1.365523 12.37732 0.08098759 1.41471 12.71762  O_Gathering_Far
-0.04804478 0.7951673 12.16834 -0.111274 0.7550809 12.26123 -0.3448549 0.8159797 12.42187 -0.2466489 1.000657 12.19524 0.02110185 0.795009 12.26566 0.165312 1.074795 12.1978 0.1198204 1.356675 12.08127 -0.05779223 0.8018162 12.40086 -0.2083273 1.10216 12.61827 -0.2149681 1.160674 12.20949 -0.05796431 1.390142 12.41774 -0.03051607 1.123747 12.66745 0.1363586 1.367774 12.37934 0.08048184 1.41642 12.71958  O_Gathering_Far
-0.04816483 0.7909954 12.16877 -0.1125282 0.7526716 12.26173 -0.3459464 0.8164146 12.42133 -0.2468455 0.9991189 12.1935 0.01997753 0.7920784 12.26689 0.172059 1.06956 12.21029 0.1261576 1.355156 12.10337 -0.05988703 0.8000902 12.40145 -0.2103671 1.101648 12.61716 -0.2150735 1.161281 12.2085 -0.0583636 1.390299 12.41747 -0.03257899 1.123239 12.66642 0.136507 1.36921 12.38127 0.07975264 1.417802 12.72136  O_Gathering_Far
-0.04830442 0.7852845 12.16932 -0.1142431 0.749224 12.26221 -0.3474136 0.8168942 12.42042 -0.2469178 0.996785 12.19097 0.01842679 0.787909 12.26849 0.1804877 1.062155 12.22822 0.135923 1.352035 12.1329 -0.062847 0.797489 12.40211 -0.2135994 1.100567 12.61557 -0.2149881 1.161994 12.20716 -0.05888907 1.390505 12.41714 -0.03589694 1.122185 12.66513 0.1364892 1.370732 12.38422 0.07834382 1.419685 12.72403  O_Gathering_Far
-0.0478196 0.7793094 12.17029 -0.1153875 0.7454959 12.26297 -0.3488618 0.8171926 12.41935 -0.2464568 0.9940259 12.18837 0.01741739 0.783488 12.2705 0.188652 1.054525 12.24852 0.1484983 1.348239 12.16353 -0.06539421 0.7947222 12.40304 -0.2169459 1.099486 12.61387 -0.2144361 1.16246 12.2057 -0.05952923 1.390753 12.41679 -0.03942416 1.121224 12.66402 0.1362304 1.372415 12.38752 0.07614882 1.421768 12.72693  O_Gathering_Far
-0.04710166 0.7740682 12.17121 -0.1159613 0.7420286 12.26366 -0.3497553 0.8170677 12.41853 -0.2459519 0.9916051 12.18644 0.01693608 0.7794768 12.27221 0.1943593 1.047948 12.26506 0.1588825 1.344369 12.18773 -0.06712066 0.7920811 12.40383 -0.219503 1.09829 12.61242 -0.2136812 1.162711 12.2045 -0.06000815 1.391008 12.41649 -0.04216288 1.120163 12.66315 0.1357445 1.373684 12.39024 0.07408978 1.423478 12.72931  O_Gathering_Far
-0.04584948 0.7663031 12.17265 -0.116295 0.7365707 12.26477 -0.3507287 0.8161054 12.41759 -0.2454388 0.9883235 12.18443 0.01672347 0.7732799 12.27455 0.200656 1.038433 12.28475 0.1732331 1.337837 12.21612 -0.0688474 0.7877985 12.405 -0.2222364 1.096163 12.61036 -0.2121345 1.162957 12.20291 -0.06037019 1.391475 12.41604 -0.04513834 1.118197 12.66186 0.1347451 1.37525 12.39359 0.07134517 1.425728 12.73223  O_Gathering_Far
-0.04375229 0.7539458 12.17397 -0.1160502 0.7268959 12.26556 -0.3507746 0.8124241 12.41639 -0.2454464 0.9834868 12.1824 0.01710905 0.7626526 12.27684 0.2069488 1.023931 12.30536 0.1901479 1.325974 12.24543 -0.07025175 0.7795649 12.40581 -0.225124 1.090662 12.60791 -0.2097605 1.162947 12.20157 -0.06041489 1.392229 12.41558 -0.04836659 1.112826 12.66052 0.1318625 1.375199 12.39768 0.06773557 1.42798 12.73584  O_Gathering_Far
-0.03992627 0.7284793 12.17423 -0.1146041 0.7047784 12.26491 -0.3485332 0.799793 12.41384 -0.2477618 0.9742303 12.18034 0.01875551 0.7390473 12.27826 0.2143965 0.9956462 12.32374 0.2118789 1.299225 12.26953 -0.07094775 0.759389 12.4051 -0.2285073 1.074443 12.60543 -0.2061284 1.161861 12.2024 -0.05951689 1.393621 12.41563 -0.05231474 1.096453 12.65996 0.1231931 1.368143 12.40347 0.0624428 1.4292 12.74086  O_Gathering_Far
-0.0375152 0.7101087 12.17464 -0.1135591 0.6884623 12.26472 -0.3466083 0.7897262 12.41209 -0.2497765 0.9677778 12.17965 0.01990141 0.7218399 12.27927 0.2180995 0.9759499 12.33272 0.2233893 1.279775 12.28012 -0.07115512 0.7444447 12.40476 -0.2304883 1.062204 12.60448 -0.2040394 1.160535 12.20422 -0.05881177 1.394499 12.41598 -0.0546668 1.084036 12.66026 0.1167679 1.361377 12.40709 0.05922075 1.429254 12.74373  O_Gathering_Far
-0.03450136 0.682145 12.17584 -0.1123063 0.6634249 12.26511 -0.3437048 0.7739552 12.4094 -0.2531054 0.9585263 12.17955 0.0212812 0.6955724 12.28117 0.222408 0.9466409 12.34319 0.2375849 1.250317 12.29167 -0.07149653 0.7215722 12.40473 -0.2330841 1.043512 12.60333 -0.201205 1.158197 12.20784 -0.05760906 1.395768 12.41668 -0.0577722 1.065027 12.66081 0.1079989 1.350072 12.41247 0.05523141 1.428791 12.74753  O_Gathering_Far
-0.03142146 0.6474224 12.17793 -0.1109907 0.6320843 12.26631 -0.3399509 0.7536925 12.40586 -0.2577095 0.9476411 12.18063 0.02270736 0.662975 12.28386 0.2252301 0.9116254 12.35546 0.2500101 1.214904 12.30534 -0.07176672 0.6930616 12.40518 -0.2357984 1.020069 12.60209 -0.1983169 1.154831 12.21349 -0.05656843 1.397326 12.41789 -0.06103085 1.04136 12.66129 0.09784837 1.335646 12.4193 0.0509521 1.427873 12.75178  O_Gathering_Far
-0.02897911 0.6075174 12.18161 -0.1103672 0.5961516 12.26894 -0.3360508 0.7306576 12.4014 -0.2627977 0.9357327 12.18303 0.02346184 0.6255404 12.288 0.2283006 0.8716147 12.36608 0.2630325 1.173977 12.31633 -0.07266395 0.6605723 12.40667 -0.2386146 0.9938701 12.60046 -0.1947534 1.150639 12.22089 -0.05492459 1.398994 12.41949 -0.0644301 1.014732 12.66151 0.08793791 1.318836 12.42761 0.04715504 1.426655 12.75618  O_Gathering_Far
-0.02718548 0.5553037 12.18787 -0.1105377 0.549237 12.27388 -0.331551 0.7000062 12.39567 -0.2688869 0.9180436 12.18677 0.02346398 0.5767154 12.29451 0.2299597 0.8205161 12.37988 0.2752309 1.121704 12.3315 -0.07427411 0.6185393 12.40961 -0.2417626 0.9604372 12.59772 -0.1910865 1.145179 12.23183 -0.05337529 1.401235 12.42194 -0.06822233 0.9808815 12.6607 0.07658125 1.297964 12.43958 0.04323258 1.425278 12.76196  O_Gathering_Far
-0.02732764 0.498376 12.19652 -0.112399 0.4986917 12.28104 -0.3281107 0.6661547 12.39046 -0.2739081 0.8948184 12.19075 0.02183403 0.523984 12.30293 0.2293599 0.766283 12.3944 0.2837337 1.06634 12.34843 -0.07697134 0.5739374 12.41379 -0.2445005 0.9262501 12.59272 -0.1867941 1.139793 12.24395 -0.05196522 1.40399 12.42476 -0.07150768 0.9463542 12.6573 0.06646551 1.278004 12.45389 0.04020377 1.424737 12.76858  O_Gathering_Far
-0.03446458 0.3912463 12.21888 -0.121597 0.4058379 12.29997 -0.3250604 0.6033103 12.38333 -0.2833767 0.8488152 12.2014 0.01323082 0.4262408 12.32327 0.2217172 0.6674196 12.42214 0.2884558 0.96589 12.38258 -0.08547704 0.4938359 12.42444 -0.2476876 0.868647 12.57644 -0.1787143 1.132111 12.26595 -0.05008416 1.410047 12.4299 -0.07542138 0.8883513 12.64306 0.05162563 1.247506 12.48409 0.03736313 1.426746 12.78228  O_Gathering_Far
-0.04368709 0.3309726 12.2353 -0.1310178 0.3549147 12.31392 -0.3253238 0.5686944 12.38057 -0.2906813 0.8247682 12.21224 0.004248457 0.3719614 12.33737 0.2134053 0.6129072 12.4385 0.2852859 0.9107963 12.40386 -0.09282248 0.4506718 12.43187 -0.2480839 0.8391378 12.5629 -0.1734816 1.128639 12.27795 -0.04937552 1.413904 12.43253 -0.07592003 0.8587178 12.62982 0.04481431 1.2325 12.50288 0.0378141 1.429767 12.78973  O_Gathering_Far
-0.05041955 0.2932483 12.24388 -0.1374722 0.3230356 12.32079 -0.3278423 0.5454792 12.3783 -0.3012444 0.8098449 12.22174 -0.001927717 0.3378299 12.34416 0.2084814 0.578021 12.4469 0.2840287 0.875522 12.41706 -0.0974227 0.4233004 12.4343 -0.2469846 0.8197435 12.5508 -0.1693684 1.126063 12.28487 -0.04864709 1.416146 12.43303 -0.07475667 0.8392125 12.61758 0.03814133 1.224853 12.52303 0.03452118 1.429003 12.80509  O_Gathering_Far
-0.05814759 0.260753 12.25182 -0.144564 0.2955856 12.32732 -0.3329629 0.5246891 12.37814 -0.3164717 0.7971072 12.23452 -0.008738501 0.3083024 12.35027 0.2032189 0.5474051 12.45458 0.2820257 0.8445727 12.43039 -0.1023623 0.3994857 12.4367 -0.2459967 0.8023638 12.54007 -0.1661112 1.12376 12.2933 -0.04889027 1.418428 12.43508 -0.07352965 0.8217024 12.60627 0.0362307 1.212104 12.52918 0.03858717 1.430823 12.80012  O_Gathering_Far
-0.07075481 0.2200946 12.25826 -0.1553299 0.2611351 12.33272 -0.3414088 0.4979969 12.37649 -0.340274 0.7808421 12.25359 -0.01895873 0.2710617 12.35373 0.1954271 0.5085999 12.45851 0.2778484 0.8052943 12.44168 -0.1090235 0.369113 12.43634 -0.244003 0.779093 12.52507 -0.1610046 1.119528 12.30646 -0.04890464 1.421103 12.43745 -0.07058953 0.7981578 12.58883 0.0324312 1.192129 12.52118 0.04072459 1.424192 12.78065  O_Gathering_Far
-0.08132826 0.194414 12.26251 -0.1638925 0.2397519 12.33673 -0.349049 0.4812526 12.37795 -0.3572002 0.7687163 12.26657 -0.02703695 0.2476748 12.35531 0.1902535 0.4838784 12.45828 0.2760802 0.779801 12.44532 -0.1138463 0.3503748 12.43572 -0.2422401 0.764746 12.51505 -0.1577042 1.116678 12.31612 -0.04919229 1.42294 12.43901 -0.06770931 0.7836303 12.57575 0.03148307 1.176779 12.4983 0.04251261 1.415592 12.75146  O_Gathering_Far
-0.09261923 0.171767 12.26688 -0.1726742 0.2212962 12.34118 -0.3576026 0.4667504 12.38202 -0.3734923 0.7569523 12.27888 -0.03532038 0.2271951 12.35655 0.1842603 0.4624434 12.45686 0.2721382 0.7579048 12.44767 -0.118407 0.3343409 12.43507 -0.2401572 0.7525735 12.50577 -0.1545029 1.114196 12.32559 -0.04933481 1.42476 12.44032 -0.06424479 0.7712696 12.5624 0.03170063 1.160042 12.46213 0.04480316 1.40422 12.71003  O_Gathering_Far
-0.1016707 0.1552777 12.27057 -0.1794423 0.2081219 12.345 -0.365581 0.4560767 12.38781 -0.3878505 0.7474822 12.28935 -0.04172901 0.212361 12.35743 0.1795678 0.4470991 12.45441 0.2686971 0.7422392 12.44715 -0.1215989 0.3229587 12.43449 -0.2382218 0.7439127 12.49879 -0.1517075 1.111831 12.33228 -0.04909496 1.425916 12.4395 -0.06111143 0.7624578 12.55161 0.03229036 1.144829 12.42722 0.04758563 1.394229 12.66974  O_Gathering_Far
-0.1175178 0.1267525 12.27661 -0.1904507 0.1858221 12.35126 -0.3758276 0.4392214 12.39327 -0.4128759 0.7361949 12.31883 -0.05225454 0.1867757 12.35744 0.1719403 0.4208254 12.4463 0.2628448 0.7154739 12.4415 -0.1256459 0.3036921 12.43156 -0.2332215 0.7290542 12.48482 -0.1469928 1.10932 12.34867 -0.05061631 1.429197 12.44387 -0.05380891 0.7472267 12.52934 0.03289666 1.109615 12.35169 0.05440976 1.371401 12.58028  O_Gathering_Far
-0.1239908 0.1133018 12.27916 -0.1943842 0.1754719 12.35373 -0.3769285 0.4322475 12.3904 -0.4253622 0.732578 12.33977 -0.05608068 0.1747144 12.3567 0.1693608 0.4084635 12.44095 0.2610297 0.7028888 12.43708 -0.1261934 0.2946936 12.42908 -0.2297272 0.7219554 12.47724 -0.143828 1.107384 12.35624 -0.05079691 1.430475 12.4436 -0.04924677 0.7398717 12.51733 0.03246977 1.091403 12.31695 0.0580308 1.359701 12.53743  O_Gathering_Far
-0.1280495 0.1019434 12.2817 -0.1963194 0.1667782 12.35598 -0.3796649 0.4254228 12.39419 -0.4351009 0.7262673 12.35512 -0.05800084 0.1645226 12.35635 0.1682361 0.3981407 12.43629 0.260289 0.6924503 12.43276 -0.1254025 0.2870855 12.42695 -0.2257596 0.7158825 12.47072 -0.140769 1.105673 12.36388 -0.05121253 1.431609 12.444 -0.0444623 0.7335028 12.50708 0.03348144 1.077784 12.29308 0.0626383 1.35355 12.50367  O_Gathering_Far
-0.1311256 0.08261359 12.28707 -0.1958173 0.1521975 12.36025 -0.3847459 0.4124898 12.40855 -0.4468568 0.7128903 12.37678 -0.05762003 0.1472651 12.35645 0.1695017 0.3808476 12.42822 0.2617892 0.6750811 12.42447 -0.1205213 0.2743118 12.42317 -0.215901 0.7056566 12.45882 -0.1343744 1.102636 12.37922 -0.0525314 1.433526 12.4462 -0.03337077 0.7225727 12.48878 0.03899928 1.058989 12.26077 0.07339211 1.348459 12.45122  O_Gathering_Far
-0.1296954 0.06740558 12.29385 -0.1914848 0.1412333 12.36536 -0.3866904 0.4015225 12.4245 -0.4501389 0.7012823 12.38949 -0.0535153 0.1339709 12.35836 0.1739181 0.3676559 12.42252 0.2660474 0.6619266 12.4179 -0.1128452 0.2648757 12.42076 -0.2044737 0.6982923 12.44851 -0.1276433 1.100132 12.39197 -0.05364702 1.43496 12.44754 -0.02106677 0.7143909 12.47309 0.04951473 1.049902 12.24319 0.08590193 1.351338 12.41366  O_Gathering_Far
-0.1278306 0.05957019 12.29914 -0.1879667 0.1359673 12.36934 -0.3858328 0.3963604 12.43326 -0.4493699 0.695769 12.39551 -0.05017791 0.1273428 12.36056 0.1772515 0.3611487 12.41991 0.2691043 0.6554913 12.41444 -0.1075331 0.2605046 12.41995 -0.197182 0.6950463 12.44269 -0.1235594 1.098987 12.39812 -0.0542355 1.435741 12.44776 -0.01332561 0.7105884 12.46407 0.05919858 1.049615 12.24 0.09554608 1.358779 12.39603  O_Gathering_Far
-0.1255094 0.05276811 12.3056 -0.1840736 0.1317747 12.37423 -0.383829 0.3924315 12.44204 -0.446702 0.6915776 12.40122 -0.0464916 0.1218249 12.36377 0.180811 0.355785 12.41818 0.2722891 0.6502229 12.41166 -0.1020214 0.2572088 12.41978 -0.1899315 0.6927482 12.43746 -0.1197854 1.098206 12.40199 -0.05453179 1.436386 12.44726 -0.005687578 0.7077174 12.45568 0.06945367 1.051169 12.23935 0.1055664 1.368399 12.3783  O_Gathering_Far
-0.1228866 0.04732168 12.31248 -0.1800881 0.1287557 12.3794 -0.3810634 0.3897905 12.45007 -0.442855 0.6887259 12.40617 -0.04271446 0.1176182 12.36749 0.1843474 0.3517486 12.41724 0.275373 0.6462993 12.40958 -0.09670918 0.2549978 12.42004 -0.1832214 0.6913513 12.43303 -0.1165891 1.097881 12.40356 -0.05490283 1.43708 12.44614 0.001326041 0.7057754 12.44838 0.07933803 1.054532 12.24177 0.1153894 1.378877 12.36322  O_Gathering_Far
-0.113819 0.03629792 12.33188 -0.168385 0.1235294 12.39348 -0.3723438 0.3847436 12.47041 -0.4327626 0.6833257 12.42239 -0.03149424 0.10972 12.37908 0.1945422 0.3443106 12.41801 0.2841874 0.6391875 12.40725 -0.08262436 0.251529 12.4218 -0.1666404 0.6894113 12.4237 -0.1090004 1.097677 12.39979 -0.05496554 1.438355 12.44092 0.01840253 0.7025251 12.43311 0.09867145 1.069886 12.2628 0.1363363 1.407931 12.33733  O_Gathering_Far
-0.1077241 0.03151524 12.34363 -0.161384 0.121605 12.40182 -0.3663584 0.382902 12.4807 -0.4257869 0.6814276 12.43112 -0.02468131 0.1065229 12.38691 0.2006232 0.3413261 12.42086 0.2894087 0.6363959 12.40839 -0.07481997 0.2503005 12.42384 -0.1579247 0.6887738 12.41992 -0.1051587 1.097712 12.39626 -0.05489497 1.438916 12.43783 0.02726634 0.7012098 12.42707 0.1047298 1.079693 12.28163 0.1458662 1.422368 12.32778  O_Gathering_Far
-0.1020221 0.02784491 12.35446 -0.1552062 0.1202661 12.40933 -0.3605658 0.3819066 12.48846 -0.4190646 0.6804735 12.43803 -0.01860194 0.1041852 12.39456 0.206036 0.3391384 12.42483 0.294054 0.634375 12.41096 -0.06817083 0.2494302 12.42613 -0.150637 0.688308 12.4173 -0.1019186 1.097766 12.39394 -0.0548263 1.439436 12.43538 0.03463729 0.7001715 12.42315 0.1085904 1.085242 12.29409 0.1514474 1.429537 12.32362  O_Gathering_Far
-0.09689955 0.02491462 12.36434 -0.1499014 0.1192201 12.4161 -0.3552465 0.3814235 12.49415 -0.4129938 0.6800812 12.44339 -0.0133283 0.1023751 12.40191 0.2107397 0.3374382 12.42955 0.2980947 0.6328165 12.41455 -0.06260167 0.2486919 12.42861 -0.1446044 0.687845 12.41568 -0.09918348 1.097718 12.39296 -0.0547723 1.439839 12.43364 0.04071696 0.6992372 12.42095 0.111019 1.087322 12.29908 0.1538954 1.432104 12.32221  O_Gathering_Far
-0.09095834 0.02184284 12.37603 -0.1438942 0.1181825 12.42396 -0.3488944 0.3812773 12.49963 -0.4060372 0.680067 12.44896 -0.007323487 0.1005639 12.41072 0.216133 0.3357111 12.43576 0.3027745 0.6312384 12.4196 -0.0563877 0.2478936 12.4316 -0.1378663 0.6873072 12.41408 -0.09606497 1.097637 12.3927 -0.05473528 1.440321 12.43186 0.04749926 0.6981348 12.41897 0.113842 1.088111 12.30098 0.1551211 1.433308 12.32055  O_Gathering_Far
-0.08676903 0.01987636 12.38436 -0.1397447 0.1175419 12.42949 -0.3443405 0.3813789 12.50279 -0.4012337 0.6802713 12.45245 -0.003155811 0.09945905 12.41709 0.2199165 0.3346364 12.44061 0.3061024 0.6302589 12.42376 -0.05214809 0.2473464 12.43377 -0.1332583 0.6869142 12.41312 -0.09390216 1.09755 12.39302 -0.05472473 1.440648 12.43073 0.05213334 0.6973296 12.41792 0.1157492 1.087848 12.30023 0.1552383 1.433273 12.31947  O_Gathering_Far
-0.08097337 0.01745713 12.39568 -0.134061 0.1167828 12.43687 -0.3380521 0.3815602 12.50662 -0.3946818 0.6805995 12.45686 0.002563553 0.09817421 12.42571 0.2252752 0.3332853 12.44759 0.3110224 0.6290007 12.43014 -0.04639516 0.2466112 12.43661 -0.1269523 0.6863777 12.41177 -0.09093754 1.097412 12.39364 -0.05473379 1.441067 12.4292 0.05847784 0.6961579 12.41641 0.1182994 1.08776 12.30034 0.1556853 1.433503 12.31801  O_Gathering_Far
-0.07580666 0.01561892 12.40506 -0.1290611 0.1161934 12.44287 -0.3325097 0.381667 12.50935 -0.3889616 0.6808416 12.4602 0.007607954 0.09725213 12.43287 0.2301212 0.3322558 12.45378 0.3155693 0.6280385 12.43601 -0.04138855 0.2459557 12.43887 -0.1214142 0.6859058 12.41059 -0.0883256 1.097266 12.39439 -0.05472879 1.441386 12.42796 0.06405182 0.6950459 12.4151 0.1204812 1.087694 12.30088 0.1561446 1.433701 12.31687  O_Gathering_Far
-0.06973897 0.0138396 12.4142 -0.1232807 0.1155123 12.44851 -0.3261965 0.3815017 12.51148 -0.3824283 0.6808363 12.46306 0.01345714 0.09638178 12.4399 0.2359006 0.3312581 12.46033 0.3210656 0.6271034 12.44225 -0.03567384 0.2451586 12.44092 -0.1150492 0.6853825 12.40927 -0.0853235 1.097085 12.39539 -0.05469374 1.441688 12.42675 0.070462 0.6936541 12.41359 0.1229436 1.087648 12.30215 0.1567868 1.433933 12.31592  O_Gathering_Far
-0.05720655 0.01087511 12.42154 -0.1120224 0.1131598 12.45177 -0.3141291 0.3793961 12.50874 -0.3691612 0.6789435 12.46026 0.02497037 0.09478748 12.44606 0.2476245 0.3301313 12.46816 0.3315993 0.6261816 12.44799 -0.02519558 0.2431558 12.44163 -0.1043625 0.6844095 12.40734 -0.08018063 1.096608 12.39828 -0.05439137 1.441933 12.42583 0.08123495 0.6906217 12.41141 0.127516 1.087459 12.30757 0.1585505 1.434179 12.31595  O_Gathering_Far
-0.04934619 0.009137034 12.42379 -0.1055549 0.1112193 12.45209 -0.3069075 0.3774928 12.50422 -0.3598769 0.6770538 12.45358 0.03167417 0.0941273 12.44844 0.2544331 0.3304185 12.47266 0.3369214 0.6267051 12.44998 -0.01985656 0.2419358 12.44162 -0.0998839 0.6839973 12.40627 -0.07802831 1.096378 12.40003 -0.05422328 1.441992 12.42568 0.08575793 0.688787 12.41023 0.1289788 1.087597 12.31283 0.1599712 1.434399 12.31678  O_Gathering_Far
-0.04471425 0.008166432 12.42491 -0.1019975 0.1099566 12.45209 -0.302808 0.3761659 12.50079 -0.3540474 0.675658 12.44801 0.0353926 0.09396279 12.44976 0.2581333 0.3311161 12.47544 0.3393831 0.6275814 12.45072 -0.01727162 0.2413019 12.44157 -0.09822606 0.6838498 12.40568 -0.0772578 1.096295 12.40077 -0.05418585 1.44202 12.42558 0.08743639 0.6878123 12.40959 0.1295121 1.087761 12.31646 0.1608386 1.434555 12.3174  O_Gathering_Far
-0.04120098 0.007513046 12.4256 -0.09936957 0.1090096 12.45198 -0.2997374 0.3751255 12.49795 -0.3494993 0.6745186 12.44322 0.03814049 0.09396088 12.45064 0.260831 0.3318678 12.47748 0.3410039 0.6284729 12.45098 -0.01548438 0.2408974 12.44151 -0.09730934 0.683786 12.40529 -0.07684217 1.096264 12.40106 -0.05417119 1.442044 12.42548 0.08836503 0.6871812 12.40917 0.1297969 1.087903 12.31912 0.1614687 1.434664 12.31784  O_Gathering_Far
-0.03668026 0.00680244 12.42626 -0.09602652 0.1078531 12.45171 -0.2957955 0.3738006 12.49413 -0.3435331 0.673007 12.43664 0.04162546 0.09409928 12.45162 0.2642172 0.3330458 12.47995 0.3428642 0.6298226 12.45092 -0.01329993 0.2404833 12.4414 -0.09640203 0.6837528 12.40486 -0.07644086 1.09626 12.40113 -0.05416636 1.44208 12.42534 0.08928354 0.6865258 12.4087 0.1300968 1.088071 12.3221 0.1621668 1.434777 12.31833  O_Gathering_Far
-0.03283636 0.006320357 12.42666 -0.09319715 0.1069466 12.4514 -0.2924308 0.3727173 12.49078 -0.3383739 0.6717124 12.43079 0.04456105 0.09433365 12.45233 0.2670496 0.3341963 12.48193 0.3442788 0.6311032 12.45052 -0.01149784 0.2402284 12.4413 -0.09580646 0.683757 12.40456 -0.07618956 1.096282 12.40099 -0.05418168 1.442118 12.42522 0.08988555 0.6861186 12.40836 0.1303057 1.088177 12.32399 0.1625947 1.434842 12.31862  O_Gathering_Far
-0.03012816 0.006052375 12.42686 -0.09120773 0.1063584 12.45113 -0.2900467 0.37199 12.48837 -0.3346898 0.6708063 12.42653 0.04661639 0.0945648 12.45277 0.2690273 0.3350829 12.48327 0.3451786 0.6320684 12.45003 -0.01025002 0.2401062 12.44123 -0.09547888 0.6837742 12.40438 -0.07606368 1.096309 12.40084 -0.05421011 1.44215 12.42515 0.09021623 0.6859248 12.40815 0.1304178 1.088222 12.32482 0.1627765 1.434869 12.31874  O_Gathering_Far
-0.02457039 0.005709052 12.42712 -0.08714311 0.1053113 12.45047 -0.2850986 0.3706368 12.4832 -0.3269567 0.669003 12.41737 0.05079128 0.09523404 12.4536 0.2730574 0.3371048 12.48598 0.3466392 0.634205 12.44828 -0.007747693 0.240028 12.44106 -0.09508716 0.6838356 12.40409 -0.07597689 1.096385 12.40062 -0.05435238 1.442229 12.42508 0.09061135 0.6858221 12.40779 0.1304677 1.088194 12.32465 0.1626083 1.434862 12.31861  O_Gathering_Far
-0.02178626 0.005586743 12.42716 -0.0851265 0.1048123 12.45004 -0.2825672 0.3699869 12.48035 -0.3229161 0.6680756 12.41236 0.052848 0.09561408 12.454 0.2750672 0.3381499 12.48743 0.3469751 0.6352761 12.44682 -0.006532831 0.2400212 12.44096 -0.09494929 0.6838604 12.40398 -0.07598363 1.096418 12.40059 -0.054467 1.442266 12.42508 0.09075041 0.685831 12.40762 0.1304388 1.088157 12.32418 0.1623892 1.434848 12.31848  O_Gathering_Far
-0.02018092 0.00552094 12.42714 -0.08398263 0.1045221 12.4497 -0.2810486 0.3696399 12.47843 -0.3204062 0.667538 12.40904 0.05400737 0.09583724 12.45424 0.2762368 0.3387315 12.48844 0.3467911 0.6358532 12.44549 -0.005853219 0.2400168 12.44089 -0.09484009 0.6838691 12.40391 -0.07598786 1.096432 12.40058 -0.05455641 1.442284 12.42509 0.09086044 0.6858367 12.40751 0.1304178 1.088138 12.32389 0.1622321 1.434845 12.3184  O_Gathering_Far
-0.01944528 0.005491853 12.42711 -0.0834745 0.1043907 12.44948 -0.2803254 0.3694977 12.47736 -0.3191739 0.6673034 12.40728 0.05451759 0.09594119 12.45439 0.2767935 0.3389708 12.48909 0.3463642 0.6360745 12.44444 -0.005552096 0.2400156 12.44084 -0.09475236 0.683869 12.40388 -0.07598524 1.096436 12.40057 -0.05461828 1.442291 12.42511 0.09094878 0.6858421 12.40745 0.1304085 1.08813 12.32372 0.1621267 1.434848 12.31835  O_Gathering_Far
-0.01878647 0.005467057 12.42706 -0.08306454 0.1042846 12.44907 -0.2796555 0.3693937 12.4759 -0.3180159 0.6671442 12.40533 0.05491282 0.09602916 12.45467 0.2773912 0.3390603 12.49032 0.3447929 0.6360776 12.44192 -0.005288346 0.2400148 12.44077 -0.09456901 0.6838595 12.40383 -0.07596336 1.096434 12.40059 -0.05472009 1.442295 12.42514 0.09113295 0.6858518 12.40735 0.1304088 1.088121 12.32344 0.1619514 1.434858 12.31828  O_Gathering_Far
-0.01863836 0.005461931 12.42704 -0.08298431 0.1042689 12.4489 -0.2795041 0.3693755 12.47544 -0.3177738 0.667134 12.40485 0.05498256 0.09604347 12.4548 0.2775702 0.3390239 12.49084 0.3439341 0.6359782 12.44065 -0.005219562 0.2400144 12.44074 -0.09451072 0.6838572 12.40382 -0.07595275 1.096434 12.40059 -0.05474554 1.442297 12.42515 0.09119155 0.6858537 12.40732 0.1304123 1.088117 12.32335 0.161902 1.434859 12.31825  O_Gathering_Far
-0.01855855 0.005458713 12.42703 -0.08294551 0.1042615 12.44879 -0.2794097 0.3693745 12.47512 -0.3176126 0.6671382 12.40452 0.05501344 0.0960499 12.45489 0.2776757 0.3389916 12.49119 0.3432166 0.6358885 12.4396 -0.005182011 0.2400137 12.44073 -0.09447984 0.6838557 12.40382 -0.07594775 1.096434 12.4006 -0.05475978 1.442298 12.42516 0.09122266 0.685854 12.4073 0.130413 1.088114 12.32331 0.161874 1.434859 12.31824  O_Gathering_Far
-0.01851485 0.005456805 12.42703 -0.08292572 0.1042569 12.44873 -0.2793586 0.369373 12.47495 -0.317523 0.6671391 12.40434 0.0550287 0.09605396 12.45494 0.2777273 0.3389796 12.49138 0.3426246 0.6358291 12.43872 -0.005163891 0.2400135 12.44073 -0.09446584 0.6838548 12.40382 -0.07594638 1.096434 12.40061 -0.05476789 1.442298 12.42517 0.09123673 0.6858544 12.4073 0.1304115 1.088112 12.32329 0.1618582 1.434859 12.31824  O_Gathering_Far
-0.01850526 0.005456448 12.42703 -0.08292083 0.1042559 12.44872 -0.2793474 0.3693726 12.47492 -0.3175046 0.6671392 12.4043 0.05503269 0.09605467 12.45495 0.2777394 0.3389771 12.49141 0.342333 0.6358051 12.43826 -0.005159421 0.2400134 12.44073 -0.0944622 0.6838546 12.40382 -0.07594566 1.096434 12.40061 -0.05476932 1.442298 12.42517 0.09124042 0.6858544 12.4073 0.1304118 1.088112 12.32328 0.1618554 1.434859 12.31824  O_Gathering_Far
