-0.03669612 0.001414895 12.19537 -0.1064585 0.09303176 12.23004 -0.3576117 0.3002059 12.30699 -0.515421 0.5055305 12.13952 0.03183498 0.09231353 12.22662 0.2865026 0.3103036 12.3173 0.4190856 0.5505487 12.17656 -0.03693936 0.2326341 12.21524 -0.1282688 0.6783187 12.18304 -0.1815188 1.084213 12.12837 -0.2168239 1.428407 12.09742 0.0574698 0.6772084 12.18182 0.0991322 1.076699 12.08655 0.1319621 1.418058 12.02619  S_DodgingRight_Far
-0.03829138 0.001844406 12.19673 -0.1081848 0.09356642 12.23085 -0.3592159 0.300339 12.30769 -0.517148 0.5056437 12.14031 0.0301164 0.09291375 12.22775 0.2848761 0.3110902 12.31797 0.4174595 0.5507081 12.17616 -0.03871236 0.2331438 12.2156 -0.1289505 0.6790608 12.18222 -0.1822924 1.084716 12.1259 -0.2175341 1.429118 12.09727 0.05678548 0.6773249 12.1814 0.09754349 1.077 12.08652 0.1299676 1.418501 12.02674  S_DodgingRight_Far
-0.04071514 0.002750397 12.19895 -0.110864 0.09459507 12.2322 -0.3618132 0.3005421 12.30904 -0.5200095 0.5055914 12.1416 0.02744837 0.09411645 12.22961 0.2823131 0.3126529 12.31915 0.4145585 0.5511929 12.17523 -0.04152886 0.2341654 12.21628 -0.1301551 0.6804235 12.18108 -0.1836633 1.085594 12.12151 -0.2187886 1.430287 12.09647 0.05557104 0.6777301 12.18081 0.09497066 1.077642 12.08635 0.1268966 1.419358 12.02754  S_DodgingRight_Far
-0.04329942 0.004049301 12.20215 -0.1140404 0.09583771 12.23434 -0.3654852 0.2997266 12.31202 -0.5243816 0.503297 12.14344 0.0242845 0.09594309 12.23247 0.2796021 0.3148652 12.32125 0.4104358 0.5510517 12.17225 -0.04522697 0.2355839 12.21771 -0.1324086 0.6821858 12.18035 -0.1862751 1.086163 12.11345 -0.2211248 1.431156 12.09249 0.05329921 0.6784224 12.18031 0.0913213 1.078375 12.08546 0.1233422 1.420339 12.02817  S_DodgingRight_Far
-0.04533283 0.005420208 12.20513 -0.1166962 0.09709549 12.23633 -0.3687449 0.2987542 12.31514 -0.5283896 0.5004603 12.14504 0.02163454 0.09783149 12.23517 0.2777552 0.3168253 12.32328 0.4071845 0.5497962 12.16811 -0.0484436 0.2370442 12.2191 -0.1348082 0.6838197 12.17967 -0.1894051 1.086475 12.10576 -0.2241328 1.431727 12.08936 0.05088331 0.6793278 12.17983 0.08827181 1.079103 12.08399 0.1210959 1.421244 12.02822  S_DodgingRight_Far
-0.04759167 0.007507563 12.20944 -0.1199813 0.09890974 12.23921 -0.3731314 0.2967799 12.32028 -0.5340021 0.49491 12.14715 0.01834436 0.1007129 12.23914 0.2758028 0.3196754 12.32643 0.4021815 0.5465363 12.1601 -0.05267606 0.2392211 12.22122 -0.1387945 0.6859946 12.17867 -0.195144 1.086346 12.09429 -0.2298103 1.431889 12.08581 0.04688163 0.6809203 12.17908 0.0844887 1.080055 12.08069 0.1196656 1.422354 12.02738  S_DodgingRight_Far
-0.05022005 0.009904027 12.21413 -0.1236139 0.1011399 12.24215 -0.3782432 0.2948207 12.3248 -0.5408649 0.4889079 12.14876 0.01469012 0.1038386 12.24355 0.2738303 0.3224596 12.32986 0.3972227 0.5416603 12.15145 -0.05701242 0.2416903 12.22342 -0.1430206 0.6882703 12.177 -0.2021273 1.085995 12.08267 -0.237379 1.431583 12.08284 0.04264214 0.6828752 12.17833 0.08124043 1.081007 12.07632 0.1195097 1.423361 12.02556  S_DodgingRight_Far
-0.05343239 0.01273167 12.21949 -0.1278454 0.1039045 12.24529 -0.3844267 0.2927336 12.32888 -0.5494599 0.4820046 12.14986 0.0104074 0.1073647 12.24868 0.2717058 0.3252187 12.3338 0.3919905 0.5345026 12.14188 -0.0617095 0.2445731 12.22582 -0.1477216 0.6907255 12.1745 -0.21074 1.085352 12.07022 -0.2473653 1.430652 12.08028 0.03792008 0.6852893 12.17752 0.0784535 1.08193 12.07058 0.120599 1.424242 12.02269  S_DodgingRight_Far
-0.06224988 0.01779664 12.2294 -0.1376319 0.109632 12.25009 -0.3985429 0.2917846 12.3282 -0.5667651 0.4730874 12.14398 0.0004084875 0.1131095 12.25846 0.2654298 0.3301125 12.33898 0.3834868 0.5223622 12.12872 -0.07062702 0.2497292 12.2295 -0.1541018 0.6950364 12.16765 -0.2263436 1.084686 12.05134 -0.2683832 1.428413 12.07887 0.03136941 0.6892544 12.17593 0.07526214 1.083139 12.06047 0.1229643 1.425312 12.017  S_DodgingRight_Far
-0.06982587 0.02169561 12.23653 -0.1454938 0.1142156 12.25316 -0.4095903 0.2922467 12.32495 -0.5796625 0.4679271 12.13702 -0.007749422 0.1172985 12.26558 0.2600768 0.3334438 12.3421 0.3779055 0.5134565 12.12116 -0.07726268 0.2536206 12.23191 -0.1578688 0.6982104 12.16204 -0.237275 1.084329 12.03883 -0.2841252 1.426247 12.07846 0.02733715 0.6921294 12.17482 0.07376499 1.083935 12.05343 0.1248152 1.425992 12.01294  S_DodgingRight_Far
-0.08873229 0.02785206 12.248 -0.1628525 0.1227399 12.25624 -0.4328552 0.2997005 12.30388 -0.5961288 0.4667317 12.10251 -0.02614562 0.1230023 12.27742 0.2469382 0.3380399 12.34082 0.3687052 0.5065752 12.11306 -0.0897622 0.2595592 12.23436 -0.1599066 0.7030576 12.15009 -0.2560896 1.084978 12.02575 -0.3164877 1.422019 12.0843 0.02443434 0.69521 12.1715 0.0733415 1.084623 12.04356 0.1273022 1.426657 12.00683  S_DodgingRight_Far
-0.106801 0.03352582 12.25693 -0.1785428 0.1305318 12.25819 -0.4516876 0.3091079 12.28254 -0.6019341 0.4674668 12.0647 -0.04318086 0.127966 12.28661 0.2343958 0.3406197 12.33872 0.3593784 0.5046618 12.10943 -0.1006829 0.2646435 12.236 -0.1606094 0.7069418 12.14053 -0.2710849 1.085649 12.01825 -0.343303 1.417981 12.08906 0.0228339 0.6973576 12.16806 0.07398184 1.085213 12.03632 0.1299117 1.427217 12.00236  S_DodgingRight_Far
-0.1327917 0.04153466 12.26722 -0.2000202 0.1413374 12.25974 -0.4738978 0.3250597 12.25007 -0.5953845 0.4688672 12.0058 -0.06701533 0.1345662 12.29717 0.2160989 0.3425056 12.33442 0.3450385 0.508096 12.10846 -0.1152301 0.2711636 12.23745 -0.1604206 0.7114747 12.12896 -0.2892736 1.086702 12.01417 -0.3770602 1.412735 12.09584 0.02185084 0.6992308 12.16255 0.07594462 1.085889 12.02849 0.1339237 1.427843 11.9976  S_DodgingRight_Far
-0.1549974 0.04821694 12.27381 -0.2175286 0.150342 12.26068 -0.4889121 0.3405328 12.22315 -0.5743467 0.469359 11.9563 -0.08655129 0.1394631 12.30385 0.2004532 0.3423826 12.33327 0.3287158 0.5133065 12.11093 -0.1267633 0.2760884 12.23854 -0.1603853 0.7146461 12.12218 -0.3014211 1.087957 12.01578 -0.3996916 1.411101 12.09699 0.02135457 0.7000175 12.15765 0.0775965 1.086528 12.02405 0.1373241 1.428453 11.99635  S_DodgingRight_Far
-0.1842799 0.05804849 12.28095 -0.2401438 0.1627833 12.26124 -0.5047822 0.3601683 12.18773 -0.5376978 0.4654218 11.89973 -0.1121625 0.1466237 12.3112 0.1796989 0.3420964 12.33202 0.3067082 0.5204407 12.11485 -0.141814 0.2828014 12.23961 -0.1605684 0.71871 12.11445 -0.3154179 1.089768 12.02005 -0.4258405 1.409852 12.09768 0.02061977 0.7007962 12.15122 0.07981636 1.087421 12.01923 0.1420663 1.429232 11.99603  S_DodgingRight_Far
-0.2117922 0.06716704 12.28486 -0.2610073 0.174247 12.26131 -0.5147832 0.3774283 12.1534 -0.4883339 0.4564946 11.85649 -0.1358049 0.1524286 12.31595 0.1568256 0.3441259 12.33707 0.2778922 0.5312333 12.12391 -0.1558547 0.2885875 12.24107 -0.1617269 0.7224836 12.11178 -0.3231141 1.093199 12.02753 -0.4405833 1.413808 12.09143 0.01935531 0.7010651 12.14717 0.08240063 1.087491 12.01639 0.1480266 1.428923 11.99727  S_DodgingRight_Far
-0.240455 0.07792902 12.2877 -0.2825696 0.1869991 12.26058 -0.5217531 0.3930708 12.11803 -0.4357602 0.4423094 11.82599 -0.1606262 0.1595049 12.31984 0.1348272 0.3444927 12.34292 0.2544136 0.5378845 12.13459 -0.170749 0.2951348 12.24205 -0.1632823 0.726701 12.10932 -0.3298933 1.097426 12.03598 -0.4535708 1.41828 12.08528 0.01762082 0.7014393 12.14305 0.08516605 1.087653 12.01389 0.1546829 1.428539 11.99933  S_DodgingRight_Far
-0.2743698 0.09031522 12.28588 -0.3085105 0.2014538 12.25716 -0.5234954 0.4088067 12.07602 -0.3656194 0.4183092 11.81127 -0.1906943 0.1670953 12.321 0.1028883 0.3485395 12.35878 0.2215938 0.5483512 12.15607 -0.1899583 0.3028375 12.24275 -0.1669819 0.7330382 12.11173 -0.3338371 1.105076 12.04599 -0.4596114 1.4272 12.07902 0.01356895 0.7024597 12.14284 0.08616741 1.086784 12.01083 0.1606961 1.426738 11.99967  S_DodgingRight_Far
-0.3047716 0.1029363 12.28245 -0.3316838 0.2155751 12.25299 -0.5259461 0.4161988 12.03854 -0.3169933 0.3882135 11.81346 -0.218033 0.1751266 12.3207 0.07285579 0.3532435 12.37317 0.1915354 0.5577232 12.17517 -0.2076284 0.3106962 12.24284 -0.1704484 0.7395736 12.11467 -0.337199 1.112575 12.05435 -0.4641011 1.435271 12.07526 0.009563105 0.7039692 12.14348 0.08674039 1.086428 12.00867 0.1659028 1.425428 12.00094  S_DodgingRight_Far
-0.332387 0.1148276 12.2761 -0.3534037 0.2286905 12.24786 -0.5257377 0.4235315 12.00845 -0.2802193 0.3621805 11.8322 -0.2436045 0.1827005 12.31833 0.0442337 0.3566637 12.39072 0.1674424 0.5641825 12.19873 -0.2253613 0.3188081 12.24289 -0.1751403 0.7470815 12.12002 -0.3435644 1.118695 12.0559 -0.4708313 1.441294 12.07606 0.004082816 0.7065697 12.14721 0.08508904 1.086372 12.00724 0.1687697 1.424339 12.00233  S_DodgingRight_Far
-0.3602506 0.1281598 12.26819 -0.3753129 0.2430816 12.24189 -0.5242034 0.4308056 11.98055 -0.2548446 0.3394933 11.86132 -0.2697024 0.1912894 12.31469 0.01498385 0.358911 12.40747 0.1446127 0.5694281 12.22312 -0.2435759 0.3278506 12.24246 -0.1801301 0.755268 12.1258 -0.3509935 1.124868 12.05669 -0.4784866 1.44725 12.07882 -0.001874907 0.7098128 12.1515 0.08278956 1.086905 12.00646 0.1707285 1.42382 12.00482  S_DodgingRight_Far
-0.3936456 0.1461627 12.25577 -0.4020756 0.2622921 12.234 -0.5242891 0.4439952 11.95434 -0.2461643 0.3216587 11.90154 -0.3015454 0.2027962 12.3081 -0.01742618 0.3545489 12.42719 0.1267275 0.5703411 12.26058 -0.2665651 0.3404813 12.24201 -0.187416 0.7667442 12.13437 -0.3631342 1.131237 12.05165 -0.4885968 1.453441 12.08508 -0.01061098 0.715574 12.15933 0.07866122 1.088741 12.00708 0.1711446 1.424434 12.00921  S_DodgingRight_Far
-0.4176128 0.1613868 12.24514 -0.4212535 0.2782919 12.22782 -0.5275856 0.4616685 11.9426 -0.254156 0.3201927 11.92448 -0.3244674 0.2124559 12.30155 -0.03914146 0.3454262 12.43954 0.1205043 0.5658578 12.29453 -0.2831036 0.3509536 12.24107 -0.1929912 0.7761652 12.14115 -0.3724982 1.135897 12.04658 -0.4952126 1.457964 12.09002 -0.01732652 0.7212262 12.16616 0.07625808 1.091002 12.00832 0.1715414 1.425891 12.01259  S_DodgingRight_Far
-0.4427441 0.1797739 12.23303 -0.4413565 0.2972234 12.2212 -0.5330969 0.4862875 11.93453 -0.2701078 0.3254741 11.94366 -0.3486806 0.2243139 12.29353 -0.06225483 0.3321368 12.45071 0.1163336 0.5553767 12.33506 -0.3006026 0.3634247 12.23981 -0.19921 0.7872044 12.14876 -0.3829003 1.140884 12.04039 -0.5013513 1.462782 12.0954 -0.02481691 0.7285072 12.17412 0.073882 1.094175 12.00996 0.1716466 1.428322 12.01596  S_DodgingRight_Far
-0.4566182 0.1916828 12.22432 -0.4525016 0.30941 12.21676 -0.5414107 0.5127883 11.93916 -0.286137 0.3397774 11.94234 -0.3617119 0.2317749 12.28653 -0.0744649 0.3209337 12.45336 0.1169343 0.5450661 12.36261 -0.3101899 0.3714558 12.2377 -0.2031792 0.7948577 12.15413 -0.3882768 1.144801 12.03643 -0.5044783 1.466631 12.0964 -0.02944778 0.7342367 12.17951 0.0740604 1.09667 12.01119 0.1736302 1.430284 12.01711  S_DodgingRight_Far
-0.4704021 0.203277 12.21572 -0.46356 0.3210634 12.21248 -0.5492622 0.5383766 11.94462 -0.3022435 0.3537757 11.94118 -0.374768 0.2388299 12.2795 -0.08756272 0.30872 12.45509 0.1160841 0.5308993 12.38975 -0.319797 0.3788372 12.23562 -0.2071977 0.8016409 12.15951 -0.3936964 1.147569 12.03252 -0.5074264 1.469317 12.09746 -0.03414772 0.7390985 12.18488 0.07410194 1.098128 12.0123 0.1753378 1.431245 12.018  S_DodgingRight_Far
-0.480029 0.2122144 12.206 -0.4714813 0.3299838 12.20717 -0.5565269 0.5663886 11.95597 -0.3168516 0.3742288 11.92881 -0.3837697 0.2439269 12.27072 -0.098994 0.2982929 12.45454 0.1145196 0.516889 12.41292 -0.3267504 0.3846029 12.23188 -0.2106241 0.8075829 12.16449 -0.3970571 1.150743 12.03011 -0.5089905 1.472365 12.09869 -0.03803376 0.7435969 12.18939 0.0741448 1.09986 12.01361 0.1762722 1.432706 12.01921  S_DodgingRight_Far
-0.4915009 0.2228874 12.19232 -0.4810245 0.3403834 12.19956 -0.565057 0.6023113 11.97529 -0.336143 0.406526 11.90915 -0.3945606 0.249607 12.25805 -0.1146186 0.2836877 12.45224 0.1103308 0.4943739 12.44159 -0.3352174 0.3910807 12.22622 -0.2149863 0.8142865 12.17113 -0.4007104 1.153979 12.02729 -0.5102211 1.475474 12.10024 -0.04295335 0.7484901 12.19515 0.07412834 1.101093 12.01524 0.1770212 1.433707 12.02063  S_DodgingRight_Far
-0.4984895 0.2307688 12.17635 -0.4872431 0.3477765 12.1901 -0.5706974 0.6355495 12.00129 -0.3532923 0.4527221 11.88122 -0.4013178 0.2531574 12.24303 -0.1294185 0.2697867 12.44855 0.1043359 0.4702864 12.46477 -0.3409164 0.3957087 12.21894 -0.2185376 0.8196554 12.17773 -0.4023604 1.15678 12.02564 -0.5092229 1.478532 12.10134 -0.04680638 0.7525014 12.2001 0.07370718 1.101988 12.01642 0.1759907 1.43479 12.02174  S_DodgingRight_Far
-0.4976088 0.2322342 12.16976 -0.4868342 0.3490193 12.18619 -0.5725045 0.6452301 12.01271 -0.3582335 0.4771156 11.86802 -0.400438 0.2534757 12.23663 -0.1312039 0.2643369 12.44551 0.1066662 0.4591658 12.46926 -0.3405483 0.3967255 12.21561 -0.2191001 0.8214692 12.18018 -0.4028504 1.157821 12.0263 -0.5088257 1.479814 12.10222 -0.04718987 0.754324 12.20115 0.07334448 1.102988 12.01593 0.1747335 1.43606 12.02149  S_DodgingRight_Far
-0.4968039 0.2330222 12.16385 -0.4864437 0.3495536 12.18268 -0.5740247 0.6526088 12.02325 -0.3633978 0.4996223 11.85791 -0.399628 0.2532349 12.23087 -0.1328025 0.2588062 12.44255 0.1086485 0.4482237 12.47299 -0.3401914 0.3970493 12.2126 -0.2195753 0.8224347 12.18235 -0.4032914 1.158075 12.02688 -0.5084874 1.480275 12.103 -0.04750554 0.7553185 12.20207 0.072984 1.103259 12.01546 0.1735138 1.436588 12.02123  S_DodgingRight_Far
-0.4908119 0.2316024 12.15747 -0.4817741 0.3478714 12.17892 -0.5754983 0.6566031 12.03534 -0.3671851 0.5289463 11.84715 -0.3936252 0.2514347 12.22439 -0.1265242 0.2514749 12.43616 0.1214679 0.4314872 12.4708 -0.3358336 0.3962493 12.20895 -0.2187757 0.8231049 12.18495 -0.4040556 1.157135 12.02788 -0.5095909 1.479824 12.10142 -0.0461006 0.7569708 12.20259 0.07285769 1.10447 12.01418 0.1717722 1.438269 12.02065  S_DodgingRight_Far
-0.4854127 0.2295114 12.15277 -0.4774972 0.3455606 12.1761 -0.5764256 0.6575407 12.04399 -0.3704321 0.550639 11.8409 -0.3882141 0.2492403 12.21955 -0.1202286 0.2454498 12.43062 0.1327778 0.4179062 12.46737 -0.3318475 0.3948139 12.20612 -0.217913 0.8228192 12.1867 -0.4045933 1.155983 12.02945 -0.5105808 1.478876 12.10143 -0.04472224 0.7576235 12.2027 0.07275243 1.104903 12.01296 0.1703145 1.439088 12.02004  S_DodgingRight_Far
-0.4750788 0.2250252 12.14862 -0.4689977 0.3409455 12.17346 -0.5751089 0.6545771 12.05167 -0.372164 0.5708507 11.83508 -0.377917 0.2455034 12.21508 -0.1055854 0.2378699 12.4221 0.1541777 0.4003512 12.45714 -0.3239533 0.3921186 12.20319 -0.215752 0.8218681 12.18789 -0.4043438 1.154966 12.0328 -0.5117836 1.477942 12.1022 -0.04166118 0.7586879 12.20211 0.0731733 1.106015 12.01085 0.1687362 1.440751 12.01907  S_DodgingRight_Far
-0.4631443 0.2192479 12.14418 -0.4591405 0.334989 12.17059 -0.5731581 0.6497754 12.05998 -0.375265 0.5919579 11.83062 -0.36605 0.2406603 12.21026 -0.08858202 0.229013 12.41218 0.1781222 0.3805369 12.44402 -0.3148352 0.3883815 12.20002 -0.2132178 0.8199708 12.18913 -0.4039544 1.153078 12.03671 -0.5131853 1.476058 12.10324 -0.03813921 0.7591624 12.20144 0.07361408 1.106505 12.00839 0.1668664 1.441861 12.01777  S_DodgingRight_Far
-0.4472627 0.2116395 12.14126 -0.4459661 0.3273501 12.16866 -0.5671215 0.6427798 12.06921 -0.3793315 0.6083966 11.82702 -0.350501 0.2348585 12.20699 -0.06505047 0.2182567 12.4009 0.2066429 0.3631938 12.41764 -0.3027908 0.383821 12.19786 -0.2096422 0.817479 12.18939 -0.401713 1.151728 12.0412 -0.5138448 1.474376 12.10444 -0.03340117 0.7599109 12.20064 0.07514007 1.107099 12.00549 0.1653842 1.443246 12.01594  S_DodgingRight_Far
-0.43268 0.2043117 12.13846 -0.4338455 0.3199255 12.16679 -0.5614062 0.6355116 12.07764 -0.3842463 0.6228762 11.82553 -0.3362645 0.2291588 12.20389 -0.0438206 0.2081677 12.38996 0.2314235 0.3472354 12.39225 -0.2917619 0.3791715 12.19582 -0.2063429 0.8145543 12.18964 -0.399625 1.14984 12.04542 -0.5143648 1.472131 12.10573 -0.02910189 0.7599561 12.19995 0.07655139 1.10699 12.00295 0.1640456 1.44383 12.01442  S_DodgingRight_Far
-0.4100882 0.1932546 12.13625 -0.4151759 0.3087888 12.16544 -0.5477576 0.6250428 12.09035 -0.3915523 0.6368734 11.82471 -0.3145367 0.2209413 12.20139 -0.01145796 0.1967939 12.37402 0.2612786 0.3381246 12.34673 -0.2749897 0.3723934 12.19448 -0.2009718 0.8100308 12.18893 -0.3937667 1.148157 12.05082 -0.5127307 1.469469 12.10809 -0.02242665 0.7598994 12.19942 0.07937558 1.106553 11.99975 0.1622155 1.444574 12.01104  S_DodgingRight_Far
-0.3879415 0.1826645 12.13455 -0.3968723 0.2979798 12.16462 -0.5333907 0.6144679 12.10322 -0.3992768 0.6499925 11.8278 -0.2933429 0.2130893 12.19945 0.0196255 0.181322 12.35764 0.2897135 0.3192636 12.30171 -0.2586814 0.3657825 12.19372 -0.1956674 0.8053238 12.18871 -0.3880062 1.144768 12.05322 -0.5112962 1.465458 12.10452 -0.0159934 0.7594867 12.19956 0.08218546 1.105828 11.99754 0.1604597 1.444943 12.00857  S_DodgingRight_Far
-0.3652109 0.1717644 12.13341 -0.3782844 0.2866871 12.16447 -0.5158562 0.6036542 12.11512 -0.4056557 0.6595709 11.83256 -0.2717625 0.2050865 12.19811 0.04970123 0.1715524 12.3416 0.3105277 0.3122184 12.25623 -0.2423934 0.3589292 12.19372 -0.1899337 0.8001856 12.1883 -0.3796008 1.141803 12.05452 -0.5070595 1.461727 12.10009 -0.009382291 0.7583005 12.20048 0.08513446 1.104699 11.99682 0.1585958 1.44494 12.00617  S_DodgingRight_Far
-0.325872 0.1525972 12.13117 -0.3463118 0.2663088 12.16421 -0.4848936 0.5830461 12.13437 -0.4144203 0.6730011 11.84793 -0.2346307 0.1909146 12.19552 0.0986283 0.1607728 12.31413 0.3361613 0.3060458 12.18155 -0.2149303 0.3463438 12.19378 -0.179802 0.7901312 12.18817 -0.3634233 1.135511 12.05562 -0.4963325 1.454598 12.09015 0.00188108 0.7543632 12.20278 0.09011503 1.101658 11.99783 0.1558284 1.443563 12.00337  S_DodgingRight_Far
-0.3014813 0.1406395 12.12974 -0.3266452 0.2532072 12.16424 -0.4662004 0.5688533 12.14494 -0.4182616 0.6779933 11.86051 -0.2117507 0.182085 12.19387 0.1271608 0.1593213 12.29822 0.3466541 0.3058929 12.13871 -0.1984657 0.3382032 12.19401 -0.173406 0.7833663 12.18861 -0.3521072 1.131003 12.05523 -0.4871268 1.449954 12.08194 0.008749323 0.7508265 12.2048 0.09291942 1.099313 12.00016 0.1542192 1.442074 12.0025  S_DodgingRight_Far
-0.27395 0.126687 12.12828 -0.3047032 0.2375014 12.16457 -0.4486193 0.5500559 12.15601 -0.4220841 0.67808 11.8767 -0.1859991 0.171948 12.19195 0.1575877 0.1659411 12.2827 0.3538626 0.3125138 12.09536 -0.1807175 0.3285239 12.19429 -0.1662683 0.7752375 12.19001 -0.3381975 1.125593 12.05486 -0.473132 1.445186 12.07295 0.01629014 0.7455503 12.20712 0.09586902 1.096381 12.00466 0.1534257 1.439791 12.00243  S_DodgingRight_Far
-0.2419044 0.1115938 12.12645 -0.2791739 0.219843 12.16495 -0.4303551 0.5271924 12.16815 -0.4262128 0.6745759 11.89728 -0.1562067 0.1614023 12.18946 0.1902679 0.1804966 12.26632 0.3579775 0.3231744 12.0504 -0.160656 0.317942 12.19446 -0.1582008 0.7662642 12.19223 -0.3216102 1.119787 12.05478 -0.4545128 1.440625 12.06337 0.02476455 0.7394454 12.20972 0.09888716 1.093626 12.01106 0.1527141 1.437556 12.00316  S_DodgingRight_Far
-0.2154275 0.09953892 12.1253 -0.2580883 0.2051793 12.16566 -0.421923 0.5045749 12.17876 -0.4323269 0.6661971 11.91631 -0.1315998 0.1535004 12.18728 0.2138978 0.2011138 12.25513 0.3583376 0.340974 12.02129 -0.1447525 0.3094732 12.19427 -0.1526999 0.7589963 12.19504 -0.3092016 1.114789 12.05542 -0.4375391 1.437577 12.05883 0.03072013 0.7344415 12.21103 0.09997554 1.092304 12.01727 0.1514276 1.436469 12.00498  S_DodgingRight_Far
-0.1858557 0.0874114 12.12385 -0.2342186 0.189788 12.16632 -0.4133689 0.4785817 12.19015 -0.4393256 0.6546385 11.93828 -0.1042439 0.1460347 12.18447 0.2368632 0.2255158 12.24325 0.3583183 0.3615274 11.99455 -0.1270936 0.3007684 12.19368 -0.1474221 0.7511849 12.19828 -0.2965514 1.109302 12.05655 -0.4184785 1.434583 12.05665 0.03653981 0.7295548 12.21213 0.1007108 1.091299 12.02391 0.1497132 1.435629 12.00709  S_DodgingRight_Far
-0.1512592 0.0748148 12.12209 -0.2057957 0.1729559 12.16704 -0.4049112 0.4463841 12.20302 -0.4479992 0.6375861 11.96492 -0.07238208 0.1390208 12.1807 0.2592588 0.2551686 12.23048 0.3586018 0.3896101 11.97132 -0.1065539 0.2914828 12.1924 -0.1427234 0.7422091 12.2023 -0.2836931 1.102755 12.05839 -0.3956356 1.431605 12.05878 0.04189606 0.7247407 12.21288 0.1007923 1.090644 12.03109 0.147441 1.435037 12.00951  S_DodgingRight_Far
-0.1252417 0.06610203 12.1212 -0.1838304 0.1609104 12.16802 -0.3976522 0.4216291 12.21241 -0.4541476 0.6220987 11.98497 -0.04836438 0.1346127 12.17775 0.2746369 0.2742672 12.22251 0.364547 0.413697 11.96254 -0.09083818 0.2848252 12.19122 -0.1402903 0.7350783 12.20502 -0.274542 1.097417 12.05921 -0.3752557 1.429864 12.06227 0.04478015 0.7215686 12.21327 0.09977724 1.090114 12.03563 0.1448043 1.434496 12.01071  S_DodgingRight_Far
-0.09683512 0.05696547 12.1208 -0.1593883 0.148072 12.16956 -0.3882239 0.3937148 12.22336 -0.4621716 0.6027094 12.00898 -0.02229617 0.1302818 12.1747 0.2895645 0.2937871 12.21595 0.3751598 0.4438281 11.96048 -0.07358436 0.2775505 12.1899 -0.1374845 0.7267973 12.20742 -0.261959 1.092196 12.06057 -0.3465228 1.429068 12.06691 0.04795106 0.7176623 12.21305 0.09840794 1.08952 12.04107 0.1416815 1.433846 12.01251  S_DodgingRight_Far
-0.0668364 0.04618073 12.12261 -0.1330587 0.1336381 12.17281 -0.3764547 0.3612869 12.23772 -0.4744525 0.576562 12.03983 0.005010026 0.1250207 12.17265 0.3020673 0.3134321 12.21402 0.3926954 0.4840324 11.97364 -0.05533634 0.2687378 12.18856 -0.1335619 0.7167152 12.20778 -0.2411279 1.089105 12.06519 -0.3023486 1.430915 12.07477 0.05210705 0.7117483 12.20975 0.09793116 1.089119 12.04883 0.1396166 1.433399 12.01751  S_DodgingRight_Far
-0.05403046 0.03988194 12.12554 -0.1217658 0.1261318 12.17568 -0.3711855 0.3443258 12.24659 -0.4833106 0.5603976 12.05726 0.01647027 0.1215223 12.17308 0.3044918 0.3221873 12.21762 0.402418 0.5063968 11.99051 -0.04775945 0.2636518 12.18802 -0.1310115 0.711355 12.20566 -0.225553 1.090484 12.07188 -0.2749805 1.434217 12.08073 0.05469449 0.7075411 12.20515 0.09911801 1.088774 12.05319 0.1403614 1.433085 12.02162  S_DodgingRight_Far
-0.04380272 0.03320289 12.13038 -0.1128815 0.118885 12.17959 -0.3671056 0.3275752 12.25701 -0.4939451 0.5418887 12.07511 0.02537425 0.1175752 12.17502 0.3031326 0.3298503 12.22558 0.4104244 0.5284877 12.01549 -0.04211752 0.258419 12.18756 -0.1284085 0.7062447 12.20126 -0.2076712 1.093984 12.08315 -0.248528 1.438924 12.08777 0.05728157 0.7027154 12.19838 0.1012204 1.087885 12.05654 0.1420767 1.432257 12.02514  S_DodgingRight_Far
-0.03973393 0.03009069 12.13338 -0.1094258 0.1157019 12.18183 -0.3654283 0.3199229 12.26262 -0.4993201 0.5324329 12.08368 0.02880986 0.1157376 12.17652 0.3012218 0.3332299 12.23083 0.4131231 0.5387247 12.02994 -0.04005919 0.2560509 12.18741 -0.1272562 0.7040304 12.19839 -0.19917 1.096017 12.08999 -0.2372941 1.441298 12.09119 0.0584168 0.7003971 12.19466 0.1023172 1.087268 12.05752 0.1428811 1.431669 12.02605  S_DodgingRight_Far
-0.03705631 0.02780497 12.13626 -0.1071572 0.1135184 12.18388 -0.3638319 0.3150688 12.26724 -0.5028919 0.5258068 12.09016 0.03106739 0.1143049 12.17835 0.2996286 0.3349721 12.23608 0.4155308 0.545276 12.04258 -0.03861312 0.2543309 12.18767 -0.1263881 0.7023929 12.19592 -0.1948156 1.096929 12.09476 -0.2328845 1.44221 12.09231 0.05928649 0.6987194 12.19232 0.1024853 1.086721 12.05818 0.1422973 1.431135 12.02591  S_DodgingRight_Far
-0.03441034 0.02577388 12.13911 -0.1049066 0.1115838 12.18592 -0.3620975 0.3106147 12.2718 -0.5061762 0.5195907 12.09665 0.03330292 0.1130897 12.18017 0.2980092 0.3367661 12.2412 0.4174398 0.5518404 12.05523 -0.03716002 0.252818 12.18794 -0.1255448 0.7009274 12.1935 -0.1906423 1.097773 12.09942 -0.2283828 1.443044 12.09334 0.06013246 0.6972455 12.19004 0.1026016 1.086352 12.05891 0.1416349 1.430778 12.02582  S_DodgingRight_Far
-0.03153936 0.02376115 12.1422 -0.1023013 0.1097502 12.1882 -0.3593763 0.3075235 12.27603 -0.5080467 0.5153494 12.10336 0.03590079 0.1116989 12.1824 0.2977022 0.3371199 12.24673 0.4206677 0.5569512 12.0688 -0.03506951 0.2512437 12.18871 -0.1248155 0.6991108 12.1913 -0.1886883 1.097347 12.1024 -0.226954 1.442494 12.09329 0.06088187 0.6959793 12.18843 0.1019576 1.086376 12.06073 0.1399986 1.430791 12.0264  S_DodgingRight_Far
-0.02891974 0.02176273 12.14521 -0.09988062 0.1079471 12.19046 -0.3567086 0.3048193 12.27991 -0.5094807 0.5116732 12.10968 0.03831335 0.1102439 12.18459 0.2975828 0.3369775 12.25198 0.4232819 0.5611125 12.08149 -0.03306429 0.2496352 12.18956 -0.1242597 0.6971899 12.18936 -0.186957 1.096639 12.1052 -0.225497 1.44167 12.09329 0.06145467 0.6947096 12.18701 0.1013914 1.086317 12.0627 0.13862 1.430668 12.02686  S_DodgingRight_Far
-0.02665542 0.01958048 12.14851 -0.09764414 0.1060617 12.19307 -0.3538384 0.3030097 12.28341 -0.5099878 0.5093944 12.11569 0.04054208 0.1084797 12.18707 0.2981903 0.3354785 12.25742 0.4255303 0.5634137 12.09331 -0.0310096 0.2478203 12.1908 -0.1241901 0.6948376 12.18794 -0.1855405 1.095335 12.10786 -0.2239065 1.440288 12.0934 0.06153943 0.693424 12.18592 0.1010345 1.086276 12.06546 0.1380653 1.43037 12.02704  S_DodgingRight_Far
-0.02553348 0.01769137 12.15134 -0.0965039 0.1044476 12.19532 -0.3521174 0.3016801 12.28606 -0.5105656 0.5079323 12.12034 0.04167606 0.1069052 12.1892 0.2982841 0.3338544 12.26178 0.426494 0.5645112 12.10221 -0.0299599 0.246226 12.19192 -0.1244963 0.6928502 12.187 -0.1842891 1.094267 12.11042 -0.2221142 1.439186 12.09389 0.06123861 0.6921835 12.1851 0.1006725 1.086037 12.06793 0.1374185 1.429838 12.02672  S_DodgingRight_Far
-0.0251662 0.01563549 12.15441 -0.09607331 0.1027122 12.19779 -0.3510101 0.3004911 12.28857 -0.511342 0.5068913 12.12486 0.04210045 0.1051474 12.19152 0.2979479 0.3317642 12.26622 0.4266151 0.5648583 12.1106 -0.02956085 0.2444715 12.19319 -0.1252163 0.690745 12.18628 -0.1828775 1.093179 12.1135 -0.2196829 1.438098 12.0948 0.06051918 0.6907151 12.18432 0.1002349 1.085588 12.07073 0.136566 1.428978 12.02589  S_DodgingRight_Far
-0.02564303 0.01372445 12.15723 -0.09652327 0.1010964 12.2 -0.3508812 0.2994328 12.29046 -0.5122521 0.5061494 12.12818 0.04164966 0.103498 12.19369 0.2970115 0.3296998 12.27012 0.4260252 0.5645341 12.11743 -0.03002362 0.2428244 12.19437 -0.1259607 0.6889822 12.18566 -0.1819728 1.092247 12.11628 -0.2179679 1.437128 12.0954 0.05977388 0.6891119 12.18361 0.1000716 1.085029 12.07393 0.136074 1.428047 12.02608  S_DodgingRight_Far
-0.0265681 0.0116967 12.16023 -0.09743504 0.09938204 12.20233 -0.3511943 0.2983409 12.29226 -0.5133194 0.5054926 12.13129 0.04073938 0.1017421 12.19604 0.2956726 0.3274519 12.2742 0.4250027 0.5639004 12.1243 -0.03094099 0.2410659 12.19562 -0.1267992 0.6872022 12.18502 -0.1811932 1.09129 12.11923 -0.2163501 1.4361 12.09591 0.05893411 0.6872854 12.18287 0.1000254 1.084342 12.07769 0.1356076 1.426966 12.0268  S_DodgingRight_Far
-0.02716552 0.01022696 12.16252 -0.09806524 0.09814799 12.20405 -0.3515042 0.2975242 12.29342 -0.5137684 0.5049888 12.13299 0.04011681 0.1004606 12.19792 0.2948318 0.3257592 12.27723 0.4243988 0.5631307 12.129 -0.03155045 0.2397858 12.19662 -0.1271801 0.6859428 12.18453 -0.1810715 1.09048 12.12113 -0.2160514 1.435204 12.09631 0.05855342 0.6859057 12.18239 0.1000996 1.08373 12.08035 0.1352393 1.426075 12.02731  S_DodgingRight_Far
-0.02795766 0.008289933 12.16568 -0.09891115 0.09652984 12.20641 -0.3519653 0.2964305 12.29496 -0.5143466 0.5043027 12.13518 0.03928234 0.09877646 12.20051 0.2936953 0.3235127 12.28138 0.4235573 0.5620905 12.13536 -0.03236203 0.2380967 12.198 -0.1276402 0.6842825 12.18384 -0.1809985 1.089383 12.12367 -0.2158245 1.433973 12.09686 0.05809386 0.6840618 12.18176 0.1002282 1.082891 12.08396 0.134578 1.424858 12.02805  S_DodgingRight_Far
-0.02809612 0.006959915 12.16811 -0.09907083 0.09545493 12.20825 -0.3519966 0.2957683 12.296 -0.5141876 0.503806 12.13624 0.03913333 0.09759712 12.20257 0.2934047 0.3218954 12.28435 0.4233318 0.5610797 12.13939 -0.03243444 0.2369373 12.19913 -0.1278109 0.6830192 12.18341 -0.1811145 1.088407 12.12515 -0.2160417 1.432899 12.09724 0.05792423 0.682897 12.18141 0.09998079 1.0822 12.08554 0.1334679 1.423905 12.02754  S_DodgingRight_Far
-0.0282477 0.005479455 12.17102 -0.09924553 0.09427476 12.21043 -0.3520218 0.2950783 12.29723 -0.5139741 0.5033079 12.13748 0.03897085 0.09629285 12.20501 0.2930576 0.3200765 12.2879 0.4230388 0.5599772 12.14417 -0.03250192 0.2356504 12.20048 -0.1280042 0.6815977 12.18289 -0.1812499 1.087314 12.12691 -0.2162975 1.431685 12.09769 0.05773206 0.6816002 12.181 0.09967609 1.081448 12.08738 0.1320272 1.422836 12.02692  S_DodgingRight_Far
-0.02866141 0.003793836 12.1748 -0.09959225 0.09299958 12.21338 -0.3523927 0.2945555 12.29858 -0.513768 0.5025777 12.13798 0.03863742 0.09476197 12.20821 0.292784 0.3176378 12.29227 0.422901 0.5580137 12.14946 -0.03261123 0.2341868 12.2024 -0.1284265 0.6798858 12.18246 -0.1809976 1.085934 12.12828 -0.2156657 1.430226 12.09771 0.05730959 0.6801738 12.18057 0.09905298 1.080337 12.08821 0.1305342 1.42148 12.02594  S_DodgingRight_Far
-0.02917616 0.002837658 12.17731 -0.100029 0.09231758 12.21537 -0.3528525 0.2943939 12.29948 -0.5138331 0.5021737 12.13817 0.03820862 0.09388328 12.21035 0.292417 0.3161263 12.29518 0.4226138 0.5567566 12.15288 -0.03286038 0.2333645 12.20375 -0.1287268 0.6789318 12.18227 -0.1807686 1.085149 12.12885 -0.2150877 1.429405 12.09748 0.05700852 0.6793298 12.18033 0.09872903 1.079586 12.08836 0.1299334 1.420623 12.02537  S_DodgingRight_Far
-0.02989887 0.00209713 12.17964 -0.1006463 0.09183407 12.21725 -0.3534852 0.2944314 12.30031 -0.5140744 0.501893 12.1382 0.03759797 0.09318972 12.21236 0.2919987 0.3147299 12.29788 0.422423 0.5554276 12.1559 -0.03327427 0.2327377 12.20509 -0.1290327 0.6782177 12.18218 -0.1805008 1.084546 12.12905 -0.2144042 1.428784 12.09704 0.05670162 0.6786386 12.18014 0.09851374 1.078868 12.0881 0.1297912 1.419862 12.02491  S_DodgingRight_Far
-0.03098695 0.001382589 12.18253 -0.1015693 0.09145653 12.21959 -0.3543529 0.2947911 12.30132 -0.514448 0.5017726 12.13812 0.03668394 0.0924989 12.21488 0.2913304 0.313146 12.30133 0.4221165 0.5538362 12.15967 -0.03388641 0.2321554 12.2068 -0.1292533 0.6775802 12.18208 -0.1804308 1.083947 12.12896 -0.2141261 1.428165 12.09652 0.05648037 0.6779091 12.17997 0.09844442 1.07802 12.08748 0.1300022 1.418996 12.02433  S_DodgingRight_Far
-0.03199003 0.001019001 12.18486 -0.102416 0.09137559 12.22149 -0.3551041 0.2953637 12.30213 -0.5147956 0.5019009 12.13797 0.03584458 0.0921309 12.21694 0.2906604 0.3120706 12.30418 0.4217441 0.5527241 12.16273 -0.03444396 0.2318915 12.20823 -0.1293223 0.6773061 12.18201 -0.1805474 1.083638 12.12867 -0.2142838 1.427842 12.09612 0.05641117 0.6774799 12.17986 0.09852375 1.077437 12.08678 0.1304339 1.418422 12.02386  S_DodgingRight_Far
-0.03292976 0.000877738 12.18682 -0.1032038 0.09150636 12.22303 -0.3556595 0.2961756 12.30276 -0.5149679 0.5023489 12.13777 0.0350646 0.09195709 12.21868 0.289961 0.3113426 12.30667 0.4213661 0.5519081 12.16537 -0.03491781 0.2318344 12.2094 -0.1291588 0.6772801 12.18183 -0.1807492 1.083522 12.12816 -0.2147645 1.427719 12.09582 0.05657585 0.6772333 12.17979 0.09865941 1.077059 12.08613 0.1308217 1.418103 12.02366  S_DodgingRight_Far
-0.03400312 0.0009481907 12.18896 -0.1041007 0.09188819 12.22471 -0.3562391 0.2973561 12.30344 -0.5151085 0.503131 12.13753 0.03417589 0.0919795 12.2206 0.2891305 0.3107742 12.30943 0.420915 0.5512211 12.16828 -0.03544156 0.2319945 12.21068 -0.1288912 0.6774862 12.18159 -0.1810101 1.083605 12.12749 -0.2154257 1.427794 12.09551 0.05684509 0.6771618 12.17972 0.09883697 1.076841 12.08539 0.1312552 1.417969 12.02352  S_DodgingRight_Far
-0.03484736 0.001111865 12.19041 -0.1048265 0.09228611 12.22579 -0.3566468 0.2983457 12.30387 -0.5151582 0.5039361 12.1374 0.03345652 0.09209979 12.22191 0.2883441 0.310581 12.31137 0.4204076 0.5509542 12.17036 -0.03587423 0.2322208 12.21148 -0.128622 0.6777741 12.18131 -0.1811326 1.083812 12.12699 -0.2158537 1.428002 12.09534 0.05711551 0.6771914 12.17964 0.09900303 1.076797 12.08496 0.131574 1.418001 12.02358  S_DodgingRight_Far
