-0.000624461 -1.442432E-05 12.897 -0.06979303 0.09525096 12.91983 -0.4182072 0.1404331 12.91952 -0.7266022 0.1404334 12.91952 0.0685441 0.09525084 12.92014 0.4169262 0.140432 12.92045 0.7253161 0.1404322 12.92045 -0.0006244014 0.2351424 12.90616 -0.09336059 0.6801612 12.86914 -0.1013278 1.092915 12.8812 -0.09894632 1.440007 12.89518 0.09234674 0.6800331 12.87292 0.1003121 1.092748 12.87036 0.09770389 1.440058 12.89519  O_Hello_Far
-0.0573927 -0.01454306 12.89156 -0.1323595 0.0784893 12.90186 -0.3926542 0.2895887 12.92465 -0.5734072 0.537155 12.89078 0.003579276 0.08244967 12.9272 0.2677355 0.2968897 12.90153 0.455288 0.5400312 12.87306 -0.06606339 0.2204238 12.90146 -0.16381 0.6629223 12.84995 -0.158877 1.072793 12.90051 -0.1458725 1.416764 12.9473 0.01807364 0.6680802 12.88728 0.03167262 1.080654 12.88842 0.01681133 1.420942 12.96075  O_Hello_Far
-0.08804141 -0.01512611 12.88436 -0.1652337 0.07658887 12.88766 -0.3497758 0.3153381 12.93217 -0.4344046 0.6093729 12.89358 -0.0326374 0.0825367 12.92665 0.1642901 0.3313397 12.89648 0.2575384 0.6237044 12.86595 -0.1016558 0.2195773 12.89493 -0.2011963 0.6608541 12.8368 -0.1955992 1.066859 12.91232 -0.1821589 1.407262 12.98029 -0.02412794 0.6686423 12.89237 -0.0079035 1.081065 12.89928 -0.03779564 1.414345 12.99561  O_Hello_Far
-0.08704774 -0.01367259 12.8731 -0.1644577 0.07780433 12.87766 -0.3499949 0.3155851 12.92407 -0.4354802 0.6092187 12.88433 -0.03179948 0.08360553 12.91646 0.1672073 0.3322982 12.88694 0.2672171 0.6221913 12.85431 -0.1012158 0.2208505 12.88655 -0.2019514 0.662554 12.83399 -0.195915 1.068251 12.91111 -0.1820835 1.408375 12.98038 -0.02479307 0.6701036 12.8893 -0.009494705 1.082433 12.90171 -0.03899513 1.416521 12.99532  O_Hello_Far
-0.08564709 -0.01196826 12.85769 -0.1633441 0.07915878 12.86403 -0.3502178 0.3155797 12.91317 -0.4367663 0.6087201 12.87211 -0.03057413 0.08476305 12.90247 0.1715238 0.3331656 12.8736 0.2823279 0.6187999 12.83839 -0.1005472 0.2222503 12.87508 -0.2029264 0.6644227 12.83019 -0.196327 1.069695 12.90947 -0.181997 1.409437 12.9805 -0.02560632 0.6716514 12.88503 -0.01157479 1.083748 12.90461 -0.04042439 1.418571 12.99576  O_Hello_Far
-0.08354424 -0.01005483 12.8365 -0.1616072 0.08054042 12.84543 -0.350253 0.3150121 12.89877 -0.4381194 0.6076128 12.85668 -0.02860538 0.08588886 12.8831 0.1784946 0.3334942 12.85442 0.3070002 0.6111352 12.81561 -0.09938364 0.2236353 12.85931 -0.2040625 0.6662313 12.8252 -0.1967959 1.070956 12.90717 -0.1818909 1.41015 12.98066 -0.02640776 0.6730388 12.879 -0.0140969 1.084679 12.90735 -0.0424522 1.419555 12.99847  O_Hello_Far
-0.08231895 -0.009063721 12.82287 -0.1605813 0.08114028 12.8338 -0.3501642 0.3142972 12.89048 -0.4387879 0.6066994 12.84859 -0.0273122 0.08631778 12.87054 0.1842567 0.3328466 12.84158 0.3261391 0.6035809 12.80064 -0.09868042 0.2241955 12.84943 -0.204936 0.6669394 12.82297 -0.1970421 1.072021 12.9031 -0.1817655 1.410312 12.98056 -0.02689682 0.6734651 12.87551 -0.01477276 1.084908 12.90668 -0.04280786 1.41954 12.99879  O_Hello_Far
-0.08103459 -0.008033037 12.80686 -0.1595 0.08165383 12.82029 -0.3501068 0.3132005 12.8811 -0.4395838 0.6054215 12.83977 -0.02586494 0.08665323 12.8557 0.1921253 0.331256 12.82636 0.35177 0.5917371 12.78432 -0.09795134 0.2246277 12.83793 -0.2060788 0.6673801 12.82086 -0.197509 1.072779 12.8993 -0.1817808 1.410096 12.98081 -0.02751212 0.6736035 12.87162 -0.01522516 1.084846 12.90528 -0.04293029 1.419073 12.99894  O_Hello_Far
-0.08012615 -0.007129312 12.79089 -0.1587348 0.08193839 12.80728 -0.3502595 0.3117696 12.8727 -0.4407072 0.603872 12.83267 -0.02459894 0.08680952 12.84077 0.2034157 0.3274981 12.81107 0.3863986 0.5722935 12.76988 -0.09749494 0.2247983 12.82682 -0.2076291 0.6673348 12.82015 -0.1983973 1.07262 12.8991 -0.182085 1.409517 12.98222 -0.02833919 0.6733188 12.86833 -0.0149111 1.084497 12.90232 -0.04244707 1.418027 12.99849  O_Hello_Far
-0.08073269 -0.006966472 12.78384 -0.1593537 0.08166289 12.80241 -0.3516496 0.3105444 12.87032 -0.4428872 0.6026139 12.83187 -0.02473919 0.08659732 12.8339 0.2191529 0.3189586 12.80481 0.4324486 0.538896 12.76964 -0.09825902 0.224496 12.82258 -0.2098291 0.6667228 12.82247 -0.1998208 1.07055 12.90848 -0.182548 1.409045 12.98462 -0.02984582 0.6727539 12.86798 -0.0138527 1.084126 12.89832 -0.04165624 1.416936 12.99687  O_Hello_Far
-0.08198367 -0.007525682 12.78666 -0.160556 0.08110344 12.80543 -0.3531719 0.3101612 12.87271 -0.4443069 0.6023377 12.83483 -0.02580409 0.08614182 12.83632 0.2279052 0.3121021 12.80778 0.4577688 0.5154946 12.7778 -0.09942846 0.2239931 12.8251 -0.2111733 0.6661757 12.82476 -0.2004445 1.070206 12.90973 -0.1825501 1.409093 12.98395 -0.03099082 0.6723515 12.86946 -0.01336513 1.083887 12.8965 -0.04152201 1.416467 12.99573  O_Hello_Far
-0.08341728 -0.00810945 12.79095 -0.1619226 0.08062589 12.80949 -0.3547457 0.3100791 12.87556 -0.4454977 0.602415 12.83799 -0.02712063 0.08572638 12.84015 0.2343099 0.3059648 12.81192 0.4762324 0.4954736 12.78614 -0.1007039 0.2235646 12.82851 -0.2122615 0.6657906 12.82662 -0.2010585 1.070001 12.91067 -0.1827767 1.409027 12.98416 -0.03200702 0.6720628 12.87101 -0.01313399 1.083695 12.89564 -0.04150931 1.416137 12.99526  O_Hello_Far
-0.08712082 -0.00946939 12.80325 -0.1654375 0.07966292 12.82066 -0.358588 0.3103464 12.88301 -0.4480671 0.6031225 12.84582 -0.03063439 0.08485258 12.85129 0.2460125 0.2919593 12.82383 0.5093997 0.4515411 12.80754 -0.1039119 0.2226948 12.8379 -0.2144999 0.6651052 12.83043 -0.202478 1.069705 12.91246 -0.1835961 1.408736 12.98578 -0.03424619 0.6715392 12.8748 -0.01288806 1.083298 12.89486 -0.04157839 1.415541 12.99505  O_Hello_Far
-0.09259246 -0.01097608 12.82007 -0.1706239 0.07877207 12.83548 -0.3639938 0.3112068 12.89249 -0.4514758 0.6045377 12.85492 -0.03590218 0.08405006 12.86645 0.2574218 0.2733465 12.83861 0.5409115 0.3945569 12.83183 -0.108608 0.22188 12.85014 -0.2174783 0.6644741 12.8337 -0.2042233 1.069431 12.91375 -0.1843828 1.408732 12.98555 -0.0373464 0.6710925 12.87853 -0.01327132 1.082905 12.89385 -0.04198686 1.415045 12.99438  O_Hello_Far
-0.09772693 -0.01208448 12.8348 -0.1754939 0.0782001 12.8483 -0.3687602 0.3121856 12.90061 -0.4550466 0.6058177 12.86263 -0.0408303 0.08362508 12.8795 0.2665139 0.2542427 12.8502 0.5639599 0.3356647 12.85099 -0.1130339 0.2213567 12.86037 -0.2203791 0.6639121 12.83519 -0.2059409 1.069085 12.91393 -0.1851814 1.408534 12.98477 -0.04033474 0.6707926 12.88034 -0.01379756 1.08258 12.89174 -0.04249607 1.414423 12.99325  O_Hello_Far
-0.104628 -0.01303995 12.85391 -0.1820893 0.07786989 12.86469 -0.374513 0.3138562 12.91107 -0.460718 0.6074449 12.87257 -0.04747592 0.08367538 12.89604 0.2775149 0.2227147 12.86393 0.58543 0.2356579 12.87512 -0.1191258 0.2210797 12.8729 -0.2247734 0.6631449 12.83509 -0.2087531 1.068445 12.91287 -0.1867786 1.407946 12.98308 -0.04480509 0.6706305 12.88044 -0.01459609 1.082277 12.88661 -0.04320149 1.413314 12.99074  O_Hello_Far
-0.1074504 -0.01303279 12.86166 -0.1848647 0.07808053 12.87096 -0.3763459 0.3148952 12.91494 -0.4634874 0.6082182 12.87653 -0.05034248 0.08420265 12.90264 0.2833103 0.201157 12.86875 0.5887721 0.1614697 12.88366 -0.1218014 0.2213368 12.8774 -0.226947 0.662931 12.83322 -0.2104753 1.068164 12.91126 -0.1882046 1.407572 12.98183 -0.04711131 0.6708868 12.87902 -0.0147246 1.082402 12.88217 -0.04315726 1.412659 12.9888  O_Hello_Far
-0.1079351 -0.01264799 12.86482 -0.1854437 0.07850349 12.87288 -0.376327 0.315569 12.91559 -0.463653 0.6089097 12.87774 -0.05117385 0.08489048 12.90557 0.2882557 0.1812264 12.8711 0.5818842 0.08838975 12.88747 -0.1224706 0.2218215 12.87881 -0.2273868 0.6630614 12.83072 -0.2114448 1.068129 12.90971 -0.1897237 1.407369 12.98126 -0.04791514 0.6713958 12.87786 -0.01411752 1.082809 12.87819 -0.04241638 1.412277 12.98727  O_Hello_Far
-0.1066819 -0.01239109 12.86581 -0.1843104 0.07872748 12.87305 -0.3750617 0.3157291 12.91512 -0.4617739 0.6092683 12.87739 -0.0503007 0.08528686 12.90675 0.2915909 0.1691498 12.87213 0.572557 0.04302001 12.88806 -0.1214793 0.2221025 12.8791 -0.2263123 0.6631504 12.82911 -0.2113727 1.068112 12.90884 -0.1905768 1.407251 12.98113 -0.04721491 0.6717235 12.87761 -0.01320641 1.083117 12.87619 -0.04171149 1.412115 12.98663  O_Hello_Far
-0.103735 -0.01209867 12.86707 -0.1815474 0.07894433 12.87319 -0.3723731 0.3157282 12.91441 -0.4578315 0.6096009 12.87642 -0.04793451 0.08575022 12.90839 0.2958818 0.1547463 12.87339 0.5557824 -0.01067984 12.88718 -0.1189572 0.2224098 12.87959 -0.2237377 0.6632031 12.82729 -0.2106063 1.068083 12.90776 -0.1914449 1.407149 12.98084 -0.04520957 0.6721147 12.87779 -0.01160841 1.083529 12.87422 -0.04065339 1.412 12.98607  O_Hello_Far
-0.0998513 -0.01192975 12.86971 -0.1778366 0.07903135 12.87477 -0.3690301 0.3155758 12.9149 -0.4533802 0.6096321 12.87587 -0.04457311 0.08614445 12.9112 0.2998882 0.143783 12.8744 0.5385435 -0.05127478 12.88443 -0.1154963 0.2226026 12.88123 -0.2203472 0.6630611 12.82632 -0.2092259 1.068046 12.90656 -0.1918535 1.407218 12.97959 -0.04231874 0.6723958 12.87847 -0.009918554 1.083887 12.87315 -0.0397465 1.412046 12.98571  O_Hello_Far
-0.09365122 -0.0117662 12.87463 -0.1718605 0.0790683 12.87831 -0.3638776 0.3152666 12.91677 -0.4475339 0.6092362 12.87565 -0.03896348 0.08670688 12.91595 0.3050832 0.1300194 12.87345 0.5103651 -0.1001158 12.87465 -0.1098683 0.2228081 12.88436 -0.2150632 0.6626589 12.82539 -0.2068781 1.067855 12.90491 -0.1920854 1.407242 12.97751 -0.03755693 0.6727197 12.87916 -0.007616861 1.084372 12.87213 -0.03868238 1.41218 12.98538  O_Hello_Far
-0.08949755 -0.01169109 12.87747 -0.1678389 0.07905579 12.88044 -0.3604306 0.3150365 12.91782 -0.4438329 0.6088448 12.87506 -0.03510008 0.08703852 12.91857 0.3079015 0.1217636 12.87056 0.489469 -0.1274377 12.86453 -0.1060579 0.2229029 12.88608 -0.2115942 0.6623453 12.82472 -0.2052568 1.067649 12.90386 -0.192072 1.407155 12.97622 -0.03431277 0.6728817 12.87915 -0.006223543 1.084656 12.8716 -0.03802918 1.412259 12.98523  O_Hello_Far
-0.08426772 -0.01163733 12.87972 -0.1627599 0.07899618 12.8821 -0.3560273 0.3147211 12.91819 -0.4391174 0.6082574 12.87302 -0.03010641 0.08737504 12.92044 0.3104988 0.1119252 12.86278 0.4596997 -0.1574539 12.8461 -0.1012205 0.2229681 12.88718 -0.2073451 0.6619418 12.82352 -0.2031816 1.067293 12.90256 -0.1918673 1.40687 12.9749 -0.03018395 0.6730238 12.87823 -0.004635675 1.084969 12.871 -0.03718678 1.412314 12.98517  O_Hello_Far
-0.07982479 -0.01168716 12.87806 -0.158437 0.07884073 12.8805 -0.3518397 0.314402 12.91551 -0.4336461 0.6078245 12.86736 -0.02570323 0.08745849 12.91851 0.3108532 0.1026014 12.84751 0.4224391 -0.1834015 12.81826 -0.097086 0.222905 12.88522 -0.2039745 0.6616396 12.82119 -0.2014501 1.06686 12.90097 -0.1915236 1.406345 12.97395 -0.02669756 0.6730456 12.87546 -0.003847225 1.085185 12.87068 -0.03672616 1.412191 12.98571  O_Hello_Far
-0.07734828 -0.01177788 12.87546 -0.1560206 0.07868993 12.87818 -0.3492734 0.3141849 12.9126 -0.4299091 0.6075833 12.86237 -0.02317999 0.08739197 12.9158 0.3098932 0.09673345 12.83533 0.3936614 -0.1977586 12.79843 -0.09476356 0.2227983 12.88278 -0.2021719 0.6614783 12.81925 -0.2004829 1.066528 12.89991 -0.1912494 1.405874 12.97362 -0.02474175 0.6729955 12.87298 -0.003601773 1.085247 12.87061 -0.03648023 1.412079 12.98614  O_Hello_Far
-0.07541023 -0.01194882 12.87091 -0.1541171 0.07846999 12.87419 -0.3469002 0.3139505 12.90813 -0.4259307 0.6073861 12.85562 -0.02110229 0.087165 12.91119 0.3075466 0.09111702 12.81998 0.3591597 -0.2096661 12.7756 -0.09291588 0.2226018 12.8788 -0.2008626 0.6613566 12.81671 -0.1997244 1.066115 12.89884 -0.1909239 1.405213 12.97373 -0.02318309 0.6728569 12.86962 -0.003690643 1.085194 12.87077 -0.03626935 1.411938 12.98664  O_Hello_Far
-0.0737503 -0.01239419 12.86223 -0.1524482 0.07798433 12.86665 -0.343871 0.313587 12.89983 -0.4203565 0.6071146 12.84416 -0.01911633 0.08653736 12.90252 0.3020172 0.0841006 12.79526 0.2979352 -0.2198372 12.74321 -0.0912454 0.2221098 12.87143 -0.1998432 0.6611315 12.81244 -0.198899 1.065311 12.89737 -0.1901649 1.403912 12.97449 -0.02170948 0.672425 12.86385 -0.004364474 1.084781 12.87194 -0.03606729 1.411831 12.98718  O_Hello_Far
-0.07358263 -0.01264083 12.85895 -0.1522516 0.07774103 12.86379 -0.3429787 0.3134499 12.89681 -0.4187621 0.6070405 12.84052 -0.01879756 0.08621228 12.89923 0.2995808 0.08220398 12.78642 0.2721641 -0.2202758 12.73295 -0.09101151 0.2218492 12.86861 -0.1997434 0.6609886 12.81077 -0.1986341 1.064944 12.89675 -0.189706 1.403353 12.97468 -0.02143465 0.6721669 12.86158 -0.004816754 1.084484 12.87265 -0.03617678 1.411777 12.98729  O_Hello_Far
-0.07368539 -0.01313484 12.8537 -0.1522835 0.07727015 12.85921 -0.3417209 0.3132054 12.89213 -0.4166169 0.6069463 12.83544 -0.01862864 0.08558977 12.89392 0.2952763 0.07970989 12.77241 0.2274816 -0.2163182 12.71879 -0.09094964 0.2213376 12.86406 -0.1997985 0.6606733 12.80795 -0.1982094 1.064262 12.89563 -0.1887727 1.402362 12.97483 -0.02120201 0.6716402 12.85779 -0.005719705 1.083831 12.87398 -0.036499 1.411619 12.98737  O_Hello_Far
-0.07408701 -0.01349115 12.85202 -0.1526258 0.07695031 12.85778 -0.3413148 0.3130805 12.89128 -0.4161705 0.6070485 12.83572 -0.01886241 0.08520579 12.89208 0.2930539 0.0792675 12.7664 0.2025616 -0.2106977 12.71315 -0.09121017 0.2209889 12.86245 -0.2000232 0.6603783 12.80669 -0.1979355 1.063837 12.89496 -0.1880099 1.401831 12.97455 -0.02127121 0.6712592 12.85599 -0.006301565 1.083369 12.87455 -0.03684608 1.411471 12.98709  O_Hello_Far
-0.07510762 -0.01423931 12.85028 -0.1535352 0.07627654 12.85637 -0.3408111 0.3128034 12.89158 -0.4158373 0.6073097 12.83919 -0.01956729 0.08446527 12.88988 0.2886417 0.07905412 12.75645 0.1565737 -0.1948998 12.70534 -0.09197216 0.2202691 12.86048 -0.2007383 0.659674 12.80475 -0.1975668 1.062946 12.89384 -0.1865984 1.400793 12.97392 -0.02169286 0.6704705 12.853 -0.007415874 1.082415 12.87538 -0.03748355 1.411026 12.98655  O_Hello_Far
-0.07585578 -0.01467884 12.85062 -0.1542279 0.07588089 12.85678 -0.3407635 0.3126391 12.8934 -0.4160905 0.6075094 12.84355 -0.02015309 0.08408177 12.88985 0.2862498 0.07949769 12.75248 0.133512 -0.1837803 12.70288 -0.09259485 0.2198564 12.86041 -0.2013585 0.6591939 12.80415 -0.1975052 1.062422 12.8934 -0.185895 1.400241 12.97352 -0.02215938 0.6700134 12.85182 -0.008020086 1.081884 12.87562 -0.03784661 1.41069 12.98627  O_Hello_Far
-0.07695501 -0.01521111 12.85275 -0.1552909 0.07538271 12.85886 -0.3410103 0.3123881 12.89747 -0.4170636 0.6076146 12.85094 -0.0210924 0.08368385 12.89141 0.2833488 0.08060026 12.74957 0.109211 -0.1691631 12.7006 -0.09362428 0.2193609 12.86174 -0.2025349 0.6585062 12.80427 -0.1977308 1.061766 12.89334 -0.1852494 1.399619 12.97317 -0.02315776 0.6694725 12.85123 -0.008705182 1.081289 12.87576 -0.03814767 1.410231 12.98612  O_Hello_Far
-0.07813279 -0.015733 12.85557 -0.1564464 0.07488596 12.8616 -0.3413688 0.312117 12.90229 -0.4182373 0.607653 12.85919 -0.02212904 0.08332229 12.89362 0.280396 0.08192158 12.74751 0.08710797 -0.1535537 12.69959 -0.09477101 0.2188746 12.86365 -0.2038966 0.6577765 12.80475 -0.1980943 1.061103 12.89345 -0.1847083 1.399019 12.97287 -0.02434777 0.668938 12.851 -0.009374006 1.080718 12.87583 -0.03839616 1.409752 12.98602  O_Hello_Far
-0.07920454 -0.01618969 12.85922 -0.1575474 0.07441437 12.86509 -0.3417862 0.3117913 12.90744 -0.4197376 0.6074305 12.86708 -0.02314494 0.08305156 12.89669 0.2778274 0.08324897 12.74722 0.07061727 -0.1400763 12.69932 -0.09594058 0.2184411 12.86636 -0.2054569 0.6570387 12.80594 -0.1986545 1.060486 12.89402 -0.1843816 1.398508 12.97284 -0.02578454 0.6684831 12.85164 -0.00999902 1.08027 12.87585 -0.03850846 1.409396 12.9859  O_Hello_Far
-0.0801311 -0.01657236 12.86238 -0.1585034 0.07401526 12.8681 -0.3421322 0.3115119 12.91182 -0.4209808 0.6072243 12.87382 -0.02403204 0.08282828 12.89936 0.27556 0.08434117 12.74706 0.05710657 -0.1281804 12.69997 -0.0969625 0.2180747 12.86872 -0.206828 0.6564024 12.80699 -0.1991655 1.059952 12.89453 -0.1841321 1.398062 12.97282 -0.02705554 0.6680941 12.85223 -0.01055084 1.079887 12.87584 -0.03861509 1.409085 12.98579  O_Hello_Far
-0.08115898 -0.01699817 12.86565 -0.159592 0.07354915 12.87118 -0.3424475 0.3111829 12.91583 -0.4222533 0.6069016 12.87993 -0.02508192 0.08257163 12.90221 0.2730615 0.08493197 12.74741 0.04448547 -0.1168836 12.70128 -0.09816013 0.2176565 12.87121 -0.2084501 0.6556858 12.80813 -0.1999035 1.059318 12.89521 -0.1840982 1.397495 12.97306 -0.0286207 0.6676693 12.85307 -0.01121597 1.079488 12.87557 -0.03879736 1.408641 12.98577  O_Hello_Far
-0.08185177 -0.01734102 12.86691 -0.1603301 0.07317567 12.87229 -0.3425246 0.3109288 12.9173 -0.4228537 0.6066671 12.88275 -0.02582352 0.08231592 12.9033 0.2713406 0.08432817 12.74737 0.03668936 -0.1108301 12.70314 -0.09897076 0.2173136 12.87209 -0.2094832 0.6551847 12.8083 -0.2004382 1.058804 12.89539 -0.1842038 1.396964 12.97322 -0.02965836 0.6673315 12.85322 -0.01166098 1.079178 12.87471 -0.03902398 1.408111 12.98563  O_Hello_Far
-0.08211343 -0.01751864 12.86636 -0.1606075 0.0729872 12.8717 -0.3424785 0.3108007 12.91667 -0.4229091 0.6065637 12.88257 -0.02612452 0.08214188 12.90281 0.2707199 0.08331907 12.74694 0.03435649 -0.1100744 12.7041 -0.09926705 0.2171333 12.87156 -0.2097913 0.6549968 12.80774 -0.2006529 1.058545 12.89515 -0.1843444 1.396638 12.97326 -0.03000037 0.6671624 12.85278 -0.01175509 1.079023 12.8738 -0.03909985 1.407704 12.98547  O_Hello_Far
-0.08208089 -0.0176096 12.86394 -0.1605633 0.07290363 12.86933 -0.3423711 0.3107326 12.91397 -0.422578 0.606534 12.87968 -0.0261219 0.08197618 12.90064 0.2709163 0.08183384 12.74584 0.0360805 -0.1136522 12.7041 -0.09919231 0.2170366 12.86951 -0.2095353 0.6550326 12.8063 -0.2006296 1.058432 12.89441 -0.1845342 1.396389 12.97315 -0.02980481 0.6670825 12.85161 -0.01148961 1.078941 12.87261 -0.0389456 1.40728 12.98525  O_Hello_Far
-0.0820363 -0.01765203 12.86095 -0.1605019 0.07287121 12.86641 -0.3423794 0.3106818 12.91067 -0.4222706 0.6065152 12.87592 -0.02610932 0.08183539 12.89797 0.2713585 0.08026028 12.74463 0.0395806 -0.1190475 12.70389 -0.0990908 0.2169861 12.86702 -0.209207 0.6551538 12.8046 -0.200599 1.058377 12.89355 -0.1847768 1.396175 12.97303 -0.02954744 0.6670511 12.85024 -0.01120685 1.078897 12.87146 -0.03880958 1.406887 12.98508  O_Hello_Far
-0.08197229 -0.01763451 12.85697 -0.160413 0.07290328 12.86255 -0.3425452 0.310647 12.90629 -0.4219637 0.6065067 12.87069 -0.02608286 0.08171475 12.89441 0.2721554 0.07844079 12.74319 0.04583456 -0.1272596 12.70356 -0.09894572 0.2169905 12.86373 -0.2087567 0.6553947 12.80245 -0.2005567 1.058391 12.89246 -0.1851107 1.395983 12.97288 -0.0291879 0.6670772 12.84849 -0.01088176 1.078894 12.8703 -0.03869454 1.406502 12.98496  O_Hello_Far
-0.08213775 -0.01754761 12.8516 -0.1605424 0.07301342 12.8573 -0.3431393 0.3106515 12.9001 -0.4215933 0.6065525 12.86275 -0.02631073 0.08160889 12.88963 0.2733078 0.07570291 12.74196 0.05721875 -0.1409761 12.70375 -0.09899388 0.217057 12.8593 -0.2083463 0.6557825 12.79951 -0.2006573 1.058487 12.89086 -0.1856978 1.395805 12.9725 -0.02892034 0.6671616 12.84618 -0.01062517 1.078923 12.86902 -0.038649 1.406114 12.98481  O_Hello_Far
-0.08238886 -0.01744938 12.84763 -0.1607656 0.07313061 12.85342 -0.3437621 0.3106816 12.89538 -0.421318 0.606616 12.85646 -0.02661429 0.08156157 12.88612 0.2741487 0.07353592 12.74142 0.06724997 -0.1521847 12.70471 -0.09915511 0.2171381 12.85602 -0.2081468 0.6560998 12.79732 -0.2008138 1.058595 12.88962 -0.1862026 1.395716 12.97214 -0.02883725 0.6672481 12.84449 -0.0105326 1.078959 12.86821 -0.03867565 1.405895 12.9847  O_Hello_Far
-0.08292638 -0.01734197 12.84529 -0.1612798 0.07325757 12.85109 -0.3447077 0.3107413 12.89207 -0.4212481 0.6066846 12.85125 -0.02719299 0.08157313 12.88409 0.2747452 0.07147133 12.74237 0.07794859 -0.1631445 12.70589 -0.09961908 0.2172356 12.8541 -0.2083196 0.6563517 12.79601 -0.2011529 1.058743 12.88877 -0.1867316 1.395758 12.97176 -0.02910332 0.6673393 12.84358 -0.01065205 1.07901 12.86788 -0.03875278 1.405857 12.98462  O_Hello_Far
-0.08399485 -0.01713967 12.84211 -0.162306 0.0734967 12.8479 -0.3465357 0.3108643 12.88701 -0.4211704 0.6067841 12.84264 -0.02832155 0.08163095 12.88135 0.2755975 0.06772149 12.74506 0.09875508 -0.1823524 12.70909 -0.1005589 0.2174242 12.8515 -0.2087757 0.6567713 12.79426 -0.2018409 1.05905 12.88753 -0.1877084 1.395936 12.97109 -0.02970771 0.6675069 12.84244 -0.01091908 1.07912 12.86744 -0.03888736 1.405885 12.98444  O_Hello_Far
-0.08466636 -0.01701009 12.84137 -0.1629471 0.07365394 12.84714 -0.347735 0.3109559 12.88497 -0.4212154 0.6067898 12.83816 -0.02900366 0.08170116 12.88078 0.2760619 0.0652436 12.74797 0.1141894 -0.1946094 12.71085 -0.1011444 0.2175519 12.85096 -0.2091009 0.656997 12.79398 -0.2023004 1.059299 12.88716 -0.1883441 1.396186 12.97074 -0.0300924 0.6676131 12.84241 -0.01102321 1.079223 12.86725 -0.03890513 1.405987 12.98428  O_Hello_Far
-0.08511911 -0.01690447 12.84103 -0.163372 0.07378423 12.84679 -0.3486193 0.3110324 12.88358 -0.4212137 0.6067739 12.83485 -0.0294557 0.08175993 12.88055 0.2764244 0.0632062 12.75051 0.1277663 -0.2043259 12.71267 -0.1015203 0.217657 12.85075 -0.2092658 0.6571794 12.79398 -0.2026212 1.059515 12.88702 -0.1888479 1.396419 12.97056 -0.03029685 0.6676978 12.84257 -0.01102494 1.079315 12.86713 -0.03888182 1.406068 12.98419  O_Hello_Far
-0.08525912 -0.01679695 12.84155 -0.1634729 0.07392442 12.84733 -0.3492229 0.3111293 12.88311 -0.4211681 0.6067069 12.83246 -0.02956311 0.08182549 12.88114 0.2769428 0.06104922 12.75372 0.1445149 -0.2146199 12.71405 -0.1015578 0.2177677 12.85138 -0.2090892 0.6573629 12.79476 -0.202764 1.059785 12.88744 -0.1893114 1.396756 12.97077 -0.03012983 0.66778 12.8434 -0.01073889 1.079441 12.86712 -0.038725 1.406146 12.98429  O_Hello_Far
-0.08538727 -0.01669776 12.84207 -0.1635628 0.07405555 12.84787 -0.3497984 0.311214 12.88266 -0.4210986 0.6066297 12.83019 -0.0296586 0.08188391 12.88171 0.2773922 0.05895555 12.75685 0.1612288 -0.2237929 12.71606 -0.1015857 0.2178701 12.85199 -0.2089091 0.6575356 12.79552 -0.2029008 1.060043 12.88786 -0.1897656 1.39708 12.97097 -0.02995829 0.6678541 12.84422 -0.01045577 1.079557 12.8671 -0.03857283 1.406212 12.98438  O_Hello_Far
-0.08483778 -0.01660657 12.84371 -0.1629549 0.07419264 12.84957 -0.3497866 0.3113229 12.8837 -0.4208992 0.6065401 12.82987 -0.02902464 0.0819335 12.88334 0.2783954 0.05685425 12.76084 0.1838765 -0.2335213 12.7178 -0.1008883 0.2179689 12.85368 -0.2079818 0.6577106 12.79737 -0.202654 1.060373 12.88908 -0.1901343 1.397549 12.97171 -0.02899401 0.6679112 12.84596 -0.009597642 1.079723 12.86691 -0.0382251 1.4062 12.98456  O_Hello_Far
-0.08402292 -0.01651597 12.84613 -0.1620638 0.07434404 12.85207 -0.3496943 0.3114406 12.88559 -0.4207896 0.6064278 12.8305 -0.02809767 0.08197927 12.88571 0.2798337 0.05434561 12.76635 0.2144325 -0.2436167 12.72112 -0.09988146 0.2180717 12.85613 -0.2066815 0.6578982 12.79992 -0.2022567 1.060777 12.89072 -0.1905459 1.398151 12.97266 -0.02764277 0.6679578 12.84835 -0.008424802 1.079906 12.8666 -0.03776674 1.406118 12.98481  O_Hello_Far
-0.08308069 -0.01647389 12.8489 -0.1610536 0.07444227 12.85486 -0.3494477 0.3115196 12.88841 -0.421032 0.606357 12.83314 -0.02705101 0.08200049 12.88838 0.2814902 0.05257165 12.7719 0.2429949 -0.2497901 12.72499 -0.09876882 0.218129 12.8588 -0.205319 0.6580037 12.8025 -0.2017331 1.06111 12.89232 -0.1907574 1.398695 12.9735 -0.02622847 0.667962 12.85076 -0.007245226 1.080034 12.86625 -0.03733115 1.40594 12.98512  O_Hello_Far
-0.08241241 -0.01646423 12.85135 -0.1603382 0.07449543 12.85727 -0.3493149 0.3115685 12.891 -0.4214338 0.6063209 12.83598 -0.02632169 0.08201218 12.89074 0.2830481 0.05147815 12.77707 0.2655996 -0.2527374 12.72961 -0.09798066 0.218154 12.86108 -0.2043289 0.658039 12.80448 -0.2012957 1.061337 12.89345 -0.190804 1.399101 12.97395 -0.02521877 0.6679445 12.85268 -0.006358428 1.080097 12.86603 -0.03699408 1.405786 12.98534  O_Hello_Far
-0.0816481 -0.01647806 12.85471 -0.1595213 0.07453501 12.8605 -0.3492095 0.3116108 12.89465 -0.4221617 0.6062863 12.84032 -0.02550249 0.08201969 12.89397 0.2852384 0.05041683 12.78441 0.2938884 -0.2542166 12.73721 -0.09708045 0.2181622 12.86411 -0.2031693 0.6580312 12.8069 -0.2007156 1.061586 12.89472 -0.1907311 1.399586 12.97429 -0.02405636 0.6678984 12.8551 -0.005282028 1.080132 12.8658 -0.0365694 1.405575 12.98561  O_Hello_Far
-0.08134125 -0.01651442 12.85769 -0.1591748 0.07454324 12.86331 -0.349402 0.3116328 12.89797 -0.4231604 0.6062642 12.84449 -0.02516816 0.08201456 12.89683 0.2873019 0.04997373 12.79177 0.3180526 -0.2534361 12.74593 -0.09666871 0.2181467 12.86675 -0.2025259 0.6579804 12.80884 -0.2003345 1.061746 12.89569 -0.1905842 1.39994 12.97446 -0.02343087 0.6678351 12.85711 -0.004489584 1.080114 12.86554 -0.03623376 1.405414 12.98563  O_Hello_Far
-0.08123235 -0.01657331 12.86097 -0.1590264 0.07453144 12.86637 -0.3497863 0.3116378 12.90166 -0.4244775 0.6062312 12.84928 -0.0250421 0.08199787 12.89998 0.2895595 0.04978979 12.80041 0.3436426 -0.2507247 12.75716 -0.09645395 0.2181107 12.8696 -0.2020548 0.6578921 12.81083 -0.1999923 1.06188 12.89665 -0.1903626 1.400274 12.97456 -0.02299247 0.6677462 12.85922 -0.00371222 1.080052 12.86523 -0.03588365 1.405243 12.98549  O_Hello_Far
-0.08157407 -0.01667094 12.86435 -0.1593262 0.07448149 12.86955 -0.3505394 0.3116003 12.90576 -0.4263839 0.606133 12.85471 -0.0253614 0.08193612 12.90324 0.2920941 0.05020225 12.81084 0.3709401 -0.2453868 12.77192 -0.0966839 0.2180345 12.87259 -0.2020234 0.6577712 12.81302 -0.1998601 1.062012 12.89764 -0.1902072 1.400575 12.97481 -0.02298961 0.6676155 12.86152 -0.003102524 1.079922 12.8649 -0.03569148 1.405082 12.98514  O_Hello_Far
-0.08281527 -0.01693761 12.86945 -0.1604971 0.07428229 12.87451 -0.3521405 0.3113955 12.9127 -0.4299573 0.6057948 12.8639 -0.02653239 0.08167732 12.90822 0.2961043 0.05184221 12.82993 0.4154871 -0.2311386 12.80211 -0.09774338 0.2177904 12.87737 -0.2027294 0.6575295 12.8172 -0.1995683 1.062558 12.89793 -0.189831 1.401055 12.97538 -0.02369635 0.6672986 12.86571 -0.002392752 1.079547 12.8646 -0.03558902 1.404794 12.98444  O_Hello_Far
-0.0837072 -0.01713419 12.8715 -0.1613559 0.07410836 12.87666 -0.3529846 0.3112099 12.91598 -0.4316073 0.605549 12.86813 -0.02736752 0.08144128 12.91028 0.2977955 0.05309677 12.83975 0.4364137 -0.2216192 12.81924 -0.0985534 0.2175943 12.87955 -0.2034335 0.6574005 12.81969 -0.1991357 1.063171 12.89655 -0.1894499 1.401296 12.97561 -0.02436666 0.6670846 12.86809 -0.002187056 1.079274 12.86473 -0.03562484 1.404634 12.98419  O_Hello_Far
-0.08456419 -0.01733232 12.8723 -0.1621979 0.07390976 12.87769 -0.3535538 0.311023 12.91758 -0.4321904 0.6053885 12.86991 -0.02818106 0.08116555 12.91121 0.2986829 0.05447316 12.84575 0.4494185 -0.2141433 12.83064 -0.09937607 0.2173829 12.88079 -0.2042533 0.6573097 12.82182 -0.1983281 1.064093 12.893 -0.1888992 1.401427 12.97541 -0.02514569 0.6668846 12.87009 -0.002247078 1.07902 12.86524 -0.03577415 1.404526 12.98428  O_Hello_Far
-0.0853896 -0.01750696 12.87301 -0.16301 0.0737325 12.87863 -0.3540755 0.3108621 12.91901 -0.4326585 0.6052622 12.87146 -0.02896677 0.08091259 12.91207 0.2993856 0.05585432 12.85141 0.4611088 -0.2065487 12.84168 -0.1001714 0.2171934 12.88195 -0.2050498 0.6572398 12.82388 -0.1976264 1.064875 12.88986 -0.1883403 1.401464 12.97528 -0.02590422 0.666707 12.87204 -0.002308233 1.078784 12.86579 -0.03591601 1.404441 12.98439  O_Hello_Far
-0.08626501 -0.01764119 12.87329 -0.1638829 0.07358253 12.8792 -0.3544477 0.3107758 12.91954 -0.4324019 0.6052898 12.87166 -0.0298209 0.08067584 12.91258 0.2998873 0.05786479 12.85542 0.4704872 -0.1989883 12.85027 -0.1010436 0.2170347 12.88286 -0.2059579 0.6572315 12.82601 -0.1976074 1.065285 12.88923 -0.1880335 1.401564 12.97583 -0.02678524 0.6665735 12.87409 -0.002454979 1.07859 12.86676 -0.03605042 1.404471 12.98475  O_Hello_Far
-0.0870841 -0.01774156 12.87365 -0.1647043 0.07346511 12.87978 -0.3547658 0.3107347 12.91989 -0.4320181 0.6053604 12.87157 -0.03063361 0.0804882 12.91314 0.3002655 0.05991125 12.85895 0.4782123 -0.1919583 12.85792 -0.1018701 0.2169113 12.88376 -0.2068187 0.6572317 12.82793 -0.197784 1.065536 12.88942 -0.1877583 1.401719 12.97633 -0.02763353 0.6664721 12.87598 -0.002659185 1.078435 12.86782 -0.03626345 1.404564 12.98511  O_Hello_Far
-0.08780997 -0.01778781 12.87417 -0.1654426 0.07340002 12.88042 -0.3549899 0.3107734 12.91991 -0.4313853 0.6055058 12.87088 -0.03138338 0.08038545 12.91383 0.300524 0.06210041 12.86152 0.4833857 -0.1862179 12.86352 -0.102626 0.2168469 12.88464 -0.207607 0.6572437 12.82949 -0.1983589 1.065503 12.89124 -0.1876334 1.40202 12.97676 -0.02843825 0.666428 12.87761 -0.002987785 1.078353 12.86905 -0.03663502 1.404786 12.98549  O_Hello_Far
-0.08824675 -0.01778245 12.87474 -0.1658934 0.07339215 12.88101 -0.3551199 0.3108357 12.91999 -0.4309547 0.605629 12.87046 -0.03184853 0.08037567 12.91448 0.3006715 0.06365395 12.863 0.4858304 -0.1829371 12.86668 -0.1030968 0.2168444 12.88534 -0.2081113 0.6572587 12.83039 -0.1989277 1.065299 12.89358 -0.1875447 1.402299 12.9771 -0.02896313 0.6664388 12.87859 -0.003296239 1.078351 12.87004 -0.03695987 1.405062 12.98569  O_Hello_Far
-0.0886793 -0.0177325 12.87563 -0.1663481 0.07342637 12.88186 -0.3552427 0.3109492 12.92017 -0.4304673 0.6057988 12.87005 -0.03232674 0.0804342 12.91542 0.3008188 0.06549656 12.8644 0.4874931 -0.1799235 12.86951 -0.1035827 0.2168908 12.88624 -0.208648 0.6572878 12.83124 -0.199771 1.064856 12.89745 -0.1874746 1.402662 12.97752 -0.02953343 0.6665002 12.87956 -0.003739281 1.078411 12.87132 -0.03740172 1.405517 12.98584  O_Hello_Far
-0.08883105 -0.01760411 12.87624 -0.1665293 0.07353354 12.88241 -0.3552272 0.3110837 12.92023 -0.4299908 0.6059712 12.86964 -0.03252892 0.08058405 12.91605 0.301007 0.06698656 12.86489 0.4876395 -0.1784494 12.87071 -0.1038071 0.2170165 12.88681 -0.2089664 0.6573761 12.83169 -0.2010107 1.0641 12.90302 -0.1878766 1.402966 12.97833 -0.029882 0.666646 12.88011 -0.004160387 1.078574 12.87253 -0.03780923 1.406085 12.98589  O_Hello_Far
-0.088805 -0.01740146 12.87657 -0.1665425 0.07370579 12.88269 -0.3551163 0.311241 12.92011 -0.4294597 0.6061601 12.86909 -0.03256206 0.08081269 12.91639 0.301234 0.06834531 12.86473 0.4867123 -0.1779573 12.87082 -0.1038795 0.2172141 12.8871 -0.2091854 0.6575267 12.83189 -0.2024071 1.063192 12.90912 -0.1885204 1.403142 12.97923 -0.03012924 0.6668721 12.8804 -0.004642529 1.078832 12.87386 -0.03827612 1.406756 12.98603  O_Hello_Far
-0.08733456 -0.01685059 12.87287 -0.1652023 0.07412803 12.87925 -0.3541176 0.3112844 12.91711 -0.4282834 0.6060823 12.86514 -0.03121821 0.08134902 12.91291 0.3019293 0.06792974 12.8598 0.4785247 -0.1848613 12.86368 -0.1027469 0.2177166 12.88398 -0.2087187 0.6580074 12.82989 -0.2024338 1.063495 12.90809 -0.1889548 1.40332 12.97888 -0.02965592 0.6674969 12.87834 -0.005514069 1.079581 12.87567 -0.03921072 1.407423 12.98806  O_Hello_Far
-0.08638148 -0.01661646 12.87092 -0.1642991 0.07431316 12.87738 -0.3534595 0.3113177 12.91537 -0.4279231 0.6059361 12.86281 -0.03031163 0.08158362 12.91102 0.3024127 0.06721842 12.85747 0.4749531 -0.1883748 12.85997 -0.1019236 0.2179332 12.88221 -0.2081553 0.6582059 12.82848 -0.2022811 1.063556 12.90742 -0.1891279 1.4033 12.97866 -0.02908723 0.6677588 12.8769 -0.005363209 1.079872 12.87508 -0.03898148 1.407458 12.98824  O_Hello_Far
-0.08483414 -0.01625752 12.86799 -0.1628243 0.07460332 12.87455 -0.3523855 0.3113955 12.91263 -0.4274584 0.605689 12.85913 -0.02883516 0.08195519 12.90817 0.3032145 0.06609774 12.8539 0.4695078 -0.1936154 12.85411 -0.1005646 0.2182701 12.87949 -0.2071671 0.6585005 12.82614 -0.2020962 1.063512 12.90686 -0.1894077 1.403222 12.97834 -0.02809577 0.6681591 12.87453 -0.004904551 1.080306 12.87354 -0.03835289 1.407448 12.98803  O_Hello_Far
-0.08348529 -0.01596904 12.86608 -0.1615372 0.07484674 12.87252 -0.3515258 0.3115021 12.91031 -0.427307 0.6055078 12.85622 -0.02758317 0.08229661 12.90625 0.3037927 0.06513715 12.85065 0.4639061 -0.1984199 12.84826 -0.09937052 0.218554 12.87745 -0.2061956 0.6586938 12.8238 -0.2015638 1.06364 12.90487 -0.1894527 1.403082 12.97771 -0.02717416 0.6684853 12.87235 -0.004255993 1.080647 12.87121 -0.03768114 1.407242 12.98726  O_Hello_Far
-0.08225171 -0.01570475 12.86435 -0.1603604 0.07507038 12.87068 -0.3507451 0.311602 12.90817 -0.4271841 0.605343 12.85357 -0.02644048 0.08261275 12.90453 0.3042814 0.0642556 12.84761 0.4584844 -0.2027695 12.84276 -0.09827892 0.2188151 12.87559 -0.2053037 0.6588675 12.82162 -0.2010126 1.063802 12.90276 -0.1894745 1.402944 12.97709 -0.02633093 0.6687843 12.87032 -0.00366406 1.080959 12.86905 -0.03705756 1.407045 12.98652  O_Hello_Far
-0.08105509 -0.0154624 12.86298 -0.1592243 0.0752809 12.86902 -0.3500876 0.311722 12.90584 -0.4272849 0.6052266 12.85104 -0.02536802 0.08295524 12.90309 0.3044153 0.06338763 12.84319 0.4504481 -0.2080996 12.83461 -0.09722988 0.2190678 12.87378 -0.2044001 0.6589674 12.81887 -0.1995018 1.064626 12.89628 -0.1891151 1.402643 12.97572 -0.02551834 0.6690667 12.86787 -0.003131254 1.081256 12.86636 -0.03659556 1.406759 12.98542  O_Hello_Far
-0.0800163 -0.01523519 12.86185 -0.1582366 0.07548106 12.86762 -0.3495114 0.3118478 12.90384 -0.4273583 0.6051571 12.84891 -0.0244355 0.08327246 12.90188 0.3044399 0.06262732 12.83926 0.4428944 -0.2126811 12.82742 -0.0963162 0.2193044 12.87225 -0.2036073 0.6590655 12.81648 -0.1982574 1.065258 12.891 -0.1888902 1.402313 12.97455 -0.02480446 0.6693265 12.86573 -0.002673371 1.081529 12.86408 -0.03617791 1.406537 12.98448  O_Hello_Far
-0.07910489 -0.01493323 12.86141 -0.157362 0.07577121 12.86685 -0.3489775 0.3121275 12.90224 -0.4273228 0.6053802 12.84772 -0.02360688 0.08369124 12.90126 0.3040035 0.06198537 12.83431 0.4324525 -0.217923 12.81829 -0.09549443 0.2196261 12.87121 -0.2028584 0.6592127 12.81421 -0.1979902 1.065198 12.88989 -0.1890122 1.402135 12.97395 -0.02412139 0.6696543 12.86366 -0.002364678 1.081879 12.86255 -0.03585218 1.406597 12.98373  O_Hello_Far
-0.07824807 -0.01459491 12.86105 -0.1565356 0.0761019 12.86618 -0.3484547 0.3124675 12.90068 -0.4272361 0.60569 12.84663 -0.02281813 0.08415091 12.9007 0.3032379 0.06124604 12.82889 0.4201307 -0.2234083 12.80859 -0.09471218 0.2199849 12.87021 -0.2021386 0.6593881 12.81193 -0.1979579 1.064983 12.88971 -0.1891904 1.401998 12.97348 -0.02345525 0.6700112 12.86154 -0.002133531 1.08226 12.86126 -0.03555004 1.406724 12.98313  O_Hello_Far
-0.07772379 -0.0140512 12.86125 -0.1560088 0.07666552 12.86605 -0.3480277 0.3131635 12.89933 -0.4269097 0.606508 12.8461 -0.02228008 0.08484483 12.9005 0.3010111 0.06011391 12.82064 0.398748 -0.2311952 12.79435 -0.09418254 0.2205622 12.86952 -0.2016231 0.6597407 12.80959 -0.199287 1.06383 12.89492 -0.189698 1.402008 12.97377 -0.02292375 0.6705512 12.8591 -0.002372069 1.082833 12.86133 -0.03541712 1.407255 12.98342  O_Hello_Far
-0.07802831 -0.01374316 12.86104 -0.156274 0.07701349 12.86572 -0.3480728 0.3136908 12.89817 -0.4265285 0.6071875 12.84514 -0.02251969 0.08520246 12.90007 0.2985803 0.05925691 12.81426 0.3801957 -0.2365737 12.7838 -0.09438811 0.2208915 12.86888 -0.2016924 0.6600022 12.80822 -0.1993796 1.063797 12.89493 -0.1895097 1.40202 12.97356 -0.02295659 0.6708322 12.85759 -0.002961619 1.083123 12.86201 -0.03550152 1.407627 12.98403  O_Hello_Far
-0.07836555 -0.01352119 12.86081 -0.1565748 0.07727051 12.86542 -0.3481563 0.3140984 12.89722 -0.4262059 0.6077217 12.84429 -0.02279793 0.08545399 12.89969 0.2964634 0.05855691 12.80925 0.3649021 -0.2402893 12.77591 -0.09463362 0.2211295 12.86837 -0.2018092 0.6602017 12.8072 -0.199309 1.063903 12.89434 -0.1892711 1.402039 12.97332 -0.02304123 0.6710286 12.85646 -0.003477318 1.083318 12.86264 -0.03559039 1.407902 12.98455  O_Hello_Far
-0.07908897 -0.01326323 12.85892 -0.1572265 0.07758963 12.86355 -0.3482757 0.3146354 12.89473 -0.4253097 0.6085522 12.84194 -0.02345137 0.08565438 12.89785 0.2937051 0.05796278 12.80215 0.3429523 -0.2441907 12.76497 -0.0951709 0.221398 12.86655 -0.2019802 0.6605763 12.80551 -0.1992538 1.064112 12.8934 -0.1889993 1.402103 12.97297 -0.02321546 0.6712435 12.85481 -0.003963156 1.083517 12.86277 -0.03547136 1.408033 12.98501  O_Hello_Far
-0.07976739 -0.01306796 12.85689 -0.1578433 0.07783675 12.86154 -0.3483911 0.3150611 12.89224 -0.4244916 0.6092478 12.8396 -0.02408127 0.08578229 12.89592 0.2912252 0.05749857 12.79584 0.3229805 -0.2466179 12.75572 -0.09568767 0.2215989 12.86468 -0.202153 0.6608964 12.80389 -0.1990305 1.064462 12.89164 -0.1887118 1.40214 12.97252 -0.0234078 0.6714018 12.8533 -0.004347367 1.083655 12.86264 -0.03535722 1.408069 12.98529  O_Hello_Far
-0.08070831 -0.01298237 12.85308 -0.1587362 0.07796109 12.85778 -0.3486415 0.3153102 12.88818 -0.4236324 0.609839 12.83587 -0.0250483 0.08573472 12.89248 0.288628 0.05730522 12.78843 0.2994866 -0.2478825 12.74545 -0.09649567 0.2216748 12.86142 -0.2025392 0.6611905 12.80148 -0.19764 1.065915 12.88363 -0.1880116 1.401975 12.97106 -0.02390109 0.6714575 12.85132 -0.004653377 1.083686 12.86134 -0.03530351 1.4078 12.98487  O_Hello_Far
-0.0814492 -0.01291144 12.84975 -0.1594474 0.07805574 12.85448 -0.3488084 0.3154835 12.88467 -0.4229468 0.6102782 12.83264 -0.02583061 0.08569324 12.88949 0.2865268 0.05725801 12.78229 0.2794685 -0.247775 12.73746 -0.09715216 0.2217336 12.85857 -0.2028758 0.6614285 12.79938 -0.1966269 1.066948 12.87742 -0.1874575 1.401672 12.96988 -0.02434031 0.6715057 12.84964 -0.004873676 1.083712 12.86015 -0.03530316 1.407544 12.98446  O_Hello_Far
-0.08247493 -0.01277542 12.84325 -0.1604771 0.07818604 12.84803 -0.3488708 0.3156238 12.87805 -0.4219079 0.6107911 12.82657 -0.02703015 0.08563113 12.88372 0.283545 0.0577991 12.77196 0.2441415 -0.2445226 12.72555 -0.09817384 0.2218294 12.85309 -0.2035216 0.6618178 12.79543 -0.1957668 1.068069 12.86942 -0.1871244 1.401016 12.96814 -0.02522985 0.671622 12.84659 -0.005055292 1.083783 12.85755 -0.03553114 1.406964 12.98354  O_Hello_Far
-0.08329581 -0.01263928 12.83758 -0.1613749 0.07825637 12.84236 -0.3487038 0.315599 12.87195 -0.4213793 0.6109826 12.82121 -0.02811406 0.0856241 12.87875 0.2807177 0.05902624 12.76228 0.2041436 -0.2363079 12.71735 -0.09918301 0.2219123 12.84835 -0.204499 0.6620842 12.79205 -0.1958488 1.068527 12.86488 -0.1872782 1.400446 12.96701 -0.02647345 0.6717701 12.84415 -0.005259974 1.083872 12.85537 -0.03595452 1.406643 12.98236  O_Hello_Far
-0.08367001 -0.01258695 12.8363 -0.1617826 0.07828128 12.84104 -0.348614 0.315606 12.87031 -0.4214027 0.6110452 12.82006 -0.02858333 0.08564699 12.87766 0.27932 0.05961573 12.75882 0.1856724 -0.2310308 12.7157 -0.09964149 0.221948 12.84729 -0.204991 0.6621513 12.7913 -0.1962833 1.068438 12.86499 -0.1874569 1.400407 12.96694 -0.02705328 0.6718308 12.8437 -0.005442781 1.083908 12.85505 -0.03621481 1.406643 12.98211  O_Hello_Far
-0.0840752 -0.01254201 12.83572 -0.16222 0.07830095 12.84042 -0.3485192 0.3156259 12.86929 -0.4215455 0.6111116 12.81966 -0.0290703 0.08568239 12.87722 0.2777466 0.06022811 12.75572 0.1662159 -0.224437 12.71533 -0.1001284 0.2219816 12.84684 -0.2055324 0.6621891 12.79099 -0.1969727 1.068166 12.86638 -0.1877173 1.400494 12.96711 -0.02766518 0.6718875 12.84363 -0.005695684 1.083942 12.85512 -0.03652839 1.406726 12.98204  O_Hello_Far
-0.08448736 -0.01250446 12.83631 -0.1626374 0.07833648 12.84096 -0.3484963 0.3157253 12.86942 -0.4218332 0.6112362 12.8204 -0.02949957 0.08573294 12.8778 0.2762458 0.06063652 12.7539 0.1508722 -0.2185701 12.71609 -0.1005536 0.2220213 12.84737 -0.2059578 0.6622101 12.79136 -0.1978288 1.067695 12.86941 -0.1879579 1.400748 12.96765 -0.02810769 0.6719293 12.84406 -0.005995674 1.08397 12.85577 -0.03674642 1.406937 12.98224  O_Hello_Far
-0.08500652 -0.01245534 12.8381 -0.1631386 0.07840419 12.84269 -0.3485318 0.3159306 12.87063 -0.4223048 0.6114587 12.82237 -0.02998154 0.08581853 12.87945 0.2744313 0.06096566 12.75278 0.135402 -0.2121055 12.71803 -0.1010271 0.2220855 12.8489 -0.2063829 0.6622298 12.79246 -0.1990415 1.066905 12.87467 -0.1882763 1.401165 12.96863 -0.02850531 0.6719769 12.84505 -0.006411953 1.084009 12.85709 -0.03692989 1.407323 12.98272  O_Hello_Far
-0.08554433 -0.01241457 12.84003 -0.1636499 0.07847023 12.84458 -0.3486471 0.3161467 12.87204 -0.4226909 0.6117229 12.8245 -0.03045939 0.0858978 12.88122 0.2726928 0.06124341 12.75205 0.1224227 -0.2061663 12.72019 -0.1014972 0.2221438 12.85055 -0.2067921 0.6622428 12.79365 -0.2000936 1.066176 12.87949 -0.1885183 1.401489 12.96951 -0.02886699 0.6720118 12.84608 -0.006840391 1.084038 12.85845 -0.0370516 1.407743 12.98315  O_Hello_Far
-0.08672445 -0.01234436 12.84461 -0.1647445 0.07861614 12.84911 -0.3491535 0.3166524 12.87571 -0.4233458 0.612394 12.82945 -0.03143684 0.08605385 12.88532 0.2693805 0.06167459 12.75183 0.1032344 -0.1967015 12.72459 -0.1024615 0.2222586 12.85444 -0.2075856 0.6622589 12.79647 -0.2017229 1.064938 12.88807 -0.1887145 1.402003 12.97108 -0.02949326 0.6720524 12.84832 -0.007766766 1.084071 12.86146 -0.03708832 1.408744 12.98383  O_Hello_Far
-0.08779673 -0.01234114 12.84727 -0.1657451 0.0786804 12.85177 -0.3499535 0.3169469 12.87811 -0.4234764 0.6129986 12.83277 -0.0323544 0.08608961 12.88768 0.2672115 0.06207287 12.75187 0.09325154 -0.191306 12.72655 -0.1033531 0.2222892 12.85672 -0.2083031 0.6622602 12.79821 -0.2019639 1.064866 12.8901 -0.1882369 1.402275 12.97159 -0.03009252 0.6720219 12.84967 -0.00860147 1.084022 12.86371 -0.03740464 1.409371 12.9844  O_Hello_Far
-0.08866499 -0.0123415 12.84917 -0.1665561 0.0787282 12.85369 -0.3506383 0.3171662 12.87986 -0.4235007 0.6134835 12.8352 -0.03310428 0.0861063 12.88938 0.2655589 0.06241071 12.75192 0.08605869 -0.1872096 12.72796 -0.1040774 0.2223083 12.85838 -0.2088789 0.6622679 12.79951 -0.2020766 1.064891 12.89129 -0.1878273 1.402482 12.97193 -0.03058122 0.6719919 12.85067 -0.009262545 1.083974 12.86549 -0.03768722 1.409838 12.98487  O_Hello_Far
-0.08946 -0.01233399 12.84972 -0.1673034 0.07877386 12.85429 -0.3514028 0.3173014 12.88048 -0.4229883 0.6139516 12.83596 -0.03382913 0.08608103 12.88991 0.2646382 0.06287658 12.75189 0.08261718 -0.1848944 12.72775 -0.1047509 0.2223222 12.85896 -0.2093647 0.6623413 12.80021 -0.2020692 1.065103 12.89134 -0.1874851 1.402639 12.97215 -0.03103523 0.6719704 12.85127 -0.009780092 1.083924 12.86695 -0.03809957 1.410149 12.98537  O_Hello_Far
-0.09043317 -0.01232243 12.85034 -0.1682183 0.07883179 12.85498 -0.3523409 0.3174663 12.88118 -0.4223618 0.6145231 12.83689 -0.03471772 0.08605075 12.89052 0.2635187 0.06345487 12.75182 0.07850213 -0.1820669 12.72748 -0.1055756 0.2223413 12.85964 -0.2099578 0.6624354 12.80104 -0.2020659 1.06536 12.8914 -0.1870614 1.402829 12.97241 -0.03159116 0.6719459 12.85199 -0.01040713 1.083862 12.86871 -0.03858553 1.410521 12.98597  O_Hello_Far
-0.09140031 -0.0122633 12.84907 -0.1691305 0.07893085 12.85385 -0.353366 0.3175716 12.88016 -0.4214007 0.6150484 12.83559 -0.03564833 0.08599281 12.88948 0.2629382 0.06430471 12.75082 0.07755859 -0.1807606 12.72471 -0.1063995 0.2223907 12.85883 -0.210464 0.6626692 12.80106 -0.2022318 1.065547 12.89159 -0.18691 1.402979 12.9727 -0.03212432 0.6719626 12.85215 -0.01078997 1.083835 12.86974 -0.03898505 1.410809 12.9861  O_Hello_Far
-0.09263168 -0.01215506 12.84683 -0.1702937 0.07908654 12.8518 -0.3546153 0.3177108 12.87815 -0.4202045 0.6156585 12.83306 -0.03684781 0.08592653 12.88762 0.2623207 0.06551409 12.74911 0.07784499 -0.1798954 12.72 -0.1074528 0.2224787 12.85732 -0.2110938 0.6630234 12.80083 -0.2024776 1.0658 12.89178 -0.1868034 1.403144 12.97318 -0.03280674 0.6720093 12.85216 -0.01119058 1.083824 12.87072 -0.03940115 1.411076 12.9863  O_Hello_Far
-0.0936157 -0.01202488 12.8442 -0.1712257 0.07924998 12.84937 -0.355538 0.3178277 12.8756 -0.4193146 0.616053 12.82975 -0.0378258 0.08588278 12.8854 0.2619904 0.06664824 12.74716 0.08008613 -0.1802492 12.71465 -0.1083 0.2225819 12.85546 -0.2115768 0.6633812 12.8003 -0.2027188 1.06602 12.89184 -0.1868313 1.403239 12.97372 -0.03335617 0.6720786 12.85191 -0.0113918 1.083848 12.87108 -0.03962944 1.411158 12.98648  O_Hello_Far
-0.09447722 -0.01184356 12.84161 -0.1720409 0.0794605 12.84696 -0.356171 0.3180214 12.8727 -0.4187309 0.6162553 12.82526 -0.03867785 0.08591259 12.88316 0.261842 0.06793535 12.74518 0.08549459 -0.1823889 12.70853 -0.1090403 0.222738 12.85354 -0.2120036 0.6637542 12.79954 -0.2029751 1.066272 12.89159 -0.1869562 1.403376 12.97392 -0.03383629 0.6722001 12.85137 -0.01155416 1.083934 12.87092 -0.03972689 1.411085 12.98679  O_Hello_Far
-0.09515373 -0.01167119 12.83957 -0.1726808 0.07965624 12.84505 -0.3566291 0.3182099 12.87029 -0.4183317 0.6163693 12.82128 -0.03934596 0.08596992 12.88137 0.2617945 0.06902707 12.74368 0.09122021 -0.1847169 12.70339 -0.1096212 0.2228907 12.85198 -0.212339 0.6640687 12.79885 -0.2031942 1.066497 12.89127 -0.1870944 1.403512 12.97395 -0.03421239 0.6723223 12.85085 -0.01167945 1.084032 12.87062 -0.03975497 1.411007 12.98701  O_Hello_Far
-0.09554248 -0.0114789 12.83865 -0.1730471 0.07986712 12.84414 -0.3568808 0.3184377 12.86883 -0.4183459 0.6163408 12.818 -0.03972821 0.08612585 12.88053 0.2620815 0.06980228 12.74343 0.09975542 -0.1887877 12.7 -0.1099515 0.2230808 12.85118 -0.2125224 0.6643136 12.79821 -0.203384 1.06673 12.89069 -0.1873184 1.403726 12.97345 -0.03441892 0.672492 12.85031 -0.01175193 1.084205 12.86985 -0.03956405 1.411013 12.98678  O_Hello_Far
-0.09588037 -0.01124835 12.83805 -0.1733637 0.08011746 12.84351 -0.3571356 0.3187121 12.86764 -0.4183917 0.6163064 12.8148 -0.04005859 0.08634067 12.87996 0.2626073 0.0705626 12.74379 0.1108686 -0.1938071 12.69701 -0.1102343 0.2233148 12.85058 -0.2126692 0.6645757 12.79759 -0.203582 1.066994 12.89006 -0.1875947 1.403981 12.97287 -0.03458546 0.6727066 12.84976 -0.01181362 1.08443 12.86895 -0.03930638 1.411034 12.98652  O_Hello_Far
-0.09592502 -0.01093459 12.83884 -0.1733973 0.08045042 12.84413 -0.3573344 0.3190951 12.86785 -0.4185516 0.6162883 12.81275 -0.04009275 0.08672297 12.88057 0.2639301 0.0710609 12.74644 0.1287944 -0.2015839 12.69637 -0.1102504 0.2236524 12.85095 -0.2126287 0.6648297 12.79715 -0.2037557 1.0673 12.88942 -0.1879973 1.40432 12.97214 -0.03454606 0.6730327 12.84931 -0.01181148 1.084792 12.86778 -0.038855 1.411104 12.98626  O_Hello_Far
-0.09558509 -0.01061606 12.84067 -0.1730634 0.08077621 12.84574 -0.3574461 0.3194599 12.86956 -0.4184979 0.6163721 12.81279 -0.03974293 0.0871613 12.8821 0.2660597 0.07153893 12.75092 0.1508787 -0.2095623 12.69782 -0.1099266 0.2240021 12.85213 -0.2123698 0.6650199 12.79716 -0.2037864 1.067548 12.88921 -0.1883108 1.404613 12.9718 -0.03426425 0.673383 12.84922 -0.01163457 1.08519 12.86673 -0.0383601 1.4112 12.98611  O_Hello_Far
-0.09515999 -0.01033294 12.84264 -0.1726494 0.08106124 12.8475 -0.357526 0.3197713 12.87159 -0.4183528 0.6164798 12.81352 -0.03930966 0.08756793 12.88377 0.2682057 0.07196975 12.75558 0.1724622 -0.2159432 12.70041 -0.1095311 0.2243141 12.85346 -0.2120728 0.6651614 12.79732 -0.203771 1.067745 12.88915 -0.1885646 1.404854 12.97161 -0.0339394 0.6736966 12.84925 -0.01142119 1.085549 12.86581 -0.03789393 1.411286 12.98599  O_Hello_Far
-0.09449039 -0.01008093 12.84532 -0.1720154 0.08129501 12.84995 -0.3576346 0.3199643 12.87488 -0.4185199 0.6165987 12.8165 -0.03866015 0.0879637 12.88614 0.2710374 0.07267308 12.76181 0.1970594 -0.2212785 12.70503 -0.1089537 0.2245909 12.85546 -0.2117071 0.6652287 12.79808 -0.2036547 1.06791 12.8895 -0.1886707 1.405107 12.97164 -0.0335512 0.6739904 12.8499 -0.01104228 1.085898 12.86503 -0.03757391 1.411462 12.98567  O_Hello_Far
-0.09378599 -0.0098176 12.84828 -0.1713507 0.08153725 12.85266 -0.3577985 0.3201405 12.87856 -0.4187319 0.616724 12.81997 -0.03798191 0.08838093 12.88875 0.2741404 0.07351184 12.76891 0.2248003 -0.2254246 12.71141 -0.1083521 0.2248785 12.85768 -0.2113336 0.6652861 12.79895 -0.2035377 1.068079 12.8899 -0.1887834 1.405376 12.97168 -0.03315799 0.6742927 12.85066 -0.01062701 1.086255 12.86418 -0.03724901 1.411634 12.98529  O_Hello_Far
-0.09334938 -0.00961709 12.85097 -0.1709553 0.08171296 12.85513 -0.3582462 0.3201984 12.88228 -0.4195067 0.6168531 12.82439 -0.03759978 0.08869457 12.89125 0.2773378 0.07474792 12.77667 0.2518712 -0.2272069 12.7194 -0.1080208 0.2250925 12.85985 -0.2111783 0.6653246 12.80013 -0.203498 1.068241 12.89054 -0.1888489 1.405649 12.97187 -0.03302137 0.6745231 12.85187 -0.01024984 1.086527 12.86362 -0.03723721 1.411779 12.98499  O_Hello_Far
-0.09298228 -0.009405375 12.85405 -0.1706321 0.08189893 12.85795 -0.3588816 0.3202229 12.88662 -0.4205934 0.6169659 12.82968 -0.03730528 0.08902133 12.89415 0.2811044 0.0764364 12.78643 0.2846387 -0.226892 12.7309 -0.1077652 0.225317 12.8624 -0.2110778 0.665368 12.80162 -0.2034948 1.068438 12.89135 -0.1889406 1.405982 12.97213 -0.03296165 0.6747623 12.85346 -0.009796185 1.086801 12.86301 -0.03726689 1.411899 12.98468  O_Hello_Far
-0.09324686 -0.009260178 12.85652 -0.1709188 0.08203435 12.86019 -0.3599223 0.3201993 12.89047 -0.422486 0.6170013 12.83478 -0.03767214 0.08919752 12.89668 0.2849658 0.0789659 12.79771 0.3180141 -0.2231805 12.74556 -0.1080836 0.2254646 12.8647 -0.2113305 0.6654654 12.80344 -0.2036837 1.068705 12.89241 -0.1890998 1.406393 12.97258 -0.03332887 0.6749161 12.85567 -0.009356661 1.086957 12.86279 -0.03749762 1.411896 12.98474  O_Hello_Far
-0.09410052 -0.009167194 12.85815 -0.1717685 0.08213699 12.86167 -0.3612514 0.3201734 12.89352 -0.4245814 0.6170395 12.83905 -0.03863112 0.0892477 12.89857 0.2882185 0.0818857 12.80916 0.3499356 -0.2165309 12.7618 -0.108924 0.225553 12.86649 -0.2119153 0.6656221 12.80529 -0.2041058 1.069033 12.89346 -0.189419 1.406863 12.97302 -0.03407018 0.6749998 12.85806 -0.008955581 1.087009 12.86263 -0.03771637 1.411782 12.98488  O_Hello_Far
-0.09789942 -0.009166121 12.85816 -0.1754832 0.08221209 12.86161 -0.3650004 0.3201085 12.8965 -0.4293524 0.6171763 12.84438 -0.04265432 0.08891499 12.89967 0.2917767 0.08862531 12.8308 0.4054266 -0.1959758 12.7963 -0.1125073 0.2255141 12.86788 -0.2144415 0.6660999 12.80867 -0.2049628 1.070592 12.89156 -0.1902208 1.4079 12.97329 -0.03703813 0.6749103 12.863 -0.008477015 1.08672 12.86209 -0.03819124 1.411106 12.98513  O_Hello_Far
-0.1019277 -0.009231448 12.85604 -0.1794289 0.08221269 12.8596 -0.3684497 0.3200481 12.8966 -0.4330679 0.6173214 12.846 -0.04685478 0.08849251 12.89861 0.2915692 0.09380555 12.84349 0.4376919 -0.1767054 12.81948 -0.1163336 0.2253926 12.8673 -0.2173591 0.6665008 12.81047 -0.2048607 1.072645 12.8844 -0.190659 1.408353 12.97256 -0.04032002 0.6747219 12.86607 -0.008527203 1.086264 12.861 -0.03862731 1.410315 12.98483  O_Hello_Far
-0.1049287 -0.009230733 12.85417 -0.1823804 0.08225107 12.85784 -0.3708858 0.3200735 12.89602 -0.4356009 0.6174459 12.84613 -0.04996578 0.08825231 12.89743 0.2903547 0.09743476 12.84977 0.4555145 -0.1623875 12.83191 -0.119218 0.2253479 12.86648 -0.219698 0.6667908 12.8113 -0.2047507 1.073972 12.87879 -0.1909773 1.408372 12.97185 -0.04288672 0.6746234 12.86767 -0.008735342 1.085935 12.85995 -0.03892742 1.409765 12.98433  O_Hello_Far
-0.107858 -0.009146214 12.85302 -0.1852878 0.08235252 12.85672 -0.3732904 0.3201756 12.89579 -0.4384174 0.6175321 12.84634 -0.05298195 0.08819616 12.8967 0.2886691 0.1012281 12.85431 0.470167 -0.1477431 12.84104 -0.1221002 0.2254022 12.86594 -0.2222734 0.6670331 12.81172 -0.2052635 1.074757 12.87533 -0.1913903 1.40827 12.97151 -0.04561708 0.6746457 12.8686 -0.009246154 1.08572 12.85867 -0.03942541 1.409411 12.98342  O_Hello_Far
-0.1106074 -0.009026527 12.85222 -0.1880264 0.08248103 12.85594 -0.3755613 0.320311 12.89572 -0.441223 0.6176068 12.84662 -0.0558031 0.0882231 12.8962 0.2868493 0.1048927 12.85805 0.482447 -0.1333495 12.84874 -0.1248293 0.2255003 12.86555 -0.2248 0.6672521 12.81194 -0.2059741 1.075314 12.87282 -0.1917922 1.408145 12.97129 -0.04826133 0.6747224 12.86921 -0.00983475 1.08556 12.8574 -0.03997068 1.409145 12.98242  O_Hello_Far
-0.112755 -0.008874178 12.85266 -0.1901738 0.08263707 12.85629 -0.3774357 0.3205194 12.89641 -0.4439132 0.6176864 12.84762 -0.0579565 0.088413 12.89657 0.2852714 0.1080744 12.8601 0.4901499 -0.1223078 12.8528 -0.1269771 0.2256641 12.86578 -0.2269366 0.6673702 12.81178 -0.2069219 1.075505 12.87178 -0.1920245 1.408118 12.97088 -0.05040644 0.6748886 12.86907 -0.01051138 1.085563 12.85648 -0.04053311 1.40903 12.98184  O_Hello_Far
-0.114477 -0.008742332 12.85301 -0.1918958 0.0827719 12.85657 -0.3789378 0.3206955 12.89695 -0.4460759 0.6177583 12.84844 -0.05968324 0.08857489 12.89686 0.2839656 0.1106352 12.86178 0.4960507 -0.1131792 12.85618 -0.1286993 0.2258052 12.86597 -0.2286498 0.6674742 12.81165 -0.2076783 1.075664 12.87094 -0.1922039 1.408099 12.97055 -0.05212639 0.6750314 12.86895 -0.01104991 1.08557 12.85574 -0.040987 1.408942 12.98137  O_Hello_Far
-0.1167 -0.008517385 12.85377 -0.194098 0.08301842 12.85722 -0.3809181 0.3210759 12.89772 -0.4490922 0.618001 12.84981 -0.06183968 0.08888006 12.89735 0.2823109 0.1146216 12.86309 0.5023304 -0.1014251 12.85865 -0.1308648 0.2260591 12.86626 -0.2307943 0.6676335 12.81114 -0.2087467 1.075796 12.87023 -0.1922613 1.408069 12.97021 -0.05420594 0.6752762 12.86823 -0.0118203 1.085678 12.85491 -0.04154001 1.408883 12.98102  O_Hello_Far
-0.1231189 -0.007561088 12.85734 -0.2001927 0.0842638 12.86033 -0.3864343 0.3233078 12.90005 -0.4573841 0.6201422 12.85575 -0.06770281 0.09005785 12.8997 0.2778145 0.131654 12.86626 0.5173902 -0.06248939 12.86224 -0.1364371 0.2271693 12.86768 -0.2351922 0.6685382 12.80892 -0.2104524 1.076827 12.86604 -0.1911185 1.407913 12.96939 -0.05827646 0.6761237 12.865 -0.0137925 1.08636 12.85357 -0.04312197 1.408792 12.98173  O_Hello_Far
-0.124675 -0.007179022 12.86167 -0.2014957 0.08487439 12.8641 -0.3874571 0.324638 12.90251 -0.4585311 0.6216168 12.85939 -0.06896083 0.09057665 12.90333 0.2767833 0.1394873 12.86936 0.5205684 -0.04929054 12.86335 -0.1373451 0.2276523 12.87042 -0.2349402 0.6688756 12.8087 -0.2098284 1.07745 12.86357 -0.1899486 1.40803 12.96843 -0.05796222 0.6763625 12.86459 -0.01360534 1.086612 12.85311 -0.04325805 1.408747 12.98195  O_Hello_Far
-0.1255163 -0.006898165 12.86573 -0.2021482 0.08532536 12.8676 -0.387911 0.3256352 12.90487 -0.4588766 0.6227281 12.86236 -0.06960396 0.09098601 12.90681 0.2761131 0.1451585 12.87218 0.5221614 -0.04058266 12.86413 -0.1377052 0.228006 12.87309 -0.234392 0.6690583 12.80877 -0.2091938 1.077859 12.86189 -0.1890285 1.408163 12.96757 -0.05740188 0.6765105 12.86463 -0.01322631 1.086766 12.85268 -0.04321514 1.408711 12.9819  O_Hello_Far
-0.1260831 -0.006587982 12.87157 -0.2025391 0.08579409 12.87265 -0.3882121 0.3266531 12.90844 -0.4590445 0.6238206 12.86623 -0.07001178 0.09151578 12.91191 0.27536 0.1523777 12.87567 0.5229579 -0.03109682 12.86397 -0.1378262 0.2283906 12.87704 -0.2336214 0.6690965 12.80911 -0.2085365 1.078114 12.86059 -0.1882013 1.408221 12.96684 -0.05665652 0.6766582 12.86504 -0.01267527 1.0869 12.85196 -0.04307489 1.408695 12.98147  O_Hello_Far
-0.126557 -0.006244063 12.87761 -0.2028465 0.08628166 12.87787 -0.3884592 0.3276542 12.91216 -0.4591615 0.6248821 12.87015 -0.07034187 0.09208667 12.91719 0.2743946 0.1596974 12.87912 0.5232254 -0.02179945 12.86342 -0.137879 0.2287923 12.88114 -0.2328184 0.669097 12.80951 -0.2078875 1.078315 12.85945 -0.1873937 1.408253 12.96619 -0.05588702 0.6767989 12.86552 -0.01208953 1.087019 12.85121 -0.04289214 1.408679 12.98095  O_Hello_Far
-0.1268166 -0.005552053 12.88969 -0.2028923 0.08713961 12.88832 -0.3886214 0.3292398 12.91979 -0.4592328 0.6264563 12.87756 -0.07043932 0.09327745 12.92777 0.2715737 0.1763974 12.88393 0.5209953 -0.002952099 12.85697 -0.1376011 0.2295358 12.8894 -0.2314052 0.6688397 12.8105 -0.2068671 1.078304 12.85857 -0.1861083 1.408114 12.96566 -0.05454848 0.6770426 12.86667 -0.01095675 1.087178 12.84957 -0.04235689 1.408581 12.97981  O_Hello_Far
-0.1268466 -0.004986167 12.89861 -0.2027872 0.08779144 12.89607 -0.3886214 0.3303436 12.92553 -0.4591913 0.6275005 12.88281 -0.07036607 0.09420645 12.93557 0.2681089 0.1902238 12.88618 0.5168207 0.01178372 12.84869 -0.1372921 0.2300969 12.89552 -0.2303819 0.6685697 12.81133 -0.2061312 1.07819 12.85821 -0.1852072 1.407977 12.96534 -0.05357138 0.6771843 12.86759 -0.01006953 1.087231 12.84828 -0.04182563 1.408437 12.97891  O_Hello_Far
-0.1267747 -0.004467964 12.90634 -0.2026091 0.08836401 12.9028 -0.388521 0.3312644 12.93061 -0.4590522 0.6283268 12.88717 -0.07020681 0.09503198 12.94233 0.263595 0.2037003 12.88693 0.5105093 0.02547634 12.8382 -0.1369533 0.2305832 12.90086 -0.2294939 0.6682813 12.81215 -0.2054773 1.078033 12.85799 -0.1844551 1.407852 12.965 -0.05271081 0.6772695 12.86844 -0.009240253 1.087217 12.84706 -0.04124067 1.40824 12.97808  O_Hello_Far
-0.1267089 -0.00372076 12.91648 -0.2023803 0.08919227 12.91178 -0.3882297 0.332576 12.93773 -0.4587815 0.6294496 12.89305 -0.06994323 0.09613836 12.95114 0.2545969 0.2234092 12.88605 0.4980144 0.04635894 12.81893 -0.1364732 0.2312567 12.90794 -0.2282882 0.6679268 12.81359 -0.2046108 1.077877 12.8578 -0.1835467 1.407686 12.96484 -0.05145649 0.677332 12.86966 -0.00801806 1.087122 12.84539 -0.04035739 1.407831 12.9771  O_Hello_Far
-0.1266227 -0.002927303 12.92598 -0.2021209 0.09007287 12.92031 -0.3877594 0.3339362 12.94483 -0.458405 0.6305657 12.8987 -0.06959562 0.09722543 12.95934 0.2422754 0.2433132 12.88389 0.4805793 0.06815672 12.79651 -0.1359433 0.2319506 12.91465 -0.2270833 0.6676457 12.81528 -0.2037475 1.077805 12.8577 -0.182708 1.407553 12.96492 -0.05012677 0.6773685 12.8709 -0.006710334 1.086981 12.84376 -0.03937976 1.407329 12.97627  O_Hello_Far
-0.1264 -0.002419114 12.93355 -0.2017164 0.09071457 12.92766 -0.3866921 0.3350865 12.95245 -0.4578648 0.6312139 12.90397 -0.06891029 0.09785724 12.96572 0.2243053 0.264877 12.87868 0.459357 0.1015474 12.76388 -0.1352456 0.2323835 12.92043 -0.2260396 0.667496 12.81822 -0.2031414 1.077924 12.85822 -0.1822232 1.4077 12.96538 -0.04868368 0.6772332 12.87255 -0.005376203 1.086684 12.84293 -0.03883074 1.406745 12.97593  O_Hello_Far
-0.1261046 -0.001795292 12.9386 -0.2012886 0.09145248 12.93283 -0.3856568 0.3361912 12.95846 -0.4572581 0.6318408 12.90774 -0.06820588 0.09851456 12.96993 0.2121464 0.2754481 12.87379 0.440229 0.117039 12.73967 -0.1346092 0.2329631 12.9245 -0.2253157 0.6677884 12.821 -0.2027632 1.078416 12.8591 -0.1818647 1.408337 12.96582 -0.04756544 0.6774336 12.87404 -0.004430516 1.08679 12.84289 -0.03862373 1.406794 12.97584  O_Hello_Far
-0.1255583 -0.001582623 12.94238 -0.2006232 0.09179437 12.93717 -0.3842423 0.3368533 12.96464 -0.4562764 0.6318963 12.91108 -0.06717937 0.09867084 12.97299 0.196181 0.2871375 12.86798 0.4183759 0.1440641 12.70903 -0.1337674 0.2331679 12.92797 -0.224662 0.6679912 12.82463 -0.2024788 1.078809 12.86085 -0.1815181 1.409068 12.9665 -0.04639576 0.6773942 12.87596 -0.003571315 1.086717 12.84396 -0.03870485 1.406929 12.97616  O_Hello_Far
-0.1249772 -0.001718521 12.94382 -0.1999828 0.09174836 12.93943 -0.3830139 0.3369578 12.96898 -0.4548848 0.6315681 12.91288 -0.06620817 0.0984261 12.97403 0.1839966 0.2942061 12.86284 0.4018818 0.1709117 12.68276 -0.1330569 0.2330614 12.92982 -0.2244127 0.6681339 12.82795 -0.2025153 1.079035 12.86338 -0.1813142 1.409777 12.96747 -0.04567228 0.6772664 12.87765 -0.003402872 1.086682 12.8461 -0.03897909 1.407493 12.97672  O_Hello_Far
-0.124083 -0.002180099 12.94448 -0.1990273 0.09138906 12.94144 -0.3812841 0.3367079 12.97411 -0.452491 0.6307914 12.91451 -0.06480514 0.09777868 12.97431 0.1684999 0.3014374 12.85628 0.377694 0.209919 12.649 -0.132063 0.2326617 12.93151 -0.2242176 0.6682324 12.83252 -0.2026992 1.079195 12.86747 -0.1810871 1.410704 12.969 -0.0448337 0.676966 12.87992 -0.003488882 1.086584 12.8498 -0.03936688 1.40847 12.97767  O_Hello_Far
-0.1232709 -0.003328323 12.94102 -0.1982158 0.09028232 12.93981 -0.3797857 0.3354703 12.97599 -0.4483971 0.6294419 12.9129 -0.06359069 0.09632444 12.97107 0.1564532 0.3060235 12.8496 0.3571869 0.2676795 12.61864 -0.131333 0.2316296 12.93041 -0.2245709 0.6681564 12.8368 -0.2033518 1.078964 12.8737 -0.1810376 1.411512 12.97162 -0.04460518 0.6763925 12.88203 -0.005055947 1.086504 12.85658 -0.04006813 1.410565 12.97908  O_Hello_Far
-0.1228389 -0.004467845 12.93662 -0.1977857 0.08914864 12.93688 -0.378866 0.3341657 12.97556 -0.4447376 0.6282579 12.91016 -0.06291579 0.09490371 12.96712 0.1482691 0.3091271 12.84531 0.3391239 0.3198653 12.60331 -0.1309718 0.2305781 12.92825 -0.224927 0.6679509 12.83943 -0.2039392 1.07856 12.8786 -0.181115 1.411918 12.9736 -0.04460655 0.6757711 12.8833 -0.006779714 1.086317 12.86269 -0.0404012 1.412176 12.98073  O_Hello_Far
-0.12268 -0.006291866 12.92777 -0.1976411 0.08728766 12.92996 -0.3781759 0.3319719 12.97148 -0.4392848 0.6266154 12.90396 -0.06256859 0.09262109 12.95936 0.1397554 0.3129721 12.84103 0.3130797 0.3995714 12.60111 -0.1309149 0.2288518 12.92304 -0.225559 0.6674994 12.84153 -0.2048563 1.077704 12.88487 -0.1814249 1.412108 12.97597 -0.04494409 0.6747035 12.88429 -0.009958489 1.085837 12.87209 -0.04059212 1.414207 12.98381  O_Hello_Far
-0.123194 -0.00769186 12.91908 -0.198171 0.08584368 12.92235 -0.3784352 0.3302704 12.96491 -0.4358272 0.6257698 12.89787 -0.06314807 0.09081638 12.95204 0.1354543 0.3166162 12.84155 0.2949683 0.458846 12.61922 -0.1314519 0.2274921 12.91734 -0.2260187 0.6671339 12.84129 -0.2054147 1.077031 12.88749 -0.1817198 1.411922 12.97671 -0.04547582 0.6738116 12.88443 -0.01268755 1.085269 12.87887 -0.04055796 1.415293 12.98637  O_Hello_Far
-0.1235953 -0.0086869 12.91196 -0.1985934 0.08480239 12.91598 -0.3786745 0.3290082 12.9592 -0.4330725 0.6253286 12.8933 -0.06364708 0.0894897 12.94606 0.1327093 0.3194654 12.84293 0.2788868 0.5002477 12.64032 -0.1318815 0.2265017 12.91258 -0.2263157 0.66688 12.84073 -0.2057636 1.07656 12.88884 -0.1819072 1.411701 12.97708 -0.04588405 0.6731412 12.8844 -0.01464753 1.084756 12.88363 -0.04052858 1.415884 12.98819  O_Hello_Far
-0.1241792 -0.00972569 12.90261 -0.1992275 0.08369076 12.90733 -0.3791713 0.3275938 12.95091 -0.4298559 0.6252887 12.88833 -0.06447898 0.08802521 12.93833 0.1309358 0.323073 12.84722 0.261604 0.5421937 12.67397 -0.1325345 0.2254349 12.90614 -0.2266266 0.6666651 12.83924 -0.2060628 1.076179 12.88874 -0.1820945 1.41128 12.9771 -0.04648141 0.672411 12.88415 -0.01668028 1.084115 12.88809 -0.04055218 1.416169 12.99016  O_Hello_Far
-0.1246167 -0.01056623 12.89262 -0.1997366 0.08275223 12.89808 -0.3795296 0.3262911 12.9421 -0.426693 0.6254356 12.88383 -0.06520025 0.08672249 12.93004 0.1294254 0.3262568 12.85171 0.2438315 0.5748367 12.7095 -0.1331004 0.2245235 12.89922 -0.2269401 0.66657 12.83756 -0.206312 1.075996 12.88775 -0.182209 1.41087 12.97693 -0.04710184 0.6717831 12.88374 -0.01831756 1.083509 12.89128 -0.04064194 1.416181 12.99167  O_Hello_Far
-0.1249213 -0.01115429 12.88283 -0.2001273 0.08204997 12.88901 -0.3797698 0.325191 12.93352 -0.4239828 0.6256975 12.88015 -0.06579982 0.08567345 12.92188 0.1282538 0.3287235 12.856 0.2295198 0.597151 12.74288 -0.1335799 0.2238269 12.8924 -0.2272741 0.666585 12.83584 -0.2065202 1.07601 12.88599 -0.182251 1.410488 12.9766 -0.0477371 0.6712902 12.88323 -0.01945339 1.083005 12.89297 -0.04075907 1.415958 12.99265  O_Hello_Far
-0.1249409 -0.01150537 12.87411 -0.200226 0.08158123 12.88105 -0.3797103 0.3243191 12.92633 -0.4219227 0.6259271 12.87777 -0.06603651 0.08489823 12.91451 0.1268706 0.3303355 12.85792 0.2188234 0.6102389 12.7668 -0.1337759 0.2233455 12.88635 -0.2274961 0.6666751 12.8345 -0.206683 1.076145 12.88426 -0.1822521 1.410212 12.97633 -0.04815755 0.6709307 12.88268 -0.01999347 1.082627 12.89346 -0.04076765 1.415599 12.99319  O_Hello_Far
-0.1248696 -0.0116899 12.86722 -0.2002178 0.08129478 12.87481 -0.3795673 0.3236893 12.92082 -0.4205138 0.6260839 12.87623 -0.06611829 0.08436823 12.90865 0.1256515 0.3313608 12.8587 0.2115852 0.6178176 12.78345 -0.1338506 0.2230355 12.88157 -0.2276493 0.6667761 12.83353 -0.206805 1.0763 12.88283 -0.182228 1.410015 12.97613 -0.04844002 0.6706748 12.88221 -0.02023689 1.082357 12.89345 -0.04072593 1.415252 12.99349  O_Hello_Far
-0.1246689 -0.01180279 12.86104 -0.2000739 0.08108342 12.86925 -0.3793167 0.3231416 12.91605 -0.4194399 0.6261634 12.87512 -0.06604062 0.08393919 12.90337 0.1243802 0.3321609 12.85877 0.2056732 0.6230395 12.79644 -0.1337846 0.2227933 12.8773 -0.2276944 0.666871 12.83271 -0.2068442 1.076469 12.88138 -0.182152 1.409807 12.97599 -0.04858015 0.6704502 12.88177 -0.02026681 1.082123 12.89307 -0.04068581 1.414851 12.99368  O_Hello_Far
-0.1242967 -0.01185036 12.85484 -0.199759 0.08092833 12.86371 -0.3789129 0.3226129 12.91144 -0.418537 0.6261891 12.87431 -0.06577449 0.08356678 12.89803 0.1229175 0.332911 12.85809 0.1999031 0.6270825 12.8067 -0.133551 0.2225988 12.87302 -0.2276191 0.6669843 12.83197 -0.2067956 1.07669 12.87974 -0.1820092 1.409572 12.97591 -0.04857473 0.6702448 12.8813 -0.02006285 1.081913 12.89224 -0.04063467 1.414351 12.99378  O_Hello_Far
-0.1240891 -0.01183593 12.85297 -0.1995716 0.08090925 12.86201 -0.3787453 0.3224444 12.91016 -0.4183441 0.6261458 12.87404 -0.06560926 0.08348572 12.89643 0.1225697 0.3331126 12.85761 0.1984235 0.6280642 12.80909 -0.1333918 0.2225672 12.87171 -0.2275039 0.6670359 12.83167 -0.2067344 1.07677 12.87922 -0.1819668 1.409356 12.97642 -0.04849128 0.670205 12.88113 -0.01994292 1.081874 12.89197 -0.04081152 1.414065 12.99425  O_Hello_Far
