0.007710533 0.04648197 0.5648841 -0.06559919 0.13478 0.5996727 -0.2009753 0.3573321 0.4693516 0.008096354 0.1605715 0.3567384 0.07259424 0.1410798 0.6000522 0.2964558 0.387725 0.6101927 0.2564494 0.2583421 0.3331298 -0.002943737 0.2782933 0.6040338 -0.116036 0.719675 0.624154 -0.176069 1.128138 0.6128191 -0.2163983 1.470653 0.6544217 0.06950237 0.7275754 0.6279825 0.1470762 1.097419 0.4618453 0.2039463 1.427325 0.3660573  SA_HookPunch_SoClose
0.004688816 0.04608893 0.566274 -0.06822042 0.1345569 0.6014007 -0.2038835 0.3559499 0.4703959 0.005089538 0.1583294 0.3591126 0.06998576 0.14057 0.6010269 0.295628 0.3857706 0.607777 0.253495 0.252726 0.3327707 -0.00524549 0.2779455 0.6052235 -0.1173099 0.7195898 0.6252097 -0.1762447 1.128183 0.6128544 -0.2156548 1.470867 0.6539472 0.06826104 0.7271179 0.6280874 0.1458658 1.097195 0.4624852 0.2030857 1.42671 0.3655657  SA_HookPunch_SoClose
0.001626806 0.04535282 0.5676922 -0.07087342 0.1339926 0.6031593 -0.2068345 0.3541989 0.4714741 0.002050774 0.1557297 0.361545 0.06734098 0.1397139 0.6020206 0.2947432 0.3834146 0.6053146 0.2504266 0.246681 0.3324698 -0.007577522 0.2772534 0.6064347 -0.1185996 0.7191615 0.6262773 -0.1764287 1.12788 0.6128787 -0.2149133 1.470731 0.6534466 0.06699885 0.7263105 0.6281904 0.1446457 1.096621 0.4631304 0.2022061 1.425736 0.3650593  SA_HookPunch_SoClose
-0.003177447 0.04366744 0.5700816 -0.07498722 0.1325703 0.6063088 -0.2126061 0.3503482 0.4737724 -0.004433019 0.1502461 0.3654641 0.06321748 0.1378894 0.6034039 0.293625 0.3786331 0.5991758 0.243914 0.2354355 0.3306097 -0.01124619 0.275656 0.6083931 -0.1206658 0.7179601 0.6283058 -0.1761657 1.126953 0.6134995 -0.21275 1.470215 0.6523184 0.06496318 0.7245404 0.6279606 0.142602 1.095918 0.4653124 0.2006342 1.424525 0.3658265  SA_HookPunch_SoClose
-0.007691247 0.04169881 0.5726699 -0.07880835 0.1308311 0.6097554 -0.2186874 0.3459667 0.4765433 -0.01148324 0.144177 0.3695163 0.05935385 0.1358018 0.6048816 0.2924479 0.3734466 0.5925406 0.2367348 0.2240647 0.3285607 -0.01469861 0.273765 0.6105179 -0.1226452 0.7164277 0.6306013 -0.1757718 1.125688 0.6145314 -0.2104205 1.469384 0.651224 0.06297906 0.722491 0.6277035 0.1406099 1.09471 0.4669851 0.1990382 1.422579 0.365321  SA_HookPunch_SoClose
-0.01139502 0.03985906 0.5751222 -0.08186297 0.1291299 0.6132082 -0.224898 0.341434 0.4795908 -0.01909314 0.1378975 0.3731726 0.05621352 0.1338766 0.6061643 0.291296 0.3686286 0.5855216 0.2292047 0.2140974 0.3259658 -0.01754056 0.2719687 0.6125096 -0.124361 0.7149037 0.6328968 -0.1753265 1.124401 0.6159023 -0.2081978 1.468532 0.6500705 0.06120785 0.7205865 0.6271108 0.1388053 1.094093 0.4693922 0.1974963 1.42144 0.3662075  SA_HookPunch_SoClose
-0.01574491 0.03757966 0.5781997 -0.08539991 0.1269981 0.6176041 -0.2326042 0.335771 0.4837297 -0.02880011 0.1299328 0.3778895 0.05251398 0.1314782 0.6077574 0.2902759 0.3619413 0.5765818 0.2195591 0.2016249 0.3228058 -0.02087126 0.269722 0.6150135 -0.1263517 0.7129765 0.6357683 -0.1747885 1.122735 0.6176885 -0.2055414 1.467377 0.6485108 0.05907627 0.7182085 0.6262478 0.1367805 1.093335 0.4724764 0.1957722 1.420034 0.3674253  SA_HookPunch_SoClose
-0.01979147 0.03535378 0.5815519 -0.08857124 0.1248511 0.6226138 -0.2410129 0.3296965 0.488933 -0.04001812 0.1210371 0.3832458 0.04906895 0.1291171 0.6094135 0.2885779 0.3555582 0.5665234 0.2083624 0.1896116 0.3192753 -0.02396808 0.2674826 0.6177777 -0.1282484 0.7110144 0.6390122 -0.1743397 1.121001 0.6200064 -0.203047 1.466157 0.6467885 0.05690618 0.7158677 0.6250194 0.1347876 1.09292 0.4761242 0.193941 1.418953 0.3691133  SA_HookPunch_SoClose
-0.02358739 0.03315032 0.5849069 -0.09144144 0.1227285 0.6277193 -0.2495203 0.3235505 0.4948338 -0.05154471 0.1120172 0.38916 0.04581137 0.126793 0.6109146 0.2863872 0.349185 0.5557512 0.1963445 0.1773406 0.3160299 -0.02686004 0.2652702 0.6205205 -0.1299925 0.7090539 0.6423763 -0.17394 1.119234 0.6224869 -0.2007387 1.464854 0.6449002 0.05474814 0.7135548 0.6236099 0.1328105 1.092536 0.4797939 0.1918324 1.417875 0.3706211  SA_HookPunch_SoClose
-0.02909736 0.02976847 0.5904297 -0.09526865 0.1194862 0.6364626 -0.2639538 0.3133798 0.5067552 -0.07176428 0.09683859 0.4005445 0.04098864 0.1232613 0.6128625 0.2814521 0.3390074 0.5355972 0.1741275 0.1563978 0.3114551 -0.03101115 0.2618932 0.6249727 -0.1323824 0.7060193 0.6483496 -0.1733821 1.116444 0.6272467 -0.1974798 1.462698 0.641426 0.05124714 0.7100307 0.6206797 0.1294905 1.092316 0.4859985 0.1872702 1.416453 0.3726653  SA_HookPunch_SoClose
-0.03218661 0.02758574 0.5938419 -0.09701829 0.1174467 0.6422275 -0.2739778 0.3067077 0.5169891 -0.08650903 0.0868082 0.409252 0.03820654 0.1211119 0.6132778 0.2765923 0.3322902 0.519616 0.157356 0.1410551 0.3091015 -0.03327785 0.2597988 0.6276063 -0.1335648 0.7040786 0.6528472 -0.1731984 1.114597 0.6309723 -0.195978 1.46114 0.638924 0.0488924 0.7078635 0.6182555 0.1269583 1.092335 0.4898385 0.182855 1.415779 0.3736166  SA_HookPunch_SoClose
-0.03626869 0.02472699 0.5984539 -0.09892164 0.1148113 0.6502737 -0.2880366 0.2973956 0.533398 -0.1075909 0.07285285 0.4232734 0.03433432 0.1183637 0.6132945 0.2671047 0.3227863 0.4955825 0.1321811 0.1190218 0.3074869 -0.03626524 0.2571025 0.6310877 -0.1349783 0.7015626 0.6594628 -0.1729295 1.112165 0.6362299 -0.1943127 1.458885 0.6349086 0.04521354 0.7050639 0.6145161 0.1237114 1.09234 0.4951061 0.1762751 1.414997 0.3752016  SA_HookPunch_SoClose
-0.03887091 0.02272701 0.6013712 -0.09944014 0.112974 0.6560534 -0.298998 0.2903099 0.5486306 -0.125097 0.06222391 0.435305 0.03166511 0.1166116 0.61206 0.256326 0.3160143 0.4744619 0.1111205 0.1014545 0.3071779 -0.03812269 0.2552991 0.6331509 -0.1357222 0.6998 0.6649665 -0.1725124 1.110408 0.6400188 -0.1931411 1.457065 0.6312469 0.04199644 0.7032375 0.611061 0.1214062 1.092553 0.4991201 0.1710211 1.415308 0.3782238  SA_HookPunch_SoClose
-0.04158721 0.02087212 0.6044334 -0.09924881 0.1112591 0.6626066 -0.3109594 0.2823437 0.5686463 -0.1457645 0.05003309 0.45096 0.02862795 0.1151056 0.6099762 0.2399594 0.3090081 0.4489607 0.08546992 0.08205187 0.3085035 -0.03997086 0.2536746 0.6353177 -0.1361849 0.6981501 0.6717952 -0.1722076 1.10864 0.6439589 -0.1926495 1.454982 0.6265396 0.03782805 0.7016336 0.6069192 0.1189411 1.09269 0.5025223 0.1653365 1.415956 0.3817147  SA_HookPunch_SoClose
-0.04330699 0.01992667 0.606377 -0.09849267 0.1103762 0.6671647 -0.3188357 0.2768282 0.5847934 -0.1608455 0.04135811 0.4635481 0.02647181 0.1144634 0.6079663 0.225211 0.3046926 0.430137 0.06638671 0.06888354 0.3106664 -0.04105572 0.2528995 0.6366872 -0.1361632 0.6972985 0.6770457 -0.172189 1.107594 0.646479 -0.1930869 1.453543 0.6228894 0.03451999 0.7009144 0.6038631 0.1171966 1.092818 0.5039624 0.1616606 1.416705 0.384097  SA_HookPunch_SoClose
-0.0451499 0.0192821 0.6082944 -0.09676306 0.109748 0.6724032 -0.3269387 0.2711393 0.606912 -0.1796653 0.03171456 0.48005 0.02386029 0.1142204 0.6048216 0.2034518 0.3008589 0.4072088 0.04218544 0.05499423 0.3142136 -0.04198514 0.2524472 0.6380948 -0.1354038 0.6966761 0.683915 -0.1728602 1.106488 0.6489075 -0.1954331 1.451805 0.6185659 0.03040041 0.7005946 0.6002783 0.1145914 1.092927 0.503373 0.1582998 1.418128 0.3868307  SA_HookPunch_SoClose
-0.04650454 0.01929379 0.6096591 -0.09476165 0.1097376 0.6765331 -0.3328125 0.266283 0.6272115 -0.1945283 0.0243237 0.4951485 0.02157356 0.1145949 0.6018351 0.1824609 0.2985077 0.3888658 0.02201279 0.04474449 0.3184036 -0.04254369 0.2526133 0.6391081 -0.1342707 0.6966487 0.6898559 -0.1739997 1.105872 0.6507057 -0.1988752 1.450529 0.6151222 0.02675457 0.7009116 0.5973672 0.1120615 1.093298 0.501665 0.1561583 1.419708 0.3887047  SA_HookPunch_SoClose
-0.0475388 0.01980484 0.6105093 -0.09196375 0.1101433 0.6802009 -0.3360236 0.2634833 0.6496695 -0.2085409 0.01962984 0.5104173 0.01935972 0.1154944 0.5982517 0.1588344 0.2978188 0.3717879 0.0007902552 0.03763545 0.3224815 -0.0426176 0.2532483 0.6398691 -0.1322332 0.6970136 0.6961898 -0.1761982 1.105284 0.6519493 -0.204425 1.449301 0.6128472 0.02341743 0.7017645 0.5949382 0.1080609 1.093736 0.4969729 0.1540762 1.421502 0.3888077  SA_HookPunch_SoClose
-0.04861109 0.02116263 0.6112393 -0.08834897 0.1113546 0.6839427 -0.3372032 0.2614133 0.6761545 -0.2228874 0.01562774 0.5290865 0.01657851 0.1173059 0.5939869 0.1297549 0.2979614 0.3547405 -0.02273993 0.03120697 0.3284391 -0.04253827 0.2547368 0.6405414 -0.1292834 0.6981661 0.703317 -0.1793812 1.105069 0.6533636 -0.2121303 1.448305 0.6110529 0.01958771 0.7035198 0.5923651 0.1026893 1.094848 0.4905833 0.1517283 1.423947 0.3879312  SA_HookPunch_SoClose
-0.04903499 0.02302277 0.6109813 -0.0841345 0.1129433 0.6864413 -0.333505 0.2631742 0.7011169 -0.2336025 0.01754212 0.5436624 0.0141501 0.1196206 0.5893186 0.1016354 0.3005534 0.3418669 -0.04572485 0.02978802 0.3331779 -0.04189567 0.2566592 0.6405896 -0.1257084 0.6996737 0.7096785 -0.1832919 1.104794 0.6536759 -0.220208 1.447536 0.6107863 0.01657804 0.7057622 0.5904349 0.09601636 1.096355 0.4830545 0.1490753 1.42681 0.3869718  SA_HookPunch_SoClose
-0.04942427 0.02556694 0.6105493 -0.0799468 0.115218 0.6883653 -0.3278072 0.2657956 0.72446 -0.2425754 0.02053475 0.5580562 0.01155217 0.1226035 0.5848731 0.07411034 0.3037306 0.3321484 -0.06653009 0.0293628 0.3389972 -0.04125337 0.2592547 0.640438 -0.1219334 0.7018613 0.7153815 -0.1874082 1.105025 0.654168 -0.2283655 1.447283 0.611091 0.01368357 0.7086595 0.5886406 0.08917607 1.098544 0.4759701 0.1465565 1.429953 0.3858417  SA_HookPunch_SoClose
-0.04954509 0.02891934 0.6090387 -0.07495783 0.1181501 0.6892942 -0.3166895 0.2729775 0.7485479 -0.251148 0.03103769 0.56889 0.00868346 0.1264497 0.579419 0.04502173 0.3096391 0.3248361 -0.0880131 0.0320648 0.3437771 -0.0403199 0.2625941 0.6395258 -0.117544 0.7046869 0.7207655 -0.192223 1.105268 0.6534384 -0.2365985 1.44722 0.611329 0.01085188 0.7123523 0.5867604 0.08134796 1.101648 0.4689344 0.1448212 1.433966 0.3865722  SA_HookPunch_SoClose
-0.04977302 0.03468084 0.606419 -0.06828068 0.1233239 0.6893562 -0.2977186 0.2852447 0.778325 -0.2622182 0.04998446 0.5821112 0.004462676 0.132876 0.5720767 0.007465439 0.3194169 0.3197726 -0.1141188 0.03763986 0.350159 -0.03913502 0.2683136 0.6376914 -0.1113954 0.7097054 0.7268537 -0.1991291 1.106369 0.65245 -0.247423 1.448028 0.612316 0.00715162 0.7185179 0.5841283 0.07108028 1.107113 0.4603943 0.1438082 1.439807 0.3877743  SA_HookPunch_SoClose
-0.05002473 0.04049957 0.6035351 -0.06278239 0.1286179 0.6882252 -0.2778422 0.2984443 0.8005589 -0.2715329 0.07211959 0.5911669 0.0006860663 0.1392555 0.5657676 -0.02167068 0.329617 0.3194178 -0.1338257 0.04443789 0.3540362 -0.03823404 0.2740693 0.6354803 -0.1061944 0.7148613 0.7308139 -0.2051968 1.107858 0.6512712 -0.2558127 1.449447 0.6134714 0.004174368 0.7246205 0.5817331 0.06315656 1.112752 0.4541477 0.1446663 1.445016 0.3893036  SA_HookPunch_SoClose
-0.05026643 0.04824865 0.5995344 -0.05661086 0.1357814 0.6855816 -0.2513024 0.3161095 0.8242964 -0.2840818 0.1062967 0.6006635 -0.003624124 0.1476511 0.5583462 -0.0514255 0.3433565 0.3229793 -0.1547946 0.05480063 0.3569616 -0.03721611 0.2817432 0.6321048 -0.1001874 0.7218487 0.7338971 -0.2124174 1.110274 0.6496052 -0.2646144 1.451994 0.615301 0.0009132196 0.7326601 0.5784515 0.0545304 1.120226 0.4468411 0.1467092 1.4512 0.3902129  SA_HookPunch_SoClose
-0.05050264 0.05447888 0.5963401 -0.05212442 0.141591 0.6830243 -0.2289398 0.3298429 0.8397468 -0.2924379 0.1353337 0.6090053 -0.006974263 0.1543618 0.5528873 -0.07184295 0.3541055 0.3276905 -0.1699282 0.06343925 0.3592628 -0.0365235 0.287917 0.6293024 -0.09564225 0.7275128 0.7355741 -0.2180226 1.112249 0.6485347 -0.2709576 1.454123 0.6170095 -0.001502914 0.7390866 0.5758699 0.04809685 1.126206 0.4414014 0.1484614 1.455707 0.3903707  SA_HookPunch_SoClose
-0.05050347 0.06096077 0.5928243 -0.04779009 0.1476946 0.6797761 -0.2048676 0.345032 0.8531708 -0.3026784 0.17073 0.6183103 -0.009804888 0.1612663 0.5474504 -0.08848189 0.3655112 0.3340863 -0.1840063 0.0734849 0.3605469 -0.03568528 0.294336 0.6260127 -0.0913149 0.7334768 0.7360572 -0.2236321 1.11439 0.6467708 -0.2764498 1.456561 0.6184391 -0.003631217 0.7457182 0.5727681 0.0417765 1.132317 0.4353527 0.1504038 1.460031 0.3900598  SA_HookPunch_SoClose
-0.05035226 0.06805527 0.5887874 -0.04322986 0.1543858 0.6757854 -0.1783858 0.3581719 0.8666242 -0.3106627 0.2105316 0.6303772 -0.01264666 0.1688141 0.5416445 -0.1040509 0.3775735 0.3417524 -0.1983054 0.08465183 0.3621839 -0.03473918 0.3013564 0.622229 -0.08681934 0.7399789 0.7360867 -0.22976 1.116664 0.6452535 -0.2822187 1.45916 0.6203808 -0.005872769 0.7529705 0.5694121 0.03482159 1.139061 0.4291214 0.1519756 1.46459 0.389707  SA_HookPunch_SoClose
-0.04934756 0.0782162 0.5827802 -0.03700856 0.1641188 0.6695999 -0.1396441 0.3759782 0.8815378 -0.3212862 0.2752795 0.653561 -0.01525675 0.1794 0.5338405 -0.118913 0.3948096 0.3539456 -0.2154593 0.1020906 0.3638872 -0.03293953 0.3114001 0.6163791 -0.08118705 0.7494839 0.7339853 -0.2381183 1.120356 0.6423267 -0.2887383 1.463493 0.623135 -0.008196397 0.7632437 0.5637368 0.02531 1.148752 0.4199876 0.1538562 1.470877 0.3890122  SA_HookPunch_SoClose
-0.04691414 0.09060502 0.5752863 -0.02951382 0.1762033 0.6617626 -0.09166025 0.3945591 0.8931078 -0.3241724 0.3602432 0.6934375 -0.01647918 0.1920149 0.5249513 -0.1275084 0.4149286 0.3680958 -0.2314615 0.1245966 0.3657473 -0.03005062 0.3236482 0.6088437 -0.07535283 0.7613289 0.7290295 -0.2488867 1.124863 0.637905 -0.2968756 1.468712 0.6261457 -0.009970171 0.7756597 0.5557631 0.01445003 1.160722 0.4090174 0.1559424 1.478206 0.3882431  SA_HookPunch_SoClose
-0.04517977 0.09711564 0.5711373 -0.02557252 0.1826383 0.6574486 -0.0659989 0.4027463 0.896696 -0.3188472 0.4071374 0.7201856 -0.01638727 0.198523 0.5203336 -0.1285055 0.4251577 0.3748893 -0.2380055 0.1369848 0.3664893 -0.02829335 0.3300822 0.6045941 -0.07278524 0.7676465 0.7254165 -0.254589 1.127374 0.6353163 -0.3006302 1.471612 0.6279501 -0.01060925 0.78214 0.5509871 0.008859234 1.167075 0.4031724 0.156973 1.481838 0.3878607  SA_HookPunch_SoClose
-0.04255037 0.1026877 0.5674838 -0.02194945 0.1882509 0.6538323 -0.04524748 0.4091758 0.8982309 -0.3120069 0.4457337 0.7478632 -0.01454769 0.2039367 0.5165862 -0.1242682 0.4331787 0.376418 -0.2395368 0.1473857 0.3645891 -0.02606849 0.3355848 0.6007613 -0.07133637 0.7731747 0.7210363 -0.2589992 1.130149 0.6320041 -0.3029768 1.474724 0.6291932 -0.0102459 0.7876341 0.5462207 0.005123692 1.172565 0.3979114 0.1580059 1.485243 0.3875617  SA_HookPunch_SoClose
-0.03844706 0.1103094 0.5622329 -0.01680372 0.1959763 0.6487073 -0.01592563 0.4168127 0.898362 -0.2931097 0.498489 0.7906331 -0.01130192 0.2112585 0.5113267 -0.1160912 0.4437457 0.3767751 -0.2399227 0.1617589 0.3608502 -0.02272193 0.3430971 0.5952171 -0.06974034 0.780764 0.714259 -0.2651991 1.133934 0.6268448 -0.3059775 1.478891 0.6307901 -0.00948946 0.7951021 0.5391425 8.030427E-05 1.180022 0.3903197 0.159357 1.489649 0.387103  SA_HookPunch_SoClose
-0.03393332 0.1156639 0.5585588 -0.0129175 0.2014767 0.6454595 0.002880173 0.4219955 0.8968552 -0.276691 0.530617 0.8250993 -0.006389005 0.2162278 0.5080656 -0.1038161 0.4497983 0.369006 -0.2338955 0.1706647 0.3526334 -0.01933341 0.348335 0.5913094 -0.06975566 0.7862059 0.7079395 -0.2685772 1.137664 0.6212128 -0.3067111 1.482802 0.6312083 -0.007456644 0.8002229 0.5335149 -0.001687927 1.185067 0.3842992 0.1608063 1.493021 0.387122  SA_HookPunch_SoClose
-0.02879856 0.1210418 0.5546211 -0.008760257 0.2070165 0.6420516 0.0227008 0.4262277 0.8942717 -0.252425 0.5620319 0.8631176 -0.0006278585 0.2211554 0.5046791 -0.08903937 0.4553106 0.3592743 -0.2257241 0.1793758 0.3424886 -0.01554434 0.3535639 0.5871099 -0.07006358 0.7916489 0.700775 -0.272143 1.141393 0.6146487 -0.3074822 1.486559 0.6315359 -0.00501327 0.8052974 0.5273284 -0.003326638 1.189978 0.3775905 0.1622511 1.496149 0.3871602  SA_HookPunch_SoClose
-0.02177898 0.1261456 0.5513023 -0.004572971 0.2123176 0.6394385 0.03915473 0.4294276 0.891023 -0.2258687 0.5866855 0.9028562 0.00836678 0.2257104 0.5023602 -0.06740348 0.4575474 0.3395427 -0.2090005 0.1839559 0.3253154 -0.01057188 0.3584756 0.5833796 -0.07182424 0.7968732 0.6920213 -0.2738422 1.146452 0.6050843 -0.306138 1.491433 0.629968 -0.0004395078 0.8099481 0.5210394 -0.003248556 1.193996 0.3697017 0.1629751 1.499461 0.387266  SA_HookPunch_SoClose
-0.01514189 0.1301136 0.5485038 -0.0009473394 0.2164428 0.6372479 0.05277892 0.4303977 0.8878602 -0.1971657 0.6038264 0.9384335 0.0170352 0.2291788 0.5006765 -0.04507105 0.4573183 0.3205632 -0.190913 0.1858507 0.3087343 -0.005940599 0.3622379 0.5801548 -0.07367228 0.8008661 0.6836361 -0.2750811 1.150557 0.5957402 -0.3050733 1.495105 0.6283144 0.004137056 0.8134467 0.5154427 -0.002778215 1.196649 0.3621081 0.1632272 1.501719 0.3870529  SA_HookPunch_SoClose
-0.008062704 0.1328452 0.5458378 0.001813071 0.2192111 0.6349434 0.05948337 0.4294586 0.8844661 -0.174685 0.6141826 0.9628867 0.02682431 0.2316861 0.4994587 -0.01917974 0.4528174 0.2966317 -0.167965 0.1827695 0.2901911 -0.001221402 0.3648021 0.577195 -0.07638989 0.8033736 0.6753796 -0.2737014 1.155203 0.5867289 -0.3017099 1.499071 0.627273 0.009843187 0.8158934 0.511341 -0.001575334 1.197891 0.3552941 0.1612745 1.504068 0.3866533  SA_HookPunch_SoClose
0.0003901888 0.1351752 0.5427254 0.004881458 0.2215195 0.632007 0.06615503 0.4260035 0.8805217 -0.145983 0.6207972 0.990796 0.03852024 0.2338055 0.4983858 0.0158989 0.4439031 0.2700671 -0.1376951 0.1764839 0.2694863 0.004355149 0.3669039 0.5736645 -0.07954274 0.8052849 0.6650461 -0.2720236 1.159687 0.5760244 -0.2987103 1.502329 0.6266025 0.01679899 0.8178858 0.5067395 0.0001868774 1.197972 0.3465456 0.1586468 1.505639 0.3850092  SA_HookPunch_SoClose
0.009048061 0.1359097 0.5383123 0.006686585 0.2220095 0.6271414 0.06380744 0.4201143 0.8766559 -0.1302115 0.6233583 1.003762 0.05069121 0.2348901 0.4966234 0.05893053 0.4299672 0.243667 -0.101968 0.1669365 0.2492241 0.009564297 0.3675238 0.5691923 -0.08375375 0.8050913 0.6545266 -0.2682767 1.164129 0.5672477 -0.2921343 1.505356 0.627818 0.02430536 0.8188319 0.504074 0.004589574 1.196556 0.3387288 0.1571864 1.506542 0.3819832  SA_HookPunch_SoClose
0.01704993 0.1356903 0.5344266 0.00844379 0.2214965 0.6224121 0.06094917 0.4130061 0.8730582 -0.1165193 0.6212707 1.01532 0.06176491 0.2350368 0.4954838 0.1023307 0.4138185 0.2251509 -0.06731217 0.1564361 0.2340959 0.01443149 0.3671744 0.5651158 -0.08712916 0.8039094 0.6444663 -0.2662937 1.166048 0.5588492 -0.2898414 1.505617 0.6282209 0.03116931 0.8188224 0.5020422 0.009463625 1.19395 0.331128 0.156744 1.505983 0.377941  SA_HookPunch_SoClose
0.03092314 0.1316539 0.5238813 0.009716766 0.2164923 0.6088361 0.04075225 0.3971987 0.8647383 -0.1219539 0.6111742 1.015897 0.08085592 0.2324194 0.4912657 0.1934909 0.381972 0.2111672 0.0007065107 0.1412755 0.2092322 0.02211024 0.3630226 0.5548357 -0.09387229 0.7974954 0.6247371 -0.2595556 1.168326 0.5498508 -0.2849193 1.504557 0.6333927 0.04301413 0.8158911 0.5005387 0.02273591 1.187508 0.3219522 0.1555811 1.505453 0.3720597  SA_HookPunch_SoClose
0.03891893 0.1270231 0.5161418 0.009687858 0.2110749 0.598204 0.02192743 0.3858449 0.8570946 -0.1385206 0.599754 1.01074 0.09197183 0.2287649 0.4884146 0.2520753 0.3624636 0.2187265 0.04481598 0.1350759 0.1976823 0.02636858 0.3582904 0.5473107 -0.0976827 0.7913027 0.6109513 -0.2536815 1.16818 0.5461258 -0.2824467 1.502332 0.636618 0.0500039 0.8119903 0.5002164 0.03294899 1.182075 0.3181452 0.1547789 1.504429 0.3680757  SA_HookPunch_SoClose
0.04813876 0.1194897 0.5058507 0.009436922 0.2024759 0.5833286 -0.005557342 0.3711199 0.8440756 -0.1697202 0.5825308 0.9972538 0.1045959 0.2224171 0.4849194 0.3191827 0.3401313 0.2434405 0.09931155 0.1311408 0.1879066 0.03126659 0.3506054 0.5372642 -0.1014359 0.7818905 0.5930179 -0.2459802 1.165675 0.5441235 -0.2812182 1.497397 0.6410407 0.05787315 0.8052757 0.5004152 0.04656543 1.174186 0.315534 0.1537338 1.502147 0.3624858  SA_HookPunch_SoClose
0.0575843 0.1075977 0.4917139 0.007617908 0.1892124 0.5615309 -0.04977075 0.3512222 0.8198384 -0.2283537 0.5553529 0.9666246 0.117873 0.2117876 0.4810857 0.384104 0.3225006 0.2946743 0.1651575 0.1339947 0.1868213 0.03615351 0.3385152 0.5236467 -0.1041958 0.7684334 0.5689114 -0.2309651 1.160611 0.5424331 -0.2764049 1.489753 0.6437982 0.06718244 0.7939743 0.5019883 0.06613512 1.163442 0.31788 0.1539676 1.497911 0.3586692  SA_HookPunch_SoClose
0.06575449 0.09681547 0.4792327 0.00707485 0.1773607 0.5407351 -0.09034388 0.333824 0.7904171 -0.2853842 0.5302616 0.9263548 0.1283786 0.2018043 0.4788874 0.4255718 0.3104306 0.3509635 0.220902 0.1388088 0.1968182 0.04079087 0.3275393 0.5115751 -0.1041055 0.756766 0.5472196 -0.2177639 1.153813 0.5439872 -0.2733901 1.480785 0.6472763 0.07479747 0.7832596 0.5048717 0.08317073 1.151896 0.3192891 0.154259 1.491531 0.3483061  SA_HookPunch_SoClose
0.07233913 0.08370578 0.4618868 0.004896002 0.1635448 0.5114897 -0.1470944 0.3126024 0.7398938 -0.3688102 0.4997076 0.8444942 0.1362863 0.1886953 0.4762577 0.4442284 0.3084104 0.4233445 0.2766218 0.1453001 0.2223285 0.04472699 0.3142742 0.4961632 -0.1001775 0.744352 0.5226268 -0.1939592 1.145759 0.5481585 -0.2579753 1.472186 0.6482643 0.08361329 0.7691343 0.5122179 0.1048539 1.138306 0.3287381 0.1571405 1.482327 0.3415312  SA_HookPunch_SoClose
0.0794775 0.06882334 0.4378775 0.005333798 0.1493871 0.4715189 -0.212828 0.2878826 0.6557597 -0.4639268 0.4630456 0.6928376 0.1418538 0.1717324 0.4720086 0.4335571 0.3082863 0.5086974 0.3301001 0.1503557 0.2648553 0.05085297 0.2991986 0.4765471 -0.08838253 0.7318015 0.4967054 -0.1675033 1.132261 0.5595311 -0.2345463 1.458481 0.6583213 0.09404178 0.7509282 0.5259818 0.1305376 1.120749 0.346248 0.1646144 1.467075 0.3342131  SA_HookPunch_SoClose
0.0861754 0.05815601 0.4159921 0.0102569 0.1407651 0.4364723 -0.2573219 0.2712586 0.564442 -0.5143801 0.4359185 0.5206741 0.1441733 0.1574359 0.4668983 0.4011777 0.3085463 0.5680474 0.3607428 0.1522145 0.305312 0.0579023 0.2880672 0.4604043 -0.07388656 0.723275 0.4801615 -0.1511059 1.118238 0.5729851 -0.21706 1.443962 0.6741184 0.101327 0.7350781 0.5406793 0.1504545 1.105715 0.3656992 0.1762913 1.451033 0.329151  SA_HookPunch_SoClose
0.09712024 0.04784608 0.3884977 0.02318539 0.1346147 0.3961824 -0.2900569 0.2533295 0.4257683 -0.5086334 0.3891356 0.255802 0.1466855 0.1399934 0.4582795 0.35 0.313272 0.6141266 0.3800702 0.1570085 0.3499635 0.07074507 0.2762269 0.4433502 -0.05105935 0.7140713 0.4699806 -0.1416561 1.099359 0.5879658 -0.2100415 1.423766 0.6916827 0.1106128 0.7150574 0.5614289 0.1703289 1.08995 0.3992766 0.1948593 1.43073 0.3320855  SA_HookPunch_SoClose
0.1132574 0.03836155 0.3651527 0.04203178 0.1284142 0.3672913 -0.2643821 0.2319944 0.2289852 -0.334829 0.2865415 -0.0662595 0.1520092 0.1208146 0.4508647 0.308246 0.3204383 0.6319832 0.37442 0.1633266 0.374998 0.08779426 0.262702 0.4337238 -0.02717261 0.7013714 0.4711317 -0.1252853 1.087316 0.5806545 -0.209255 1.406961 0.6876601 0.1222689 0.6933028 0.5811485 0.1839608 1.075637 0.4382557 0.215691 1.408906 0.3424834  SA_HookPunch_SoClose
0.1200278 0.03590977 0.3572401 0.04766508 0.1258017 0.3598202 -0.2036034 0.2178386 0.1285895 -0.1645683 0.2315232 -0.1770188 0.1536632 0.113869 0.4479069 0.3010578 0.3176751 0.6330861 0.3624478 0.169017 0.3699583 0.09318246 0.2574692 0.4314626 -0.01938735 0.6962886 0.4726995 -0.1178018 1.084386 0.5740379 -0.2056054 1.404289 0.6771225 0.1280725 0.6859761 0.5851749 0.1889753 1.072622 0.454028 0.2260105 1.403521 0.352136  SA_HookPunch_SoClose
0.1234441 0.03683448 0.3502859 0.04906632 0.1258928 0.3522342 -0.1097327 0.2041131 0.05624282 0.04208668 0.1987013 -0.2121397 0.1515376 0.1117222 0.4440826 0.3060717 0.3036921 0.63317 0.3467998 0.170089 0.3582233 0.0932631 0.2561765 0.4271578 -0.01611994 0.6958519 0.46886 -0.1129146 1.086258 0.5626072 -0.200755 1.408129 0.6593407 0.129095 0.683413 0.5840095 0.1943706 1.071029 0.4579281 0.2363923 1.401426 0.3563422  SA_HookPunch_SoClose
0.1260108 0.03823197 0.3454875 0.05247118 0.1273458 0.3454441 -0.06698237 0.2047966 0.03843725 0.1280376 0.1922057 -0.2001339 0.151039 0.112309 0.4413375 0.3072691 0.2965271 0.6337813 0.3411338 0.1647792 0.3570141 0.09407271 0.2570822 0.4227651 -0.01426183 0.6972983 0.4628485 -0.1104625 1.087956 0.5561575 -0.1979453 1.410274 0.6517185 0.126845 0.6832696 0.5828222 0.1950041 1.070168 0.4560651 0.237346 1.401095 0.3563517  SA_HookPunch_SoClose
0.1285773 0.04013801 0.3409179 0.05619468 0.1293888 0.3388628 -0.0296527 0.2071269 0.02820766 0.1977844 0.1872706 -0.1791226 0.150724 0.1136129 0.4386252 0.3077297 0.2904394 0.6342772 0.336035 0.159885 0.3563226 0.09505446 0.2586625 0.4183549 -0.01237725 0.6993869 0.4566678 -0.1081747 1.090087 0.5502151 -0.1953119 1.412679 0.6451629 0.1243451 0.6838482 0.581436 0.1953594 1.069843 0.4534959 0.2375979 1.401308 0.3555459  SA_HookPunch_SoClose
0.1338024 0.04206777 0.3380183 0.06360735 0.1315238 0.3334292 -0.007731063 0.215731 0.02293193 0.2302094 0.1848556 -0.170817 0.153135 0.1155673 0.4376763 0.305707 0.2903886 0.6367859 0.3380147 0.1550444 0.3615721 0.09848811 0.2606472 0.4149846 -0.009931548 0.7015122 0.4490894 -0.1066264 1.091351 0.5452708 -0.1950086 1.413033 0.6421365 0.1206222 0.6854132 0.5802311 0.1954907 1.069204 0.4479326 0.237001 1.400967 0.3506812  SA_HookPunch_SoClose
0.140027 0.04475009 0.3351763 0.07242788 0.1343528 0.3279051 0.01505722 0.2262053 0.01850736 0.2602234 0.1822473 -0.1633412 0.1560849 0.1183001 0.4369053 0.3030923 0.2913736 0.6397494 0.3405857 0.1503687 0.3680576 0.1026403 0.2633717 0.4114641 -0.006902916 0.7043546 0.4404615 -0.1053513 1.092945 0.5398606 -0.1958333 1.413301 0.6391529 0.1162787 0.6877891 0.5784959 0.1961969 1.068786 0.441172 0.2370628 1.400819 0.344571  SA_HookPunch_SoClose
0.1475178 0.04701281 0.3356866 0.08133604 0.1362625 0.3262008 0.02450498 0.2367879 0.01631725 0.2628097 0.1843354 -0.1722752 0.1608053 0.1211705 0.4384245 0.3009715 0.296378 0.6448611 0.3492106 0.1511258 0.3771313 0.1075784 0.2658198 0.4102663 -0.00406949 0.7066417 0.4322332 -0.1057802 1.093535 0.5349125 -0.2004899 1.41166 0.6373852 0.1130195 0.6911472 0.5755919 0.1978222 1.069337 0.4335207 0.2367021 1.402203 0.3389858  SA_HookPunch_SoClose
0.1555074 0.04962146 0.3369097 0.09039946 0.1383525 0.3252915 0.03248944 0.2472414 0.01462448 0.2624758 0.1879662 -0.182099 0.1659425 0.1244744 0.4403476 0.2989197 0.3022387 0.6505297 0.3589893 0.1542393 0.3867263 0.1128574 0.2686015 0.4093841 -0.0007282327 0.7092166 0.4238561 -0.1069437 1.094056 0.5296487 -0.2070772 1.409524 0.6351317 0.1103991 0.6950324 0.5720152 0.200468 1.070253 0.4253854 0.2369006 1.404122 0.3334497  SA_HookPunch_SoClose
0.1619054 0.05160606 0.3391737 0.09662439 0.1396765 0.3261541 0.03462376 0.2531506 0.01380146 0.2575264 0.1915443 -0.1902248 0.1704196 0.1271693 0.4424943 0.2980848 0.3075782 0.6557792 0.3686694 0.161052 0.3937629 0.1170837 0.2707468 0.4094771 0.002104418 0.7111819 0.4180554 -0.1087848 1.094236 0.5255173 -0.2142238 1.40739 0.6327137 0.1100564 0.6984034 0.5686697 0.2035691 1.071546 0.4189252 0.2371086 1.406483 0.3298191  SA_HookPunch_SoClose
0.1680337 0.05354345 0.3415507 0.1022731 0.1409343 0.3273672 0.03590174 0.2576958 0.01345527 0.2539812 0.1936694 -0.1949903 0.174961 0.129779 0.4445394 0.2976998 0.3132778 0.6600507 0.3778832 0.1686832 0.3997291 0.1213555 0.2728276 0.4097127 0.005171375 0.7130759 0.4131426 -0.1109924 1.094255 0.5216912 -0.2221212 1.405047 0.6300076 0.1109898 0.7016613 0.5653714 0.2072736 1.073149 0.413287 0.237715 1.409222 0.3274039  SA_HookPunch_SoClose
0.1729822 0.0549618 0.3436974 0.1064448 0.1417494 0.3287905 0.03604146 0.2597837 0.01349962 0.252833 0.1935956 -0.195613 0.1789431 0.1317276 0.4461821 0.298002 0.318365 0.6626347 0.3852914 0.1759124 0.4034199 0.125051 0.2743553 0.4100941 0.007946508 0.7144599 0.4099835 -0.1132212 1.093985 0.5188597 -0.2294786 1.402767 0.62754 0.1131898 0.7041637 0.5626901 0.2109456 1.074757 0.4093674 0.23854 1.41187 0.3266557  SA_HookPunch_SoClose
0.1777991 0.05595839 0.3456777 0.110397 0.1421579 0.3304871 0.03635891 0.2608362 0.01463544 0.2548821 0.1916173 -0.1916748 0.1833204 0.1331238 0.4476956 0.2993986 0.3236527 0.6629528 0.3914573 0.1811818 0.4054035 0.1289713 0.2753707 0.4107994 0.01052483 0.7151864 0.4083561 -0.115696 1.09319 0.5167826 -0.2364569 1.400392 0.625029 0.1164354 0.7060381 0.5606741 0.2140196 1.076509 0.4069461 0.2392087 1.414391 0.3266405  SA_HookPunch_SoClose
0.181285 0.05619204 0.3470505 0.1132087 0.1419653 0.3318518 0.03666641 0.2608403 0.01591098 0.2577874 0.1891338 -0.1867496 0.1867161 0.1335928 0.4487442 0.3009047 0.327289 0.662167 0.395438 0.1838585 0.4060506 0.1319506 0.2755781 0.4114579 0.01231809 0.7151165 0.4078435 -0.1176206 1.092037 0.5156478 -0.2413964 1.398255 0.6232761 0.1192672 0.7068256 0.5594834 0.2159996 1.077545 0.4058169 0.2396454 1.415873 0.3269323  SA_HookPunch_SoClose
0.1856987 0.05580306 0.3490022 0.1167688 0.1409785 0.3342279 0.03659244 0.2601981 0.01911294 0.2612323 0.182821 -0.1775013 0.1915645 0.1334977 0.4503611 0.3046831 0.3315524 0.6595725 0.3999568 0.1852578 0.4053577 0.1359134 0.2750905 0.4128932 0.01408257 0.7140431 0.4083713 -0.1197733 1.089922 0.5150141 -0.2454863 1.39583 0.6212691 0.1231945 0.7071183 0.5585321 0.216865 1.078947 0.40565 0.2391642 1.417515 0.3274077  SA_HookPunch_SoClose
0.1889249 0.05542493 0.3504843 0.119379 0.1401433 0.3361839 0.03639044 0.2596374 0.02201402 0.2635577 0.1772088 -0.1695791 0.1953051 0.1333343 0.4516228 0.3080535 0.3346511 0.6570715 0.4030616 0.1857001 0.4043039 0.1388794 0.2746166 0.414142 0.01519253 0.7130508 0.4091853 -0.1212544 1.088261 0.514892 -0.2477382 1.394269 0.6199397 0.1261704 0.707226 0.558019 0.2169247 1.080128 0.4059943 0.2384674 1.418756 0.3277963  SA_HookPunch_SoClose
0.1922298 0.05467165 0.35262 0.1219759 0.1388558 0.3390874 0.03432222 0.2594831 0.02703941 0.2637706 0.1699085 -0.1585337 0.199755 0.1330539 0.4533414 0.3141004 0.3375299 0.6541499 0.4064673 0.1861824 0.4018272 0.1420421 0.2738506 0.4159931 0.01574327 0.7115363 0.4107498 -0.1224767 1.086371 0.5154809 -0.2477341 1.393473 0.6187919 0.129319 0.7071841 0.5576614 0.2150707 1.082233 0.4080337 0.2364858 1.420813 0.3295935  SA_HookPunch_SoClose
0.1962471 0.05346191 0.3558344 0.1249926 0.1369165 0.3434814 0.03022613 0.2596912 0.0351609 0.2621028 0.1597252 -0.1418916 0.2056978 0.1326978 0.4557585 0.3236823 0.3409553 0.6502799 0.4108928 0.1874619 0.3974193 0.1459289 0.2727164 0.4187196 0.01574572 0.7092704 0.4133304 -0.1237954 1.083898 0.5170468 -0.2460777 1.393037 0.6178144 0.1331648 0.7070523 0.557238 0.2118714 1.085122 0.4113892 0.2337279 1.423441 0.3319482  SA_HookPunch_SoClose
0.198464 0.05246294 0.3585471 0.1263765 0.1353837 0.3471392 0.02587308 0.2603866 0.04236448 0.259072 0.1526089 -0.1282517 0.2096535 0.1325747 0.4575671 0.3320009 0.3430262 0.6478609 0.4138909 0.1897793 0.3930792 0.1480553 0.2718898 0.4208745 0.01473011 0.7075271 0.4156388 -0.1243623 1.0824 0.51907 -0.2432062 1.393448 0.6180605 0.1352918 0.7069681 0.5569404 0.209479 1.086901 0.4135865 0.232451 1.424732 0.3324059  SA_HookPunch_SoClose
0.2004841 0.05152035 0.3613213 0.1274647 0.1338696 0.3509349 0.02150549 0.2614638 0.05015695 0.2557199 0.1463242 -0.1141421 0.2134513 0.1325614 0.4592947 0.3404372 0.3452411 0.6451195 0.4167622 0.1927062 0.3881916 0.1498873 0.2711121 0.4230632 0.01329394 0.705781 0.4181617 -0.1249351 1.081041 0.5213464 -0.2402018 1.394023 0.6184539 0.1371009 0.7069235 0.5566248 0.2077721 1.088197 0.4150637 0.2313324 1.425706 0.3327216  SA_HookPunch_SoClose
0.2029059 0.05030918 0.3654722 0.1283087 0.131741 0.3567427 0.01521327 0.2638711 0.06270683 0.2504016 0.139115 -0.09295285 0.2185117 0.1328042 0.4616212 0.3528493 0.3487711 0.640467 0.4205792 0.1983823 0.3798903 0.1518071 0.2701139 0.4263238 0.01022949 0.7032799 0.4223064 -0.1257636 1.079447 0.5251616 -0.2354973 1.395276 0.6194175 0.138952 0.7069647 0.5561665 0.2068117 1.088992 0.4152631 0.2302403 1.426488 0.3328298  SA_HookPunch_SoClose
0.2048299 0.04926169 0.3689126 0.1287452 0.1297996 0.3618897 0.01032438 0.2678063 0.07520378 0.2456771 0.1356754 -0.0739876 0.2227565 0.1330118 0.4633235 0.3633452 0.3522342 0.6350559 0.4234553 0.2037175 0.3715523 0.153155 0.2691617 0.4291438 0.00709744 0.7009346 0.4263262 -0.126497 1.07815 0.5284823 -0.2314832 1.39645 0.619789 0.140223 0.7068882 0.5557235 0.2060885 1.089625 0.4158038 0.2290908 1.427404 0.334412  SA_HookPunch_SoClose
0.2065373 0.04842842 0.3720897 0.1290452 0.1280786 0.366804 0.006442623 0.2705889 0.08692348 0.2420576 0.1319963 -0.05585301 0.2265703 0.1333443 0.4647754 0.3726464 0.355821 0.6292261 0.425633 0.2089354 0.3632911 0.1542295 0.2683629 0.4318179 0.003963964 0.6987836 0.4303216 -0.1272728 1.077105 0.5314392 -0.2280937 1.397637 0.6195725 0.1411389 0.7068927 0.5552968 0.2054722 1.090246 0.416356 0.2279785 1.42841 0.3364371  SA_HookPunch_SoClose
0.2081657 0.04758596 0.3757108 0.1291574 0.1262188 0.3726476 0.002310293 0.2742105 0.1013054 0.2378523 0.1290905 -0.034958 0.2306479 0.1337883 0.4663476 0.3825067 0.3599553 0.6216286 0.4272818 0.2148178 0.3532361 0.1552251 0.2675143 0.4350718 0.000246482 0.6963565 0.4355043 -0.1280832 1.076146 0.5348343 -0.2245725 1.399089 0.6189235 0.1420065 0.706928 0.5550612 0.2043172 1.09087 0.4168233 0.2260782 1.42938 0.3381776  SA_HookPunch_SoClose
0.2091721 0.04702997 0.3783048 0.1291239 0.1249199 0.3770188 -0.0002856086 0.2777088 0.1127208 0.2344714 0.1276274 -0.01946223 0.2334631 0.1341467 0.4673818 0.3892481 0.3629756 0.6154722 0.4278816 0.2190816 0.3454603 0.155829 0.2669284 0.4375266 -0.002510352 0.6946023 0.4396681 -0.1286357 1.07555 0.5373691 -0.22221 1.400171 0.618235 0.1425527 0.7069596 0.5550178 0.2033217 1.091271 0.4171222 0.2245177 1.429992 0.3392328  SA_HookPunch_SoClose
0.2079576 0.04490101 0.3935903 0.1239517 0.1194148 0.4037789 -0.01419358 0.2989804 0.1848339 0.2089588 0.1215357 0.06725872 0.2426797 0.1368631 0.4726008 0.416983 0.3765527 0.5749143 0.4182956 0.2379258 0.2994412 0.1545597 0.2649342 0.4530538 -0.01850556 0.6869075 0.468645 -0.129589 1.075958 0.5515593 -0.2096439 1.408429 0.6126217 0.1435681 0.7081881 0.5568541 0.1990106 1.093264 0.4188455 0.2181716 1.433448 0.3470434  SA_HookPunch_SoClose
0.2036182 0.04472733 0.398909 0.1188174 0.1186143 0.4132394 -0.02092491 0.3050689 0.2101845 0.1964213 0.1200279 0.09344518 0.2415877 0.1380051 0.4739741 0.4225537 0.3799087 0.5595483 0.4097409 0.2404901 0.2847708 0.1511476 0.2650255 0.4586185 -0.023701 0.6861309 0.479967 -0.1305613 1.077532 0.5571707 -0.2073795 1.411956 0.6113323 0.1432492 0.7092452 0.5580367 0.1990335 1.093764 0.4186219 0.218454 1.434506 0.3495873  SA_HookPunch_SoClose
0.2008072 0.04482687 0.4017476 0.1157082 0.11848 0.41826 -0.02493541 0.3073995 0.2227677 0.1894925 0.1184275 0.1069325 0.2403858 0.1387224 0.4746779 0.4247533 0.3815656 0.5513748 0.4045025 0.2414564 0.2773975 0.1489796 0.2653033 0.4615806 -0.02625404 0.6861405 0.4860071 -0.1313166 1.078557 0.560479 -0.206888 1.413774 0.6113929 0.1430109 0.710015 0.5586771 0.1991475 1.094116 0.4182547 0.218785 1.435163 0.3508037  SA_HookPunch_SoClose
0.19633 0.04507959 0.4053739 0.1109819 0.1185874 0.4246386 -0.03073363 0.3104255 0.2386588 0.1800267 0.1171464 0.1231998 0.2378788 0.13965 0.4755386 0.4267416 0.383364 0.5409592 0.3970166 0.2420174 0.2684854 0.145583 0.2658519 0.4653419 -0.02934198 0.6866388 0.4937018 -0.1325269 1.080075 0.5653623 -0.2069452 1.416032 0.6129936 0.1426285 0.7111716 0.5594729 0.1993687 1.094613 0.4174994 0.2192868 1.436107 0.3524379  SA_HookPunch_SoClose
0.1916995 0.04547298 0.4089259 0.1062607 0.1189511 0.4307035 -0.03639476 0.3129598 0.2530187 0.1712644 0.1160897 0.1380085 0.2349963 0.1406101 0.4764775 0.427801 0.3848696 0.5317034 0.3896466 0.2425252 0.2608036 0.1421195 0.2665726 0.4689497 -0.03205733 0.6874707 0.5008382 -0.1338269 1.081728 0.5699652 -0.207565 1.418189 0.615034 0.1421729 0.7124602 0.5601753 0.1995256 1.095216 0.4166049 0.2198297 1.437108 0.3537925  SA_HookPunch_SoClose
0.1869063 0.04592514 0.4123367 0.1015164 0.1195073 0.4363073 -0.04224066 0.3149959 0.2654546 0.1633008 0.1156881 0.1508392 0.2317346 0.141508 0.4774951 0.4280811 0.3859713 0.5239781 0.3827188 0.2429558 0.2545465 0.1385895 0.2673911 0.4723181 -0.03439574 0.6885766 0.5072254 -0.1351716 1.083455 0.5742344 -0.2086173 1.420193 0.6176704 0.1416699 0.7137967 0.5607637 0.1996101 1.095887 0.4156646 0.2203609 1.438142 0.3550142  SA_HookPunch_SoClose
0.1816946 0.04656601 0.4160904 0.09643991 0.1203032 0.4423283 -0.04839132 0.3170228 0.2782806 0.1551033 0.1153665 0.1641225 0.2280373 0.14259 0.4786967 0.4278239 0.387127 0.5161961 0.3752869 0.2435921 0.2483491 0.1347382 0.2684357 0.4759549 -0.03681026 0.689977 0.5139002 -0.1366188 1.085456 0.5787777 -0.2097812 1.422454 0.6206583 0.1409743 0.7153808 0.5613221 0.199548 1.096739 0.4145616 0.2209334 1.439324 0.3560289  SA_HookPunch_SoClose
0.1760607 0.0470432 0.4200777 0.0910358 0.1210495 0.4483861 -0.05536441 0.3183423 0.2900518 0.1470994 0.1155709 0.1760353 0.2237976 0.1434675 0.4801506 0.4268574 0.3878371 0.5098032 0.3682598 0.2444116 0.2431577 0.1305466 0.2693778 0.4796647 -0.03927151 0.6913822 0.5202855 -0.137999 1.087427 0.5833448 -0.2106973 1.424663 0.6240968 0.1399772 0.7168667 0.5617827 0.1991715 1.097566 0.4135679 0.2214111 1.440413 0.3569211  SA_HookPunch_SoClose
0.1681587 0.04751217 0.4258217 0.08353437 0.1219239 0.4569405 -0.06509541 0.319564 0.3059748 0.1362191 0.1156148 0.1920241 0.2176398 0.144455 0.482344 0.4248239 0.3885078 0.50148 0.3584609 0.2453625 0.2365083 0.1245925 0.2704904 0.4849228 -0.04271607 0.693153 0.5290536 -0.1399277 1.089938 0.5897678 -0.2118515 1.427558 0.6286706 0.1382216 0.7186965 0.5623802 0.1983023 1.098488 0.412207 0.2220153 1.441617 0.35791  SA_HookPunch_SoClose
0.1602044 0.04772365 0.431722 0.07603295 0.122589 0.4654316 -0.07543044 0.3197433 0.3205746 0.1255933 0.1158108 0.2060817 0.2111456 0.1451381 0.484754 0.4219876 0.3888351 0.4946989 0.3492858 0.2463208 0.2310542 0.1184544 0.271345 0.490187 -0.04632215 0.6946586 0.5374225 -0.1417443 1.092171 0.596187 -0.2125171 1.430312 0.6326016 0.1358758 0.7202143 0.5629638 0.1968432 1.099262 0.4112757 0.2224063 1.442561 0.35893  SA_HookPunch_SoClose
0.1539179 0.04777062 0.4365066 0.07013251 0.1230214 0.472124 -0.08367686 0.3194901 0.3314456 0.117201 0.1158092 0.2162508 0.2058322 0.1455126 0.4868549 0.4192878 0.388937 0.49024 0.3423243 0.246847 0.2275776 0.1135218 0.2718898 0.4944018 -0.04925428 0.6957248 0.5438122 -0.1431141 1.093793 0.6013197 -0.2128281 1.432408 0.6352853 0.1336693 0.7212208 0.5635718 0.1952113 1.09975 0.4108247 0.222432 1.443086 0.3595651  SA_HookPunch_SoClose
0.1476914 0.04772508 0.4413384 0.06430401 0.1233777 0.4787277 -0.09196882 0.3189288 0.3416742 0.1088549 0.1157423 0.2255167 0.2004255 0.1457542 0.4890956 0.4162841 0.388917 0.4865836 0.3356967 0.2471883 0.2248148 0.1085668 0.2723274 0.4986151 -0.05224238 0.6966818 0.5499548 -0.1444008 1.095294 0.6064304 -0.2129567 1.434419 0.6375507 0.1312005 0.7220661 0.5643028 0.1932122 1.100151 0.4106487 0.2222191 1.443446 0.3601025  SA_HookPunch_SoClose
0.1413013 0.04762566 0.4464144 0.05836602 0.1236951 0.4855398 -0.1003924 0.3182769 0.3519701 0.1003279 0.1156375 0.2346834 0.1947741 0.1459033 0.4916128 0.4129022 0.3887603 0.4833201 0.3289367 0.2471929 0.2225274 0.1034431 0.2726994 0.5030493 -0.05534933 0.6975919 0.556187 -0.145659 1.096737 0.611885 -0.2130061 1.436383 0.6397828 0.1284537 0.7228097 0.5652455 0.1906914 1.100482 0.4106687 0.2215775 1.443661 0.360453  SA_HookPunch_SoClose
0.133188 0.04742527 0.4530033 0.05086728 0.1240323 0.4940871 -0.1110888 0.3172932 0.364211 0.08938761 0.1154575 0.2451352 0.1874548 0.1459355 0.4952539 0.4081479 0.3884188 0.4805635 0.3208127 0.2465792 0.2210287 0.09686764 0.2730527 0.5088385 -0.05946891 0.6986244 0.5638446 -0.1470352 1.09841 0.6193265 -0.2126371 1.438761 0.6423906 0.1245713 0.7235448 0.5669626 0.186343 1.100915 0.4114646 0.2195434 1.443813 0.360803  SA_HookPunch_SoClose
0.125489 0.04717588 0.4594001 0.04381396 0.1242855 0.5021909 -0.1212183 0.3163747 0.3756465 0.07880004 0.1153657 0.2544211 0.1804316 0.1458158 0.4991359 0.4030252 0.3879914 0.4787368 0.3130719 0.2451937 0.2206248 0.09061833 0.2732741 0.5145415 -0.06341492 0.6994962 0.5710291 -0.1478116 1.099928 0.6267647 -0.2113586 1.440969 0.6448349 0.1206883 0.7240643 0.5690359 0.1809821 1.101342 0.4127368 0.216034 1.443856 0.3607382  SA_HookPunch_SoClose
0.1191352 0.04692757 0.4647635 0.03803106 0.1244463 0.5088314 -0.1295898 0.3156352 0.3848828 0.0698448 0.1153493 0.2615179 0.1746009 0.1456088 0.5026606 0.3983587 0.3876002 0.4779028 0.3067269 0.2434628 0.2211293 0.08546306 0.273374 0.51939 -0.06671064 0.7001343 0.5768713 -0.1479986 1.101129 0.6331786 -0.2094489 1.442761 0.6467875 0.117358 0.7243637 0.5711087 0.1755667 1.101753 0.4142889 0.211759 1.443867 0.3604711  SA_HookPunch_SoClose
0.110683 0.04651892 0.4721936 0.03034128 0.1246001 0.5177139 -0.1404676 0.314864 0.3969482 0.05798336 0.1154104 0.2706822 0.1668 0.1451455 0.5080103 0.3912703 0.3871132 0.4780034 0.2985472 0.2401969 0.2232045 0.07863088 0.2733861 0.5261744 -0.07098441 0.7009291 0.5845155 -0.1492231 1.102831 0.6386327 -0.2087043 1.44495 0.6481122 0.1129755 0.7245808 0.5744714 0.1677255 1.102348 0.4173149 0.2050791 1.443828 0.360361  SA_HookPunch_SoClose
0.104407 0.04616666 0.477877 0.02463491 0.1246767 0.5243443 -0.1484055 0.3144035 0.4058164 0.04918637 0.1154976 0.2773584 0.1609891 0.1446941 0.5123399 0.385543 0.3867701 0.4787391 0.2926213 0.2372754 0.2255176 0.07357676 0.2733231 0.5313948 -0.07409345 0.701481 0.5901231 -0.1507308 1.104106 0.6410559 -0.2091971 1.446453 0.6484536 0.109756 0.7246346 0.5772842 0.1615738 1.102808 0.4201111 0.1994652 1.443761 0.3604196  SA_HookPunch_SoClose
0.09860928 0.04576659 0.483178 0.0193158 0.1247091 0.5302929 -0.1553223 0.3143551 0.413565 0.0415615 0.1158569 0.2834009 0.1555911 0.1441631 0.5165876 0.3794553 0.3867128 0.4803499 0.2874551 0.2344763 0.2284287 0.06889917 0.2731917 0.5362223 -0.07689397 0.7019718 0.5949415 -0.1524835 1.105275 0.6419238 -0.2101488 1.447771 0.6486601 0.10687 0.7245811 0.5800699 0.1560971 1.103225 0.4231981 0.1942393 1.443695 0.3609594  SA_HookPunch_SoClose
0.0934837 0.04537725 0.4878954 0.0145926 0.1247187 0.5354785 -0.1612426 0.3144872 0.420226 0.03504862 0.1163057 0.2886914 0.1508048 0.1436388 0.5204614 0.3737088 0.3867767 0.4822143 0.2830388 0.2319808 0.2313727 0.0647604 0.2730385 0.5404977 -0.07933716 0.7023904 0.5990356 -0.1542209 1.106266 0.6420645 -0.2112188 1.448874 0.6487907 0.1043583 0.7244789 0.5826157 0.1513535 1.103582 0.4261693 0.1895324 1.443625 0.3616637  SA_HookPunch_SoClose
0.08186014 0.04435253 0.4987806 0.003803449 0.1246747 0.5469111 -0.1734515 0.3159701 0.4344682 0.02178677 0.1183387 0.3005599 0.1398971 0.1424004 0.5295457 0.3595121 0.3875211 0.4882225 0.2734558 0.2278013 0.2388467 0.05520727 0.2726233 0.5500144 -0.08524708 0.7032689 0.6072301 -0.1583083 1.108273 0.6419963 -0.2132201 1.451185 0.6503371 0.09833999 0.7241746 0.5882491 0.1433074 1.103976 0.4329032 0.1823291 1.442853 0.3629907  SA_HookPunch_SoClose
0.07697888 0.04388022 0.5035661 -0.0007439684 0.1246395 0.5517448 -0.1781171 0.3170607 0.4403332 0.01673044 0.1196039 0.305601 0.1353114 0.1418755 0.5336035 0.3532468 0.3880205 0.4915265 0.269572 0.2267432 0.2423428 0.0511411 0.2724344 0.554077 -0.08789651 0.7036144 0.6103534 -0.1601699 1.10903 0.6418022 -0.2140738 1.452077 0.6511353 0.09566791 0.7240364 0.5906409 0.140739 1.103999 0.4357198 0.180306 1.442304 0.3633875  SA_HookPunch_SoClose
0.07274874 0.04341769 0.508159 -0.004690869 0.124585 0.5561589 -0.1815694 0.318627 0.4455222 0.01294102 0.1212571 0.3101767 0.1313566 0.1414261 0.5375918 0.3476113 0.3886597 0.4955233 0.2663432 0.2268548 0.2458853 0.04756029 0.2722595 0.557846 -0.09044521 0.7038916 0.612758 -0.1620691 1.109631 0.6414016 -0.2150867 1.45279 0.6516207 0.09314002 0.7239339 0.5928501 0.1393015 1.103856 0.4381517 0.1795935 1.441562 0.3634557  SA_HookPunch_SoClose
0.06829984 0.0429517 0.5130104 -0.008840425 0.1245481 0.5608109 -0.1851366 0.3203238 0.4509748 0.009011107 0.1230351 0.3149918 0.1271984 0.1409708 0.5418109 0.341683 0.3893368 0.4997858 0.2629336 0.2270629 0.2496456 0.04379489 0.2720922 0.5618218 -0.09313111 0.7041932 0.6152705 -0.1640796 1.110249 0.640962 -0.2161481 1.453524 0.6521252 0.09047742 0.7238355 0.5951804 0.1378122 1.103703 0.4407009 0.1788538 1.440757 0.3635148  SA_HookPunch_SoClose
0.06463112 0.04254591 0.5174221 -0.01224761 0.1245303 0.5648011 -0.1872493 0.3224434 0.4555205 0.006472426 0.1251421 0.3189496 0.1238412 0.1405897 0.5458487 0.336955 0.3900132 0.5048031 0.2601055 0.2286586 0.2534803 0.04071369 0.27196 0.5653695 -0.09548406 0.70446 0.6169261 -0.1660555 1.110724 0.6402458 -0.2174125 1.454062 0.6527132 0.08821256 0.7237781 0.5973328 0.1372252 1.103378 0.4427189 0.1790908 1.439809 0.3632873  SA_HookPunch_SoClose
0.06028743 0.04211414 0.522632 -0.01627998 0.1245537 0.5695113 -0.1896965 0.3249856 0.4608754 0.003528433 0.1276597 0.3236378 0.119867 0.1401829 0.5506176 0.3313476 0.3908381 0.5107158 0.2567212 0.2305907 0.2580184 0.03706797 0.2718451 0.569559 -0.0982614 0.7048061 0.6188792 -0.168374 1.111301 0.6393937 -0.2188631 1.454709 0.6533965 0.08553667 0.7237434 0.5998744 0.1365267 1.10302 0.4451078 0.1793863 1.43869 0.3630294  SA_HookPunch_SoClose
0.05569663 0.04171109 0.5284423 -0.02057163 0.1247067 0.5744008 -0.1914046 0.3283141 0.4661721 0.001689153 0.1313409 0.328245 0.1157451 0.1397569 0.5562767 0.3262375 0.3916702 0.5192493 0.2538494 0.234519 0.2639693 0.03332134 0.2717993 0.5741795 -0.1010037 0.7053471 0.6203197 -0.1713694 1.111932 0.6379908 -0.2214487 1.455289 0.6544641 0.08300705 0.7237434 0.6029085 0.1362008 1.102453 0.4474968 0.1801908 1.437326 0.3628038  SA_HookPunch_SoClose
0.05138488 0.04144526 0.5338639 -0.02465682 0.1249925 0.5787748 -0.1925651 0.3316059 0.4705366 0.000821488 0.1350638 0.332405 0.1118667 0.139424 0.561736 0.3218682 0.3924165 0.5282792 0.2517326 0.2390008 0.2701143 0.029835 0.2718642 0.5784634 -0.1033812 0.7060229 0.6213673 -0.1739766 1.112675 0.6363705 -0.2236211 1.455959 0.6554736 0.08085968 0.7238035 0.6058534 0.1359166 1.101886 0.4495658 0.1808765 1.436074 0.3627056  SA_HookPunch_SoClose
0.04847236 0.04136062 0.5374674 -0.02745513 0.1253042 0.5815357 -0.193033 0.3339467 0.4729913 0.0008633901 0.1377583 0.3350714 0.1092398 0.1392584 0.5655035 0.3195469 0.392628 0.5350326 0.2508341 0.2423846 0.2746295 0.02750911 0.272 0.5812877 -0.1048155 0.7066225 0.6218327 -0.1755366 1.113315 0.6350468 -0.2248552 1.45653 0.6561369 0.0795994 0.723899 0.6078967 0.1357706 1.101484 0.4508036 0.1813192 1.435268 0.3627061  SA_HookPunch_SoClose
0.04573705 0.04138291 0.5406846 -0.03009759 0.1256996 0.5838822 -0.1932883 0.3361021 0.4746526 0.001479344 0.1402712 0.3374542 0.1067779 0.1391685 0.5690182 0.3177023 0.3927212 0.5418099 0.250525 0.2457263 0.2791613 0.02535273 0.2722125 0.5838045 -0.1060374 0.7072975 0.6220778 -0.1766532 1.114061 0.6335558 -0.225506 1.457217 0.6566037 0.07854415 0.7240449 0.6098012 0.135792 1.101063 0.4517387 0.1819033 1.434499 0.3626193  SA_HookPunch_SoClose
0.04316779 0.04150307 0.5435628 -0.0325887 0.1261698 0.5858802 -0.1933775 0.3381029 0.4756922 0.002523081 0.1426277 0.3396043 0.1044663 0.1391541 0.5722936 0.316217 0.392737 0.5485295 0.25067 0.2490158 0.283667 0.02335037 0.2724967 0.5860537 -0.1070785 0.7080368 0.6221517 -0.1774089 1.114893 0.6319574 -0.2257142 1.457993 0.6569222 0.0776567 0.7242428 0.6115779 0.1359474 1.100644 0.4524306 0.1825969 1.433777 0.3624648  SA_HookPunch_SoClose
0.03914346 0.04189122 0.5476121 -0.03645025 0.1270686 0.5885895 -0.193575 0.3410767 0.4765123 0.004464643 0.146192 0.3426923 0.10087 0.139279 0.5771302 0.3139901 0.3927618 0.558916 0.2513954 0.2538605 0.2907876 0.02027191 0.2730924 0.5892695 -0.108545 0.7093399 0.6221679 -0.1782118 1.116366 0.6293076 -0.2256049 1.45937 0.6571645 0.07639803 0.7246704 0.6142558 0.1365914 1.100011 0.4533232 0.184201 1.43268 0.3621467  SA_HookPunch_SoClose
0.03491553 0.04254878 0.551391 -0.04046253 0.1282226 0.5910052 -0.1938252 0.3440853 0.4765719 0.006798105 0.1498535 0.3456835 0.09710498 0.1396062 0.5819038 0.3116884 0.3928322 0.5696839 0.2526293 0.2586814 0.298354 0.01709373 0.2739149 0.5923322 -0.1099151 0.7108975 0.6220864 -0.1786514 1.118122 0.6263856 -0.22507 1.461008 0.6571745 0.07520224 0.7252814 0.6169657 0.1376786 1.099407 0.4540838 0.1864126 1.431593 0.3617524  SA_HookPunch_SoClose
0.02865483 0.04379714 0.5555695 -0.04631947 0.1301167 0.5934685 -0.1944528 0.3481227 0.4748486 0.009701388 0.154135 0.349161 0.09152056 0.1402899 0.5876468 0.3080776 0.392779 0.5833415 0.2546951 0.2629043 0.3087744 0.01245274 0.2753092 0.5958594 -0.1116257 0.7133535 0.622064 -0.1786635 1.120883 0.6222523 -0.2237066 1.46361 0.6566538 0.07366349 0.726273 0.6204733 0.1402858 1.098731 0.455429 0.1911125 1.430241 0.3618044  SA_HookPunch_SoClose
0.02510496 0.0445714 0.5575475 -0.04960845 0.131243 0.5946411 -0.194942 0.3503689 0.4737467 0.0107428 0.1561848 0.3508891 0.08833738 0.1407391 0.5903958 0.3059951 0.3926014 0.5898536 0.2555719 0.2641917 0.3140405 0.009840028 0.2761503 0.5975608 -0.1124754 0.7147853 0.622178 -0.1784863 1.122478 0.6201972 -0.2227904 1.465124 0.6563119 0.07287772 0.7268587 0.6221908 0.1417543 1.098529 0.4562963 0.1937522 1.429688 0.3620762  SA_HookPunch_SoClose
0.02128191 0.04521239 0.5593456 -0.05312733 0.132255 0.5957211 -0.1956055 0.3525113 0.4724644 0.01129361 0.1578132 0.3524941 0.08490308 0.1410272 0.5929087 0.3037907 0.3920231 0.5957483 0.2562539 0.2643257 0.3190931 0.007044034 0.2768527 0.5991343 -0.1132913 0.7161173 0.6224192 -0.1781565 1.123977 0.6182522 -0.2216685 1.46656 0.6559085 0.0721149 0.7272619 0.6237901 0.1432998 1.098237 0.4573168 0.1965358 1.429052 0.3625787  SA_HookPunch_SoClose
0.01466133 0.04598165 0.5621895 -0.05921255 0.1336465 0.5976213 -0.1976722 0.3553274 0.4706973 0.01065834 0.1596658 0.3548421 0.07891573 0.1411958 0.5967048 0.3000989 0.390301 0.603947 0.2567455 0.2625376 0.3266357 0.002182679 0.2777132 0.601643 -0.1146541 0.7180324 0.6231087 -0.1772899 1.126188 0.6153406 -0.2193179 1.468707 0.6551937 0.07082178 0.7275859 0.6261023 0.1454504 1.097767 0.4593695 0.2005931 1.428082 0.3639783  SA_HookPunch_SoClose
0.008707838 0.04642189 0.5645007 -0.06468342 0.1346297 0.5993809 -0.2005069 0.357059 0.4695443 0.008464472 0.1604571 0.3564681 0.07350214 0.1411085 0.5995744 0.2969805 0.3881111 0.6092981 0.2565001 0.2589632 0.3321942 -0.002208276 0.278223 0.6036924 -0.1158388 0.7194544 0.6240038 -0.1762468 1.127876 0.6131791 -0.2168137 1.470394 0.6545295 0.06969167 0.7275919 0.6277126 0.1468433 1.097485 0.4614886 0.2034641 1.427451 0.3657569  SA_HookPunch_SoClose
