-0.01840411 0.004479289 15.63524 -0.08281963 0.1032788 15.65693 -0.2792461 0.3683956 15.68313 -0.3174033 0.6661623 15.61251 0.0551339 0.09507763 15.66317 0.2778409 0.3380001 15.69962 0.3423124 0.6348196 15.64628 -0.005058212 0.2390362 15.64894 -0.09436099 0.6828774 15.61203 -0.07908402 1.095377 15.62565 -0.05642561 1.441864 15.63598 0.09134163 0.6848772 15.61551 0.1305128 1.087135 15.5315 0.1619563 1.433882 15.52645  O_Jump_Far
-0.0176553 0.05723846 15.60764 -0.08166526 0.1546618 15.6358 -0.2794589 0.4201033 15.66728 -0.3312725 0.7145941 15.59179 0.05624177 0.1454436 15.64162 0.2902704 0.382687 15.67704 0.3498624 0.6724064 15.58978 -0.003294511 0.2902988 15.63696 -0.08933054 0.7359608 15.63398 -0.08874993 1.128678 15.50612 -0.04135434 1.452285 15.6232 0.09638353 0.7361567 15.63741 0.1435009 1.092607 15.43462 0.1465008 1.430487 15.51874  O_Jump_Far
-0.01549969 0.1038345 15.57711 -0.07939027 0.1989026 15.61262 -0.2873512 0.4601681 15.65215 -0.3684629 0.7495374 15.58291 0.05848135 0.1889511 15.61807 0.2979719 0.4223167 15.65741 0.3771522 0.6962571 15.53998 -0.000750048 0.33386 15.62458 -0.08460657 0.7780262 15.65645 -0.09609203 1.141337 15.46037 -0.04065863 1.452641 15.60421 0.1011078 0.7769571 15.6597 0.1504839 1.094475 15.40057 0.143944 1.425105 15.50961  O_Jump_Far
-0.009542985 0.1460305 15.48972 -0.07374249 0.2317293 15.54372 -0.3170006 0.4736043 15.59772 -0.461287 0.7378311 15.53084 0.06404079 0.2203377 15.54854 0.3192637 0.4381639 15.61468 0.4693439 0.6671345 15.47272 0.004912632 0.3608481 15.58473 -0.07762532 0.7962154 15.67817 -0.09828256 1.145048 15.45803 -0.04017226 1.447823 15.6181 0.1080849 0.7945654 15.68142 0.156304 1.085509 15.39257 0.1439126 1.411162 15.51523  O_Jump_Far
-0.0117325 0.05792153 15.43683 -0.07452594 0.1366104 15.50199 -0.3307121 0.3725384 15.56591 -0.4761955 0.6166044 15.44602 0.06296988 0.1218132 15.50562 0.3326643 0.3307513 15.57942 0.486322 0.5753251 15.47136 0.00645216 0.2571357 15.56078 -0.07383083 0.6882041 15.67598 -0.0796793 1.083804 15.55748 -0.04902349 1.421713 15.63199 0.1118786 0.6863983 15.67918 0.1521886 1.028075 15.45107 0.1550082 1.371365 15.50931  O_Jump_Far
-0.01261036 0.006757617 15.42059 -0.07460181 0.08256257 15.48981 -0.333997 0.3139607 15.55814 -0.4715846 0.5428284 15.40388 0.06275882 0.06636298 15.49244 0.3387054 0.2699645 15.56586 0.5000384 0.515403 15.47186 0.007543283 0.1991813 15.55457 -0.07213573 0.6300364 15.67122 -0.07384817 1.033846 15.58456 -0.05688028 1.37925 15.61746 0.1135726 0.6283358 15.67455 0.151939 0.9789072 15.46 0.1600921 1.32478 15.49941  O_Jump_Far
-0.01130305 -0.07161534 15.40839 -0.07267825 0.0007684231 15.4817 -0.3397014 0.2190455 15.55449 -0.4631433 0.4148053 15.35065 0.06456478 -0.01652861 15.48325 0.3497315 0.1747826 15.55526 0.5321614 0.4050266 15.46139 0.01036836 0.1131194 15.55256 -0.06908731 0.5466553 15.6572 -0.06942223 0.9539906 15.58899 -0.060149 1.301248 15.58926 0.1166226 0.5450631 15.66049 0.1533691 0.8903863 15.43732 0.1611595 1.235478 15.48313  O_Jump_Far
-0.01043753 -0.1278965 15.40873 -0.07142542 -0.05669665 15.48351 -0.3470921 0.1509626 15.55653 -0.4631599 0.3107553 15.31967 0.06579538 -0.07422268 15.48425 0.3605561 0.1041509 15.55126 0.556671 0.3189415 15.44875 0.01206048 0.05429113 15.55599 -0.06223349 0.4929835 15.64202 -0.07020883 0.8971561 15.55743 -0.05926011 1.243702 15.57886 0.1233855 0.4863216 15.64368 0.1640358 0.8123429 15.39375 0.1547046 1.15152 15.47198  O_Jump_Far
-0.01009886 -0.1857364 15.41801 -0.0705509 -0.1137482 15.49247 -0.3563463 0.08334911 15.56233 -0.45928 0.1999425 15.29603 0.06664391 -0.1314913 15.4926 0.3719364 0.03271818 15.55105 0.580234 0.2303419 15.43853 0.01351835 -0.002231598 15.56345 -0.05180405 0.4423283 15.62211 -0.07327436 0.8425024 15.52224 -0.05786417 1.185628 15.57421 0.1332512 0.4263453 15.6229 0.187623 0.7189834 15.33688 0.1496472 1.042816 15.4591  O_Jump_Far
-0.007238371 -0.2360455 15.43653 -0.06799214 -0.1615955 15.50828 -0.3632195 0.02533877 15.57185 -0.4517717 0.1127789 15.28968 0.06929351 -0.1786102 15.50892 0.3822761 -0.02517295 15.55917 0.5986186 0.1592667 15.43966 0.01556368 -0.04703033 15.57487 -0.04250984 0.4011072 15.60604 -0.09077768 0.7793627 15.4474 -0.05939959 1.105241 15.56356 0.1416655 0.3770663 15.60778 0.21504 0.6200852 15.28226 0.1500376 0.9186417 15.44926  O_Jump_Far
0.001119452 -0.3166491 15.48055 -0.06085394 -0.2347455 15.54245 -0.3740753 -0.07255614 15.58769 -0.4507731 0.009088397 15.30036 0.07670303 -0.249221 15.54486 0.4011153 -0.1138004 15.5797 0.6245807 0.05300272 15.448 0.02077152 -0.1112717 15.59376 -0.04062114 0.3381693 15.59879 -0.1248301 0.6633418 15.35848 -0.06500094 0.9472377 15.54952 0.1437244 0.3155521 15.60138 0.2359051 0.4579206 15.22503 0.153424 0.7167268 15.44289  O_Jump_Far
0.01300331 -0.3590966 15.54081 -0.05065815 -0.2688245 15.58749 -0.3830403 -0.144467 15.60454 -0.4471002 -0.05628729 15.31604 0.08718438 -0.2797223 15.59173 0.4231641 -0.1699266 15.60935 0.6547325 -0.04271579 15.4503 0.02832617 -0.1364945 15.61562 -0.05758796 0.3067654 15.60602 -0.1662268 0.5670512 15.30432 -0.0812609 0.8192781 15.52756 0.1281446 0.3067665 15.60825 0.2252614 0.4519639 15.23423 0.1615899 0.7175626 15.45022  O_Jump_Far
0.0169756 -0.356465 15.5599 -0.04725878 -0.2641608 15.60155 -0.3841735 -0.1520201 15.60926 -0.4435942 -0.0614512 15.32051 0.09065522 -0.2738984 15.60626 0.429831 -0.1731999 15.61855 0.6624876 -0.06072843 15.45025 0.03086122 -0.1299555 15.62222 -0.06386678 0.3097669 15.60862 -0.1806336 0.5429698 15.28838 -0.08764862 0.7834986 15.52113 0.121665 0.3182899 15.61124 0.2178311 0.5329348 15.272 0.1648043 0.8227195 15.45764  O_Jump_Far
0.02129872 -0.3184289 15.57975 -0.04362093 -0.224472 15.61633 -0.383666 -0.1221695 15.61592 -0.4395991 -0.02781117 15.3277 0.09436215 -0.23291 15.6215 0.4370987 -0.1428976 15.6267 0.669984 -0.04914546 15.4476 0.03349574 -0.08876109 15.62961 -0.06862067 0.3477949 15.61061 -0.1945622 0.5422453 15.26869 -0.0941482 0.7672467 15.51357 0.1164603 0.3631757 15.61377 0.2052998 0.6504675 15.33097 0.1674878 0.9698179 15.46451  O_Jump_Far
0.02356805 -0.2492219 15.59682 -0.04187844 -0.1540596 15.6291 -0.3813886 -0.04980576 15.62681 -0.4365177 0.048087 15.33961 0.09615333 -0.161456 15.63455 0.4412313 -0.0782609 15.63038 0.6735697 -0.009007931 15.43979 0.03445711 -0.01743996 15.63608 -0.06792693 0.4201378 15.61399 -0.1984589 0.5625346 15.24894 -0.09574597 0.7770325 15.50215 0.1172244 0.4346125 15.6173 0.1821613 0.7587543 15.37008 0.1461897 1.097884 15.4404  O_Jump_Far
0.02334906 -0.1937076 15.60411 -0.04239617 -0.09805191 15.63426 -0.3786248 0.01616693 15.63784 -0.4448788 0.1195706 15.35495 0.09565945 -0.1048832 15.63985 0.4409395 -0.02272856 15.62858 0.6704671 0.02349806 15.42787 0.03350355 0.03893316 15.63814 -0.06894194 0.4771464 15.61541 -0.1941997 0.6057977 15.24347 -0.09573518 0.8196989 15.49886 0.1162587 0.4909457 15.61885 0.1618937 0.8519002 15.42383 0.1402382 1.197512 15.46032  O_Jump_Far
0.0208201 -0.1186594 15.61314 -0.04514221 -0.02248418 15.64107 -0.3717122 0.1136488 15.65805 -0.469858 0.2333953 15.39134 0.0929298 -0.02886415 15.64679 0.4371301 0.05405176 15.62558 0.6593317 0.06353629 15.41195 0.03043981 0.1147296 15.64177 -0.07140504 0.5538529 15.61959 -0.1805901 0.7324002 15.26353 -0.09276895 0.967078 15.50413 0.1138813 0.5664086 15.62317 0.1554349 0.9463286 15.46717 0.1530336 1.293921 15.48769  O_Jump_Far
0.01774378 -0.05758047 15.61885 -0.04829304 0.03896773 15.64528 -0.3651046 0.1921471 15.671 -0.4896055 0.3301557 15.42491 0.08978774 0.03280604 15.65103 0.4306457 0.1229171 15.61949 0.6397508 0.1095798 15.39321 0.02716281 0.1762443 15.64375 -0.07365935 0.6162007 15.62241 -0.1648971 0.8546906 15.2978 -0.08839177 1.11512 15.51459 0.1117145 0.6273888 15.626 0.1584305 1.003842 15.4632 0.1593776 1.350288 15.49816  O_Jump_Far
0.01414581 0.003763914 15.6213 -0.05186848 0.1005501 15.64691 -0.35683 0.2715157 15.67923 -0.5000882 0.4316126 15.45797 0.08621468 0.09442651 15.65263 0.4198893 0.2010969 15.60929 0.6092158 0.1805394 15.36672 0.02359899 0.2378002 15.64411 -0.07540803 0.6788468 15.62537 -0.1493051 0.9609752 15.33293 -0.08519129 1.244985 15.52241 0.1100684 0.6881823 15.62895 0.1561182 1.05992 15.45548 0.1539952 1.404604 15.50484  O_Jump_Far
0.008423882 0.05877972 15.59703 -0.05736641 0.1545907 15.62658 -0.3471043 0.345539 15.6665 -0.5023465 0.5331068 15.47723 0.08070876 0.1479599 15.63192 0.3973659 0.2962466 15.59622 0.5710934 0.3261901 15.34319 0.0183834 0.291688 15.62924 -0.0768501 0.7345481 15.63241 -0.1221378 1.077723 15.40712 -0.0662391 1.382122 15.56489 0.1087467 0.7410181 15.63609 0.1588706 1.089363 15.42034 0.1473829 1.425473 15.51059  O_Jump_Far
-0.004275663 0.1532158 15.54465 -0.06893043 0.2452348 15.58629 -0.3225952 0.4748682 15.63482 -0.4744618 0.7239736 15.53487 0.06899948 0.2359318 15.59139 0.3417678 0.443803 15.61767 0.5096416 0.6112399 15.42047 0.008695321 0.3796515 15.60743 -0.07774924 0.8211606 15.66116 -0.1087429 1.153793 15.41833 -0.04499398 1.443138 15.59968 0.107959 0.8218519 15.66484 0.16145 1.104341 15.36863 0.1425044 1.422846 15.50807  O_Jump_Far
-0.009650214 0.1903235 15.51472 -0.07399748 0.2789253 15.56361 -0.3102701 0.5238276 15.61487 -0.446509 0.7937583 15.55418 0.06384309 0.2683438 15.56864 0.3147003 0.4900509 15.6267 0.4626881 0.7132664 15.4738 0.00430073 0.410587 15.5964 -0.07897846 0.8486081 15.67483 -0.1060117 1.171335 15.41852 -0.04009626 1.454355 15.60886 0.10673 0.8471868 15.67827 0.1595758 1.106899 15.36179 0.1417174 1.420658 15.51174  O_Jump_Far
-0.00953011 0.1803628 15.50298 -0.0744683 0.2680084 15.55281 -0.2989899 0.5215923 15.60891 -0.4082028 0.7994238 15.53152 0.06346394 0.2584879 15.55742 0.3076124 0.4901314 15.61571 0.3921809 0.7573014 15.48697 0.002851801 0.3999971 15.58659 -0.08125679 0.8397303 15.66284 -0.1050845 1.170058 15.41608 -0.04057721 1.45553 15.60321 0.1044517 0.8387398 15.66643 0.1575803 1.106482 15.35676 0.1412334 1.4212 15.50486  O_Jump_Far
-0.008440657 0.1566714 15.50394 -0.07403354 0.2445425 15.55249 -0.288335 0.5047113 15.61707 -0.365675 0.7841353 15.51196 0.06397922 0.236236 15.55705 0.3062708 0.4735374 15.62249 0.3481366 0.766372 15.53531 0.002236741 0.3776765 15.5841 -0.08349459 0.8187771 15.64771 -0.1026889 1.163116 15.42047 -0.04153292 1.455697 15.59748 0.1022132 0.818405 15.65146 0.1548649 1.103805 15.3579 0.1413577 1.422395 15.49777  O_Jump_Far
-0.009471698 0.1411668 15.50272 -0.0751196 0.2284628 15.55222 -0.281354 0.4938565 15.62791 -0.3402852 0.7735693 15.51217 0.06285603 0.2198309 15.55727 0.3035089 0.4598528 15.63375 0.3373708 0.7538746 15.5471 0.001252489 0.3609891 15.58606 -0.08525626 0.8025588 15.64687 -0.1008521 1.155288 15.4326 -0.04155092 1.454519 15.59878 0.100453 0.8021969 15.65054 0.1531658 1.099532 15.36909 0.1422605 1.422539 15.49868  O_Jump_Far
-0.01125942 0.1192874 15.50441 -0.07668947 0.2064364 15.55446 -0.2768503 0.4742564 15.64095 -0.3190855 0.7522994 15.51439 0.06125506 0.1973547 15.55957 0.301533 0.4367536 15.64711 0.3299838 0.7293857 15.55405 4.978669E-05 0.3384954 15.58928 -0.08703445 0.7808049 15.64436 -0.09760951 1.145233 15.45031 -0.04187129 1.453037 15.60138 0.09867682 0.7805638 15.64793 0.1503992 1.094662 15.38512 0.1434745 1.423078 15.50063  O_Jump_Far
-0.01186029 0.1075878 15.50582 -0.0772721 0.1946443 15.55606 -0.2762231 0.4617952 15.64662 -0.3118967 0.7387965 15.51583 0.06067677 0.1855739 15.56107 0.3012597 0.4233044 15.65319 0.3272057 0.7152426 15.55726 -0.0005304049 0.3266565 15.59105 -0.08786504 0.7693017 15.64306 -0.09596942 1.139741 15.46062 -0.04237781 1.452133 15.60279 0.09784575 0.7691919 15.64667 0.1488597 1.092381 15.39497 0.1440931 1.423492 15.50263  O_Jump_Far
-0.01250075 0.08895791 15.50804 -0.07796769 0.1759276 15.55836 -0.2771402 0.4399589 15.65258 -0.305291 0.7164353 15.51887 0.06000103 0.1670574 15.56317 0.3016573 0.4006706 15.66004 0.3254033 0.6920745 15.56193 -0.001367671 0.308056 15.59322 -0.0890802 0.7511742 15.64052 -0.09318332 1.132505 15.48195 -0.04348532 1.450838 15.61183 0.09663029 0.7512984 15.64415 0.1461985 1.089151 15.4122 0.1452496 1.424251 15.50683  O_Jump_Far
-0.01279728 0.07486451 15.51064 -0.07835589 0.1618632 15.56078 -0.2790196 0.422155 15.6555 -0.3037503 0.6995538 15.52304 0.05963339 0.1532441 15.56546 0.3022905 0.3828126 15.66382 0.3260778 0.6744737 15.56649 -0.001943631 0.2942213 15.59518 -0.08995192 0.7376708 15.63889 -0.09080492 1.126009 15.49829 -0.04457484 1.449617 15.61583 0.09575863 0.7379873 15.6425 0.1439539 1.08713 15.4276 0.1462801 1.42505 15.51158  O_Jump_Far
-0.01329677 0.0618372 15.51468 -0.07886718 0.1491488 15.56426 -0.2804723 0.406755 15.65811 -0.3037307 0.686307 15.52998 0.05913099 0.1406449 15.56889 0.3016212 0.3678116 15.66703 0.3270564 0.6601616 15.57222 -0.002506716 0.2817918 15.59766 -0.09074132 0.7255929 15.63737 -0.0882477 1.119977 15.51477 -0.04570643 1.44866 15.61885 0.09496899 0.7260809 15.64097 0.1417505 1.085019 15.44253 0.1476022 1.425683 15.51437  O_Jump_Far
-0.01413636 0.04415429 15.52085 -0.07966124 0.1322471 15.56909 -0.2819188 0.3874437 15.65896 -0.3057496 0.671716 15.54179 0.0583417 0.1238214 15.57372 0.2989961 0.349683 15.66865 0.3293897 0.6438553 15.58123 -0.003272815 0.2654094 15.60029 -0.09177874 0.7097085 15.63364 -0.08422099 1.112334 15.54193 -0.04756735 1.447106 15.62713 0.09393086 0.7104352 15.63723 0.1385282 1.085004 15.46957 0.1497657 1.428099 15.52793  O_Jump_Far
-0.01493786 0.02988636 15.53102 -0.08038931 0.1191164 15.57723 -0.2822161 0.3741384 15.6596 -0.3089538 0.6637743 15.55711 0.0576156 0.1107584 15.58192 0.294792 0.3380215 15.67019 0.3324791 0.6344739 15.59403 -0.003930969 0.2529548 15.60519 -0.09266292 0.6977448 15.63082 -0.08008651 1.106163 15.57073 -0.04985837 1.446218 15.63493 0.09304579 0.6987073 15.63441 0.135483 1.082966 15.48968 0.1524881 1.428695 15.52749  O_Jump_Far
-0.01537995 0.02206326 15.54263 -0.08079861 0.1124789 15.58652 -0.2818776 0.3688794 15.66165 -0.311004 0.6613092 15.56814 0.05720885 0.1042389 15.59135 0.2916191 0.3340811 15.67325 0.3343093 0.6315354 15.60395 -0.004317028 0.2470006 15.61092 -0.09319429 0.6921979 15.62764 -0.07714443 1.103106 15.58928 -0.05048172 1.445879 15.63897 0.09251375 0.6933431 15.63121 0.1336805 1.083302 15.50221 0.1543498 1.429822 15.52949  O_Jump_Far
-0.01564686 0.01529765 15.55692 -0.08100896 0.1071553 15.5978 -0.2810361 0.3655144 15.66415 -0.3129444 0.6603563 15.57955 0.0569997 0.09904087 15.6028 0.2883537 0.3320816 15.67694 0.3363721 0.6302353 15.61447 -0.004472835 0.2423974 15.61761 -0.09349881 0.687839 15.6241 -0.07583152 1.100217 15.60973 -0.05479 1.445438 15.64219 0.09220834 0.6891831 15.62765 0.1322952 1.08392 15.51372 0.1561501 1.430858 15.53141  O_Jump_Far
-0.01594256 0.01081979 15.57172 -0.08121108 0.1041659 15.60923 -0.2800178 0.3646733 15.66654 -0.3146144 0.6612214 15.58928 0.05679585 0.0961436 15.61443 0.2853461 0.3323703 15.68048 0.338325 0.6308028 15.62359 -0.004568202 0.2399915 15.624 -0.093724 0.685445 15.6211 -0.07798801 1.098046 15.63044 -0.05720554 1.444527 15.64433 0.09198214 0.686972 15.62462 0.1315228 1.084668 15.52129 0.1578581 1.431727 15.53152  O_Jump_Far
-0.01659255 0.006460547 15.59348 -0.08170579 0.1017765 15.62598 -0.2788883 0.3648927 15.67019 -0.316955 0.6631774 15.60175 0.05629619 0.09386492 15.63147 0.2812358 0.3339947 15.68564 0.3407417 0.6323795 15.63534 -0.004877491 0.2380997 15.63334 -0.09417342 0.6832364 15.61735 -0.07895307 1.095678 15.63267 -0.05570046 1.442135 15.64271 0.09153135 0.6849909 15.62084 0.1305477 1.085923 15.53065 0.1602564 1.432859 15.53133  O_Jump_Far
-0.01689695 0.005157232 15.60462 -0.08189861 0.1014196 15.63444 -0.2785101 0.3654661 15.67263 -0.3177816 0.6641438 15.60662 0.0560977 0.09352434 15.64009 0.2796995 0.3350651 15.6887 0.3417247 0.6332022 15.64 -0.004928811 0.2378172 15.63791 -0.09426861 0.6826667 15.6157 -0.07899313 1.095146 15.62993 -0.0563368 1.441618 15.64078 0.09143551 0.6845163 15.61918 0.1303502 1.086403 15.53329 0.1609749 1.43325 15.53069  O_Jump_Far
-0.0174052 0.004505277 15.61915 -0.082206 0.1019652 15.6453 -0.2784938 0.3667582 15.67684 -0.3181079 0.6653942 15.61085 0.05577799 0.09402502 15.65119 0.2784295 0.3366722 15.69349 0.3423989 0.6342808 15.64408 -0.004972739 0.2382466 15.64351 -0.09433262 0.6826351 15.61378 -0.07908224 1.095119 15.62788 -0.05644665 1.441596 15.63862 0.09137078 0.6845812 15.61724 0.1303935 1.086841 15.53317 0.1615924 1.433621 15.52894  O_Jump_Far
-0.01828234 0.004450917 15.63352 -0.08274458 0.1031108 15.6557 -0.2791449 0.3682095 15.6824 -0.317528 0.6660982 15.61242 0.05521275 0.094944 15.66189 0.2778807 0.3378681 15.69894 0.342355 0.6347806 15.64612 -0.005047305 0.238943 15.64839 -0.09435908 0.6828449 15.6122 -0.07908706 1.095343 15.62588 -0.05643282 1.441829 15.63627 0.0913436 0.6848408 15.61568 0.1304978 1.087112 15.53172 0.1619257 1.433861 15.52674  O_Jump_Far
