0.007710533 0.04648197 3.696157 -0.06559919 0.13478 3.730946 -0.2009753 0.3573321 3.600625 0.008096354 0.1605715 3.488011 0.07259424 0.1410798 3.731325 0.2964558 0.387725 3.741466 0.2564494 0.2583421 3.464403 -0.002943737 0.2782933 3.735306 -0.116036 0.719675 3.755426 -0.176069 1.128138 3.744092 -0.2163983 1.470653 3.785694 0.06950237 0.7275754 3.759255 0.1470762 1.097419 3.593118 0.2039463 1.427325 3.49733  SA_HookPunch_Close
0.0006941725 0.04506719 3.699401 -0.07168011 0.1337593 3.734976 -0.2077547 0.3535918 3.603089 0.001095252 0.154862 3.493564 0.06653573 0.1393925 3.733594 0.2944717 0.38262 3.735794 0.2494498 0.2447537 3.463635 -0.00828783 0.2769814 3.738078 -0.118993 0.7189691 3.757881 -0.1764756 1.127726 3.744168 -0.2146713 1.470631 3.784558 0.06661279 0.7260028 3.759487 0.1442725 1.096396 3.59462 0.2019332 1.425391 3.496205  SA_HookPunch_Close
-0.003341956 0.04360008 3.701438 -0.07512753 0.132512 3.737693 -0.2128123 0.3502021 3.60513 -0.004667206 0.1500425 3.496874 0.06307627 0.1378174 3.734723 0.2935853 0.3784535 3.73022 0.2436744 0.2350309 3.461812 -0.01137195 0.2755917 3.739734 -0.1207369 0.7179092 3.759651 -0.1761529 1.126912 3.744797 -0.212669 1.470188 3.783548 0.0648926 0.7244701 3.759222 0.1425318 1.095889 3.596668 0.2005795 1.42448 3.497137  SA_HookPunch_Close
-0.006976528 0.04203045 3.703473 -0.0782166 0.1311361 3.740365 -0.2174879 0.3468136 3.607243 -0.01000695 0.1453658 3.500108 0.05995812 0.1361493 3.735909 0.292638 0.3743386 3.725162 0.238159 0.2259613 3.460359 -0.01415066 0.2740878 3.741408 -0.122314 0.7166979 3.761431 -0.1758593 1.12591 3.745533 -0.2108523 1.46952 3.782706 0.06331582 0.7228336 3.759089 0.1409671 1.094797 3.597793 0.1993432 1.422766 3.496418  SA_HookPunch_Close
-0.010985 0.04007185 3.706122 -0.08152579 0.1293274 3.744097 -0.2242109 0.3419468 3.61052 -0.01825414 0.1386017 3.50403 0.05656191 0.1340991 3.737294 0.2914374 0.3691772 3.717574 0.2300506 0.2152115 3.457515 -0.01722573 0.2721769 3.743561 -0.1241711 0.7150818 3.763916 -0.175375 1.124554 3.747026 -0.2084424 1.468638 3.781477 0.06140609 0.7208072 3.75845 0.1390012 1.094174 3.600399 0.1976638 1.421579 3.497384  SA_HookPunch_Close
-0.01486383 0.03805172 3.708748 -0.08470248 0.1274537 3.74779 -0.2307659 0.3370723 3.613904 -0.02633582 0.1318568 3.508062 0.05326005 0.1319786 3.738673 0.2905721 0.3632916 3.710034 0.2219409 0.2042228 3.454905 -0.02019767 0.2701963 3.745688 -0.1259383 0.7133904 3.766335 -0.1748891 1.123096 3.748442 -0.2060926 1.467618 3.78013 0.05953475 0.7187025 3.757786 0.13724 1.093391 3.602951 0.1961925 1.420231 3.498319  SA_HookPunch_Close
-0.02240525 0.03388572 3.715012 -0.09059195 0.1234359 3.757139 -0.2464124 0.3257077 3.623708 -0.0471705 0.1152631 3.518242 0.04682728 0.1275569 3.74177 0.2871824 0.3512967 3.691268 0.2009121 0.1818037 3.448504 -0.02597134 0.2660029 3.750849 -0.1294719 0.7097135 3.772381 -0.1740616 1.119835 3.75272 -0.2014693 1.465293 3.776835 0.0554476 0.7143124 3.755494 0.1336017 1.092531 3.609735 0.1928425 1.418119 3.501424  SA_HookPunch_Close
-0.03064392 0.02871311 3.723369 -0.09619908 0.1184936 3.770505 -0.2687138 0.3101693 3.642659 -0.07868014 0.09202504 3.535852 0.03960963 0.1222062 3.744439 0.2793157 0.3357775 3.65951 0.1663129 0.1492033 3.441507 -0.03215347 0.2608699 3.757547 -0.1329986 0.7050778 3.781717 -0.1732738 1.115555 3.760237 -0.1966776 1.461963 3.771518 0.05012276 0.7089686 3.750847 0.1283156 1.092301 3.619143 0.1853198 1.416092 3.504436  SA_HookPunch_Close
-0.03390084 0.02638721 3.727052 -0.09789585 0.116339 3.776816 -0.2797081 0.302899 3.65464 -0.09501325 0.08109164 3.546026 0.0366086 0.1199441 3.744678 0.2731793 0.3283843 3.641366 0.1473209 0.1321216 3.439513 -0.03453539 0.2586601 3.760356 -0.1341763 0.7030222 3.786775 -0.1731131 1.113581 3.764423 -0.1952745 1.46023 3.768643 0.0474542 0.7066798 3.748065 0.1255816 1.092328 3.623265 0.1801891 1.415383 3.505363  SA_HookPunch_Close
-0.03681258 0.02427888 3.73034 -0.09904079 0.1143967 3.782766 -0.2903978 0.2958882 3.667807 -0.1113511 0.07058871 3.556946 0.03379502 0.1179694 3.744307 0.2650017 0.3213629 3.622372 0.1277556 0.1152732 3.438538 -0.03664921 0.2566963 3.762795 -0.1351436 0.7011639 3.791895 -0.1728362 1.111771 3.768319 -0.1940266 1.458493 3.765447 0.04456689 0.7046546 3.74506 0.1231769 1.092394 3.627239 0.1751285 1.415073 3.507125  SA_HookPunch_Close
-0.04022447 0.02184272 3.734145 -0.09966044 0.1121762 3.790274 -0.3043558 0.2867658 3.688038 -0.1336959 0.05691791 3.573353 0.03018935 0.1158469 3.742705 0.250024 0.3125458 3.595114 0.1003212 0.09270573 3.439025 -0.03910891 0.2545128 3.765484 -0.1360642 0.6990399 3.799055 -0.1723276 1.109635 3.773149 -0.1927321 1.456185 3.760475 0.04020293 0.7024314 3.740574 0.1204528 1.092631 3.63237 0.1685149 1.415431 3.510971  SA_HookPunch_Close
-0.04225765 0.02045667 3.73647 -0.09896474 0.1108674 3.79568 -0.3141454 0.2801485 3.706186 -0.1518022 0.04658628 3.587018 0.02781196 0.1148103 3.740458 0.2343693 0.3072994 3.572737 0.07792385 0.07680237 3.440448 -0.04038904 0.2533263 3.767129 -0.1361933 0.6977707 3.805133 -0.1721828 1.108191 3.776239 -0.1927518 1.454395 3.756409 0.03656306 0.7013087 3.736984 0.1182152 1.09273 3.63439 0.1638299 1.416249 3.513962  SA_HookPunch_Close
-0.04494993 0.01932645 3.73936 -0.09705262 0.1097963 3.803039 -0.3259438 0.2719004 3.735181 -0.1773096 0.03286314 3.609179 0.02417655 0.1142097 3.736546 0.2064541 0.3012351 3.541382 0.0453008 0.0566076 3.44499 -0.04190592 0.2524683 3.769211 -0.1355528 0.6967269 3.814285 -0.1727124 1.106619 3.779907 -0.1949871 1.452024 3.75036 0.03092642 0.700592 3.731997 0.1149821 1.092901 3.634878 0.1586749 1.4179 3.517771  SA_HookPunch_Close
-0.04614679 0.01923752 3.740579 -0.09529601 0.1096865 3.806747 -0.3314062 0.2675138 3.753138 -0.1907906 0.02620828 3.622346 0.02220102 0.1144447 3.733884 0.1881045 0.2990941 3.524761 0.02717908 0.04733562 3.448439 -0.04239253 0.2525169 3.770121 -0.1345898 0.696602 3.81959 -0.1736758 1.105988 3.781513 -0.1978969 1.45083 3.747289 0.02773048 0.7007768 3.729389 0.1127107 1.093167 3.633411 0.156659 1.419282 3.519546  SA_HookPunch_Close
-0.04740701 0.01969814 3.741685 -0.09239356 0.1100547 3.810985 -0.3357217 0.2637846 3.777699 -0.2066344 0.02017283 3.639507 0.0196745 0.1153316 3.730052 0.1622884 0.2978399 3.505359 0.003791528 0.03849959 3.453151 -0.04262761 0.2531253 3.771049 -0.1325653 0.6969318 3.826564 -0.1758383 1.105355 3.783062 -0.2035465 1.449462 3.744379 0.02387549 0.7016082 3.726534 0.1086959 1.093654 3.629021 0.1543751 1.421232 3.520143  SA_HookPunch_Close
-0.04839621 0.02081859 3.742374 -0.08908801 0.1110395 3.814501 -0.3371491 0.2617704 3.802119 -0.2201875 0.01636696 3.656501 0.01716651 0.116871 3.726108 0.1357049 0.2978855 3.489185 -0.01816229 0.03240454 3.458378 -0.04255335 0.2543666 3.771692 -0.1299081 0.6978632 3.833191 -0.1787082 1.105057 3.784337 -0.2105098 1.448457 3.742639 0.02036871 0.7030968 3.724145 0.1037938 1.094559 3.623146 0.1521873 1.42342 3.519432  SA_HookPunch_Close
-0.04887651 0.02221501 3.742375 -0.08577423 0.1122408 3.816813 -0.3351966 0.262391 3.822871 -0.2296567 0.01667881 3.669267 0.0151151 0.1186377 3.72238 0.112519 0.2994746 3.477752 -0.03703974 0.03021157 3.462455 -0.04214821 0.2558284 3.771868 -0.1271292 0.6990038 3.838556 -0.1817397 1.10484 3.784802 -0.217045 1.447772 3.742082 0.01773222 0.7048092 3.722439 0.09864141 1.095686 3.617214 0.1500992 1.425665 3.518656  SA_HookPunch_Close
-0.04917656 0.02383554 3.742132 -0.0826761 0.1136634 3.818453 -0.3317638 0.2639502 3.840694 -0.2369112 0.01839209 3.680034 0.01326187 0.1205876 3.719028 0.0919698 0.3015743 3.469415 -0.0532041 0.02950835 3.466403 -0.04167328 0.2574917 3.771837 -0.124413 0.7003641 3.843012 -0.1847051 1.104824 3.785119 -0.223054 1.447394 3.742115 0.01555617 0.7067014 3.721069 0.09365101 1.097042 3.611804 0.1481714 1.427868 3.517838  SA_HookPunch_Close
-0.04946904 0.02693105 3.74117 -0.07775198 0.1163965 3.820108 -0.3231754 0.2688789 3.866536 -0.2464731 0.02505493 3.693984 0.01032742 0.1241854 3.713719 0.06128599 0.3062575 3.459852 -0.07615225 0.03046262 3.472193 -0.04083822 0.2606139 3.771327 -0.1200369 0.7029948 3.849082 -0.1894822 1.105056 3.785063 -0.2319496 1.447181 3.742391 0.01243438 0.7101764 3.719077 0.08576627 1.099801 3.604105 0.1457722 1.431682 3.517489  SA_HookPunch_Close
-0.04971705 0.03291428 3.738688 -0.07022582 0.1217436 3.820907 -0.3040663 0.2807688 3.901181 -0.2585944 0.04257262 3.710649 0.005702095 0.1309124 3.705633 0.01785805 0.3160168 3.451827 -0.1070202 0.03549242 3.48039 -0.03947167 0.2665681 3.769713 -0.1131604 0.7081686 3.856629 -0.1970953 1.106032 3.78428 -0.2445452 1.447713 3.743334 0.008195 0.7166457 3.716263 0.07379909 1.105402 3.593918 0.1435534 1.438076 3.518353  SA_HookPunch_Close
-0.04989306 0.03771162 3.736125 -0.06526922 0.126067 3.820073 -0.2871816 0.292366 3.922066 -0.2675006 0.0618844 3.718109 0.002444999 0.1362131 3.699868 -0.008536382 0.3248897 3.450514 -0.1249751 0.04122448 3.483386 -0.03863184 0.2713107 3.767771 -0.1085858 0.7123757 3.860345 -0.2023938 1.107082 3.783004 -0.2519705 1.448704 3.744141 0.005527096 0.7217067 3.714082 0.06678618 1.11005 3.588225 0.1442538 1.442597 3.519963  SA_HookPunch_Close
-0.05015681 0.04363334 3.733316 -0.06021057 0.1315067 3.818664 -0.2674746 0.3052557 3.9417 -0.276054 0.08427119 3.726759 -0.001151783 0.1426551 3.694064 -0.0347629 0.3349342 3.451595 -0.1427518 0.04825723 3.487079 -0.03782229 0.2771716 3.765548 -0.1036869 0.7176785 3.863652 -0.2081709 1.108823 3.782022 -0.2596927 1.450413 3.745474 0.002789335 0.7278789 3.711796 0.05944361 1.115784 3.582478 0.1452856 1.447609 3.521066  SA_HookPunch_Close
-0.05033527 0.05034995 3.729708 -0.0550553 0.1377362 3.816006 -0.2438235 0.320846 3.961168 -0.2872063 0.1161666 3.734603 -0.00475095 0.1499181 3.687716 -0.0585498 0.3470523 3.455709 -0.1600253 0.05773592 3.488921 -0.0369678 0.283825 3.762418 -0.098635 0.723755 3.865778 -0.2143208 1.11094 3.780461 -0.2667864 1.452715 3.747122 8.608592E-05 0.7348305 3.708829 0.0523407 1.122245 3.576228 0.1473201 1.452761 3.521586  SA_HookPunch_Close
-0.05053775 0.05745351 3.726028 -0.05010204 0.1443851 3.812879 -0.2180042 0.3367565 3.977455 -0.297012 0.150865 3.744411 -0.008356674 0.1575392 3.681648 -0.08003007 0.3593131 3.461747 -0.1765681 0.06791365 3.491261 -0.03615622 0.2908632 3.759116 -0.09360687 0.7302418 3.867217 -0.2206185 1.113223 3.779081 -0.2736072 1.455218 3.748985 -0.002522094 0.7421357 3.705775 0.04516234 1.129023 3.569951 0.1493554 1.45773 3.521545  SA_HookPunch_Close
-0.0503938 0.06534553 3.721589 -0.04493747 0.1518261 3.808599 -0.1886462 0.3532524 3.993153 -0.3081132 0.195297 3.756752 -0.01154493 0.1659336 3.675095 -0.09829007 0.3730391 3.470007 -0.1929021 0.08040059 3.492715 -0.03508268 0.2986743 3.754941 -0.08852367 0.7374924 3.867378 -0.2274188 1.115809 3.777051 -0.280034 1.458185 3.750888 -0.00501488 0.7502026 3.701951 0.03748478 1.136488 3.562736 0.1514101 1.462891 3.52114  SA_HookPunch_Close
-0.04962907 0.07589066 3.715421 -0.03842227 0.1618816 3.802304 -0.1486763 0.3720378 4.009869 -0.3195561 0.259986 3.778888 -0.01474719 0.1769897 3.666847 -0.1160126 0.3909284 3.482344 -0.2117497 0.09803593 3.49471 -0.0333855 0.3091015 3.748997 -0.08244596 0.7472966 3.865842 -0.2360674 1.119593 3.774353 -0.2870218 1.46261 3.753932 -0.007725222 0.7608989 3.696333 0.02744599 1.146535 3.553325 0.15344 1.469478 3.520444  SA_HookPunch_Close
-0.04868619 0.08434355 3.710444 -0.03337411 0.170023 3.797017 -0.1151264 0.3859658 4.019085 -0.3226076 0.316126 3.801872 -0.01669751 0.1857452 3.660591 -0.1260488 0.4047663 3.493009 -0.2251891 0.1127713 3.496813 -0.03184162 0.3174578 3.744089 -0.07791738 0.7552542 3.863639 -0.2435906 1.122256 3.771787 -0.2932302 1.465698 3.75574 -0.009508891 0.7694165 3.691531 0.01955785 1.154577 3.545894 0.1548253 1.474374 3.519817  SA_HookPunch_Close
-0.04686574 0.09078062 3.706449 -0.02940665 0.1763766 3.792922 -0.09098624 0.3947899 4.024503 -0.324127 0.3614947 3.825394 -0.01647459 0.1921906 3.656101 -0.1275418 0.4152087 3.499548 -0.2316368 0.1249291 3.497033 -0.03000174 0.3238218 3.740003 -0.07528244 0.7614992 3.860207 -0.2490375 1.124933 3.769106 -0.296977 1.468794 3.757466 -0.009985013 0.7758346 3.686908 0.01430346 1.160894 3.540133 0.1559718 1.478309 3.519506  SA_HookPunch_Close
-0.04450385 0.09903646 3.701162 -0.02437721 0.1845535 3.787445 -0.0585116 0.4050229 4.028631 -0.3163917 0.4208026 3.860238 -0.01610587 0.2004187 3.65027 -0.1279815 0.4280355 3.507534 -0.2393243 0.1406168 3.497651 -0.0276743 0.3319799 3.734574 -0.07214735 0.7695292 3.855417 -0.2562162 1.128193 3.765674 -0.3016032 1.472545 3.759717 -0.01067333 0.7840433 3.680741 0.00734474 1.168956 3.532682 0.1572905 1.482926 3.51902  SA_HookPunch_Close
-0.04075394 0.1060387 3.696491 -0.01970474 0.1916462 3.782897 -0.03265391 0.4127165 4.02986 -0.3054448 0.4688247 3.897405 -0.01312201 0.2071599 3.645589 -0.1207538 0.4378527 3.507841 -0.2397165 0.1536577 3.494221 -0.02459882 0.33889 3.729642 -0.07061873 0.7765151 3.849384 -0.2616515 1.131869 3.761039 -0.3042703 1.476626 3.76116 -0.009890063 0.7909225 3.674438 0.00298156 1.175857 3.525902 0.1586235 1.487258 3.518644  SA_HookPunch_Close
-0.03756617 0.111625 3.692588 -0.01588206 0.1973186 3.779119 -0.01095854 0.4180603 4.029378 -0.2889588 0.5070946 3.929898 -0.01046513 0.2125027 3.641724 -0.1139732 0.4454207 3.507259 -0.2393336 0.1641353 3.490898 -0.02203552 0.3443894 3.725518 -0.06959121 0.782086 3.844183 -0.2661875 1.134684 3.757012 -0.3063499 1.479696 3.762266 -0.009210093 0.7963771 3.669108 -0.0006278585 1.181287 3.520197 0.1596376 1.490413 3.51833  SA_HookPunch_Close
-0.03061597 0.1191895 3.687292 -0.01022713 0.2051077 3.774534 0.01565685 0.4249197 4.02657 -0.2619594 0.5512182 3.980904 -0.002666874 0.2194632 3.637152 -0.09432541 0.4534577 3.49397 -0.2286828 0.1763704 3.477385 -0.01688139 0.3517667 3.719875 -0.06994449 0.7897803 3.834601 -0.2708555 1.140146 3.748267 -0.3071736 1.485322 3.762689 -0.005873365 0.8035566 3.660801 -0.002727671 1.188305 3.51126 0.1617679 1.495124 3.518426  SA_HookPunch_Close
-0.02440028 0.1244102 3.683681 -0.006033344 0.2105122 3.771561 0.03371235 0.4284952 4.023468 -0.2355473 0.5788114 4.020041 0.004938202 0.2241745 3.634338 -0.07572798 0.4571638 3.478537 -0.2157191 0.1828074 3.463191 -0.01241307 0.3568131 3.715919 -0.07108764 0.7950982 3.82652 -0.2734023 1.144604 3.73998 -0.3067432 1.489684 3.761938 -0.002232892 0.8083866 3.654521 -0.003432376 1.192712 3.503868 0.1628001 1.498325 3.518527  SA_HookPunch_Close
-0.01715497 0.12898 3.680624 -0.002036138 0.2152648 3.769191 0.0486746 0.4303224 4.020121 -0.2064985 0.5991006 4.058956 0.01440843 0.228196 3.632444 -0.05203484 0.4575762 3.457495 -0.1965633 0.1854365 3.445006 -0.007340712 0.3611701 3.712408 -0.07311527 0.7997367 3.817484 -0.2746863 1.149405 3.729872 -0.3053235 1.494112 3.760073 0.002743559 0.8124601 3.648413 -0.002922697 1.195941 3.495725 0.1631786 1.501134 3.518428  SA_HookPunch_Close
-0.004991991 0.133806 3.675975 0.002941566 0.2201715 3.765176 0.06197657 0.4285073 4.014296 -0.1646424 0.6173238 4.104294 0.03108157 0.2325673 3.630299 -0.006958826 0.4500061 3.417885 -0.1572998 0.1807765 3.413709 0.0008088519 0.365685 3.707193 -0.07756124 0.8041999 3.802973 -0.2730544 1.156993 3.714122 -0.3004434 1.500471 3.758241 0.01236315 0.8167349 3.64093 -0.0009722541 1.198099 3.483491 0.160323 1.504817 3.517485  SA_HookPunch_Close
0.001909094 0.1354073 3.673284 0.005262511 0.2217215 3.762535 0.06621118 0.4251177 4.011121 -0.1424647 0.6215192 4.125088 0.04064896 0.2340702 3.629371 0.02294715 0.441801 3.396493 -0.1317206 0.1750015 3.397058 0.005293148 0.3671106 3.704201 -0.08024125 0.8053808 3.794495 -0.2714438 1.160514 3.705631 -0.2976701 1.50293 3.75795 0.01810433 0.8181269 3.637437 0.000808077 1.197831 3.476411 0.1582995 1.50587 3.515864  SA_HookPunch_Close
0.01048668 0.1359237 3.668842 0.006974595 0.2219743 3.757546 0.06328048 0.4189285 4.007262 -0.1277267 0.6232988 4.137094 0.05270417 0.23497 3.627634 0.06660159 0.4272381 3.371093 -0.09576415 0.1651288 3.37745 0.01042558 0.3675164 3.699699 -0.08443193 0.8049357 3.783976 -0.2676966 1.164718 3.697111 -0.2912008 1.505658 3.75941 0.02554394 0.8188856 3.634938 0.005407231 1.196166 3.468633 0.1570205 1.506535 3.51259  SA_HookPunch_Close
0.02179934 0.1346871 3.662172 0.008849578 0.2201884 3.749321 0.05444928 0.4080789 4.001862 -0.1174354 0.6188207 4.147295 0.06837179 0.2345035 3.625267 0.1327824 0.4037741 3.348896 -0.04454158 0.1515572 3.355764 0.01705773 0.3661395 3.693004 -0.08956055 0.8021274 3.769257 -0.2638221 1.167348 3.686665 -0.2875955 1.505908 3.760734 0.03533884 0.8181956 3.632716 0.01375707 1.192183 3.459305 0.1561362 1.506259 3.507601  SA_HookPunch_Close
0.0337431 0.1304489 3.653028 0.01007803 0.2150717 3.737167 0.03657045 0.3934727 3.993933 -0.1234701 0.6079919 4.147152 0.08463974 0.2315013 3.621807 0.2122455 0.3745706 3.342598 0.01481791 0.1377296 3.336854 0.02370294 0.3617826 3.683959 -0.09503268 0.7957852 3.751764 -0.2585568 1.168097 3.679525 -0.2848127 1.503506 3.766041 0.04528518 0.8148937 3.631567 0.02564021 1.185698 3.45123 0.1556676 1.504759 3.501641  SA_HookPunch_Close
0.0423934 0.1243323 3.643446 0.009434359 0.2079762 3.723876 0.01123823 0.3804306 3.983816 -0.1505333 0.5935169 4.137217 0.09683271 0.2265404 3.618263 0.2784815 0.3543104 3.358 0.06552984 0.133788 3.324446 0.02816786 0.3555474 3.674758 -0.09930174 0.7878927 3.735477 -0.2503739 1.167718 3.676444 -0.2813115 1.501007 3.769368 0.05309923 0.8096371 3.631541 0.03812732 1.179323 3.448479 0.1541922 1.503929 3.49755  SA_HookPunch_Close
0.05085208 0.1170363 3.634241 0.009617465 0.1997203 3.710231 -0.01309793 0.3665763 3.970985 -0.1784713 0.5770696 4.124125 0.1081467 0.2202815 3.615329 0.3370506 0.3331448 3.383923 0.1150153 0.1296594 3.317602 0.03278317 0.3481001 3.665649 -0.1022147 0.7789031 3.719012 -0.2443521 1.164184 3.67508 -0.2819092 1.495108 3.773838 0.05998822 0.8030179 3.631776 0.05050429 1.171515 3.445971 0.1537528 1.500911 3.491642  SA_HookPunch_Close
0.05696299 0.1084454 3.623989 0.007732468 0.1901511 3.694398 -0.04656826 0.3525864 3.953116 -0.2239475 0.5572994 4.10055 0.117021 0.2125586 3.612599 0.3802769 0.3234849 3.421917 0.160718 0.1336172 3.31776 0.03582599 0.339377 3.655887 -0.1040869 0.7693676 3.701894 -0.2320543 1.161038 3.673725 -0.2767467 1.490347 3.774878 0.06657185 0.7947983 3.633116 0.06475665 1.16419 3.448861 0.1539084 1.498243 3.490189  SA_HookPunch_Close
0.06640626 0.09533095 3.608597 0.006628232 0.1757724 3.668872 -0.09698837 0.3313464 3.91687 -0.2952214 0.5266863 4.049736 0.1292982 0.200351 3.609837 0.4285601 0.3104056 3.490001 0.2274125 0.1397159 3.330286 0.04115452 0.3260428 3.641168 -0.1038074 0.7553513 3.675804 -0.2147969 1.153165 3.675394 -0.2715193 1.480042 3.778389 0.0758986 0.7817115 3.636913 0.08559091 1.15046 3.451618 0.1543222 1.490705 3.479129  SA_HookPunch_Close
0.07268651 0.08311307 3.592346 0.004901664 0.162932 3.641354 -0.1495314 0.3116839 3.868435 -0.3723562 0.4983879 3.971383 0.1366329 0.1880871 3.607422 0.4446262 0.3082197 3.558077 0.2790262 0.1455067 3.355086 0.0449486 0.3136718 3.626706 -0.09992366 0.7437955 3.652739 -0.1930274 1.145262 3.679774 -0.2573479 1.47168 3.779716 0.08396138 0.7684699 3.643851 0.105856 1.137639 3.460444 0.1574154 1.481802 3.472337  SA_HookPunch_Close
0.07876189 0.07033539 3.571946 0.005113559 0.1507158 3.607357 -0.2060302 0.2904054 3.797549 -0.4547496 0.4667608 3.843863 0.1414995 0.1736045 3.603856 0.4365545 0.3081447 3.631253 0.3251661 0.1499842 3.391082 0.05013015 0.3007406 3.609972 -0.09000789 0.7329972 3.630447 -0.170296 1.133831 3.689273 -0.2374005 1.460078 3.787935 0.09296335 0.7529585 3.655439 0.1278437 1.122708 3.475238 0.1635968 1.468954 3.466129  SA_HookPunch_Close
0.08676894 0.05734444 3.545439 0.01086964 0.1401988 3.565057 -0.260775 0.2698793 3.687509 -0.5175 0.4326169 3.635391 0.1443621 0.1561928 3.597633 0.3983317 0.3089175 3.702869 0.3624474 0.1527369 3.439384 0.05869796 0.2871891 3.590494 -0.07235788 0.7226071 3.610648 -0.1501705 1.11703 3.705256 -0.2162727 1.442673 3.806553 0.1021619 0.7337385 3.673262 0.1519782 1.104719 3.499206 0.1773285 1.44987 3.460784  SA_HookPunch_Close
0.09289952 0.0508517 3.52908 0.0178776 0.1360971 3.541045 -0.2837913 0.2589704 3.607744 -0.523536 0.4051901 3.480269 0.1458988 0.1455716 3.592601 0.36929 0.3117814 3.731709 0.3750497 0.1560884 3.465568 0.06617106 0.2798826 3.580214 -0.05875949 0.7169584 3.604315 -0.1437375 1.105896 3.71423 -0.2112508 1.43077 3.817051 0.1082659 0.7217838 3.685437 0.1643242 1.095458 3.519219 0.1877812 1.438295 3.463  SA_HookPunch_Close
0.101443 0.04466259 3.513001 0.0283285 0.1324419 3.518783 -0.2930704 0.2483733 3.505552 -0.4829631 0.3647342 3.292225 0.1483606 0.1342535 3.587531 0.3381439 0.3150605 3.75241 0.3803706 0.158743 3.489949 0.07566239 0.2721299 3.57158 -0.04395465 0.7103336 3.601213 -0.1372254 1.095262 3.718283 -0.2096087 1.418319 3.823491 0.114273 0.7086656 3.698489 0.1750193 1.085589 3.541511 0.2004419 1.424569 3.466053  SA_HookPunch_Close
0.1087332 0.04054761 3.502369 0.03702398 0.1299134 3.505525 -0.2825948 0.2380654 3.417564 -0.4064155 0.3168356 3.146324 0.1507653 0.1257459 3.584156 0.3185147 0.3191788 3.760482 0.3780319 0.1615983 3.50216 0.08347864 0.2662235 3.567188 -0.03309081 0.7047724 3.601804 -0.1297702 1.090083 3.714781 -0.2097244 1.410715 3.821907 0.1194015 0.6989315 3.707698 0.1809535 1.079153 3.559219 0.2096566 1.414624 3.470429  SA_HookPunch_Close
0.1142373 0.03766572 3.495344 0.04286267 0.1277053 3.497565 -0.2579597 0.2317408 3.345644 -0.3135975 0.2817299 3.046456 0.1523053 0.1195003 3.58178 0.3073172 0.3196907 3.763515 0.3729139 0.1638119 3.505632 0.08861168 0.2616333 3.56473 -0.02600352 0.7003295 3.60269 -0.124167 1.086573 3.711109 -0.2086594 1.406249 3.817609 0.1231657 0.6919394 3.713051 0.184781 1.074898 3.571807 0.2171245 1.407854 3.475152  SA_HookPunch_Close
0.1195851 0.03584588 3.488985 0.04730447 0.1257564 3.491552 -0.2084778 0.2204083 3.266078 -0.1767314 0.2376052 2.959804 0.1535644 0.1140876 3.579359 0.3015345 0.3175968 3.764321 0.3632726 0.168442 3.501556 0.09285362 0.2575862 3.562875 -0.0198373 0.6964023 3.603906 -0.1182177 1.08436 3.705813 -0.2057551 1.404241 3.80919 0.1277482 0.6862124 3.716228 0.1887424 1.0726 3.584366 0.225396 1.403664 3.482872  SA_HookPunch_Close
0.1221204 0.03596377 3.485317 0.04876347 0.1254573 3.487631 -0.1603044 0.2100959 3.21847 -0.06388848 0.2118577 2.925539 0.1529839 0.1123536 3.577652 0.303214 0.3112161 3.764744 0.3551727 0.1693022 3.495922 0.09364028 0.2564018 3.560982 -0.01749937 0.6955972 3.602484 -0.1153322 1.084851 3.699875 -0.2034608 1.405666 3.7998 0.1288557 0.6842864 3.716299 0.1915917 1.07156 3.587899 0.2310805 1.4021 3.485761  SA_HookPunch_Close
0.1241717 0.03728044 3.479925 0.0498512 0.1262964 3.481364 -0.09311007 0.203397 3.179947 0.07578351 0.195599 2.922029 0.1512132 0.1117829 3.574382 0.3067045 0.3010827 3.764499 0.3444018 0.1689988 3.488388 0.09337528 0.2563645 3.557053 -0.0155317 0.6962265 3.598428 -0.1120323 1.08684 3.691614 -0.1997376 1.408949 3.787673 0.1286089 0.683269 3.714863 0.1948676 1.070771 3.588945 0.2373054 1.401277 3.487886  SA_HookPunch_Close
0.127214 0.03904986 3.474637 0.05420818 0.1282281 3.473639 -0.04953949 0.2058468 3.164307 0.1613316 0.1899283 2.939835 0.1508991 0.1128452 3.571371 0.3075316 0.2936339 3.76533 0.338813 0.1623406 3.488043 0.0945303 0.2577469 3.551996 -0.01339505 0.6981999 3.591243 -0.1094037 1.088881 3.684654 -0.1967288 1.41133 3.779916 0.125674 0.683464 3.71349 0.1951448 1.069947 3.586178 0.2374336 1.401133 3.487309  SA_HookPunch_Close
0.1311312 0.04106677 3.470646 0.05981292 0.1304256 3.467305 -0.01797859 0.2112445 3.1566 0.2156956 0.1859819 2.956936 0.1518589 0.1145374 3.569346 0.3068011 0.2901635 3.76676 0.3368355 0.1573858 3.490043 0.09670748 0.2596114 3.547869 -0.01117663 0.7004201 3.58414 -0.1073292 1.090732 3.678934 -0.1949965 1.41292 3.774765 0.1225088 0.6845624 3.712118 0.1953856 1.069503 3.582066 0.2372486 1.401135 3.484519  SA_HookPunch_Close
0.1380926 0.04391301 3.467179 0.06974114 0.1334952 3.460684 0.008640008 0.2230229 3.150928 0.2523361 0.1829218 2.966234 0.1551355 0.1174328 3.568327 0.3038783 0.29091 3.770062 0.3396417 0.1515493 3.497291 0.1013516 0.2625217 3.543713 -0.007831855 0.7034777 3.574329 -0.105649 1.092476 3.67275 -0.1953823 1.413278 3.771279 0.1175634 0.6869976 3.710365 0.1959049 1.068859 3.574541 0.2369855 1.400797 3.477705  SA_HookPunch_Close
0.1439604 0.04589713 3.46671 0.07709427 0.1353177 3.458266 0.02001234 0.2316965 3.148561 0.2616931 0.1831821 2.963239 0.1585748 0.1197702 3.568975 0.3020137 0.2939662 3.773727 0.3451622 0.1507283 3.50405 0.1052304 0.2646216 3.542109 -0.005454225 0.7055256 3.567426 -0.1055409 1.093253 3.668544 -0.1981757 1.412467 3.769514 0.114567 0.6895232 3.708282 0.1969823 1.069066 3.56843 0.2367906 1.40154 3.472908  SA_HookPunch_Close
0.1510728 0.04818451 3.46722 0.08559479 0.1372572 3.456711 0.02899923 0.2419736 3.146746 0.2637187 0.1857656 2.95477 0.1630138 0.1226193 3.570418 0.2998672 0.2988335 3.7785 0.3531674 0.1515738 3.512835 0.1099298 0.2670633 3.540967 -0.002614005 0.7077929 3.559569 -0.1060847 1.093801 3.663808 -0.2029906 1.410781 3.767766 0.1114751 0.6928043 3.705379 0.1987859 1.069607 3.561157 0.2367641 1.402859 3.467621  SA_HookPunch_Close
0.1587199 0.05062342 3.469317 0.09352101 0.1390243 3.456996 0.03355702 0.2502012 3.145429 0.2600202 0.1897333 2.945015 0.1681934 0.1258336 3.5727 0.2985278 0.3049266 3.784449 0.3638626 0.1576455 3.521496 0.1149759 0.2696871 3.540708 0.000672238 0.7102171 3.55223 -0.1078618 1.094175 3.658867 -0.2106319 1.408501 3.765223 0.1102193 0.6967382 3.701626 0.2019904 1.070925 3.553417 0.2369788 1.405333 3.462892  SA_HookPunch_Close
0.1658695 0.05280697 3.471885 0.1004497 0.1404572 3.458018 0.03585084 0.2566601 3.144794 0.2545349 0.1936491 2.936674 0.1732201 0.1288074 3.57509 0.2975422 0.3109299 3.790166 0.3746183 0.1654531 3.529398 0.119744 0.2720374 3.540813 0.003975229 0.7123427 3.545783 -0.1100066 1.094221 3.654188 -0.2189012 1.405862 3.762335 0.1100433 0.7004392 3.697801 0.2056989 1.072313 3.546263 0.2373739 1.40792 3.459015  SA_HookPunch_Close
0.1705237 0.05431044 3.473903 0.1043717 0.1413996 3.459356 0.03596707 0.2588022 3.144716 0.2533813 0.1936595 2.935922 0.1769645 0.1308141 3.57664 0.297862 0.3158942 3.792634 0.3816211 0.1723554 3.532855 0.1232131 0.2736521 3.54118 0.0065607 0.7138304 3.542831 -0.1121183 1.094187 3.651545 -0.2258246 1.40398 3.760048 0.1120906 0.7029786 3.695302 0.2091088 1.074018 3.542592 0.238122 1.410619 3.458296  SA_HookPunch_Close
0.1775465 0.05592132 3.476851 0.1101933 0.1421516 3.461661 0.03633656 0.2608154 3.145818 0.2546729 0.1917849 2.939247 0.1830744 0.1330694 3.578892 0.2992884 0.3233677 3.79428 0.3911677 0.1809689 3.536627 0.1287554 0.2753354 3.542024 0.01039489 0.7151709 3.539666 -0.1155559 1.093251 3.648139 -0.2360977 1.400523 3.756433 0.1162302 0.7059603 3.692032 0.2138767 1.076413 3.5383 0.2391784 1.414262 3.457892  SA_HookPunch_Close
0.1814358 0.05618942 3.478383 0.1133302 0.1419443 3.463184 0.03667964 0.2608278 3.14724 0.2579137 0.1890182 2.944739 0.1868631 0.1336004 3.580062 0.3009693 0.3274328 3.793404 0.3956095 0.1839622 3.53735 0.1320795 0.2755743 3.542759 0.0123957 0.7151006 3.539094 -0.1177035 1.091973 3.646872 -0.2416094 1.398147 3.754475 0.1193898 0.7068468 3.690704 0.2160855 1.077577 3.53704 0.2396651 1.415924 3.458218  SA_HookPunch_Close
0.1857264 0.05580008 3.480288 0.1167911 0.1409715 3.465518 0.03659042 0.2601935 3.150411 0.2612525 0.1827723 2.953839 0.1915967 0.1334966 3.581645 0.3047127 0.3315798 3.790824 0.3999836 0.1852617 3.536621 0.1359389 0.2750868 3.544177 0.01409204 0.7140347 3.539651 -0.1197861 1.089908 3.646286 -0.2455056 1.395817 3.75253 0.1232203 0.7071195 3.6898 0.2168651 1.078957 3.536926 0.2391575 1.417527 3.458684  SA_HookPunch_Close
0.1894723 0.05535817 3.482006 0.1198227 0.1399989 3.467787 0.03635808 0.2595382 3.15378 0.2639421 0.1762595 2.963051 0.1959399 0.1333039 3.583107 0.3086177 0.3351679 3.787915 0.4035862 0.1857717 3.535396 0.1393827 0.2745333 3.545624 0.01538105 0.7128788 3.540596 -0.1215061 1.087972 3.646151 -0.2481234 1.393994 3.750996 0.1266735 0.7072408 3.689202 0.216937 1.080322 3.537326 0.2383531 1.41896 3.459135  SA_HookPunch_Close
0.1929847 0.05447364 3.48442 0.1225658 0.1385314 3.471084 0.03372886 0.2594744 3.159612 0.2636398 0.1681156 2.975487 0.2008141 0.1329823 3.58503 0.3156519 0.3381635 3.784718 0.4072499 0.18629 3.532431 0.1427732 0.2736555 3.547726 0.01582857 0.7111537 3.542434 -0.1227367 1.085923 3.646946 -0.2475826 1.393342 3.749808 0.1300412 0.7071621 3.688862 0.2145202 1.082766 3.539904 0.2359447 1.421325 3.461375  SA_HookPunch_Close
0.1965439 0.05332589 3.487473 0.125176 0.1367086 3.475246 0.02962931 0.2597868 3.167395 0.2617101 0.1587832 2.991201 0.2062302 0.1326793 3.587278 0.3248082 0.3412321 3.78124 0.4113069 0.1877751 3.528113 0.1462146 0.272604 3.550283 0.01560779 0.7090358 3.54491 -0.1238715 1.083697 3.64859 -0.2456838 1.393094 3.749132 0.1334536 0.7070407 3.688472 0.2115431 1.085366 3.542953 0.2335554 1.423621 3.463287  SA_HookPunch_Close
0.2003349 0.05159986 3.492334 0.127416 0.134006 3.481847 0.02191766 0.261308 3.180658 0.2560376 0.1467394 3.015827 0.2131344 0.1325504 3.590418 0.3396524 0.3450253 3.776662 0.4165047 0.1923517 3.519974 0.1497678 0.2711774 3.554133 0.01348718 0.7059388 3.549183 -0.1248835 1.081143 3.652383 -0.2405051 1.393944 3.74965 0.1369816 0.7069228 3.687927 0.2078355 1.088146 3.546321 0.2314083 1.425654 3.463979  SA_HookPunch_Close
0.2020806 0.05070424 3.495345 0.1280097 0.1324472 3.486046 0.01727136 0.2630757 3.189701 0.2522445 0.1416657 3.031098 0.2168057 0.1327078 3.592124 0.3486907 0.3475628 3.773379 0.4193543 0.1964651 3.513994 0.1511573 0.2704401 3.556494 0.01125761 0.704119 3.552153 -0.1254833 1.079978 3.65514 -0.2370529 1.394855 3.750422 0.1383392 0.7069441 3.687593 0.207124 1.088727 3.546477 0.2305825 1.426234 3.464095  SA_HookPunch_Close
0.2038973 0.04982603 3.498444 0.1286343 0.1308593 3.49046 0.01277872 0.2651426 3.199511 0.2480958 0.1364099 3.047322 0.2205905 0.1329256 3.59379 0.3579232 0.3503264 3.769489 0.4220066 0.2008082 3.507493 0.1525585 0.2697009 3.558954 0.008890228 0.7022199 3.555408 -0.1261102 1.078807 3.658033 -0.2335989 1.395807 3.750935 0.1396516 0.7069738 3.687243 0.2064459 1.089308 3.546665 0.2297885 1.426837 3.46434  SA_HookPunch_Close
0.2056316 0.0488131 3.501674 0.1288594 0.1289251 3.495493 0.008385735 0.2699202 3.212459 0.2436163 0.1346281 3.065932 0.2245955 0.1331203 3.595264 0.3678996 0.3539019 3.763518 0.4245623 0.2062143 3.498788 0.1536636 0.2687297 3.561677 0.005576568 0.699857 3.559521 -0.1268382 1.077609 3.661229 -0.2297475 1.397002 3.751069 0.1406887 0.7068387 3.68679 0.2058097 1.089897 3.547401 0.228569 1.427875 3.466775  SA_HookPunch_Close
0.2074013 0.04807329 3.505007 0.1292192 0.1272688 3.500635 0.004631298 0.2714095 3.224009 0.2404328 0.1295397 3.084804 0.2284778 0.1335814 3.596786 0.3771947 0.3577169 3.757381 0.4265352 0.2115985 3.490324 0.1547647 0.2680173 3.564495 0.002377646 0.6977368 3.563715 -0.1276945 1.076633 3.66418 -0.2265383 1.398261 3.750547 0.1415541 0.706951 3.686379 0.2051222 1.090575 3.547831 0.2273953 1.428905 3.46856  SA_HookPunch_Close
0.2089613 0.04713809 3.509035 0.1291262 0.1251836 3.507372 0.0002135207 0.2769945 3.241593 0.2351778 0.1280148 3.108535 0.2328777 0.1340632 3.598444 0.3878611 0.3623363 3.748058 0.4277923 0.2181864 3.478371 0.1557027 0.2670436 3.568284 -0.001938088 0.6949632 3.570057 -0.128516 1.07567 3.668112 -0.2226825 1.399945 3.749673 0.142443 0.7069468 3.686298 0.2035238 1.091186 3.548337 0.2248277 1.429865 3.470296  SA_HookPunch_Close
0.2101 0.04621518 3.513848 0.1285958 0.1229759 3.515659 -0.004400475 0.2838919 3.263706 0.2282022 0.1259087 3.137037 0.2374063 0.1347901 3.600264 0.3990558 0.3674533 3.735954 0.4274795 0.2255516 3.46363 0.1563674 0.2660875 3.573005 -0.007073207 0.6919096 3.578403 -0.1292677 1.074972 3.672774 -0.2185787 1.40209 3.748217 0.1432192 0.7070885 3.686492 0.2017815 1.091885 3.548995 0.2221009 1.431 3.472599  SA_HookPunch_Close
0.2103725 0.04562318 3.517874 0.1277638 0.1214136 3.522732 -0.007584793 0.2897977 3.282884 0.2219886 0.1240573 3.16068 0.2404823 0.135523 3.601679 0.4069091 0.3712975 3.725261 0.4256214 0.2312046 3.451166 0.1565031 0.2654945 3.577096 -0.01128332 0.6896523 3.585942 -0.1297256 1.074802 3.676527 -0.2156162 1.403996 3.74673 0.1436168 0.7073604 3.686907 0.2004725 1.092466 3.549558 0.2201296 1.431958 3.474681  SA_HookPunch_Close
0.2092225 0.04516017 3.521385 0.1258463 0.1202883 3.52892 -0.01132451 0.2946236 3.299675 0.2153432 0.1233371 3.179715 0.2417237 0.1361156 3.602807 0.4123672 0.3739432 3.715722 0.4223145 0.2346671 3.440753 0.1555729 0.2651107 3.580724 -0.01501231 0.6881371 3.592923 -0.1296072 1.075302 3.67979 -0.2123811 1.406221 3.745481 0.1436513 0.7076885 3.687502 0.1996777 1.092838 3.549936 0.218977 1.432705 3.476684  SA_HookPunch_Close
0.208004 0.0449065 3.524734 0.1240195 0.1194429 3.534823 -0.01410542 0.2988256 3.3155 0.2091905 0.1216254 3.197828 0.2426462 0.1368319 3.603835 0.4168236 0.376454 3.706543 0.4184562 0.2378045 3.431083 0.1545969 0.2649368 3.584193 -0.01837961 0.6869487 3.599657 -0.1295866 1.075932 3.682723 -0.209735 1.408347 3.74396 0.1435729 0.7081659 3.688103 0.1990339 1.093246 3.550115 0.2181961 1.433419 3.478262  SA_HookPunch_Close
0.2052933 0.04470944 3.528132 0.1207659 0.1188276 3.540876 -0.01826088 0.303378 3.332294 0.2011658 0.1214154 3.214611 0.2420631 0.1374968 3.604717 0.4206134 0.3785909 3.696725 0.4131676 0.239525 3.421571 0.1524635 0.2649068 3.587747 -0.02177922 0.6863233 3.60689 -0.1301399 1.076869 3.686305 -0.2080781 1.410592 3.743127 0.1433895 0.7087634 3.688849 0.1989952 1.093529 3.550044 0.2182658 1.434073 3.48  SA_HookPunch_Close
0.2026075 0.0447787 3.531439 0.1176586 0.1185267 3.54674 -0.02240793 0.3060734 3.347031 0.1935805 0.1190603 3.230916 0.2412836 0.1383505 3.605571 0.4236242 0.3807303 3.6872 0.4075647 0.2410839 3.412709 0.1503536 0.2651366 3.591206 -0.02483724 0.6860573 3.613899 -0.1308455 1.077959 3.68973 -0.2070484 1.412785 3.742251 0.1431493 0.7095746 3.689589 0.1990593 1.093926 3.549761 0.2185986 1.434777 3.481303  SA_HookPunch_Close
0.1974775 0.04498827 3.535705 0.1121833 0.1185329 3.554259 -0.02931808 0.3096513 3.365838 0.1824312 0.1175308 3.250254 0.2385327 0.1393881 3.606586 0.4262939 0.3828887 3.674932 0.3989923 0.2418683 3.402036 0.1464539 0.2656856 3.59564 -0.02856485 0.6864829 3.622991 -0.1322055 1.079666 3.695383 -0.2068927 1.415441 3.743863 0.1427366 0.7108505 3.690545 0.1993156 1.094472 3.548995 0.2191454 1.435858 3.483338  SA_HookPunch_Close
0.1928079 0.045398 3.539424 0.1073673 0.1188529 3.560699 -0.03498457 0.3125039 3.381435 0.1731342 0.1161577 3.26636 0.235739 0.1404289 3.607522 0.4276813 0.3846306 3.664737 0.3911982 0.2424339 3.393529 0.1429351 0.266412 3.599455 -0.03150312 0.687246 3.630641 -0.1335255 1.081352 3.700256 -0.2073481 1.417743 3.745704 0.1422777 0.7121775 3.691306 0.1994992 1.095076 3.548066 0.2197175 1.436878 3.484737  SA_HookPunch_Close
0.1878954 0.04581451 3.542897 0.10249 0.119375 3.566413 -0.04106818 0.3145669 3.39415 0.1649277 0.1157851 3.279437 0.2324146 0.1413071 3.608554 0.4280551 0.3857348 3.65686 0.3841775 0.242862 3.387107 0.1393184 0.2672056 3.602889 -0.03392093 0.6883302 3.637176 -0.1348883 1.083085 3.704623 -0.2083846 1.419769 3.748395 0.1417805 0.7135053 3.691918 0.1995966 1.095739 3.547149 0.2202453 1.437923 3.486062  SA_HookPunch_Close
0.1832191 0.04642045 3.546303 0.09791304 0.1200866 3.571982 -0.04645584 0.3166395 3.406381 0.1573089 0.1152676 3.292202 0.229169 0.1423316 3.609589 0.4280288 0.3868995 3.64919 0.3771447 0.2433312 3.381042 0.1358704 0.268163 3.606236 -0.03612993 0.6895822 3.643446 -0.1362526 1.084901 3.708818 -0.2095532 1.421829 3.75101 0.1412259 0.7149571 3.692462 0.1996386 1.096482 3.546071 0.2208153 1.438988 3.487005  SA_HookPunch_Close
0.177389 0.04693866 3.5504 0.09230436 0.1208811 3.578218 -0.05374847 0.318042 3.418534 0.1489678 0.1155484 3.304473 0.224805 0.1432709 3.611074 0.4271143 0.3876868 3.642596 0.3699449 0.2442403 3.375652 0.131536 0.2691647 3.610055 -0.03869848 0.6910582 3.650049 -0.1376689 1.086973 3.713538 -0.2104691 1.424155 3.754555 0.1402214 0.7165272 3.692951 0.1992653 1.097389 3.545094 0.2212916 1.440178 3.488013  SA_HookPunch_Close
0.172159 0.04732406 3.554181 0.08733036 0.1215206 3.583938 -0.0600091 0.3191884 3.429572 0.1416788 0.1155475 3.31573 0.2208111 0.1440114 3.612474 0.4259983 0.3882188 3.636567 0.3632081 0.2448384 3.370853 0.1276375 0.2699753 3.613558 -0.04092846 0.69231 3.656006 -0.1389857 1.08872 3.717802 -0.211413 1.426106 3.757782 0.1392265 0.7178279 3.69335 0.1988743 1.098024 3.544031 0.2217803 1.44103 3.488619  SA_HookPunch_Close
0.1647666 0.0476172 3.559585 0.080323 0.1222212 3.591804 -0.06954895 0.3196534 3.443429 0.1316496 0.1157231 3.32924 0.2148892 0.1447666 3.614627 0.423671 0.3886846 3.629884 0.354608 0.24582 3.365452 0.1219786 0.2708721 3.618422 -0.04426752 0.6938093 3.663886 -0.1406948 1.090911 3.723774 -0.2121041 1.428761 3.761621 0.1372457 0.7193662 3.693908 0.1976913 1.098858 3.543123 0.2221648 1.442068 3.489686  SA_HookPunch_Close
0.1582711 0.04775727 3.564461 0.07422532 0.1227344 3.598806 -0.07788472 0.3197714 3.455451 0.1230582 0.1158283 3.340836 0.2095438 0.1452795 3.616635 0.4212274 0.3888689 3.624296 0.3469816 0.2464937 3.361007 0.1169579 0.2715319 3.622763 -0.04718159 0.6950075 3.670742 -0.1421953 1.092688 3.729026 -0.2127178 1.430946 3.76483 0.135275 0.7205561 3.694372 0.1964736 1.099402 3.542273 0.2225213 1.442731 3.490366  SA_HookPunch_Close
0.1509363 0.04775572 3.570079 0.06733538 0.1231984 3.606543 -0.08766495 0.3192259 3.46759 0.113188 0.1157807 3.351937 0.2032536 0.1456383 3.61919 0.4178757 0.3889472 3.61977 0.3391804 0.2470369 3.357524 0.1111518 0.2721078 3.627682 -0.05069022 0.6961904 3.678021 -0.1437282 1.094521 3.735041 -0.2128717 1.433386 3.767651 0.132501 0.721637 3.695196 0.19426 1.099962 3.54203 0.2223222 1.443283 3.491128  SA_HookPunch_Close
0.1434167 0.04766369 3.575993 0.06033112 0.1235937 3.614609 -0.09757964 0.3185226 3.480095 0.1032022 0.1156818 3.363263 0.1966646 0.145875 3.621958 0.4140976 0.3888119 3.615309 0.3310066 0.2473016 3.354206 0.1051523 0.2725897 3.63283 -0.05427031 0.6973068 3.685469 -0.1452938 1.096283 3.74121 -0.2131289 1.435729 3.770348 0.1294404 0.7225952 3.696072 0.1918097 1.100338 3.541723 0.222106 1.443583 3.491595  SA_HookPunch_Close
0.137644 0.04754555 3.580639 0.05497815 0.1238568 3.620646 -0.1052329 0.3178407 3.488726 0.09537859 0.1155576 3.370641 0.1914882 0.1459323 3.624512 0.410792 0.3886343 3.613355 0.325313 0.2469538 3.353116 0.1004829 0.2728711 3.636919 -0.05721055 0.6980687 3.690907 -0.1462836 1.097503 3.74652 -0.2128176 1.437481 3.772253 0.1267224 0.7231575 3.697293 0.18874 1.1007 3.542312 0.220659 1.443758 3.491915  SA_HookPunch_Close
0.1285677 0.047279 3.588097 0.04662599 0.1241916 3.630269 -0.1171353 0.3167222 3.502494 0.0831538 0.1153702 3.382289 0.1832417 0.1458941 3.628721 0.4052444 0.388145 3.610417 0.3160969 0.2459866 3.351674 0.09311254 0.2732059 3.64348 -0.06181357 0.699168 3.699473 -0.1477035 1.099325 3.754901 -0.2122881 1.440051 3.775102 0.1222791 0.7238938 3.699304 0.1835951 1.101117 3.543271 0.2180678 1.443818 3.492126  SA_HookPunch_Close
0.1154741 0.04676497 3.599162 0.03471037 0.1245209 3.643958 -0.1343756 0.3152046 3.521529 0.06470318 0.1153399 3.396913 0.1712223 0.1454614 3.636006 0.3955972 0.3873364 3.608733 0.3030204 0.2423884 3.352757 0.08248855 0.2734077 3.653483 -0.06860207 0.7004806 3.71151 -0.1481129 1.101801 3.768029 -0.2084033 1.443733 3.77908 0.1154135 0.7245041 3.703592 0.1724157 1.101963 3.546497 0.209225 1.443836 3.491581  SA_HookPunch_Close
0.1041679 0.04615271 3.609368 0.02441795 0.1246793 3.655871 -0.148707 0.3143861 3.537429 0.04885121 0.115501 3.408887 0.1607673 0.1446763 3.643779 0.3853236 0.3867562 3.610041 0.292394 0.2371632 3.35688 0.07338436 0.2733202 3.662867 -0.07421158 0.7015014 3.72161 -0.1507894 1.104154 3.77242 -0.2092182 1.446508 3.779738 0.1096328 0.7246358 3.708664 0.1613391 1.102824 3.551491 0.199247 1.443757 3.491694  SA_HookPunch_Close
0.0888464 0.04500353 3.62347 0.01031257 0.1247164 3.671411 -0.1664345 0.3147607 3.557436 0.02934946 0.1168464 3.424748 0.1464644 0.1431533 3.655286 0.3683489 0.3869058 3.615415 0.2790929 0.2299167 3.36543 0.06099446 0.2728866 3.675622 -0.08159284 0.7027541 3.733872 -0.1558334 1.107105 3.773407 -0.2121531 1.449821 3.780334 0.1020401 0.7243688 3.716171 0.1474112 1.103844 3.560148 0.185656 1.443475 3.493546  SA_HookPunch_Close
0.08047749 0.04422474 3.631361 0.002515929 0.1246676 3.679528 -0.174835 0.316213 3.567389 0.02029284 0.1186373 3.433238 0.1385964 0.1422515 3.661917 0.3577598 0.3876407 3.620309 0.2723401 0.227392 3.371054 0.05406167 0.2725713 3.682411 -0.08597057 0.7033693 3.739419 -0.1588037 1.108494 3.773239 -0.2134316 1.451445 3.781858 0.09760614 0.724134 3.720185 0.1424957 1.104 3.564974 0.1816495 1.442725 3.494405  SA_HookPunch_Close
0.07011773 0.04313993 3.642292 -0.007145209 0.1245606 3.690179 -0.1836999 0.3196125 3.580019 0.01059915 0.1222932 3.444297 0.1288961 0.141155 3.671348 0.3441028 0.3890574 3.629285 0.2643282 0.2269436 3.379366 0.04533305 0.2721585 3.691464 -0.09203057 0.7040684 3.745526 -0.1632511 1.109998 3.772423 -0.2157082 1.453227 3.78319 0.09156705 0.723874 3.725496 0.1384074 1.103769 3.570935 0.1791409 1.441093 3.49477  SA_HookPunch_Close
0.06410928 0.0424912 3.649321 -0.01273207 0.1245304 3.69664 -0.1875463 0.3227468 3.587438 0.006115096 0.1254431 3.450785 0.1233637 0.1405383 3.677695 0.336282 0.3901109 3.636787 0.2597008 0.2288882 3.385298 0.04027565 0.2719437 3.697146 -0.09581815 0.7044997 3.748434 -0.1663351 1.110793 3.771416 -0.2175894 1.454139 3.784069 0.08789082 0.7237719 3.728911 0.1371414 1.103333 3.574279 0.1791254 1.439674 3.494529  SA_HookPunch_Close
0.05906035 0.04199553 3.65546 -0.01742761 0.1245844 3.702095 -0.190164 0.3258668 3.593569 0.003020959 0.1286342 3.456141 0.118765 0.140059 3.683404 0.3299829 0.3910525 3.644267 0.2559564 0.2316245 3.390876 0.03606554 0.2718232 3.702069 -0.09899782 0.7049427 3.75054 -0.1691777 1.111464 3.770295 -0.2195586 1.454859 3.784957 0.08485831 0.7237349 3.731958 0.1364384 1.102861 3.577019 0.1795975 1.43832 3.494239  SA_HookPunch_Close
0.05592408 0.04172814 3.659428 -0.02035908 0.1246963 3.705432 -0.1913222 0.3281472 3.597183 0.001777129 0.1311567 3.459289 0.1159494 0.1397753 3.68727 0.3264916 0.3916267 3.6501 0.2539928 0.2343217 3.394947 0.03350683 0.2717988 3.705224 -0.1008684 0.705318 3.751522 -0.1712222 1.111899 3.769334 -0.2213226 1.455259 3.785685 0.08313216 0.7237409 3.734031 0.1362169 1.102479 3.578651 0.1801502 1.437392 3.494087  SA_HookPunch_Close
0.05089553 0.04142582 3.665744 -0.02512745 0.1250401 3.710513 -0.1926455 0.3319964 3.602222 0.0008251835 0.1355138 3.464124 0.1114256 0.1393911 3.693644 0.321482 0.3924471 3.660689 0.2515831 0.2395647 3.402144 0.02944412 0.2718823 3.710212 -0.1036234 0.7061196 3.752718 -0.1742409 1.112779 3.767421 -0.2238308 1.456053 3.78686 0.08064784 0.7238151 3.73747 0.1358918 1.101814 3.581047 0.1809498 1.435935 3.493979  SA_HookPunch_Close
0.04718937 0.0413487 3.670318 -0.02868555 0.1254652 3.714016 -0.1932303 0.3349919 3.605341 0.00089808 0.1389582 3.467528 0.1080819 0.1392102 3.698428 0.3185094 0.3927431 3.669269 0.2504329 0.2438973 3.407897 0.02648576 0.272083 3.713799 -0.1054408 0.7069063 3.75331 -0.1762116 1.113615 3.765735 -0.2253861 1.456796 3.787694 0.07904567 0.7239626 3.740068 0.1357078 1.101326 3.582621 0.1815183 1.434931 3.493979  SA_HookPunch_Close
0.0440919 0.04145074 3.673803 -0.03169368 0.1259923 3.716437 -0.1933474 0.3373775 3.606591 0.002145128 0.1417747 3.470099 0.1052985 0.1391503 3.702391 0.3167597 0.392723 3.677389 0.2506202 0.2478244 3.413316 0.02407034 0.2723861 3.716519 -0.106706 0.7077637 3.753397 -0.1771407 1.114587 3.763804 -0.2256396 1.457709 3.788081 0.07797606 0.7241637 3.742212 0.1358905 1.100787 3.583454 0.1823455 1.43403 3.493793  SA_HookPunch_Close
0.0409102 0.04168046 3.677285 -0.03476719 0.1266465 3.718838 -0.1934551 0.3398663 3.607769 0.003494101 0.1447062 3.472747 0.1024355 0.1392058 3.70639 0.3148867 0.3927916 3.685668 0.2508548 0.2519031 3.41892 0.02160038 0.2728084 3.71925 -0.1079604 0.708742 3.753477 -0.1780021 1.115681 3.761809 -0.2258329 1.458722 3.788437 0.07689519 0.724472 3.744395 0.1361444 1.100315 3.584285 0.1832875 1.433181 3.493591  SA_HookPunch_Close
0.03677459 0.04223192 3.681011 -0.03870086 0.127689 3.721222 -0.1937215 0.3427418 3.607815 0.005770044 0.1482235 3.475628 0.09876378 0.1394347 3.711085 0.3127275 0.3927754 3.69623 0.2520969 0.2565366 3.426291 0.01849123 0.2735271 3.722263 -0.1093175 0.7101893 3.753394 -0.1784686 1.117328 3.75894 -0.2253031 1.460271 3.788442 0.07572921 0.7249878 3.747047 0.1371976 1.09965 3.585019 0.1854355 1.43205 3.493196  SA_HookPunch_Close
0.03273912 0.04294002 3.68416 -0.0425037 0.1288421 3.723168 -0.1940514 0.3454701 3.607279 0.007819729 0.1513394 3.478171 0.09516914 0.1398035 3.715212 0.3104723 0.3927834 3.705765 0.2533619 0.2601836 3.433258 0.01547922 0.2743614 3.72486 -0.1105221 0.7117172 3.753348 -0.1786852 1.11905 3.756212 -0.224606 1.461887 3.788274 0.07466419 0.7255921 3.749469 0.1385607 1.099139 3.585811 0.1880122 1.431091 3.493021  SA_HookPunch_Close
0.02778144 0.04400301 3.687409 -0.04713349 0.1304107 3.725073 -0.1945309 0.3487073 3.605878 0.01010342 0.1547498 3.480927 0.0907373 0.1404161 3.719707 0.307545 0.3927989 3.716501 0.2549685 0.2635044 3.441504 0.01180537 0.275533 3.727614 -0.1118584 0.7137224 3.753335 -0.1786495 1.121293 3.752954 -0.2235155 1.463992 3.787856 0.07344843 0.7264385 3.752234 0.1406562 1.098662 3.586897 0.1917775 1.430077 3.493095  SA_HookPunch_Close
0.01539375 0.04591548 3.693176 -0.05853895 0.1335133 3.728676 -0.1973204 0.3550993 3.602113 0.01092775 0.1595539 3.485914 0.0795811 0.1411942 3.727623 0.3004782 0.3905569 3.734561 0.2567678 0.2629617 3.457229 0.002722936 0.2776376 3.732662 -0.1145074 0.7178428 3.754272 -0.1774158 1.125964 3.746881 -0.2196283 1.468481 3.786551 0.07096083 0.7275705 3.757177 0.1452789 1.097787 3.590383 0.2002407 1.428144 3.495034  SA_HookPunch_Close
