-0.01850484 0.005456328 8.487888 -0.08292036 0.1042558 8.509579 -0.2793468 0.3693726 8.535772 -0.317504 0.6671394 8.465158 0.05503317 0.09605467 8.51581 0.2777403 0.3389771 8.552269 0.3422118 0.6357967 8.498921 -0.005158944 0.2400132 8.501589 -0.09446166 0.6838545 8.464676 -0.07594524 1.096434 8.461465 -0.05476902 1.442298 8.48603 0.0912409 0.6858543 8.468152 0.1304121 1.088112 8.384141 0.1618557 1.434859 8.379097  O_Gathering_Close
-0.02078764 0.005953193 8.487357 -0.08506088 0.1045841 8.509967 -0.2817702 0.3696212 8.53734 -0.3181351 0.6667611 8.463225 0.05290325 0.0962261 8.515738 0.276313 0.3385412 8.552555 0.3398845 0.635205 8.497295 -0.00717525 0.2402599 8.501801 -0.09640656 0.6841052 8.465219 -0.07683145 1.096627 8.461121 -0.05478911 1.442405 8.486137 0.08930458 0.6861057 8.468201 0.1300708 1.084293 8.367263 0.1593357 1.431162 8.3758  O_Gathering_Close
-0.02485274 0.00677073 8.486398 -0.08887415 0.1051131 8.510517 -0.2860281 0.3700248 8.53985 -0.3199211 0.6661873 8.460814 0.04910227 0.09648263 8.515545 0.2735984 0.3378073 8.552967 0.3357186 0.6342027 8.494699 -0.01077048 0.240647 8.502081 -0.0998634 0.6844988 8.466036 -0.07840912 1.096909 8.460386 -0.05482481 1.442527 8.486196 0.08585866 0.6865013 8.468235 0.1289964 1.079271 8.34876 0.1543439 1.425735 8.372602  O_Gathering_Close
-0.03242491 0.00817883 8.484611 -0.09597187 0.1059707 8.511363 -0.293835 0.370658 8.544168 -0.3238063 0.6650242 8.457232 0.0420142 0.09685218 8.5151 0.2683474 0.3364244 8.553578 0.3280089 0.6322611 8.490131 -0.0174775 0.2412492 8.502464 -0.1063077 0.6851114 8.46735 -0.08147161 1.097283 8.458854 -0.055055 1.442585 8.486112 0.07942535 0.6871183 8.468208 0.126458 1.072206 8.327145 0.1497045 1.417028 8.369627  O_Gathering_Close
-0.04269443 0.01011252 8.482502 -0.1055855 0.1071755 8.512428 -0.3043483 0.3715556 8.549505 -0.3307863 0.6640561 8.45542 0.03239014 0.09741604 8.514604 0.2608316 0.334808 8.554427 0.3175909 0.6298587 8.484944 -0.0265731 0.2421161 8.503003 -0.1150204 0.6859894 8.469014 -0.08564548 1.097771 8.456865 -0.0553755 1.442612 8.485886 0.07071318 0.6880045 8.4683 0.1216305 1.065213 8.308537 0.1436668 1.407343 8.369442  O_Gathering_Close
-0.05388473 0.01217222 8.480524 -0.1160507 0.1084503 8.513545 -0.3157229 0.372485 8.554897 -0.3397765 0.6636259 8.456075 0.02189101 0.09801328 8.514186 0.2523025 0.3331982 8.55538 0.3062895 0.6273693 8.480193 -0.03648595 0.2430309 8.503631 -0.1244929 0.6869131 8.470746 -0.0902345 1.098189 8.454843 -0.0557789 1.442489 8.48557 0.06122877 0.6889384 8.468537 0.1153244 1.060211 8.296394 0.1381965 1.399275 8.372294  O_Gathering_Close
-0.06379913 0.01376939 8.478983 -0.1253304 0.1094378 8.514319 -0.3256513 0.373203 8.559128 -0.3492685 0.6639928 8.459172 0.01256617 0.09841454 8.513783 0.2444374 0.3318094 8.555793 0.2964596 0.6252828 8.476601 -0.04527847 0.2437047 8.504081 -0.1328528 0.6875994 8.472071 -0.09419946 1.098416 8.454459 -0.0561165 1.442297 8.485598 0.05285289 0.6896247 8.468779 0.1096156 1.057771 8.290875 0.1337153 1.394203 8.377367  O_Gathering_Close
-0.07468216 0.01522291 8.477433 -0.1355218 0.1103082 8.514962 -0.3364346 0.373799 8.563327 -0.3610524 0.6650079 8.464845 0.002313392 0.09865439 8.513254 0.2355464 0.330246 8.555836 0.2857614 0.6230612 8.473119 -0.05493925 0.2442353 8.504438 -0.1420125 0.6881461 8.473316 -0.09845088 1.098464 8.455538 -0.05651019 1.44196 8.48596 0.0436721 0.6901644 8.468993 0.1032809 1.056865 8.289046 0.1293225 1.390685 8.384616  O_Gathering_Close
-0.08615135 0.01742518 8.476596 -0.1463918 0.1119223 8.516052 -0.347758 0.3752359 8.567285 -0.3736903 0.6669136 8.470542 -0.008623941 0.09961712 8.513629 0.2257791 0.3294119 8.556487 0.2748378 0.6216969 8.47124 -0.06522249 0.2454964 8.505552 -0.1516454 0.6894327 8.475098 -0.1030388 1.098989 8.453294 -0.05688642 1.441767 8.485661 0.03402968 0.6914317 8.470375 0.0970877 1.058808 8.293001 0.1255134 1.389096 8.399537  O_Gathering_Close
-0.09875225 0.02053213 8.476528 -0.1584135 0.1144421 8.517778 -0.360244 0.3776431 8.571437 -0.3879118 0.6698416 8.476768 -0.02072005 0.1014339 8.514854 0.2145669 0.3294748 8.557242 0.2632547 0.6214399 8.470695 -0.07658808 0.2476324 8.507496 -0.1622006 0.6916187 8.477654 -0.1079469 1.099846 8.44632 -0.05592934 1.44118 8.484518 0.02347346 0.6935561 8.472869 0.09069593 1.064297 8.304241 0.1219457 1.389553 8.424574  O_Gathering_Close
-0.1124711 0.02628708 8.477966 -0.1722894 0.1194501 8.520167 -0.3739132 0.3830366 8.573343 -0.4030819 0.6751938 8.478999 -0.03464053 0.1057006 8.519175 0.2015972 0.3315622 8.562807 0.2506358 0.623439 8.476162 -0.08960377 0.2522339 8.511662 -0.1739167 0.6962262 8.481087 -0.1142489 1.102179 8.434004 -0.05519972 1.441031 8.482648 0.01181217 0.6981992 8.479523 0.08479263 1.073824 8.324658 0.1191632 1.391042 8.464084  O_Gathering_Close
-0.125189 0.03470647 8.480879 -0.1863025 0.1270087 8.522581 -0.3867044 0.3915905 8.571189 -0.4167953 0.6829318 8.474637 -0.04878609 0.1125851 8.526876 0.1883969 0.335953 8.574653 0.2386032 0.6280502 8.489429 -0.1027183 0.25942 8.517921 -0.1851417 0.7033499 8.484698 -0.1198875 1.105559 8.417287 -0.05226026 1.440368 8.480557 0.00049253 0.7054917 8.490773 0.07942958 1.086469 8.352828 0.1157611 1.392266 8.515359  O_Gathering_Close
-0.1369193 0.04635072 8.485978 -0.1998747 0.1376605 8.526532 -0.3980818 0.4037881 8.56854 -0.4281951 0.6933841 8.466879 -0.06280337 0.1226066 8.537581 0.1753596 0.3427749 8.590278 0.2274049 0.6351237 8.507044 -0.1156137 0.2697241 8.52677 -0.1958326 0.7135403 8.49029 -0.125532 1.110206 8.399248 -0.04862509 1.439527 8.478664 -0.01076303 0.7159637 8.505939 0.07422097 1.10214 8.387411 0.1115605 1.394159 8.573364  O_Gathering_Close
-0.1465688 0.06029236 8.493022 -0.2116508 0.1505672 8.53192 -0.4066291 0.4186604 8.566224 -0.4358812 0.705716 8.457362 -0.07543866 0.1349705 8.550366 0.1636731 0.35132 8.60815 0.2181488 0.6438823 8.527255 -0.1271097 0.2823316 8.53755 -0.204977 0.7259927 8.497642 -0.1302014 1.115323 8.381861 -0.04489998 1.438425 8.476744 -0.02108382 0.728782 8.523663 0.06935878 1.119426 8.425577 0.1066721 1.396927 8.632576  O_Gathering_Close
-0.1548832 0.08647788 8.507262 -0.2232459 0.1750958 8.54344 -0.4131874 0.4458264 8.567507 -0.4360479 0.724726 8.437892 -0.08891158 0.1591028 8.57235 0.1498751 0.3705997 8.636996 0.2068673 0.6639046 8.560652 -0.1393012 0.3066645 8.556994 -0.2144844 0.7500849 8.513159 -0.1365476 1.124913 8.358225 -0.04050587 1.437323 8.475911 -0.03321771 0.7535542 8.553555 0.05987801 1.148132 8.475808 0.092039 1.405343 8.708309  O_Gathering_Close
-0.1578431 0.1203359 8.523973 -0.2295881 0.2069625 8.557547 -0.4148019 0.4797955 8.574163 -0.4287913 0.7461423 8.419337 -0.09772985 0.1909009 8.596182 0.1435433 0.39266 8.666033 0.2080152 0.685778 8.595113 -0.1473953 0.3385397 8.579286 -0.220916 0.7818003 8.534083 -0.1412169 1.133829 8.333338 -0.03416429 1.43469 8.47007 -0.04312299 0.7859957 8.587689 0.05023368 1.181643 8.515915 0.07324876 1.417429 8.771107  O_Gathering_Close
-0.1547694 0.152171 8.534394 -0.2292276 0.2367076 8.566801 -0.4125536 0.5101699 8.581761 -0.4209076 0.7668061 8.410953 -0.09932362 0.2209095 8.611664 0.1414707 0.4168938 8.681398 0.2085722 0.7098828 8.612411 -0.149369 0.3684635 8.595152 -0.2235344 0.8116295 8.55276 -0.1465741 1.143802 8.319708 -0.03307573 1.433995 8.473265 -0.0485578 0.8165048 8.614897 0.04622217 1.20974 8.532517 0.06022992 1.425104 8.805777  O_Gathering_Close
-0.1496169 0.1872758 8.539568 -0.2256892 0.2696524 8.573436 -0.4074066 0.5449218 8.586867 -0.4009739 0.790897 8.400958 -0.09622256 0.2542236 8.61967 0.1438903 0.4465193 8.680311 0.2110339 0.7385883 8.607566 -0.147766 0.4015634 8.606119 -0.2243925 0.8445577 8.569705 -0.1506491 1.152786 8.304881 -0.03107743 1.432755 8.472195 -0.05023925 0.8499483 8.634072 0.04996516 1.233417 8.518684 0.05772795 1.428679 8.806887  O_Gathering_Close
-0.1416147 0.2283477 8.539785 -0.2188271 0.3081257 8.576992 -0.4015094 0.58451 8.589187 -0.3760788 0.8158836 8.386882 -0.08883356 0.2932366 8.621906 0.1493776 0.4838294 8.666814 0.2138236 0.7744261 8.586162 -0.1427633 0.4401073 8.613543 -0.2231433 0.882612 8.585911 -0.1554733 1.162027 8.289393 -0.03110443 1.431765 8.469524 -0.04858987 0.888569 8.649135 0.05668439 1.25537 8.491725 0.05822517 1.427665 8.794314  O_Gathering_Close
-0.1344759 0.2593395 8.536858 -0.2124935 0.3370045 8.576748 -0.4008665 0.6118929 8.589143 -0.3658634 0.8294413 8.373377 -0.08205305 0.3225546 8.620495 0.1537649 0.5134126 8.652271 0.2148693 0.8024849 8.56391 -0.1379199 0.4688864 8.616582 -0.2210768 0.910699 8.595823 -0.1585682 1.167923 8.2788 -0.03128837 1.430607 8.467137 -0.04617981 0.9170869 8.658047 0.06009998 1.273947 8.479836 0.05712702 1.42673 8.79272  O_Gathering_Close
-0.1269379 0.2916228 8.53241 -0.2056973 0.3668588 8.5754 -0.4012028 0.6390822 8.58822 -0.3560497 0.8417525 8.360199 -0.07470749 0.3528684 8.617628 0.157922 0.5450115 8.635197 0.2146903 0.8322262 8.538297 -0.1326684 0.4984299 8.61895 -0.2187701 0.9391404 8.605953 -0.1621978 1.173355 8.270516 -0.03254513 1.429574 8.466004 -0.04342125 0.9460148 8.666839 0.06558873 1.288029 8.463009 0.05998023 1.428104 8.78175  O_Gathering_Close
-0.1160176 0.3353411 8.521592 -0.1957041 0.4065686 8.569446 -0.3985262 0.6747805 8.58136 -0.3347412 0.8579645 8.341604 -0.06389688 0.3931569 8.609248 0.1637896 0.5886792 8.60712 0.2142627 0.8727731 8.498273 -0.1248072 0.5371871 8.618976 -0.2150996 0.9754925 8.618126 -0.16707 1.178462 8.261656 -0.03478329 1.427555 8.464454 -0.0391116 0.9831859 8.677038 0.07114108 1.30752 8.446701 0.06187864 1.429121 8.772853  O_Gathering_Close
-0.1063327 0.3724846 8.508442 -0.186704 0.4396434 8.560836 -0.3950292 0.7031881 8.572096 -0.3140132 0.8710502 8.326401 -0.05417142 0.4267398 8.598331 0.1683036 0.6261906 8.579147 0.2125312 0.9070259 8.459649 -0.1176299 0.5688727 8.616238 -0.211618 1.004183 8.627161 -0.171195 1.181128 8.256174 -0.03706388 1.42543 8.463536 -0.0350642 1.012654 8.684244 0.07473476 1.324784 8.43742 0.06259449 1.429659 8.769235  O_Gathering_Close
-0.09356765 0.4207075 8.485102 -0.1747943 0.4812819 8.543853 -0.3907625 0.7361043 8.557621 -0.2903433 0.8888578 8.309247 -0.04136209 0.4691011 8.578272 0.1739125 0.6740109 8.537368 0.2103226 0.9499307 8.404526 -0.1082693 0.6075159 8.608506 -0.207612 1.03733 8.637764 -0.176874 1.182588 8.252368 -0.04043416 1.422207 8.463652 -0.03037242 1.046874 8.692505 0.07894368 1.344634 8.428322 0.06373592 1.430254 8.765495  O_Gathering_Close
-0.07455336 0.4925718 8.437522 -0.1569416 0.5401779 8.505884 -0.3835866 0.7776378 8.536109 -0.2609133 0.9167147 8.289702 -0.02234964 0.5292627 8.535936 0.1801736 0.7437587 8.464617 0.2046513 1.011006 8.312681 -0.09453057 0.6583904 8.587564 -0.2030876 1.075779 8.650663 -0.185391 1.181941 8.251926 -0.04557995 1.416904 8.466213 -0.02499293 1.08714 8.702188 0.08454199 1.369719 8.421912 0.06522579 1.430857 8.764164  O_Gathering_Close
-0.06652056 0.5230387 8.412624 -0.1493888 0.5637553 8.484793 -0.3810388 0.7916652 8.528334 -0.2530212 0.927798 8.283004 -0.0143982 0.5534478 8.513228 0.1820834 0.7726667 8.430436 0.2018169 1.035958 8.271085 -0.08888476 0.67674 8.574874 -0.2020243 1.086876 8.655045 -0.1889033 1.181015 8.253123 -0.04752193 1.414591 8.467896 -0.02366589 1.099165 8.705431 0.08700843 1.377996 8.421868 0.0658278 1.430879 8.765383  O_Gathering_Close
-0.05674432 0.5593679 8.381055 -0.1402084 0.5908383 8.457121 -0.3781248 0.8046664 8.521338 -0.2475822 0.940248 8.277035 -0.004832311 0.5813792 8.483974 0.1831756 0.807209 8.389685 0.1968833 1.066378 8.223108 -0.08217023 0.6959585 8.55773 -0.2016165 1.09537 8.66005 -0.1930424 1.179327 8.255757 -0.04971145 1.41176 8.470478 -0.023064 1.109192 8.70934 0.09091623 1.383759 8.42294 0.06666251 1.43005 8.767202  O_Gathering_Close
-0.04738991 0.595909 8.349365 -0.1313184 0.6172519 8.428458 -0.3738634 0.8140976 8.517279 -0.2448599 0.9521858 8.273562 0.004390495 0.6088262 8.45394 0.1840246 0.8405793 8.348289 0.1933502 1.094099 8.172945 -0.07575659 0.7127925 8.539479 -0.2021063 1.099249 8.664784 -0.1972462 1.177081 8.259207 -0.05171059 1.408895 8.473111 -0.02349756 1.115044 8.713272 0.09631105 1.385279 8.425136 0.06780149 1.428382 8.769485  O_Gathering_Close
-0.03999595 0.6283549 8.32464 -0.124032 0.6406747 8.405606 -0.3698311 0.8204378 8.513326 -0.2426125 0.9623985 8.2709 0.0119703 0.6334426 8.429862 0.1825496 0.8707471 8.316568 0.187159 1.120252 8.135377 -0.07036333 0.7270676 8.524756 -0.2026832 1.101 8.668873 -0.2010128 1.17472 8.262503 -0.05338017 1.406328 8.47519 -0.02411447 1.118893 8.716775 0.1032595 1.383804 8.426945 0.06945314 1.42625 8.770897  O_Gathering_Close
-0.03266309 0.6652219 8.299356 -0.1164111 0.6671509 8.381646 -0.3646786 0.8255689 8.508713 -0.2409377 0.9735041 8.268065 0.01993807 0.6619314 8.404426 0.1793506 0.90568 8.285316 0.1787237 1.151575 8.099197 -0.06460349 0.7427065 8.508721 -0.2035416 1.101101 8.673347 -0.2049763 1.171449 8.266377 -0.05508069 1.40327 8.477243 -0.02513079 1.121389 8.720881 0.1120867 1.37913 8.429086 0.0715998 1.423194 8.772113  O_Gathering_Close
-0.02793626 0.6945152 8.281478 -0.1110104 0.6880454 8.364334 -0.3602681 0.8282714 8.504868 -0.2403835 0.9820579 8.265944 0.0256237 0.6852194 8.385792 0.1761736 0.9336152 8.263206 0.1723359 1.176503 8.073219 -0.06040339 0.7549525 8.496634 -0.2043398 1.100144 8.676747 -0.2078321 1.168503 8.269452 -0.05626927 1.400769 8.47863 -0.02612291 1.122189 8.724227 0.1192613 1.373603 8.430871 0.07341786 1.420418 8.772858  O_Gathering_Close
-0.02566622 0.7155682 8.270062 -0.1077699 0.7028776 8.353263 -0.3572141 0.8296098 8.5019 -0.2404989 0.9882648 8.264595 0.02908738 0.7026709 8.373444 0.1730721 0.9546481 8.249211 0.1673095 1.195688 8.056933 -0.05774591 0.7639456 8.488574 -0.2048173 1.099553 8.678896 -0.2095872 1.166319 8.27135 -0.05693136 1.398903 8.479375 -0.02673779 1.122556 8.726437 0.1237787 1.369641 8.431992 0.07465012 1.418462 8.773241  O_Gathering_Close
-0.02437286 0.7387578 8.258718 -0.1048573 0.7189919 8.342243 -0.3539572 0.8305046 8.498385 -0.2409573 0.994864 8.263174 0.03218694 0.722625 8.360763 0.1687706 0.9787653 8.235472 0.1613322 1.218121 8.041158 -0.05517475 0.7739993 8.480253 -0.2052482 1.098983 8.681035 -0.2113051 1.163893 8.273206 -0.05747334 1.396811 8.479988 -0.02730141 1.122739 8.728702 0.1281368 1.365289 8.433047 0.07600982 1.416339 8.773524  O_Gathering_Close
-0.02521322 0.7599388 8.249469 -0.1033386 0.7334105 8.333502 -0.3515981 0.8307868 8.495006 -0.2412996 0.9992473 8.261418 0.03376897 0.7417654 8.349901 0.1633036 1.002099 8.224253 0.1546822 1.240458 8.028767 -0.05334727 0.7833584 8.473311 -0.2054164 1.09899 8.682634 -0.212434 1.161751 8.274485 -0.05758886 1.39482 8.480337 -0.02753345 1.122919 8.730453 0.1306871 1.362283 8.43368 0.07710655 1.414552 8.773746  O_Gathering_Close
-0.02744774 0.7766474 8.24293 -0.1029383 0.7444619 8.327535 -0.3501011 0.8304135 8.492151 -0.2414521 1.001656 8.259818 0.03402003 0.7576991 8.341834 0.157656 1.021794 8.216375 0.1482991 1.259887 8.020598 -0.05228935 0.7908775 8.468322 -0.2053964 1.09944 8.683681 -0.2131138 1.160165 8.275236 -0.05744986 1.393236 8.480469 -0.02751158 1.12311 8.731622 0.1316997 1.360643 8.433908 0.07790996 1.413318 8.773878  O_Gathering_Close
-0.03300546 0.7964264 8.235984 -0.1036169 0.7566246 8.321801 -0.347605 0.8277574 8.488654 -0.2418734 1.004208 8.258886 0.03256859 0.7783971 8.332604 0.1480921 1.048216 8.207724 0.1379321 1.287256 8.013144 -0.05148802 0.7997347 8.463098 -0.205087 1.100449 8.684189 -0.2135775 1.158684 8.275396 -0.05684428 1.391379 8.480242 -0.02717201 1.123579 8.732281 0.1334581 1.359339 8.433921 0.07940288 1.412011 8.773849  O_Gathering_Close
-0.03783552 0.805446 8.233074 -0.1047343 0.7614269 8.319991 -0.3457984 0.8246267 8.48677 -0.2423169 1.005176 8.259171 0.03048594 0.7894212 8.328301 0.1414402 1.063191 8.204295 0.1305893 1.304144 8.012128 -0.05143581 0.8037462 8.461091 -0.2047663 1.101315 8.683963 -0.213611 1.158296 8.275002 -0.05630712 1.390558 8.4799 -0.02682738 1.123995 8.732181 0.1345616 1.359259 8.433839 0.08042772 1.411587 8.773808  O_Gathering_Close
-0.04188297 0.8095434 8.231494 -0.105827 0.7629893 8.319479 -0.3441536 0.8215153 8.48544 -0.2429305 1.005776 8.259809 0.02840848 0.7958251 8.325796 0.1366972 1.072833 8.203267 0.1252879 1.316642 8.014769 -0.05159466 0.8054917 8.460167 -0.2045144 1.101879 8.683602 -0.2135379 1.158293 8.274566 -0.05588726 1.390162 8.479644 -0.02658449 1.124197 8.732021 0.1353606 1.359347 8.43389 0.08115669 1.411399 8.773891  O_Gathering_Close
-0.0453587 0.8110723 8.230572 -0.1068784 0.7630005 8.319633 -0.3427473 0.8185396 8.484487 -0.2436211 1.006017 8.260581 0.02639641 0.7997941 8.324248 0.1334983 1.07966 8.203977 0.1206185 1.326946 8.020162 -0.05187754 0.8061306 8.45983 -0.2043301 1.10232 8.683157 -0.2134374 1.15848 8.274088 -0.05559389 1.389983 8.47943 -0.02642773 1.124328 8.731819 0.1359353 1.359663 8.434062 0.08166547 1.411415 8.774097  O_Gathering_Close
-0.0478286 0.8112015 8.229802 -0.1077571 0.7626545 8.319875 -0.3418055 0.8163336 8.483912 -0.2441732 1.00587 8.261086 0.02476968 0.8021832 8.323251 0.1326021 1.084472 8.207183 0.1144437 1.336036 8.029728 -0.05218361 0.806353 8.45967 -0.2042234 1.10261 8.682729 -0.2134687 1.158688 8.273651 -0.05555217 1.389873 8.479297 -0.02636407 1.124377 8.731655 0.136234 1.360204 8.434417 0.08194478 1.411592 8.774505  O_Gathering_Close
-0.04896234 0.8100621 8.229347 -0.1083165 0.7619416 8.320188 -0.3414524 0.8151474 8.483787 -0.2446045 1.005466 8.261285 0.02384396 0.8027259 8.322934 0.134086 1.086458 8.211735 0.1097873 1.342311 8.041285 -0.05247901 0.8061149 8.459728 -0.2042427 1.102708 8.682369 -0.2135568 1.158893 8.273308 -0.05570827 1.389855 8.479256 -0.02642916 1.12434 8.731522 0.1362688 1.360857 8.434886 0.08195026 1.411881 8.775023  O_Gathering_Close
-0.04878966 0.8080944 8.228718 -0.1084882 0.7613372 8.320257 -0.3416407 0.8146694 8.483738 -0.2452148 1.004822 8.260912 0.02355285 0.802507 8.322987 0.1396911 1.08702 8.22018 0.1070578 1.349519 8.061645 -0.05281214 0.8058351 8.45976 -0.2043681 1.102634 8.682001 -0.2138638 1.158998 8.272969 -0.05622087 1.3898 8.479252 -0.0265926 1.124205 8.731318 0.1360147 1.361985 8.435644 0.08172192 1.412448 8.77587  O_Gathering_Close
-0.04810463 0.8038802 8.228428 -0.1090403 0.7596579 8.320671 -0.342634 0.8149696 8.483519 -0.2458946 1.003489 8.259444 0.02309068 0.8005008 8.323915 0.1496224 1.084237 8.233924 0.1093079 1.355481 8.092835 -0.05403737 0.8048041 8.460232 -0.205267 1.102482 8.681205 -0.214356 1.159385 8.272238 -0.05700115 1.38984 8.479129 -0.02749573 1.124063 8.730533 0.1358578 1.363997 8.437018 0.08128656 1.413659 8.777318  O_Gathering_Close
-0.04797016 0.799335 8.228714 -0.1101037 0.7573723 8.321395 -0.3437933 0.8154896 8.483105 -0.2463313 1.002022 8.257685 0.02213921 0.7978005 8.325219 0.1582324 1.079712 8.246791 0.1148756 1.357193 8.119398 -0.05587087 0.8033453 8.460987 -0.2067291 1.102351 8.680183 -0.2147226 1.160009 8.271299 -0.0575612 1.389978 8.478876 -0.02893536 1.123944 8.729424 0.1360555 1.365982 8.438563 0.08088763 1.415044 8.778853  O_Gathering_Close
-0.04803721 0.7954687 8.22916 -0.1111865 0.755251 8.322042 -0.3447773 0.8159453 8.482755 -0.24663 1.00076 8.256219 0.02117957 0.7952168 8.326426 0.1648145 1.075166 8.257783 0.119422 1.356758 8.140523 -0.05764792 0.8019328 8.461668 -0.2081998 1.102181 8.679207 -0.214955 1.160627 8.270412 -0.05793635 1.39013 8.478613 -0.03038887 1.123768 8.728388 0.1363391 1.367653 8.440073 0.08051939 1.416319 8.780313  O_Gathering_Close
-0.04813175 0.7917435 8.229562 -0.1122876 0.7531096 8.322523 -0.3457459 0.8163384 8.482295 -0.2468141 0.9994066 8.254686 0.0201952 0.7926116 8.327539 0.1708852 1.070514 8.268846 0.1249908 1.355477 8.160244 -0.05948887 0.8004138 8.46222 -0.2099623 1.101767 8.678219 -0.2150597 1.161175 8.269539 -0.05829273 1.390273 8.478374 -0.03216771 1.123358 8.727458 0.136491 1.368984 8.441756 0.07990129 1.417555 8.781883  O_Gathering_Close
-0.04829363 0.7880284 8.229878 -0.1134827 0.7509042 8.322824 -0.3467345 0.816695 8.481715 -0.2469325 0.9979352 8.253025 0.01911177 0.7899309 8.328559 0.1765414 1.065724 8.28041 0.1309542 1.353665 8.179831 -0.06148259 0.7987612 8.462633 -0.2120509 1.101104 8.67719 -0.2150845 1.161683 8.268661 -0.0586379 1.390402 8.478151 -0.03429798 1.122703 8.726576 0.1365321 1.370023 8.443639 0.07909031 1.418779 8.783596  O_Gathering_Close
-0.0481507 0.7825519 8.230576 -0.1148282 0.7475247 8.323393 -0.3480664 0.8170435 8.480828 -0.2467742 0.9955698 8.250663 0.01790823 0.785886 8.330227 0.1843137 1.058641 8.298035 0.1415174 1.350314 8.207485 -0.06405298 0.7962196 8.463362 -0.2151057 1.100062 8.67566 -0.2147802 1.162235 8.26736 -0.05916206 1.390617 8.477833 -0.03747473 1.121721 8.725456 0.1363928 1.371478 8.446539 0.077433 1.420614 8.786181  O_Gathering_Close
-0.04744152 0.776438 8.231661 -0.1157495 0.7436328 8.324211 -0.3493926 0.8172116 8.479739 -0.2461485 0.9926752 8.248091 0.01710798 0.7813189 8.332329 0.1919986 1.050911 8.318924 0.1543843 1.346214 8.238391 -0.06641774 0.7933214 8.464347 -0.2184416 1.098886 8.673909 -0.2140504 1.162611 8.265872 -0.05982367 1.390885 8.477482 -0.04102204 1.120703 8.724386 0.1360011 1.373168 8.449927 0.07498534 1.422744 8.789143  O_Gathering_Close
-0.04646168 0.7699176 8.23282 -0.1161969 0.7391382 8.325087 -0.3503774 0.8165894 8.478805 -0.2456892 0.9898149 8.246123 0.01676764 0.776184 8.334322 0.1979379 1.042818 8.336802 0.1665823 1.340927 8.26433 -0.06812523 0.7898188 8.465305 -0.2210561 1.097174 8.672175 -0.2129057 1.16286 8.264507 -0.06022618 1.39125 8.477112 -0.04384569 1.119132 8.723321 0.1352379 1.37453 8.452943 0.07261969 1.424696 8.79178  O_Gathering_Close
-0.04518465 0.7624846 8.234135 -0.1163005 0.7337419 8.326079 -0.3509159 0.8153414 8.478112 -0.2452667 0.9867927 8.244552 0.01676794 0.7701241 8.336393 0.2030473 1.033878 8.353663 0.179522 1.334388 8.288516 -0.06944607 0.7854998 8.466317 -0.2233077 1.094849 8.670294 -0.2113239 1.16301 8.263126 -0.06046067 1.391714 8.476688 -0.04632364 1.11695 8.722156 0.1340718 1.375718 8.455886 0.07008351 1.426663 8.79435  O_Gathering_Close
-0.0437812 0.7541212 8.23482 -0.1160583 0.7270423 8.326417 -0.3507842 0.8124971 8.477269 -0.2454367 0.9835528 8.243283 0.01709916 0.7628111 8.337684 0.2068804 1.024132 8.366019 0.189957 1.326154 8.30601 -0.07024132 0.7796959 8.466663 -0.2250935 1.090762 8.668796 -0.2097903 1.16295 8.262434 -0.06041853 1.392219 8.476439 -0.04833178 1.112926 8.721385 0.1319162 1.375227 8.458492 0.06777938 1.427961 8.796655  O_Gathering_Close
-0.04130987 0.7382268 8.234928 -0.1151648 0.7133372 8.325936 -0.3494656 0.8048783 8.475641 -0.2467717 0.9777375 8.241801 0.01813014 0.7481254 8.338566 0.2120031 1.006299 8.378628 0.2047126 1.309522 8.322889 -0.07075886 0.7672112 8.466174 -0.2273204 1.080786 8.666997 -0.2073776 1.16242 8.26263 -0.05988375 1.393123 8.476395 -0.05091999 1.102872 8.720817 0.1265832 1.371285 8.462262 0.06430478 1.428956 8.799965  O_Gathering_Close
-0.0394849 0.7253021 8.235141 -0.1144156 0.7019705 8.325712 -0.3482066 0.7980858 8.474392 -0.2480915 0.9730926 8.241032 0.01896323 0.7360773 8.339279 0.2151104 0.9922042 8.386321 0.2140475 1.295856 8.332479 -0.07099085 0.7568171 8.465879 -0.2288717 1.072341 8.666099 -0.2057454 1.161651 8.263528 -0.05939881 1.393776 8.47654 -0.05274568 1.094323 8.720853 0.1220598 1.367032 8.46497 0.06184937 1.42924 8.802242  O_Gathering_Close
-0.03702746 0.7059668 8.235635 -0.11335 0.684764 8.325597 -0.346178 0.7874143 8.47255 -0.2502717 0.9663743 8.240424 0.02013065 0.7179543 8.340382 0.218799 0.971575 8.395358 0.225662 1.275414 8.343019 -0.07120053 0.7410631 8.465577 -0.2308986 1.059436 8.665146 -0.2036031 1.160211 8.265554 -0.05864225 1.394696 8.476924 -0.0551555 1.081227 8.721191 0.115404 1.359777 8.468758 0.05857869 1.429223 8.805203  O_Gathering_Close
-0.03477279 0.6848896 8.236556 -0.1124172 0.6658895 8.325901 -0.3439929 0.7755224 8.470524 -0.2527774 0.9594153 8.24037 0.02115907 0.6981527 8.34183 0.2220362 0.9494886 8.403129 0.2363155 1.253199 8.351546 -0.07146315 0.7238213 8.46557 -0.2328462 1.045351 8.664287 -0.2014686 1.158442 8.268307 -0.0577244 1.395648 8.477459 -0.0574864 1.066898 8.721612 0.1088278 1.351219 8.472806 0.05559697 1.428856 8.808047  O_Gathering_Close
-0.03278814 0.6635908 8.237746 -0.1115962 0.6467173 8.326516 -0.3417365 0.7632326 8.468414 -0.2554509 0.9526154 8.240826 0.02205827 0.6781412 8.343435 0.2243807 0.9276795 8.410378 0.2451073 1.231121 8.359408 -0.07168584 0.7063543 8.465769 -0.2346011 1.031041 8.663507 -0.1995602 1.156466 8.27157 -0.05694131 1.396596 8.47814 -0.05959431 1.052388 8.721975 0.1025191 1.342338 8.47692 0.05288072 1.428323 8.810673  O_Gathering_Close
-0.03085057 0.6397581 8.23938 -0.110778 0.6251611 8.327565 -0.3391419 0.7492274 8.465864 -0.2587496 0.9453793 8.241879 0.0229428 0.6557816 8.345408 0.2257462 0.9039709 8.418692 0.2524496 1.207119 8.368769 -0.07186787 0.6867813 8.466236 -0.2363554 1.014938 8.662672 -0.1976602 1.154025 8.27572 -0.0563101 1.39765 8.479045 -0.06170158 1.03617 8.722227 0.09578235 1.332405 8.481712 0.05012812 1.427631 8.813519  O_Gathering_Close
-0.02923636 0.6126757 8.241928 -0.110404 0.600789 8.329395 -0.3365262 0.7336459 8.462822 -0.2621711 0.9373463 8.243539 0.02340789 0.6303724 8.348275 0.2279723 0.8767493 8.4256 0.2614974 1.179237 8.375786 -0.07252477 0.6647484 8.467291 -0.2382698 0.9972112 8.66156 -0.1951863 1.151174 8.280753 -0.05512444 1.398771 8.480133 -0.06401388 1.018126 8.72238 0.08914466 1.32096 8.487352 0.0476038 1.426795 8.816474  O_Gathering_Close
-0.02809451 0.586787 8.24478 -0.1103185 0.5775156 8.33158 -0.3342041 0.7185754 8.459972 -0.2652789 0.9289804 8.245295 0.02357926 0.6061335 8.35132 0.2293099 0.8511338 8.432369 0.2685793 1.153009 8.383038 -0.07325988 0.6438297 8.468583 -0.2399399 0.9805078 8.660315 -0.1931763 1.148485 8.28592 -0.05420778 1.399891 8.481257 -0.06602804 1.001179 8.722193 0.08325328 1.310418 8.493086 0.0454727 1.4261 8.819334  O_Gathering_Close
-0.02710758 0.5504248 8.249395 -0.1106225 0.5448742 8.335278 -0.331183 0.6971188 8.456031 -0.2694005 0.9162376 8.247998 0.02339693 0.5721726 8.356034 0.2299886 0.8158166 8.442021 0.2761208 1.116902 8.393818 -0.07446007 0.6146598 8.470787 -0.2420246 0.9574012 8.658242 -0.1907604 1.144691 8.29373 -0.05326061 1.40146 8.483037 -0.06853752 0.977814 8.721386 0.07561649 1.29613 8.501617 0.0429215 1.425191 8.823366  O_Gathering_Close
-0.02701877 0.5206984 8.253769 -0.1114637 0.5184352 8.338887 -0.3292711 0.6794803 8.453244 -0.2721436 0.9044131 8.250146 0.02267392 0.5446016 8.360328 0.2298498 0.7873955 8.449644 0.280912 1.087876 8.402647 -0.07579397 0.5912851 8.472907 -0.2435083 0.9393991 8.655788 -0.1885772 1.141863 8.300028 -0.05253343 1.40291 8.484475 -0.0703191 0.9596285 8.719803 0.07017513 1.285547 8.508989 0.04123904 1.424885 8.826787  O_Gathering_Close
-0.02748827 0.4918251 8.258492 -0.1127314 0.4929205 8.342834 -0.3278081 0.66225 8.45078 -0.2744201 0.8919634 8.252062 0.02153142 0.5179495 8.364841 0.2291484 0.7601234 8.456902 0.284441 1.060062 8.41125 -0.0773515 0.5688871 8.47519 -0.2447713 0.9224647 8.652857 -0.1862699 1.139212 8.306197 -0.05180631 1.404315 8.485956 -0.07183258 0.9425347 8.717594 0.0654263 1.275872 8.516474 0.03993221 1.424729 8.830225  O_Gathering_Close
-0.02972309 0.4444294 8.267591 -0.1160424 0.4515612 8.350533 -0.3260743 0.634315 8.447355 -0.2783889 0.87152 8.256129 0.01846607 0.4745401 8.373263 0.226601 0.7160526 8.469029 0.2878869 1.015213 8.425999 -0.08066075 0.5330158 8.479583 -0.2464498 0.8962731 8.646547 -0.1827016 1.135578 8.316027 -0.05087672 1.406931 8.488256 -0.07387172 0.9161398 8.712302 0.05848791 1.261731 8.529405 0.03835245 1.425342 8.83612  O_Gathering_Close
-0.03239725 0.4109036 8.275057 -0.119291 0.4226662 8.356863 -0.3253063 0.6147553 8.445292 -0.2813624 0.8570727 8.259662 0.01541241 0.4440542 8.379989 0.2237487 0.6853378 8.477825 0.2885634 0.9840464 8.436878 -0.08355002 0.5082167 8.483134 -0.2473307 0.8787086 8.640997 -0.1802342 1.133356 8.322835 -0.05033712 1.408865 8.489853 -0.07497041 0.8984665 8.707353 0.05410488 1.252611 8.539053 0.03764184 1.426112 8.840507  O_Gathering_Close
-0.03666691 0.3741761 8.284134 -0.1239375 0.3913254 8.364576 -0.3249437 0.5934933 8.443331 -0.2851808 0.8418704 8.264907 0.01100786 0.4108275 8.387958 0.2196516 0.651937 8.487603 0.2879607 0.9502184 8.449309 -0.0873652 0.4814986 8.487344 -0.2479218 0.8601463 8.633842 -0.1773304 1.131103 8.33024 -0.04989831 1.411131 8.491545 -0.07571159 0.8798117 8.700614 0.04963585 1.243146 8.550015 0.03738656 1.427566 8.84512  O_Gathering_Close
-0.0456088 0.3201584 8.298906 -0.1328865 0.3457944 8.377051 -0.3257606 0.5622297 8.440864 -0.2929079 0.8204949 8.275554 0.002461629 0.3622061 8.400477 0.211845 0.6030363 8.502006 0.2846483 0.9008341 8.468531 -0.09419201 0.4428912 8.493737 -0.2479256 0.8337116 8.620723 -0.1723988 1.127942 8.340904 -0.04921113 1.414567 8.493694 -0.07574891 0.8532649 8.687613 0.04327418 1.230037 8.568116 0.03743239 1.429874 8.853211  O_Gathering_Close
-0.05034797 0.2936378 8.304658 -0.1374051 0.3233651 8.38159 -0.3278024 0.5457262 8.439182 -0.3010974 0.8099985 8.282484 -0.001863463 0.3381834 8.40496 0.2085267 0.5783868 8.507678 0.2840309 0.8758925 8.477781 -0.09737681 0.4235851 8.495144 -0.2470036 0.8199486 8.611797 -0.1694158 1.126091 8.345655 -0.04865668 1.416123 8.493889 -0.07477669 0.8394191 8.678583 0.03822734 1.224926 8.58362 0.03458138 1.42903 8.865712  O_Gathering_Close
-0.05574707 0.2699586 8.310538 -0.1424097 0.303362 8.386399 -0.3313624 0.5306157 8.43904 -0.3118704 0.8007419 8.291529 -0.006676001 0.3166789 8.409556 0.2049012 0.5560672 8.513458 0.2829349 0.8532962 8.487572 -0.1009095 0.4062555 8.496995 -0.2463143 0.8073695 8.604003 -0.1670585 1.124478 8.351544 -0.04877935 1.417768 8.495298 -0.07395546 0.826749 8.670474 0.03668775 1.216143 8.589641 0.03732588 1.430731 8.863866  O_Gathering_Close
-0.06320177 0.2430514 8.315988 -0.1489709 0.2805907 8.390924 -0.3362472 0.5131694 8.438396 -0.3259993 0.7901634 8.303205 -0.01293532 0.292128 8.413251 0.199646 0.5307165 8.518199 0.2795992 0.827836 8.497417 -0.1051879 0.386328 8.497899 -0.2452418 0.7924121 8.594697 -0.1640403 1.122099 8.359564 -0.04896514 1.419639 8.497046 -0.072457 0.811648 8.660095 0.03481312 1.203806 8.588622 0.04005303 1.429141 8.854036  O_Gathering_Close
-0.07128219 0.2186474 8.319316 -0.1557657 0.2599156 8.393751 -0.3417813 0.4970416 8.437326 -0.3412175 0.7802148 8.315178 -0.0193706 0.2697362 8.41466 0.1951936 0.5071883 8.519362 0.2778449 0.80383 8.502724 -0.1092781 0.3680359 8.497142 -0.2439165 0.7782592 8.585358 -0.1608147 1.11936 8.367829 -0.04891102 1.421197 8.49839 -0.07045333 0.7973132 8.64899 0.03230907 1.191343 8.581287 0.04077603 1.423801 8.840401  O_Gathering_Close
-0.08131562 0.1944407 8.323359 -0.1638824 0.239774 8.397581 -0.3490397 0.4812696 8.438801 -0.3571819 0.7687296 8.327411 -0.02702753 0.247699 8.41616 0.1902601 0.483904 8.51914 0.2760838 0.7798272 8.506173 -0.1138408 0.3503939 8.496574 -0.2422423 0.7647604 8.575918 -0.1577079 1.116681 8.376968 -0.04919235 1.422938 8.499868 -0.06771289 0.783645 8.636617 0.03148331 1.176797 8.559187 0.04251035 1.415603 8.812363  O_Gathering_Close
-0.09210341 0.1727675 8.327541 -0.1722811 0.2221051 8.401828 -0.3571946 0.4673911 8.442653 -0.3727201 0.757481 8.339143 -0.03494899 0.2280984 8.41736 0.18453 0.4633843 8.517824 0.2723241 0.7588661 8.508489 -0.1182132 0.3350428 8.495969 -0.2402631 0.753109 8.567054 -0.1546493 1.114311 8.386007 -0.04932128 1.424681 8.501118 -0.06441663 0.771814 8.623884 0.03167917 1.160851 8.524793 0.04467138 1.404766 8.772955  O_Gathering_Close
-0.1033842 0.1523427 8.332139 -0.1806921 0.2058107 8.40661 -0.3671715 0.4541739 8.450023 -0.3906387 0.7457211 8.352262 -0.04291604 0.2097307 8.418427 0.1786876 0.4443983 8.514662 0.268005 0.7394881 8.507678 -0.12215 0.3209714 8.495218 -0.2378189 0.7424061 8.55837 -0.1511512 1.111393 8.39432 -0.04900519 1.42614 8.500029 -0.06047253 0.7609215 8.610398 0.03238912 1.141682 8.480777 0.04812415 1.392127 8.722184  O_Gathering_Close
-0.1111842 0.1383364 8.334883 -0.1861757 0.1948202 8.409495 -0.3734697 0.445398 8.454669 -0.4031268 0.7386225 8.363854 -0.04813926 0.1971653 8.418309 0.1748871 0.4315139 8.510674 0.2650479 0.7263728 8.504867 -0.124248 0.3114837 8.49373 -0.2354343 0.7351204 8.551431 -0.1489258 1.110332 8.402075 -0.04978601 1.427795 8.502386 -0.05695752 0.7534676 8.599504 0.03236737 1.126014 8.445772 0.05031462 1.381007 8.682214  O_Gathering_Close
-0.1187377 0.1244355 8.337926 -0.1912379 0.1840334 8.412579 -0.3760098 0.4380655 8.453502 -0.4149284 0.7358465 8.383363 -0.05301647 0.1846983 8.418204 0.1714082 0.4186901 8.506303 0.2624584 0.7132967 8.501692 -0.1258451 0.3021407 8.492047 -0.2327087 0.7278368 8.54443 -0.1464717 1.108958 8.410698 -0.05060552 1.429395 8.504524 -0.05310712 0.7459712 8.588202 0.03280546 1.106392 8.406214 0.05501302 1.36927 8.63348  O_Gathering_Close
-0.1244137 0.1122783 8.340245 -0.1946142 0.1746886 8.414798 -0.3771102 0.4316685 8.451345 -0.4263204 0.7320979 8.402071 -0.05630646 0.1737972 8.417526 0.169218 0.4075283 8.501399 0.2609336 0.7019398 8.497587 -0.1261715 0.294011 8.489755 -0.2294068 0.7214151 8.537515 -0.1435565 1.10723 8.417719 -0.05080996 1.430575 8.504436 -0.04884933 0.7393072 8.577269 0.03250201 1.090072 8.375403 0.05837687 1.358971 8.595112  O_Gathering_Close
-0.1278716 0.1025411 8.342425 -0.1962526 0.1672353 8.416721 -0.3794993 0.4257994 8.454732 -0.4346415 0.7266373 8.415193 -0.05793313 0.1650592 8.417229 0.1682683 0.3986807 8.497408 0.2603076 0.6929945 8.493867 -0.1254757 0.2874869 8.487931 -0.2259929 0.7162053 8.531926 -0.1409326 1.105762 8.424292 -0.0511742 1.431548 8.504792 -0.04473666 0.7338426 8.568487 0.03339388 1.078435 8.35505 0.06235983 1.35378 8.566222  O_Gathering_Close
-0.1301699 0.09311628 8.34468 -0.1968017 0.1600611 8.41857 -0.382115 0.4197044 8.460734 -0.4411946 0.7204954 8.426942 -0.05851619 0.1566125 8.416994 0.1681844 0.3902022 8.493324 0.2603843 0.6844656 8.489772 -0.1238493 0.2811875 8.486002 -0.2218961 0.7111382 8.526277 -0.1381804 1.104326 8.431567 -0.05184649 1.432478 8.505975 -0.0400127 0.7284791 8.559732 0.03530921 1.068796 8.338567 0.06713231 1.350907 8.540181  O_Gathering_Close
-0.1311072 0.08149254 8.348321 -0.1955942 0.1513655 8.421398 -0.3850129 0.4116697 8.470521 -0.4472975 0.7120203 8.43862 -0.05740927 0.1462716 8.41737 0.1697462 0.3798567 8.488631 0.2620341 0.6740897 8.484845 -0.1200549 0.2735856 8.483823 -0.2151592 0.7050798 8.518945 -0.1339263 1.102453 8.44103 -0.05261252 1.43364 8.507185 -0.03256349 0.7219443 8.548541 0.03951617 1.058034 8.319954 0.07415183 1.348282 8.509174  O_Gathering_Close
-0.1305475 0.0737325 8.351422 -0.1935916 0.1456918 8.42373 -0.3864373 0.4059367 8.478701 -0.449444 0.7059515 8.445103 -0.05550973 0.1394428 8.418107 0.1718326 0.3730676 8.485667 0.2640751 0.6673096 8.481515 -0.1163676 0.2686678 8.482502 -0.2095758 0.7012059 8.513787 -0.1306209 1.101163 8.447641 -0.0531774 1.434383 8.507981 -0.02653448 0.7176794 8.540732 0.04402675 1.052441 8.309735 0.07998534 1.348415 8.489609  O_Gathering_Close
-0.1295454 0.06660223 8.355182 -0.1911706 0.1406785 8.42657 -0.3866626 0.4009753 8.486217 -0.4501478 0.7007 8.450972 -0.05321739 0.1332825 8.419394 0.1742216 0.3669773 8.483093 0.2663294 0.6612538 8.478403 -0.1123492 0.2644083 8.481514 -0.2037753 0.697939 8.508782 -0.1272436 1.100009 8.453488 -0.05371753 1.435043 8.508443 -0.02032207 0.7139851 8.533051 0.0503784 1.049735 8.303536 0.08678432 1.351912 8.472686  O_Gathering_Close
-0.1276591 0.05898988 8.360458 -0.1876678 0.1355921 8.430545 -0.3857154 0.3959974 8.494805 -0.4492317 0.6953812 8.456823 -0.04989449 0.1268612 8.421627 0.1775293 0.360678 8.480593 0.269356 0.6550273 8.475046 -0.1070996 0.2602004 8.480767 -0.1966019 0.694826 8.503106 -0.1232431 1.098906 8.459374 -0.05426107 1.435791 8.508606 -0.01271264 0.710323 8.524228 0.0599971 1.0497 8.300756 0.0963266 1.359483 8.455552  O_Gathering_Close
-0.1254663 0.05266297 8.366583 -0.1840044 0.131714 8.435179 -0.3837847 0.3923776 8.503045 -0.4466391 0.6915197 8.46217 -0.04642622 0.1217421 8.424688 0.180873 0.3557051 8.479012 0.2723434 0.6501451 8.472474 -0.1019263 0.2571633 8.480637 -0.1898088 0.6927185 8.498239 -0.1197257 1.098198 8.462893 -0.0545402 1.4364 8.508105 -0.005558772 0.7076778 8.516396 0.06963857 1.051204 8.300205 0.1057489 1.368577 8.438837  O_Gathering_Close
-0.1230609 0.04763567 8.372923 -0.1803394 0.1289257 8.439947 -0.3812444 0.3899411 8.510462 -0.4430956 0.6888884 8.466729 -0.04295317 0.1178576 8.428123 0.1841259 0.3519779 8.478146 0.2751799 0.6465217 8.47056 -0.09703366 0.255121 8.480883 -0.1836229 0.6914293 8.494153 -0.11678 1.097903 8.464389 -0.05489204 1.437049 8.507093 0.000908332 0.7058858 8.50967 0.07878305 1.054227 8.302312 0.1148382 1.3782 8.424741  O_Gathering_Close
-0.1194263 0.04203248 8.380449 -0.1753921 0.1259477 8.445313 -0.377697 0.3871478 8.51884 -0.4387998 0.685894 8.472746 -0.03823135 0.1136415 8.43217 0.1884731 0.3479604 8.477238 0.2789716 0.6426383 8.468326 -0.0908647 0.2529805 8.480788 -0.1761796 0.690052 8.489047 -0.1132335 1.097421 8.463295 -0.05483947 1.437369 8.504518 0.008614795 0.7039198 8.501707 0.08798559 1.062119 8.312507 0.1237504 1.391848 8.418562  O_Gathering_Close
-0.1152907 0.03766763 8.389641 -0.1701642 0.1240968 8.452091 -0.3737783 0.3852967 8.528301 -0.4344145 0.6839054 8.480724 -0.03321175 0.1106502 8.437932 0.1930037 0.3451798 8.478314 0.2828678 0.6400064 8.468012 -0.08467291 0.2518783 8.482156 -0.1689827 0.6895759 8.485624 -0.1100443 1.097635 8.46136 -0.05496047 1.438147 8.502487 0.01600822 0.7028769 8.495771 0.09636892 1.067774 8.320284 0.1333044 1.404128 8.402439  O_Gathering_Close
-0.1103014 0.03337753 8.399665 -0.1642844 0.1223304 8.459284 -0.3688993 0.3835814 8.537531 -0.4287463 0.6821211 8.488543 -0.02751373 0.1077489 8.444505 0.1980983 0.3424681 8.480392 0.2872401 0.637459 8.468619 -0.07801007 0.2507637 8.483828 -0.1614528 0.689015 8.482256 -0.106702 1.097696 8.458666 -0.05492477 1.4387 8.50001 0.02368577 0.7017224 8.490241 0.1026406 1.075627 8.334148 0.142391 1.416774 8.39148  O_Gathering_Close
-0.1066382 0.030779 8.40651 -0.1601829 0.1213292 8.464085 -0.3652752 0.382661 8.543149 -0.4245268 0.6811862 8.493354 -0.02350454 0.1060466 8.449161 0.2016714 0.3408821 8.482343 0.290309 0.6359842 8.469598 -0.07351266 0.2501247 8.485079 -0.1564865 0.6886832 8.480202 -0.104528 1.097724 8.456528 -0.05488257 1.43901 8.498156 0.02872361 0.7010077 8.487048 0.1055206 1.081172 8.345694 0.1471408 1.424321 8.387694  O_Gathering_Close
-0.1023865 0.02806509 8.414612 -0.1555907 0.1203452 8.469702 -0.3609406 0.3819534 8.548865 -0.4194975 0.680515 8.498472 -0.01898257 0.1043234 8.45491 0.2056974 0.3392677 8.485386 0.2937637 0.6344938 8.471596 -0.06857888 0.2494837 8.486817 -0.1510809 0.6883392 8.47829 -0.1021185 1.097766 8.454896 -0.05483095 1.439405 8.496374 0.03418924 0.7002373 8.4842 0.1083872 1.085022 8.354435 0.1511914 1.429265 8.384645  O_Gathering_Close
-0.09666722 0.0247885 8.425651 -0.1496638 0.1191759 8.47726 -0.3550021 0.3814089 8.555245 -0.4127188 0.6800714 8.504481 -0.01309137 0.1022984 8.463103 0.2109518 0.3373659 8.490639 0.2982777 0.6327502 8.475583 -0.06235419 0.2486593 8.489581 -0.1443365 0.6878237 8.476469 -0.099061 1.097715 8.453793 -0.05477039 1.439857 8.494426 0.04098668 0.6991944 8.481719 0.1111236 1.087384 8.360093 0.1539717 1.432184 8.383009  O_Gathering_Close
-0.09257881 0.02264965 8.433658 -0.1455151 0.1184497 8.482659 -0.3506463 0.3812684 8.559128 -0.4079141 0.6800201 8.50838 -0.008947833 0.101029 8.469126 0.2146717 0.336156 8.494826 0.3015037 0.6316436 8.478962 -0.05805413 0.2481072 8.49162 -0.1396735 0.687456 8.475333 -0.09690855 1.097663 8.453518 -0.05474226 1.440188 8.493176 0.04568138 0.698438 8.480286 0.11308 1.088101 8.361865 0.1549783 1.4332 8.381852  O_Gathering_Close
-0.08663438 0.01981628 8.445484 -0.1396118 0.1175227 8.490518 -0.3441941 0.3813827 8.563737 -0.4010798 0.6802785 8.513411 -0.003022237 0.09942591 8.478146 0.220039 0.3346034 8.501619 0.3062117 0.6302286 8.484755 -0.05201284 0.247329 8.494699 -0.1331109 0.6869016 8.473949 -0.0938329 1.097547 8.453888 -0.05472456 1.440659 8.491551 0.05228164 0.6973032 8.478741 0.1158095 1.087842 8.361065 0.1552439 1.433273 8.380293  O_Gathering_Close
-0.0827996 0.01818347 8.452984 -0.1358422 0.1170071 8.495428 -0.3400323 0.3814925 8.566353 -0.3967244 0.6804856 8.516386 0.0007690956 0.09854829 8.483859 0.2235724 0.3336933 8.506186 0.3094322 0.629384 8.488881 -0.04819016 0.2468399 8.496587 -0.1289263 0.6865453 8.473049 -0.0918666 1.097457 8.454264 -0.05472807 1.440938 8.490533 0.05649169 0.6965331 8.477736 0.117511 1.087782 8.361099 0.1555396 1.433426 8.379316  O_Gathering_Close
-0.07846551 0.01652324 8.461251 -0.1316278 0.1164907 8.500766 -0.3353464 0.3816386 8.568879 -0.391898 0.6807424 8.519419 0.005017238 0.09770346 8.490163 0.2276229 0.3327621 8.511519 0.3132258 0.6285099 8.493919 -0.04395388 0.246296 8.498616 -0.1242587 0.686148 8.472051 -0.08966736 1.097345 8.45486 -0.0547363 1.441232 8.48943 0.06118836 0.6956287 8.476637 0.1193659 1.087726 8.361405 0.1558941 1.433601 8.378275  O_Gathering_Close
-0.07484822 0.01531279 8.467542 -0.1281385 0.1160918 8.504755 -0.3314948 0.3816688 8.570648 -0.3879136 0.6808693 8.521624 0.008539753 0.09710205 8.494972 0.2310312 0.3320805 8.515748 0.3164351 0.6278731 8.497935 -0.0404679 0.2458341 8.500109 -0.1203844 0.6858213 8.471228 -0.08784126 1.097239 8.455389 -0.05472688 1.441441 8.488598 0.06508859 0.694832 8.475712 0.1208747 1.087688 8.361889 0.1562397 1.43374 8.377541  O_Gathering_Close
-0.07024316 0.01397443 8.474444 -0.1237534 0.1155785 8.509005 -0.326708 0.3815386 8.572248 -0.3829631 0.6808611 8.523782 0.01297732 0.09644949 8.500284 0.2354238 0.3313274 8.520722 0.3206214 0.627166 8.502686 -0.03613387 0.24523 8.501651 -0.1155518 0.6854261 8.470222 -0.08556233 1.097102 8.456149 -0.05470048 1.441669 8.487692 0.06995572 0.6937732 8.474561 0.1227379 1.087655 8.362872 0.1567291 1.433918 8.376827  O_Gathering_Close
-0.06540804 0.01275456 8.478849 -0.1192856 0.1148292 8.511393 -0.3219403 0.3809496 8.572297 -0.3779722 0.6803783 8.524231 0.01752456 0.0958029 8.503761 0.2400013 0.3307309 8.524424 0.3248568 0.6266335 8.505833 -0.03184776 0.2444963 8.502348 -0.1109648 0.6850166 8.46938 -0.0833718 1.09692 8.45717 -0.05461608 1.441813 8.487096 0.0745777 0.6926146 8.473597 0.1247735 1.087552 8.364471 0.1573106 1.434026 8.37651  O_Gathering_Close
-0.05992888 0.01148212 8.481627 -0.114386 0.1137651 8.512509 -0.3167007 0.3799648 8.570839 -0.3721883 0.679482 8.522693 0.02253969 0.09510958 8.50614 0.2451243 0.3302659 8.527634 0.3294431 0.6262602 8.508084 -0.0273094 0.2436067 8.50253 -0.1063723 0.6845955 8.46857 -0.08115689 1.096708 8.458466 -0.05447374 1.441906 8.486753 0.07920773 0.6912829 8.472676 0.1267537 1.087468 8.36694 0.1581095 1.434125 8.3766  O_Gathering_Close
-0.0555809 0.01051259 8.482875 -0.1106388 0.112784 8.512713 -0.3126103 0.3790371 8.568796 -0.367314 0.6785969 8.520022 0.02639754 0.09461665 8.507401 0.2490848 0.3301045 8.529894 0.3328149 0.6261947 8.509297 -0.02399288 0.2428933 8.502476 -0.1032648 0.6843082 8.467977 -0.07964937 1.096553 8.459517 -0.05434696 1.441947 8.486652 0.08234258 0.6902325 8.472018 0.127913 1.087467 8.369393 0.1588308 1.434216 8.376945  O_Gathering_Close
-0.05145011 0.009594798 8.484079 -0.1072343 0.1117655 8.512897 -0.3088085 0.3780437 8.566447 -0.3624351 0.6776145 8.516557 0.02992632 0.09426177 8.508673 0.2526718 0.3302386 8.532275 0.3356305 0.6264527 8.510379 -0.02117286 0.2422479 8.50248 -0.1008861 0.6840889 8.467407 -0.07850526 1.096431 8.46046 -0.05425851 1.441979 8.486579 0.08474495 0.6892608 8.471395 0.1286666 1.087541 8.372162 0.1595823 1.434333 8.377388  O_Gathering_Close
-0.04891114 0.009042978 8.484759 -0.1052134 0.1111033 8.512953 -0.3065181 0.3773738 8.564781 -0.3593407 0.6769311 8.513962 0.03203036 0.09410417 8.509428 0.2547901 0.3304672 8.533774 0.3371733 0.6267697 8.510921 -0.01959698 0.2418729 8.50247 -0.09969811 0.6839803 8.467069 -0.07794051 1.096369 8.460966 -0.05421732 1.441995 8.486532 0.08594586 0.6886908 8.471025 0.1290384 1.08761 8.374022 0.160053 1.434413 8.377696  O_Gathering_Close
-0.04625313 0.008476853 8.485422 -0.1031657 0.1103766 8.512964 -0.3041618 0.3766147 8.562835 -0.3560061 0.6761373 8.510817 0.03417077 0.09399736 8.510196 0.2569238 0.3308457 8.535378 0.3386099 0.6272503 8.511376 -0.01809792 0.241501 8.502446 -0.09871523 0.6838908 8.466725 -0.0774831 1.096318 8.461423 -0.05419616 1.442011 8.486476 0.08694096 0.6881201 8.470654 0.129355 1.087704 8.376116 0.1605553 1.434504 8.378049  O_Gathering_Close
-0.04396866 0.008021712 8.485928 -0.1014339 0.1097553 8.512931 -0.3021535 0.3759481 8.561066 -0.3530936 0.6754229 8.507893 0.03598179 0.09395301 8.510812 0.2587145 0.3312582 8.536732 0.3397464 0.6277531 8.511652 -0.01687787 0.2412105 8.502415 -0.09800367 0.6838324 8.466451 -0.0771554 1.096285 8.461713 -0.05418019 1.442024 8.486421 0.08766152 0.6876705 8.470355 0.1295825 1.087789 8.377883 0.1609733 1.434578 8.378347  O_Gathering_Close
-0.0413665 0.007542014 8.486424 -0.09949224 0.1090537 8.512843 -0.2998815 0.3751749 8.558945 -0.349716 0.6745738 8.504315 0.03801223 0.09395874 8.511458 0.2607056 0.3318286 8.538237 0.3409315 0.6284272 8.511827 -0.01556574 0.2409149 8.502367 -0.09734659 0.6837882 8.466163 -0.07685886 1.096265 8.461912 -0.05417148 1.442042 8.486345 0.0883273 0.6872087 8.470042 0.1297855 1.087896 8.379852 0.1614403 1.434659 8.378677  O_Gathering_Close
-0.03761331 0.006936193 8.487 -0.09671442 0.1080846 8.512636 -0.2966095 0.3740709 8.555782 -0.3447741 0.6733214 8.49889 0.04090967 0.09405804 8.512287 0.2635244 0.3327852 8.54031 0.3424978 0.6295279 8.511826 -0.01374303 0.2405585 8.502283 -0.09656857 0.6837553 8.465797 -0.07651363 1.096258 8.462 -0.05416618 1.442072 8.486227 0.08911504 0.6866459 8.469642 0.1300388 1.088037 8.382387 0.1620311 1.434756 8.379095  O_Gathering_Close
-0.03217135 0.00624907 8.48757 -0.09270827 0.1067981 8.512194 -0.2918468 0.3725355 8.551045 -0.3374738 0.6714891 8.49061 0.04506679 0.09438527 8.513294 0.2675365 0.3344082 8.543118 0.3445084 0.6313354 8.511275 -0.01118974 0.240194 8.50214 -0.09571861 0.6837603 8.465369 -0.07615446 1.096288 8.461814 -0.05418704 1.442126 8.486058 0.08997424 0.6860636 8.469163 0.1303371 1.088191 8.38509 0.1626509 1.43485 8.379515  O_Gathering_Close
-0.02803056 0.005893469 8.487843 -0.08967005 0.1059417 8.511761 -0.2881895 0.3714602 8.547317 -0.3318037 0.6701208 8.484015 0.04819973 0.09478986 8.513955 0.2705526 0.3358179 8.545149 0.3458034 0.632855 8.510355 -0.009295328 0.2400528 8.502024 -0.09529094 0.6837944 8.465117 -0.07600532 1.096336 8.461599 -0.05424998 1.442178 8.485966 0.0904059 0.6858447 8.468863 0.1304631 1.088227 8.385875 0.1627848 1.434874 8.379595  O_Gathering_Close
-0.02482258 0.00572145 8.48797 -0.08732669 0.1053571 8.511362 -0.2853254 0.3706971 8.544301 -0.3273148 0.6690863 8.478663 0.05060347 0.0952009 8.514425 0.2728754 0.3370105 8.546709 0.3465904 0.634107 8.509236 -0.007859273 0.2400295 8.501927 -0.09510075 0.6838331 8.464961 -0.07597773 1.096382 8.461478 -0.0543438 1.442226 8.485935 0.09059764 0.685823 8.468659 0.1304687 1.088197 8.385539 0.1626238 1.434863 8.37948  O_Gathering_Close
-0.02230333 0.005608678 8.48801 -0.08549915 0.1049048 8.510983 -0.2830442 0.3701049 8.541766 -0.3236864 0.6682481 8.474192 0.05246903 0.09554279 8.514777 0.274693 0.337958 8.547999 0.3469544 0.6350816 8.507997 -0.006756289 0.2400223 8.501839 -0.09497826 0.6838564 8.464855 -0.07598244 1.096412 8.461449 -0.05444304 1.442259 8.485937 0.0907212 0.6858292 8.468508 0.1304447 1.088164 8.385126 0.1624337 1.43485 8.379366  O_Gathering_Close
-0.02075545 0.005544066 8.488005 -0.08438919 0.1046263 8.51069 -0.281599 0.3697605 8.540012 -0.3213255 0.6677302 8.47114 0.05359628 0.09575701 8.515004 0.2758156 0.3385272 8.54891 0.3469148 0.6356537 8.506896 -0.006093783 0.2400185 8.501772 -0.09488402 0.683867 8.464791 -0.07598655 1.096428 8.461435 -0.05452089 1.442278 8.485945 0.09081621 0.6858343 8.468408 0.1304258 1.088145 8.384856 0.1622936 1.434845 8.37929  O_Gathering_Close
-0.01967279 0.005500674 8.487979 -0.0836281 0.1044312 8.510422 -0.2805545 0.3695376 8.538586 -0.3195718 0.6673728 8.468733 0.05436422 0.09590876 8.515189 0.2766167 0.3389026 8.549706 0.346569 0.6360147 8.505712 -0.005642934 0.2400159 8.501712 -0.09478836 0.68387 8.464745 -0.0759872 1.096435 8.461432 -0.05459432 1.442289 8.485957 0.0909126 0.6858398 8.468327 0.130411 1.088133 8.384637 0.1621667 1.434846 8.379228  O_Gathering_Close
-0.01922957 0.005483508 8.487957 -0.08333544 0.1043528 8.510238 -0.2800994 0.3694664 8.537778 -0.3187684 0.6672432 8.467484 0.05465468 0.09597242 8.515313 0.2769706 0.3390236 8.550247 0.3460312 0.6361128 8.504717 -0.005469723 0.2400154 8.501675 -0.09470277 0.6838663 8.464721 -0.0759813 1.096436 8.461433 -0.05464945 1.442292 8.48597 0.0909986 0.6858454 8.468274 0.1304063 1.088129 8.384497 0.1620752 1.434851 8.379186  O_Gathering_Close
-0.01889978 0.00547111 8.48793 -0.08312969 0.1042992 8.510036 -0.2797607 0.3694162 8.537053 -0.3181773 0.6671622 8.466491 0.05485346 0.09601712 8.51545 0.2772659 0.3390733 8.550845 0.3452751 0.6361213 8.5035 -0.005339248 0.2400153 8.501638 -0.09461193 0.6838617 8.464699 -0.07597111 1.096435 8.461439 -0.05470077 1.442295 8.485985 0.09108986 0.6858506 8.468225 0.130406 1.088125 8.38436 0.1619877 1.434857 8.379148  O_Gathering_Close
-0.01876555 0.005466342 8.487912 -0.08305316 0.1042826 8.509903 -0.2796363 0.3693898 8.536695 -0.3179876 0.6671423 8.466125 0.05492278 0.09603131 8.515544 0.2774167 0.3390552 8.551246 0.3446786 0.6360645 8.502607 -0.005278511 0.2400148 8.501619 -0.09455995 0.6838592 8.464687 -0.07596152 1.096434 8.461444 -0.05472366 1.442296 8.485996 0.09114213 0.6858522 8.468199 0.1304095 1.088121 8.384284 0.161944 1.434858 8.379129  O_Gathering_Close
-0.01868276 0.005463481 8.487902 -0.0830075 0.1042732 8.509813 -0.2795537 0.3693779 8.536449 -0.3178568 0.6671343 8.46587 0.05496301 0.09603965 8.515611 0.277514 0.3390384 8.551521 0.3442338 0.6360156 8.501949 -0.005240543 0.2400147 8.501607 -0.09452789 0.683858 8.464682 -0.07595585 1.096434 8.461448 -0.05473797 1.442297 8.486004 0.09117432 0.6858533 8.468183 0.1304116 1.088118 8.384237 0.161917 1.434859 8.379118  O_Gathering_Close
-0.01850913 0.005456567 8.487887 -0.08292298 0.1042562 8.509582 -0.2793519 0.3693727 8.535784 -0.3175116 0.6671392 8.465169 0.05503084 0.09605443 8.515804 0.2777343 0.3389779 8.552258 0.342519 0.6358192 8.499413 -0.005161388 0.2400134 8.501588 -0.09446387 0.6838547 8.464675 -0.07594614 1.096434 8.461463 -0.05476884 1.442298 8.486028 0.09123875 0.6858544 8.468152 0.1304115 1.088112 8.384142 0.1618565 1.434859 8.379096  O_Gathering_Close
-0.01850466 0.005456328 8.487888 -0.0829203 0.1042558 8.509578 -0.2793467 0.3693725 8.535771 -0.3175038 0.6671393 8.465157 0.05503323 0.09605467 8.515809 0.2777404 0.3389771 8.552269 0.3422231 0.6357974 8.49894 -0.005158884 0.2400132 8.501589 -0.09446172 0.6838545 8.464676 -0.07594524 1.096434 8.461465 -0.05476896 1.442298 8.486029 0.0912409 0.6858543 8.468152 0.130412 1.088112 8.38414 0.1618554 1.434859 8.379097  O_Gathering_Close
-0.01850466 0.005456448 8.487888 -0.08292024 0.1042559 8.509579 -0.2793466 0.3693727 8.535771 -0.3175037 0.6671394 8.465157 0.05503323 0.09605467 8.51581 0.2777404 0.3389771 8.552269 0.342209 0.6357966 8.498918 -0.005158825 0.2400134 8.501589 -0.0944616 0.6838546 8.464676 -0.07594536 1.096434 8.461465 -0.05476932 1.442298 8.48603 0.09124102 0.6858544 8.468152 0.1304122 1.088112 8.384141 0.1618557 1.434859 8.379097  O_Gathering_Close
