-0.01850484 0.005456328 2.492655 -0.08292036 0.1042558 2.514345 -0.2793468 0.3693726 2.540539 -0.317504 0.6671394 2.469923 0.05503317 0.09605467 2.520576 0.2777403 0.3389771 2.557035 0.3422118 0.6357967 2.503688 -0.005158944 0.2400132 2.506355 -0.09446166 0.6838545 2.469443 -0.07594524 1.096434 2.466231 -0.05476902 1.442298 2.490796 0.0912409 0.6858543 2.472919 0.1304121 1.088112 2.388907 0.1618557 1.434859 2.383864  O_Gathering_SoClose
-0.02031801 0.00583899 2.492237 -0.08462177 0.1045061 2.514652 -0.2812716 0.3695604 2.541775 -0.318018 0.6668378 2.468404 0.05334022 0.09618139 2.520521 0.2766008 0.3386259 2.557262 0.3403619 0.6353246 2.502409 -0.006762428 0.2401992 2.506524 -0.09600888 0.6840436 2.469872 -0.07665746 1.096578 2.465961 -0.05479918 1.442375 2.490882 0.08970059 0.686044 2.472958 0.1301378 1.08516 2.37562 0.1602014 1.43202 2.381275  O_Gathering_SoClose
-0.0224375 0.006316066 2.49173 -0.08660649 0.1048259 2.514982 -0.2835084 0.3698086 2.543185 -0.3187427 0.6665199 2.466841 0.05136367 0.0963546 2.520435 0.2752469 0.3382467 2.557506 0.3381971 0.6347974 2.500944 -0.008630557 0.2404426 2.506698 -0.0978065 0.6842907 2.470345 -0.07745557 1.096769 2.465604 -0.05477707 1.442481 2.490948 0.08790977 0.686292 2.47299 0.1297121 1.081844 2.362561 0.1567004 1.428623 2.378805  O_Gathering_SoClose
-0.02792905 0.007336497 2.490428 -0.09175985 0.1054575 2.51564 -0.2892116 0.3702787 2.546403 -0.3214215 0.6657056 2.463984 0.04622235 0.09662724 2.520133 0.2714851 0.3372321 2.557992 0.3325766 0.6334105 2.497572 -0.01349632 0.240887 2.50701 -0.102484 0.6847432 2.471351 -0.07964842 1.097062 2.464534 -0.05491583 1.442554 2.490943 0.08324386 0.6867474 2.472992 0.1280438 1.076264 2.343866 0.15228 1.422146 2.375896  O_Gathering_SoClose
-0.0357062 0.00880003 2.488656 -0.09904413 0.1063551 2.516473 -0.2971969 0.3709451 2.550701 -0.3258058 0.6646175 2.461004 0.03894116 0.09702909 2.519687 0.2659987 0.335876 2.558599 0.324684 0.6314591 2.493094 -0.02038292 0.2415243 2.507393 -0.1090937 0.6853907 2.472657 -0.08280282 1.097446 2.462978 -0.05515353 1.442605 2.490818 0.07664104 0.6873997 2.472981 0.1251013 1.069601 2.324735 0.1478164 1.413574 2.373877  O_Gathering_SoClose
-0.04388152 0.01033509 2.487044 -0.1066958 0.1073133 2.517318 -0.3055618 0.3716561 2.554867 -0.3316772 0.6639788 2.460141 0.03127726 0.09748101 2.519321 0.259942 0.3346318 2.559303 0.3163839 0.6295896 2.48917 -0.02762453 0.2422154 2.507836 -0.1160269 0.6860896 2.47397 -0.08613251 1.097821 2.46139 -0.05541782 1.442605 2.490616 0.06970592 0.6881059 2.473085 0.1209878 1.064572 2.311694 0.1430301 1.406382 2.374367  O_Gathering_SoClose
-0.05386762 0.01216912 2.485293 -0.1160347 0.1084484 2.518309 -0.3157057 0.3724836 2.559656 -0.3397618 0.663626 2.460838 0.02190711 0.09801233 2.518952 0.2523157 0.3332007 2.560145 0.3063065 0.6273733 2.484966 -0.03647081 0.2430295 2.508396 -0.1244785 0.6869118 2.475509 -0.09022759 1.098189 2.459611 -0.05577837 1.44249 2.490337 0.06124325 0.688937 2.473303 0.1153342 1.060217 2.301173 0.1382042 1.399285 2.377054  O_Gathering_SoClose
-0.06943665 0.01450241 2.482893 -0.130602 0.1098624 2.519408 -0.3312483 0.3734781 2.566123 -0.3552839 0.6644362 2.466759 0.007263856 0.0985111 2.518226 0.2398685 0.3309574 2.560566 0.2908927 0.6240754 2.479432 -0.05027656 0.2439529 2.508998 -0.1376 0.6878554 2.477468 -0.09640001 1.098426 2.459883 -0.05631671 1.442119 2.490573 0.04809441 0.6898779 2.473592 0.1063113 1.057032 2.294114 0.1313504 1.392129 2.385388  O_Gathering_SoClose
-0.08102958 0.01631248 2.481605 -0.141518 0.1110705 2.520247 -0.3426981 0.3744463 2.570329 -0.3680651 0.6659473 2.472907 -0.003720505 0.09905469 2.518071 0.2302006 0.3296365 2.560869 0.2796559 0.6221313 2.476577 -0.06061492 0.2448016 2.50969 -0.1473468 0.6887245 2.478972 -0.100979 1.098671 2.459764 -0.05677323 1.441837 2.490697 0.03833034 0.6907353 2.474334 0.09977074 1.057507 2.295149 0.1271181 1.389542 2.396406  O_Gathering_SoClose
-0.09536611 0.01958358 2.481217 -0.1551532 0.1136509 2.522038 -0.3568856 0.3768607 2.575187 -0.3840762 0.6689351 2.479999 -0.01744143 0.1008297 2.51915 0.2176306 0.3293382 2.561646 0.2663469 0.6213652 2.475325 -0.07350992 0.2469436 2.511635 -0.1593584 0.6909171 2.481682 -0.1065904 1.099557 2.45333 -0.056253 1.441347 2.489654 0.02631261 0.6928694 2.476784 0.09234847 1.06253 2.305337 0.1228148 1.389277 2.421766  O_Gathering_SoClose
-0.107928 0.02396774 2.482036 -0.1675361 0.1174048 2.524103 -0.3693676 0.3807701 2.578018 -0.3981388 0.6730624 2.48397 -0.02987598 0.1038978 2.521983 0.2060194 0.330551 2.564772 0.2548535 0.6224245 2.477999 -0.08516149 0.2503217 2.514707 -0.1699881 0.6943229 2.484654 -0.1120396 1.101169 2.443511 -0.05536531 1.440984 2.488097 0.01571866 0.6962619 2.481375 0.08661725 1.070209 2.32156 0.1200079 1.390547 2.453908  O_Gathering_SoClose
-0.123845 0.03365147 2.485246 -0.1847822 0.126053 2.527046 -0.3853604 0.3905023 2.576277 -0.4153823 0.6819696 2.480084 -0.04723893 0.1117007 2.530667 0.1898435 0.3353633 2.577919 0.239888 0.6274289 2.492494 -0.101289 0.2585037 2.521902 -0.1839391 0.7024428 2.489016 -0.1193063 1.105146 2.423995 -0.05270396 1.440482 2.485539 0.001724379 0.7045612 2.494128 0.08002408 1.084948 2.354203 0.1162037 1.39213 2.514133  O_Gathering_SoClose
-0.1338165 0.04284608 2.489083 -0.1962272 0.1344389 2.530005 -0.3951659 0.4000715 2.574008 -0.4253416 0.6902321 2.473989 -0.05899362 0.1195554 2.539098 0.1788704 0.3407139 2.59042 0.2303191 0.6330068 2.506621 -0.112122 0.2665967 2.528821 -0.1929761 0.7104501 2.493277 -0.1239724 1.108831 2.408984 -0.04953454 1.439744 2.484014 -0.00769238 0.712785 2.506162 0.07554318 1.097562 2.381977 0.1126233 1.393519 2.561648  O_Gathering_SoClose
-0.1462462 0.05969357 2.49748 -0.211242 0.1500102 2.536448 -0.4063552 0.4180268 2.571051 -0.4356795 0.7052089 2.462543 -0.07498877 0.1344315 2.554604 0.1640996 0.3509275 2.612193 0.2184851 0.6434787 2.531197 -0.1267019 0.2817842 2.541863 -0.2046572 0.7254518 2.502081 -0.1300341 1.115103 2.387284 -0.0450453 1.438466 2.481554 -0.02070693 0.7282252 2.527697 0.06957252 1.118721 2.428873 0.1069356 1.396794 2.635094  O_Gathering_SoClose
-0.1543758 0.08377945 2.510487 -0.2224293 0.1725553 2.546934 -0.4128531 0.4430521 2.571906 -0.4365506 0.7230052 2.444736 -0.08789168 0.1565808 2.574893 0.1510039 0.3684968 2.638922 0.2078072 0.6617106 2.562089 -0.1383815 0.3041313 2.55976 -0.213775 0.7475747 2.516249 -0.1359877 1.12399 2.365135 -0.04087887 1.43745 2.480767 -0.03222422 0.7509755 2.555355 0.06082388 1.145284 2.476194 0.09366025 1.404277 2.706611  O_Gathering_SoClose
-0.1571691 0.1042914 2.521296 -0.2274142 0.191883 2.555882 -0.4144489 0.4639702 2.574997 -0.4319444 0.7357547 2.430309 -0.09442984 0.1758066 2.590436 0.1454422 0.3824359 2.658551 0.2061384 0.6758229 2.585446 -0.1442855 0.3234277 2.573948 -0.2182895 0.7667394 2.528676 -0.1399485 1.131456 2.351422 -0.03846214 1.436625 2.482749 -0.0389065 0.7706034 2.57672 0.05428227 1.166267 2.50482 0.08172055 1.412179 2.749814  O_Gathering_SoClose
-0.1576806 0.1249409 2.530619 -0.2298608 0.2112719 2.563923 -0.4146814 0.4842188 2.580119 -0.4279431 0.7491126 2.422756 -0.09833132 0.1952361 2.603674 0.1430305 0.3959049 2.67389 0.2081736 0.6890036 2.603506 -0.1479881 0.3428706 2.586714 -0.2214776 0.786118 2.541717 -0.1418607 1.134924 2.335392 -0.03359793 1.434375 2.474254 -0.04415135 0.7904174 2.596839 0.04926022 1.185953 2.524524 0.07089962 1.418766 2.78255  O_Gathering_SoClose
-0.1552405 0.148662 2.538309 -0.2294515 0.2334276 2.570736 -0.4129152 0.5067981 2.585811 -0.4221321 0.7644947 2.416651 -0.09939228 0.2175958 2.615135 0.1414879 0.4140676 2.685258 0.2084425 0.7071 2.616313 -0.1493446 0.3651642 2.598469 -0.2233504 0.8083419 2.555625 -0.1460294 1.142668 2.325795 -0.03316216 1.434039 2.477578 -0.04814235 0.8131518 2.617111 0.04631968 1.20688 2.536747 0.06118258 1.424437 2.808218  O_Gathering_SoClose
-0.1512335 0.1773216 2.543393 -0.226971 0.2602954 2.576608 -0.4091863 0.5349584 2.590493 -0.4078171 0.7839551 2.408542 -0.09754686 0.2447487 2.622921 0.142862 0.4378467 2.686882 0.2103628 0.7302078 2.615656 -0.1485817 0.3921659 2.608326 -0.2243734 0.8352218 2.569978 -0.1494667 1.150339 2.313726 -0.0313615 1.433016 2.477491 -0.05021022 0.8404809 2.634329 0.04820373 1.227646 2.530303 0.05748584 1.428307 2.814726  O_Gathering_SoClose
-0.144903 0.2126536 2.545125 -0.2216737 0.2934686 2.58102 -0.4031571 0.5698218 2.593502 -0.3840587 0.8073054 2.397685 -0.09188174 0.2783704 2.626444 0.1471372 0.4693378 2.677525 0.2126961 0.7605692 2.600125 -0.1448657 0.4254504 2.615979 -0.2238029 0.8681976 2.584916 -0.1537348 1.158735 2.299867 -0.03108661 1.432258 2.475413 -0.04939405 0.8739288 2.648557 0.0545481 1.246691 2.504864 0.05850979 1.42817 2.802013  O_Gathering_SoClose
-0.1360489 0.2526946 2.542407 -0.2139053 0.3308227 2.5817 -0.4008288 0.6061608 2.594001 -0.3677616 0.826786 2.381072 -0.08357064 0.3162763 2.625729 0.1528474 0.506982 2.660409 0.2147908 0.7964051 2.573797 -0.1390152 0.4627386 2.620821 -0.2215779 0.9047257 2.598558 -0.1579005 1.166716 2.285699 -0.03118239 1.430853 2.472375 -0.04676728 0.9110213 2.661034 0.05932625 1.270061 2.487143 0.05721917 1.426861 2.798041  O_Gathering_SoClose
-0.1265964 0.2930317 2.536907 -0.205388 0.3681509 2.580043 -0.4011776 0.6402503 2.592871 -0.3555192 0.8422834 2.364386 -0.07437329 0.35418 2.6222 0.1581142 0.546398 2.639146 0.214696 0.8335252 2.541879 -0.1324283 0.4997015 2.623771 -0.2186639 0.9403521 2.61114 -0.1623584 1.173559 2.274958 -0.03261129 1.429518 2.470725 -0.04329519 0.9472501 2.671966 0.06580009 1.288636 2.467131 0.06007333 1.428146 2.786117  O_Gathering_SoClose
-0.1162948 0.3342606 2.526683 -0.1959608 0.4055959 2.574409 -0.3986215 0.6739202 2.586364 -0.3353444 0.8575795 2.346838 -0.06417482 0.3921698 2.614277 0.1636539 0.5875852 2.612647 0.2143039 0.8717668 2.504112 -0.1250121 0.5362457 2.623782 -0.2152011 0.9746245 2.622615 -0.1669525 1.178364 2.266614 -0.0347235 1.427611 2.46926 -0.03922973 0.9822963 2.68158 0.07102664 1.307012 2.451782 0.06185295 1.429102 2.777753  O_Gathering_SoClose
-0.106893 0.3703626 2.514073 -0.1872251 0.437776 2.566199 -0.3952267 0.7016354 2.577429 -0.3151474 0.870298 2.331975 -0.05473302 0.424842 2.603827 0.1680465 0.6240641 2.585607 0.2126242 0.9050951 2.466701 -0.1180426 0.5671031 2.621235 -0.2118078 1.002611 2.631432 -0.1709509 1.181011 2.26119 -0.03691993 1.425562 2.468324 -0.03528534 1.011035 2.688619 0.07453986 1.323839 2.442661 0.06255479 1.429635 2.774189  O_Gathering_SoClose
-0.0977708 0.4047831 2.498277 -0.1787338 0.4676932 2.554886 -0.3921921 0.725692 2.567557 -0.2979198 0.8828407 2.319516 -0.04559604 0.4552652 2.590343 0.1721972 0.6582719 2.556597 0.2112679 0.9359365 2.428222 -0.111364 0.5950841 2.616316 -0.2089058 1.026939 2.639189 -0.1750014 1.182363 2.258048 -0.03933368 1.423313 2.468313 -0.03188984 1.036123 2.694709 0.07761188 1.338293 2.435661 0.06331725 1.430033 2.771261  O_Gathering_SoClose
-0.08849756 0.4399575 2.478812 -0.1700279 0.4974852 2.540162 -0.3889521 0.7481271 2.556046 -0.2815132 0.8962779 2.307822 -0.03625242 0.4856206 2.573338 0.1757488 0.6929514 2.523921 0.2088184 0.9666566 2.385733 -0.1045388 0.6220726 2.608937 -0.2061303 1.049106 2.646356 -0.1791387 1.182615 2.256457 -0.04178016 1.420822 2.46874 -0.02863137 1.059102 2.700169 0.08050694 1.351964 2.430495 0.06423785 1.430497 2.76934  O_Gathering_SoClose
-0.07658224 0.484898 2.448271 -0.1588447 0.534121 2.515624 -0.3843859 0.7736856 2.542892 -0.2634659 0.9137679 2.296188 -0.02436171 0.5230635 2.546109 0.179543 0.736463 2.477875 0.2051527 1.004725 2.327927 -0.09596322 0.6534747 2.595257 -0.2034259 1.072487 2.654256 -0.1844844 1.182105 2.256513 -0.04505603 1.417478 2.4706 -0.02540771 1.08364 2.706089 0.08398373 1.367326 2.426877 0.06509759 1.430805 2.768727  O_Gathering_SoClose
-0.06688087 0.5216765 2.418521 -0.1497283 0.5627146 2.49053 -0.381106 0.7911112 2.533458 -0.2532754 0.9273386 2.288083 -0.01475434 0.5523777 2.519032 0.1820265 0.7713687 2.436716 0.201992 1.034825 2.277666 -0.08913772 0.675955 2.58023 -0.2020637 1.086444 2.659619 -0.1887503 1.181065 2.257818 -0.0474389 1.414696 2.472578 -0.0237156 1.098685 2.710053 0.08688159 1.37768 2.426621 0.06579621 1.430889 2.770092  O_Gathering_SoClose
-0.05940531 0.5496044 2.394695 -0.1426995 0.5837132 2.469784 -0.3791377 0.8015954 2.52745 -0.248644 0.9369197 2.282979 -0.007416112 0.5740182 2.497018 0.182892 0.7979804 2.405613 0.1980857 1.058239 2.240875 -0.08396314 0.6911812 2.567465 -0.2015823 1.093761 2.66352 -0.1919161 1.179842 2.2597 -0.04914729 1.412522 2.474528 -0.02306543 1.107118 2.713067 0.08978309 1.382718 2.427212 0.06643565 1.430368 2.771352  O_Gathering_SoClose
-0.05318729 0.5725653 2.373784 -0.1368658 0.6003634 2.451062 -0.376579 0.8083299 2.524634 -0.2465278 0.94463 2.280469 -0.001370711 0.591242 2.477427 0.1832962 0.8198058 2.37975 0.1948853 1.077763 2.211144 -0.07977329 0.7020991 2.555614 -0.201762 1.096957 2.666507 -0.1945594 1.178549 2.261704 -0.05043356 1.410713 2.476184 -0.02317826 1.111459 2.715488 0.09263034 1.384641 2.428498 0.06701918 1.429507 2.772851  O_Gathering_SoClose
-0.04641877 0.6000432 2.350879 -0.130375 0.6202515 2.430251 -0.3733865 0.8150399 2.521544 -0.2445413 0.9535136 2.277964 0.005371826 0.6119612 2.455575 0.18408 0.8441926 2.348485 0.1930167 1.096832 2.171855 -0.07506488 0.7146719 2.54235 -0.2021695 1.099602 2.670094 -0.1977273 1.176809 2.264392 -0.05193577 1.408578 2.478172 -0.02356015 1.115645 2.718497 0.0970843 1.385266 2.430135 0.06797464 1.428156 2.774462  O_Gathering_SoClose
-0.0394846 0.6307361 2.327677 -0.1235158 0.6423863 2.408754 -0.3695152 0.8208227 2.517798 -0.2424747 0.9631295 2.275483 0.01250859 0.6352596 2.432917 0.1823387 0.8730518 2.319264 0.186542 1.122403 2.137851 -0.06997655 0.7280859 2.528462 -0.202732 1.101055 2.673928 -0.201282 1.174528 2.267512 -0.05349485 1.406134 2.480094 -0.02417002 1.119108 2.721796 0.1038186 1.38359 2.431844 0.06958969 1.426068 2.775751  O_Gathering_SoClose
-0.03243552 0.6664497 2.30333 -0.1161672 0.6680304 2.385649 -0.3644938 0.8257046 2.513322 -0.240899 0.9738681 2.272741 0.02019282 0.662891 2.408381 0.1792383 0.9068325 2.289097 0.1784638 1.152593 2.102802 -0.06441818 0.7432189 2.512965 -0.2035759 1.101069 2.678263 -0.2051051 1.17133 2.271279 -0.05513595 1.403167 2.482074 -0.02517251 1.121437 2.725791 0.112397 1.378914 2.433929 0.07167657 1.423082 2.776914  O_Gathering_SoClose
-0.02749733 0.6981207 2.284209 -0.11043 0.690599 2.367134 -0.3597495 0.82854 2.509143 -0.2403705 0.9830907 2.270459 0.02624454 0.6881657 2.38838 0.1756789 0.9371606 2.26546 0.1714834 1.179714 2.075054 -0.05993048 0.7564825 2.499987 -0.2044224 1.100046 2.68189 -0.2081376 1.168132 2.274551 -0.05638663 1.400449 2.483536 -0.02622925 1.12227 2.729375 0.1200571 1.372947 2.435836 0.07362826 1.42008 2.7777  O_Gathering_SoClose
-0.02460091 0.7311088 2.26709 -0.1057059 0.7137057 2.350497 -0.3549908 0.8302724 2.504333 -0.2407926 0.9928093 2.268435 0.03128542 0.7159478 2.369618 0.1703378 0.9706839 2.2446 0.1634073 1.210542 2.050888 -0.05597077 0.7706658 2.487693 -0.2051288 1.099136 2.685137 -0.2107835 1.16469 2.277405 -0.05733327 1.397511 2.48458 -0.02714257 1.12269 2.732757 0.1268134 1.366662 2.437497 0.07556583 1.417033 2.778208  O_Gathering_SoClose
-0.0246654 0.7525615 2.257324 -0.1037274 0.7284325 2.341151 -0.3523175 0.8307537 2.500978 -0.2412057 0.9979487 2.266868 0.03337922 0.7349759 2.358362 0.1654051 0.9937836 2.232762 0.1571485 1.232419 2.037596 -0.05391471 0.7800699 2.48041 -0.2053802 1.098902 2.686871 -0.2120823 1.162485 2.278842 -0.05758617 1.395517 2.485001 -0.02748452 1.122848 2.734633 0.1300293 1.363185 2.438271 0.0767587 1.415139 2.778433  O_Gathering_SoClose
-0.02661626 0.7715748 2.249621 -0.1029919 0.7411458 2.334034 -0.3505652 0.8306157 2.497801 -0.2414081 1.000971 2.265054 0.03404017 0.7527704 2.349012 0.1595175 1.01567 2.223453 0.150381 1.253781 2.027688 -0.05258076 0.7885896 2.474564 -0.20542 1.099274 2.688161 -0.2129241 1.160632 2.279807 -0.05751566 1.393719 2.485215 -0.02753918 1.123046 2.736066 0.1314155 1.361096 2.438629 0.0776477 1.413684 2.778616  O_Gathering_SoClose
-0.03457181 0.7997338 2.239699 -0.1039638 0.7584456 2.325869 -0.3470333 0.8267919 2.492797 -0.2420061 1.004548 2.263713 0.03194018 0.7822787 2.335835 0.1458615 1.053392 2.211125 0.1355603 1.292909 2.017141 -0.05144719 0.8012078 2.467128 -0.2049883 1.100746 2.688901 -0.2135919 1.158525 2.280047 -0.05666534 1.391082 2.4849 -0.02706425 1.123728 2.73703 0.1338331 1.359291 2.438658 0.07974006 1.411852 2.778598  O_Gathering_SoClose
-0.04086659 0.8088408 2.236571 -0.1055354 0.7628305 2.324269 -0.3445673 0.8223445 2.490502 -0.2427506 1.005661 2.264369 0.02895858 0.794487 2.331086 0.1377919 1.070692 2.208134 0.126508 1.313683 2.018576 -0.0515335 0.8052049 2.465085 -0.2045719 1.101746 2.688479 -0.2135708 1.158261 2.279457 -0.05598901 1.390231 2.484472 -0.02663676 1.124154 2.736837 0.1351753 1.359297 2.438629 0.08099385 1.411424 2.778622  O_Gathering_SoClose
-0.04484485 0.8108878 2.235481 -0.1067183 0.76301 2.324372 -0.3429531 0.8189858 2.489398 -0.2435158 1.005996 2.26524 0.02670761 0.7992191 2.329238 0.133901 1.078637 2.208491 0.1214546 1.325313 2.023827 -0.05182956 0.8060428 2.464644 -0.2043574 1.102254 2.687994 -0.213444 1.15845 2.27893 -0.0556284 1.39001 2.48423 -0.02645038 1.124309 2.736618 0.1358557 1.359599 2.438794 0.08159114 1.411402 2.778822  O_Gathering_SoClose
-0.04717503 0.8114153 2.234774 -0.107494 0.7628721 2.324525 -0.3420426 0.8169422 2.488786 -0.2440069 1.005973 2.265707 0.02523019 0.8017012 2.328245 0.1325672 1.083297 2.210623 0.1164965 1.333397 2.030911 -0.05208073 0.8063768 2.464445 -0.2042416 1.102541 2.687636 -0.213454 1.158608 2.278556 -0.05553518 1.389889 2.48409 -0.02636473 1.124376 2.736468 0.1361765 1.36 2.439038 0.08189817 1.411515 2.779109  O_Gathering_SoClose
-0.04899703 0.8100021 2.234091 -0.1083373 0.761912 2.324965 -0.3414444 0.8151039 2.488546 -0.2446264 1.005445 2.266051 0.02380933 0.8027421 2.327692 0.134207 1.086531 2.216753 0.1096182 1.342607 2.04668 -0.05249433 0.8061045 2.464497 -0.2042459 1.102711 2.687119 -0.213564 1.158901 2.278058 -0.0557193 1.389853 2.48402 -0.02643399 1.124337 2.736279 0.1362679 1.360892 2.439676 0.08194859 1.411898 2.779817  O_Gathering_SoClose
-0.04902462 0.8087316 2.233649 -0.1084984 0.7614959 2.32503 -0.3415124 0.8146733 2.488494 -0.2450489 1.005021 2.265851 0.02352829 0.8027174 2.327674 0.1377435 1.087177 2.222325 0.1074488 1.347761 2.060207 -0.05272261 0.8059301 2.464513 -0.2043136 1.102681 2.686862 -0.2137622 1.158978 2.27782 -0.05604289 1.389812 2.48401 -0.0265287 1.124253 2.736145 0.1361205 1.361639 2.440177 0.08182175 1.412269 2.780378  O_Gathering_SoClose
-0.0481867 0.805122 2.233181 -0.1087962 0.7602302 2.325253 -0.3423255 0.8148451 2.488386 -0.245744 1.003883 2.26468 0.02331241 0.8011562 2.32836 0.1470766 1.085259 2.235096 0.1080381 1.354417 2.089719 -0.05359767 0.8051537 2.464808 -0.2049419 1.102501 2.686225 -0.2142326 1.159237 2.27724 -0.05682288 1.389814 2.483953 -0.02717732 1.124078 2.735579 0.135833 1.363438 2.441406 0.08137871 1.413302 2.781695  O_Gathering_SoClose
-0.04799519 0.8010914 2.23334 -0.1096645 0.7582868 2.325882 -0.3433475 0.8152935 2.488032 -0.2461739 1.002594 2.263124 0.02253033 0.7988937 2.329469 0.1550031 1.08157 2.246539 0.1127536 1.356834 2.114065 -0.05512498 0.8039417 2.46546 -0.2061169 1.102419 2.685366 -0.2145957 1.159754 2.276446 -0.05735759 1.389919 2.483748 -0.02832959 1.12401 2.734631 0.1359657 1.365216 2.442688 0.08105887 1.414488 2.78299  O_Gathering_SoClose
-0.04798309 0.7978894 2.233635 -0.1104957 0.7565944 2.326406 -0.3441599 0.8156598 2.487747 -0.2464534 1.001557 2.261908 0.02179177 0.7968569 2.330431 0.1607534 1.078071 2.255651 0.1165071 1.357195 2.132214 -0.05651693 0.8028343 2.46601 -0.2072503 1.102301 2.684593 -0.2148204 1.160237 2.27574 -0.0577083 1.390032 2.483546 -0.02944861 1.123893 2.733805 0.1361597 1.366621 2.443874 0.08076318 1.415516 2.784151  O_Gathering_SoClose
-0.04805939 0.7945707 2.234035 -0.1114476 0.754742 2.326945 -0.3450083 0.8160465 2.487425 -0.2466838 1.00045 2.260632 0.02094753 0.7945955 2.331471 0.1662945 1.074056 2.265154 0.1206399 1.356498 2.15006 -0.0580797 0.801582 2.466583 -0.2085869 1.102112 2.683739 -0.2149918 1.160766 2.274969 -0.05802033 1.390166 2.483319 -0.03077589 1.123699 2.732921 0.1363937 1.368008 2.445221 0.08040108 1.416619 2.785441  O_Gathering_SoClose
-0.04816673 0.7909532 2.234396 -0.1125418 0.7526468 2.327361 -0.3459577 0.8164188 2.486944 -0.2468474 0.9991024 2.259103 0.01996519 0.7920483 2.332525 0.1721246 1.069506 2.276042 0.1262238 1.355137 2.169212 -0.05990956 0.8000718 2.46708 -0.2103902 1.10164 2.682769 -0.2150743 1.161287 2.274119 -0.05836771 1.390301 2.483092 -0.03260247 1.123232 2.732032 0.1365076 1.369222 2.446911 0.07974394 1.417816 2.787006  O_Gathering_SoClose
-0.04831604 0.7858878 2.234868 -0.1140919 0.7495973 2.327776 -0.3472704 0.8168566 2.486141 -0.2469309 0.9970423 2.256854 0.01856204 0.7883558 2.333936 0.1796342 1.062937 2.291937 0.1347755 1.352409 2.195508 -0.06256275 0.7977711 2.46765 -0.2132658 1.100685 2.68136 -0.21502 1.161932 2.272924 -0.0588337 1.390481 2.482793 -0.03555058 1.122297 2.730875 0.1365045 1.370575 2.449524 0.07852019 1.419485 2.789368  O_Gathering_SoClose
-0.04768549 0.7782418 2.236104 -0.1155364 0.7448126 2.328738 -0.3490857 0.8172155 2.48478 -0.2463401 0.993517 2.253547 0.01728876 0.7826885 2.336493 0.1899591 1.053178 2.317803 0.1507381 1.347511 2.234531 -0.06579565 0.7942129 2.468832 -0.2175244 1.099277 2.679183 -0.2143009 1.162521 2.27106 -0.05964534 1.3908 2.482351 -0.04004083 1.121045 2.729455 0.136156 1.372708 2.453732 0.07571162 1.422139 2.79307  O_Gathering_SoClose
-0.04662107 0.770902 2.237396 -0.1161529 0.7398256 2.329705 -0.3502511 0.8166997 2.483686 -0.2457601 0.9902304 2.251143 0.01679595 0.7769662 2.338783 0.1971265 1.044026 2.339033 0.1647225 1.341749 2.265443 -0.06790291 0.7903546 2.469918 -0.2207066 1.097432 2.677208 -0.2131054 1.162827 2.269482 -0.06017892 1.39119 2.481938 -0.0434653 1.119369 2.728256 0.1353581 1.374317 2.457281 0.0729716 1.424403 2.796172  O_Gathering_SoClose
-0.04533462 0.7633468 2.238775 -0.1163071 0.7343931 2.330757 -0.350889 0.8155425 2.482955 -0.2452931 0.9871352 2.249475 0.01675077 0.7708462 2.340957 0.2025498 1.0349 2.35674 0.178188 1.335186 2.290867 -0.06932525 0.7860373 2.470994 -0.2230812 1.095174 2.675256 -0.2115027 1.163003 2.268022 -0.06044642 1.391661 2.481497 -0.04607199 1.117262 2.727038 0.1342405 1.375648 2.46034 0.07035758 1.42647 2.798843  O_Gathering_SoClose
-0.04387675 0.7547003 2.239566 -0.1160844 0.7275244 2.331187 -0.350814 0.8127354 2.482096 -0.2454066 0.9837718 2.248123 0.01706739 0.7633329 2.342394 0.2066527 1.024798 2.370131 0.1893239 1.326745 2.309864 -0.07020532 0.7801264 2.471433 -0.2249911 1.091089 2.673649 -0.209889 1.162959 2.267224 -0.06043015 1.392184 2.481215 -0.04821507 1.113253 2.72619 0.1320913 1.375314 2.463099 0.06792457 1.427897 2.80128  O_Gathering_SoClose
-0.04228668 0.7447829 2.239663 -0.1155459 0.7190575 2.330903 -0.3500676 0.8081834 2.481065 -0.2461379 0.9801047 2.247079 0.01769741 0.7542255 2.343015 0.2101211 1.013564 2.378964 0.1991956 1.31643 2.321895 -0.07060491 0.7724454 2.471156 -0.2264827 1.08502 2.672382 -0.2083045 1.162702 2.267154 -0.06013338 1.392762 2.481143 -0.04993908 1.107151 2.725712 0.1288354 1.373168 2.465562 0.06563492 1.428677 2.803456  O_Gathering_SoClose
-0.04058151 0.7331192 2.239781 -0.1148766 0.7088639 2.330616 -0.3489929 0.8022457 2.479908 -0.2472884 0.9758995 2.246224 0.01845356 0.7433754 2.343626 0.213297 1.000699 2.386656 0.2085688 1.304136 2.33181 -0.0708705 0.763127 2.470829 -0.2279555 1.077485 2.671365 -0.2067082 1.162146 2.267688 -0.0596898 1.393389 2.481196 -0.05166451 1.099534 2.725558 0.1248323 1.369695 2.468137 0.06332476 1.429109 2.805679  O_Gathering_SoClose
-0.03779463 0.7124001 2.240192 -0.11368 0.6905059 2.330349 -0.3468485 0.7910009 2.477932 -0.2495094 0.9685633 2.245329 0.01976891 0.723989 2.344754 0.2176922 0.9783801 2.397333 0.2220839 1.282192 2.344577 -0.0711311 0.7463148 2.470405 -0.2302563 1.063736 2.670205 -0.2042854 1.160711 2.269586 -0.05890362 1.394391 2.481557 -0.05439053 1.08559 2.725839 0.1175398 1.362255 2.472264 0.05959054 1.429266 2.809012  O_Gathering_SoClose
-0.0357102 0.6940036 2.240892 -0.1128008 0.674062 2.330502 -0.3449439 0.7806938 2.476168 -0.2517025 0.9623955 2.245088 0.02073564 0.7067207 2.345951 0.2206963 0.9590038 2.404754 0.231872 1.262806 2.352952 -0.07134812 0.731285 2.470315 -0.2320304 1.051447 2.669406 -0.2023722 1.159234 2.271817 -0.05812208 1.395247 2.481969 -0.05650769 1.073106 2.726189 0.1116226 1.354997 2.475842 0.05684682 1.429052 2.811644  O_Gathering_SoClose
-0.03316031 0.6678104 2.242257 -0.1117532 0.6505242 2.331134 -0.3421875 0.7656916 2.473608 -0.2548935 0.9539459 2.245468 0.02188762 0.6821026 2.347874 0.2240261 0.9319416 2.413661 0.2435756 1.235433 2.362525 -0.07164977 0.7098166 2.470479 -0.2342699 1.033884 2.668427 -0.1999118 1.15687 2.275656 -0.05707262 1.396404 2.482765 -0.05919675 1.05526 2.726685 0.103748 1.344085 2.480855 0.05339803 1.428431 2.814918  O_Gathering_SoClose
-0.03089355 0.6404022 2.24409 -0.1107896 0.6257405 2.332293 -0.3392046 0.749595 2.470703 -0.2586666 0.9455658 2.246613 0.02292891 0.6563865 2.35011 0.2256816 0.9046245 2.423296 0.2522115 1.207788 2.373375 -0.07185273 0.6873064 2.470981 -0.2363075 1.015361 2.667463 -0.197723 1.154092 2.280372 -0.05634169 1.397624 2.483787 -0.06164376 1.036602 2.726986 0.09594478 1.33268 2.486347 0.05019077 1.427651 2.818213  O_Gathering_SoClose
-0.02882658 0.6042603 2.247579 -0.1103515 0.5932252 2.334828 -0.3357575 0.7287685 2.466665 -0.2631883 0.9346932 2.248867 0.0234886 0.6224909 2.354001 0.2284936 0.8683797 2.432544 0.2639734 1.170664 2.382847 -0.07275574 0.6579403 2.472448 -0.2388293 0.9917697 2.665931 -0.1944873 1.150304 2.28715 -0.05480198 1.399137 2.485251 -0.06468914 1.012599 2.72711 0.08718808 1.317509 2.493944 0.04687871 1.426572 2.822164  O_Gathering_SoClose
-0.02778511 0.5781922 2.250569 -0.1103322 0.569783 2.337151 -0.3334463 0.7135248 2.463777 -0.2663004 0.9260996 2.250679 0.02359297 0.59809 2.357151 0.2295795 0.8427209 2.439425 0.2705787 1.144403 2.390317 -0.07351379 0.6368945 2.47383 -0.2404602 0.9749721 2.664654 -0.1925896 1.147571 2.292508 -0.05395649 1.400249 2.486436 -0.06665485 0.9955756 2.726853 0.08136602 1.306942 2.49982 0.04482253 1.425851 2.825047  O_Gathering_SoClose
-0.02709786 0.5497112 2.254261 -0.1106362 0.5442368 2.340125 -0.3311306 0.6966966 2.460725 -0.2694744 0.9159707 2.25282 0.02338578 0.5715086 2.360899 0.2299915 0.8151301 2.446974 0.2762484 1.116201 2.398798 -0.07448821 0.6140937 2.475602 -0.2420626 0.9569595 2.662959 -0.190712 1.14462 2.298649 -0.0532438 1.401493 2.487838 -0.06858306 0.9773679 2.726124 0.07547708 1.295864 2.506557 0.04287674 1.425179 2.828213  O_Gathering_SoClose
-0.02707879 0.5136535 2.259641 -0.1117282 0.5121926 2.344573 -0.3288822 0.6752758 2.457387 -0.2727121 0.9014231 2.255373 0.02243866 0.5380862 2.366161 0.2297326 0.7807117 2.456185 0.2818725 1.081055 2.4095 -0.07614748 0.5857893 2.478208 -0.2438328 0.9352116 2.659894 -0.1880195 1.1412 2.306301 -0.05235205 1.403249 2.4896 -0.07070778 0.9554 2.724094 0.06897427 1.283125 2.515554 0.04089304 1.424824 2.832383  O_Gathering_SoClose
-0.02831296 0.4694194 2.267326 -0.1141004 0.4732801 2.351033 -0.3268922 0.6489708 2.453829 -0.276253 0.8822655 2.258594 0.02027257 0.4973729 2.373409 0.2281744 0.7391772 2.46734 0.2864561 1.038728 2.422875 -0.07879411 0.5517817 2.481921 -0.2456238 0.9098216 2.654883 -0.1845322 1.13737 2.315672 -0.05132649 1.405505 2.491836 -0.07286046 0.9297863 2.720119 0.06201621 1.268924 2.527254 0.03909977 1.424898 2.837729  O_Gathering_SoClose
-0.03048698 0.4335338 2.274704 -0.1170128 0.4421426 2.357289 -0.3257822 0.6279502 2.451426 -0.2793212 0.8668044 2.26196 0.01755716 0.4646164 2.38016 0.2257622 0.7060402 2.476643 0.2882443 1.005046 2.434263 -0.08154957 0.5249149 2.485476 -0.2467687 0.8905005 2.649608 -0.1819085 1.13484 2.32301 -0.05068974 1.407555 2.493544 -0.07426701 0.9103293 2.715574 0.05703111 1.258708 2.537258 0.03808757 1.425563 2.842297  O_Gathering_SoClose
-0.0346602 0.3895801 2.28491 -0.1218088 0.4044155 2.365942 -0.3250474 0.6023417 2.448859 -0.2835611 0.8481286 2.267268 0.01303001 0.4247328 2.389244 0.2215325 0.6659025 2.488206 0.2884317 0.9643534 2.448761 -0.08564995 0.4926224 2.490252 -0.2477117 0.8678021 2.641735 -0.1785816 1.132007 2.33191 -0.05006556 1.41015 2.495599 -0.07545184 0.8875023 2.708368 0.05141803 1.247081 2.550221 0.03734573 1.426811 2.848126  O_Gathering_SoClose
-0.04041461 0.3499492 2.295668 -0.1277715 0.3708845 2.375114 -0.3249623 0.5796982 2.447045 -0.2878474 0.8322425 2.27398 0.007351594 0.3890327 2.398558 0.2162348 0.6300797 2.49907 0.2865705 0.9281301 2.462694 -0.09036718 0.4642084 2.495248 -0.2481299 0.8484003 2.633272 -0.1752509 1.129752 2.339836 -0.04962663 1.412701 2.497419 -0.07596354 0.8680192 2.700171 0.04704918 1.237051 2.562016 0.03778799 1.42897 2.852411  O_Gathering_SoClose
-0.04632882 0.3161023 2.30463 -0.1335797 0.3423659 2.382596 -0.3259825 0.5597551 2.445396 -0.2939076 0.8188858 2.281292 0.001798825 0.358539 2.406012 0.2112889 0.5993077 2.507702 0.2844584 0.8970693 2.474707 -0.09469049 0.4399523 2.498808 -0.2478338 0.8316352 2.624271 -0.1719751 1.127666 2.346447 -0.04914401 1.414811 2.498546 -0.0756499 0.8511772 2.691147 0.04261829 1.229153 2.574741 0.03717091 1.429825 2.859257  O_Gathering_SoClose
-0.05189304 0.2861146 2.311172 -0.138854 0.3170069 2.387752 -0.3287514 0.5409504 2.443721 -0.3042037 0.8070533 2.289792 -0.003255947 0.3313563 2.411087 0.2075123 0.5713083 2.514184 0.2838546 0.8687185 2.485488 -0.09839968 0.4180876 2.500388 -0.2467426 0.8159857 2.613981 -0.1686112 1.125585 2.35203 -0.04860179 1.416615 2.498908 -0.07448988 0.8354291 2.680708 0.03728457 1.222727 2.591766 0.03466554 1.429253 2.872101  O_Gathering_SoClose
-0.07218556 0.2162088 2.324426 -0.15651 0.257864 2.398826 -0.3424231 0.4954336 2.442081 -0.3428111 0.7791421 2.321181 -0.02007381 0.2675045 2.41955 0.194787 0.504815 2.524117 0.277817 0.8013696 2.507815 -0.1097104 0.3662261 2.501822 -0.2437676 0.7768599 2.589175 -0.1604971 1.119079 2.373475 -0.04892705 1.421357 2.503299 -0.07021759 0.7958961 2.652575 0.03212269 1.190002 2.584676 0.04087885 1.423124 2.843183  O_Gathering_SoClose
-0.08523171 0.1863028 2.329658 -0.1669689 0.2331033 2.403887 -0.351936 0.476046 2.444765 -0.3627979 0.7645677 2.336391 -0.02993659 0.2403295 2.421413 0.1881829 0.4761686 2.523601 0.2748061 0.7719172 2.512041 -0.115493 0.344591 2.501157 -0.2415635 0.7603605 2.57742 -0.156594 1.115807 2.385032 -0.04923372 1.423588 2.505108 -0.06657086 0.7791814 2.63679 0.03149374 1.171167 2.552328 0.04321565 1.411845 2.803694  O_Gathering_SoClose
-0.09561126 0.1660229 2.333674 -0.1749381 0.2166663 2.407995 -0.3600529 0.463058 2.449105 -0.3781041 0.7538581 2.348026 -0.03746055 0.2220135 2.422438 0.1827126 0.4570577 2.521775 0.2710675 0.7523996 2.51335 -0.1195024 0.330326 2.500456 -0.2395241 0.7495059 2.568955 -0.1536375 1.113488 2.393699 -0.04940067 1.425196 2.506158 -0.06322418 0.7681505 2.624383 0.03185757 1.155233 2.517004 0.04565807 1.40104 2.763248  O_Gathering_SoClose
-0.103639 0.1519066 2.337009 -0.1808767 0.2054678 2.411486 -0.3674057 0.4538921 2.45499 -0.3910532 0.7454629 2.357344 -0.04309164 0.2093401 2.423212 0.1785575 0.4439975 2.519332 0.267902 0.73908 2.512388 -0.1222299 0.3206764 2.499963 -0.2377567 0.7421825 2.562943 -0.1510691 1.111331 2.399269 -0.04899512 1.426176 2.504756 -0.0603749 0.7606934 2.614852 0.0324017 1.141205 2.484443 0.04820295 1.391806 2.725684  O_Gathering_SoClose
-0.1100584 0.1405207 2.339348 -0.1854116 0.1965375 2.413948 -0.3727415 0.4467149 2.459119 -0.4013592 0.7395051 2.366586 -0.04741005 0.1991301 2.423226 0.1754017 0.4335307 2.5162 0.2654304 0.7284262 2.510211 -0.1240032 0.3129753 2.498871 -0.2358646 0.7362836 2.557405 -0.1491852 1.110335 2.405265 -0.04945157 1.427458 2.506063 -0.0575587 0.7546604 2.606097 0.03243478 1.128414 2.455722 0.05002715 1.382801 2.692843  O_Gathering_SoClose
-0.119693 0.1225675 2.343041 -0.1918419 0.1825926 2.417691 -0.376124 0.4371297 2.457721 -0.4166191 0.7355117 2.391119 -0.05360202 0.1830232 2.422869 0.1710045 0.4169697 2.510345 0.2621689 0.7115431 2.50588 -0.1259752 0.3008898 2.496483 -0.2322696 0.7268526 2.548163 -0.1460511 1.108684 2.416461 -0.05061946 1.429565 2.509208 -0.05251668 0.7449548 2.591323 0.03271731 1.103816 2.405966 0.05548342 1.367551 2.632182  O_Gathering_SoClose
-0.1264543 0.1068919 2.346233 -0.1956455 0.1705657 2.42066 -0.3783427 0.4284893 2.457538 -0.4311121 0.7292262 2.414176 -0.05732528 0.1689657 2.422151 0.1685977 0.4026229 2.504018 0.2605179 0.696973 2.5004 -0.1258985 0.2904086 2.493556 -0.2276021 0.7185494 2.539221 -0.1421061 1.10641 2.425956 -0.05094282 1.431111 2.509219 -0.04665105 0.7363054 2.577208 0.0328774 1.083383 2.368363 0.06044718 1.355738 2.583561  O_Gathering_SoClose
-0.1294432 0.09663165 2.34855 -0.1967276 0.1627262 2.422614 -0.3811563 0.4220103 2.463055 -0.4389119 0.7228541 2.427491 -0.05842433 0.159758 2.421809 0.1681039 0.3933549 2.499603 0.2602551 0.6876339 2.496077 -0.1245796 0.2835257 2.491482 -0.2235377 0.7130166 2.533179 -0.1392618 1.104871 2.433569 -0.0515903 1.432136 2.510287 -0.04188327 0.7304758 2.567797 0.03445603 1.072258 2.349256 0.06526424 1.351829 2.554534  O_Gathering_SoClose
-0.1310636 0.08575356 2.351657 -0.1963294 0.1545378 2.425075 -0.383965 0.414742 2.471232 -0.4454402 0.7152798 2.439525 -0.0581005 0.1500542 2.421923 0.1689151 0.383633 2.495084 0.2611918 0.677871 2.491421 -0.1217198 0.2763573 2.489373 -0.217879 0.7072847 2.526449 -0.1355888 1.103145 2.442204 -0.05231212 1.433204 2.511486 -0.03553508 0.7243387 2.557455 0.03769364 1.061793 2.331257 0.07136549 1.349098 2.525086  O_Gathering_SoClose
-0.130624 0.07446945 2.355855 -0.1938088 0.1462219 2.428245 -0.3863475 0.4064726 2.48268 -0.4493028 0.7065178 2.449256 -0.05571566 0.1400863 2.422777 0.1716121 0.3737059 2.490708 0.2638625 0.6679462 2.486599 -0.1167465 0.2691234 2.487384 -0.2101358 0.7015613 2.519054 -0.1309501 1.101286 2.451793 -0.05312638 1.434317 2.512684 -0.02713667 0.7180747 2.54626 0.04351612 1.052874 2.315347 0.07938392 1.348264 2.496195  O_Gathering_SoClose
-0.1295847 0.06680775 2.359827 -0.1912519 0.1408201 2.431244 -0.3866711 0.4011152 2.490763 -0.4501474 0.7008489 2.455578 -0.05329458 0.1334585 2.424115 0.1741432 0.3671508 2.487931 0.2662564 0.6614258 2.48326 -0.1124771 0.2645277 2.486306 -0.203955 0.698029 2.513698 -0.1273461 1.10004 2.458085 -0.05369947 1.435021 2.513198 -0.02051358 0.7140887 2.538047 0.05015435 1.049775 2.308429 0.08655603 1.351761 2.477918  O_Gathering_SoClose
-0.1269776 0.05680549 2.36708 -0.1865005 0.1342028 2.436707 -0.3852027 0.3946639 2.502246 -0.4485981 0.6939603 2.463384 -0.04878823 0.1250632 2.427269 0.1786081 0.3589234 2.484741 0.2703315 0.653299 2.478893 -0.1054237 0.2590855 2.485406 -0.1943755 0.6940263 2.506204 -0.1220421 1.098608 2.465503 -0.05432169 1.43596 2.513262 -0.01036332 0.7093496 2.526361 0.06303163 1.050122 2.305248 0.09927852 1.362301 2.455176  O_Gathering_SoClose
-0.1226231 0.04685652 2.378714 -0.1797119 0.1285037 2.445465 -0.3807927 0.3895655 2.516384 -0.4425001 0.6884832 2.472248 -0.04235665 0.1172637 2.433446 0.1846789 0.3514096 2.482787 0.2756617 0.6459707 2.475027 -0.09622572 0.254815 2.485668 -0.1826255 0.6912348 2.49825 -0.1163049 1.097846 2.469208 -0.05491386 1.437121 2.511609 0.001945632 0.7056108 2.513362 0.08014663 1.055015 2.307925 0.1161912 1.379894 2.427934  O_Gathering_SoClose
-0.1178394 0.04022992 2.388847 -0.1733421 0.125163 2.452776 -0.3762045 0.3863671 2.527442 -0.437131 0.6850486 2.4807 -0.03626738 0.1123925 2.439186 0.1902537 0.3467975 2.482343 0.2805068 0.6415334 2.472878 -0.08840184 0.2525084 2.486078 -0.1732908 0.6898434 2.492412 -0.1119432 1.097503 2.46742 -0.05488799 1.437693 2.508522 0.01158942 0.7034841 2.504022 0.09154238 1.06419 2.319896 0.127626 1.396828 2.416323  O_Gathering_SoClose
-0.1114129 0.03424537 2.402307 -0.16556 0.1226805 2.462543 -0.3699873 0.3839207 2.540429 -0.4300146 0.6824715 2.491729 -0.02875511 0.1083295 2.447855 0.1969904 0.3430097 2.484648 0.2862888 0.6379653 2.473186 -0.07943057 0.2509879 2.488229 -0.1630368 0.6891325 2.487711 -0.1073981 1.097693 2.464105 -0.05493806 1.438604 2.505352 0.02207513 0.7019625 2.496107 0.1015748 1.073753 2.335312 0.1406616 1.41405 2.397906  O_Gathering_SoClose
-0.1031497 0.02853286 2.417913 -0.1564004 0.1205137 2.473456 -0.3617248 0.3820573 2.552675 -0.4204046 0.6806089 2.502365 -0.01978306 0.1046175 2.458614 0.204985 0.3395433 2.489536 0.2931533 0.6347476 2.475927 -0.06944041 0.2495964 2.491243 -0.1520201 0.6884035 2.483352 -0.1025402 1.097764 2.459887 -0.05484013 1.439338 2.50143 0.03324111 0.7003752 2.489395 0.1079374 1.08452 2.35803 0.1506072 1.428638 2.389811  O_Gathering_SoClose
-0.09832267 0.02570021 2.427209 -0.1513605 0.1194974 2.479842 -0.3567357 0.3815272 2.558288 -0.4146771 0.6801569 2.507586 -0.01478217 0.1028545 2.465467 0.2094401 0.3378904 2.493797 0.296975 0.6332305 2.479092 -0.06412445 0.2488936 2.493526 -0.1462516 0.6879762 2.481716 -0.09993468 1.097737 2.458788 -0.05478541 1.43973 2.499726 0.03905793 0.6994988 2.487116 0.1103843 1.086893 2.363657 0.1533824 1.431566 2.388136  O_Gathering_SoClose
-0.09038244 0.02156186 2.442798 -0.143321 0.1180898 2.490348 -0.34827 0.3812863 2.565708 -0.4053737 0.6800897 2.51508 -0.006748302 0.1004033 2.47722 0.2166517 0.3355572 2.502037 0.3032269 0.6310984 2.485774 -0.05579988 0.2478178 2.497525 -0.1372286 0.6872536 2.479568 -0.09576629 1.097626 2.458354 -0.05473296 1.440367 2.497324 0.0481406 0.698026 2.484441 0.1141087 1.088089 2.366531 0.1551485 1.433319 2.386021  O_Gathering_SoClose
-0.08587705 0.01948225 2.451735 -0.138865 0.1174155 2.496261 -0.3433718 0.3814017 2.569042 -0.4002143 0.6803166 2.51878 -0.002271516 0.09924257 2.484045 0.2207303 0.3344189 2.50727 0.3068309 0.6300592 2.490302 -0.05125306 0.2472309 2.499844 -0.1322816 0.6868303 2.47854 -0.09344308 1.097529 2.458721 -0.05472348 1.440714 2.496117 0.0531158 0.697153 2.483312 0.1161492 1.087813 2.365776 0.1552873 1.433286 2.384868  O_Gathering_SoClose
-0.0803725 0.01722634 2.462451 -0.1334767 0.1167115 2.503241 -0.337402 0.3815819 2.572592 -0.3940132 0.6806365 2.522903 0.003152506 0.09805703 2.492208 0.2258371 0.3331558 2.513953 0.3115493 0.628879 2.496471 -0.04580788 0.246536 2.502515 -0.1263052 0.6863227 2.477254 -0.09063248 1.097396 2.459351 -0.05473511 1.441108 2.494671 0.0591289 0.6960327 2.481884 0.1185565 1.087752 2.366006 0.1557338 1.433527 2.383483  O_Gathering_SoClose
-0.07566248 0.01557243 2.470929 -0.1289222 0.1161782 2.508653 -0.3323569 0.3816675 2.575037 -0.3888038 0.6808459 2.525909 0.007748263 0.09722924 2.498683 0.2302579 0.3322293 2.519569 0.3156991 0.6280133 2.501793 -0.04124985 0.2459375 2.504552 -0.1212593 0.6858931 2.476181 -0.08825259 1.097262 2.460035 -0.05472831 1.441394 2.493546 0.06420775 0.6950139 2.48069 0.1205407 1.087693 2.366528 0.1561586 1.433707 2.382463  O_Gathering_SoClose
-0.07173215 0.01438487 2.477207 -0.1251593 0.1157578 2.512565 -0.3282352 0.3816166 2.576633 -0.3845501 0.6809013 2.528004 0.01155223 0.09665143 2.503501 0.2340071 0.3315495 2.523995 0.3192834 0.6273714 2.506053 -0.03751222 0.2454326 2.505992 -0.1170754 0.6855534 2.475297 -0.08628361 1.09715 2.460652 -0.05471496 1.441605 2.492722 0.06842096 0.6941212 2.479682 0.1221346 1.087671 2.367267 0.1565635 1.433867 2.381786  O_Gathering_SoClose
-0.06834213 0.01347661 2.481313 -0.1219801 0.1153129 2.51498 -0.3247981 0.3813664 2.577241 -0.3809651 0.6807332 2.528947 0.01477899 0.09619486 2.506691 0.2372204 0.3310765 2.527139 0.3222878 0.6269411 2.508917 -0.03441654 0.2449535 2.506812 -0.1136899 0.6852623 2.474629 -0.08467524 1.097033 2.461288 -0.05467109 1.441734 2.492179 0.07183148 0.6933216 2.478918 0.1235262 1.08762 2.368195 0.1569502 1.433967 2.381414  O_Gathering_SoClose
-0.06385253 0.01238525 2.484548 -0.1178772 0.1145451 2.516577 -0.3204494 0.3806847 2.576779 -0.3763811 0.6801426 2.528777 0.01896317 0.09559917 2.509296 0.2414697 0.3305722 2.530145 0.3261974 0.6264965 2.511318 -0.03052519 0.2442459 2.507191 -0.1095933 0.6848913 2.47391 -0.08271359 1.096859 2.4623 -0.0545821 1.441846 2.491736 0.07596011 0.6922371 2.478091 0.1254044 1.087518 2.369872 0.15752 1.434054 2.381258  O_Gathering_SoClose
-0.05945043 0.01137507 2.486544 -0.1139668 0.1136619 2.517309 -0.3162465 0.3798685 2.575406 -0.3716626 0.6793917 2.527214 0.02297016 0.09505105 2.511052 0.2455669 0.3302362 2.532646 0.3298295 0.6262397 2.512995 -0.02693008 0.2435273 2.507291 -0.1060048 0.6845616 2.47327 -0.08097844 1.09669 2.46335 -0.0544592 1.441912 2.491505 0.07957841 0.6911663 2.477369 0.1268971 1.087465 2.371956 0.158185 1.434134 2.381398  O_Gathering_SoClose
-0.05570905 0.0105412 2.487601 -0.110747 0.1128138 2.517472 -0.3127295 0.3790659 2.573628 -0.3674609 0.6786249 2.52488 0.02628584 0.09462929 2.512127 0.2489709 0.3301047 2.534589 0.3327217 0.6261917 2.514028 -0.02408574 0.2429136 2.507242 -0.1033481 0.6843157 2.472761 -0.07968973 1.096557 2.464253 -0.05435042 1.441946 2.491422 0.08225854 0.6902629 2.476804 0.1278837 1.087466 2.374082 0.1588081 1.434212 2.381701  O_Gathering_SoClose
-0.05222343 0.009765029 2.488631 -0.1078603 0.1119623 2.517638 -0.3095137 0.3782386 2.571689 -0.3633659 0.6778101 2.522047 0.02927591 0.09431934 2.513206 0.2520133 0.3301915 2.536588 0.3351319 0.6263805 2.514959 -0.02167617 0.2423657 2.507246 -0.1012882 0.6841257 2.472279 -0.07869773 1.096451 2.465057 -0.05427305 1.441973 2.491357 0.08433862 0.6894394 2.476276 0.1285463 1.087523 2.376381 0.1594401 1.434309 2.382064  O_Gathering_SoClose
-0.04902802 0.00906837 2.489495 -0.105305 0.1111346 2.517718 -0.3066227 0.377406 2.569629 -0.3594851 0.6769642 2.518857 0.03193488 0.09411037 2.51416 0.2546944 0.330454 2.538471 0.3371063 0.6267521 2.515666 -0.0196663 0.2418898 2.507237 -0.09974729 0.6839849 2.47185 -0.07796364 1.096371 2.465711 -0.05421893 1.441994 2.491302 0.08589615 0.6887167 2.475809 0.1290227 1.087607 2.378699 0.160031 1.434409 2.382448  O_Gathering_SoClose
-0.04620425 0.00846684 2.4902 -0.1031285 0.1103631 2.51773 -0.3041187 0.3766005 2.567564 -0.355944 0.6761221 2.515522 0.03420969 0.09399593 2.514976 0.2569622 0.3308538 2.540174 0.3386347 0.6272603 2.51615 -0.0180714 0.2414944 2.507212 -0.09869908 0.6838893 2.471486 -0.07747571 1.096317 2.466196 -0.05419604 1.442011 2.491241 0.08695729 0.6881099 2.475413 0.1293602 1.087705 2.38092 0.1605644 1.434506 2.382822  O_Gathering_SoClose
-0.04288803 0.007817626 2.49091 -0.1006237 0.1094631 2.517667 -0.3012083 0.3756288 2.564965 -0.351699 0.675075 2.511204 0.03682913 0.09394825 2.515853 0.2595476 0.3314825 2.542127 0.3402525 0.6280204 2.516508 -0.01632325 0.2410833 2.507163 -0.09771143 0.6838114 2.471094 -0.0770226 1.096275 2.466578 -0.05417506 1.442032 2.491157 0.08795758 0.6874723 2.474988 0.1296734 1.087833 2.383475 0.16117 1.434612 2.383253  O_Gathering_SoClose
-0.04006068 0.007318735 2.49141 -0.09852515 0.1087087 2.517547 -0.298744 0.3747865 2.562618 -0.3480031 0.6741388 2.507217 0.0390224 0.09398186 2.516527 0.2616907 0.3321468 2.54374 0.3414908 0.6287966 2.516627 -0.01492725 0.2407812 2.507106 -0.09706108 0.683773 2.470794 -0.07673173 1.096259 2.466735 -0.05416952 1.442052 2.491071 0.08861656 0.6869982 2.474662 0.1298746 1.087949 2.385554 0.1616574 1.434696 2.383599  O_Gathering_SoClose
-0.03680829 0.006820083 2.491868 -0.09612088 0.1078845 2.517346 -0.2959073 0.3738374 2.559858 -0.3437039 0.6730499 2.502458 0.04152735 0.0940932 2.517214 0.2641225 0.3330095 2.545504 0.3428148 0.6297814 2.516551 -0.01336054 0.2404932 2.50703 -0.09642427 0.6837529 2.470493 -0.07645063 1.09626 2.466753 -0.05416654 1.442079 2.490967 0.08926101 0.6865417 2.47433 0.1300889 1.088066 2.387643 0.1621487 1.434774 2.383941  O_Gathering_SoClose
-0.03392659 0.006445289 2.492182 -0.09399919 0.1071955 2.517119 -0.2933871 0.3730187 2.557357 -0.3398444 0.6720789 2.498092 0.04373034 0.09425652 2.517757 0.2662494 0.3338577 2.547001 0.3438929 0.6307296 2.516294 -0.01200579 0.2402914 2.506955 -0.09596114 0.6837536 2.470261 -0.07625328 1.096274 2.466664 -0.0541753 1.442107 2.490876 0.08972932 0.6862191 2.474072 0.1302512 1.088152 2.389152 0.1624938 1.434827 2.384178  O_Gathering_SoClose
-0.03184537 0.006215453 2.492362 -0.09246866 0.1067263 2.516929 -0.2915602 0.3724471 2.555523 -0.3370315 0.6713796 2.494867 0.04531451 0.09441173 2.518116 0.2677749 0.3345134 2.548046 0.3446193 0.6314503 2.515987 -0.01103912 0.2401781 2.506898 -0.0956773 0.6837622 2.470113 -0.07613818 1.096291 2.466563 -0.0541899 1.44213 2.490816 0.09001596 0.6860384 2.473904 0.1303516 1.088197 2.389968 0.1626761 1.434853 2.384297  O_Gathering_SoClose
-0.02994822 0.006036878 2.492496 -0.0910757 0.1063212 2.516737 -0.2898879 0.371943 2.553827 -0.3344436 0.6707464 2.491869 0.04675253 0.09458232 2.518423 0.2691586 0.3351439 2.54898 0.3452352 0.6321344 2.515612 -0.01016764 0.2401 2.506844 -0.09545998 0.6837758 2.469992 -0.07605694 1.096312 2.466456 -0.05421267 1.442152 2.490767 0.09023537 0.6859151 2.473763 0.1304235 1.088224 2.390481 0.162783 1.43487 2.384362  O_Gathering_SoClose
-0.02780609 0.00587976 2.49262 -0.08950572 0.1058996 2.516502 -0.2879902 0.3714058 2.551877 -0.3314934 0.6700485 2.488415 0.04836871 0.09481716 2.518755 0.2707156 0.3359001 2.550023 0.3458662 0.6329423 2.515055 -0.00919394 0.2400501 2.506783 -0.09527539 0.6837973 2.469871 -0.07600193 1.096339 2.466356 -0.05425559 1.442182 2.490729 0.09042151 0.6858411 2.473615 0.130465 1.088226 2.390632 0.1627776 1.434874 2.384356  O_Gathering_SoClose
-0.02407555 0.005685449 2.492755 -0.08678328 0.1052219 2.516024 -0.2846531 0.3705194 2.548337 -0.326252 0.6688392 2.482137 0.0511591 0.09529984 2.519297 0.2734143 0.3372904 2.551849 0.3467287 0.6343974 2.51368 -0.007529659 0.2400258 2.50667 -0.09506218 0.6838405 2.469694 -0.07597654 1.096392 2.466231 -0.05437033 1.442236 2.4907 0.09063657 0.6858217 2.473381 0.1304645 1.088188 2.390203 0.1625753 1.434859 2.384217  O_Gathering_SoClose
-0.02185122 0.005589604 2.492779 -0.08517329 0.1048239 2.51567 -0.2826274 0.3700017 2.546046 -0.3230136 0.6680974 2.478109 0.0528005 0.09560525 2.519608 0.2750202 0.3381259 2.553019 0.3469741 0.6352519 2.512483 -0.006560845 0.2400215 2.506587 -0.09495316 0.68386 2.469602 -0.07598357 1.096417 2.466211 -0.05446379 1.442265 2.490705 0.09074654 0.6858308 2.473246 0.1304395 1.088158 2.389813 0.1623948 1.434848 2.38411  O_Gathering_SoClose
-0.02069603 0.005541444 2.492771 -0.08434694 0.1046153 2.515444 -0.2815425 0.3697475 2.544706 -0.3212319 0.6677099 2.475781 0.05363901 0.09576499 2.519779 0.275859 0.3385484 2.553715 0.346906 0.6356746 2.51161 -0.006068809 0.2400182 2.506535 -0.09487985 0.683867 2.469555 -0.07598661 1.096428 2.466201 -0.05452411 1.442278 2.490712 0.09082045 0.6858343 2.47317 0.1304249 1.088144 2.389612 0.1622876 1.434845 2.384054  O_Gathering_SoClose
-0.01966558 0.005500674 2.492746 -0.08362316 0.10443 2.515186 -0.2805474 0.3695364 2.543341 -0.3195595 0.6673707 2.473482 0.05436923 0.09590995 2.519958 0.2766223 0.3389049 2.554479 0.346564 0.6360168 2.510467 -0.005640013 0.240016 2.506478 -0.09478734 0.68387 2.469511 -0.07598726 1.096436 2.466198 -0.05459515 1.442289 2.490724 0.09091355 0.6858399 2.473092 0.130411 1.088133 2.389402 0.1621657 1.434846 2.383994  O_Gathering_SoClose
-0.0192133 0.005482793 2.492722 -0.08332531 0.10435 2.514996 -0.2800821 0.3694643 2.542509 -0.3187371 0.6672388 2.472198 0.05466457 0.09597468 2.520086 0.2769844 0.3390268 2.555041 0.345999 0.6361145 2.509431 -0.005463703 0.2400154 2.506439 -0.09469829 0.683866 2.469486 -0.07598089 1.096435 2.4662 -0.05465214 1.442292 2.490736 0.09100308 0.6858456 2.473038 0.1304063 1.088128 2.389256 0.1620708 1.434852 2.38395  O_Gathering_SoClose
-0.01889358 0.005470872 2.492696 -0.08312593 0.1042982 2.514798 -0.2797546 0.3694152 2.541804 -0.3181676 0.6671609 2.47124 0.05485697 0.09601796 2.52022 0.2772721 0.3390733 2.555626 0.3452546 0.6361203 2.508235 -0.005336566 0.2400153 2.506404 -0.0946099 0.6838616 2.469465 -0.07597063 1.096435 2.466205 -0.05470167 1.442295 2.490751 0.09109189 0.6858506 2.47299 0.1304062 1.088124 2.389123 0.1619858 1.434857 2.383913  O_Gathering_SoClose
-0.01876722 0.005466342 2.492679 -0.08305405 0.1042827 2.514672 -0.2796379 0.36939 2.541467 -0.3179901 0.6671423 2.470896 0.054922 0.09603107 2.520309 0.2774146 0.3390555 2.556006 0.3446876 0.6360655 2.507388 -0.005279345 0.2400148 2.506385 -0.09456067 0.6838592 2.469454 -0.07596175 1.096434 2.46621 -0.0547236 1.442296 2.490763 0.09114136 0.6858521 2.472965 0.1304094 1.088121 2.389052 0.1619446 1.434858 2.383896  O_Gathering_SoClose
-0.01864879 0.005462289 2.492665 -0.08298956 0.1042699 2.514539 -0.2795161 0.3693756 2.5411 -0.3177944 0.6671336 2.470513 0.05497821 0.09604251 2.520409 0.2775565 0.3390279 2.556417 0.3440118 0.6359882 2.506391 -0.005224569 0.2400144 2.506369 -0.09451483 0.6838573 2.469445 -0.07595353 1.096434 2.466217 -0.05474381 1.442297 2.490774 0.09118743 0.6858535 2.472942 0.1304121 1.088117 2.388985 0.1619056 1.434859 2.383879  O_Gathering_SoClose
-0.01858489 0.005459905 2.492658 -0.08295839 0.1042641 2.51445 -0.2794403 0.3693755 2.540848 -0.3176649 0.6671376 2.470249 0.05500307 0.09604764 2.520482 0.2776428 0.3390002 2.556702 0.343468 0.6359172 2.505598 -0.005193872 0.240014 2.506361 -0.09448938 0.6838562 2.469442 -0.075949 1.096434 2.466221 -0.05475483 1.442297 2.490783 0.09121306 0.6858538 2.472929 0.130413 1.088115 2.388946 0.1618831 1.434859 2.383871  O_Gathering_SoClose
-0.01853673 0.005457759 2.492654 -0.08293544 0.1042591 2.514385 -0.2793843 0.3693737 2.540661 -0.3175683 0.6671385 2.470052 0.0550213 0.09605193 2.520536 0.2777019 0.3389852 2.556906 0.3429538 0.6358611 2.504836 -0.005172772 0.2400136 2.506356 -0.09447263 0.6838552 2.46944 -0.07594691 1.096434 2.466226 -0.05476372 1.442298 2.490789 0.09122987 0.6858542 2.472921 0.1304124 1.088113 2.388921 0.1618663 1.434859 2.383865  O_Gathering_SoClose
-0.01851444 0.005456686 2.492654 -0.08292548 0.1042567 2.514355 -0.2793581 0.3693728 2.54057 -0.3175222 0.667139 2.469956 0.05502887 0.09605396 2.520565 0.2777279 0.3389792 2.557002 0.3426177 0.6358283 2.50433 -0.005163712 0.2400134 2.506354 -0.09446566 0.6838547 2.469441 -0.07594644 1.096434 2.466228 -0.05476795 1.442298 2.490793 0.0912369 0.6858543 2.472919 0.1304115 1.088112 2.38891 0.1618582 1.434859 2.383862  O_Gathering_SoClose
-0.01850532 0.005456448 2.492654 -0.08292095 0.1042558 2.514344 -0.2793474 0.3693726 2.540537 -0.3175044 0.6671391 2.469922 0.05503257 0.09605479 2.520576 0.2777391 0.338977 2.557036 0.3423631 0.6358071 2.503932 -0.00515948 0.2400134 2.506354 -0.09446232 0.6838546 2.469442 -0.07594578 1.096434 2.46623 -0.05476938 1.442298 2.490795 0.0912403 0.6858544 2.472918 0.1304116 1.088112 2.388906 0.1618553 1.43486 2.383862  O_Gathering_SoClose
-0.01850484 0.005456328 2.492655 -0.08292042 0.1042558 2.514345 -0.2793469 0.3693725 2.540539 -0.3175041 0.6671393 2.469923 0.05503311 0.09605467 2.520576 0.2777401 0.3389771 2.557035 0.3422323 0.6357982 2.503721 -0.005158944 0.2400132 2.506355 -0.09446178 0.6838545 2.469442 -0.07594542 1.096434 2.466231 -0.05476914 1.442298 2.490796 0.09124084 0.6858543 2.472919 0.1304121 1.088112 2.388907 0.1618554 1.434859 2.383863  O_Gathering_SoClose
-0.0185046 0.005456448 2.492655 -0.08292024 0.1042558 2.514345 -0.2793465 0.3693727 2.540538 -0.3175033 0.6671395 2.469923 0.05503329 0.09605467 2.520576 0.2777406 0.3389771 2.557036 0.3422065 0.6357964 2.50368 -0.005158765 0.2400132 2.506355 -0.0944616 0.6838546 2.469443 -0.07594536 1.096434 2.466231 -0.0547692 1.442298 2.490796 0.09124102 0.6858544 2.472919 0.1304121 1.088112 2.388907 0.1618554 1.434859 2.383863  O_Gathering_SoClose
