0.004019039 0.05495536 0.7959155 -0.06559967 0.1468054 0.8290504 -0.2133777 0.3443604 0.6899871 -0.07400851 0.09053624 0.5838879 0.07273592 0.1474348 0.8293971 0.4074293 0.2515391 0.7893933 0.2024551 0.03308117 0.7161397 0.002893405 0.2876822 0.8308395 -0.09198634 0.7336257 0.8428677 -0.1849268 1.133545 0.7981285 -0.2547728 1.472157 0.7644047 0.09372045 0.7339742 0.8466614 0.1779862 1.113296 0.7073144 0.2455208 1.441488 0.6125683  A_Punch_SoClose
0.004921691 0.0549438 0.7970113 -0.06524323 0.1466756 0.8297056 -0.2126927 0.3434366 0.6893657 -0.07226966 0.08964825 0.5845784 0.07308854 0.147717 0.8304094 0.408001 0.2511791 0.791128 0.2030332 0.03343391 0.7157649 0.002827303 0.28776 0.8312358 -0.09239124 0.7337498 0.842441 -0.1845737 1.133899 0.7981943 -0.2538001 1.472685 0.7649463 0.09330375 0.7340328 0.8467797 0.17768 1.113623 0.7082313 0.2450929 1.441711 0.6130399  A_Punch_SoClose
0.006237226 0.05510962 0.7983707 -0.06469063 0.146637 0.8305043 -0.2117183 0.3422831 0.6884655 -0.06991558 0.08855402 0.5854067 0.07363196 0.1482819 0.8316926 0.4088119 0.2509308 0.793528 0.2038499 0.03421342 0.7152423 0.002762513 0.2880206 0.8317231 -0.09297065 0.7340587 0.8420218 -0.1841403 1.134487 0.7982033 -0.2525751 1.473505 0.7656845 0.09270556 0.7342636 0.8471059 0.177233 1.114118 0.7093781 0.2445133 1.442053 0.6135663  A_Punch_SoClose
0.008639054 0.0571723 0.798366 -0.06336562 0.1480541 0.8303427 -0.2103129 0.342163 0.6868032 -0.06751792 0.0885129 0.5849274 0.07493348 0.1508179 0.8320702 0.4102179 0.2532645 0.796326 0.2049218 0.03810835 0.7146815 0.00293787 0.2899793 0.831705 -0.09397165 0.7359371 0.8433498 -0.184132 1.136344 0.7973045 -0.2521737 1.475592 0.7664045 0.09167947 0.7361581 0.8492779 0.1764785 1.115221 0.7095503 0.2440865 1.442843 0.6129016  A_Punch_SoClose
0.01130201 0.06023824 0.7976278 -0.06187443 0.1503054 0.8296441 -0.2094686 0.3426108 0.6851534 -0.06514631 0.0895921 0.5838612 0.07638474 0.1543432 0.8319577 0.4115554 0.2573359 0.7989877 0.2056285 0.04392374 0.7144083 0.003107088 0.2928337 0.8315967 -0.09517996 0.7386513 0.8451041 -0.1843831 1.138797 0.7950977 -0.2523966 1.478288 0.7669228 0.09043445 0.7389348 0.8520855 0.1760172 1.116482 0.7087792 0.2446668 1.443901 0.6121763  A_Punch_SoClose
0.01413639 0.06423879 0.7961982 -0.06027798 0.1533408 0.8284343 -0.2090402 0.3437322 0.683524 -0.06291763 0.09175265 0.5822228 0.07792147 0.1587725 0.8313779 0.4127768 0.2629917 0.8014611 0.2059181 0.05146599 0.7144512 0.003238635 0.2965108 0.8313946 -0.096579 0.7421286 0.8472284 -0.1848089 1.141759 0.7916774 -0.2530236 1.4815 0.767258 0.08898456 0.7425039 0.8554472 0.1758879 1.117814 0.7071437 0.246166 1.445157 0.6114591  A_Punch_SoClose
0.0171928 0.0698806 0.7938417 -0.05854503 0.1578782 0.8263892 -0.2088953 0.3463687 0.6813926 -0.06023649 0.09582818 0.5802115 0.07956548 0.1646765 0.8304557 0.4132299 0.2730299 0.8038243 0.2060505 0.06231248 0.7156242 0.003487842 0.3016474 0.8311914 -0.09827672 0.746893 0.8492874 -0.1861762 1.145393 0.7856764 -0.2555046 1.485321 0.7678984 0.08720948 0.7476392 0.8590778 0.1762231 1.120207 0.7052163 0.2489216 1.448345 0.6141757  A_Punch_SoClose
0.02081026 0.07806897 0.7919277 -0.05653701 0.1646953 0.8247069 -0.2084839 0.351186 0.6794332 -0.05658058 0.1023171 0.5789484 0.08142067 0.1730363 0.8306535 0.4129631 0.2880023 0.8080157 0.2061089 0.07737088 0.7188524 0.003737586 0.3090965 0.8321923 -0.1005297 0.7538089 0.8525938 -0.1882449 1.150489 0.778262 -0.258922 1.490499 0.7697891 0.08482875 0.7551222 0.8645118 0.1771035 1.120983 0.6970757 0.252797 1.448804 0.6073445  A_Punch_SoClose
0.0249926 0.08932054 0.7897366 -0.05428074 0.1743169 0.8223127 -0.2069536 0.3593677 0.6760219 -0.05116783 0.1119497 0.577927 0.08338042 0.1842203 0.8317236 0.4109425 0.3098685 0.8137692 0.2062075 0.09749925 0.7238396 0.003982799 0.31928 0.833793 -0.1034474 0.7632695 0.8557462 -0.1913678 1.157025 0.7674211 -0.2635914 1.496788 0.7717212 0.08168407 0.7654455 0.8706845 0.1784827 1.12302 0.6885465 0.2569533 1.451508 0.6037792  A_Punch_SoClose
0.02800377 0.1038957 0.7880329 -0.05317781 0.1873983 0.819249 -0.2032066 0.3734405 0.6704181 -0.04443054 0.1264658 0.5760721 0.08386751 0.1982632 0.8346695 0.4055665 0.3367391 0.8230804 0.2055016 0.1213912 0.7297868 0.003201442 0.3325769 0.8361396 -0.1062583 0.7761009 0.8586797 -0.1947099 1.165944 0.754887 -0.2683548 1.504886 0.7740964 0.07849683 0.7786736 0.8776668 0.1811087 1.125742 0.6791276 0.2619354 1.455211 0.6006078  A_Punch_SoClose
0.02905919 0.1176484 0.7862157 -0.05338512 0.2001919 0.815833 -0.1987037 0.3889613 0.6649011 -0.03881763 0.1419126 0.5726465 0.08285178 0.2112043 0.8371753 0.3990041 0.3597196 0.8326315 0.2037841 0.1423103 0.7340072 0.001658099 0.3452066 0.8377823 -0.1076994 0.788701 0.8621691 -0.1977148 1.174143 0.7442449 -0.2722293 1.511961 0.7758831 0.07679655 0.7908425 0.8835748 0.1833273 1.128198 0.6708645 0.2647985 1.458877 0.5983242  A_Punch_SoClose
0.02897425 0.1293706 0.7842206 -0.05422715 0.2113613 0.8124131 -0.1943461 0.4033029 0.6601499 -0.03433899 0.1560959 0.5685314 0.08116104 0.222056 0.8387359 0.392696 0.3777171 0.8410124 0.2014342 0.1594878 0.7366122 -0.0001009535 0.3560182 0.8385953 -0.1082988 0.7996749 0.8657416 -0.2002708 1.180932 0.7362856 -0.2748426 1.517646 0.7779583 0.07609417 0.801012 0.8880795 0.1849625 1.13018 0.6640271 0.2662793 1.462028 0.5968546  A_Punch_SoClose
0.02702548 0.139383 0.7810105 -0.05634938 0.2213203 0.8081583 -0.1900654 0.4170247 0.6556562 -0.03098343 0.1699162 0.5621804 0.07831068 0.2310975 0.8382968 0.3869688 0.3905606 0.8487195 0.198236 0.174283 0.735988 -0.002426488 0.3653759 0.8378404 -0.1077482 0.8094238 0.8703297 -0.2028119 1.186878 0.7322515 -0.2766545 1.522538 0.7827839 0.07687403 0.8093496 0.8907303 0.1859435 1.132129 0.6576627 0.2671656 1.46514 0.5963854  A_Punch_SoClose
0.02221592 0.1535075 0.7760195 -0.06073682 0.2357697 0.8030156 -0.1846578 0.4372835 0.6529216 -0.02843211 0.1907737 0.5532516 0.07336713 0.2437035 0.8360375 0.3806058 0.4042697 0.8590468 0.1929457 0.1955173 0.7313341 -0.006146533 0.3787096 0.8366145 -0.1059279 0.8231364 0.8805817 -0.206424 1.191183 0.7224144 -0.277279 1.527192 0.7748679 0.07934751 0.8209059 0.8936032 0.1855979 1.136437 0.6495661 0.2672461 1.471038 0.5983409  A_Punch_SoClose
0.01611437 0.1659147 0.7690305 -0.06552415 0.2486755 0.7987455 -0.1818617 0.4554412 0.6555341 -0.03012578 0.2106481 0.5452617 0.0692593 0.2547233 0.8293084 0.3792917 0.4104044 0.8623213 0.1890341 0.2151991 0.7180947 -0.008868976 0.3904636 0.8337749 -0.1018938 0.8346506 0.8931617 -0.2117508 1.193223 0.7201542 -0.2783913 1.530386 0.7706918 0.08381201 0.8309257 0.8921479 0.182215 1.142778 0.6402177 0.2657757 1.478501 0.6007818  A_Punch_SoClose
0.01297368 0.1715318 0.7653235 -0.0676838 0.2544811 0.7975086 -0.1815632 0.4634063 0.6592034 -0.03256665 0.2199122 0.5425066 0.0678419 0.2597607 0.8247517 0.3806227 0.4110315 0.8608464 0.1878244 0.2244247 0.7088226 -0.009594841 0.3957645 0.8322281 -0.09885351 0.8395433 0.9001526 -0.2151331 1.19295 0.720827 -0.2798909 1.530977 0.767918 0.08657201 0.8355098 0.8900203 0.1793949 1.146685 0.6351522 0.264749 1.482625 0.6018852  A_Punch_SoClose
0.009691911 0.1772425 0.7603186 -0.06904469 0.260105 0.7978004 -0.1835098 0.4712108 0.6689829 -0.0381339 0.2305319 0.5423058 0.06787522 0.264953 0.8169497 0.3863939 0.4068937 0.851467 0.1888796 0.2343041 0.689278 -0.008727415 0.4009774 0.8303217 -0.09317057 0.8438736 0.9094881 -0.2196725 1.190861 0.7246326 -0.2825187 1.53024 0.7639526 0.09093513 0.8402894 0.8851207 0.1742198 1.153128 0.6289972 0.2629063 1.48898 0.6047801  A_Punch_SoClose
0.00606467 0.1827654 0.7548579 -0.0694987 0.2653009 0.7996601 -0.1871098 0.4782326 0.6836303 -0.04633365 0.2416388 0.5446595 0.06856526 0.2700118 0.8069676 0.3948611 0.3977507 0.8343018 0.1917049 0.2443871 0.6602 -0.006538255 0.4058493 0.8283457 -0.08489858 0.8474538 0.9199561 -0.2252428 1.186885 0.7311057 -0.2878379 1.527394 0.7595624 0.09610571 0.8450713 0.878323 0.1672433 1.16104 0.6223801 0.2610482 1.49608 0.6083511  A_Punch_SoClose
0.003172236 0.1852703 0.7513322 -0.06868289 0.2673801 0.8029178 -0.192336 0.4809624 0.6988338 -0.0553935 0.248644 0.5492262 0.06950076 0.2722545 0.7985867 0.4026037 0.3850209 0.8133234 0.1961176 0.2499719 0.628311 -0.003658636 0.407807 0.8272675 -0.07743709 0.8482528 0.9272679 -0.2289215 1.182488 0.7377576 -0.2927085 1.523451 0.7564377 0.10003 0.8474598 0.8724378 0.160962 1.16705 0.6183652 0.259037 1.501093 0.6116761  A_Punch_SoClose
0.000312822 0.1865971 0.7494959 -0.06785117 0.2684689 0.806374 -0.1975283 0.4821016 0.7120064 -0.06403743 0.2534852 0.5538219 0.06968756 0.2733731 0.792364 0.4079204 0.3720126 0.7937149 0.2005354 0.2541299 0.5982679 -0.001243694 0.4087915 0.8267149 -0.07177787 0.848273 0.9322127 -0.231491 1.178999 0.7433041 -0.2969557 1.519958 0.7549461 0.1025995 0.8490193 0.8682321 0.1564107 1.171188 0.6158136 0.2580405 1.504228 0.6139292  A_Punch_SoClose
-0.005629702 0.1871821 0.7487925 -0.06590973 0.2689298 0.8141555 -0.208582 0.4816722 0.7376608 -0.0820751 0.2604774 0.5639471 0.06878991 0.2735816 0.7829846 0.4131874 0.3434631 0.7542022 0.2103831 0.2591003 0.5377358 0.003090637 0.409036 0.8264025 -0.06336097 0.8468317 0.9387168 -0.2345815 1.173505 0.7528604 -0.3033406 1.514011 0.7543033 0.105856 0.850722 0.8622183 0.1496654 1.176755 0.6128453 0.2569308 1.508 0.6171564  A_Punch_SoClose
-0.0113505 0.1861995 0.753251 -0.06293879 0.2683876 0.8249921 -0.2204273 0.4786478 0.7666138 -0.1041383 0.2656524 0.5763053 0.06698318 0.2725509 0.7776612 0.4112326 0.3120608 0.7120556 0.2310288 0.2623644 0.4667777 0.007165508 0.4084553 0.8276738 -0.06013368 0.8446728 0.9419559 -0.2371264 1.169559 0.7583879 -0.308707 1.509439 0.7527732 0.1062855 0.8522263 0.8598031 0.1458299 1.179508 0.6113552 0.2561806 1.509692 0.6183423  A_Punch_SoClose
-0.0153331 0.1848927 0.7590574 -0.05887447 0.2676377 0.8351458 -0.2285932 0.4748539 0.7946409 -0.1243355 0.269977 0.5890602 0.06525321 0.271425 0.7741932 0.4021024 0.284602 0.6732091 0.2547856 0.2574661 0.403643 0.0108207 0.4077947 0.8288721 -0.0591055 0.8426306 0.9435266 -0.2394851 1.166613 0.7616667 -0.3133613 1.505881 0.7509969 0.1056437 0.8534994 0.8584317 0.1434176 1.181023 0.6100277 0.2555939 1.51056 0.6184105  A_Punch_SoClose
-0.01717554 0.1829089 0.7658447 -0.05342094 0.2663003 0.8447436 -0.2333689 0.4699831 0.821721 -0.1440685 0.2722698 0.6025351 0.06417097 0.2700194 0.771973 0.3872188 0.2635757 0.6353945 0.2855633 0.2478257 0.3446673 0.01428153 0.4067875 0.8298944 -0.06086056 0.8403172 0.9432958 -0.2421982 1.164454 0.7626666 -0.3175965 1.503287 0.7492079 0.1036396 0.8543613 0.8581837 0.1426094 1.181063 0.6088837 0.2550003 1.510518 0.6175956  A_Punch_SoClose
-0.0171989 0.1795487 0.7736934 -0.04473154 0.2638412 0.8550509 -0.2342754 0.4630204 0.8548754 -0.1670376 0.2735593 0.621014 0.06311734 0.2677014 0.7685002 0.3621592 0.2444193 0.5898088 0.3236801 0.2274234 0.2843012 0.01857545 0.404878 0.8297209 -0.06364153 0.8368263 0.9414347 -0.2465118 1.161665 0.7636355 -0.3240435 1.499934 0.7482346 0.1006065 0.8545209 0.8565172 0.1418284 1.180738 0.6069449 0.2537508 1.510339 0.6161612  A_Punch_SoClose
-0.01524596 0.1758672 0.7794756 -0.03560279 0.2610568 0.8621444 -0.2307459 0.4563555 0.8821548 -0.1849969 0.2731222 0.6383513 0.0624599 0.2651184 0.7646536 0.3356837 0.2329878 0.5519518 0.353745 0.206226 0.2452563 0.02227409 0.402604 0.8281535 -0.06651263 0.8331457 0.9385537 -0.2510515 1.159067 0.7644986 -0.3306826 1.496835 0.7488264 0.097555 0.8537965 0.8539551 0.1413126 1.18026 0.6051372 0.2522357 1.510177 0.6150903  A_Punch_SoClose
-0.01526986 0.1712782 0.7823924 -0.03223256 0.2575195 0.8653978 -0.2283803 0.4528164 0.8947638 -0.1931672 0.2713723 0.6478919 0.06009563 0.2609391 0.7624363 0.3212107 0.2324909 0.5351909 0.364336 0.1999087 0.2315744 0.02241714 0.3990064 0.8262109 -0.06705062 0.8297994 0.9350699 -0.2536944 1.156849 0.7654308 -0.3350248 1.494203 0.7495722 0.09613706 0.8506072 0.8488239 0.1413352 1.179861 0.6039718 0.2524095 1.509684 0.6152338  A_Punch_SoClose
-0.01728551 0.1644511 0.785827 -0.0314614 0.2524067 0.8684796 -0.2280253 0.4487811 0.9057683 -0.1999743 0.2697661 0.6562203 0.05588873 0.2539246 0.7612184 0.3115316 0.233579 0.5280451 0.3694093 0.1972489 0.2273215 0.02072318 0.393195 0.8238009 -0.06738238 0.8250645 0.9295043 -0.2560768 1.154195 0.7662805 -0.3395915 1.491013 0.7503818 0.09467055 0.8449599 0.8409346 0.1413756 1.179266 0.6033186 0.2527653 1.508913 0.6164788  A_Punch_SoClose
-0.02138422 0.159091 0.7879957 -0.0355144 0.2485106 0.8697509 -0.2307386 0.448171 0.9062508 -0.2014508 0.2687145 0.6571621 0.05165966 0.2477481 0.762339 0.3155254 0.2363763 0.5388941 0.3640668 0.1987066 0.2366871 0.01735671 0.3882411 0.822625 -0.06710111 0.8217025 0.9248022 -0.2561303 1.152923 0.76626 -0.3407165 1.489475 0.7503809 0.09423931 0.8396484 0.8345317 0.1418572 1.178585 0.6037544 0.253811 1.507983 0.6182784  A_Punch_SoClose
-0.02949594 0.1511301 0.7913808 -0.04619918 0.2428342 0.8703965 -0.2384041 0.4487987 0.8973845 -0.2001006 0.2658414 0.6520947 0.04597833 0.2378768 0.7673625 0.3313338 0.2407994 0.5721954 0.3449125 0.2009982 0.2666863 0.01129587 0.380421 0.8223866 -0.06718753 0.8163993 0.9177445 -0.2537827 1.152266 0.766251 -0.3393697 1.488603 0.7512072 0.09421857 0.8309745 0.8269857 0.1430269 1.176436 0.6063551 0.2549252 1.505874 0.620387  A_Punch_SoClose
-0.03636877 0.1447392 0.7936548 -0.05607418 0.2382694 0.8697571 -0.2452193 0.449302 0.8858913 -0.1972342 0.2623376 0.6453723 0.04177727 0.2298232 0.7723354 0.3447025 0.2458181 0.6060795 0.3247873 0.2005833 0.3016762 0.006249266 0.3739727 0.8224162 -0.0675755 0.8118019 0.9119729 -0.2508116 1.152135 0.7664641 -0.3368572 1.488407 0.7526397 0.09441967 0.8236651 0.8218707 0.1443352 1.174171 0.6096038 0.2555303 1.503897 0.6224388  A_Punch_SoClose
-0.04252086 0.1379244 0.7962946 -0.06700133 0.2332666 0.8678993 -0.2518886 0.4486612 0.8662294 -0.1909622 0.254825 0.6342314 0.03929951 0.2213417 0.7801775 0.3587509 0.2475733 0.645933 0.3015499 0.1986381 0.3468717 0.001611607 0.3670239 0.8238314 -0.06940632 0.8064807 0.9059457 -0.2457744 1.15291 0.7664622 -0.3313891 1.489361 0.7544125 0.09476776 0.8158801 0.8195738 0.1467717 1.170175 0.6142095 0.2555183 1.500858 0.6226286  A_Punch_SoClose
-0.04880564 0.1292137 0.7988099 -0.07946078 0.2265116 0.8640159 -0.2577118 0.4454314 0.8377942 -0.1804355 0.2420604 0.6192168 0.03669067 0.2110351 0.7904862 0.3710817 0.2483163 0.6945761 0.2740401 0.1928669 0.4071516 -0.003808243 0.3582348 0.8257216 -0.07254754 0.7993444 0.898702 -0.2387929 1.153514 0.7664112 -0.3234409 1.490269 0.7561616 0.09504212 0.8060374 0.8188871 0.1510354 1.164114 0.6212772 0.2559715 1.496129 0.6228122  A_Punch_SoClose
-0.05373893 0.1171384 0.8001808 -0.09241097 0.2161551 0.8563889 -0.2594029 0.4360278 0.7962235 -0.1622108 0.2193881 0.5994276 0.03412135 0.1980489 0.8034834 0.3793008 0.2484834 0.7515825 0.2450364 0.1828637 0.4818205 -0.01012151 0.3463663 0.8278536 -0.07774262 0.7890766 0.890252 -0.2289907 1.153154 0.7671832 -0.3119612 1.490356 0.7579597 0.09496821 0.7928579 0.8220013 0.1583917 1.154498 0.6333278 0.2574088 1.488168 0.622959  A_Punch_SoClose
-0.05354254 0.1046091 0.7981561 -0.09945826 0.204021 0.8468598 -0.2552294 0.4216613 0.757903 -0.1425695 0.1931057 0.584186 0.03322812 0.1861572 0.8120397 0.3811097 0.2484901 0.7934374 0.2249479 0.162033 0.5419554 -0.01481335 0.3344561 0.8278154 -0.08254658 0.7783589 0.8835963 -0.21912 1.151324 0.7703727 -0.3004894 1.488873 0.7597321 0.09464903 0.7796638 0.8279051 0.1659744 1.144412 0.6482519 0.2584497 1.479162 0.62298  A_Punch_SoClose
-0.04689847 0.09310603 0.7932886 -0.09928803 0.1914802 0.8370394 -0.2485025 0.4059057 0.7282895 -0.124897 0.1681578 0.5756291 0.03656657 0.1761959 0.8158926 0.3827501 0.250275 0.8119415 0.2089721 0.1300161 0.5873455 -0.01575611 0.3235412 0.8259472 -0.08638011 0.7681755 0.8779939 -0.2093029 1.148873 0.7753576 -0.2890056 1.486706 0.7615813 0.09443529 0.7679028 0.8354825 0.1716541 1.135235 0.6637043 0.2574606 1.470067 0.6216005  A_Punch_SoClose
-0.03213052 0.0808605 0.7865466 -0.09148709 0.1768174 0.8254918 -0.2341359 0.3886108 0.6984285 -0.1034933 0.1408911 0.5692972 0.04627611 0.1654127 0.820155 0.3871437 0.2579169 0.8112258 0.1958206 0.08731258 0.639779 -0.01096718 0.3111926 0.8247131 -0.0904464 0.7558007 0.8696431 -0.1957939 1.145626 0.7829665 -0.271964 1.484089 0.7652353 0.09417994 0.7556984 0.8492807 0.1765082 1.12479 0.683761 0.2542991 1.457942 0.6189073  A_Punch_SoClose
-0.01925258 0.07203245 0.7854203 -0.08227555 0.1660556 0.8219527 -0.2198536 0.3759562 0.6859058 -0.09270851 0.1209203 0.5680145 0.05578663 0.1577488 0.824613 0.3938633 0.2551173 0.8032078 0.190463 0.05818403 0.6809376 -0.004908664 0.3021768 0.827062 -0.09266482 0.746349 0.8630971 -0.1870268 1.141896 0.7908968 -0.2591695 1.480967 0.7685245 0.09303828 0.7476815 0.8593405 0.1780237 1.118481 0.6990646 0.2512672 1.448879 0.6170839  A_Punch_SoClose
-0.01483171 0.06868172 0.7862343 -0.07888769 0.162104 0.8223547 -0.2159409 0.3706665 0.6849402 -0.09006731 0.1141636 0.5688819 0.05923517 0.1552082 0.8257869 0.3962941 0.2547393 0.7993068 0.1910771 0.05045867 0.6931943 -0.002955182 0.2989982 0.8282698 -0.09335481 0.7430816 0.8606881 -0.1855747 1.140055 0.7937373 -0.2564904 1.479205 0.768792 0.09238143 0.7449749 0.8606251 0.1780204 1.116969 0.7034949 0.2502417 1.446375 0.6167554  A_Punch_SoClose
-0.008836968 0.0644412 0.787598 -0.07434021 0.1571832 0.8231381 -0.2118741 0.3635048 0.6847209 -0.08553748 0.1063428 0.5706404 0.06386681 0.1523485 0.8267006 0.3997731 0.2547271 0.7955803 0.1944274 0.04294777 0.7056521 -0.0004689525 0.2951891 0.8293113 -0.09373163 0.739323 0.8569144 -0.1846067 1.137707 0.7968582 -0.2543788 1.476855 0.7688588 0.09197302 0.7416695 0.8600487 0.1778288 1.115715 0.7079896 0.248677 1.444273 0.6170033  A_Punch_SoClose
0.001856344 0.05729663 0.7932943 -0.06685035 0.1492358 0.8270301 -0.2115418 0.3489183 0.6880096 -0.07549743 0.09428132 0.5795692 0.07147826 0.1487337 0.8285121 0.4061073 0.2540311 0.7914304 0.2025238 0.03483164 0.7165321 0.002764659 0.2895321 0.8304161 -0.09230952 0.7349545 0.8466052 -0.1843399 1.134697 0.7985295 -0.2539328 1.47354 0.7666548 0.09338523 0.7360123 0.8508328 0.178039 1.113949 0.7079991 0.2462773 1.442031 0.613376  A_Punch_SoClose
0.003955321 0.05554259 0.7957567 -0.06565188 0.1474055 0.8288196 -0.2129067 0.3450119 0.6894397 -0.07355003 0.09122741 0.5832289 0.07268317 0.1479584 0.8294362 0.4074048 0.2521108 0.7899445 0.2025323 0.03333986 0.7173427 0.00291528 0.2882438 0.8307956 -0.09195571 0.7341672 0.8429054 -0.1847448 1.134082 0.797819 -0.2546436 1.472805 0.7653407 0.09374471 0.7345411 0.8469981 0.1782702 1.113771 0.7075576 0.2461789 1.442154 0.6137437  A_Punch_SoClose
