-0.01840411 0.004479289 3.265764 -0.08281963 0.1032788 3.287455 -0.2792461 0.3683956 3.313648 -0.3174033 0.6661623 3.243033 0.0551339 0.09507763 3.293685 0.2778409 0.3380001 3.330144 0.3423124 0.6348196 3.276797 -0.005058212 0.2390362 3.279465 -0.09436099 0.6828774 3.242552 -0.07908402 1.095377 3.256166 -0.05642561 1.441864 3.2665 0.09134163 0.6848772 3.246028 0.1305128 1.087135 3.162016 0.1619563 1.433882 3.156973  O_Jump_Close
-0.01767449 0.01426947 3.262689 -0.08206998 0.1128511 3.285406 -0.2778751 0.3783635 3.312045 -0.3168977 0.6755595 3.239524 0.05587919 0.1045457 3.291595 0.2815856 0.3460912 3.328003 0.3428531 0.6417563 3.265291 -0.004268391 0.248664 3.278884 -0.09315072 0.6930199 3.247793 -0.07983933 1.104517 3.215125 -0.06530689 1.448893 3.258347 0.09255458 0.6947593 3.251265 0.1341966 1.086106 3.126697 0.1611302 1.432676 3.146989  O_Jump_Close
-0.01762567 0.02672827 3.256705 -0.08196001 0.1250099 3.28085 -0.277768 0.3907167 3.308502 -0.3193694 0.6871955 3.234494 0.055981 0.1165162 3.286966 0.2847089 0.3565876 3.323306 0.3438584 0.6505691 3.251329 -0.004060252 0.260849 3.27636 -0.09229992 0.7057502 3.252897 -0.08200262 1.111924 3.178792 -0.04955773 1.449767 3.252843 0.0934086 0.707119 3.256363 0.1372311 1.086215 3.09898 0.1519904 1.430967 3.14563  O_Jump_Close
-0.01771043 0.05076027 3.241744 -0.08178692 0.1483825 3.269042 -0.2790245 0.4139497 3.299669 -0.3284505 0.708884 3.224315 0.05612739 0.1393152 3.274931 0.2891692 0.3771178 3.310503 0.3483348 0.6678199 3.226265 -0.003513558 0.284081 3.268995 -0.09000485 0.7296795 3.261715 -0.08738028 1.125194 3.142819 -0.0409147 1.451738 3.251832 0.09570862 0.7301165 3.26516 0.1422931 1.09275 3.073507 0.1466873 1.431523 3.153887  O_Jump_Close
-0.01713393 0.07729542 3.227325 -0.0810052 0.1739434 3.258321 -0.2816351 0.4384345 3.292771 -0.3429357 0.7313099 3.218113 0.05688216 0.1643276 3.263966 0.2936549 0.3998548 3.299883 0.3571039 0.685282 3.201853 -0.002413673 0.309356 3.263574 -0.0872588 0.754854 3.274346 -0.09247868 1.134489 3.11179 -0.04238532 1.452617 3.242016 0.09845574 0.754402 3.277729 0.1467927 1.092365 3.045678 0.145616 1.427324 3.140803  O_Jump_Close
-0.01500951 0.109982 3.201949 -0.07892619 0.2045864 3.238634 -0.2890468 0.4648056 3.279459 -0.3755045 0.7530167 3.211879 0.05894258 0.1945717 3.244034 0.2990288 0.4273771 3.28457 0.3834789 0.6976847 3.162478 -0.0002996753 0.3393832 3.252361 -0.08398782 0.783042 3.289467 -0.09680359 1.143936 3.089052 -0.04051391 1.452964 3.237399 0.1017264 0.7818584 3.292686 0.1512745 1.095347 3.02873 0.1437404 1.424847 3.141073  O_Jump_Close
-0.01152305 0.1508335 3.164145 -0.07574634 0.2416805 3.208903 -0.3016985 0.4929641 3.257273 -0.4212074 0.7710274 3.198061 0.06210937 0.2313546 3.214046 0.3074716 0.4582844 3.266323 0.4317382 0.7000624 3.120701 0.002623932 0.3747665 3.235114 -0.08060126 0.8147507 3.301419 -0.101081 1.157453 3.071831 -0.03976319 1.453668 3.242625 0.1051088 0.8132424 3.304743 0.1555937 1.10127 3.013376 0.1420332 1.42348 3.144696  O_Jump_Close
-0.009568019 0.1547092 3.128223 -0.07384674 0.2413619 3.180575 -0.3142404 0.4845949 3.233823 -0.4556694 0.751225 3.170468 0.06395985 0.2302876 3.185469 0.3169623 0.4498775 3.249507 0.4663617 0.6768258 3.103635 0.004644709 0.3713951 3.218931 -0.07814465 0.8076662 3.307621 -0.09987502 1.151469 3.079802 -0.0400006 1.450211 3.246662 0.1075644 0.806067 3.310957 0.1567243 1.09201 3.017319 0.1431088 1.415357 3.14581  O_Jump_Close
-0.009680493 0.1305422 3.108746 -0.07371925 0.21483 3.165099 -0.3203242 0.455249 3.220531 -0.4670424 0.7164586 3.147381 0.06402369 0.2029078 3.16979 0.3223961 0.418348 3.238708 0.4723267 0.6515532 3.103651 0.005238669 0.3424834 3.209944 -0.07689504 0.776576 3.309807 -0.09548198 1.134121 3.103917 -0.04089699 1.443742 3.251665 0.1088168 0.7748603 3.312923 0.1555124 1.074697 3.033063 0.1453888 1.404137 3.145376  O_Jump_Close
-0.01001231 0.1076154 3.093296 -0.07372306 0.1898988 3.15289 -0.3250969 0.428256 3.210368 -0.4746437 0.6837069 3.123834 0.06395037 0.1770996 3.157303 0.3258313 0.3903581 3.22938 0.4754209 0.6290855 3.103935 0.005797463 0.3152487 3.202937 -0.07574563 0.7478617 3.310122 -0.09076957 1.118762 3.129065 -0.04317306 1.438688 3.255778 0.1099669 0.7460961 3.313168 0.1545482 1.059562 3.0483 0.1483994 1.394288 3.144055  O_Jump_Close
-0.01107578 0.07479012 3.075111 -0.07417528 0.1546242 3.138563 -0.3292811 0.3913946 3.200203 -0.4771733 0.6392585 3.09158 0.06337924 0.1404601 3.142486 0.3282953 0.3527122 3.21733 0.4771138 0.5985699 3.105475 0.00632705 0.276722 3.194708 -0.07433639 0.708144 3.308015 -0.08298068 1.097357 3.170127 -0.04675643 1.43051 3.261621 0.1113742 0.7063437 3.311158 0.1529823 1.040319 3.072133 0.1531924 1.381524 3.141612  O_Jump_Close
-0.01241056 0.0232048 3.055446 -0.07464574 0.09985316 3.123511 -0.3332036 0.3328379 3.19055 -0.4737307 0.566905 3.04712 0.06275399 0.08404672 3.126467 0.3374728 0.2888833 3.199773 0.4967969 0.5338275 3.101171 0.007153885 0.217616 3.186611 -0.07266866 0.6484045 3.30342 -0.07528488 1.050465 3.209 -0.05464176 1.394299 3.254008 0.1130399 0.6466627 3.306714 0.1518147 0.9957447 3.089823 0.158535 1.341124 3.133592  O_Jump_Close
-0.01269458 -0.02403176 3.04375 -0.07431571 0.0502702 3.114906 -0.3357743 0.2775786 3.185496 -0.4676144 0.4954629 3.011565 0.06298055 0.03345716 3.116988 0.3417275 0.233566 3.190411 0.5093699 0.4767529 3.101751 0.008359687 0.1649041 3.182468 -0.07108264 0.5962951 3.297079 -0.07157765 1.00308 3.225659 -0.05899219 1.349803 3.242935 0.1146253 0.5946271 3.300442 0.1523162 0.946022 3.087124 0.1618943 1.292267 3.12277  O_Jump_Close
-0.01178025 -0.05693674 3.039788 -0.07321511 0.01594746 3.112554 -0.3383016 0.2371196 3.184892 -0.4642833 0.4403777 2.990155 0.06403913 -0.001246572 3.114257 0.3470622 0.1930305 3.186922 0.5250328 0.4277014 3.095487 0.009745853 0.1288751 3.182593 -0.06995098 0.5615133 3.291045 -0.0697953 0.9689263 3.223301 -0.05975811 1.316156 3.225487 0.1157587 0.5601643 3.294454 0.1524537 0.908424 3.075886 0.1615783 1.254136 3.116477  O_Jump_Close
-0.01094208 -0.08966553 3.038327 -0.07221143 -0.01778996 3.112226 -0.3417541 0.197057 3.185343 -0.462293 0.3826977 2.970598 0.06502004 -0.03519762 3.11355 0.3530241 0.1522266 3.184393 0.5402457 0.3775535 3.088059 0.0109684 0.09396553 3.183868 -0.06741564 0.5289348 3.283373 -0.06931846 0.9357399 3.212094 -0.06060914 1.283004 3.21452 0.1182888 0.5263028 3.286286 0.1558083 0.8669551 3.056174 0.1602709 1.210902 3.110289  O_Jump_Close
-0.01055674 -0.1172682 3.038647 -0.07162713 -0.04595172 3.113249 -0.3455207 0.16369 3.186435 -0.4628809 0.3310735 2.955531 0.06559588 -0.06345332 3.114147 0.3584331 0.1174825 3.182385 0.5521942 0.3352476 3.081691 0.01177176 0.06517291 3.185614 -0.06382172 0.502795 3.27573 -0.06980948 0.9078304 3.1952 -0.05993752 1.254737 3.210439 0.121836 0.4974335 3.277735 0.1613013 0.8281028 3.033801 0.1564105 1.168972 3.104737  O_Jump_Close
-0.01019458 -0.1669749 3.044384 -0.07082979 -0.09550059 3.119191 -0.3532328 0.1050621 3.190447 -0.4611709 0.2360458 2.93296 0.06637354 -0.1131763 3.119474 0.3682278 0.05572855 3.181037 0.5726731 0.2591177 3.07177 0.01304294 0.01559508 3.191051 -0.05554126 0.4583067 3.259545 -0.07199316 0.8599156 3.164602 -0.05805431 1.204549 3.205924 0.129777 0.4457418 3.260428 0.178533 0.7510563 2.986915 0.1510958 1.081221 3.094089  O_Jump_Close
-0.009511752 -0.2055991 3.054312 -0.06991147 -0.1328603 3.128082 -0.3593433 0.0604037 3.19597 -0.4568896 0.1633965 2.922137 0.06729557 -0.1505088 3.128211 0.3759035 0.009084582 3.183343 0.5877988 0.2009982 3.067698 0.01417805 -0.02053559 3.197745 -0.04806207 0.4255986 3.245903 -0.07698445 0.821636 3.132358 -0.05815212 1.161433 3.202049 0.1366753 0.4062918 3.246847 0.1975779 0.6828245 2.946474 0.1485524 0.9984759 3.085069  O_Jump_Close
-0.006661756 -0.2425033 3.070089 -0.0675088 -0.1676003 3.141281 -0.3640342 0.01781595 3.203738 -0.4508856 0.1029354 2.920332 0.06979682 -0.1844471 3.142055 0.3836873 -0.03231442 3.191197 0.6008227 0.1506722 3.070895 0.01590647 -0.05244994 3.207031 -0.04159323 0.3959765 3.234979 -0.09406982 0.7694896 3.066727 -0.05945436 1.091504 3.192354 0.1424875 0.3712362 3.236906 0.2182785 0.606468 2.906263 0.1503413 0.9011859 3.078814  O_Jump_Close
-0.004198832 -0.2701496 3.082888 -0.06539278 -0.1931143 3.151459 -0.3676249 -0.01492274 3.208731 -0.4495906 0.06543398 2.922493 0.07199402 -0.2092527 3.152757 0.3897088 -0.06283534 3.196996 0.6094454 0.1149057 3.073593 0.01747514 -0.07534063 3.213128 -0.03969608 0.3737389 3.231327 -0.1058591 0.7290948 3.031528 -0.06064628 1.03691 3.186058 0.1442581 0.3481168 3.233755 0.2276131 0.5517789 2.884502 0.1507471 0.8323143 3.075917  O_Jump_Close
-0.001806123 -0.293576 3.094987 -0.06334655 -0.2144036 3.160757 -0.3707441 -0.04339039 3.21278 -0.4499206 0.03689289 2.925737 0.07411708 -0.2298225 3.162564 0.3950571 -0.08854413 3.202441 0.6165829 0.08477974 3.075992 0.01897372 -0.09407628 3.218076 -0.03964083 0.3552636 3.230036 -0.1153199 0.6955632 3.008579 -0.06280105 0.9912171 3.183234 0.1444329 0.3305353 3.232667 0.2326704 0.5061334 2.869648 0.1516044 0.7756829 3.074634  O_Jump_Close
0.0001831819 -0.3101393 3.105793 -0.06165348 -0.2290817 3.168936 -0.3731165 -0.06413233 3.216301 -0.4504472 0.01686776 2.928957 0.07587476 -0.2438563 3.17116 0.3992591 -0.1066545 3.207518 0.6221562 0.06226242 3.077563 0.02019139 -0.1065708 3.222165 -0.04017739 0.34288 3.22917 -0.1219354 0.6733901 2.99539 -0.06400274 0.9597447 3.183322 0.1440657 0.3194475 3.231805 0.2352361 0.4717854 2.859133 0.1527606 0.7335467 3.073438  O_Jump_Close
0.003530877 -0.3311526 3.124048 -0.05879031 -0.2472335 3.182826 -0.3763924 -0.09234583 3.222521 -0.45111 -0.009237409 2.935088 0.07883538 -0.2609568 3.18567 0.4058152 -0.1303229 3.216753 0.6309423 0.03014123 3.080102 0.02228143 -0.1215031 3.229301 -0.04264806 0.3275517 3.22999 -0.1325696 0.6396594 2.974887 -0.06777744 0.917339 3.173306 0.1420453 0.3079606 3.232458 0.2361186 0.4282458 2.848941 0.1552968 0.6812384 3.074131  O_Jump_Close
0.007228928 -0.3475565 3.142682 -0.05561517 -0.2609318 3.196792 -0.3795901 -0.1179272 3.227765 -0.4503893 -0.03290093 2.939901 0.0821041 -0.2735385 3.200219 0.4128403 -0.150803 3.225857 0.6409673 -0.002865672 3.080334 0.02463205 -0.132267 3.236117 -0.04827027 0.3150526 3.232195 -0.145085 0.6097089 2.959469 -0.07259743 0.8781251 3.167729 0.1370548 0.302752 3.234401 0.2327172 0.3992697 2.84461 0.1583916 0.6484634 3.076183  O_Jump_Close
0.01160093 -0.3577067 3.163977 -0.05185006 -0.2683043 3.212581 -0.3823826 -0.139484 3.233137 -0.4482109 -0.05221105 2.944766 0.08596511 -0.2796239 3.216593 0.4203987 -0.1656892 3.236378 0.6510302 -0.03252447 3.080876 0.02744897 -0.1368003 3.24355 -0.05517099 0.3076277 3.235406 -0.1608588 0.5773357 2.941022 -0.07902573 0.8338438 3.160523 0.1305355 0.3044509 3.237539 0.2273473 0.430439 2.856544 0.160645 0.6895515 3.079388  O_Jump_Close
0.01533099 -0.3596045 3.183134 -0.04867236 -0.2680289 3.226707 -0.3837133 -0.1505667 3.238051 -0.4447423 -0.06081641 2.949385 0.08921303 -0.2782346 3.231257 0.4272238 -0.1741524 3.245653 0.6596373 -0.05596626 3.080971 0.02979894 -0.1345007 3.250228 -0.06153176 0.3066419 3.238251 -0.1750984 0.5509138 2.925188 -0.08514075 0.7961755 3.15416 0.124123 0.3119067 3.240724 0.2213619 0.4983931 2.885519 0.1636033 0.778137 3.084655  O_Jump_Close
0.01907195 -0.3441393 3.199589 -0.04548542 -0.2510396 3.238908 -0.3842979 -0.1447016 3.242271 -0.4416783 -0.05260968 2.953595 0.09246238 -0.2601677 3.24384 0.4332902 -0.1644266 3.253222 0.6660414 -0.0598253 3.080047 0.0321609 -0.1160799 3.256161 -0.06683396 0.321713 3.240048 -0.1878328 0.5388459 2.910219 -0.09104042 0.771747 3.149096 0.1184598 0.3343352 3.242952 0.2127614 0.5857099 2.92939 0.1671897 0.8897229 3.092936  O_Jump_Close
0.02204867 -0.3044463 3.214792 -0.04300074 -0.2101305 3.250208 -0.3831964 -0.1083189 3.248891 -0.4390935 -0.01294708 2.960989 0.09499539 -0.2183025 3.255455 0.4384777 -0.1305096 3.258553 0.6715985 -0.04202807 3.077086 0.03392102 -0.0741514 3.261761 -0.06830291 0.3626274 3.241749 -0.1964019 0.5462177 2.894675 -0.09487627 0.7693661 3.140787 0.1167913 0.3778428 3.244938 0.2023533 0.6750154 2.971495 0.1658731 0.9993584 3.092815  O_Jump_Close
0.02335258 -0.2617153 3.22502 -0.04201375 -0.1666915 3.257866 -0.3817997 -0.06339037 3.255579 -0.4372048 0.03408384 2.968287 0.09601147 -0.1742388 3.263282 0.4408658 -0.09039807 3.260659 0.6735697 -0.01692009 3.072101 0.03443851 -0.03018153 3.265664 -0.06789391 0.4072484 3.243869 -0.1985172 0.5588725 2.88259 -0.0957133 0.7755305 3.133916 0.1172477 0.4218562 3.247149 0.1876587 0.7409358 2.994891 0.1521103 1.077407 3.077179  O_Jump_Close
0.0231408 -0.1837616 3.235966 -0.04264818 -0.08803725 3.265795 -0.3779178 0.02870536 3.271239 -0.4478314 0.133736 2.989835 0.09541078 -0.09478533 3.271402 0.4406053 -0.01254714 3.258861 0.6694512 0.02901983 3.056361 0.03318765 0.04899549 3.269221 -0.06924443 0.4873164 3.246469 -0.192943 0.6176738 2.874609 -0.09570269 0.8328172 3.129425 0.1159655 0.500986 3.249928 0.159163 0.8676241 3.065228 0.1418558 1.214097 3.095314  O_Jump_Close
0.0219896 -0.1436318 3.240908 -0.04392998 -0.04763401 3.269547 -0.3743436 0.08054018 3.282226 -0.4606871 0.1937007 3.008644 0.09413882 -0.05411899 3.275221 0.4387134 0.02888989 3.257397 0.6637395 0.0516001 3.04775 0.03171488 0.08953631 3.271252 -0.07045399 0.5283327 3.248721 -0.1865111 0.6797547 2.882419 -0.09474139 0.9044768 3.130919 0.1148003 0.5413671 3.252257 0.1535604 0.9209116 3.094627 0.1475255 1.268678 3.111064  O_Jump_Close
0.0190139 -0.08320713 3.246712 -0.04700063 0.01317608 3.273795 -0.36805 0.1593062 3.296279 -0.4827576 0.2894005 3.041279 0.09107716 0.006935239 3.279526 0.433758 0.09301722 3.253045 0.6498972 0.08761799 3.033138 0.02849485 0.1504382 3.273221 -0.07283108 0.5900417 3.251814 -0.1709885 0.8081595 2.915118 -0.08949785 1.058231 3.142048 0.112504 0.6018528 3.255414 0.1586798 0.9794155 3.095047 0.1591794 1.326223 3.126222  O_Jump_Close
0.01625945 -0.02849305 3.252712 -0.04978655 0.06825435 3.278383 -0.3614865 0.2293617 3.307273 -0.4955761 0.3768625 3.071963 0.08829637 0.06216025 3.284147 0.4264853 0.157642 3.245934 0.6257868 0.1362711 3.01157 0.02564748 0.2055258 3.27573 -0.07449763 0.645887 3.254134 -0.1583178 0.9038395 2.942671 -0.08781116 1.175755 3.147035 0.1109215 0.6563035 3.257711 0.1570996 1.031096 3.090973 0.1572932 1.377199 3.129194  O_Jump_Close
0.01305415 0.0162009 3.248355 -0.05292777 0.1128833 3.274432 -0.3547583 0.2882255 3.308299 -0.501196 0.454107 3.093481 0.08515461 0.1066931 3.280107 0.4162467 0.2205294 3.236505 0.6023046 0.206127 2.990986 0.02257867 0.2501235 3.272275 -0.07576279 0.6915702 3.256746 -0.1443515 0.9864218 2.975797 -0.08250944 1.275224 3.158669 0.1097399 0.7003583 3.260358 0.1563468 1.070155 3.082927 0.1526547 1.413334 3.14177  O_Jump_Close
0.009243922 0.05171418 3.231436 -0.05659113 0.1477106 3.260274 -0.3480651 0.3364395 3.299414 -0.5016769 0.5207328 3.105643 0.08148684 0.1411823 3.26567 0.4010837 0.2832836 3.227642 0.5766075 0.3040527 2.974927 0.01909615 0.2848581 3.261926 -0.07671122 0.7275318 3.261564 -0.1256925 1.064478 3.027807 -0.06926833 1.367044 3.188878 0.108871 0.7344108 3.265231 0.1583912 1.087484 3.057168 0.148187 1.424821 3.142886  O_Jump_Close
0.004105108 0.09325182 3.20943 -0.06134955 0.1880335 3.242795 -0.340657 0.3917745 3.285739 -0.50065 0.5994434 3.12331 0.07669313 0.1806544 3.247995 0.3764434 0.3583298 3.229855 0.545882 0.4398626 2.985422 0.01492317 0.3246132 3.251115 -0.07729779 0.767905 3.27165 -0.1117016 1.121351 3.060778 -0.05475078 1.426713 3.216292 0.1083582 0.7723234 3.275372 0.1606984 1.097568 3.026615 0.1448248 1.427648 3.136357  O_Jump_Close
-0.003041072 0.1442775 3.180914 -0.06779586 0.2368342 3.221178 -0.3254093 0.4628497 3.268848 -0.4797635 0.7063849 3.159428 0.07015218 0.2278143 3.226299 0.3472085 0.4321148 3.245816 0.5170653 0.5872731 3.040441 0.009648519 0.3716761 3.240173 -0.07760625 0.8136825 3.288733 -0.1093744 1.148901 3.049579 -0.04634456 1.440235 3.227975 0.1080986 0.8149038 3.29244 0.1616385 1.103633 3.002315 0.1428656 1.423756 3.138023  O_Jump_Close
-0.007147713 0.1734067 3.16042 -0.07159798 0.2638366 3.205694 -0.3165901 0.5013487 3.255565 -0.4617392 0.7619224 3.177203 0.06628348 0.253829 3.210774 0.3282092 0.4692057 3.253469 0.4897337 0.6645172 3.077777 0.006437676 0.396969 3.232656 -0.07824497 0.8368096 3.299234 -0.1072732 1.163879 3.048719 -0.04219465 1.449514 3.235404 0.1074661 0.8363351 3.3028 0.1607049 1.105824 2.994669 0.1420192 1.421439 3.140566  O_Jump_Close
-0.0101764 0.1933733 3.140949 -0.07455008 0.2814896 3.190675 -0.3077598 0.528724 3.242808 -0.4398064 0.8013073 3.184761 0.06328984 0.2708734 3.195647 0.3111115 0.4946232 3.257034 0.4501418 0.7275843 3.110392 0.003723102 0.4128343 3.224772 -0.07930873 0.8506535 3.305608 -0.105667 1.173028 3.048791 -0.03967456 1.455592 3.239779 0.1063987 0.8490582 3.309038 0.1591574 1.107079 2.991161 0.1415711 1.420405 3.142043  O_Jump_Close
-0.01007758 0.1888748 3.135474 -0.07471518 0.2765601 3.185617 -0.3029585 0.5274991 3.239643 -0.4236187 0.8035898 3.173897 0.06316836 0.2664299 3.190389 0.3082015 0.4947196 3.250544 0.4177924 0.7472836 3.111599 0.003116446 0.4080571 3.220136 -0.08031164 0.846814 3.3002 -0.105428 1.172368 3.0473 -0.03997014 1.455877 3.237068 0.1053962 0.8454504 3.303703 0.1583817 1.106975 2.988741 0.1413452 1.420665 3.138928  O_Jump_Close
-0.009464843 0.1792769 3.133378 -0.07444118 0.2669269 3.183145 -0.2984226 0.5208685 3.239578 -0.4060278 0.7989236 3.160748 0.0634969 0.2574837 3.187745 0.307491 0.4895018 3.246172 0.3890793 0.7585884 3.119523 0.00281431 0.3989835 3.216811 -0.08137266 0.8388255 3.292475 -0.104991 1.169828 3.046601 -0.04063533 1.455583 3.233354 0.1043359 0.8378715 3.296078 0.1574606 1.106423 2.98711 0.1412375 1.421279 3.134928  O_Jump_Close
-0.00874011 0.1686873 3.134029 -0.07405435 0.2565526 3.182967 -0.293756 0.5131688 3.242298 -0.3871483 0.7922467 3.150097 0.06393404 0.2478119 3.187445 0.3071634 0.482396 3.247992 0.3658913 0.7661309 3.142398 0.002625363 0.3893236 3.215104 -0.08230637 0.8300021 3.284388 -0.1039811 1.167387 3.047163 -0.04116962 1.455962 3.230065 0.1034016 0.8293815 3.288091 0.1563223 1.105734 2.986043 0.1412822 1.421988 3.130975  O_Jump_Close
-0.00839494 0.1591562 3.134632 -0.07394652 0.2470914 3.183125 -0.2895899 0.506328 3.246173 -0.3703443 0.7856451 3.143372 0.0640669 0.2387627 3.187619 0.3066377 0.4754227 3.251602 0.3510651 0.7671803 3.162114 0.002365487 0.3802435 3.214553 -0.08320741 0.8212839 3.278933 -0.1029587 1.16423 3.049647 -0.04150311 1.455843 3.228137 0.1025003 0.8208861 3.282681 0.1551623 1.10439 2.987291 0.1412991 1.422364 3.128531  O_Jump_Close
-0.008823676 0.149902 3.133639 -0.07447748 0.2374727 3.182651 -0.2848074 0.5003823 3.252389 -0.3531859 0.7801446 3.142094 0.06351919 0.2290496 3.187469 0.3049437 0.4679916 3.257998 0.3424494 0.761861 3.172332 0.001798408 0.3703357 3.215364 -0.08432649 0.811627 3.277813 -0.1019475 1.159627 3.056092 -0.04151629 1.455142 3.228408 0.1013819 0.8112572 3.28153 0.1541415 1.101848 2.993126 0.141721 1.422403 3.128544  O_Jump_Close
-0.0102372 0.1324168 3.133727 -0.07578926 0.2196363 3.183494 -0.2790178 0.4865798 3.264016 -0.3304705 0.7656965 3.143376 0.06216957 0.2107793 3.188609 0.3025282 0.4509867 3.269936 0.3338275 0.7445899 3.180931 0.0007575323 0.3519275 3.217851 -0.08601271 0.7938032 3.276392 -0.09956948 1.1512 3.069854 -0.04161183 1.453916 3.230098 0.0996976 0.7934763 3.280014 0.1520794 1.097471 3.005703 0.1427314 1.422703 3.129739  O_Jump_Close
-0.01223759 0.09816647 3.137531 -0.07766233 0.1851715 3.18784 -0.2763797 0.4511046 3.280748 -0.3078026 0.7275723 3.14776 0.06029506 0.1761762 3.192749 0.3013094 0.4121035 3.287715 0.3258217 0.7036194 3.190135 -0.0009693335 0.3172156 3.222815 -0.08849196 0.7601109 3.272389 -0.09460609 1.135821 3.100986 -0.04291235 1.451463 3.236529 0.09721847 0.7601187 3.276019 0.1475551 1.090674 3.033938 0.1446485 1.423853 3.135086  O_Jump_Close
-0.01270686 0.07851875 3.140198 -0.07824598 0.1654857 3.190423 -0.2785388 0.4267138 3.285161 -0.3039919 0.7037467 3.152073 0.0597386 0.1568074 3.195135 0.3022206 0.3873422 3.293263 0.3258208 0.678891 3.195556 -0.001792176 0.2977744 3.224995 -0.08972596 0.7411335 3.269702 -0.09146099 1.12805 3.125247 -0.0442491 1.449944 3.247023 0.09598453 0.7413996 3.273317 0.1445548 1.087597 3.053791 0.1459711 1.424787 3.140676  O_Jump_Close
-0.01383619 0.05021966 3.149338 -0.07938109 0.13801 3.198102 -0.2815492 0.3938043 3.289814 -0.30485 0.6762193 3.168132 0.05862041 0.1295596 3.20273 0.3001432 0.3555626 3.299234 0.328353 0.6489658 3.208553 -0.003007991 0.2709785 3.230153 -0.09142266 0.7151107 3.265755 -0.08569263 1.115106 3.163064 -0.04692022 1.447727 3.255444 0.09428723 0.7157539 3.269354 0.1396834 1.084108 3.088639 0.1489909 1.42671 3.150159  O_Jump_Close
-0.01508777 0.02717745 3.164978 -0.08052789 0.1167654 3.210505 -0.282147 0.3721279 3.290694 -0.3096061 0.662733 3.191184 0.05747785 0.1084411 3.215236 0.2937866 0.3364221 3.301591 0.3330817 0.6332413 3.227709 -0.004061026 0.2508155 3.237414 -0.09284173 0.6957445 3.260401 -0.07912461 1.105101 3.207353 -0.05018065 1.446117 3.266885 0.09286673 0.6967652 3.263987 0.1348769 1.082939 3.124316 0.1531236 1.428992 3.158414  O_Jump_Close
-0.01546459 0.02042973 3.176217 -0.08087455 0.1111523 3.219485 -0.2817395 0.3679725 3.292726 -0.3114794 0.6609832 3.201251 0.05713345 0.1029429 3.224348 0.2908659 0.3334926 3.304592 0.3347443 0.6311319 3.236842 -0.00438617 0.2458397 3.242928 -0.09329627 0.6911133 3.257337 -0.07656537 1.102443 3.224132 -0.05083601 1.445779 3.270307 0.09241159 0.6923025 3.260904 0.133304 1.083473 3.135538 0.154748 1.430112 3.160628  O_Jump_Close
-0.01569591 0.01347828 3.192643 -0.08102767 0.1058663 3.232358 -0.2806282 0.3649849 3.295523 -0.3135091 0.6605022 3.213695 0.05698063 0.09778702 3.237427 0.2873077 0.3319732 3.308724 0.3371309 0.6302684 3.248375 -0.004457874 0.2413348 3.250416 -0.09353285 0.6868041 3.25352 -0.07639466 1.099422 3.248292 -0.05713068 1.44535 3.273517 0.09217395 0.6882152 3.257061 0.1320234 1.084141 3.147251 0.1567996 1.431149 3.162081  O_Jump_Close
-0.0159655 0.0106653 3.202866 -0.08122967 0.1040727 3.240239 -0.2799858 0.3646665 3.297166 -0.31469 0.661275 3.220183 0.05677714 0.09605384 3.245442 0.2852157 0.3324074 3.311146 0.3383941 0.6308447 3.254475 -0.004581613 0.2399188 3.254788 -0.0937423 0.6853685 3.251498 -0.07808231 1.097955 3.261585 -0.05704318 1.444442 3.274937 0.09196384 0.6869028 3.255023 0.1314866 1.084705 3.152092 0.1579209 1.431764 3.162034  O_Jump_Close
-0.01631467 0.00844264 3.212648 -0.08151112 0.1027659 3.247772 -0.2795165 0.3645995 3.298781 -0.3158305 0.6620809 3.226025 0.05649372 0.09479988 3.253106 0.2832401 0.3330046 3.313464 0.3394401 0.6314752 3.259973 -0.004783196 0.2388831 3.258984 -0.09401374 0.6842307 3.249705 -0.07886474 1.096629 3.266224 -0.05486123 1.443063 3.275249 0.09169175 0.6858729 3.253216 0.1309386 1.085266 3.156528 0.1589409 1.432301 3.161984  O_Jump_Close
-0.01656888 0.006615043 3.222963 -0.08169053 0.1018423 3.255706 -0.2789418 0.3648523 3.300524 -0.3168609 0.6630777 3.23174 0.0563118 0.09392679 3.26118 0.2814031 0.3338968 3.315908 0.3406278 0.632296 3.265364 -0.004872603 0.2381517 3.263419 -0.09416334 0.6833114 3.248034 -0.07895796 1.095745 3.263593 -0.05556814 1.442198 3.273455 0.09154148 0.6850563 3.251527 0.1305743 1.085867 3.160805 0.1601533 1.432814 3.161876  O_Jump_Close
-0.01699816 0.004931569 3.238336 -0.08196078 0.1014624 3.267366 -0.2784702 0.3657088 3.303996 -0.3179156 0.664419 3.238241 0.05603333 0.09356368 3.273067 0.2793641 0.3354049 3.320218 0.3419197 0.6334398 3.271573 -0.004940374 0.2378558 3.269698 -0.09428798 0.6826117 3.245778 -0.07901852 1.095091 3.259995 -0.05636702 1.441564 3.27083 0.09141596 0.6844849 3.249252 0.1303383 1.086511 3.164026 0.1611168 1.43334 3.160892  O_Jump_Close
-0.01738094 0.004518628 3.249078 -0.08219139 0.1019305 3.275379 -0.2784867 0.3666998 3.307171 -0.3181053 0.6653461 3.241229 0.05579324 0.09399378 3.281253 0.2784718 0.336607 3.323807 0.3423806 0.6342398 3.274463 -0.004970951 0.2382216 3.273809 -0.09433071 0.6826308 3.244375 -0.07907973 1.095115 3.258485 -0.05644355 1.441591 3.26923 0.09137268 0.6845735 3.24784 0.130389 1.086825 3.16373 0.1615693 1.433608 3.159545  O_Jump_Close
-0.01781861 0.004377246 3.257796 -0.08245848 0.1025002 3.281769 -0.2787184 0.3675399 3.310194 -0.3180068 0.6659077 3.24281 0.05551364 0.09447157 3.28781 0.2779678 0.3374325 3.326928 0.3425314 0.6346872 3.276178 -0.005007191 0.2385834 3.276928 -0.09435461 0.6826889 3.243341 -0.07910226 1.095179 3.257268 -0.05646465 1.44166 3.267862 0.09134831 0.684673 3.246807 0.1304379 1.087018 3.163175 0.1618285 1.433773 3.158326  O_Jump_Close
