0.007710533 0.04648197 4.468065 -0.06559919 0.13478 4.502854 -0.2009753 0.3573321 4.372533 0.008096354 0.1605715 4.25992 0.07259424 0.1410798 4.503233 0.2964558 0.387725 4.513374 0.2564494 0.2583421 4.236311 -0.002943737 0.2782933 4.507215 -0.116036 0.719675 4.527335 -0.176069 1.128138 4.516 -0.2163983 1.470653 4.557603 0.06950237 0.7275754 4.531164 0.1470762 1.097419 4.365026 0.2039463 1.427325 4.269238  SA_HookPunch_Close
-0.000551505 0.04465699 4.471936 -0.07274513 0.1334168 4.507721 -0.2093152 0.3525908 4.37562 -0.0006870459 0.153415 4.266483 0.06546898 0.138949 4.505849 0.2942176 0.3813881 4.505988 0.2476899 0.2417988 4.234963 -0.009239478 0.2765952 4.510496 -0.1195313 0.718685 4.530336 -0.1763745 1.12752 4.516275 -0.2140507 1.470541 4.556164 0.06608428 0.7255734 4.531315 0.1437303 1.096287 4.367162 0.2015116 1.425158 4.268404  SA_HookPunch_Close
-0.006154282 0.04240072 4.474882 -0.07752328 0.1314662 4.511608 -0.2163381 0.3476478 4.378604 -0.008660657 0.1465187 4.271251 0.06066092 0.1365409 4.507529 0.2928599 0.3753085 4.498317 0.2395256 0.2280594 4.232653 -0.01352148 0.2744447 4.512905 -0.1219505 0.7169903 4.532891 -0.1759353 1.126154 4.51722 -0.2112873 1.469682 4.554806 0.06368174 0.7232187 4.531042 0.1413381 1.095054 4.369451 0.1996457 1.423182 4.268557  SA_HookPunch_Close
-0.01415847 0.03841233 4.480138 -0.08413224 0.1277921 4.51895 -0.2294699 0.3379995 4.385093 -0.0246654 0.1331924 4.279183 0.05385979 0.1323607 4.510314 0.2906201 0.3645103 4.483469 0.2235608 0.2063409 4.227365 -0.01965932 0.2705537 4.517173 -0.1256205 0.7136952 4.537759 -0.1749823 1.123358 4.520036 -0.2065347 1.467796 4.552305 0.0598789 0.7190809 4.529853 0.1375603 1.093489 4.37433 0.1964607 1.420437 4.270006  SA_HookPunch_Close
-0.02217494 0.03401566 4.486727 -0.09041481 0.123561 4.528761 -0.245938 0.3260608 4.395304 -0.04654358 0.1157722 4.289814 0.04702528 0.1276951 4.513582 0.2873149 0.351676 4.463753 0.2015753 0.1824926 4.220586 -0.02579479 0.2661339 4.522598 -0.1293642 0.7098287 4.544105 -0.1740857 1.119939 4.524503 -0.2016071 1.465371 4.548856 0.05557795 0.7144504 4.527473 0.1337032 1.092569 4.381439 0.1929368 1.418196 4.273243  SA_HookPunch_Close
-0.02762739 0.03065419 4.492133 -0.09426634 0.1203331 4.537311 -0.260144 0.3160899 4.406672 -0.06645446 0.1008595 4.300522 0.04228969 0.1241902 4.515521 0.2829644 0.3417634 4.444152 0.1801471 0.1619577 4.215672 -0.02990137 0.2627791 4.526965 -0.1317491 0.7068132 4.549942 -0.1735288 1.117177 4.529191 -0.1983231 1.463284 4.545593 0.05221917 0.7109613 4.524644 0.1303041 1.092417 4.387539 0.18844 1.416881 4.275327  SA_HookPunch_Close
-0.03243105 0.0274111 4.4973 -0.09714548 0.1172847 4.545883 -0.274803 0.3061615 4.421071 -0.08773498 0.08598709 4.313199 0.03798117 0.1209419 4.516477 0.2761302 0.331735 4.421434 0.1559293 0.1397725 4.212134 -0.03345672 0.2596327 4.530998 -0.1336531 0.7039241 4.556408 -0.1731862 1.114449 4.534468 -0.1958729 1.461009 4.541889 0.04869183 0.7076914 4.521228 0.1267535 1.092336 4.393329 0.18247 1.415725 4.276867  SA_HookPunch_Close
-0.03621213 0.02477455 4.501571 -0.09890889 0.1148551 4.553328 -0.287789 0.2975528 4.436255 -0.1071972 0.07308912 4.326209 0.03438975 0.1184053 4.516502 0.2673187 0.3229343 4.399232 0.1326417 0.1194134 4.210696 -0.03622542 0.2571455 4.534224 -0.1349608 0.7016049 4.562523 -0.1729393 1.112207 4.539326 -0.1943437 1.458927 4.538166 0.04528 0.7051072 4.517774 0.1237684 1.092334 4.398197 0.1763956 1.414989 4.278315  SA_HookPunch_Close
-0.04008446 0.02192879 4.505899 -0.09963916 0.1122533 4.56188 -0.303813 0.2871273 4.4591 -0.1328235 0.057459 4.344545 0.03034468 0.115921 4.514678 0.250697 0.3129023 4.368108 0.1014318 0.09359753 4.210852 -0.03900633 0.254589 4.537283 -0.1360302 0.6991132 4.570673 -0.1723456 1.10971 4.544869 -0.192768 1.456274 4.532599 0.04039212 0.7025098 4.512663 0.120544 1.092623 4.404078 0.1687672 1.415419 4.282731  SA_HookPunch_Close
-0.04218535 0.02049851 4.508296 -0.09899597 0.1109068 4.567396 -0.3138092 0.2803824 4.477417 -0.1511612 0.0469538 4.358403 0.02790143 0.1148396 4.512452 0.2349816 0.3074821 4.345443 0.07873054 0.07736087 4.212273 -0.04034374 0.2533612 4.53898 -0.1361934 0.6978087 4.57682 -0.1721845 1.108237 4.54804 -0.1927365 1.454457 4.52847 0.03670086 0.701341 4.509022 0.1182906 1.092725 4.406236 0.1639877 1.416217 4.285768  SA_HookPunch_Close
-0.04523413 0.0192672 4.511563 -0.09664057 0.1097313 4.575851 -0.3273478 0.2708222 4.511359 -0.1806455 0.03123534 4.384142 0.02372535 0.1142286 4.507814 0.202179 0.3007029 4.309184 0.0408835 0.0543226 4.217614 -0.04201887 0.252442 4.541342 -0.1353395 0.6966584 4.587475 -0.172924 1.106436 4.552204 -0.1956256 1.451715 4.521529 0.03017785 0.7005991 4.503273 0.1144282 1.092941 4.406456 0.1581466 1.418224 4.290147  SA_HookPunch_Close
-0.04764835 0.01990306 4.51377 -0.09160374 0.1102263 4.583784 -0.3362482 0.2632399 4.555551 -0.2101032 0.01918626 4.415433 0.01909353 0.1156387 4.500995 0.1559414 0.297807 4.273092 -0.001687629 0.03692877 4.226188 -0.0426092 0.2533599 4.543126 -0.1319519 0.6970909 4.600115 -0.1765026 1.105231 4.555266 -0.205167 1.449173 4.51582 0.02303453 0.7019037 4.497852 0.1075288 1.093812 4.399508 0.1538296 1.421732 4.29193  SA_HookPunch_Close
-0.04883669 0.02203012 4.514312 -0.08618508 0.1120825 4.588484 -0.335575 0.2622091 4.592364 -0.2286294 0.01647735 4.439766 0.01535131 0.1184087 4.494742 0.1152487 0.2992157 4.250889 -0.03481595 0.0303359 4.233898 -0.04221187 0.2556376 4.543774 -0.1274791 0.6988534 4.60985 -0.1813569 1.104864 4.556681 -0.2162584 1.447844 4.51401 0.01802249 0.7045873 4.494534 0.09929354 1.095536 4.389855 0.1503572 1.425385 4.290659  SA_HookPunch_Close
-0.04947476 0.02709472 4.513004 -0.07750599 0.1165395 4.592063 -0.3226305 0.2692318 4.639635 -0.2468974 0.02557123 4.466425 0.01018657 0.1243733 4.485359 0.05985161 0.3065476 4.231396 -0.07721345 0.03059447 4.244335 -0.04079203 0.2607769 4.543191 -0.1198209 0.7031325 4.621257 -0.1897192 1.105067 4.556935 -0.2323553 1.447177 4.514311 0.01229485 0.7103569 4.490893 0.08538063 1.099952 4.375667 0.145686 1.431879 4.289434  SA_HookPunch_Close
-0.05003081 0.04061973 4.506662 -0.06268059 0.1287283 4.591381 -0.2774478 0.2986974 4.704129 -0.2716913 0.07254684 4.494534 0.0006122161 0.1393859 4.468834 -0.02220671 0.329815 4.222618 -0.1341858 0.04457462 4.257302 -0.03821806 0.2741882 4.53862 -0.1060951 0.7149688 4.634065 -0.2053136 1.107893 4.554436 -0.2559716 1.449481 4.516681 0.004118698 0.7247454 4.484871 0.0630063 1.112869 4.357215 0.1446839 1.445118 4.292508  SA_HookPunch_Close
-0.05046598 0.05365562 4.499933 -0.05269663 0.1408209 4.586551 -0.2319265 0.3280787 4.741079 -0.2914883 0.1315331 4.511015 -0.006529672 0.1534767 4.45676 -0.06926154 0.3527193 4.230184 -0.1679898 0.06230807 4.262096 -0.03660778 0.2871009 4.532847 -0.09623365 0.7267623 4.638555 -0.2172875 1.111989 4.55183 -0.2701345 1.453844 4.519951 -0.001189454 0.7382387 4.479381 0.04893805 1.125417 4.345277 0.1482397 1.455132 4.293554  SA_HookPunch_Close
-0.05046002 0.06245625 4.495145 -0.04680405 0.1491021 4.582128 -0.1993902 0.3478734 4.759469 -0.3047113 0.1790968 4.523822 -0.01039253 0.1628591 4.449379 -0.09189747 0.3681066 4.23882 -0.1870631 0.07584941 4.263991 -0.03547303 0.2958153 4.528392 -0.09035783 0.7348451 4.639266 -0.224924 1.114878 4.549593 -0.2776799 1.457121 4.522013 -0.004102869 0.7472485 4.475231 0.04031428 1.133741 4.337193 0.1507598 1.461022 4.293186  SA_HookPunch_Close
-0.04922895 0.0792408 4.485359 -0.03639207 0.165105 4.572145 -0.1356169 0.3776878 4.785918 -0.3218395 0.2820548 4.55946 -0.01548759 0.1804614 4.436261 -0.1201565 0.3965013 4.258408 -0.2170901 0.1038765 4.267298 -0.0327482 0.3124129 4.518967 -0.08063577 0.750448 4.636904 -0.239026 1.120685 4.545188 -0.2894922 1.463874 4.526531 -0.00840841 0.7642763 4.466336 0.02436121 1.149728 4.322265 0.1540309 1.471481 4.29212  SA_HookPunch_Close
-0.04536502 0.09639871 4.474782 -0.02600388 0.1819292 4.561115 -0.06889401 0.401883 4.799583 -0.3198163 0.4019282 4.620292 -0.01638935 0.1978068 4.424029 -0.1284197 0.4240475 4.277311 -0.2372804 0.1356144 4.26956 -0.02848147 0.3293738 4.50825 -0.07306395 0.7669507 4.629003 -0.2539487 1.12711 4.538776 -0.3002168 1.471307 4.530929 -0.01052968 0.7814268 4.4547 0.009492056 1.166378 4.307 0.1568661 1.481458 4.291087  SA_HookPunch_Close
-0.03893898 0.1094035 4.466058 -0.01742415 0.1950575 4.552518 -0.01954464 0.4159853 4.80166 -0.2961285 0.4921771 4.688507 -0.01168899 0.2103902 4.415153 -0.1170999 0.4425018 4.279911 -0.2398811 0.1600287 4.264478 -0.0231211 0.3422053 4.499078 -0.06992345 0.7798636 4.618271 -0.2644287 1.13351 4.530653 -0.3056089 1.478428 4.533778 -0.00956933 0.7942168 4.443192 0.0007136632 1.179142 4.294429 0.1592063 1.48916 4.290344  SA_HookPunch_Close
0.0004388262 0.1351856 4.445889 0.004898863 0.2215294 4.535171 0.06619175 0.4259756 4.783681 -0.1458086 0.6208155 4.894138 0.03858729 0.2338146 4.401562 0.01611342 0.4438411 4.173106 -0.1375129 0.1764405 4.172555 0.004387097 0.3669127 4.476826 -0.07956015 0.8052923 4.568166 -0.2720149 1.159708 4.479144 -0.2986975 1.502342 4.529781 0.01683922 0.817894 4.409894 0.0001980235 1.197968 4.249674 0.1586318 1.505643 4.288177  SA_HookPunch_Close
0.01694782 0.1356968 4.437652 0.008417921 0.2215068 4.52565 0.06098278 0.4131024 4.776282 -0.1166905 0.6213224 4.918353 0.06162598 0.2350388 4.398674 0.1017738 0.4140348 4.12852 -0.06775115 0.1565739 4.137439 0.01436766 0.3671826 4.468344 -0.08709393 0.8039281 4.547771 -0.2662928 1.166049 4.462153 -0.2898111 1.505639 4.531434 0.03108193 0.8188264 4.405244 0.009396033 1.193988 4.234403 0.1567409 1.505997 4.281177  SA_HookPunch_Close
0.0312825 0.1315079 4.426791 0.009760218 0.2163191 4.511645 0.04021778 0.396734 4.767663 -0.1221441 0.6107907 4.919075 0.08133997 0.2323102 4.394351 0.1958848 0.3810463 4.114313 0.002502577 0.1408339 4.11192 0.02231224 0.3628724 4.457744 -0.09402488 0.7972853 4.527381 -0.2594199 1.168312 4.452826 -0.284887 1.504441 4.536747 0.04330607 0.8157721 4.403688 0.02310248 1.187287 4.224882 0.1555849 1.505377 4.275035  SA_HookPunch_Close
0.04945536 0.1183124 4.407625 0.009510415 0.2011513 4.484388 -0.009247882 0.3689266 4.745167 -0.1739918 0.5799018 4.898322 0.106328 0.2213956 4.387673 0.3279634 0.336764 4.150994 0.1069534 0.1304406 4.090252 0.0319983 0.349403 4.43904 -0.1018318 0.780453 4.493637 -0.2451555 1.164993 4.447139 -0.2814965 1.496332 4.544954 0.05891015 0.8041958 4.403638 0.04848005 1.172909 4.218313 0.1537237 1.501578 4.264665  SA_HookPunch_Close
0.06394036 0.0995239 4.385589 0.00735213 0.1803068 4.449318 -0.07941632 0.3382739 4.701765 -0.2695731 0.5367244 4.841641 0.1260558 0.204373 4.382478 0.417385 0.3123943 4.239318 0.2075287 0.1373876 4.096359 0.03972836 0.3302881 4.417725 -0.1044577 0.7595593 4.455633 -0.2217803 1.155449 4.44662 -0.2749121 1.482858 4.54984 0.07282408 0.7860138 4.40692 0.07890143 1.155143 4.222232 0.1543468 1.493487 4.255089  SA_HookPunch_Close
0.0757391 0.0782342 4.357455 0.005349832 0.1579345 4.401373 -0.1690055 0.3042938 4.616273 -0.4005397 0.4877737 4.704786 0.1394506 0.1830246 4.378466 0.4462443 0.3062984 4.358979 0.2983219 0.1468799 4.140326 0.04694434 0.3087047 4.392483 -0.09754263 0.7392332 4.414927 -0.185934 1.140677 4.454984 -0.2524811 1.467063 4.553562 0.08664764 0.7629074 4.418802 0.1142071 1.131961 4.235928 0.1602832 1.477084 4.239823  SA_HookPunch_Close
0.08387502 0.0614748 4.326368 0.008092837 0.1432283 4.350645 -0.2433719 0.2765701 4.498975 -0.5000658 0.4469595 4.485442 0.1434385 0.1622498 4.372022 0.4125036 0.307759 4.455091 0.3528062 0.1508322 4.196412 0.05508127 0.2915952 4.368536 -0.0794441 0.725951 4.38743 -0.1553415 1.123036 4.471915 -0.221218 1.449031 4.572223 0.0984561 0.740323 4.438874 0.1441662 1.110088 4.261145 0.1720981 1.455976 4.232348  SA_HookPunch_Close
0.1000078 0.04571223 4.287063 0.02663632 0.1331786 4.293374 -0.2928281 0.2498635 4.294598 -0.4932874 0.3727674 4.095053 0.1477897 0.1361598 4.360084 0.3418057 0.3144256 4.522326 0.3805366 0.1581409 4.259306 0.07403268 0.2735032 4.344397 -0.04626117 0.7116104 4.373012 -0.1388105 1.096491 4.490808 -0.2097061 1.420039 4.59552 0.1130318 0.7107726 4.468545 0.17357 1.086986 4.309794 0.1986619 1.426568 4.236974  SA_HookPunch_Close
0.116726 0.03629351 4.264252 0.04494955 0.1262913 4.26667 -0.2375031 0.2297479 4.079813 -0.2530311 0.2664909 3.774009 0.1529327 0.1164513 4.352577 0.3046864 0.3181334 4.535907 0.3685971 0.1654823 4.275681 0.09064282 0.2592369 4.335795 -0.02301459 0.6980029 4.375255 -0.1212592 1.085041 4.480728 -0.207129 1.404802 4.58586 0.1254183 0.6887376 4.486535 0.1868264 1.073333 4.349719 0.2210435 1.405437 4.250805  SA_HookPunch_Close
0.1253683 0.03785658 4.249786 0.05155082 0.1269362 4.250258 -0.07620113 0.2042764 3.94493 0.1099323 0.1934012 3.699281 0.151106 0.1120832 4.345155 0.3070945 0.2981005 4.536786 0.3423158 0.166186 4.260268 0.09382911 0.2567887 4.327015 -0.01471279 0.6968799 4.367548 -0.1110176 1.087523 4.46081 -0.1985808 1.409769 4.55654 0.1274659 0.6832269 4.486293 0.1949465 1.070341 4.359831 0.2373202 1.401124 4.259655  SA_HookPunch_Close
0.1326676 0.04162717 4.241771 0.06199296 0.1310439 4.237707 -0.01207988 0.2138188 3.927097 0.2241134 0.1853421 3.730859 0.1525958 0.1151161 4.341025 0.3061762 0.2902821 4.53942 0.3375295 0.1560221 4.263566 0.09773143 0.2601935 4.318848 -0.01046638 0.7010345 4.353874 -0.106916 1.091079 4.449464 -0.1949826 1.41298 4.54589 0.1214256 0.6850377 4.483682 0.1954316 1.069322 4.352333 0.2370837 1.401031 4.25496  SA_HookPunch_Close
0.1399992 0.04474258 4.238356 0.07239504 0.1343465 4.231092 0.01502223 0.2261672 3.921697 0.2602119 0.1822419 3.739873 0.1560672 0.1182899 4.340081 0.3030996 0.2913557 4.542911 0.3405529 0.1503665 4.271206 0.102622 0.2633632 4.31465 -0.006912811 0.7043467 4.343673 -0.1053503 1.092943 4.44306 -0.1958177 1.413307 4.54234 0.1162908 0.6877772 4.481687 0.1961921 1.068784 4.344381 0.2370655 1.400815 4.247773  SA_HookPunch_Close
0.1512561 0.04824591 4.239143 0.08581497 0.1373094 4.228581 0.02923121 0.2422431 3.918614 0.2637601 0.1858468 3.72646 0.1631273 0.1226948 4.342364 0.2998085 0.2989608 4.550529 0.3533691 0.151598 4.284974 0.1100512 0.2671281 4.312846 -0.002536936 0.7078528 4.331274 -0.1061024 1.093814 4.435594 -0.2031249 1.410733 4.539628 0.1113956 0.6928902 4.477209 0.198839 1.06962 4.332878 0.2367716 1.402892 4.239394  SA_HookPunch_Close
0.1684079 0.0536648 4.244894 0.1025884 0.1410106 4.230656 0.03591092 0.2578684 3.91663 0.2538881 0.1936709 3.70813 0.175262 0.1299407 4.347845 0.2977255 0.3136773 4.56343 0.3784462 0.1692387 4.303188 0.1216344 0.2729579 4.312923 0.005379276 0.7131959 4.316086 -0.1111621 1.094253 4.42466 -0.2226778 1.404896 4.533005 0.1111544 0.7018658 4.468352 0.2075476 1.073287 4.316173 0.2377748 1.40944 4.230527  SA_HookPunch_Close
0.1811645 0.05619323 4.250185 0.1131113 0.1419812 4.234986 0.03665568 0.2608495 3.919047 0.2576862 0.1892253 3.716259 0.1865986 0.1335858 4.351889 0.3008532 0.3271729 4.565376 0.395301 0.1837745 4.30921 0.1318476 0.2755803 4.314616 0.01225616 0.7151283 4.311042 -0.1175543 1.092087 4.418867 -0.2412262 1.39834 4.526516 0.1191694 0.7068078 4.462706 0.2159308 1.077519 4.309037 0.2396295 1.415832 4.230103  SA_HookPunch_Close
0.1845425 0.05593097 4.251646 0.1158354 0.14127 4.236704 0.03667023 0.2603881 3.921256 0.2603749 0.1848387 3.722872 0.1902239 0.1335489 4.353083 0.3034565 0.3304189 4.563638 0.3988383 0.1850892 4.308911 0.1348507 0.2752522 4.315622 0.0136853 0.7143885 4.311262 -0.1192432 1.090496 4.418256 -0.2446861 1.396363 4.524951 0.1221234 0.7070698 4.461891 0.2168487 1.078507 4.308709 0.2394231 1.417054 4.23045  SA_HookPunch_Close
0.1892761 0.05538213 4.253826 0.1196637 0.1400508 4.239577 0.03636958 0.2595739 3.925512 0.2638046 0.1765996 3.734472 0.1957124 0.133315 4.354939 0.3084157 0.334983 4.559978 0.4033984 0.1857461 4.307369 0.1392024 0.2745633 4.317458 0.01531358 0.7129406 4.312455 -0.1214158 1.088076 4.418064 -0.2479852 1.394093 4.522982 0.1264933 0.7072356 4.461143 0.2169326 1.080253 4.309214 0.2383942 1.418887 4.23102  SA_HookPunch_Close
0.1956297 0.05374682 4.258251 0.1246129 0.137351 4.245637 0.03148021 0.2594891 3.936347 0.2629047 0.1616709 3.757512 0.204588 0.1327379 4.35842 0.3213293 0.3403802 4.5541 0.4100184 0.1868076 4.301802 0.1453339 0.2729517 4.321293 0.01603414 0.7097593 4.315876 -0.1236374 1.084318 4.419668 -0.2469063 1.392916 4.520891 0.1325605 0.7070764 4.4605 0.2125616 1.08461 4.313969 0.2340879 1.423057 4.234987  SA_HookPunch_Close
0.198768 0.05232942 4.262096 0.1265686 0.1351777 4.250819 0.02529432 0.260479 3.946537 0.2586381 0.151619 3.776809 0.2101923 0.1325611 4.36099 0.333126 0.3433115 4.550695 0.4142848 0.1900941 4.295661 0.1483456 0.2717794 4.324348 0.01459326 0.7072902 4.31914 -0.1244398 1.082197 4.42253 -0.2428253 1.393502 4.52126 0.1355783 0.7069575 4.46008 0.2091614 1.087139 4.317073 0.2322776 1.4249 4.235642  SA_HookPunch_Close
0.2014883 0.05099928 4.266239 0.1278024 0.1329665 4.256535 0.01880367 0.2624893 3.958539 0.2535485 0.1434385 3.797824 0.2155694 0.1326476 4.363465 0.3456603 0.3466991 4.54643 0.4184274 0.1950787 4.287933 0.1506882 0.2706835 4.327605 0.01200594 0.7047301 4.323047 -0.125281 1.080368 4.426116 -0.2382002 1.394549 4.5221 0.1378879 0.7069339 4.459613 0.2073578 1.088534 4.318337 0.2308472 1.426044 4.235979  SA_HookPunch_Close
0.2041816 0.04965007 4.270885 0.1286659 0.1305324 4.263191 0.01200886 0.265964 3.973534 0.2473627 0.136232 3.822253 0.2212531 0.132948 4.365948 0.3595875 0.3509046 4.540449 0.4224661 0.2016947 4.277985 0.1527409 0.2695332 4.331308 0.008341806 0.7018256 4.327978 -0.1262272 1.078604 4.430466 -0.232945 1.396003 4.522894 0.1398288 0.7069454 4.459075 0.206333 1.089406 4.318702 0.2295653 1.427012 4.236665  SA_HookPunch_Close
0.2063437 0.04850745 4.274912 0.1290035 0.1282561 4.269434 0.006845431 0.2704498 3.988879 0.2423927 0.132574 3.845299 0.2261508 0.1332939 4.367792 0.3716434 0.35541 4.533059 0.4254162 0.2083559 4.267375 0.1541088 0.2684386 4.334698 0.004305916 0.6990104 4.333057 -0.1271791 1.077211 4.434304 -0.2284382 1.397503 4.52281 0.141045 0.7068796 4.458524 0.2055418 1.090172 4.31949 0.228098 1.428297 4.239424  SA_HookPunch_Close
0.2080789 0.04763877 4.278668 0.1291628 0.1263354 4.275455 0.002558725 0.2738992 4.003509 0.2381444 0.1291708 3.866905 0.2304028 0.1337622 4.369436 0.3819118 0.359699 4.525327 0.4272098 0.2144517 4.257082 0.1551729 0.2675692 4.338043 0.000486808 0.6965115 4.338334 -0.1280379 1.0762 4.437797 -0.2247886 1.398996 4.522152 0.1419567 0.7069288 4.458247 0.2044065 1.090836 4.319976 0.2262219 1.429327 4.241261  SA_HookPunch_Close
0.2100544 0.046332 4.285126 0.128738 0.1232468 4.286468 -0.003767414 0.2829096 4.032614 0.2292021 0.125984 3.905307 0.236908 0.1346984 4.371939 0.3977464 0.3668648 4.509498 0.427669 0.2246703 4.237487 0.1563447 0.266204 4.344276 -0.006394072 0.6922874 4.349154 -0.1292115 1.075013 4.444083 -0.2191067 1.401789 4.520309 0.1431447 0.7070662 4.458339 0.2020035 1.091802 4.320797 0.2224568 1.43085 4.244143  SA_HookPunch_Close
0.2101925 0.04549873 4.290681 0.1273704 0.121104 4.296224 -0.008465273 0.2910603 4.059087 0.2203796 0.1237919 3.937601 0.2409215 0.1356781 4.373883 0.4084288 0.3720347 4.494739 0.4249125 0.232216 4.220361 0.1563518 0.2653836 4.349928 -0.01223616 0.6892238 4.359608 -0.1297358 1.074876 4.449278 -0.2148371 1.40452 4.518319 0.1436523 0.7074353 4.458949 0.2002415 1.092571 4.321576 0.2197884 1.432156 4.247093  SA_HookPunch_Close
0.2058781 0.04472172 4.299335 0.1214541 0.1189207 4.311531 -0.01727073 0.3027794 4.101027 0.2028336 0.1218343 3.983042 0.242221 0.1373371 4.376442 0.4198885 0.3781433 4.470665 0.4143114 0.2391932 4.195408 0.1529227 0.2648834 4.358917 -0.02109746 0.6864098 4.377297 -0.1300068 1.076649 4.457464 -0.2083647 1.410117 4.515196 0.1434313 0.708613 4.460597 0.198984 1.093455 4.321983 0.2182166 1.433926 4.251572  SA_HookPunch_Close
0.2002055 0.04484499 4.305408 0.115067 0.1184783 4.322288 -0.02575759 0.3078073 4.128071 0.188207 0.1182905 4.012269 0.2400559 0.1388327 4.377972 0.425058 0.3817987 4.453175 0.4035312 0.2415289 4.179377 0.1485234 0.2653617 4.365261 -0.02667777 0.6861905 4.390215 -0.1314726 1.078749 4.464316 -0.2068729 1.414071 4.514793 0.1429656 0.7101557 4.461967 0.1991792 1.094175 4.321352 0.2188442 1.435285 4.254232  SA_HookPunch_Close
0.1946511 0.04524708 4.309948 0.1092364 0.1187018 4.330261 -0.03271721 0.3115578 4.147855 0.1765334 0.1165154 4.032615 0.2369077 0.1400642 4.379056 0.4273187 0.384078 4.440153 0.3940539 0.2422433 4.168342 0.1443082 0.2661278 4.369963 -0.03046112 0.686903 4.399801 -0.1330106 1.080701 4.470379 -0.2070686 1.416913 4.516758 0.1424577 0.7116728 4.462944 0.1994414 1.094837 4.320321 0.2195086 1.436483 4.256107  SA_HookPunch_Close
0.188055 0.04579771 4.314691 0.1026473 0.1193545 4.338133 -0.04087726 0.3144981 4.165643 0.1651911 0.1158 4.050915 0.2325239 0.1412755 4.380427 0.4280494 0.385697 4.429027 0.3844115 0.2428472 4.159223 0.139436 0.2671765 4.374684 -0.03384398 0.6882914 4.408871 -0.134843 1.083026 4.476389 -0.208348 1.419701 4.520215 0.141798 0.7134592 4.463808 0.1995943 1.095716 4.31909 0.2202271 1.437888 4.257932  SA_HookPunch_Close
0.1805855 0.04666698 4.320047 0.09537114 0.1204566 4.346691 -0.04978875 0.3172921 4.183766 0.1535115 0.1154292 4.069626 0.2272095 0.1427718 4.382158 0.4276589 0.3872819 4.41813 0.3739283 0.2437726 4.150506 0.1339139 0.268629 4.379859 -0.03730122 0.6902601 4.418335 -0.1368864 1.085854 4.482855 -0.2099506 1.4229 4.524513 0.1407859 0.7156829 4.464597 0.1994782 1.096918 4.317564 0.2210214 1.439558 4.259412  SA_HookPunch_Close
0.1722504 0.0473181 4.326022 0.08741672 0.12151 4.355745 -0.05990199 0.3191692 4.201286 0.1418047 0.1155497 4.08744 0.2208815 0.1439992 4.384357 0.4260204 0.3882109 4.408581 0.3633285 0.2448297 4.142845 0.1277057 0.2699617 4.385404 -0.04089014 0.6922886 4.42781 -0.1389624 1.08869 4.489635 -0.2113955 1.426073 4.529634 0.1392446 0.7178059 4.465251 0.1988818 1.098015 4.315959 0.2217714 1.441016 4.260519  SA_HookPunch_Close
0.1640805 0.04763567 4.332002 0.07967563 0.1222789 4.364444 -0.07044141 0.3196692 4.216596 0.1307323 0.1157407 4.10236 0.2143294 0.1448261 4.386743 0.4234276 0.3887137 4.401207 0.3538179 0.2459037 4.136889 0.1214492 0.2709463 4.390783 -0.04457889 0.6939395 4.436516 -0.1408513 1.091104 4.496236 -0.2121609 1.428999 4.533868 0.1370439 0.7194976 4.465867 0.1975659 1.098925 4.314952 0.2221986 1.442151 4.261684  SA_HookPunch_Close
0.1500335 0.04774857 4.342689 0.06649067 0.1232495 4.37941 -0.08886616 0.3191444 4.240983 0.1119789 0.1157708 4.12519 0.202469 0.1456728 4.391424 0.4174387 0.3889432 4.391148 0.3382178 0.2470846 4.129032 0.1104332 0.2721708 4.400202 -0.05112318 0.6963286 4.45082 -0.143915 1.094738 4.50769 -0.2128916 1.433677 4.539886 0.1321423 0.7217588 4.46721 0.19397 1.100019 4.313912 0.2222921 1.443333 4.263112  SA_HookPunch_Close
0.1380282 0.04755473 4.352236 0.05533345 0.1238406 4.39215 -0.1047258 0.3178872 4.260056 0.09589733 0.1155663 4.142055 0.1918344 0.1459302 4.396248 0.4110163 0.3886496 4.385394 0.3256967 0.2469817 4.125096 0.1007942 0.2728541 4.408553 -0.05701534 0.6980194 4.462453 -0.1462183 1.097424 4.518075 -0.2128357 1.437368 4.544037 0.1269056 0.7231222 4.46912 0.1889457 1.100679 4.314182 0.2207554 1.44375 4.263806  SA_HookPunch_Close
0.1248205 0.0471518 4.363143 0.04320433 0.1243045 4.406068 -0.1221024 0.3162982 4.279793 0.07785602 0.1153646 4.158344 0.1798202 0.1457968 4.402685 0.4025398 0.3879547 4.381829 0.3124109 0.2450173 4.123857 0.09007652 0.2732871 4.418231 -0.06376211 0.6995658 4.474824 -0.1478336 1.100057 4.530624 -0.2111574 1.441164 4.54823 0.120341 0.7240991 4.472435 0.180414 1.101389 4.31608 0.2155894 1.443861 4.263894  SA_HookPunch_Close
0.1127601 0.04662848 4.373505 0.03223415 0.1245685 4.418711 -0.1378297 0.3150134 4.29722 0.0608963 0.1153809 4.171671 0.1687188 0.145286 4.409767 0.3931511 0.3872145 4.380947 0.3004919 0.2411517 4.125635 0.08030351 0.2733988 4.427635 -0.06995247 0.700738 4.485841 -0.1487376 1.102391 4.541003 -0.2085661 1.444431 4.551166 0.1140346 0.7245518 4.47672 0.1697596 1.102185 4.319585 0.2068911 1.443837 4.26352  SA_HookPunch_Close
0.103337 0.04610384 4.382032 0.02366401 0.1246874 4.428661 -0.1497539 0.3143243 4.310521 0.04768713 0.1155127 4.181685 0.1599963 0.1446136 4.416264 0.3845598 0.3867064 4.382049 0.2916035 0.2367721 4.1291 0.07271512 0.2733091 4.435469 -0.0746222 0.7015717 4.49426 -0.150994 1.104316 4.544646 -0.2092925 1.446699 4.551687 0.1092041 0.7246391 4.480944 0.1605241 1.102882 4.323775 0.1984869 1.443744 4.26361  SA_HookPunch_Close
0.09030469 0.04513252 4.394014 0.01166661 0.1247222 4.441888 -0.1649037 0.3145721 4.327563 0.03101047 0.1165894 4.195169 0.1478326 0.1433084 4.426056 0.3701318 0.3868086 4.386567 0.2802943 0.2304411 4.136402 0.06219323 0.2729383 4.446338 -0.08085065 0.7026427 4.504755 -0.1553226 1.106849 4.545323 -0.2119026 1.449526 4.552042 0.1027952 0.7244053 4.487373 0.1484127 1.103794 4.331211 0.1865392 1.443571 4.265287  SA_HookPunch_Close
0.07492311 0.04365313 4.408978 -0.002662225 0.124611 4.457071 -0.1797992 0.3178192 4.346037 0.01488503 0.1204056 4.211005 0.1333895 0.1416553 4.438722 0.3505087 0.3883315 4.396649 0.2680043 0.2267928 4.147244 0.04940083 0.2723476 4.459089 -0.0891351 0.7037483 4.514703 -0.1610925 1.109324 4.544789 -0.2145682 1.452426 4.554554 0.09443952 0.7239858 4.494895 0.1400402 1.103929 4.340083 0.1799619 1.441945 4.266601  SA_HookPunch_Close
0.06481375 0.04256523 4.420383 -0.01207797 0.1245304 4.467783 -0.187145 0.3223374 4.358476 0.006597536 0.1250371 4.221933 0.1240084 0.140608 4.448829 0.3371905 0.3899792 4.407734 0.2602468 0.2285786 4.15647 0.04086711 0.2719659 4.468374 -0.095367 0.7044462 4.520025 -0.1659574 1.1107 4.543462 -0.2173504 1.454035 4.555865 0.08832528 0.7237805 4.500407 0.1372544 1.103393 4.345799 0.1790787 1.439856 4.266479  SA_HookPunch_Close
0.05777629 0.04187977 4.428995 -0.01862822 0.1246246 4.475371 -0.1906421 0.3267972 4.366959 0.002505796 0.1296641 4.229336 0.1176123 0.1399368 4.456897 0.3285564 0.3912827 4.418568 0.2551564 0.2327241 4.16445 0.03501769 0.2718077 4.47527 -0.09976523 0.7050921 4.522851 -0.1700179 1.111638 4.54181 -0.2202863 1.45502 4.557165 0.08415104 0.7237325 4.504715 0.1363481 1.1027 4.349595 0.1798225 1.437937 4.266083  SA_HookPunch_Close
0.05073519 0.04141986 4.437851 -0.02528159 0.125056 4.482574 -0.1926717 0.3321245 4.374265 0.0008268525 0.1356612 4.236178 0.1112811 0.1393807 4.465759 0.3213552 0.3924576 4.43297 0.2515341 0.2397499 4.174301 0.02931597 0.2718885 4.482275 -0.1037027 0.7061517 4.524652 -0.1743274 1.112813 4.539257 -0.2238993 1.456084 4.558805 0.0805784 0.7238193 4.50949 0.1358838 1.101791 4.353023 0.1809742 1.43589 4.265887  SA_HookPunch_Close
0.04189082 0.04159236 4.448164 -0.03382359 0.1264312 4.490046 -0.1934156 0.3391163 4.379393 0.003048914 0.1438165 4.243867 0.1033152 0.1391765 4.477093 0.3154515 0.3927724 4.455037 0.2507332 0.2506778 4.189095 0.02235599 0.2726656 4.490346 -0.1075893 0.7084281 4.52537 -0.1777726 1.115329 4.534347 -0.2258157 1.458395 4.56026 0.07721545 0.7243674 4.51564 0.1360275 1.10046 4.355956 0.1829475 1.433441 4.265569  SA_HookPunch_Close
0.03416534 0.04268038 4.455118 -0.04116778 0.1284345 4.494516 -0.1938971 0.344574 4.379598 0.007162647 0.1503927 4.249305 0.09643759 0.1396726 4.485815 0.311271 0.3928214 4.474571 0.2528755 0.2592658 4.202805 0.01653578 0.2740675 4.495967 -0.1101308 0.7111791 4.525261 -0.1786761 1.118441 4.529064 -0.2249228 1.461309 4.560308 0.07501157 0.7253891 4.520581 0.1379612 1.099312 4.357417 0.1869335 1.431416 4.264917  SA_HookPunch_Close
0.02294083 0.04495275 4.46175 -0.05160133 0.1318349 4.498436 -0.1953227 0.3516039 4.376199 0.01105519 0.1571285 4.254976 0.08639474 0.140921 4.495003 0.3047558 0.3922937 4.496374 0.2559653 0.2642897 4.220079 0.008257346 0.2765673 4.501635 -0.1129387 0.7155601 4.525495 -0.1783045 1.123349 4.522274 -0.2221554 1.465961 4.559262 0.0724463 0.7271075 4.526277 0.1426292 1.098385 4.360052 0.1953274 1.42935 4.265538  SA_HookPunch_Close
0.01639278 0.04582083 4.464692 -0.05762021 0.1333268 4.500285 -0.1968394 0.3547823 4.374215 0.01129545 0.1593959 4.257547 0.08048822 0.1411877 4.499045 0.3009938 0.3909009 4.50557 0.2567959 0.2635339 4.22821 0.003459768 0.2775297 4.504224 -0.1143071 0.7175787 4.526031 -0.1775867 1.125651 4.519155 -0.2200529 1.468166 4.558574 0.07115038 0.727544 4.528816 0.1450445 1.097808 4.361939 0.1997605 1.428222 4.266648  SA_HookPunch_Close
0.01090981 0.04627645 4.466831 -0.06266068 0.1342841 4.501915 -0.1994636 0.3564413 4.373151 0.009276526 0.1601864 4.259049 0.07550569 0.1411587 4.501698 0.2981413 0.3889412 4.5105 0.2566038 0.2603093 4.233313 -0.0005841683 0.2780534 4.506118 -0.1154021 0.7189506 4.526853 -0.1766367 1.127278 4.517156 -0.2177356 1.469799 4.557951 0.0701098 0.7276118 4.530297 0.1463287 1.097612 4.363883 0.2024006 1.427708 4.268276  SA_HookPunch_Close
