-0.0111063 0.04955614 12.4984 -0.07766221 0.1420635 12.53574 -0.213819 0.361618 12.40188 -0.03916393 0.1275629 12.30278 0.06062885 0.1387728 12.53432 0.341184 0.3130859 12.45846 0.2420103 0.1322926 12.22915 -0.005138857 0.2807903 12.54174 -0.08703481 0.728498 12.57112 -0.1502734 1.136115 12.59171 -0.1983908 1.474847 12.65187 0.09863754 0.7234629 12.57252 0.1763226 1.097103 12.41517 0.2331914 1.427564 12.32131  A_Kick_Far
-0.01171671 0.04727232 12.50056 -0.07732199 0.139901 12.53912 -0.2222564 0.3597392 12.40962 -0.04019092 0.1339833 12.30476 0.06088545 0.1368358 12.53397 0.3426008 0.3092626 12.45296 0.2430002 0.1440572 12.21235 -0.004916413 0.27878 12.54241 -0.08634643 0.7266331 12.57181 -0.1503466 1.134131 12.59241 -0.1985468 1.473505 12.64876 0.09930857 0.7215553 12.56898 0.1757986 1.096974 12.41531 0.2323489 1.428184 12.32394  A_Kick_Far
-0.01222561 0.04531276 12.50279 -0.07694255 0.1380574 12.54244 -0.2296945 0.3580807 12.41727 -0.04144798 0.140231 12.30676 0.06110098 0.1351804 12.53389 0.3437527 0.3058307 12.44815 0.2440927 0.155286 12.19814 -0.004708691 0.2770621 12.54328 -0.08571677 0.7250472 12.57267 -0.1504013 1.132434 12.59331 -0.1987077 1.472347 12.64623 0.09983845 0.7199158 12.566 0.1753296 1.096195 12.41395 0.2316603 1.427641 12.32329  A_Kick_Far
-0.01172046 0.04194248 12.50506 -0.07488386 0.1346784 12.5469 -0.2410116 0.3550457 12.43097 -0.04265557 0.1542861 12.30664 0.06266399 0.1323026 12.53234 0.3455206 0.3007066 12.43748 0.2458099 0.1762669 12.17351 -0.003276391 0.2739739 12.54376 -0.08373849 0.722173 12.5738 -0.1485759 1.129516 12.59483 -0.1964972 1.470485 12.64085 0.1014523 0.7168838 12.56046 0.1747245 1.095025 12.41199 0.230215 1.427188 12.32346  A_Kick_Far
-0.01042263 0.03828382 12.50668 -0.07179789 0.1309136 12.55104 -0.251906 0.3514814 12.44691 -0.04491047 0.1721905 12.30508 0.06489392 0.129156 12.52984 0.346959 0.295471 12.42451 0.2478389 0.2005169 12.14835 -0.00116734 0.2705507 12.54372 -0.08110259 0.718979 12.57479 -0.1455626 1.126353 12.59637 -0.1926285 1.468433 12.63432 0.1034135 0.7134671 12.55417 0.1743254 1.093719 12.41001 0.2288942 1.426758 12.32425  A_Kick_Far
-0.008160038 0.03472877 12.50724 -0.06770031 0.1271265 12.55422 -0.260885 0.3475739 12.4633 -0.04854123 0.1922052 12.30244 0.06783147 0.1260701 12.52652 0.3482297 0.2908217 12.41087 0.2506348 0.2257211 12.12566 0.001689212 0.2671351 12.54311 -0.0777856 0.7157918 12.57562 -0.1422927 1.123241 12.5956 -0.1888509 1.466087 12.62662 0.1057834 0.7099938 12.54787 0.173831 1.0924 12.40809 0.2270077 1.426319 12.32491  A_Kick_Far
-0.004598839 0.03011775 12.50731 -0.06154923 0.1221554 12.55773 -0.2704653 0.3419456 12.48618 -0.05640809 0.2208512 12.30011 0.07198133 0.1220496 12.52158 0.3493007 0.2849246 12.39236 0.2558787 0.2593787 12.09957 0.005902069 0.262656 12.5419 -0.0729398 0.7116171 12.57651 -0.1380721 1.119113 12.59322 -0.1845806 1.462633 12.6157 0.1089626 0.7053875 12.53944 0.1734167 1.090517 12.40555 0.2247943 1.425526 12.3257  A_Kick_Far
-8.265483E-05 0.0252949 12.50646 -0.05401019 0.1168822 12.56056 -0.2770393 0.3356241 12.51179 -0.06858186 0.2530656 12.30005 0.07681717 0.1177641 12.5156 0.3502384 0.2787398 12.37259 0.2645546 0.2950524 12.07679 0.01113744 0.2578804 12.54016 -0.06668483 0.7072183 12.5774 -0.1373163 1.114131 12.58017 -0.1878586 1.457291 12.59916 0.1128981 0.700349 12.53045 0.1729353 1.088552 12.40357 0.2216588 1.424721 12.327  A_Kick_Far
0.003976004 0.02140987 12.5053 -0.04719762 0.1126095 12.56238 -0.2800375 0.3300802 12.53422 -0.08141796 0.2811059 12.30344 0.0809048 0.1142994 12.51019 0.3505019 0.2736071 12.3558 0.2746269 0.3235072 12.06108 0.01581837 0.2540081 12.53838 -0.06097744 0.7036794 12.5779 -0.1388753 1.109113 12.56649 -0.1933146 1.451728 12.58453 0.1162301 0.6962053 12.52273 0.1729212 1.08688 12.40205 0.2194727 1.423967 12.32821  A_Kick_Far
0.008175211 0.01756573 12.50357 -0.03993223 0.1083965 12.56361 -0.280223 0.3245468 12.5573 -0.09568368 0.3085988 12.31073 0.08499248 0.1107816 12.50423 0.3508384 0.2682425 12.33927 0.2882313 0.3505222 12.04873 0.02088924 0.2501341 12.53618 -0.05430059 0.700235 12.57807 -0.1420731 1.102852 12.55031 -0.1989687 1.444959 12.57029 0.1200518 0.6919166 12.51456 0.1729315 1.085255 12.40101 0.2164965 1.423285 12.3297  A_Kick_Far
0.01352479 0.01293719 12.50078 -0.03030817 0.1033177 12.5644 -0.2767649 0.3175195 12.58725 -0.114743 0.342961 12.32608 0.0899417 0.1064924 12.49609 0.3507527 0.2613132 12.31829 0.3103602 0.3804673 12.03673 0.02756544 0.2454355 12.53288 -0.04507218 0.6961533 12.57773 -0.1487641 1.092913 12.5287 -0.2045995 1.434964 12.5523 0.124982 0.6865694 12.50363 0.1734265 1.083216 12.40005 0.2128346 1.422431 12.33202  A_Kick_Far
0.01805552 0.007788777 12.49715 -0.02035747 0.09781063 12.56446 -0.2688409 0.3100246 12.62002 -0.135105 0.375568 12.34997 0.09396012 0.1013876 12.48664 0.351703 0.2529109 12.29898 0.3440578 0.4064603 12.03165 0.03450771 0.2401181 12.5287 -0.0338621 0.6917107 12.5766 -0.1522905 1.080933 12.5055 -0.1943204 1.424689 12.53268 0.1304294 0.6802454 12.4907 0.173825 1.080743 12.40058 0.206864 1.42135 12.33622  A_Kick_Far
0.02084418 0.00429213 12.49445 -0.01332144 0.09408867 12.56416 -0.2603858 0.3047142 12.64364 -0.1481597 0.3973317 12.37173 0.09621032 0.09782314 12.47974 0.3522509 0.2464384 12.28605 0.3723255 0.4187443 12.03107 0.03933849 0.2364687 12.52549 -0.02547209 0.6887406 12.57537 -0.1550118 1.071369 12.48941 -0.1814464 1.416743 12.51571 0.134034 0.6757697 12.48108 0.1747697 1.078789 12.40158 0.2029068 1.420407 12.34032  A_Kick_Far
0.02104528 -0.003663778 12.49109 -0.003157718 0.08641589 12.56452 -0.2421261 0.2943044 12.68603 -0.1746537 0.4257007 12.41531 0.0960523 0.08835864 12.46813 0.3610612 0.2271485 12.27935 0.4464931 0.4239348 12.05781 0.04697241 0.2279177 12.51974 -0.007093353 0.6820827 12.57051 -0.137473 1.058936 12.46301 -0.1157324 1.405373 12.47654 0.1399844 0.6647444 12.4584 0.1722247 1.071363 12.39496 0.1919436 1.415453 12.34534  A_Kick_Far
0.01585444 -0.007963777 12.49249 -0.002915962 0.0830369 12.56672 -0.2368781 0.2922114 12.69968 -0.1942816 0.4288641 12.42651 0.09193154 0.08187079 12.46602 0.3687823 0.2122692 12.29347 0.4841536 0.4174199 12.0942 0.04855831 0.2229508 12.5186 0.003485398 0.678584 12.56609 -0.1135099 1.058783 12.45502 -0.07292323 1.403782 12.45662 0.1427516 0.6574469 12.44501 0.1668751 1.06442 12.38025 0.1892177 1.409572 12.34002  A_Kick_Far
0.007781224 -0.01204097 12.49647 -0.004569156 0.08032942 12.57092 -0.2342725 0.2909021 12.71283 -0.2246944 0.4275678 12.43654 0.08574779 0.07440162 12.4663 0.3758483 0.192196 12.31976 0.5217382 0.4054588 12.15142 0.04990091 0.2176297 12.51874 0.01759525 0.6750457 12.56008 -0.08283393 1.058278 12.44337 -0.02884476 1.401055 12.42716 0.146887 0.6483823 12.42941 0.1600521 1.055093 12.36001 0.1898087 1.400709 12.32981  A_Kick_Far
-0.006683452 -0.01400054 12.50436 -0.01308279 0.0804404 12.57794 -0.2402365 0.2968597 12.71525 -0.2675595 0.4132698 12.43098 0.07499804 0.06721747 12.47209 0.3775872 0.1661121 12.35923 0.5441256 0.3830478 12.21672 0.04823377 0.2133039 12.522 0.03474827 0.6725297 12.55244 -0.04518728 1.060432 12.43532 0.006260769 1.402423 12.40263 0.1539893 0.6376591 12.41436 0.1525253 1.042118 12.33181 0.1941471 1.386989 12.30774  A_Kick_Far
-0.0251302 -0.01190305 12.51415 -0.02599691 0.0846045 12.58647 -0.2509695 0.308042 12.71443 -0.3154982 0.3947529 12.42559 0.06102009 0.06312132 12.4811 0.3706139 0.1422 12.39994 0.5514928 0.3596354 12.27702 0.04424961 0.2117395 12.52779 0.05506732 0.6717976 12.54528 -0.009470386 1.062243 12.42712 0.03253074 1.403682 12.37886 0.1652796 0.6268389 12.40269 0.1431495 1.024894 12.29561 0.2026571 1.367417 12.27599  A_Kick_Far
-0.04392276 -0.006592155 12.52332 -0.03993134 0.09171009 12.59429 -0.2626994 0.322106 12.71057 -0.3605077 0.3760966 12.42312 0.04652758 0.06210101 12.49044 0.3586058 0.1228371 12.43676 0.5495653 0.3386289 12.32688 0.03947325 0.2124783 12.53387 0.07563855 0.6716592 12.53853 0.02254303 1.063765 12.42017 0.05268528 1.404329 12.35868 0.1779608 0.6167315 12.39356 0.1320664 1.004739 12.26035 0.2094786 1.343937 12.2462  A_Kick_Far
-0.08042239 0.01244712 12.53632 -0.0688595 0.1128398 12.60555 -0.2847987 0.3541815 12.70981 -0.4286896 0.3634633 12.4372 0.01663305 0.07037306 12.50543 0.3313168 0.1023859 12.47616 0.539434 0.3043938 12.37136 0.02626886 0.2216413 12.54511 0.1134766 0.6741756 12.52874 0.05770864 1.066523 12.41243 0.06638022 1.406059 12.33953 0.2058662 0.6004611 12.38545 0.1248678 0.9572765 12.19433 0.2399052 1.285897 12.18954  A_Kick_Far
-0.1005621 0.02970576 12.54376 -0.08436058 0.1308484 12.61224 -0.2934451 0.3794426 12.71381 -0.4588238 0.3699919 12.45368 -0.0002607535 0.08118832 12.51427 0.3159306 0.09633863 12.49196 0.5347618 0.2858797 12.3857 0.01949294 0.2318245 12.55258 0.1398482 0.6765221 12.52386 0.07639368 1.068371 12.40983 0.07093193 1.40702 12.33263 0.2263281 0.5910285 12.38346 0.109522 0.9122221 12.15195 0.2380363 1.235759 12.14449  A_Kick_Far
-0.1241103 0.05323792 12.55023 -0.1028551 0.1546407 12.61833 -0.3009327 0.4118953 12.72419 -0.481816 0.3928699 12.47514 -0.02107368 0.0981499 12.52211 0.2980413 0.09524751 12.49713 0.5281281 0.2668124 12.38431 0.009412723 0.2470737 12.56008 0.1678686 0.6792621 12.51819 0.09333678 1.070295 12.40813 0.07411142 1.408023 12.32911 0.2479761 0.5802052 12.38302 0.1006489 0.8539234 12.1114 0.2540112 1.166374 12.10126  A_Kick_Far
-0.1422585 0.0742687 12.55487 -0.116696 0.1753806 12.62304 -0.301512 0.4406146 12.73765 -0.4870063 0.4229988 12.49191 -0.03781931 0.1144897 12.52708 0.2830613 0.09819877 12.49434 0.5209785 0.2538103 12.37482 0.0008863379 0.2613899 12.56544 0.1885941 0.6811206 12.51338 0.1059938 1.071856 12.40813 0.07538332 1.408647 12.32871 0.2626157 0.5718035 12.38272 0.09433921 0.8035092 12.0854 0.2757461 1.099977 12.06427  A_Kick_Far
-0.160963 0.0990808 12.55978 -0.1305136 0.1993513 12.62838 -0.2956468 0.4732354 12.75817 -0.4777073 0.4661592 12.50935 -0.05571977 0.1348934 12.53149 0.266136 0.1054537 12.48411 0.5106819 0.2423043 12.35538 -0.008531196 0.2790289 12.57083 0.2092491 0.6830171 12.50768 0.1188022 1.073698 12.40888 0.07541759 1.409198 12.32994 0.2757412 0.5631933 12.38229 0.08739276 0.7466709 12.06407 0.3064525 1.014064 12.0221  A_Kick_Far
-0.1769168 0.1187904 12.5649 -0.1414422 0.2177221 12.63394 -0.2836309 0.4978187 12.78197 -0.4558693 0.5091412 12.52641 -0.07164811 0.1512686 12.53469 0.2487951 0.1120154 12.47181 0.4976986 0.233305 12.33601 -0.01721673 0.2926171 12.57478 0.2223876 0.6828537 12.5026 0.1298914 1.074453 12.40949 0.0755799 1.408356 12.33054 0.2810601 0.5562395 12.38001 0.09054781 0.7149881 12.05 0.349505 0.9370079 11.98003  A_Kick_Far
-0.19275 0.1387812 12.5713 -0.1515471 0.2357968 12.64075 -0.2648346 0.5196074 12.8101 -0.420635 0.554558 12.54626 -0.08795933 0.1681496 12.53819 0.2290632 0.1200229 12.45747 0.4812691 0.2255288 12.31476 -0.02605705 0.3062266 12.57884 0.2331048 0.6820732 12.4971 0.1415118 1.075252 12.40995 0.0758089 1.407126 12.3311 0.2828978 0.5499769 12.37638 0.09952654 0.6922806 12.03502 0.3954627 0.8460698 11.93493  A_Kick_Far
-0.2126609 0.1628739 12.58263 -0.1626701 0.2563906 12.65193 -0.2327675 0.5385554 12.84973 -0.3628464 0.6058285 12.57833 -0.1092028 0.1882533 12.54406 0.1999649 0.1290799 12.44145 0.4564596 0.2168159 12.29442 -0.03714291 0.3213993 12.58442 0.2419894 0.6799083 12.49064 0.1500867 1.074145 12.40874 0.0736167 1.403938 12.33088 0.2795121 0.5435725 12.37019 0.1407212 0.6797953 12.00607 0.4581409 0.7342158 11.87367  A_Kick_Far
-0.2313183 0.1884513 12.59643 -0.1716457 0.2774113 12.66465 -0.1937117 0.5504266 12.8878 -0.2955992 0.6443028 12.61228 -0.1299968 0.2098929 12.55132 0.1682962 0.1396416 12.42818 0.4292469 0.2101116 12.27971 -0.04743449 0.3372357 12.59027 0.2480295 0.6788675 12.48407 0.1547064 1.073625 12.4064 0.0698442 1.401781 12.33034 0.2727509 0.5402888 12.36288 0.1994297 0.6617016 11.97521 0.5064939 0.6174557 11.81709  A_Kick_Far
-0.2448343 0.2075516 12.61003 -0.1771962 0.2922021 12.67633 -0.1637457 0.5545211 12.91362 -0.2521253 0.6624163 12.63857 -0.1456959 0.2258939 12.55908 0.1422984 0.1453996 12.42424 0.4083171 0.2043439 12.27979 -0.05505375 0.3482897 12.59585 0.2497956 0.6789654 12.48212 0.1543687 1.073388 12.40532 0.06674202 1.40099 12.33 0.2654472 0.5406848 12.3591 0.2502923 0.6360338 11.95775 0.5350283 0.5538237 11.77495  A_Kick_Far
-0.254984 0.2256846 12.62183 -0.1805679 0.3062396 12.68594 -0.1357413 0.556589 12.93279 -0.2134144 0.6732372 12.65807 -0.1581743 0.2415032 12.56576 0.1198513 0.1522744 12.42085 0.3897133 0.1998053 12.27936 -0.06069933 0.3592553 12.60014 0.2516515 0.6801672 12.47935 0.1538943 1.07427 12.40385 0.06372996 1.401461 12.32975 0.2593544 0.5424411 12.35496 0.2908786 0.6043763 11.94805 0.5513824 0.4944247 11.74484  A_Kick_Far
-0.2643943 0.2422953 12.63283 -0.183891 0.3187615 12.69424 -0.1139048 0.558172 12.94626 -0.1927564 0.6809385 12.67457 -0.1699703 0.255776 12.57186 0.09793462 0.157758 12.41859 0.3709764 0.1968445 12.28066 -0.06651573 0.3691072 12.60352 0.2515616 0.6822687 12.47813 0.1507075 1.075739 12.40341 0.06113364 1.403422 12.33078 0.2534071 0.5456861 12.35226 0.3304746 0.5700309 11.94745 0.5723453 0.45717 11.72382  A_Kick_Far
-0.2724334 0.2684972 12.65071 -0.1830795 0.3382598 12.70713 -0.07482098 0.5585966 12.96323 -0.157481 0.6896011 12.69656 -0.1823687 0.2786427 12.5823 0.06828894 0.1676646 12.41591 0.3450075 0.1917701 12.28193 -0.07018481 0.3847238 12.60896 0.256023 0.6855875 12.47579 0.1495403 1.077927 12.40296 0.06119015 1.406509 12.33294 0.2490848 0.5508302 12.34815 0.3633762 0.5149119 11.95311 0.5575548 0.4113908 11.68325  A_Kick_Far
-0.2792185 0.2940028 12.66613 -0.1828467 0.3576617 12.71727 -0.04486863 0.5636672 12.97088 -0.1406871 0.6999809 12.71137 -0.1932736 0.300797 12.59159 0.04065641 0.1787674 12.41142 0.3173824 0.1918051 12.27593 -0.07392512 0.4000381 12.61295 0.2589422 0.6897406 12.47319 0.1453362 1.080261 12.40134 0.06208076 1.410579 12.33328 0.246798 0.5553834 12.34551 0.411878 0.4675044 11.9775 0.5586967 0.3977181 11.66957  A_Kick_Far
-0.2835439 0.3130275 12.67456 -0.1834933 0.3732005 12.72239 -0.02937846 0.5761258 12.96867 -0.1355005 0.7099671 12.71189 -0.1996282 0.3165298 12.59723 0.02541109 0.1888694 12.40774 0.2993822 0.1977693 12.26644 -0.07605599 0.4112226 12.61491 0.2615068 0.6923321 12.47013 0.142103 1.080948 12.39736 0.06265463 1.412224 12.3294 0.2481303 0.5561239 12.34455 0.4513867 0.4406754 12.00431 0.5716692 0.4135787 11.67867  A_Kick_Far
-0.2867138 0.3261036 12.67872 -0.1846598 0.3842486 12.72464 -0.02162765 0.5880111 12.96387 -0.1352814 0.7177037 12.70819 -0.203738 0.3269274 12.60019 0.01660009 0.1962434 12.40456 0.2875545 0.2041856 12.25751 -0.07762741 0.4186327 12.61554 0.263128 0.6936049 12.46732 0.13951 1.080619 12.39307 0.06267937 1.41242 12.32467 0.2499147 0.5552477 12.3441 0.4803329 0.425495 12.02712 0.5937913 0.4416122 11.69831  A_Kick_Far
-0.2893521 0.337855 12.68014 -0.1870165 0.3961463 12.72572 -0.02276687 0.612762 12.95131 -0.1421793 0.727281 12.69105 -0.2053646 0.3348883 12.60305 0.01711281 0.2036885 12.4044 0.2819093 0.2152368 12.24674 -0.07801341 0.4250916 12.61699 0.2657708 0.6941591 12.46577 0.1397328 1.079992 12.38947 0.06251444 1.411511 12.32014 0.2546795 0.5521277 12.34658 0.4734749 0.4450313 12.01332 0.5973209 0.4291515 11.68827  A_Kick_Far
-0.2913941 0.3472598 12.68009 -0.1891369 0.4060895 12.72568 -0.02500038 0.634869 12.93758 -0.1490814 0.7343479 12.67335 -0.2062255 0.3409089 12.60486 0.01894696 0.2096753 12.40425 0.2775019 0.2245824 12.23683 -0.07804076 0.4300659 12.61787 0.2683353 0.6940539 12.46432 0.1404471 1.078887 12.38607 0.06222643 1.40997 12.31579 0.2593591 0.5486935 12.34903 0.4572121 0.4673824 11.99598 0.6040748 0.4234848 11.68332  A_Kick_Far
-0.2919065 0.3507048 12.6746 -0.1911709 0.4119147 12.72124 -0.03432993 0.6579158 12.91691 -0.1615089 0.7376593 12.64752 -0.204469 0.3414928 12.60291 0.02774628 0.2128702 12.40383 0.2772701 0.239253 12.22454 -0.07685868 0.4314688 12.61593 0.2711934 0.6931437 12.46296 0.1441259 1.078134 12.38415 0.06366087 1.408636 12.31367 0.2654248 0.5452483 12.35073 0.4394159 0.4919196 11.98021 0.6221775 0.4335023 11.68964  A_Kick_Far
-0.2916135 0.3542732 12.66786 -0.192596 0.4181186 12.71548 -0.04319755 0.6807134 12.89195 -0.1734983 0.7389796 12.61858 -0.2018521 0.3421853 12.60022 0.03709139 0.2164434 12.40288 0.2753166 0.252977 12.21048 -0.07486586 0.4330416 12.61322 0.2749822 0.6922763 12.46103 0.1484836 1.077345 12.38169 0.06534214 1.40711 12.31087 0.2726508 0.5417378 12.35225 0.4161422 0.5170177 11.96598 0.6356551 0.44899 11.70438  A_Kick_Far
-0.2894622 0.3530581 12.65422 -0.1935364 0.4210017 12.70341 -0.05924014 0.7032862 12.85596 -0.1943179 0.7344553 12.58048 -0.1965419 0.3385788 12.59235 0.05142601 0.217037 12.39979 0.2676279 0.2725403 12.18699 -0.07133971 0.431788 12.60598 0.280194 0.6912593 12.4592 0.1556112 1.076903 12.37962 0.06974639 1.405864 12.30831 0.283308 0.5386937 12.3533 0.3932587 0.5461562 11.95548 0.6580572 0.4751413 11.7408  A_Kick_Far
-0.2848986 0.3508334 12.64143 -0.1919239 0.4224821 12.69177 -0.07099055 0.7191967 12.8217 -0.2101289 0.7265546 12.54657 -0.1893868 0.3347229 12.58487 0.06555714 0.2169212 12.39685 0.257601 0.2842482 12.16514 -0.0659136 0.4301351 12.59902 0.2867611 0.6905389 12.45766 0.1634638 1.076617 12.37819 0.07495274 1.404784 12.30645 0.2948322 0.5364742 12.35422 0.3625905 0.5706437 11.94845 0.6571109 0.5065747 11.7741  A_Kick_Far
-0.2781545 0.3417485 12.62233 -0.189335 0.4176896 12.67433 -0.08952014 0.727627 12.78256 -0.236037 0.7093654 12.51181 -0.1797582 0.3255296 12.57161 0.08301921 0.2117808 12.39054 0.2300878 0.2963359 12.133 -0.05930338 0.4245037 12.58723 0.2933083 0.6907439 12.45806 0.1713719 1.077138 12.37802 0.08252694 1.405119 12.30585 0.3091223 0.5364449 12.35587 0.3280405 0.5977204 11.94808 0.6551964 0.5653172 11.83333  A_Kick_Far
-0.2720182 0.3328841 12.60711 -0.1865785 0.411925 12.66039 -0.1029252 0.7291638 12.75379 -0.2545379 0.6925204 12.48775 -0.1716487 0.3172864 12.5606 0.0965208 0.207306 12.38442 0.2014389 0.2998798 12.1096 -0.05381123 0.4191502 12.57756 0.2974785 0.6915652 12.45874 0.1757764 1.077928 12.3782 0.08751757 1.406077 12.30607 0.3197611 0.5375813 12.35728 0.3015713 0.6163452 11.95248 0.6433147 0.6266156 11.88649  A_Kick_Far
-0.2661798 0.3214959 12.59353 -0.1839096 0.4029187 12.64822 -0.1152173 0.7244258 12.73376 -0.270619 0.6742365 12.47215 -0.1642822 0.3074406 12.55006 0.1082956 0.2020006 12.37734 0.1677095 0.3017957 12.09165 -0.04923777 0.4121572 12.56873 0.2990943 0.6926388 12.46088 0.1768856 1.078624 12.37931 0.09124418 1.407595 12.30777 0.3279365 0.5397165 12.35947 0.2815768 0.6335405 11.96016 0.6216779 0.7054883 11.94009  A_Kick_Far
-0.2585158 0.3045646 12.57746 -0.1803622 0.3886805 12.63402 -0.128842 0.7136587 12.71347 -0.285498 0.6494601 12.4557 -0.1549512 0.2930915 12.5373 0.1228336 0.1950018 12.36797 0.1242083 0.2994955 12.07783 -0.04381708 0.4015217 12.55831 0.2986118 0.6937999 12.46399 0.1767717 1.079344 12.37982 0.09547158 1.409413 12.30827 0.3361108 0.5426412 12.36277 0.2665851 0.6611397 11.9735 0.5783405 0.8125002 12.00736  A_Kick_Far
-0.2479535 0.2793896 12.55839 -0.1751856 0.3663762 12.6175 -0.1431148 0.6935846 12.69588 -0.2960946 0.6170291 12.43928 -0.142682 0.272138 12.52159 0.1411315 0.1860148 12.35508 0.0713978 0.2920228 12.074 -0.03716276 0.3853841 12.54588 0.2942888 0.6947675 12.4682 0.175145 1.080043 12.37908 0.1014783 1.411726 12.30674 0.3432546 0.5466185 12.36742 0.2615733 0.7085901 11.99662 0.4923497 0.9488102 12.09803  A_Kick_Far
-0.237588 0.2526376 12.54448 -0.1697564 0.341853 12.60581 -0.1509755 0.6697372 12.68911 -0.2920317 0.5890632 12.427 -0.1312365 0.2499163 12.50988 0.1573534 0.1800532 12.34424 0.03895189 0.2875978 12.08057 -0.03145019 0.3676518 12.53691 0.2850484 0.6949633 12.47251 0.1728731 1.081381 12.37938 0.1063463 1.414225 12.30547 0.3451388 0.5511118 12.37153 0.262226 0.7681271 12.03031 0.4355732 1.048506 12.1425  A_Kick_Far
-0.2275562 0.2318285 12.53267 -0.1638582 0.3227085 12.59572 -0.1556729 0.6506915 12.68325 -0.2859598 0.5677744 12.41631 -0.1205153 0.2328848 12.49986 0.1713799 0.1770657 12.33515 0.01797123 0.2814379 12.08882 -0.02565728 0.3541392 12.52899 0.2772919 0.6956239 12.47505 0.171495 1.083308 12.37975 0.1109772 1.417196 12.30538 0.3462906 0.5558707 12.37401 0.2586184 0.8125073 12.06279 0.3836667 1.11534 12.1807  A_Kick_Far
-0.2170607 0.2103633 12.52251 -0.1576897 0.3028224 12.58723 -0.1590639 0.630404 12.68038 -0.2752908 0.5481088 12.40684 -0.1095673 0.2155187 12.49132 0.1850653 0.1766628 12.32787 0.007376092 0.2791398 12.09759 -0.02014528 0.3403825 12.52233 0.2666974 0.6965356 12.4781 0.1686749 1.085796 12.38093 0.1141 1.42052 12.30573 0.3446254 0.5618961 12.37661 0.2582345 0.8528219 12.09678 0.3563186 1.170681 12.19971  A_Kick_Far
-0.2046375 0.1895772 12.5111 -0.1497846 0.2834679 12.57748 -0.1610561 0.6102082 12.6763 -0.2627952 0.5292443 12.39665 -0.09685634 0.1989375 12.48161 0.1996583 0.1774926 12.31975 -0.001838489 0.2739033 12.10712 -0.01318358 0.3272544 12.51452 0.2562533 0.6974852 12.48013 0.1667137 1.088691 12.38259 0.118651 1.424501 12.30779 0.3430597 0.5685648 12.37842 0.2519259 0.8904258 12.13654 0.3177879 1.220812 12.22461  A_Kick_Far
-0.1913974 0.1673812 12.50121 -0.1416221 0.2626017 12.56931 -0.1637604 0.5876907 12.67434 -0.2491925 0.5089462 12.38867 -0.08355324 0.1816157 12.47336 0.2134361 0.18144 12.31291 -0.004952414 0.2730211 12.11536 -0.00666122 0.3135943 12.50827 0.2421905 0.6984028 12.48386 0.1632748 1.091308 12.384 0.1228178 1.427763 12.30761 0.3381432 0.5764556 12.38177 0.2555194 0.9230605 12.17334 0.3023916 1.262064 12.23759  A_Kick_Far
-0.1736249 0.1429176 12.48823 -0.129959 0.2393907 12.55831 -0.1650055 0.5618126 12.67055 -0.2312153 0.4866836 12.37887 -0.06600176 0.1629081 12.46241 0.2297818 0.1877253 12.30413 -0.007646484 0.2692389 12.125 0.002598839 0.2987683 12.49963 0.2258594 0.6991306 12.48688 0.160439 1.094454 12.38681 0.1297748 1.431971 12.31055 0.3321046 0.5861344 12.38468 0.2533039 0.9572865 12.22207 0.2721126 1.30292 12.25991  A_Kick_Far
-0.1519772 0.1175473 12.47519 -0.1157164 0.2148792 12.54755 -0.1674603 0.5327927 12.66619 -0.2145255 0.4591007 12.37045 -0.04501746 0.1446793 12.45158 0.245916 0.1999134 12.2946 -0.00672905 0.2695209 12.13203 0.01307948 0.2845116 12.49184 0.2056125 0.7004334 12.49199 0.1551394 1.097624 12.39067 0.1354402 1.435759 12.31353 0.3225922 0.5983787 12.39 0.2605526 0.9874759 12.26689 0.2594267 1.3356 12.27437  A_Kick_Far
-0.1345395 0.1004286 12.46463 -0.1038303 0.1980561 12.53862 -0.1679204 0.5119163 12.66171 -0.2010041 0.4398508 12.36368 -0.02838389 0.1328356 12.44275 0.257123 0.2101593 12.28716 -0.005781932 0.2683648 12.13683 0.02168276 0.2750992 12.48522 0.1905638 0.7008617 12.49476 0.1516887 1.09965 12.3946 0.1406029 1.43841 12.31849 0.3149314 0.607441 12.39323 0.2630592 1.006889 12.30293 0.2451819 1.35442 12.29067  A_Kick_Far
-0.1143842 0.08433127 12.45364 -0.09024183 0.1818664 12.52938 -0.16953 0.4904382 12.654 -0.1903081 0.4158516 12.35548 -0.009419484 0.1230173 12.43377 0.2674628 0.2251387 12.27853 -0.003311558 0.2681651 12.13734 0.03092535 0.2674766 12.47908 0.173625 0.7023319 12.49847 0.1449654 1.101988 12.39832 0.1422231 1.441029 12.32271 0.3053533 0.6183622 12.39798 0.2707818 1.024486 12.33262 0.2487201 1.371151 12.30843  A_Kick_Far
-0.09258847 0.07059419 12.44366 -0.07479678 0.1676643 12.52098 -0.1696281 0.4700869 12.64717 -0.1777328 0.394178 12.34837 0.01085802 0.1152824 12.42581 0.2775453 0.2404864 12.27135 0.0003787447 0.2673429 12.13883 0.04162582 0.2612413 12.47376 0.1583443 0.7032209 12.50243 0.1399474 1.103942 12.40415 0.1455831 1.443393 12.33056 0.2966301 0.628808 12.40322 0.2696579 1.038066 12.35649 0.236568 1.382261 12.31547  A_Kick_Far
-0.07121722 0.06014431 12.43376 -0.05983154 0.1563534 12.51257 -0.1709348 0.4520279 12.63686 -0.1682797 0.3719463 12.33905 0.0304618 0.1107156 12.41823 0.2853658 0.2573922 12.26422 0.005012648 0.2656037 12.136 0.05163797 0.2574263 12.46899 0.1450371 0.7044483 12.50617 0.1248074 1.104812 12.4068 0.1403586 1.446103 12.34393 0.288757 0.6384146 12.40878 0.2665545 1.048497 12.36703 0.2338073 1.392315 12.3227  A_Kick_Far
-0.04558371 0.04977357 12.42217 -0.04165397 0.1445211 12.50255 -0.1710832 0.4313524 12.62361 -0.1555299 0.3466133 12.3275 0.05358066 0.1070918 12.40945 0.2926836 0.2772985 12.25623 0.01078667 0.262661 12.13203 0.06342359 0.2538897 12.46333 0.1294417 0.7050946 12.51003 0.1058507 1.104961 12.40941 0.1338042 1.447745 12.3605 0.2788955 0.6489765 12.41508 0.2620272 1.059819 12.37865 0.2314779 1.403689 12.33317  A_Kick_Far
0.0053093 0.03802001 12.39893 -0.006915672 0.1282724 12.48189 -0.1755254 0.3927741 12.58412 -0.129896 0.2950146 12.29521 0.09812309 0.1082042 12.39414 0.3012298 0.3187957 12.24383 0.02788694 0.2509058 12.11821 0.08456339 0.2523521 12.45403 0.1021224 0.7066108 12.5194 0.06042619 1.105591 12.42116 0.1014137 1.450202 12.40576 0.2613299 0.6674501 12.4321 0.2489546 1.076611 12.37883 0.2327525 1.422493 12.34208  A_Kick_Far
0.03123744 0.03665745 12.38629 0.00921716 0.1236371 12.46996 -0.1804238 0.3730791 12.55309 -0.1127786 0.2676281 12.27129 0.1199193 0.1130067 12.38769 0.3031396 0.3407918 12.24081 0.0424576 0.2411097 12.10962 0.09329046 0.2542974 12.44995 0.08801265 0.7079856 12.52529 0.03159257 1.10706 12.43511 0.06458409 1.452814 12.44139 0.2522792 0.6762364 12.4446 0.2420868 1.081863 12.36867 0.2354685 1.428573 12.3371  A_Kick_Far
0.05364676 0.03881395 12.37539 0.02087279 0.1224638 12.45846 -0.1878767 0.3555884 12.51192 -0.09074341 0.2417942 12.24224 0.1381519 0.1196364 12.38515 0.3067386 0.3593197 12.24499 0.06660677 0.2291125 12.10186 0.09888692 0.257875 12.44758 0.07349272 0.7101849 12.53022 0.0008630325 1.111354 12.46417 -0.003637297 1.457906 12.48773 0.2432464 0.6841332 12.45946 0.2385031 1.085878 12.36469 0.238893 1.432835 12.33522  A_Kick_Far
0.06857188 0.04256344 12.37193 0.0265912 0.1237937 12.45302 -0.1936681 0.3434232 12.47174 -0.06560193 0.2195147 12.22004 0.1497622 0.1253707 12.39007 0.313908 0.3702166 12.25763 0.09627922 0.2183827 12.10051 0.1008912 0.2616729 12.44992 0.05853768 0.7126687 12.53346 -0.02332656 1.116803 12.51004 -0.07295226 1.460174 12.52758 0.232981 0.691232 12.47336 0.2350606 1.089699 12.36555 0.2398465 1.436428 12.33387  A_Kick_Far
0.07459243 0.04498839 12.37289 0.02794011 0.1250858 12.45237 -0.1958558 0.3379896 12.44956 -0.04948739 0.2071254 12.21174 0.1541364 0.1282119 12.39579 0.3203071 0.3738832 12.26837 0.1157613 0.2133577 12.10255 0.1006452 0.263845 12.45316 0.0486985 0.7141078 12.53465 -0.03440676 1.118572 12.54345 -0.09580503 1.460482 12.54465 0.2254887 0.6954482 12.48081 0.231803 1.092055 12.36651 0.2390177 1.438543 12.33271  A_Kick_Far
0.0795265 0.04775691 12.37483 0.02824439 0.1266472 12.45238 -0.1967112 0.3327582 12.42708 -0.03232495 0.1947172 12.20566 0.1572287 0.1312943 12.40259 0.3269107 0.3772161 12.2807 0.1360676 0.2091689 12.10622 0.09916206 0.266253 12.45703 0.03750803 0.7157056 12.53563 -0.04666732 1.117976 12.57647 -0.09810977 1.461171 12.56084 0.2164262 0.6998549 12.48831 0.2276139 1.094401 12.36743 0.2376788 1.440595 12.33144  A_Kick_Far
0.08199127 0.05023289 12.37743 0.02684279 0.1279941 12.45301 -0.1968091 0.3285975 12.40748 -0.01722567 0.1838545 12.20277 0.1580363 0.133929 12.40953 0.3335244 0.3790723 12.2933 0.1545813 0.2067106 12.11061 0.0960293 0.2683184 12.46095 0.02601041 0.7170774 12.53616 -0.05635927 1.116418 12.60187 -0.07630681 1.462641 12.58174 0.2065583 0.7035518 12.49468 0.2225412 1.096004 12.36767 0.2356607 1.441861 12.32948  A_Kick_Far
0.08403464 0.05248952 12.38049 0.02547582 0.1291434 12.45395 -0.1946781 0.3254886 12.39062 -0.002839906 0.1746777 12.20204 0.1584392 0.1364579 12.41647 0.3413322 0.3798677 12.30579 0.1726483 0.2055906 12.11532 0.09271373 0.2702159 12.46483 0.01543255 0.7183305 12.53682 -0.06645058 1.115687 12.61413 -0.07067613 1.462761 12.60014 0.1972922 0.7066972 12.50086 0.217916 1.09708 12.36827 0.2340015 1.442494 12.32731  A_Kick_Far
0.08586515 0.05449057 12.38387 0.0243168 0.130092 12.4552 -0.1910473 0.3230208 12.37638 0.01056983 0.1668106 12.20301 0.1586518 0.1387787 12.42333 0.3493789 0.3799934 12.31822 0.1898402 0.2050816 12.12059 0.08954038 0.2718852 12.46867 0.005930142 0.7193966 12.5376 -0.07590286 1.115842 12.61951 -0.07804756 1.463137 12.6121 0.1888268 0.7093472 12.50679 0.2139501 1.097749 12.36925 0.2329461 1.442663 12.32542  A_Kick_Far
0.08649679 0.05561292 12.38701 0.02312626 0.1306595 12.45666 -0.1876783 0.3227584 12.36908 0.01864155 0.1629776 12.20473 0.1582275 0.1402825 12.42851 0.3552605 0.3791841 12.32697 0.2012549 0.2050948 12.12429 0.08690549 0.272957 12.47164 -0.0002229642 0.7201695 12.53855 -0.08162878 1.117186 12.61809 -0.09410815 1.46431 12.61333 0.1832814 0.7108477 12.51133 0.2115584 1.098009 12.37094 0.2325667 1.442481 12.32462  A_Kick_Far
0.08699466 0.05692208 12.39067 0.02161695 0.131353 12.45834 -0.1835456 0.3225627 12.36118 0.02756073 0.1587726 12.20718 0.1574575 0.1420283 12.43445 0.3616072 0.3781927 12.33734 0.214165 0.2049879 12.1291 0.08372332 0.2742063 12.47497 -0.007302566 0.7210631 12.53948 -0.08804922 1.118702 12.61654 -0.1107848 1.465338 12.61602 0.1768052 0.7125635 12.51638 0.2088326 1.09832 12.37296 0.2322621 1.442255 12.32389  A_Kick_Far
0.08526583 0.05786753 12.39571 0.0180852 0.1322566 12.46089 -0.1801169 0.3245007 12.35594 0.03350373 0.1560079 12.21074 0.1545552 0.1435593 12.44125 0.3664304 0.3761153 12.34832 0.2257875 0.2034489 12.13499 0.07887198 0.2755283 12.47874 -0.01506011 0.7221497 12.54059 -0.09345053 1.120331 12.61728 -0.119469 1.466723 12.62032 0.1695746 0.7142578 12.5219 0.2056872 1.099003 12.37674 0.2316941 1.4423 12.3246  A_Kick_Far
0.08303829 0.05853176 12.4004 0.01459219 0.133111 12.46351 -0.1777337 0.3265767 12.35305 0.03690882 0.1539502 12.21435 0.1514699 0.144664 12.44713 0.3692668 0.3741928 12.35755 0.2341707 0.2013044 12.14084 0.07458247 0.2766209 12.48213 -0.02120213 0.7230921 12.54175 -0.09784977 1.121736 12.61779 -0.1265532 1.467873 12.62407 0.1637666 0.7156483 12.5265 0.2030855 1.099254 12.37917 0.2311314 1.441857 12.32363  A_Kick_Far
0.07843156 0.058882 12.40695 0.008886294 0.1342373 12.46752 -0.1762823 0.3301141 12.3521 0.03753867 0.1517897 12.21948 0.1461512 0.1454538 12.45449 0.3702491 0.371274 12.36824 0.2413873 0.1966383 12.14915 0.06864025 0.2777917 12.48655 -0.02817921 0.7242013 12.54348 -0.1030904 1.123521 12.61769 -0.1351974 1.469259 12.62809 0.1570735 0.7171693 12.53193 0.2001778 1.099722 12.38294 0.2306626 1.441489 12.32366  A_Kick_Far
0.07286514 0.05897915 12.41392 0.002505021 0.1354014 12.47199 -0.1755603 0.3338419 12.35242 0.03614183 0.1492847 12.22502 0.1400755 0.1458987 12.46192 0.369657 0.3680699 12.37851 0.2466012 0.1900936 12.15877 0.06248607 0.2788433 12.49116 -0.03462229 0.725264 12.54546 -0.1081924 1.125559 12.61565 -0.144933 1.470618 12.6317 0.1508207 0.7185534 12.53725 0.1977851 1.099959 12.38649 0.2307688 1.440823 12.32347  A_Kick_Far
0.06585784 0.05891979 12.42197 -0.005158288 0.1367432 12.47729 -0.1753448 0.3380837 12.35376 0.03289964 0.1462955 12.23145 0.1326774 0.1461473 12.47021 0.3677112 0.3642991 12.38958 0.2505909 0.1814259 12.17062 0.05544432 0.2799296 12.49641 -0.04140012 0.7264113 12.54784 -0.1136498 1.127982 12.61184 -0.1556825 1.471992 12.63559 0.1441736 0.7199922 12.54307 0.1954984 1.100035 12.39031 0.2313386 1.439818 12.32315  A_Kick_Far
0.05363633 0.05851948 12.43479 -0.01794354 0.1388699 12.48583 -0.1758671 0.3444451 12.357 0.02495654 0.1408263 12.2416 0.1201735 0.1461037 12.4829 0.362741 0.3579127 12.40588 0.2535137 0.16581 12.19077 0.04423638 0.2814282 12.50458 -0.05124519 0.7280445 12.55179 -0.1215677 1.131462 12.60549 -0.1692441 1.473663 12.64154 0.134402 0.721992 12.55193 0.1925963 1.09975 12.396 0.2329054 1.437692 12.32239  A_Kick_Far
0.04552175 0.05814731 12.44282 -0.02616374 0.1401423 12.49126 -0.1767367 0.3481311 12.35968 0.01877327 0.1373901 12.24801 0.1120509 0.1459332 12.49059 0.3590213 0.3536365 12.41533 0.2536844 0.1558498 12.20346 0.03716953 0.2822465 12.50959 -0.05714641 0.7289487 12.55427 -0.1261108 1.133326 12.60221 -0.1755916 1.474484 12.64506 0.1284855 0.7231066 12.55713 0.1907803 1.099432 12.39933 0.2338414 1.436153 12.32179  A_Kick_Far
0.03649839 0.0577116 12.45146 -0.03513585 0.1414902 12.49712 -0.1779725 0.3518912 12.36297 0.01139124 0.1337771 12.25491 0.1031284 0.1456928 12.49872 0.3546701 0.3488584 12.42512 0.2528013 0.1451252 12.21722 0.02952869 0.2830628 12.51491 -0.06336407 0.729847 12.55694 -0.1307505 1.135128 12.59914 -0.1811425 1.475239 12.64873 0.1222128 0.7242267 12.56252 0.1888006 1.099002 12.40279 0.2348201 1.434346 12.32109  A_Kick_Far
0.02765621 0.057042 12.45964 -0.04365556 0.1425257 12.50291 -0.180341 0.3550066 12.36702 0.003364639 0.1307715 12.26177 0.09462012 0.1452004 12.50606 0.3506077 0.3438435 12.43347 0.2507677 0.1362501 12.22843 0.02239897 0.2835593 12.51985 -0.06886356 0.7304385 12.55954 -0.1346963 1.136453 12.59686 -0.185142 1.475752 12.65168 0.1166534 0.7249905 12.56698 0.1867085 1.098556 12.4059 0.2353012 1.432652 12.32066  A_Kick_Far
0.01990332 0.05645585 12.46672 -0.05103461 0.1433902 12.50796 -0.1826563 0.3575575 12.37078 -0.003857477 0.1283671 12.26777 0.08722772 0.1447463 12.51231 0.3470735 0.3393843 12.44059 0.2486404 0.1289573 12.23777 0.01625379 0.2839332 12.52411 -0.0735368 0.7308831 12.5618 -0.1379883 1.137476 12.59501 -0.1881103 1.476101 12.65413 0.1119216 0.7255836 12.57067 0.1848529 1.098155 12.40857 0.2356496 1.431157 12.32039  A_Kick_Far
0.01192011 0.0554806 12.47408 -0.058372 0.1438702 12.51363 -0.1868027 0.3596008 12.37586 -0.01195244 0.1266028 12.27464 0.07988478 0.143921 12.51836 0.3441257 0.3342676 12.44713 0.246221 0.1241869 12.2437 0.01024772 0.2839135 12.52846 -0.07782607 0.7309752 12.56417 -0.1410386 1.138052 12.59362 -0.1905584 1.476251 12.65561 0.1076164 0.7257962 12.57343 0.1827594 1.097799 12.41104 0.2355018 1.429848 12.32043  A_Kick_Far
0.004941838 0.05448675 12.48065 -0.06466852 0.1441187 12.51887 -0.1912668 0.3611343 12.38087 -0.01924376 0.1254356 12.28107 0.0735866 0.1430612 12.52352 0.3418414 0.329475 12.4525 0.2441496 0.1212385 12.24708 0.005126195 0.2837226 12.53229 -0.08137445 0.7308935 12.56622 -0.1436311 1.138333 12.59252 -0.1924923 1.476278 12.6564 0.1040782 0.7258084 12.57533 0.1809073 1.097505 12.41303 0.2352565 1.428779 12.32055  A_Kick_Far
-0.002804143 0.05287886 12.48838 -0.07137583 0.1438681 12.52557 -0.1986596 0.3622007 12.38812 -0.02790521 0.125079 12.28951 0.06690045 0.1416504 12.52903 0.3402234 0.3232067 12.45746 0.2422818 0.1214989 12.24574 -0.0002540778 0.283006 12.53666 -0.08480339 0.7303606 12.56849 -0.1463928 1.138095 12.5916 -0.194461 1.476087 12.65582 0.1007214 0.7253357 12.57604 0.1787866 1.09723 12.41478 0.2346733 1.42784 12.32086  A_Kick_Far
-0.006945951 0.05135143 12.49319 -0.07459532 0.1430905 12.53035 -0.2055859 0.3620441 12.39436 -0.03334479 0.1260055 12.29574 0.06370802 0.1403313 12.53171 0.3403278 0.3187327 12.45843 0.2418866 0.1260946 12.23865 -0.002755148 0.2820233 12.53915 -0.08603029 0.7295419 12.56979 -0.1482262 1.137259 12.59155 -0.1962178 1.475569 12.65413 0.09958358 0.7245261 12.57468 0.1775617 1.097168 12.41511 0.2339716 1.42766 12.32109  A_Kick_Far
