-0.01850484 0.005456328 0.4623789 -0.08292036 0.1042558 0.4840688 -0.2793468 0.3693726 0.5102624 -0.317504 0.6671394 0.4396471 0.05503317 0.09605467 0.4902996 0.2777403 0.3389771 0.526759 0.3422118 0.6357967 0.4734119 -0.005158944 0.2400132 0.4760789 -0.09446166 0.6838545 0.4391664 -0.07594524 1.096434 0.4359549 -0.05476902 1.442298 0.4605197 0.0912409 0.6858543 0.4426426 0.1304121 1.088112 0.358631 0.1618557 1.434859 0.3535875  O_Gathering_SoClose
-0.02138327 0.006091833 0.4617041 -0.08561824 0.1046778 0.4845532 -0.2824 0.3696942 0.512235 -0.3183209 0.6666697 0.4372505 0.05234827 0.09627831 0.4902052 0.2759378 0.3384349 0.5271157 0.3392766 0.6350563 0.4713639 -0.007699711 0.2403319 0.4763426 -0.0969113 0.6841782 0.4398469 -0.07705341 1.096685 0.4355124 -0.05477891 1.442439 0.4606489 0.08880188 0.686179 0.4427007 0.1299625 1.083301 0.3378047 0.1582698 1.430157 0.3495301  O_Gathering_SoClose
-0.02609978 0.006999135 0.4605902 -0.09004442 0.1052529 0.4851545 -0.2873214 0.370128 0.5150684 -0.3205267 0.6659958 0.4346498 0.04793467 0.09654105 0.4899648 0.2727433 0.3375738 0.5275654 0.3344429 0.6338837 0.4684218 -0.01187567 0.2407442 0.4766396 -0.100926 0.6845979 0.4407514 -0.07890974 1.096972 0.4346293 -0.05486016 1.442539 0.4606823 0.08479859 0.686601 0.4427236 0.1286179 1.078034 0.3191775 0.1534447 1.424281 0.3464593  O_Gathering_SoClose
-0.03520225 0.008704782 0.4584869 -0.0985723 0.1062959 0.4861444 -0.296681 0.3709008 0.5201582 -0.3254815 0.664673 0.4308504 0.03941329 0.09700143 0.489437 0.2663634 0.3359578 0.528284 0.3251947 0.6315796 0.4630841 -0.0199366 0.2414818 0.4770917 -0.108666 0.6853475 0.4422983 -0.08259849 1.097422 0.4327983 -0.05513857 1.442602 0.4605507 0.07706852 0.6873562 0.4427022 0.1253217 1.069978 0.2954749 0.1481137 1.414082 0.3436459  O_Gathering_SoClose
-0.04109285 0.009811997 0.4572991 -0.1040872 0.106989 0.4867514 -0.3027101 0.3714188 0.523187 -0.3296031 0.6641686 0.4300107 0.03389152 0.09732807 0.4891609 0.2620268 0.3350475 0.5287713 0.3192194 0.6302226 0.4601778 -0.02515457 0.2419817 0.477404 -0.1136622 0.6858537 0.4432472 -0.08498971 1.097702 0.4316796 -0.05531941 1.442618 0.4604224 0.0720721 0.6878671 0.4427661 0.1224793 1.066121 0.2853287 0.1445585 1.408679 0.3437632  O_Gathering_SoClose
-0.04791234 0.01108563 0.4560317 -0.110465 0.1077769 0.4874557 -0.3096716 0.3719929 0.5265759 -0.3348015 0.6637638 0.4299029 0.02749749 0.09769917 0.4888886 0.2568963 0.3340427 0.5293916 0.3122964 0.6286814 0.4571193 -0.03119437 0.2425488 0.4777869 -0.119442 0.6864259 0.4443287 -0.0877891 1.09798 0.4303197 -0.0555648 1.442569 0.4602145 0.06628723 0.6884465 0.4428834 0.1187429 1.062587 0.2765387 0.1409924 1.403299 0.3448638  O_Gathering_SoClose
-0.05625163 0.01258934 0.4546369 -0.1182661 0.1087117 0.4882478 -0.3181061 0.3726792 0.5304469 -0.3418868 0.6636471 0.4310502 0.01966591 0.09813368 0.4885968 0.2504508 0.3328747 0.5300249 0.3039302 0.6268684 0.4537882 -0.03858469 0.243217 0.4782494 -0.1264911 0.6871018 0.4455799 -0.09119539 1.098265 0.4290408 -0.0558608 1.442453 0.4600204 0.05922719 0.689128 0.4430979 0.1139646 1.059468 0.2691578 0.1371179 1.397877 0.3478426  O_Gathering_SoClose
-0.07670037 0.015535 0.4516996 -0.137422 0.1105162 0.4895962 -0.3384267 0.373965 0.538546 -0.3632866 0.6652746 0.4404224 0.0004011561 0.09874666 0.4877161 0.2338619 0.3300147 0.5303754 0.2838061 0.622722 0.4471143 -0.05673895 0.2443806 0.4790472 -0.1437091 0.6882951 0.4480661 -0.09924714 1.098505 0.4300207 -0.05658982 1.44191 0.4604739 0.04197248 0.6903113 0.4436115 0.1021413 1.05696 0.2637442 0.1285909 1.390251 0.3610319  O_Gathering_SoClose
-0.08825986 0.01788962 0.4510163 -0.1483922 0.1122855 0.4908012 -0.3498451 0.375571 0.5425061 -0.3760451 0.6673357 0.4460982 -0.01063727 0.09986162 0.4882563 0.2239368 0.329352 0.531062 0.272879 0.6215653 0.4455026 -0.06711511 0.245795 0.4803137 -0.1534109 0.689739 0.4499806 -0.1038552 1.099111 0.4268759 -0.05681257 1.441694 0.4600042 0.03226276 0.6917288 0.4451984 0.09598561 1.059514 0.2689117 0.1248654 1.389042 0.3776559  O_Gathering_SoClose
-0.1000931 0.02094543 0.451075 -0.1597165 0.1147915 0.4924797 -0.3615747 0.377997 0.5462908 -0.3894254 0.6702352 0.4517988 -0.0220295 0.1017095 0.4895786 0.2133417 0.3295618 0.5319484 0.2620312 0.6215069 0.4453357 -0.07781647 0.2479414 0.4822677 -0.1633294 0.6919321 0.4524492 -0.1085024 1.099983 0.4198431 -0.05580793 1.441122 0.4588512 0.02234723 0.6938651 0.4477586 0.09006096 1.065056 0.280321 0.1216241 1.389682 0.402264  O_Gathering_SoClose
-0.1120916 0.0260812 0.4523929 -0.1718863 0.1192678 0.4945902 -0.373532 0.3828329 0.5478495 -0.4026682 0.6750041 0.4535383 -0.03423623 0.1055385 0.4934849 0.2019731 0.3314674 0.5370306 0.2509901 0.6233419 0.4503645 -0.08922736 0.2520624 0.485999 -0.1735869 0.6960559 0.4554785 -0.1140691 1.102091 0.4089211 -0.05523221 1.441033 0.457198 0.01214053 0.6980256 0.4537467 0.0849454 1.073504 0.2984442 0.1192395 1.391002 0.4372486  O_Gathering_SoClose
-0.1334184 0.04241407 0.458608 -0.1957632 0.1340425 0.4995722 -0.3947856 0.3996166 0.5438122 -0.4249707 0.6898468 0.4439987 -0.05851166 0.1191806 0.5084265 0.1793172 0.3404573 0.5595797 0.2306981 0.6327426 0.4757127 -0.1116792 0.2662121 0.4982141 -0.1926105 0.7100698 0.4627827 -0.1237662 1.108656 0.3793305 -0.04964099 1.439765 0.453802 -0.00730346 0.712394 0.4753298 0.07571711 1.096995 0.3504575 0.1127654 1.393441 0.5293297  O_Gathering_SoClose
-0.1436035 0.0552572 0.4649304 -0.2079427 0.1458911 0.5044273 -0.4040825 0.4133103 0.5413526 -0.4338304 0.7013716 0.4353184 -0.07139264 0.1304606 0.5203403 0.167465 0.3481045 0.5764064 0.2211269 0.6405813 0.4946622 -0.1234394 0.2777461 0.5081953 -0.2020908 0.7214622 0.4694151 -0.1287289 1.113486 0.3621315 -0.04618732 1.438804 0.4517354 -0.0177298 0.7241178 0.4918989 0.07113089 1.113391 0.3871444 0.1087214 1.395857 0.5872644  O_Gathering_SoClose
-0.1514285 0.07208931 0.4735945 -0.2180794 0.1615725 0.5112404 -0.4106684 0.4309694 0.5404857 -0.4377332 0.7150294 0.4235028 -0.08268736 0.145725 0.5348014 0.1565012 0.3596483 0.59592 0.2123078 0.6524886 0.5169605 -0.1336813 0.2932072 0.5207299 -0.2101304 0.7367549 0.4788264 -0.1333067 1.119822 0.3449162 -0.04259805 1.437897 0.4510983 -0.02738474 0.7398567 0.5119318 0.06504299 1.132705 0.4251527 0.1005422 1.400028 0.6454395  O_Gathering_SoClose
-0.155316 0.08906233 0.4832119 -0.2239699 0.1775292 0.5191363 -0.4134593 0.4484755 0.5423721 -0.4355161 0.7263451 0.410427 -0.08983152 0.1615216 0.5489339 0.1488338 0.3726377 0.6141442 0.2059853 0.6660297 0.5382541 -0.1401312 0.3090929 0.5333766 -0.2151255 0.752492 0.4892539 -0.1370693 1.125797 0.3307446 -0.04016016 1.437195 0.4503845 -0.0341324 0.7560269 0.5308541 0.05898644 1.15084 0.454338 0.09048523 1.406371 0.6887735  O_Gathering_SoClose
-0.1564975 0.1386455 0.5051984 -0.2299161 0.2240729 0.5378565 -0.4138412 0.4972512 0.553275 -0.4250257 0.7579573 0.388914 -0.09930913 0.2081469 0.5805815 0.1418591 0.406159 0.6512402 0.2082853 0.699248 0.5820249 -0.1490652 0.3557504 0.5636429 -0.2227236 0.7989589 0.5196813 -0.1442658 1.139232 0.2991513 -0.03317259 1.434065 0.4454573 -0.04671673 0.8035649 0.5788587 0.04708912 1.198354 0.5030593 0.06465377 1.422292 0.7691249  O_Gathering_SoClose
-0.1525301 0.1686412 0.5119785 -0.2279136 0.2521406 0.5447468 -0.4105912 0.5262877 0.5590333 -0.413268 0.7778811 0.3807043 -0.09844087 0.2364998 0.5908927 0.142144 0.4304509 0.657369 0.209735 0.7230553 0.5872368 -0.1490766 0.3839732 0.575498 -0.2242119 0.8270723 0.5355934 -0.1484895 1.148186 0.287145 -0.03184555 1.433328 0.4476517 -0.04992549 0.8322117 0.5996197 0.04698106 1.222068 0.5046219 0.05768414 1.427581 0.7855095  O_Gathering_SoClose
-0.1490247 0.1907264 0.5142974 -0.2252008 0.2728955 0.5484184 -0.4067786 0.5483629 0.5616988 -0.3985527 0.7932617 0.3744444 -0.09570239 0.2575096 0.5945777 0.1442871 0.4495672 0.6539897 0.2112592 0.7415314 0.5806679 -0.1474317 0.4048196 0.5814151 -0.2243616 0.8477885 0.5456995 -0.1510689 1.153625 0.2779926 -0.03103225 1.432682 0.4464926 -0.0501893 0.8532243 0.6100115 0.05061444 1.2353 0.4905962 0.05786212 1.42871 0.7800578  O_Gathering_SoClose
-0.1444115 0.2150805 0.5148114 -0.2212472 0.2957398 0.5509108 -0.4028336 0.5721366 0.5633281 -0.3826527 0.8087245 0.3665379 -0.09142075 0.2806741 0.5962471 0.147477 0.4715623 0.646376 0.2128634 0.7627031 0.5684909 -0.1445491 0.4277244 0.586099 -0.2237111 0.8704392 0.5555648 -0.1540186 1.159269 0.2686933 -0.03110276 1.4322 0.4449719 -0.0492746 0.8762044 0.6191272 0.05492582 1.247967 0.4730514 0.05851694 1.428077 0.7710375  O_Gathering_SoClose
-0.1378762 0.2449324 0.5129703 -0.2155377 0.3235923 0.5515822 -0.400881 0.5993795 0.5637974 -0.3701075 0.823548 0.3542527 -0.08532082 0.3089339 0.5959214 0.1517477 0.4995211 0.6339511 0.2146041 0.7893389 0.5493397 -0.1402764 0.455538 0.5898813 -0.2221457 0.8977098 0.5658883 -0.1571402 1.165269 0.2580556 -0.03111861 1.431149 0.4427184 -0.04742901 0.9038985 0.6286362 0.05852856 1.265293 0.4596089 0.05755528 1.427144 0.7679127  O_Gathering_SoClose
-0.1283931 0.2855792 0.5079802 -0.2070148 0.3613036 0.5503567 -0.4012559 0.6340592 0.5631264 -0.3581944 0.8394824 0.3371738 -0.07613121 0.3472291 0.5928849 0.1571097 0.5390677 0.6131247 0.214689 0.8266519 0.5178121 -0.1336912 0.4929554 0.593161 -0.2192249 0.9339103 0.5786256 -0.1615133 1.172442 0.2464412 -0.03227274 1.429801 0.4407023 -0.04396198 0.9406859 0.6397694 0.06466098 1.285402 0.4403318 0.05956014 1.427913 0.7579988  O_Gathering_SoClose
-0.1190892 0.3232986 0.4995335 -0.1985413 0.3957003 0.5459889 -0.3995329 0.6651108 0.558339 -0.3413365 0.8536338 0.3213161 -0.06696884 0.3821303 0.5865082 0.162251 0.5765098 0.5899085 0.2146475 0.8615543 0.4845113 -0.127067 0.5266448 0.5937985 -0.2162112 0.9657272 0.5894679 -0.1657604 1.17729 0.2383684 -0.03413556 1.428161 0.4393972 -0.04040692 0.9731826 0.6489557 0.06981565 1.301898 0.4248999 0.06155111 1.428895 0.7490162  O_Gathering_SoClose
-0.1074507 0.368248 0.4846433 -0.1877437 0.4359118 0.5365032 -0.3954255 0.7000785 0.5477155 -0.3162895 0.8695505 0.302513 -0.05529229 0.422948 0.574263 0.1677914 0.6219414 0.5570062 0.2127204 0.9031668 0.4386925 -0.118454 0.5653341 0.5911797 -0.2119991 1.001035 0.6006597 -0.170709 1.18089 0.231171 -0.03677837 1.425692 0.4380735 -0.03550814 1.009414 0.6579508 0.07434525 1.32289 0.4128617 0.06251593 1.42961 0.7441  O_Gathering_SoClose
-0.09991913 0.3966659 0.472031 -0.1807406 0.4607056 0.5275606 -0.3929037 0.7202164 0.5398029 -0.3018601 0.8798223 0.2921246 -0.04775487 0.4481555 0.5635403 0.1712579 0.6502312 0.5334586 0.2116434 0.9287426 0.4073442 -0.1129412 0.5886206 0.5874079 -0.2095777 1.021428 0.6071471 -0.1740444 1.182159 0.2283624 -0.03876935 1.423861 0.4380158 -0.03267715 1.030432 0.6630644 0.07691325 1.334983 0.4068574 0.06311442 1.429925 0.7415861  O_Gathering_SoClose
-0.07647203 0.485314 0.4176749 -0.1587413 0.5344509 0.4850825 -0.3843425 0.7739032 0.512504 -0.2633231 0.9139282 0.2658161 -0.0242524 0.5234009 0.5155433 0.1795781 0.7368591 0.4471411 0.2051262 1.005066 0.2970852 -0.0958852 0.6537445 0.5648249 -0.2034067 1.072671 0.6240443 -0.1845338 1.182097 0.2262448 -0.04508499 1.417447 0.4403437 -0.02538423 1.083835 0.6758603 0.08401377 1.367458 0.3965868 0.06510432 1.430808 0.7384595  O_Gathering_SoClose
-0.06737082 0.5198237 0.3897814 -0.1501899 0.5612971 0.4615697 -0.3811934 0.7903525 0.5036749 -0.2536217 0.926715 0.2582401 -0.01523863 0.5509206 0.4901656 0.1819435 0.769605 0.4085025 0.2022204 1.033288 0.2498697 -0.08948193 0.6748823 0.550753 -0.2021189 1.085845 0.6290807 -0.188542 1.181132 0.2274455 -0.04732619 1.414837 0.4421862 -0.02378498 1.098025 0.6795801 0.08671202 1.377241 0.3963274 0.06575365 1.4309 0.7397355  O_Gathering_SoClose
-0.06059067 0.5452449 0.3683103 -0.1438097 0.5804988 0.4429454 -0.3795405 0.8001171 0.4978875 -0.2492182 0.9354178 0.2533115 -0.00856976 0.5707008 0.4703573 0.182748 0.7938573 0.3803076 0.1986222 1.054622 0.2164348 -0.08476762 0.6889611 0.5393337 -0.2015979 1.092889 0.6326522 -0.1914149 1.180057 0.2290772 -0.04888747 1.41286 0.4439315 -0.02310078 1.10605 0.6823219 0.08930226 1.382135 0.3967589 0.06633861 1.430487 0.740827  O_Gathering_SoClose
-0.05341319 0.5717162 0.3442744 -0.137079 0.5997524 0.4214791 -0.3766823 0.8081086 0.4944471 -0.2465873 0.9443524 0.2502745 -0.001591487 0.5906084 0.4478754 0.1833026 0.8189868 0.3503927 0.1950377 1.077008 0.1818947 -0.07992642 0.7017113 0.5257801 -0.2017509 1.09687 0.636124 -0.1944622 1.178602 0.2313508 -0.05038832 1.410781 0.4458493 -0.02316873 1.111326 0.6851233 0.09251226 1.3846 0.3981694 0.06699373 1.429546 0.7425188  O_Gathering_SoClose
-0.03877841 0.6340714 0.2950014 -0.1227993 0.6447834 0.3762287 -0.3690693 0.8213483 0.48711 -0.2422882 0.9641495 0.2449492 0.01325657 0.6378101 0.4002589 0.1820389 0.876277 0.2861108 0.1856833 1.125404 0.1043781 -0.06943832 0.72951 0.4967059 -0.2028012 1.101121 0.6440548 -0.2016551 1.174253 0.2375759 -0.05365352 1.405861 0.4500073 -0.02424966 1.119397 0.6918763 0.104604 1.383271 0.4017547 0.06978108 1.425809 0.7455949  O_Gathering_SoClose
-0.03486977 0.6536556 0.2814692 -0.1187448 0.6588553 0.3634475 -0.3663827 0.8241738 0.4846705 -0.241362 0.9700575 0.2434338 0.0175003 0.6529304 0.3866729 0.1803599 0.8948432 0.2693247 0.1811807 1.142029 0.08492649 -0.06637202 0.737854 0.4881753 -0.2032345 1.101294 0.6464175 -0.2037513 1.172541 0.2396029 -0.05455301 1.404233 0.4511036 -0.02476089 1.12083 0.6940311 0.1092089 1.380989 0.4028734 0.07089444 1.424225 0.7462548  O_Gathering_SoClose
-0.03073041 0.676012 0.267002 -0.114308 0.6748714 0.3495201 -0.3630417 0.8266884 0.4818109 -0.2406414 0.9766877 0.2417573 0.02213879 0.6704025 0.3718704 0.1783164 0.9158417 0.2513193 0.1764348 1.160576 0.06368721 -0.06299625 0.7472023 0.4786562 -0.2038467 1.100773 0.6491417 -0.2060888 1.170387 0.2420501 -0.05555515 1.402364 0.452288 -0.02550416 1.121751 0.6966327 0.1148124 1.377145 0.4042486 0.07227845 1.422183 0.7469004  O_Gathering_SoClose
-0.02595953 0.7123938 0.2462038 -0.1082333 0.700653 0.3293599 -0.3576773 0.8294426 0.4768528 -0.240455 0.987312 0.2392739 0.02859308 0.7000017 0.3497413 0.1735751 0.9514275 0.2257112 0.1680767 1.19273 0.03375471 -0.05813019 0.7625813 0.46425 -0.2047468 1.099645 0.6530703 -0.2093283 1.166651 0.245561 -0.05683677 1.399184 0.4537634 -0.02664695 1.122518 0.7005972 0.1231188 1.370256 0.40632 0.07446297 1.418756 0.7476825  O_Gathering_SoClose
-0.02435426 0.7424015 0.2315367 -0.1045044 0.7214979 0.3151292 -0.3534889 0.8305921 0.472308 -0.2410322 0.9957688 0.237409 0.03256114 0.7258441 0.3333334 0.1679551 0.9826685 0.2079376 0.1602871 1.221808 0.01336658 -0.05481766 0.7755935 0.4534968 -0.2052936 1.098932 0.6558226 -0.2115313 1.163518 0.2479442 -0.05752103 1.396473 0.4545516 -0.02736334 1.122764 0.7035135 0.1287124 1.364678 0.4076737 0.07621773 1.416013 0.748051  O_Gathering_SoClose
-0.02761678 0.7775807 0.2170719 -0.1029348 0.7450672 0.3017133 -0.3500112 0.8303645 0.4664773 -0.2414611 1.001781 0.2342261 0.03400644 0.7586162 0.315883 0.1572971 1.022937 0.1904463 0.1478986 1.261034 -0.005323529 -0.05223815 0.7912983 0.4425443 -0.2053901 1.099473 0.6582202 -0.2131468 1.160082 0.2497586 -0.05743502 1.393147 0.4549612 -0.02750425 1.123122 0.7061671 0.1317553 1.360562 0.4084047 0.07796176 1.413251 0.7483724  O_Gathering_SoClose
-0.03436844 0.7993308 0.2095507 -0.1039175 0.7582278 0.2956737 -0.3471072 0.8269206 0.4625996 -0.2419886 1.004507 0.233426 0.0320247 0.7817967 0.3057479 0.1461463 1.052744 0.1810111 0.1358658 1.292193 -0.01305783 -0.05145071 0.8010286 0.4369401 -0.2050014 1.100708 0.6586341 -0.2135907 1.158543 0.2497867 -0.05668841 1.391119 0.4546384 -0.02707849 1.123709 0.7067579 0.1337859 1.359294 0.4083856 0.07969703 1.41187 0.7483243  O_Gathering_SoClose
-0.04028587 0.8083587 0.2064928 -0.1053731 0.7626833 0.2940315 -0.3448035 0.8228058 0.4604024 -0.2426544 1.005585 0.2339848 0.029265 0.7936574 0.3011345 0.138445 1.069403 0.1779627 0.1272219 1.311957 -0.01215804 -0.051504 0.8050044 0.434914 -0.2046062 1.101668 0.6582612 -0.2135869 1.15825 0.2492474 -0.05604873 1.390278 0.4542316 -0.02666877 1.124127 0.7065872 0.1350655 1.359276 0.4083413 0.0808958 1.411444 0.7483295  O_Gathering_SoClose
-0.04437564 0.8107181 0.2053274 -0.1065735 0.7630265 0.2940677 -0.343142 0.8193939 0.4592499 -0.2434192 1.005973 0.2348593 0.02698715 0.7987034 0.2991627 0.134296 1.077725 0.1780437 0.1221442 1.323882 -0.007329583 -0.05178742 0.805968 0.4344076 -0.204382 1.102195 0.6577815 -0.2134548 1.158423 0.2487205 -0.05566375 1.390033 0.4539832 -0.02647076 1.124293 0.7063702 0.1357814 1.359547 0.4084891 0.08152415 1.411394 0.7485126  O_Gathering_SoClose
-0.04786537 0.8111818 0.2042812 -0.1077729 0.7626386 0.2943729 -0.3417926 0.8162983 0.4583977 -0.2441834 1.005862 0.2355856 0.02474274 0.8022064 0.2977298 0.1326143 1.084536 0.1817654 0.1143165 1.336196 0.004460692 -0.05219023 0.8063494 0.4341611 -0.2042228 1.102614 0.6572107 -0.2134697 1.158694 0.2481335 -0.05555389 1.389872 0.4537863 -0.02636467 1.124377 0.7061433 0.1362365 1.360218 0.4089168 0.08194639 1.411597 0.7490062  O_Gathering_SoClose
-0.04906885 0.8098695 0.2037629 -0.1083819 0.7618493 0.2947096 -0.3414293 0.8150104 0.4582533 -0.2446766 1.005397 0.2357692 0.02373453 0.8027798 0.2973961 0.1344986 1.086694 0.1870602 0.1092637 1.343281 0.01785409 -0.05252967 0.8060832 0.434225 -0.2042535 1.102716 0.6568054 -0.2135817 1.158916 0.2477468 -0.05574552 1.389848 0.4537376 -0.02644513 1.124331 0.705984 0.136265 1.360974 0.4094552 0.08194532 1.411939 0.7496022  O_Gathering_SoClose
-0.04886965 0.8083024 0.203257 -0.1084917 0.76139 0.2947491 -0.3415959 0.8146642 0.4582247 -0.2451632 1.004887 0.2354616 0.02354278 0.802583 0.2974476 0.1390616 1.08709 0.1938308 0.1071509 1.348987 0.03415668 -0.05278127 0.8058678 0.434244 -0.2043477 1.102649 0.6565222 -0.2138312 1.158991 0.2474865 -0.05616353 1.389803 0.453739 -0.02656941 1.12422 0.7058285 0.1360484 1.361874 0.4100593 0.08175488 1.412389 0.7502769  O_Gathering_SoClose
-0.04819594 0.8052388 0.2029055 -0.1087746 0.7602824 0.2949604 -0.3422973 0.8148349 0.4581183 -0.2457283 1.00392 0.2344474 0.02333214 0.8012153 0.2980546 0.1468288 1.085348 0.204471 0.107936 1.354295 0.05866611 -0.05355797 0.8051854 0.4345154 -0.204913 1.102503 0.6559728 -0.2142202 1.159224 0.2469853 -0.05680482 1.389812 0.4536823 -0.02714889 1.124079 0.7053279 0.1358319 1.363385 0.4110941 0.08138771 1.413268 0.7513813  O_Gathering_SoClose
-0.04801742 0.8018636 0.2030133 -0.1094829 0.7586768 0.2954835 -0.3431495 0.8152038 0.4578279 -0.2461019 1.002845 0.2331499 0.02269276 0.7993547 0.2989701 0.1535443 1.082347 0.2140826 0.1117717 1.356566 0.07931125 -0.05481158 0.8041912 0.4350551 -0.2058645 1.102443 0.6552633 -0.2145349 1.159648 0.2463297 -0.05726288 1.389895 0.4535149 -0.02808086 1.124031 0.7045425 0.1359322 1.364882 0.4121488 0.08112903 1.414253 0.7524527  O_Gathering_SoClose
-0.04797034 0.7994975 0.2031883 -0.1100612 0.7574583 0.2958578 -0.3437522 0.8154708 0.4576091 -0.2463168 1.002074 0.2322358 0.022177 0.7979043 0.2996596 0.1579419 1.07989 0.2208184 0.1146891 1.357177 0.09296739 -0.05579994 0.8034015 0.435449 -0.2066717 1.102356 0.6547126 -0.2147108 1.159984 0.2458247 -0.05754338 1.389972 0.4533771 -0.02887873 1.12395 0.703956 0.1360451 1.365909 0.4129933 0.08090217 1.414992 0.7532843  O_Gathering_SoClose
-0.04800836 0.7966396 0.2035078 -0.1108488 0.7559066 0.2963427 -0.344478 0.8158088 0.4573582 -0.2465498 1.001151 0.2311596 0.02147903 0.7960176 0.300548 0.1628676 1.076591 0.2289203 0.1179587 1.357026 0.1087393 -0.05709432 0.8023766 0.4359554 -0.2077255 1.102249 0.6539997 -0.2148958 1.160439 0.2451757 -0.05782739 1.390082 0.453184 -0.0299177 1.123838 0.7031916 0.1362557 1.367165 0.4140857 0.08064784 1.41593 0.7543467  O_Gathering_SoClose
-0.04809998 0.7926716 0.203966 -0.1120007 0.7536497 0.2969168 -0.3455003 0.8162442 0.4569157 -0.2467743 0.9997584 0.2295765 0.02045353 0.7932678 0.3017648 0.1694011 1.071686 0.2405165 0.123535 1.355843 0.1298121 -0.05901019 0.8008076 0.436591 -0.2094821 1.101902 0.6529597 -0.2150409 1.161042 0.2442468 -0.05820338 1.390239 0.4529208 -0.03168027 1.123491 0.7021736 0.1364678 1.368688 0.4158028 0.08007939 1.417249 0.7559646  O_Gathering_SoClose
-0.04828839 0.7881945 0.2043532 -0.1134314 0.7510045 0.2973017 -0.3466913 0.8166806 0.4562315 -0.24693 0.9980034 0.2275895 0.01915826 0.7900524 0.3030027 0.1762967 1.06594 0.2543768 0.1306725 1.353757 0.1534585 -0.06139491 0.7988371 0.4371051 -0.2119554 1.101136 0.6517266 -0.2150864 1.161662 0.2431906 -0.05862264 1.390396 0.4526514 -0.03419999 1.122734 0.7011036 0.1365324 1.369979 0.4180421 0.07913084 1.418724 0.7580079  O_Gathering_SoClose
-0.04756216 0.7773135 0.205995 -0.1156519 0.7442097 0.2985858 -0.3492558 0.8172202 0.4543542 -0.24624 0.9930801 0.222905 0.01719018 0.781987 0.3065304 0.1910352 1.052011 0.2906083 0.1526376 1.346855 0.2087754 -0.06612478 0.7937595 0.4387025 -0.2180067 1.099082 0.6486439 -0.2141753 1.162569 0.2405638 -0.05974023 1.390843 0.452022 -0.04055629 1.120875 0.6990222 0.1360811 1.372951 0.4239572 0.07533492 1.422454 0.7632316  O_Gathering_SoClose
-0.04690806 0.7727525 0.2067803 -0.1160502 0.7411135 0.299168 -0.3499787 0.816909 0.4536628 -0.2458804 0.9910256 0.2213815 0.01686867 0.7784338 0.3079432 0.1955368 1.046311 0.3039097 0.1612686 1.343283 0.2281622 -0.06745832 0.7913612 0.4393634 -0.2200191 1.097924 0.6474241 -0.2134563 1.162761 0.239591 -0.06008283 1.391081 0.4517707 -0.04272006 1.119823 0.6982869 0.1355815 1.373932 0.4261836 0.07362767 1.423858 0.7651776  O_Gathering_SoClose
-0.04615692 0.7680935 0.2076644 -0.1162587 0.7378531 0.2998527 -0.3505768 0.8163663 0.4531058 -0.2455576 0.9890561 0.2201747 0.01673384 0.7747263 0.3093718 0.1993637 1.040596 0.3158516 0.1699949 1.339385 0.2453769 -0.06850867 0.7888131 0.4400805 -0.2216722 1.096683 0.6461738 -0.212521 1.162914 0.2386149 -0.06030516 1.391363 0.4514898 -0.04451875 1.11868 0.6975001 0.1350024 1.374915 0.4282058 0.07197054 1.425229 0.7669438  O_Gathering_SoClose
-0.04437701 0.7577229 0.2091311 -0.1161997 0.7300047 0.3008751 -0.3509235 0.8138992 0.4521393 -0.2452818 0.9849292 0.2182668 0.01692166 0.7660248 0.3117613 0.2053992 1.028295 0.3360194 0.1858896 1.329794 0.2741965 -0.06997626 0.7823159 0.4411162 -0.2244102 1.092711 0.6438574 -0.2104146 1.162999 0.2371162 -0.06047313 1.392004 0.4510039 -0.0475571 1.114863 0.6961435 0.1329523 1.375669 0.4319466 0.06870647 1.427513 0.7702254  O_Gathering_SoClose
-0.04324518 0.7508454 0.2093743 -0.1158933 0.7242796 0.3008417 -0.3505737 0.811071 0.4514145 -0.2456415 0.9823271 0.2173885 0.01729573 0.7598292 0.3124245 0.2081039 1.02039 0.3438166 0.1933996 1.322775 0.2850703 -0.07040732 0.7772074 0.4410928 -0.2256282 1.088829 0.6428241 -0.2092458 1.162884 0.2368411 -0.06033627 1.392412 0.450889 -0.04894571 1.110989 0.69568 0.1308794 1.374628 0.4338392 0.06698681 1.428273 0.7719043  O_Gathering_SoClose
-0.03998784 0.7289186 0.2095722 -0.1146301 0.705166 0.3002638 -0.3485776 0.8000275 0.4492272 -0.2477165 0.9743879 0.2157043 0.01872684 0.7394575 0.313578 0.2142952 0.9961233 0.358838 0.2115728 1.29969 0.3045777 -0.07094119 0.7597439 0.4404539 -0.2284561 1.074732 0.6408066 -0.2061821 1.161889 0.2377161 -0.0595331 1.3936 0.4509724 -0.05225424 1.096746 0.6953028 0.1233495 1.368294 0.4387316 0.06252559 1.429193 0.7761325  O_Gathering_SoClose
-0.03847102 0.7177361 0.2097796 -0.1139749 0.6952574 0.3001035 -0.3474116 0.7939539 0.4481629 -0.2489059 0.9704158 0.2152137 0.01944633 0.7289923 0.314175 0.2166845 0.9840682 0.3645991 0.218905 1.287836 0.3114499 -0.07107608 0.750666 0.4402121 -0.2297007 1.067303 0.6401852 -0.2048727 1.161113 0.2387408 -0.05911253 1.394138 0.4511722 -0.0537294 1.08921 0.6954635 0.1193801 1.364271 0.4409479 0.06049081 1.429277 0.7779258  O_Gathering_SoClose
-0.03661506 0.7023184 0.2102655 -0.113176 0.6815031 0.3001198 -0.3458034 0.7853719 0.44669 -0.2507158 0.9651529 0.2148608 0.02032186 0.7145311 0.3151106 0.2193844 0.9677365 0.371353 0.2275877 1.271579 0.3192257 -0.07124381 0.738084 0.4400524 -0.2312512 1.057 0.6394752 -0.2032248 1.159922 0.2404813 -0.05848764 1.394868 0.4514908 -0.05557583 1.078755 0.6957463 0.1142351 1.358351 0.4439644 0.05803849 1.429185 0.7802266  O_Gathering_SoClose
-0.03505651 0.6877065 0.2109078 -0.1125331 0.6684174 0.3003334 -0.3442878 0.7771261 0.4452857 -0.2524434 0.9603318 0.2148346 0.02103122 0.7008011 0.3161172 0.2216377 0.9524208 0.3766655 0.234977 1.256163 0.3250221 -0.07142811 0.7261292 0.4400495 -0.2325983 1.047236 0.6388835 -0.2017436 1.158691 0.2423981 -0.0578454 1.395525 0.4518665 -0.05718879 1.068818 0.6960438 0.1096846 1.352393 0.4467615 0.05597712 1.428921 0.7821821  O_Gathering_SoClose
-0.03069745 0.6374429 0.2140731 -0.110737 0.6230779 0.3021954 -0.3389159 0.7479048 0.4400939 -0.2590479 0.9447086 0.216494 0.02299203 0.6536074 0.3201336 0.2259734 0.9016239 0.3937653 0.2532954 1.204716 0.3438371 -0.07192187 0.6848937 0.4408063 -0.2365265 1.013417 0.6370724 -0.1974365 1.153784 0.2506226 -0.05619804 1.397745 0.4536217 -0.06190829 1.034619 0.6967424 0.09519966 1.331416 0.4566749 0.04990359 1.427557 0.7882665  O_Gathering_SoClose
-0.0285577 0.5981601 0.2179736 -0.1103336 0.5877451 0.3050655 -0.3352173 0.7252234 0.4357256 -0.2639156 0.9327139 0.2189974 0.02352716 0.6167811 0.3244418 0.2288227 0.8623368 0.4038562 0.2656706 1.164476 0.3542722 -0.07293247 0.6530163 0.4424757 -0.2392252 0.9878449 0.6353549 -0.1940064 1.14968 0.2580761 -0.05458031 1.399408 0.455232 -0.06516652 1.008616 0.6967853 0.0858034 1.315039 0.4650182 0.04637535 1.426419 0.7925662  O_Gathering_SoClose
-0.02770035 0.5756146 0.2206067 -0.1103418 0.5674647 0.3071231 -0.3332222 0.7120063 0.4332136 -0.2666031 0.9252225 0.2205909 0.02359154 0.5956789 0.3271993 0.2296454 0.840206 0.4098362 0.2711484 1.141831 0.3608016 -0.07359229 0.6348175 0.4437021 -0.2406129 0.973317 0.6342453 -0.1924184 1.147297 0.2627844 -0.05388574 1.400357 0.4562863 -0.06683867 0.9939013 0.6965374 0.08080824 1.305907 0.4701394 0.04463299 1.425777 0.7950553  O_Gathering_SoClose
-0.02715872 0.5537525 0.22343 -0.110563 0.5478493 0.3093952 -0.3314324 0.6990883 0.4308599 -0.2690519 0.917473 0.2222351 0.02344431 0.5752705 0.3300685 0.2299705 0.819021 0.4156383 0.2755171 1.120177 0.3673137 -0.07433216 0.6173046 0.4450568 -0.2418465 0.9594693 0.6329612 -0.1909835 1.145023 0.2675055 -0.05333857 1.401306 0.4573649 -0.0683233 0.9799035 0.6959981 0.07627238 1.297378 0.475304 0.04313292 1.425249 0.7974819  O_Gathering_SoClose
-0.02727674 0.5007975 0.2314581 -0.1122832 0.5008279 0.3160456 -0.3282267 0.6675996 0.4260091 -0.2737198 0.8958719 0.2259382 0.02193906 0.5262166 0.3378876 0.22943 0.7685643 0.4291381 0.2834585 1.068666 0.3830484 -0.07683514 0.5758094 0.4489444 -0.244398 0.9276586 0.6283239 -0.1869885 1.140012 0.2787746 -0.05202512 1.403871 0.4599861 -0.07138483 0.9477755 0.6928471 0.06685527 1.278802 0.4886063 0.04030772 1.424745 0.8036364  O_Gathering_SoClose
-0.02822123 0.4714111 0.2366723 -0.1139631 0.4750193 0.3204368 -0.3269665 0.6501448 0.4236978 -0.2760821 0.8831174 0.2281421 0.02039953 0.4991978 0.3427824 0.2282774 0.7410318 0.4365557 0.2863023 1.040616 0.3919791 -0.07865618 0.553291 0.4514621 -0.2455529 0.910925 0.6248692 -0.1846814 1.137523 0.284983 -0.05136375 1.405393 0.4614643 -0.07277445 0.9308982 0.6900634 0.06231101 1.269519 0.496436 0.03916814 1.424868 0.807207  O_Gathering_SoClose
-0.02966921 0.445253 0.2419075 -0.1159722 0.4522744 0.3248752 -0.326098 0.6347966 0.4218987 -0.2783191 0.8718766 0.2305411 0.01853164 0.4752911 0.3475956 0.2266606 0.7168111 0.4433049 0.2878534 1.015983 0.4002255 -0.08059542 0.53363 0.4539899 -0.2464245 0.8967124 0.6211628 -0.1827616 1.135634 0.2903489 -0.0508912 1.406884 0.4627074 -0.07384054 0.9165821 0.686901 0.05859955 1.261962 0.5036634 0.03837379 1.425326 0.8105034  O_Gathering_SoClose
-0.03217058 0.4133232 0.2489847 -0.1190293 0.4247432 0.3308767 -0.3253481 0.616165 0.4199237 -0.2811334 0.8581049 0.2338656 0.01565935 0.4462498 0.353978 0.223981 0.6875465 0.4516777 0.288554 0.9862854 0.410571 -0.08332567 0.5099944 0.4573606 -0.2472778 0.8799581 0.6159185 -0.1804163 1.133512 0.2968348 -0.05037199 1.408724 0.4642295 -0.07490377 0.8997231 0.6822366 0.05441304 1.253252 0.5128316 0.03768285 1.426046 0.8146762  O_Gathering_SoClose
-0.03605006 0.3786449 0.2574295 -0.1232905 0.3951131 0.338046 -0.3249692 0.5960451 0.4180306 -0.2847207 0.8436713 0.238674 0.01162322 0.414856 0.3614076 0.2202269 0.6559792 0.4608692 0.2881399 0.9543078 0.4222392 -0.08684789 0.4847105 0.4612736 -0.2478644 0.8623431 0.6092552 -0.1776979 1.131358 0.3038334 -0.04994629 1.410843 0.4658254 -0.0756415 0.8820179 0.6759914 0.05013152 1.244287 0.523199 0.03734298 1.427323 0.8191417  O_Gathering_SoClose
-0.04530404 0.3218725 0.2729801 -0.1325919 0.3472421 0.3512 -0.325677 0.5632673 0.415449 -0.2925146 0.8211743 0.2496427 0.002743201 0.3637544 0.3746308 0.2120862 0.6046069 0.4760927 0.2847395 0.9024193 0.4424232 -0.09397869 0.4441297 0.4680871 -0.2479588 0.8345824 0.5957135 -0.1725746 1.128057 0.3150634 -0.04923848 1.414463 0.4681429 -0.07578485 0.8541403 0.6626104 0.04353728 1.23042 0.5418667 0.03752174 1.429882 0.8272203  O_Gathering_SoClose
-0.04891733 0.3015294 0.2775582 -0.1360547 0.3300411 0.3548583 -0.3270542 0.5507076 0.4142097 -0.2982712 0.8131149 0.2547687 -0.0005702208 0.3453418 0.3782481 0.2094546 0.5857815 0.4805845 0.2840949 0.8833852 0.4495157 -0.09644334 0.4293497 0.469355 -0.2473553 0.824088 0.589166 -0.1703547 1.126651 0.3187932 -0.0488445 1.415661 0.4684008 -0.07514666 0.8435852 0.655991 0.0399064 1.226364 0.5528082 0.03569933 1.429462 0.8356184  O_Gathering_SoClose
-0.05302636 0.2811919 0.2821983 -0.1399113 0.3128499 0.3585523 -0.3295092 0.5378146 0.413484 -0.3064538 0.8051367 0.2614487 -0.004274411 0.3268875 0.3818511 0.2067476 0.5666668 0.4851974 0.2836322 0.8640161 0.4573296 -0.09915899 0.4144892 0.4705766 -0.2466305 0.813382 0.5821513 -0.1681505 1.125264 0.3230275 -0.04865138 1.416964 0.4689883 -0.07435422 0.8328068 0.6488227 0.03712495 1.220772 0.5624574 0.03551646 1.429836 0.8409132  O_Gathering_SoClose
-0.06130121 0.2494984 0.2894133 -0.1473303 0.2860612 0.3645352 -0.3349998 0.5173941 0.4131907 -0.322351 0.7926764 0.2747453 -0.01137559 0.2980328 0.3871235 0.2009712 0.5368191 0.4918565 0.2805271 0.8339533 0.469797 -0.1041548 0.3911486 0.4723929 -0.2455404 0.796095 0.5715283 -0.1648411 1.122749 0.3320302 -0.04897128 1.419213 0.4711598 -0.07288574 0.8153732 0.637257 0.03542854 1.206881 0.5638202 0.03967657 1.429999 0.8311185  O_Gathering_SoClose
-0.07559256 0.2074753 0.2955335 -0.1592926 0.2505597 0.3698248 -0.3448751 0.4897103 0.4120735 -0.3485168 0.7751277 0.2953209 -0.02270059 0.2595372 0.3898071 0.1931797 0.4963768 0.4938124 0.2774622 0.7926432 0.4787477 -0.1113003 0.3598106 0.4713224 -0.2432004 0.7719302 0.5555137 -0.1593936 1.118094 0.3464173 -0.04904668 1.421955 0.4735626 -0.06930576 0.7909065 0.6179808 0.03169711 1.184997 0.5480207 0.04146286 1.420534 0.8042926  O_Gathering_SoClose
-0.08717333 0.1824125 0.3001331 -0.1684836 0.2299305 0.3743747 -0.3533945 0.4735571 0.4151715 -0.3655632 0.7625471 0.308194 -0.03136484 0.236811 0.3913563 0.1871455 0.4724836 0.4931072 0.2741195 0.7681546 0.4822172 -0.116286 0.3418349 0.4707783 -0.2412135 0.7582711 0.5455574 -0.156045 1.115385 0.3563732 -0.04924951 1.423903 0.4750551 -0.06598447 0.7770599 0.604237 0.03152778 1.168325 0.5158848 0.04358627 1.409896 0.7663769  O_Gathering_SoClose
-0.09336238 0.1703248 0.3025168 -0.173239 0.220131 0.3768147 -0.3581945 0.4658262 0.4176983 -0.3746165 0.7561893 0.3150972 -0.03585402 0.2258934 0.3919619 0.1838743 0.4610881 0.4920443 0.271873 0.7565198 0.4830583 -0.1186833 0.3333299 0.4703587 -0.2400018 0.7518013 0.5405082 -0.1542918 1.114029 0.3615679 -0.04935787 1.424874 0.4757522 -0.06399398 0.7704844 0.5968436 0.03173335 1.158866 0.4948648 0.04500105 1.403432 0.742371  O_Gathering_SoClose
-0.1003829 0.1574968 0.3053755 -0.1784954 0.2098749 0.3797807 -0.3643785 0.45752 0.4221419 -0.3857571 0.7488272 0.3231944 -0.04083047 0.2143509 0.3926486 0.1802339 0.4491452 0.4901708 0.2692156 0.7443244 0.4826974 -0.1211707 0.3244668 0.46991 -0.2385101 0.7450553 0.5350894 -0.1521271 1.112181 0.3667692 -0.04917661 1.425761 0.4751319 -0.06157504 0.7636218 0.5884818 0.03220322 1.147129 0.4679364 0.0471737 1.395747 0.7112731  O_Gathering_SoClose
-0.11414 0.1328566 0.3105167 -0.1881909 0.1905414 0.3851494 -0.3749191 0.4423245 0.4294709 -0.4076175 0.7370952 0.3449215 -0.05007343 0.1922446 0.3927602 0.173501 0.4264528 0.483538 0.2640103 0.7212138 0.4782103 -0.1249313 0.3077747 0.4675831 -0.2344153 0.7322331 0.5231785 -0.1484102 1.110446 0.3812889 -0.05086217 1.428763 0.4804476 -0.05550353 0.7505004 0.5696372 0.0329196 1.118234 0.4042381 0.05257054 1.376778 0.6366533  O_Gathering_SoClose
-0.1213311 0.1192299 0.3133658 -0.1928484 0.1800226 0.3880028 -0.3763161 0.4354299 0.4265097 -0.4197223 0.73473 0.3661536 -0.05458013 0.1800301 0.3923792 0.1703421 0.4138992 0.4787182 0.2617023 0.7084156 0.4744958 -0.1261379 0.2986557 0.4655699 -0.2314258 0.7250899 0.5159944 -0.145286 1.108218 0.388059 -0.05067645 1.429885 0.4789051 -0.05140559 0.743131 0.5580515 0.03256144 1.099272 0.366958 0.05632688 1.364541 0.5912694  O_Gathering_SoClose
-0.1246506 0.1116923 0.3148717 -0.1947408 0.1742402 0.3894118 -0.3772282 0.4313321 0.4259275 -0.4268624 0.7318084 0.3773698 -0.05643098 0.1732718 0.3920044 0.1691399 0.4069932 0.475664 0.2608812 0.7013968 0.4718784 -0.1261546 0.2936201 0.4641455 -0.2292195 0.7211057 0.5116752 -0.143398 1.10714 0.3925651 -0.05081556 1.430633 0.4789051 -0.0486183 0.7389836 0.551237 0.03252949 1.089313 0.3485364 0.05858489 1.358571 0.5677837  O_Gathering_SoClose
-0.1276074 0.1034042 0.3167247 -0.1961488 0.1678957 0.3910488 -0.3792624 0.4263407 0.4287828 -0.4339674 0.7271665 0.3885487 -0.05782847 0.1658343 0.3917507 0.1683205 0.3994614 0.4722689 0.2603391 0.6937814 0.4687179 -0.1255747 0.2880667 0.4625958 -0.2263242 0.7166715 0.5069221 -0.1411677 1.10589 0.3981484 -0.05112181 1.431462 0.4791964 -0.04512761 0.7343331 0.5437654 0.03327443 1.079386 0.3311747 0.06196393 1.354128 0.5431699  O_Gathering_SoClose
-0.1298049 0.09498036 0.318683 -0.196783 0.1614722 0.3926691 -0.3816131 0.4209306 0.4339064 -0.4400048 0.7217547 0.3992256 -0.05848728 0.1582793 0.3915013 0.1681236 0.3918726 0.4686121 0.2602987 0.6861441 0.4650763 -0.1242563 0.2824248 0.4608678 -0.2227855 0.7121313 0.5019039 -0.1387645 1.104617 0.4045886 -0.05171243 1.432297 0.4802297 -0.04102288 0.7295362 0.5359768 0.0348353 1.070618 0.3161768 0.06613059 1.351382 0.5197443  O_Gathering_SoClose
-0.1310719 0.08042371 0.323193 -0.1953634 0.1505743 0.3961767 -0.3852577 0.4108818 0.4460963 -0.4476852 0.7111849 0.4140276 -0.05719076 0.1453252 0.3919305 0.1699954 0.3789138 0.4627045 0.2622822 0.6731465 0.4588784 -0.1195928 0.2728957 0.4581207 -0.2144355 0.7045324 0.4927386 -0.1334923 1.102277 0.4164346 -0.05269102 1.433748 0.4817942 -0.03177784 0.7213468 0.5219792 0.04003676 1.05715 0.292889 0.0748945 1.348147 0.480915  O_Gathering_SoClose
-0.1306563 0.07478893 0.3254369 -0.1939017 0.1464525 0.3978628 -0.3863048 0.4067065 0.4520611 -0.4492377 0.7067649 0.4187149 -0.05580376 0.1403656 0.3924612 0.1715174 0.3739831 0.4605511 0.2637711 0.6682226 0.4564604 -0.1169093 0.269322 0.4571589 -0.210377 0.7017164 0.488994 -0.1310918 1.10134 0.4212478 -0.05310373 1.434289 0.4823793 -0.02739619 0.718247 0.5163125 0.04330077 1.053069 0.285446 0.07912643 1.34821 0.46671  O_Gathering_SoClose
-0.1301073 0.06997359 0.3277792 -0.1924144 0.1430243 0.39963 -0.3866906 0.4032894 0.4571322 -0.4499858 0.7031564 0.4227656 -0.05439601 0.1361817 0.3931993 0.1730101 0.3698382 0.4587859 0.2651972 0.664094 0.4543804 -0.1143535 0.2663915 0.4564437 -0.2066268 0.6994475 0.4856809 -0.1288885 1.100537 0.4251965 -0.05343322 1.434708 0.4827312 -0.0233684 0.7157062 0.5112456 0.047004 1.050667 0.2804807 0.08328314 1.349805 0.454975  O_Gathering_SoClose
-0.1292356 0.06508541 0.3306006 -0.1905475 0.1396395 0.4017605 -0.3865736 0.3999517 0.4623507 -0.4501119 0.6996089 0.4266309 -0.05262647 0.1319873 0.3942455 0.1748194 0.3657029 0.457055 0.2668817 0.659991 0.4522184 -0.1113815 0.2635366 0.4558252 -0.2024249 0.6972834 0.4821657 -0.1264759 1.09978 0.4292239 -0.05384992 1.4352 0.4830087 -0.01888417 0.7132277 0.5058326 0.05210282 1.049511 0.2771891 0.08852734 1.353118 0.443755  O_Gathering_SoClose
-0.1277141 0.05917454 0.3347996 -0.1877635 0.1357113 0.4049233 -0.3857537 0.3961127 0.4690746 -0.4492769 0.6955042 0.431167 -0.04998521 0.1270143 0.3960489 0.1774405 0.3608276 0.4551376 0.2692756 0.6551747 0.4496154 -0.1072381 0.2602969 0.4552706 -0.196787 0.6948959 0.4777373 -0.1233439 1.098932 0.43374 -0.05425326 1.435776 0.4831012 -0.0129082 0.7104073 0.4989394 0.05974241 1.049672 0.2752765 0.09607793 1.359257 0.4304675  O_Gathering_SoClose
-0.1263565 0.05498457 0.3385438 -0.1854585 0.1330823 0.4077452 -0.3846618 0.3936139 0.4743279 -0.4478747 0.6928427 0.4346579 -0.04780177 0.1235875 0.397859 0.1795605 0.3574892 0.4540061 0.2711837 0.6518902 0.4478768 -0.1039488 0.258206 0.4550842 -0.192436 0.6934131 0.4745306 -0.1210316 1.098394 0.4362344 -0.05438576 1.436122 0.4828399 -0.008320374 0.7085832 0.4938396 0.06574859 1.050541 0.2747916 0.1019246 1.364886 0.4201416  O_Gathering_SoClose
-0.1238412 0.04911101 0.3454794 -0.1814867 0.1297277 0.4130005 -0.382066 0.390643 0.4827489 -0.4442123 0.6896477 0.4398359 -0.04404215 0.118986 0.4015607 0.183113 0.3530582 0.4528722 0.2742986 0.6475693 0.4456114 -0.09853308 0.2557019 0.4553088 -0.1854922 0.6917934 0.4698795 -0.117665 1.097992 0.438629 -0.05481504 1.43688 0.4819778 -0.001040084 0.7064019 0.4861749 0.07611008 1.053007 0.2756604 0.112177 1.37514 0.4028496  O_Gathering_SoClose
-0.1216196 0.04517627 0.3506116 -0.1783138 0.1275908 0.4167536 -0.379791 0.3887285 0.488551 -0.4412365 0.6875852 0.4436444 -0.04102467 0.1159841 0.4043349 0.1859105 0.3501847 0.452227 0.2767378 0.6447837 0.4440888 -0.09445529 0.2541487 0.4553751 -0.1804642 0.6908002 0.466484 -0.1152606 1.09769 0.4388422 -0.05489938 1.437219 0.4806789 0.004187899 0.705003 0.4807476 0.08290477 1.057093 0.2801484 0.1189019 1.383724 0.3953193  O_Gathering_SoClose
-0.1142517 0.03669512 0.3663262 -0.168904 0.123695 0.4281749 -0.3727687 0.3849026 0.5049084 -0.4332569 0.6834917 0.4570202 -0.03199581 0.1099904 0.4138368 0.1940933 0.3445641 0.4531821 0.2838021 0.6394265 0.4425548 -0.08321927 0.2516328 0.4569987 -0.1673193 0.6894624 0.4593524 -0.1093051 1.097668 0.435335 -0.0549687 1.438299 0.4764746 0.01770921 0.7026308 0.4689754 0.09803249 1.069265 0.2971295 0.1354644 1.406844 0.3738555  O_Gathering_SoClose
-0.1089838 0.0324024 0.3766302 -0.1627924 0.1219457 0.4355177 -0.3676045 0.3832152 0.5141276 -0.4272377 0.6817455 0.4648217 -0.02605836 0.1071032 0.4206599 0.1993959 0.3418669 0.4555296 0.2883544 0.6368984 0.4433988 -0.07636271 0.2505177 0.4587539 -0.1596269 0.6888864 0.4559687 -0.1059031 1.097703 0.432351 -0.05490975 1.43881 0.4738163 0.02554001 0.7014534 0.463508 0.1037592 1.077782 0.3129686 0.1442536 1.419784 0.3643779  O_Gathering_SoClose
-0.1037903 0.02893221 0.3864068 -0.1570849 0.1206576 0.4423288 -0.3623818 0.3821514 0.521571 -0.421166 0.6806954 0.4713377 -0.02045868 0.1048695 0.4274539 0.2043838 0.3397797 0.458764 0.2926378 0.6349655 0.445309 -0.07017164 0.2496915 0.4606889 -0.1528191 0.6884562 0.4533404 -0.1028986 1.09776 0.4298166 -0.05484818 1.439279 0.4714044 0.03243395 0.700491 0.4595059 0.1075316 1.08405 0.3266667 0.1500635 1.428044 0.3599337  O_Gathering_SoClose
-0.09972291 0.02649343 0.3942288 -0.1528054 0.1197802 0.4477166 -0.3581914 0.3816515 0.526482 -0.4163357 0.6802556 0.4758614 -0.01621984 0.1033432 0.4331754 0.2081574 0.3383496 0.4622077 0.2958728 0.6336513 0.4478091 -0.06563847 0.2490948 0.4625634 -0.1478899 0.6881041 0.451867 -0.1006782 1.097752 0.428759 -0.05479972 1.439622 0.4699167 0.0374073 0.6997544 0.4574131 0.1097468 1.086374 0.3321303 0.1527725 1.430928 0.3581904  O_Gathering_SoClose
-0.09607415 0.0244683 0.4012922 -0.1490582 0.1190646 0.4525312 -0.3543772 0.3813741 0.5303339 -0.4120181 0.680049 0.4795555 -0.01248739 0.1021053 0.4384578 0.2114928 0.3371826 0.4657158 0.2987452 0.6325824 0.4505376 -0.06172393 0.2485768 0.4643654 -0.1436542 0.6877695 0.4507898 -0.09874837 1.097707 0.4282144 -0.05476544 1.439903 0.4687275 0.04167386 0.6990849 0.4559892 0.1113941 1.087536 0.3349584 0.154159 1.43238 0.3573588  O_Gathering_SoClose
-0.08888786 0.02084839 0.4155048 -0.1418381 0.1178566 0.4620537 -0.3466456 0.3813204 0.5365814 -0.4036574 0.68016 0.4860648 -0.005259437 0.0999999 0.449221 0.2179982 0.3351676 0.4734782 0.3044057 0.6307439 0.4569615 -0.05428283 0.2476221 0.4680294 -0.1355815 0.6871138 0.4489492 -0.09499376 1.097597 0.4281811 -0.05472873 1.440486 0.4666427 0.04979702 0.6977414 0.4537877 0.114793 1.087995 0.3359689 0.1551876 1.433307 0.3553556  O_Gathering_SoClose
-0.08527778 0.01922297 0.4226264 -0.1382742 0.1173327 0.466751 -0.3427219 0.3814152 0.5391878 -0.3995293 0.6803455 0.4889768 -0.001677735 0.09910119 0.4546574 0.2212799 0.3342749 0.4776934 0.3073265 0.6299263 0.460646 -0.05065272 0.2471539 0.4698628 -0.1316253 0.6867745 0.4481224 -0.09313528 1.097515 0.4284948 -0.05472372 1.440758 0.465681 0.0537761 0.6970333 0.452876 0.116418 1.087806 0.3355054 0.1553363 1.433313 0.3544387  O_Gathering_SoClose
-0.08221297 0.01794612 0.4286202 -0.1352692 0.1169336 0.4706634 -0.339396 0.3815138 0.5412129 -0.3960666 0.6805217 0.4913105 0.001346247 0.09842503 0.4592217 0.2241184 0.3335599 0.4813989 0.3099405 0.6292588 0.4640464 -0.04761193 0.2467661 0.4713625 -0.1282909 0.6864913 0.4474033 -0.0915678 1.097443 0.4288267 -0.05473004 1.44098 0.4648694 0.05713089 0.6964132 0.4520758 0.1177657 1.087775 0.3356174 0.1555864 1.433451 0.353659  O_Gathering_SoClose
-0.0745983 0.01523435 0.442449 -0.1278982 0.1160656 0.4795078 -0.3312308 0.3816683 0.5452513 -0.3876412 0.6808758 0.4962586 0.008782463 0.09706366 0.4697822 0.2312693 0.3320352 0.490528 0.3166628 0.6278301 0.4727052 -0.04022835 0.2458023 0.4746965 -0.120116 0.6857994 0.4456609 -0.08771478 1.097232 0.4299172 -0.05472605 1.441454 0.463034 0.06535883 0.6947758 0.4501365 0.1209764 1.087687 0.3364209 0.1562645 1.433751 0.3519844  O_Gathering_SoClose
-0.07041834 0.01402187 0.4487132 -0.123918 0.1156009 0.4833635 -0.3268864 0.3815504 0.5467018 -0.383149 0.6808685 0.4982184 0.01281031 0.09647322 0.4746026 0.2352577 0.3313524 0.4950451 0.3204658 0.6271886 0.4770216 -0.0362945 0.2452545 0.4760956 -0.115728 0.6854412 0.4447469 -0.08564608 1.097108 0.4306072 -0.05470268 1.441663 0.462211 0.06977816 0.6938145 0.4490913 0.1226665 1.087658 0.3373154 0.156709 1.433912 0.3513378  O_Gathering_SoClose
-0.06719874 0.01318991 0.4520468 -0.1209241 0.115134 0.4852451 -0.3236738 0.3812219 0.5469621 -0.3797913 0.6806139 0.4987668 0.0158539 0.09604156 0.4772133 0.2383039 0.3309357 0.4977182 0.3232912 0.6268153 0.4793643 -0.03340391 0.2447789 0.4766892 -0.1126068 0.6851652 0.444157 -0.08415769 1.096989 0.4312562 -0.05465071 1.441768 0.4617652 0.0729229 0.6930472 0.4484161 0.1240136 1.087595 0.3383001 0.1570866 1.433992 0.351066  O_Gathering_SoClose
-0.06443255 0.0125221 0.4539379 -0.1184008 0.1146528 0.4861549 -0.3210045 0.3807852 0.5466207 -0.3769775 0.6802325 0.4986013 0.0184281 0.0956744 0.478743 0.2409232 0.3306289 0.4995173 0.3257006 0.6265447 0.4807814 -0.03101526 0.2443396 0.476889 -0.1100987 0.6849375 0.4437212 -0.08295636 1.096882 0.4318875 -0.05459527 1.441835 0.4615034 0.07545073 0.6923779 0.4479154 0.1251742 1.08753 0.339353 0.1574404 1.434043 0.3509845  O_Gathering_SoClose
-0.06147538 0.01183248 0.4555281 -0.1157513 0.1140871 0.4868215 -0.3181744 0.3802629 0.545894 -0.3738686 0.6797587 0.4978536 0.02113934 0.09530115 0.4800895 0.2436882 0.3303744 0.5012888 0.3281788 0.6263394 0.4820465 -0.02855603 0.2438618 0.4770097 -0.1075992 0.6847087 0.4432777 -0.08175163 1.096767 0.4325808 -0.0545194 1.441886 0.4613041 0.07797052 0.69166 0.4474119 0.1262614 1.087483 0.3406609 0.1578702 1.434097 0.3510154  O_Gathering_SoClose
-0.05863659 0.01119328 0.4565018 -0.1132573 0.1134828 0.4870723 -0.3154761 0.3797008 0.5447696 -0.3707623 0.6792336 0.4964885 0.0236993 0.09495294 0.4810089 0.2463173 0.3301909 0.5027822 0.330481 0.6262105 0.4829515 -0.02629207 0.2433921 0.477003 -0.1053932 0.6845049 0.4428829 -0.08068119 1.09666 0.4332732 -0.0544341 1.44192 0.4612082 0.0801952 0.6909681 0.4469694 0.1271314 1.087461 0.3421158 0.1583151 1.43415 0.351179  O_Gathering_SoClose
-0.05656914 0.01073301 0.4570626 -0.1114771 0.1130131 0.4871467 -0.3135316 0.3792566 0.5437778 -0.3684401 0.6788093 0.4951915 0.02553238 0.09471762 0.4815859 0.2482009 0.3301145 0.5038432 0.332084 0.6261798 0.4835113 -0.02471797 0.2430516 0.4769696 -0.1039221 0.6843686 0.4426035 -0.07996725 1.096586 0.4337748 -0.05437342 1.441938 0.4611658 0.0816793 0.6904681 0.446659 0.1276769 1.08746 0.3432907 0.1586585 1.434192 0.3513502  O_Gathering_SoClose
-0.05417381 0.01019835 0.4577931 -0.1094617 0.1124474 0.4872812 -0.311306 0.3787125 0.5425423 -0.365681 0.6782798 0.4934477 0.02761515 0.09448326 0.4823307 0.2503258 0.3301181 0.5051812 0.3338163 0.6262473 0.484177 -0.0229948 0.2426697 0.4769672 -0.1023888 0.6842272 0.4422721 -0.07922666 1.096508 0.4343356 -0.05431328 1.441958 0.4611138 0.08322699 0.6898978 0.4462937 0.1282072 1.087484 0.3447784 0.1590835 1.434253 0.3515729  O_Gathering_SoClose
-0.05199889 0.009715438 0.4584173 -0.107678 0.1119052 0.4873694 -0.3093086 0.3781823 0.5412763 -0.3630965 0.6777538 0.4915642 0.02946522 0.09430206 0.4829978 0.2522051 0.3302039 0.5064434 0.3352779 0.6264001 0.4847378 -0.02152894 0.2423313 0.4769701 -0.1011696 0.6841148 0.4419721 -0.07864086 1.096445 0.4348305 -0.0542687 1.441975 0.4610776 0.08445849 0.6893873 0.4459666 0.1285818 1.087528 0.3462628 0.1594812 1.434316 0.3518137  O_Gathering_SoClose
-0.04959885 0.009191871 0.4590687 -0.1057544 0.111286 0.4874319 -0.3071342 0.377561 0.5397419 -0.360187 0.6771238 0.4891948 0.03146632 0.09414184 0.4837149 0.2542243 0.3303925 0.5078553 0.3367722 0.62667 0.4852751 -0.02000962 0.2419728 0.4769644 -0.09999572 0.6840076 0.4416498 -0.078081 1.096384 0.435325 -0.05422656 1.441991 0.4610356 0.08564486 0.6888433 0.4456152 0.1289431 1.087589 0.3479923 0.1599242 1.434391 0.3520998  O_Gathering_SoClose
-0.04746751 0.008732438 0.4596175 -0.1040943 0.1107109 0.4874557 -0.3052344 0.3769667 0.538236 -0.3575405 0.6765077 0.4867901 0.03319951 0.09403861 0.4843396 0.2559581 0.3306565 0.5091351 0.3379734 0.6270135 0.4856747 -0.01876692 0.2416674 0.4769486 -0.09913568 0.6839286 0.4413699 -0.07767753 1.096339 0.4357165 -0.05420391 1.442003 0.4609927 0.08651514 0.6883761 0.445311 0.1292196 1.087659 0.3496403 0.1603264 1.434463 0.3523759  O_Gathering_SoClose
-0.045727 0.00836885 0.4600343 -0.1027657 0.110232 0.4874495 -0.3036986 0.376461 0.5369223 -0.3553377 0.6759741 0.4846452 0.03458925 0.09398353 0.4848317 0.2573386 0.3309349 0.5101846 0.3388775 0.6273602 0.4859399 -0.01781373 0.2414314 0.4769295 -0.09854393 0.6838759 0.4411501 -0.07740413 1.096309 0.4359893 -0.054193 1.442014 0.4609541 0.08711447 0.6880125 0.4450725 0.1294102 1.087724 0.3510212 0.1606534 1.434522 0.3526095  O_Gathering_SoClose
-0.04414193 0.008055329 0.4603814 -0.1015645 0.1098021 0.4874247 -0.3023055 0.375999 0.535693 -0.3533161 0.6754782 0.4826111 0.03584524 0.09395492 0.4852561 0.2585797 0.3312242 0.5111207 0.3396626 0.6277124 0.4861249 -0.01696853 0.2412316 0.4769076 -0.09805374 0.6838363 0.4409603 -0.07717846 1.096288 0.4361848 -0.05418144 1.442024 0.460915 0.0876108 0.6877031 0.4448665 0.1295669 1.087783 0.3522404 0.1609419 1.434572 0.352815  O_Gathering_SoClose
-0.04147379 0.007560968 0.4608954 -0.09957181 0.1090825 0.487337 -0.299975 0.3752069 0.5335234 -0.3498564 0.6746094 0.4789571 0.03792908 0.0939573 0.4859222 0.2606245 0.3318032 0.5126652 0.3408847 0.6283975 0.4863123 -0.01561849 0.2409264 0.476859 -0.09737097 0.6837896 0.4406637 -0.07686977 1.096265 0.4363965 -0.05417166 1.442042 0.4608382 0.08830263 0.6872267 0.4445442 0.129778 1.087892 0.3542632 0.1614219 1.434656 0.3531545  O_Gathering_SoClose
-0.03990207 0.007292509 0.4611591 -0.09840767 0.1086675 0.4872621 -0.2986055 0.3747398 0.5322083 -0.3477944 0.674086 0.4767131 0.03914501 0.09398544 0.4862865 0.2618103 0.3321865 0.5135525 0.3415579 0.6288425 0.4863523 -0.01484988 0.2407657 0.4768261 -0.09702729 0.6837714 0.440502 -0.07671671 1.096259 0.4364637 -0.05416928 1.442053 0.4607896 0.08865078 0.6869737 0.4443682 0.1298855 1.087955 0.3553871 0.1616827 1.4347 0.353341  O_Gathering_SoClose
-0.03802053 0.006996751 0.4614366 -0.09701501 0.1081868 0.4871534 -0.2969645 0.3741895 0.5306195 -0.3453137 0.6734584 0.4739808 0.04059668 0.09404218 0.4866933 0.2632211 0.3326745 0.514582 0.3423348 0.629402 0.4863309 -0.01393775 0.2405931 0.4767832 -0.09664474 0.6837572 0.4403232 -0.07654707 1.096257 0.4364928 -0.0541663 1.442068 0.4607304 0.08903797 0.6867008 0.4441718 0.1300128 1.088023 0.3566211 0.16197 1.434746 0.3535436  O_Gathering_SoClose
-0.03640227 0.006763577 0.4616393 -0.09582172 0.1077849 0.4870399 -0.2955527 0.3737204 0.5292314 -0.3431623 0.672913 0.4715723 0.04183849 0.09411275 0.487017 0.2644231 0.333125 0.5154413 0.342972 0.6299116 0.4862498 -0.0131685 0.2404618 0.4767431 -0.09635435 0.6837524 0.4401821 -0.07642047 1.096261 0.4364671 -0.05416725 1.442083 0.460677 0.08933176 0.6864915 0.4440163 0.1301133 1.08808 0.3576044 0.1622052 1.434783 0.3537024  O_Gathering_SoClose
-0.03445015 0.00650847 0.4618534 -0.09438471 0.1073169 0.4868864 -0.293846 0.3731648 0.5275377 -0.3405483 0.6722544 0.4686159 0.04333075 0.09422243 0.4873852 0.2658639 0.3336989 0.516456 0.3437034 0.6305532 0.4860772 -0.01225112 0.2403241 0.4766921 -0.09604017 0.6837525 0.4400247 -0.0762863 1.096271 0.436406 -0.05417268 1.442101 0.460615 0.08964939 0.6862715 0.4438409 0.1302239 1.088139 0.3586367 0.1624429 1.434819 0.353865  O_Gathering_SoClose
-0.03221611 0.006253839 0.462057 -0.09274112 0.1068081 0.486688 -0.2918859 0.3725477 0.5255755 -0.3375343 0.6715041 0.4651698 0.04503282 0.09438169 0.4877776 0.2675037 0.334394 0.5175856 0.344493 0.6313197 0.485773 -0.01121042 0.2401961 0.476632 -0.09572439 0.6837601 0.4398621 -0.07615666 1.096288 0.4363068 -0.05418656 1.442125 0.4605497 0.08996846 0.6860672 0.4436563 0.130335 1.08819 0.3595637 0.1626473 1.434849 0.3540028  O_Gathering_SoClose
-0.03011958 0.00605166 0.4622086 -0.09120147 0.1063567 0.4864787 -0.2900394 0.3719877 0.5237049 -0.3346785 0.6708032 0.4618658 0.04662283 0.09456563 0.488119 0.2690336 0.3350857 0.5186199 0.3451816 0.6320716 0.4853734 -0.01024614 0.240106 0.4765729 -0.09547798 0.6837744 0.4397267 -0.07606326 1.09631 0.4361895 -0.05421005 1.44215 0.4604949 0.09021719 0.6859243 0.443499 0.1304181 1.088222 0.3601693 0.1627769 1.434869 0.354082  O_Gathering_SoClose
-0.02883385 0.005947471 0.4622897 -0.09025846 0.1060957 0.4863414 -0.2889014 0.371658 0.5225409 -0.3329116 0.6703804 0.4598068 0.04759433 0.09469712 0.4883221 0.2699693 0.3355292 0.5192503 0.3455714 0.632548 0.4850668 -0.009659333 0.2400674 0.4765362 -0.09535317 0.6837855 0.4396499 -0.07602195 1.096325 0.4361271 -0.05423228 1.442167 0.4604686 0.09034307 0.685865 0.4434069 0.1304518 1.088229 0.3603548 0.1627991 1.434874 0.3540958  O_Gathering_SoClose
-0.02606939 0.005785584 0.4624189 -0.08823596 0.1055833 0.4860162 -0.286444 0.3709933 0.5199846 -0.3290754 0.6694923 0.4552664 0.04967226 0.09503901 0.4887346 0.2719741 0.3365458 0.5205826 0.3463189 0.6336216 0.484207 -0.008414252 0.2400376 0.476457 -0.09517203 0.6838192 0.4395097 -0.0759856 1.096365 0.4360079 -0.05430428 1.442208 0.4604343 0.09052576 0.6858293 0.4432286 0.1304699 1.08821 0.360175 0.1626936 1.434868 0.3540181  O_Gathering_SoClose
-0.0247951 0.005720258 0.4624618 -0.08730672 0.1053522 0.4858488 -0.2853008 0.3706905 0.5187644 -0.3272759 0.6690772 0.4531063 0.05062391 0.09520459 0.4889191 0.2728952 0.3370208 0.5212125 0.3465959 0.6341177 0.4837154 -0.007847114 0.2400293 0.4764169 -0.09509926 0.6838335 0.4394497 -0.07597767 1.096383 0.4359683 -0.0543447 1.442227 0.4604248 0.09059919 0.685823 0.4431485 0.1304686 1.088197 0.3600262 0.1626223 1.434863 0.3539699  O_Gathering_SoClose
-0.02367131 0.00566721 0.4624861 -0.0864896 0.1051494 0.4856881 -0.2842883 0.3704242 0.5176591 -0.3256733 0.668705 0.4511517 0.05145903 0.09535468 0.4890765 0.2737059 0.337443 0.5217761 0.3467954 0.6345547 0.4832143 -0.007352157 0.2400247 0.4763793 -0.09504287 0.6838445 0.439401 -0.07597713 1.096397 0.4359497 -0.0543857 1.442242 0.4604234 0.090656 0.6858227 0.4430803 0.1304608 1.088183 0.3598613 0.1625454 1.434857 0.3539222  O_Gathering_SoClose
-0.02252362 0.005617976 0.462499 -0.08565824 0.1049443 0.4855088 -0.2832459 0.3701559 0.516488 -0.3240105 0.668322 0.449088 0.05230703 0.09551239 0.4892358 0.274534 0.3378756 0.5223707 0.3469378 0.6349976 0.4826149 -0.006851776 0.2400228 0.4763373 -0.09498934 0.6838548 0.4393538 -0.07598142 1.09641 0.4359401 -0.05443315 1.442257 0.4604267 0.09071006 0.6858282 0.4430116 0.1304473 1.088167 0.3596557 0.1624524 1.434851 0.3538669  O_Gathering_SoClose
-0.02142279 0.005571604 0.4625028 -0.08486561 0.1047469 0.4853152 -0.2822285 0.3699056 0.5152911 -0.3223639 0.6679538 0.4469985 0.05311306 0.09566426 0.489395 0.2753306 0.3382838 0.5229911 0.3469712 0.635411 0.481913 -0.006376905 0.2400203 0.4762925 -0.09492736 0.683863 0.439308 -0.07598458 1.096421 0.4359301 -0.054485 1.442271 0.4604305 0.09077252 0.685832 0.4429415 0.1304345 1.088152 0.3594636 0.1623571 1.434847 0.3538135  O_Gathering_SoClose
-0.02067016 0.00554049 0.4624938 -0.08432858 0.1046108 0.4851617 -0.2815178 0.3697424 0.5143985 -0.3211906 0.6677015 0.4454497 0.05365767 0.09576881 0.4895071 0.2758779 0.338558 0.523455 0.3469019 0.6356839 0.4813107 -0.006057901 0.2400184 0.4762572 -0.094878 0.6838673 0.4392775 -0.07598667 1.096428 0.4359254 -0.05452565 1.442279 0.4604357 0.09082229 0.6858346 0.4428924 0.1304245 1.088144 0.3593305 0.1622848 1.434845 0.3537759  O_Gathering_SoClose
-0.02001916 0.005514503 0.462479 -0.08386903 0.104493 0.4850076 -0.2808923 0.3696069 0.5135611 -0.3201432 0.6674848 0.4440225 0.05412199 0.09585989 0.4896129 0.2763567 0.3387876 0.523909 0.346737 0.635907 0.4806532 -0.005785925 0.2400166 0.4762229 -0.09482567 0.6838697 0.4392508 -0.0759881 1.096433 0.4359225 -0.05456762 1.442286 0.4604429 0.09087504 0.6858376 0.4428457 0.1304154 1.088136 0.3592051 0.1622127 1.434845 0.3537401  O_Gathering_SoClose
-0.01957248 0.005496979 0.4624661 -0.08355968 0.1044132 0.4848789 -0.2804545 0.3695192 0.5129188 -0.3193995 0.6673416 0.4429721 0.05443271 0.09592307 0.4897026 0.2766938 0.3389337 0.5242943 0.3464923 0.6360427 0.4800357 -0.005602462 0.2400157 0.4761952 -0.09477411 0.6838697 0.4392303 -0.07598649 1.096436 0.4359215 -0.05460403 1.44229 0.4604491 0.0909269 0.6858407 0.4428071 0.13041 1.088132 0.3591012 0.1621505 1.434847 0.3537101  O_Gathering_SoClose
-0.01919912 0.005482316 0.4624447 -0.08331643 0.1043476 0.4847111 -0.280067 0.3694626 0.5122002 -0.3187097 0.6672352 0.4418749 0.05467321 0.09597671 0.4898146 0.2769967 0.3390297 0.5247878 0.3459701 0.6361161 0.4791073 -0.005458398 0.2400155 0.4761614 -0.09469436 0.6838658 0.4392084 -0.07598059 1.096435 0.4359239 -0.05465458 1.442292 0.4604605 0.09100701 0.685846 0.4427599 0.130406 1.088128 0.3589743 0.1620667 1.434852 0.3536724  O_Gathering_SoClose
-0.01895867 0.005473256 0.4624261 -0.08316593 0.1043078 0.484569 -0.279818 0.369427 0.5116748 -0.3182718 0.6671751 0.441142 0.05481907 0.09600985 0.4899114 0.277209 0.3390695 0.5252093 0.3454431 0.6361278 0.4782532 -0.005364163 0.2400154 0.4761351 -0.09462939 0.6838624 0.4391931 -0.0759735 1.096435 0.4359277 -0.05469183 1.442294 0.4604715 0.09107234 0.6858497 0.4427241 0.1304054 1.088125 0.3588761 0.1620033 1.434856 0.3536443  O_Gathering_SoClose
-0.01882587 0.005468488 0.4624113 -0.08308642 0.1042894 0.4844602 -0.2796913 0.3694017 0.5113577 -0.3180694 0.6671492 0.440781 0.05489339 0.09602535 0.4899863 0.2773449 0.3390684 0.5255336 0.3449895 0.6360986 0.4775575 -0.005306525 0.240015 0.4761184 -0.09458546 0.6838604 0.4391826 -0.0759664 1.096435 0.4359311 -0.05471281 1.442295 0.4604801 0.09111644 0.6858515 0.4427012 0.1304075 1.088123 0.3588108 0.161965 1.434858 0.3536276  O_Gathering_SoClose
-0.01871691 0.005464673 0.462396 -0.08302639 0.1042773 0.4843401 -0.2795892 0.3693818 0.511043 -0.3179149 0.6671374 0.4404715 0.05494632 0.09603608 0.4900731 0.2774741 0.3390449 0.5258993 0.344418 0.6360359 0.4767126 -0.005256159 0.2400147 0.4761022 -0.0945404 0.6838585 0.4391741 -0.07595794 1.096434 0.4359368 -0.05473218 1.442296 0.4604915 0.09116174 0.6858529 0.4426788 0.1304108 1.088119 0.3587464 0.1619278 1.434859 0.3536123  O_Gathering_SoClose
-0.01863895 0.005461931 0.462387 -0.08298461 0.1042689 0.4842499 -0.2795048 0.3693755 0.5107869 -0.3177752 0.667134 0.4401988 0.05498232 0.09604347 0.4901427 0.2775694 0.3390242 0.5261821 0.3439389 0.6359789 0.4760083 -0.00521992 0.2400144 0.4760913 -0.09451096 0.6838572 0.4391683 -0.07595293 1.096434 0.4359406 -0.05474554 1.442297 0.4604992 0.09119131 0.6858537 0.442664 0.1304123 1.088117 0.3587025 0.1619023 1.434859 0.3536018  O_Gathering_SoClose
-0.01858698 0.005459905 0.4623817 -0.0829594 0.1042644 0.4841765 -0.2794426 0.3693757 0.510579 -0.3176688 0.6671374 0.4399813 0.05500223 0.0960474 0.4902028 0.2776402 0.3390009 0.5264171 0.3434868 0.6359196 0.4753488 -0.005194826 0.240014 0.4760846 -0.09449016 0.6838562 0.4391655 -0.075949 1.096434 0.4359449 -0.05475448 1.442297 0.4605058 0.09121223 0.6858539 0.4426535 0.130413 1.088115 0.3586711 0.1618837 1.434859 0.3535947  O_Gathering_SoClose
-0.01855556 0.005458474 0.4623793 -0.08294408 0.1042612 0.484135 -0.2794065 0.3693744 0.5104603 -0.3176071 0.667138 0.4398555 0.05501457 0.09605014 0.4902376 0.2776792 0.3389907 0.5265483 0.3431847 0.635885 0.4749035 -0.0051807 0.2400137 0.4760813 -0.09447883 0.6838556 0.4391645 -0.07594745 1.096434 0.4359478 -0.05476008 1.442298 0.4605101 0.09122367 0.6858541 0.4426478 0.1304128 1.088114 0.3586539 0.1618728 1.434859 0.3535908  O_Gathering_SoClose
-0.0185229 0.005457282 0.4623774 -0.0829293 0.1042577 0.4840897 -0.279368 0.3693732 0.5103277 -0.3175395 0.6671388 0.4397157 0.05502595 0.09605324 0.4902776 0.2777179 0.3389816 0.5266894 0.3427528 0.6358414 0.4742583 -0.005167169 0.2400135 0.4760784 -0.0944684 0.6838549 0.4391645 -0.07594667 1.096434 0.4359511 -0.05476634 1.442298 0.4605149 0.09123416 0.6858543 0.442643 0.1304118 1.088112 0.3586377 0.1618611 1.434859 0.353587  O_Gathering_SoClose
-0.0185074 0.005456567 0.4623774 -0.08292209 0.104256 0.4840692 -0.2793499 0.3693727 0.5102671 -0.3175082 0.6671393 0.4396523 0.05503156 0.09605467 0.4902967 0.2777365 0.3389775 0.5267543 0.3424726 0.6358151 0.4738301 -0.005160613 0.2400134 0.4760779 -0.09446321 0.6838547 0.439165 -0.07594596 1.096434 0.4359535 -0.05476902 1.442298 0.4605178 0.09123941 0.6858544 0.4426411 0.1304114 1.088112 0.3586305 0.1618557 1.434859 0.3535856  O_Gathering_SoClose
-0.01850532 0.005456328 0.4623784 -0.08292072 0.1042558 0.4840688 -0.2793474 0.3693726 0.5102633 -0.3175047 0.6671393 0.439648 0.05503287 0.09605467 0.4902991 0.2777395 0.3389772 0.5267576 0.3422678 0.6358008 0.4735011 -0.005159242 0.2400132 0.4760789 -0.09446202 0.6838545 0.4391659 -0.07594548 1.096434 0.4359549 -0.05476902 1.442298 0.4605192 0.0912406 0.6858543 0.4426421 0.1304119 1.088112 0.3586305 0.1618556 1.434859 0.353587  O_Gathering_SoClose
-0.01850436 0.005456328 0.4623789 -0.08292012 0.1042558 0.4840683 -0.2793463 0.3693726 0.5102609 -0.3175032 0.6671393 0.4396456 0.05503334 0.09605467 0.4903001 0.2777407 0.338977 0.5267605 0.3422075 0.6357962 0.4734052 -0.005158706 0.2400132 0.4760789 -0.09446155 0.6838545 0.4391664 -0.07594524 1.096434 0.4359549 -0.05476908 1.442298 0.4605197 0.09124108 0.6858543 0.4426426 0.1304121 1.088112 0.3586305 0.1618552 1.434859 0.353587  O_Gathering_SoClose
-0.0185046 0.005456448 0.4623789 -0.08292024 0.1042559 0.4840683 -0.2793465 0.3693727 0.5102614 -0.3175034 0.6671394 0.4396461 0.05503329 0.09605467 0.4903001 0.2777407 0.3389771 0.52676 0.3422062 0.6357962 0.4734029 -0.005158765 0.2400132 0.4760789 -0.0944616 0.6838546 0.4391664 -0.07594536 1.096434 0.4359549 -0.0547692 1.442298 0.4605197 0.09124102 0.6858544 0.4426426 0.1304121 1.088112 0.3586305 0.1618554 1.434859 0.353587  O_Gathering_SoClose
