-0.03669612 0.001414895 2.109198 -0.1064585 0.09303176 2.143863 -0.3576117 0.3002059 2.220812 -0.515421 0.5055305 2.053344 0.03183498 0.09231353 2.140447 0.2865026 0.3103036 2.231124 0.4190856 0.5505487 2.090382 -0.03693936 0.2326341 2.129063 -0.1282688 0.6783187 2.096866 -0.1815188 1.084213 2.042195 -0.2168239 1.428407 2.011244 0.0574698 0.6772084 2.095641 0.0991322 1.076699 2.000379 0.1319621 1.418058 1.940011  S_DodgingRight_SoClose
-0.03932522 0.002191424 2.111431 -0.1093022 0.09398043 2.145195 -0.3602518 0.3004943 2.221969 -0.5182633 0.5057847 2.05465 0.02900358 0.09337056 2.142298 0.2838238 0.3116649 2.232225 0.4164096 0.5508742 2.089732 -0.03985886 0.2335404 2.129659 -0.1293895 0.6796047 2.095522 -0.1827885 1.085103 2.038123 -0.217988 1.42963 2.011 0.05634328 0.6774649 2.094963 0.09651794 1.077258 2.000332 0.128684 1.418848 1.940925  S_DodgingRight_SoClose
-0.04312889 0.00395453 2.115766 -0.1138314 0.09574687 2.148022 -0.365245 0.29977 2.225649 -0.5240955 0.5034376 2.057146 0.02449288 0.09581399 2.146111 0.2797617 0.3147274 2.234942 0.4106596 0.5510883 2.08627 -0.04498402 0.2354819 2.131441 -0.1322605 0.6820619 2.094221 -0.1861037 1.086121 2.027801 -0.2209745 1.431095 2.006572 0.05344864 0.6783684 2.094169 0.09156032 1.078318 1.999346 0.1235717 1.420267 1.941951  S_DodgingRight_SoClose
-0.04864995 0.00858438 2.125257 -0.1215081 0.09985328 2.154364 -0.3751278 0.2959766 2.236469 -0.5365542 0.4924289 2.061954 0.0168096 0.1021521 2.154787 0.2748754 0.3210697 2.24173 0.3997601 0.5450139 2.070391 -0.05463902 0.240327 2.136021 -0.1406358 0.6870922 2.09202 -0.1977851 1.086287 2.002846 -0.2322893 1.431917 1.997998 0.04503246 0.6817475 2.092555 0.08274718 1.080581 1.992988 0.1190429 1.422937 1.940807  S_DodgingRight_SoClose
-0.05473934 0.01394963 2.135451 -0.1295475 0.1050888 2.160367 -0.3868608 0.2919914 2.244319 -0.552839 0.4793035 2.064117 0.008675711 0.1088575 2.164536 0.2708252 0.3263539 2.24923 0.3897799 0.5315624 2.052142 -0.06359302 0.2458006 2.140594 -0.1495877 0.6917709 2.08732 -0.2141165 1.085088 1.979098 -0.2511788 1.430205 1.993065 0.03604122 0.6863202 2.091023 0.07736637 1.082348 1.98213 0.1210101 1.424634 1.935407  S_DodgingRight_SoClose
-0.06580482 0.01958883 2.146615 -0.1413396 0.1117573 2.165382 -0.4037949 0.2919587 2.240498 -0.5729038 0.4706244 2.054519 -0.00342427 0.1150402 2.175671 0.2629049 0.3317021 2.254266 0.3808471 0.5182136 2.038842 -0.07375769 0.2515295 2.144474 -0.1559013 0.6965101 2.078808 -0.2315731 1.084524 1.959251 -0.2759274 1.427448 1.992563 0.02945771 0.6905808 2.089221 0.07452591 1.083494 1.970935 0.1238449 1.425614 1.928865  S_DodgingRight_SoClose
-0.07520007 0.02341115 2.153826 -0.1505177 0.1166329 2.167999 -0.4165244 0.2942588 2.232982 -0.5848826 0.4674066 2.041193 -0.01301162 0.1189073 2.182971 0.2562817 0.3349566 2.255741 0.3751026 0.5113655 2.032434 -0.08091615 0.2553213 2.146507 -0.158626 0.6996265 2.072318 -0.2429115 1.08455 1.948606 -0.2936781 1.425187 1.994027 0.02636971 0.69304 2.087639 0.07355185 1.084124 1.964226 0.1255526 1.426173 1.924905  S_DodgingRight_SoClose
-0.08738963 0.02738655 2.161052 -0.1616408 0.1221192 2.169877 -0.4312945 0.2991607 2.219208 -0.5950762 0.466804 2.018762 -0.02484207 0.1225713 2.190448 0.2478525 0.3377677 2.254755 0.3693163 0.5070848 2.027417 -0.08889131 0.2591244 2.148017 -0.159791 0.7027124 2.064717 -0.2548182 1.08495 1.940465 -0.3142866 1.422372 1.99777 0.02462293 0.6949846 2.085534 0.07335348 1.084566 1.958038 0.1271275 1.426602 1.921059  S_DodgingRight_SoClose
-0.103293 0.03257215 2.169262 -0.1756011 0.1291492 2.171743 -0.4483925 0.3068714 2.200749 -0.6024136 0.4670215 1.986888 -0.03997354 0.1271987 2.198921 0.2368955 0.3402796 2.253083 0.3614351 0.5040146 2.023333 -0.09870957 0.263828 2.149607 -0.1606216 0.7063473 2.055995 -0.2685336 1.08544 1.932633 -0.338553 1.41857 2.001884 0.02296485 0.6971346 2.08269 0.07371648 1.085148 1.951263 0.1293584 1.427156 1.916874  S_DodgingRight_SoClose
-0.1269929 0.03960812 2.178866 -0.1952745 0.1388434 2.173287 -0.4692647 0.3215964 2.171139 -0.5972696 0.4688365 1.932303 -0.06168685 0.1329579 2.208741 0.2201539 0.342178 2.249248 0.3480979 0.5075345 2.02255 -0.111994 0.2696378 2.150972 -0.1604758 0.7104441 2.045275 -0.2853203 1.086537 1.928901 -0.3697405 1.41403 2.008245 0.02207352 0.6987801 2.077543 0.07550807 1.085709 1.943999 0.1330417 1.427677 1.912442  S_DodgingRight_SoClose
-0.1687561 0.05262661 2.191141 -0.2281942 0.1560613 2.174876 -0.4968393 0.350022 2.120346 -0.5576523 0.4682289 1.842072 -0.09855919 0.1426355 2.221263 0.1907156 0.3422023 2.24662 0.3181697 0.5168092 2.026683 -0.133812 0.27915 2.152923 -0.1604478 0.7165282 2.032339 -0.3081512 1.088821 1.931559 -0.412264 1.410562 2.011039 0.02104171 0.7003676 2.068422 0.07863159 1.086934 1.935555 0.1395146 1.428819 1.909958  S_DodgingRight_SoClose
-0.2035904 0.06434882 2.197677 -0.2548059 0.1707672 2.175191 -0.5121886 0.3724853 2.077451 -0.5035136 0.4596926 1.78177 -0.1287483 0.1506329 2.228495 0.16339 0.3438154 2.249153 0.285627 0.5286821 2.034708 -0.1516442 0.2868279 2.154495 -0.1613225 0.7213296 2.026287 -0.3210219 1.092074 1.939 -0.4365704 1.412492 2.007228 0.01978828 0.7009794 2.062152 0.08162536 1.08747 1.930987 0.1461945 1.429032 1.910636  S_DodgingRight_SoClose
-0.2335824 0.07522345 2.200937 -0.2774173 0.183861 2.174656 -0.5203674 0.3895601 2.040274 -0.4482252 0.4460956 1.745814 -0.1546535 0.1577004 2.23281 0.1401355 0.3443172 2.255449 0.2600419 0.5362643 2.045965 -0.1671573 0.2935139 2.155689 -0.1628998 0.7256701 2.023746 -0.3283499 1.096378 1.947741 -0.4506083 1.417229 2.000481 0.01805778 0.7013467 2.057867 0.08448334 1.08761 1.928282 0.1530383 1.42864 1.912598  S_DodgingRight_SoClose
-0.2660967 0.08715308 2.200332 -0.3021994 0.197827 2.171946 -0.5234103 0.4053566 2.000045 -0.3820786 0.424826 1.726633 -0.183324 0.1651351 2.234693 0.1108745 0.3474028 2.268764 0.2298064 0.5457611 2.064769 -0.1852392 0.3008902 2.156486 -0.1660647 0.7314374 2.024907 -0.3329762 1.103118 1.957312 -0.4583454 1.424975 1.994247 0.01459189 0.7021801 2.056668 0.08595772 1.086975 1.925353 0.15926 1.427166 1.913326  S_DodgingRight_SoClose
-0.3006519 0.1012715 2.197125 -0.3284301 0.2137072 2.167503 -0.5257605 0.4150012 1.956918 -0.3231381 0.392192 1.72555 -0.2142389 0.174081 2.234789 0.0769961 0.3527744 2.28429 0.1950163 0.5567409 2.08536 -0.2049903 0.3095427 2.156597 -0.1697447 0.7384829 2.0277 -0.3362828 1.111683 1.968022 -0.4631511 1.43438 1.989114 0.01037236 0.7036056 2.056733 0.08694829 1.086471 1.922741 0.1654145 1.425625 1.91464  S_DodgingRight_SoClose
-0.3287513 0.1131873 2.190825 -0.3505533 0.226903 2.162409 -0.5259041 0.42264 1.926191 -0.2845722 0.3655128 1.74288 -0.2402237 0.1816456 2.232526 0.0480903 0.3561833 2.302293 0.1706911 0.5633421 2.109527 -0.2230216 0.3177015 2.156749 -0.174525 0.746073 2.033139 -0.3427029 1.117875 1.969466 -0.4699075 1.440496 1.989683 0.004809992 0.7062106 2.060552 0.08533318 1.086355 1.921233 0.1684341 1.424458 1.91591  S_DodgingRight_SoClose
-0.3902852 0.1442299 2.170909 -0.3993883 0.2602597 2.148659 -0.5243737 0.4426774 1.870756 -0.2464203 0.3232036 1.81096 -0.2983184 0.2015445 2.22265 -0.01402776 0.3549781 2.339076 0.1286701 0.570295 2.170611 -0.264238 0.3391433 2.155908 -0.1866748 0.7655508 2.04732 -0.3618569 1.130598 1.965917 -0.487581 1.452822 1.998148 -0.009715779 0.7149585 2.07237 0.0791219 1.088518 1.920828 0.1711747 1.424332 1.922543  S_DodgingRight_SoClose
-0.4415392 0.1788148 2.147483 -0.4403918 0.2962443 2.135355 -0.5327336 0.4848207 1.848559 -0.2691385 0.3249537 1.856785 -0.3475211 0.2236902 2.207799 -0.06112007 0.3328403 2.364083 0.11652 0.5559965 2.246824 -0.2997607 0.362774 2.153725 -0.1988968 0.7866204 2.062193 -0.3823964 1.14061 1.954519 -0.5010703 1.462517 2.008986 -0.02444236 0.7281007 2.087543 0.07397635 1.093987 1.923701 0.1716203 1.42817 1.929636  S_DodgingRight_SoClose
-0.4728222 0.2054148 2.127617 -0.4655237 0.3232007 2.125299 -0.5508416 0.5440433 1.860235 -0.3054442 0.357383 1.853481 -0.3770512 0.2400907 2.191651 -0.09015141 0.3063483 2.369002 0.1157937 0.5278648 2.308825 -0.3215148 0.3802001 2.148821 -0.2079782 0.8029625 2.07442 -0.3946106 1.148177 1.945695 -0.5078881 1.469903 2.011529 -0.0350465 0.7400717 2.099736 0.07410289 1.098453 1.926379 0.1755959 1.431492 1.932038  S_DodgingRight_SoClose
-0.4830625 0.2149829 2.11656 -0.4739863 0.3327101 2.119203 -0.5588134 0.5754247 1.874114 -0.3217159 0.3815068 1.838223 -0.386608 0.2454404 2.181543 -0.1028184 0.2947124 2.367929 0.1137186 0.5116767 2.334126 -0.3289592 0.3863152 2.144391 -0.211734 0.8093429 2.079948 -0.3980617 1.151619 1.943186 -0.5094175 1.473193 2.012926 -0.03929083 0.7448927 2.104668 0.07416125 1.100243 1.927868 0.1765453 1.433011 1.933416  S_DodgingRight_SoClose
-0.4920323 0.2235492 2.104934 -0.481498 0.3410213 2.112669 -0.5655136 0.6050661 1.890962 -0.3373657 0.4098369 1.820665 -0.3950731 0.2499425 2.170744 -0.1157142 0.2827395 2.365847 0.1099468 0.4927572 2.357238 -0.3356508 0.3915132 2.139501 -0.2152596 0.8147926 2.085457 -0.4008444 1.154295 1.94099 -0.5101566 1.47581 2.014155 -0.04324881 0.7488929 2.109355 0.07409699 1.101263 1.929165 0.17695 1.433889 1.934551  S_DodgingRight_SoClose
-0.4960834 0.2282432 2.095713 -0.4851028 0.3454617 2.107206 -0.5688357 0.624793 1.905709 -0.3471098 0.4360739 1.804071 -0.3989872 0.2521377 2.162087 -0.1242138 0.2749375 2.363861 0.1066296 0.479309 2.370793 -0.3389533 0.3943634 2.135308 -0.2173217 0.8181073 2.089279 -0.4018175 1.15614 1.940047 -0.5096053 1.477803 2.014803 -0.0454847 0.7514213 2.112226 0.07385631 1.102 1.929864 0.1763739 1.43473 1.935229  S_DodgingRight_SoClose
-0.4980123 0.2316456 2.086586 -0.487024 0.3485401 2.101798 -0.5716954 0.6410126 1.921286 -0.3558739 0.4659055 1.787621 -0.4008419 0.2534096 2.153374 -0.1303912 0.266916 2.360756 0.1056199 0.4643751 2.381081 -0.34072 0.3963504 2.130954 -0.2188481 0.8207417 2.092893 -0.4026267 1.157448 1.939829 -0.5090035 1.479333 2.015646 -0.04701928 0.7535895 2.114502 0.07351507 1.102626 1.92998 0.1753199 1.435573 1.935436  S_DodgingRight_SoClose
-0.4970023 0.2328734 2.079121 -0.4865413 0.3494717 2.097363 -0.5736611 0.6509122 1.934466 -0.3620692 0.4940546 1.774054 -0.3998281 0.2533383 2.146112 -0.1324103 0.2602165 2.357124 0.1081728 0.4509896 2.38593 -0.340281 0.3970197 2.127161 -0.2194613 0.8222542 2.095641 -0.4031833 1.158071 1.940566 -0.5085691 1.480221 2.01664 -0.0474305 0.755129 2.11567 0.07307531 1.103245 1.929399 0.1738207 1.43651 1.935122  S_DodgingRight_SoClose
-0.4907873 0.2315941 2.071269 -0.4817546 0.3478621 2.092735 -0.5755026 0.6566098 1.949204 -0.3671976 0.5290456 1.760939 -0.3936006 0.2514257 2.13819 -0.1264955 0.2514484 2.349959 0.1215202 0.4314264 2.384607 -0.3358154 0.3962438 2.122764 -0.2187718 0.8231049 2.098779 -0.4040581 1.157131 1.941712 -0.5095955 1.479821 2.015244 -0.04609434 0.7569751 2.11641 0.07285722 1.104473 1.927998 0.1717657 1.438274 1.934474  S_DodgingRight_SoClose
-0.4824797 0.2282816 2.065241 -0.4750972 0.3442858 2.089075 -0.5761708 0.6569182 1.960318 -0.3710187 0.5571858 1.752777 -0.3852882 0.2481889 2.131935 -0.1161593 0.243167 2.341966 0.1389024 0.4126213 2.378478 -0.3296153 0.3940762 2.11902 -0.2173174 0.8226004 2.100939 -0.4045672 1.155689 1.94421 -0.5109424 1.478621 2.015436 -0.04386542 0.7579675 2.116384 0.07285471 1.105243 1.926175 0.1698297 1.439592 1.933576  S_DodgingRight_SoClose
-0.4733679 0.2242336 2.061798 -0.4675862 0.340131 2.086863 -0.574854 0.6539631 1.966686 -0.3725183 0.5739694 1.748125 -0.3762139 0.2448437 2.128199 -0.1031461 0.2366197 2.334514 0.1576663 0.3974929 2.36917 -0.3226452 0.3916228 2.116552 -0.21539 0.8216467 2.101896 -0.404294 1.154743 1.947182 -0.5119839 1.477726 2.016168 -0.04115419 0.7588042 2.115833 0.07324065 1.106144 1.924333 0.1684741 1.440969 1.932737  S_DodgingRight_SoClose
-0.4402114 0.2081348 2.053747 -0.4401083 0.3238069 2.081592 -0.5643795 0.6393634 1.98712 -0.3815728 0.6154791 1.739898 -0.3436123 0.2321447 2.119326 -0.0547382 0.213401 2.309497 0.2187982 0.3554777 2.319319 -0.2974544 0.3816255 2.110706 -0.208049 0.8161383 2.103334 -0.4007075 1.15089 1.957052 -0.5141069 1.473371 2.018862 -0.0313165 0.760007 2.114125 0.07582076 1.107122 1.918073 0.1647338 1.443608 1.929006  S_DodgingRight_SoClose
-0.4152038 0.1957177 2.050489 -0.4194067 0.3112818 2.07949 -0.5508969 0.6274387 2.001227 -0.3897801 0.6337374 1.738341 -0.3194471 0.2227668 2.11569 -0.01876108 0.1998111 2.291473 0.2545262 0.3412068 2.270842 -0.2787802 0.3739097 2.108519 -0.2021924 0.8110662 2.102836 -0.3950485 1.148816 1.963888 -0.5130047 1.470283 2.02236 -0.02393018 0.7599272 2.113272 0.07872643 1.106666 1.914182 0.1626191 1.444426 1.925514  S_DodgingRight_SoClose
-0.3923157 0.1847709 2.048637 -0.4004627 0.3001422 2.078534 -0.536759 0.6164603 2.014503 -0.3982743 0.6476943 1.740725 -0.2975129 0.2146417 2.113581 0.01365681 0.1837529 2.274618 0.2848664 0.3216966 2.224405 -0.2618539 0.3670957 2.107614 -0.1967393 0.8062785 2.102604 -0.3894102 1.145375 1.966715 -0.5118536 1.466205 2.019153 -0.01726131 0.7596394 2.11328 0.08163203 1.106003 1.911648 0.1608266 1.444898 1.922885  S_DodgingRight_SoClose
-0.3626533 0.170536 2.047093 -0.3761897 0.2854043 2.078259 -0.5138704 0.6023924 2.030266 -0.4064087 0.6606401 1.747129 -0.26934 0.2041788 2.111767 0.05301209 0.1704749 2.253565 0.3125775 0.3114746 2.164969 -0.2405655 0.358138 2.107527 -0.1892885 0.7995702 2.102077 -0.3786607 1.141436 1.968508 -0.5065586 1.461275 2.013443 -0.008644981 0.7581279 2.114406 0.08546801 1.104535 1.910573 0.1583916 1.444897 1.919744  S_DodgingRight_SoClose
-0.3340766 0.156643 2.045407 -0.3529083 0.2706903 2.077964 -0.4911174 0.5876963 2.044569 -0.4130812 0.671189 1.758131 -0.2423532 0.1938876 2.109842 0.0887918 0.1614022 2.233217 0.3317275 0.3059816 2.109996 -0.2204893 0.3490188 2.107471 -0.181963 0.7922857 2.101836 -0.3672472 1.136924 1.969664 -0.4993068 1.456064 2.006865 -0.0004562567 0.7554245 2.11591 0.08915474 1.102328 1.910895 0.1563632 1.443922 1.917561  S_DodgingRight_SoClose
-0.3064975 0.1430889 2.04388 -0.3306968 0.2559098 2.078075 -0.4700692 0.5718156 2.056614 -0.4174989 0.6770195 1.771524 -0.2164468 0.1838988 2.108052 0.1213806 0.1595699 2.215348 0.3448198 0.3059746 2.061254 -0.2018446 0.3398992 2.107802 -0.1747181 0.7848001 2.102347 -0.3544283 1.131966 1.9691 -0.4890645 1.450942 1.997405 0.007346289 0.7515991 2.118215 0.09234841 1.099837 1.913499 0.1545517 1.44243 1.916475  S_DodgingRight_SoClose
-0.2795548 0.1295074 2.042386 -0.3091477 0.2407229 2.078295 -0.4518676 0.5540742 2.067659 -0.4213454 0.6785564 1.78716 -0.1912331 0.1739641 2.106164 0.1515815 0.1637607 2.199425 0.3527168 0.310563 2.017497 -0.1842514 0.3304796 2.108051 -0.1677114 0.7768739 2.10346 -0.3411361 1.126668 1.968764 -0.4763045 1.446058 1.988588 0.01477362 0.7466803 2.120464 0.09529312 1.096942 1.917395 0.1535025 1.440247 1.916185  S_DodgingRight_SoClose
-0.2594662 0.1196787 2.041307 -0.2931843 0.2293942 2.078589 -0.440116 0.5398073 2.075352 -0.4238993 0.6767833 1.799522 -0.1725115 0.1669927 2.104692 0.1727257 0.1719124 2.189022 0.3562222 0.3171624 1.988184 -0.1716069 0.3236324 2.108235 -0.1625574 0.7711136 2.104799 -0.3306279 1.122917 1.968559 -0.4648535 1.443028 1.982198 0.02018376 0.742731 2.122167 0.09732081 1.095031 1.921324 0.1531698 1.438696 1.916486  S_DodgingRight_SoClose
-0.2314471 0.1066508 2.039873 -0.2708721 0.2139071 2.079096 -0.4271422 0.5181971 2.086206 -0.4286743 0.6713684 1.818543 -0.1464583 0.1581172 2.102462 0.1999549 0.1885092 2.175694 0.3583215 0.3305089 1.9524 -0.1543627 0.3144939 2.108227 -0.15602 0.7633296 2.107159 -0.3166903 1.117768 1.968836 -0.4477951 1.439393 1.975366 0.02712985 0.737404 2.124057 0.09933294 1.093053 1.927324 0.1522476 1.437081 1.917673  S_DodgingRight_SoClose
-0.2024454 0.09417439 2.038401 -0.2476691 0.1984222 2.079701 -0.4174299 0.4936723 2.097649 -0.4351651 0.661772 1.839704 -0.1196241 0.1501178 2.099911 0.2244157 0.2115883 2.163569 0.3580001 0.3487983 1.92184 -0.1369891 0.3056276 2.107945 -0.1500261 0.7556204 2.110244 -0.3031719 1.112471 1.969608 -0.4292543 1.436163 1.970516 0.0336022 0.7321789 2.125499 0.100463 1.091803 1.934178 0.1506725 1.43607 1.919773  S_DodgingRight_SoClose
-0.1801028 0.08515251 2.037426 -0.2295252 0.1868559 2.080297 -0.4121102 0.4732066 2.106144 -0.4408219 0.651935 1.856466 -0.09891628 0.1447178 2.097703 0.24091 0.2304405 2.154887 0.358431 0.3662791 1.904206 -0.1236716 0.299134 2.107304 -0.1466245 0.7496532 2.11277 -0.2943992 1.108191 1.970685 -0.4147186 1.43407 1.970799 0.03745629 0.7287022 2.126069 0.1007459 1.091158 1.938922 0.1493727 1.435502 1.921304  S_DodgingRight_SoClose
-0.1571935 0.07686257 2.036208 -0.2107228 0.1757541 2.080727 -0.4064785 0.4519382 2.114676 -0.4465572 0.6407483 1.874151 -0.07784073 0.140111 2.09519 0.255664 0.2502968 2.146351 0.3581756 0.3846867 1.888407 -0.1100932 0.2930225 2.106467 -0.1434501 0.7437602 2.115449 -0.2858557 1.1039 1.97194 -0.3997597 1.432076 1.972105 0.04106208 0.7255177 2.126586 0.1008579 1.090745 1.943729 0.1479081 1.435132 1.922947  S_DodgingRight_SoClose
-0.1217707 0.06505406 2.034879 -0.1808823 0.1594015 2.081954 -0.3965825 0.4183589 2.127481 -0.4549213 0.6199825 1.901534 -0.04518471 0.13413 2.091161 0.2765309 0.2768567 2.135291 0.3651861 0.4169507 1.875256 -0.08874999 0.2840068 2.104887 -0.139963 0.7341626 2.119228 -0.2733146 1.096732 1.973162 -0.3724936 1.429638 1.97656 0.04515876 0.7211801 2.127161 0.09963955 1.090044 1.950031 0.1444414 1.434419 1.924611  S_DodgingRight_SoClose
-0.09454368 0.05623901 2.034627 -0.1573937 0.1470476 2.083529 -0.3873896 0.3914204 2.138112 -0.4628869 0.6010128 1.924855 -0.0201994 0.1299502 2.088289 0.2906998 0.2952837 2.129354 0.3762392 0.4465004 1.874559 -0.07218657 0.2769607 2.103606 -0.1372501 0.7261049 2.121397 -0.2607952 1.091809 1.974525 -0.3438344 1.429055 1.981146 0.04820909 0.717325 2.126817 0.09828492 1.089486 1.955376 0.141416 1.433807 1.926554  S_DodgingRight_SoClose
-0.08112751 0.05210161 2.034682 -0.1456745 0.1411619 2.084435 -0.3822782 0.377926 2.14365 -0.4671237 0.5907496 1.937216 -0.007974489 0.1281309 2.086913 0.2970062 0.304113 2.12712 0.3824216 0.4626015 1.87674 -0.06401996 0.2735668 2.102934 -0.1358195 0.7220626 2.122218 -0.2536252 1.089719 1.975504 -0.3274464 1.429067 1.983719 0.04975875 0.7153307 2.126335 0.09763439 1.089347 1.958337 0.1399182 1.433643 1.927997  S_DodgingRight_SoClose
-0.06884782 0.04696321 2.036194 -0.134838 0.1346489 2.086335 -0.3773132 0.3635902 2.150427 -0.473467 0.5785602 1.951305 0.003190594 0.125412 2.086549 0.3013929 0.3121015 2.12775 0.3913649 0.4809721 1.885899 -0.05655454 0.269379 2.102468 -0.1338789 0.7174357 2.121683 -0.2428964 1.08918 1.978518 -0.3058935 1.430673 1.987908 0.05177983 0.7122218 2.123962 0.09788419 1.089131 1.962044 0.13966 1.433413 1.930858  S_DodgingRight_SoClose
-0.05852435 0.04257905 2.037821 -0.1257116 0.1291658 2.088161 -0.3729337 0.3510882 2.156688 -0.4792759 0.5672357 1.964129 0.01248326 0.1231264 2.086438 0.3042567 0.319019 2.129157 0.3985094 0.4975685 1.896045 -0.05035846 0.2658042 2.102039 -0.1320873 0.7135174 2.120771 -0.2325095 1.089378 1.98214 -0.2862522 1.432438 1.9919 0.05361309 0.7094427 2.121333 0.09839667 1.088998 1.965334 0.1397385 1.433285 1.933625  S_DodgingRight_SoClose
-0.04915736 0.03716135 2.040993 -0.1174845 0.1230357 2.090948 -0.3691604 0.3371747 2.164508 -0.4875073 0.553058 1.978777 0.02077277 0.1199702 2.087372 0.3046086 0.3257307 2.133873 0.4061079 0.5161638 1.913561 -0.0449612 0.2614821 2.101612 -0.1298625 0.7091624 2.118086 -0.2179107 1.091663 1.989573 -0.2625894 1.43607 1.997415 0.05584212 0.7056221 2.116413 0.09993888 1.088618 1.968855 0.141083 1.432953 1.937423  S_DodgingRight_SoClose
-0.04461227 0.03385699 2.043614 -0.1135697 0.1195532 2.092979 -0.3674108 0.329137 2.169745 -0.4928485 0.5437878 1.987268 0.02468796 0.1179737 2.088554 0.3034802 0.3291987 2.138365 0.4097887 0.5264912 1.92652 -0.0425298 0.2589191 2.101419 -0.1286403 0.7067116 2.115644 -0.2093576 1.093564 1.995624 -0.250724 1.438433 2.00089 0.05705269 0.7032017 2.11294 0.1009995 1.088026 1.970174 0.1419106 1.432392 1.938776  S_DodgingRight_SoClose
-0.04108135 0.03110409 2.04617 -0.1105695 0.1167339 2.094886 -0.3660218 0.322423 2.174539 -0.4975598 0.5355661 1.994608 0.02767439 0.11633 2.089814 0.3018905 0.3321123 2.142845 0.4122837 0.5353127 1.938817 -0.0407416 0.2568197 2.101271 -0.1276391 0.7047509 2.11319 -0.2019491 1.095373 2.001532 -0.240946 1.44055 2.003933 0.05803945 0.7011522 2.109714 0.1019739 1.087464 1.971018 0.142655 1.431856 1.939602  S_DodgingRight_SoClose
-0.03848366 0.02899456 2.048549 -0.1083665 0.1146545 2.096611 -0.3646972 0.3176241 2.1786 -0.5010077 0.5293139 2.000515 0.02986463 0.1150413 2.091201 0.3004951 0.3340212 2.147115 0.4143187 0.5417557 1.949643 -0.03938327 0.2552233 2.101356 -0.1268504 0.7032437 2.111063 -0.1971388 1.09644 2.006036 -0.2352794 1.441721 2.005538 0.05882337 0.6995916 2.107392 0.1023967 1.086993 1.971653 0.1426136 1.4314 1.939805  S_DodgingRight_SoClose
-0.03496264 0.02617514 2.052341 -0.1053836 0.111962 2.099317 -0.3625024 0.3114513 2.184704 -0.505572 0.5207642 2.009129 0.03282895 0.1133329 2.093602 0.2982883 0.3364514 2.153957 0.4170123 0.5505449 1.966413 -0.03748594 0.2531182 2.101683 -0.1257118 0.7012315 2.107807 -0.1913995 1.097652 2.012358 -0.2291863 1.442931 2.006999 0.05996402 0.6975263 2.1043 0.1026118 1.086398 1.97253 0.1418132 1.430823 1.939625  S_DodgingRight_SoClose
-0.03225939 0.02427173 2.055252 -0.1029549 0.1102166 2.101455 -0.360065 0.3083007 2.188795 -0.5075932 0.5164161 2.015501 0.03524919 0.1120548 2.095667 0.2977862 0.3370416 2.159175 0.4199025 0.5556886 1.979216 -0.03559444 0.2516469 2.102344 -0.1249999 0.699577 2.10567 -0.1891749 1.097472 2.015471 -0.2273207 1.442652 2.007123 0.06069275 0.6963071 2.102658 0.1021215 1.086384 1.974099 0.140423 1.430801 1.940075  S_DodgingRight_SoClose
-0.02984009 0.02254486 2.057845 -0.1007582 0.1086363 2.103367 -0.3577339 0.3056875 2.192343 -0.509075 0.5128284 2.021182 0.03743883 0.1108441 2.097539 0.2974867 0.3372803 2.163789 0.4223576 0.5598823 1.9907 -0.03382896 0.2502735 2.102992 -0.124376 0.6979864 2.103819 -0.1875494 1.097008 2.017993 -0.2260667 1.442075 2.007099 0.06133165 0.6951823 2.101301 0.1015635 1.086325 1.975633 0.1389592 1.430737 1.940564  S_DodgingRight_SoClose
-0.02809773 0.02097094 2.06024 -0.09906857 0.1072642 2.105238 -0.3556567 0.3041757 2.195016 -0.5096595 0.5108644 2.025692 0.0391226 0.1096052 2.099322 0.2978083 0.3364357 2.167793 0.424128 0.5619676 1.999617 -0.03231834 0.2489796 2.10384 -0.1242375 0.6963414 2.102669 -0.1864379 1.096178 2.019988 -0.2249213 1.441183 2.007152 0.06148322 0.6942495 2.100435 0.1012656 1.086314 1.977529 0.1384522 1.43057 1.940747  S_DodgingRight_SoClose
-0.02636282 0.0192976 2.062761 -0.09735511 0.1058167 2.107227 -0.3534687 0.3027731 2.197685 -0.5100482 0.509097 2.030292 0.04083003 0.1082499 2.101211 0.2982651 0.3352829 2.171945 0.4258017 0.5636994 2.008652 -0.03074406 0.2475833 2.104785 -0.1241793 0.6945297 2.101581 -0.1853599 1.095158 2.022027 -0.2236989 1.440101 2.007244 0.06155165 0.6932533 2.099603 0.1009862 1.086263 1.979637 0.1379731 1.430325 1.94089  S_DodgingRight_SoClose
-0.02548061 0.01739168 2.065613 -0.09644173 0.104195 2.109507 -0.3519569 0.3015066 2.20025 -0.5106827 0.5077794 2.034825 0.04173734 0.1066493 2.103361 0.2982372 0.3335497 2.176255 0.4265181 0.564564 2.017256 -0.02990226 0.2459711 2.105931 -0.1246017 0.6925451 2.100723 -0.1840833 1.094113 2.024695 -0.2217654 1.439033 2.007842 0.06113346 0.6919711 2.098807 0.1006093 1.085975 1.982162 0.1373072 1.429717 1.94042  S_DodgingRight_SoClose
-0.0250638 0.01507449 2.06908 -0.09595375 0.1022382 2.112292 -0.350704 0.300168 2.203078 -0.5115429 0.5066119 2.039924 0.04221835 0.1046668 2.10598 0.2978505 0.3311942 2.181258 0.4266302 0.5649488 2.02673 -0.02944998 0.2439907 2.107366 -0.1254119 0.6901657 2.099906 -0.182491 1.092869 2.028168 -0.2190019 1.437788 2.008874 0.06032338 0.6903104 2.097925 0.1001136 1.085457 1.985323 0.1362963 1.428732 1.939487  S_DodgingRight_SoClose
-0.02590035 0.01315606 2.071885 -0.09677689 0.1006156 2.11447 -0.3509689 0.2991248 2.204784 -0.5125521 0.5059609 2.042867 0.04139646 0.1030055 2.108171 0.2966428 0.3290694 2.185075 0.4257492 0.564353 2.033162 -0.03027884 0.2423321 2.108538 -0.126194 0.6884848 2.099311 -0.1817576 1.091982 2.030921 -0.2175272 1.436844 2.009365 0.05954023 0.6886018 2.09723 0.1000581 1.084841 1.988802 0.1359629 1.427749 1.940096  S_DodgingRight_SoClose
-0.02680127 0.0111419 2.074905 -0.09767614 0.09891522 2.116797 -0.3513011 0.2980372 2.206539 -0.5135195 0.5053085 2.045818 0.04050048 0.1012591 2.110553 0.2953416 0.3268197 2.189156 0.4247598 0.5636417 2.039922 -0.03117685 0.2405832 2.10981 -0.126967 0.6867235 2.098666 -0.1811003 1.090996 2.033795 -0.2161427 1.435777 2.009885 0.05876632 0.6867703 2.096504 0.1000421 1.084122 1.992528 0.1354721 1.42664 1.940816  S_DodgingRight_SoClose
-0.02744685 0.009528399 2.077466 -0.09836577 0.09756327 2.118712 -0.3516687 0.2971257 2.207789 -0.5139756 0.504734 2.047594 0.03982033 0.0998522 2.112662 0.2944323 0.3249495 2.192523 0.4241085 0.5627488 2.045078 -0.03183893 0.2391768 2.110931 -0.1273444 0.6853451 2.098111 -0.1810472 1.090085 2.035851 -0.2159756 1.434762 2.010328 0.05838944 0.685243 2.095992 0.1001446 1.083429 1.995453 0.135028 1.42564 1.94139  S_DodgingRight_SoClose
-0.02800594 0.007887244 2.080225 -0.09896605 0.09620297 2.120779 -0.3519799 0.2962259 2.209093 -0.5143092 0.5041493 2.049329 0.03923054 0.09841943 2.114945 0.2936015 0.3230255 2.196087 0.4234862 0.5617877 2.050393 -0.03239219 0.2377456 2.112156 -0.1276939 0.6839031 2.097538 -0.1810306 1.089092 2.037937 -0.2158834 1.433653 2.010795 0.0580404 0.6837079 2.095477 0.1001602 1.082682 1.998273 0.134265 1.424572 1.941737  S_DodgingRight_SoClose
-0.02814339 0.006484509 2.082844 -0.09912561 0.09507382 2.122753 -0.3520046 0.2955403 2.210209 -0.5141217 0.5036385 2.050457 0.03908243 0.09717727 2.117152 0.293298 0.3213141 2.199284 0.4232441 0.5607226 2.054708 -0.03245602 0.2365235 2.113378 -0.1278718 0.6825644 2.09707 -0.1811582 1.088057 2.039526 -0.2161243 1.432511 2.011204 0.05786379 0.6824809 2.095109 0.09988602 1.081956 1.999939 0.1330295 1.423562 1.941162  S_DodgingRight_SoClose
-0.0283259 0.005141497 2.085555 -0.09931116 0.09401464 2.124814 -0.3520921 0.2949613 2.211311 -0.5139354 0.5031521 2.051403 0.03890778 0.09598434 2.119438 0.2930084 0.3195953 2.202544 0.423017 0.5595853 2.058992 -0.03252278 0.2353556 2.114671 -0.1280843 0.6812569 2.096634 -0.1812026 1.087036 2.040991 -0.2161801 1.431393 2.011518 0.05765196 0.6813133 2.094746 0.09955849 1.081221 2.001358 0.1317509 1.422563 1.940554  S_DodgingRight_SoClose
-0.0287085 0.003618956 2.089054 -0.09963165 0.09287131 2.127539 -0.3524345 0.2945125 2.212558 -0.5137439 0.5025108 2.051861 0.03859957 0.09460473 2.122401 0.292751 0.3173779 2.206588 0.4228819 0.5578083 2.063887 -0.03262345 0.2340364 2.116445 -0.1284742 0.6797063 2.09624 -0.1809686 1.085791 2.042258 -0.2155923 1.430075 2.011533 0.05726178 0.6800268 2.094346 0.09898181 1.080225 2.002129 0.1303592 1.421341 1.93965  S_DodgingRight_SoClose
-0.02961705 0.002367616 2.092556 -0.1004056 0.09200478 2.130342 -0.3532387 0.2944 2.213809 -0.5139801 0.5019858 2.052013 0.03783621 0.09344196 2.125402 0.2921493 0.3152661 2.210661 0.4224647 0.5559516 2.06856 -0.03311257 0.2329645 2.118392 -0.128913 0.6784789 2.09604 -0.1806045 1.084765 2.042798 -0.2146702 1.429009 2.011034 0.05682166 0.6788911 2.094039 0.09859796 1.079131 2.002027 0.1298469 1.420142 1.938914  S_DodgingRight_SoClose
-0.03062443 0.001565099 2.09551 -0.1012632 0.09153593 2.132732 -0.3540808 0.294633 2.214855 -0.5143218 0.5017744 2.051997 0.03698726 0.09268248 2.12796 0.2915696 0.3135866 2.214128 0.4222465 0.5542909 2.072391 -0.03368489 0.2323006 2.120111 -0.129228 0.6777278 2.095932 -0.180388 1.084108 2.042895 -0.214068 1.42833 2.010486 0.05650552 0.6781126 2.093831 0.09841616 1.078279 2.001559 0.1298464 1.419251 1.938332  S_DodgingRight_SoClose
-0.03186617 0.00105226 2.098399 -0.1023115 0.09137416 2.135076 -0.3550114 0.2952818 2.215851 -0.5147526 0.5018742 2.051809 0.03594824 0.09216487 2.130506 0.2907437 0.3121914 2.217654 0.4217908 0.5528492 2.07618 -0.03437517 0.2319127 2.121873 -0.1293138 0.6773288 2.095839 -0.1805332 1.083665 2.042527 -0.2142647 1.427871 2.009993 0.05641969 0.6775218 2.093696 0.0985138 1.077498 2.000686 0.1303805 1.418482 1.93774  S_DodgingRight_SoClose
-0.0328121 0.0008852482 2.100406 -0.1031053 0.09147954 2.136668 -0.3555957 0.2960608 2.216509 -0.5149522 0.5022777 2.051622 0.03516205 0.09196973 2.132292 0.2900515 0.3114203 2.220185 0.4214149 0.5519987 2.07887 -0.03486023 0.2318318 2.12308 -0.1291881 0.677272 2.095677 -0.1807203 1.083527 2.042053 -0.2146914 1.427725 2.00968 0.05654641 0.6772558 2.093618 0.09863992 1.077097 2.000032 0.1307736 1.418132 1.937496  S_DodgingRight_SoClose
-0.03377084 0.0009114742 2.102324 -0.1039067 0.09178424 2.138168 -0.3561139 0.2970798 2.217115 -0.5150782 0.5029415 2.051408 0.03436824 0.09195328 2.134013 0.2893111 0.3108752 2.222658 0.421014 0.5513477 2.081478 -0.03532825 0.2319387 2.124222 -0.1289491 0.6774209 2.095463 -0.1809539 1.083566 2.041461 -0.2152833 1.427757 2.009399 0.05678685 0.6771565 2.093555 0.09879847 1.076868 1.999377 0.1311617 1.417977 1.93737  S_DodgingRight_SoClose
-0.03514681 0.00116694 2.104715 -0.1050865 0.09242249 2.13996 -0.3567849 0.2986871 2.21784 -0.5151675 0.5042292 2.051182 0.03319873 0.09213865 2.136168 0.2880473 0.310529 2.225855 0.4202066 0.5508785 2.084893 -0.03603033 0.2322967 2.125564 -0.1285186 0.677875 2.095019 -0.1811647 1.083887 2.040637 -0.2159929 1.428078 2.009117 0.05721923 0.6771955 2.093431 0.09906544 1.07678 1.998644 0.1316842 1.418013 1.937455  S_DodgingRight_SoClose
