-0.000624461 -1.442432E-05 6.78222 -0.06979303 0.09525096 6.805053 -0.4182072 0.1404331 6.804741 -0.7266022 0.1404334 6.804741 0.0685441 0.09525084 6.805365 0.4169262 0.140432 6.805676 0.7253161 0.1404322 6.805675 -0.0006244014 0.2351424 6.791384 -0.09336059 0.6801612 6.75436 -0.1013278 1.092915 6.766422 -0.09894632 1.440007 6.780404 0.09234674 0.6800331 6.758142 0.1003121 1.092748 6.755583 0.09770389 1.440058 6.780414  O_Hello_Close
-0.05670915 -0.01448536 6.776861 -0.13162 0.07857442 6.787319 -0.3933915 0.2887195 6.809689 -0.5761332 0.5348485 6.776021 0.004376369 0.08248878 6.812358 0.2698765 0.2958999 6.786906 0.4593433 0.5375758 6.758632 -0.06527446 0.2204854 6.786764 -0.1629785 0.6630143 6.735434 -0.1581132 1.07295 6.785472 -0.1451626 1.416982 6.83182 0.0189897 0.6681108 6.772355 0.03252162 1.080687 6.773423 0.01792576 1.421106 6.845186  O_Hello_Close
-0.08747904 -0.01428771 6.763264 -0.164794 0.07729554 6.767269 -0.3498956 0.3155038 6.812847 -0.4350161 0.6093111 6.773613 -0.03216289 0.08316088 6.806151 0.1659334 0.3319054 6.77635 0.2628755 0.6229315 6.744563 -0.1014051 0.2203189 6.775451 -0.2016179 0.6618439 6.720445 -0.1957746 1.067677 6.796866 -0.1821149 1.407924 6.865563 -0.02449916 0.6694978 6.775869 -0.008796318 1.081877 6.785865 -0.03849844 1.415613 6.880661  O_Hello_Close
-0.08491056 -0.01125979 6.735629 -0.1627359 0.07969141 6.742855 -0.3502258 0.3154514 6.793433 -0.4372582 0.6083964 6.752007 -0.02988772 0.08520591 6.781041 0.1739183 0.3333583 6.752253 0.2905848 0.6164461 6.715447 -0.1001387 0.2227918 6.754882 -0.203314 0.6651382 6.713688 -0.1964868 1.070213 6.793952 -0.1819577 1.409776 6.865785 -0.02588109 0.6722198 6.768176 -0.012462 1.08418 6.790816 -0.04116903 1.419025 6.881933  O_Hello_Close
-0.08307676 -0.009661674 6.716568 -0.1612168 0.08078957 6.726255 -0.3502195 0.314769 6.780862 -0.4383831 0.6072916 6.738847 -0.02811323 0.08607125 6.763576 0.1806833 0.3332834 6.734802 0.314214 0.6084088 6.695052 -0.09911661 0.2238727 6.740801 -0.2043976 0.6665393 6.70958 -0.1968831 1.0714 6.790859 -0.181832 1.410257 6.865848 -0.02659647 0.6732375 6.762904 -0.01435481 1.084805 6.792324 -0.04258845 1.419589 6.883815  O_Hello_Close
-0.08018731 -0.007276297 6.67871 -0.158778 0.08190989 6.694536 -0.350126 0.3120416 6.759152 -0.4403686 0.6041644 6.718803 -0.02474974 0.08678973 6.728446 0.2005837 0.3286529 6.698724 0.3779173 0.5774685 6.656915 -0.09748797 0.2247875 6.713778 -0.2072429 0.6673857 6.705227 -0.1981282 1.072889 6.783066 -0.1819662 1.409607 6.866932 -0.02810852 0.6733932 6.753975 -0.01507233 1.084558 6.788289 -0.04260878 1.418242 6.883916  O_Hello_Close
-0.08195309 -0.007510662 6.671815 -0.1605266 0.08111846 6.690582 -0.3531346 0.310172 6.757871 -0.444272 0.6023458 6.719977 -0.0257781 0.08615422 6.721481 0.2276922 0.3122797 6.692925 0.4571621 0.5160949 6.662804 -0.09939991 0.2240068 6.71026 -0.2111404 0.6661905 6.709927 -0.2004294 1.070216 6.794918 -0.1825506 1.409093 6.869189 -0.03096281 0.6723627 6.754642 -0.01337741 1.083894 6.781772 -0.04152517 1.41648 6.88098  O_Hello_Close
-0.09427612 -0.01138043 6.710248 -0.17222 0.07854855 6.725036 -0.3655924 0.3115015 6.780465 -0.4526085 0.6049548 6.742771 -0.03751962 0.08386683 6.756097 0.2605581 0.2672868 6.727941 0.549145 0.375939 6.723871 -0.110056 0.2216747 6.738867 -0.2184138 0.6642804 6.719599 -0.2047733 1.069322 6.799158 -0.1846331 1.408684 6.870585 -0.03831403 0.6709739 6.764553 -0.01341931 1.082785 6.77852 -0.04213486 1.414853 6.879289  O_Hello_Close
-0.1012606 -0.01267219 6.7299 -0.1788593 0.07794952 6.742036 -0.3718313 0.3129672 6.791239 -0.457799 0.6066564 6.752981 -0.04422669 0.08353233 6.773344 0.2722958 0.2392508 6.742769 0.5766382 0.2886724 6.748899 -0.1161209 0.2211322 6.752204 -0.222521 0.6635134 6.720736 -0.20727 1.068781 6.798841 -0.1858833 1.408282 6.869235 -0.04252325 0.6706526 6.766028 -0.01419066 1.082386 6.774774 -0.04285608 1.413896 6.877375  O_Hello_Close
-0.1051854 -0.01307607 6.740654 -0.1826302 0.07787752 6.751184 -0.3749199 0.3140244 6.797089 -0.4612328 0.6075792 6.758576 -0.04802678 0.08373141 6.782567 0.2785155 0.2192889 6.750156 0.5866328 0.2242124 6.762151 -0.1196376 0.2210934 6.759052 -0.2251728 0.6630865 6.720103 -0.2090426 1.068383 6.797877 -0.1869883 1.407875 6.86811 -0.0452191 0.6706452 6.765502 -0.01464562 1.082272 6.771167 -0.04323135 1.413197 6.875662  O_Hello_Close
-0.1065975 -0.01308942 6.744496 -0.1840237 0.07796431 6.75427 -0.3758157 0.3145245 6.798993 -0.4626571 0.6079305 6.760536 -0.04947023 0.08398271 6.785836 0.2816478 0.2081559 6.752388 0.5889066 0.1855428 6.765991 -0.1209877 0.2212069 6.761256 -0.2262837 0.6629614 6.719086 -0.2099399 1.068219 6.797023 -0.1877493 1.407659 6.867463 -0.04640261 0.6707639 6.764731 -0.01471077 1.082325 6.768849 -0.04320483 1.41284 6.874658  O_Hello_Close
-0.1078888 -0.01294136 6.748347 -0.1853109 0.07820272 6.757276 -0.3765754 0.3151617 6.800765 -0.4638679 0.6084524 6.76245 -0.05083595 0.08440566 6.789139 0.2846995 0.1954243 6.754982 0.5878549 0.1410805 6.770726 -0.1222477 0.2214726 6.763402 -0.2272972 0.6629469 6.717823 -0.2108406 1.068147 6.796034 -0.1886085 1.407518 6.86679 -0.04752992 0.6710206 6.763867 -0.01465092 1.082502 6.766223 -0.04304151 1.41254 6.873541  O_Hello_Close
-0.1079334 -0.01271033 6.749699 -0.1854248 0.07843983 6.757937 -0.3763863 0.3154838 6.800803 -0.4637082 0.6088135 6.762855 -0.05111251 0.08478892 6.790451 0.2876026 0.1841509 6.755999 0.5835851 0.09909034 6.772229 -0.1224332 0.2217481 6.763901 -0.2273775 0.6630369 6.716325 -0.2113283 1.068132 6.795162 -0.1895008 1.407399 6.866543 -0.04784481 0.6713175 6.76324 -0.01423602 1.082746 6.76399 -0.04255764 1.412332 6.872705  O_Hello_Close
-0.1076271 -0.01250577 6.750721 -0.1851867 0.07863879 6.758356 -0.3759396 0.3157158 6.800705 -0.4631185 0.6091197 6.763002 -0.05103354 0.08511603 6.791496 0.289847 0.1745923 6.756997 0.5772188 0.06390762 6.773448 -0.1222713 0.2219831 6.764256 -0.2271315 0.663114 6.715059 -0.2115702 1.068122 6.794438 -0.1902098 1.407304 6.866364 -0.04782788 0.6715747 6.76281 -0.01374148 1.082964 6.762204 -0.04206018 1.412169 6.872067  O_Hello_Close
-0.1040608 -0.01211286 6.752064 -0.1818582 0.07893705 6.758282 -0.3726527 0.3157409 6.799592 -0.458205 0.6095979 6.761691 -0.04821626 0.0857172 6.79337 0.2955188 0.1556648 6.758546 0.557044 -0.007152796 6.772666 -0.119247 0.2223935 6.764671 -0.2240207 0.6632147 6.712597 -0.2107198 1.068085 6.79308 -0.1914078 1.407143 6.866161 -0.04545097 0.6720908 6.762952 -0.01174746 1.083498 6.759529 -0.04072402 1.411996 6.871322  O_Hello_Close
-0.09890483 -0.01188874 6.755573 -0.1769304 0.07905185 6.760366 -0.3682124 0.315538 6.800239 -0.4522953 0.6096382 6.760962 -0.04375319 0.08623993 6.797101 0.300776 0.1411091 6.75994 0.5337538 -0.06073809 6.769075 -0.1146509 0.2226487 6.766843 -0.2195159 0.6630248 6.711303 -0.2088818 1.068035 6.791483 -0.1919435 1.407232 6.864506 -0.04161052 0.6724628 6.763859 -0.009498043 1.083971 6.758114 -0.03950797 1.412055 6.870845  O_Hello_Close
-0.09088878 -0.01170468 6.76208 -0.1691894 0.079072 6.765202 -0.3615997 0.3151197 6.802939 -0.4450847 0.6089985 6.760832 -0.03642796 0.08694875 6.803275 0.307072 0.1243349 6.757999 0.4966803 -0.1188632 6.755214 -0.1073437 0.2228853 6.771001 -0.2127217 0.6624514 6.710259 -0.2058005 1.067741 6.789426 -0.1921135 1.407225 6.861791 -0.03540824 0.6728417 6.764606 -0.006637318 1.084567 6.756972 -0.0382425 1.41224 6.870459  O_Hello_Close
-0.08050714 -0.01167595 6.763629 -0.1591013 0.07886815 6.766049 -0.3524943 0.3144541 6.801227 -0.4345225 0.6078928 6.753554 -0.02638356 0.08745205 6.804122 0.3108999 0.1040674 6.735246 0.4286648 -0.1796292 6.707824 -0.09772186 0.2229187 6.770821 -0.2044869 0.6616856 6.70681 -0.2017183 1.066931 6.786454 -0.1915855 1.406434 6.859315 -0.02723317 0.6730458 6.761157 -0.003958387 1.085156 6.755946 -0.03679447 1.412217 6.87084  O_Hello_Close
-0.07479064 -0.01202238 6.754394 -0.1535059 0.07838094 6.757897 -0.346084 0.3138629 6.791662 -0.4245375 0.6073104 6.73836 -0.02042626 0.08706582 6.794662 0.3065168 0.08918858 6.699707 0.3460695 -0.2130953 6.653183 -0.09231953 0.2225186 6.762517 -0.2004476 0.6613088 6.701003 -0.1994667 1.065955 6.78368 -0.1907849 1.404956 6.859021 -0.02267514 0.6727926 6.753602 -0.003745956 1.08515 6.7561 -0.03619496 1.411888 6.872018  O_Hello_Close
-0.07394378 -0.01232302 6.748748 -0.1526454 0.07806039 6.752995 -0.3442822 0.3136437 6.786284 -0.4211291 0.60716 6.731055 -0.01935987 0.08663762 6.789033 0.3029072 0.08505023 6.684016 0.3069964 -0.2190074 6.632668 -0.09144585 0.2221882 6.757743 -0.1999581 0.6611677 6.69829 -0.1990089 1.065435 6.782799 -0.1902858 1.404111 6.859587 -0.02189074 0.6724963 6.749916 -0.004257305 1.084859 6.756969 -0.0361015 1.411852 6.872336  O_Hello_Close
-0.07363097 -0.01295185 6.740746 -0.1522558 0.07744396 6.746027 -0.3421549 0.3132975 6.778954 -0.4173468 0.6069786 6.722341 -0.01867203 0.08581674 6.780992 0.2968421 0.08056164 6.662542 0.2434309 -0.2183465 6.608638 -0.09095685 0.2215263 6.750872 -0.1997698 0.6607948 6.694168 -0.198364 1.064512 6.781261 -0.1891195 1.402719 6.860026 -0.02127532 0.6718357 6.744361 -0.005398197 1.084079 6.758742 -0.03638832 1.411689 6.872581  O_Hello_Close
-0.07397 -0.01338661 6.737731 -0.152526 0.07704425 6.743419 -0.3414318 0.3131182 6.776754 -0.4163023 0.6070199 6.720864 -0.01879392 0.08531821 6.777836 0.2937064 0.07939804 6.653361 0.2097444 -0.2124857 6.599895 -0.091134 0.2210912 6.748137 -0.1999575 0.6604649 6.692276 -0.1980144 1.063961 6.780375 -0.1882304 1.401986 6.859858 -0.02125035 0.6713707 6.741736 -0.006133897 1.083506 6.759612 -0.03674934 1.411517 6.872393  O_Hello_Close
-0.07438038 -0.01375353 6.73603 -0.152876 0.07671392 6.741962 -0.3410269 0.3129828 6.775881 -0.4158349 0.607116 6.721137 -0.01903562 0.08492315 6.775971 0.2914034 0.07893634 6.647315 0.1848944 -0.205707 6.594985 -0.0914021 0.2207316 6.7465 -0.2001887 0.6601597 6.690993 -0.1977414 1.063524 6.779685 -0.187464 1.401442 6.859558 -0.02132629 0.6709788 6.739909 -0.0067154 1.083022 6.760174 -0.03707449 1.411347 6.872105  O_Hello_Close
-0.07554547 -0.01449645 6.735706 -0.1539405 0.07604516 6.741836 -0.3407836 0.3127079 6.777874 -0.4159943 0.6074283 6.726975 -0.01990966 0.08424115 6.77509 0.2872493 0.07931805 6.639343 0.1429584 -0.1885381 6.588967 -0.09233622 0.2200278 6.745666 -0.2011006 0.6593933 6.689623 -0.1975294 1.06264 6.77881 -0.1861844 1.40047 6.858908 -0.02196483 0.6702034 6.73753 -0.007769985 1.082105 6.760745 -0.03769813 1.410831 6.871613  O_Hello_Close
-0.07670061 -0.01509726 6.737351 -0.1550413 0.07549083 6.743487 -0.3409295 0.3124464 6.781638 -0.4167924 0.6076044 6.734373 -0.02086888 0.08376253 6.776146 0.2839727 0.08030903 6.635246 0.1141173 -0.1723847 6.586262 -0.0933771 0.2194664 6.746542 -0.2022418 0.6586638 6.689388 -0.197654 1.061909 6.778533 -0.185369 1.399748 6.858457 -0.02290217 0.6695874 6.7365 -0.008561892 1.081412 6.760965 -0.03809486 1.410334 6.871356  O_Hello_Close
-0.07769166 -0.01553869 6.739745 -0.1560135 0.07507086 6.745805 -0.3412374 0.3122184 6.785714 -0.4178133 0.6076398 6.741332 -0.0217403 0.08345699 6.778018 0.281514 0.08143163 6.633504 0.09526236 -0.1595275 6.584993 -0.09434108 0.219056 6.748161 -0.2033857 0.6580497 6.689796 -0.1979564 1.061352 6.778638 -0.1849082 1.399244 6.858212 -0.02390073 0.6691386 6.736312 -0.009122593 1.080932 6.761029 -0.03830258 1.409932 6.871283  O_Hello_Close
-0.07907121 -0.01613355 6.74399 -0.1574102 0.07447255 6.749878 -0.3417347 0.3118321 6.792021 -0.4195527 0.6074595 6.751323 -0.0230181 0.08308446 6.781531 0.2781499 0.08308423 6.632468 0.07262154 -0.1417786 6.584518 -0.09579425 0.2184948 6.751247 -0.2052608 0.6571309 6.691015 -0.1985831 1.060563 6.779177 -0.1844207 1.398571 6.858067 -0.02560352 0.6685397 6.736782 -0.00992064 1.080325 6.761073 -0.03849439 1.40944 6.871142  O_Hello_Close
-0.08033209 -0.01665795 6.748244 -0.1587162 0.07392192 6.753933 -0.3421942 0.3114457 6.797835 -0.421234 0.6071593 6.760235 -0.02423726 0.08277595 6.785147 0.2750746 0.08445656 6.632349 0.05460181 -0.1259979 6.585391 -0.09719662 0.2179908 6.754434 -0.2071453 0.6562606 6.692438 -0.1993095 1.059827 6.779888 -0.1841249 1.39795 6.858092 -0.02736156 0.6680095 6.737619 -0.01068042 1.079808 6.761009 -0.0386502 1.408997 6.871011  O_Hello_Close
-0.08100383 -0.01693571 6.750383 -0.1594276 0.07361782 6.755944 -0.3424002 0.311231 6.800455 -0.4220647 0.6069487 6.764231 -0.02492337 0.08260858 6.787008 0.2734412 0.0848428 6.632578 0.04636045 -0.11861 6.586257 -0.09797929 0.2177179 6.756062 -0.2082053 0.6557927 6.693187 -0.1997917 1.059412 6.780335 -0.1841026 1.39758 6.858251 -0.02838443 0.6677322 6.73817 -0.01111506 1.079547 6.760833 -0.03876917 1.408707 6.871  O_Hello_Close
-0.08156966 -0.01717842 6.751957 -0.1600278 0.0733521 6.757406 -0.3425409 0.3110459 6.802364 -0.4226926 0.6067711 6.767295 -0.02550934 0.0824523 6.788378 0.2720485 0.08493209 6.632707 0.03968163 -0.1126902 6.587369 -0.09863941 0.2174777 6.75724 -0.2090839 0.6553974 6.693673 -0.2002075 1.059046 6.780642 -0.1841158 1.397235 6.85838 -0.02924202 0.6674892 6.738531 -0.0114818 1.07932 6.760524 -0.03889589 1.408411 6.870956  O_Hello_Close
-0.08186291 -0.01734734 6.752138 -0.160342 0.07316899 6.757522 -0.3425239 0.3109242 6.802533 -0.42286 0.6066629 6.768005 -0.02583591 0.08231068 6.788535 0.2713126 0.08430457 6.632592 0.03657176 -0.1107559 6.588404 -0.09898381 0.2173073 6.757315 -0.209499 0.6551765 6.693522 -0.2004473 1.058795 6.780613 -0.1842073 1.396954 6.858452 -0.02967481 0.6673254 6.738436 -0.01166807 1.079172 6.759915 -0.03902904 1.408099 6.870848  O_Hello_Close
-0.08207338 -0.01762855 6.748625 -0.1605532 0.07288647 6.754021 -0.3423467 0.3107191 6.798594 -0.4225034 0.606529 6.764259 -0.02612112 0.08194053 6.785378 0.2709585 0.08150363 6.630815 0.03646435 -0.1144465 6.589336 -0.0991755 0.2170165 6.754283 -0.2094781 0.655042 6.691199 -0.2006248 1.058408 6.779473 -0.1845771 1.396335 6.85835 -0.02976124 0.667066 6.736573 -0.01143025 1.078924 6.757566 -0.03891073 1.407186 6.870423  O_Hello_Close
-0.08200543 -0.01764524 6.744246 -0.1604589 0.07288516 6.749763 -0.3424607 0.3106632 6.79377 -0.4221242 0.606509 6.758607 -0.02609663 0.08177531 6.781464 0.2717502 0.07937634 6.629155 0.04260721 -0.1230534 6.588905 -0.09902041 0.2169868 6.750652 -0.2089881 0.6552699 6.688785 -0.200578 1.058383 6.778247 -0.1849382 1.396081 6.858181 -0.02937256 0.6670629 6.734619 -0.01104854 1.078894 6.756126 -0.03875343 1.4067 6.870249  O_Hello_Close
-0.08233432 -0.01747155 6.733721 -0.1607171 0.07310438 6.73949 -0.3436274 0.3106742 6.781636 -0.4213814 0.6066012 6.743048 -0.02654819 0.0815711 6.772113 0.2739721 0.07400751 6.626766 0.06505235 -0.1497791 6.589664 -0.09911995 0.2171198 6.741959 -0.2081899 0.6560304 6.68302 -0.2007793 1.058571 6.775112 -0.1860921 1.395735 6.857442 -0.02885489 0.667229 6.730084 -0.01055233 1.078951 6.753615 -0.03866945 1.405943 6.869949  O_Hello_Close
-0.08364819 -0.01720679 6.728019 -0.1619742 0.07341647 6.733817 -0.3459277 0.3108188 6.773564 -0.4211665 0.6067653 6.730411 -0.02796279 0.08160222 6.767152 0.27533 0.06897438 6.629082 0.09139468 -0.1759785 6.593441 -0.1002555 0.2173597 6.737267 -0.2086175 0.6566448 6.679833 -0.2016103 1.058935 6.773045 -0.1873853 1.39584 6.856511 -0.02951054 0.6674517 6.727848 -0.01085035 1.079075 6.75278 -0.03886263 1.405852 6.86974  O_Hello_Close
-0.08483313 -0.01697779 6.726414 -0.1631064 0.07369304 6.73218 -0.3480312 0.3109777 6.769684 -0.4212196 0.6067897 6.722291 -0.02917312 0.08171868 6.765865 0.27616 0.06463146 6.633912 0.1180657 -0.19752 6.596666 -0.10129 0.2175837 6.736046 -0.2091822 0.6570527 6.679136 -0.2024147 1.05936 6.77229 -0.188502 1.396248 6.855877 -0.03018848 0.6676393 6.72762 -0.01104973 1.079248 6.752428 -0.03891013 1.406012 6.869463  O_Hello_Close
-0.085393 -0.01670253 6.727253 -0.1635709 0.07404888 6.733046 -0.3497798 0.3112093 6.767886 -0.4211048 0.6066341 6.715499 -0.02966694 0.08188117 6.766893 0.2773597 0.0590626 6.6419 0.1602685 -0.2233137 6.601185 -0.1015975 0.217865 6.737164 -0.2089318 0.6575269 6.680691 -0.2029007 1.060028 6.773054 -0.1897437 1.397061 6.856179 -0.02998142 0.6678507 6.729391 -0.01048074 1.079551 6.752336 -0.03858427 1.40621 6.869602  O_Hello_Close
-0.0845307 -0.01656091 6.729856 -0.1626147 0.07426441 6.735756 -0.349782 0.3113774 6.769506 -0.4207795 0.6064835 6.714923 -0.02866988 0.08195579 6.769474 0.2789357 0.0556649 6.648319 0.196859 -0.2383276 6.604316 -0.1004978 0.218019 6.739861 -0.2074614 0.6578034 6.683638 -0.2025183 1.060552 6.774981 -0.1903466 1.397806 6.857355 -0.02845298 0.6679377 6.732164 -0.009118421 1.079806 6.752019 -0.03803084 1.406183 6.869876  O_Hello_Close
-0.08368681 -0.0164988 6.732345 -0.1617035 0.07438123 6.73829 -0.349606 0.3114713 6.771824 -0.4208768 0.6064049 6.716668 -0.02772437 0.08198905 6.77189 0.2804307 0.05371571 6.653551 0.2245757 -0.2460798 6.607646 -0.09948467 0.2180942 6.742306 -0.2061957 0.657938 6.686068 -0.2020694 1.060898 6.776515 -0.1906202 1.398348 6.858189 -0.02713851 0.6679615 6.734437 -0.008003278 1.079956 6.751708 -0.03761236 1.406059 6.870146  O_Hello_Close
-0.08273254 -0.01646376 6.735164 -0.1606803 0.0744735 6.741138 -0.3493584 0.311543 6.774693 -0.421128 0.6063263 6.719381 -0.02666472 0.08200359 6.774611 0.2821037 0.05191696 6.659217 0.253695 -0.2514895 6.611868 -0.0983576 0.218145 6.745029 -0.2048144 0.6580366 6.688684 -0.2015379 1.061226 6.778139 -0.1908333 1.39889 6.859026 -0.02570538 0.667958 6.736883 -0.006809337 1.080071 6.75135 -0.03716705 1.405863 6.870454  O_Hello_Close
-0.08129273 -0.01653969 6.744412 -0.1591084 0.0745393 6.749932 -0.3495784 0.311638 6.784876 -0.4237607 0.6062531 6.731902 -0.02511184 0.0820086 6.783494 0.2883477 0.04989254 6.680927 0.3297805 -0.2524066 6.636173 -0.09657209 0.2181319 6.753274 -0.2023128 0.6579419 6.694977 -0.2001803 1.06181 6.781355 -0.190485 1.400094 6.859734 -0.02323262 0.6677964 6.743296 -0.004137261 1.080089 6.750627 -0.03607659 1.40534 6.870792  O_Hello_Close
-0.0815386 -0.01666379 6.749365 -0.1592934 0.07448566 6.754573 -0.3504808 0.311604 6.790711 -0.426246 0.6061413 6.739576 -0.02532749 0.08194137 6.78826 0.29193 0.05015779 6.695354 0.3691917 -0.2458053 6.656099 -0.09665559 0.2180405 6.757621 -0.2020115 0.6577797 6.698107 -0.1998618 1.062003 6.782802 -0.1902146 1.400557 6.860018 -0.02297614 0.6676248 6.746593 -0.003135605 1.079932 6.750145 -0.03569857 1.405092 6.87039  O_Hello_Close
-0.08283167 -0.01694131 6.754717 -0.1605128 0.07427907 6.759779 -0.3521571 0.3113919 6.797992 -0.4299915 0.60579 6.749215 -0.02654771 0.08167315 6.793483 0.2961405 0.05186462 6.715351 0.4159075 -0.2309668 6.687664 -0.09775804 0.2177868 6.762636 -0.2027418 0.6575269 6.702473 -0.1995622 1.062567 6.783137 -0.1898251 1.40106 6.86061 -0.02370815 0.6672945 6.750982 -0.002387984 1.079542 6.749829 -0.03558932 1.404791 6.869655  O_Hello_Close
-0.08388899 -0.01717722 6.756892 -0.1615345 0.07406521 6.762101 -0.3531057 0.3111694 6.801547 -0.4317308 0.6055142 6.753727 -0.02754013 0.08138192 6.795704 0.2979953 0.05338979 6.726232 0.4392155 -0.2200789 6.706837 -0.09872793 0.2175485 6.76504 -0.2036075 0.6573803 6.705367 -0.198966 1.063372 6.781024 -0.1893396 1.401333 6.860796 -0.024532 0.6670414 6.753742 -0.00220005 1.07922 6.750061 -0.03565608 1.404611 6.869432  O_Hello_Close
-0.08521084 -0.01747394 6.758127 -0.162833 0.07376742 6.763693 -0.3539803 0.3108889 6.804023 -0.4326307 0.6052737 6.756492 -0.02879457 0.08096457 6.797147 0.2992581 0.0555017 6.735606 0.4588738 -0.2081473 6.72482 -0.09999637 0.2172306 6.766959 -0.204871 0.6572485 6.708667 -0.1977073 1.064749 6.775503 -0.1884332 1.401453 6.860462 -0.02573238 0.6667401 6.756842 -0.002286835 1.07883 6.750856 -0.03588657 1.404448 6.869566  O_Hello_Close
-0.08630888 -0.01764762 6.75853 -0.1639267 0.07357538 6.764448 -0.3544662 0.3107716 6.80479 -0.4323889 0.6052913 6.756898 -0.02986364 0.08066416 6.797826 0.2999103 0.0579654 6.740845 0.4709471 -0.1986016 6.735935 -0.1010873 0.2170271 6.768131 -0.2060034 0.6572313 6.71134 -0.1976062 1.065305 6.774426 -0.1880166 1.401569 6.861077 -0.02682935 0.666567 6.759413 -0.002462132 1.078581 6.752036 -0.03605698 1.404472 6.869994  O_Hello_Close
-0.08752994 -0.01777089 6.759191 -0.1651577 0.07342422 6.765397 -0.3549042 0.3107579 6.805127 -0.431631 0.6054494 6.756368 -0.03109406 0.08042419 6.798791 0.3004288 0.06125474 6.745745 0.4814071 -0.188446 6.746569 -0.1023344 0.2168709 6.769525 -0.2073028 0.6572383 6.714111 -0.1981372 1.065516 6.775759 -0.1876795 1.401904 6.861824 -0.02812771 0.6664443 6.762205 -0.002861245 1.078384 6.753799 -0.03649239 1.404699 6.870569  O_Hello_Close
-0.08828335 -0.01777875 6.760038 -0.1659319 0.07339442 6.766307 -0.3551306 0.3108448 6.805234 -0.4309141 0.6056429 6.755651 -0.03188894 0.08038008 6.799788 0.3006845 0.0638088 6.748347 0.4859718 -0.1826839 6.752138 -0.1031378 0.2168478 6.770641 -0.2081567 0.6572607 6.715685 -0.1989987 1.065262 6.779135 -0.1875366 1.402331 6.862362 -0.02901129 0.6664434 6.763895 -0.003333611 1.078355 6.755371 -0.03699766 1.4051 6.870924  O_Hello_Close
-0.08872657 -0.01772642 6.760954 -0.1663978 0.07343078 6.767175 -0.3552559 0.3109622 6.805419 -0.4304134 0.6058177 6.755229 -0.03237901 0.08044147 6.800747 0.3008343 0.06569993 6.749784 0.4876743 -0.1795906 6.755051 -0.1036358 0.2168965 6.771561 -0.2087067 0.6572917 6.716563 -0.1998639 1.064807 6.783105 -0.1874705 1.402699 6.862787 -0.02959589 0.6665076 6.764894 -0.003787799 1.078418 6.756682 -0.03744952 1.405567 6.871086  O_Hello_Close
-0.08884846 -0.01751292 6.761728 -0.1665639 0.07361221 6.767866 -0.355188 0.3111653 6.80546 -0.429741 0.6060691 6.754654 -0.03257416 0.08068943 6.80154 0.3011163 0.06770277 6.750175 0.4873827 -0.1780063 6.756198 -0.1038673 0.2171063 6.772264 -0.209086 0.6574417 6.717071 -0.2017556 1.06361 6.791556 -0.1882042 1.403071 6.864059 -0.03001658 0.6667476 6.765538 -0.004377885 1.078688 6.758381 -0.03801392 1.406415 6.871126  O_Hello_Close
-0.08867811 -0.01732731 6.761459 -0.1664336 0.07376313 6.767604 -0.3550295 0.3112535 6.805057 -0.4292869 0.6061786 6.753943 -0.03245465 0.08088803 6.801311 0.3012997 0.06847036 6.749353 0.485685 -0.1786569 6.755229 -0.1037989 0.2172827 6.772056 -0.2091915 0.6575887 6.71696 -0.2025066 1.063182 6.794576 -0.1886046 1.40318 6.864445 -0.03013728 0.666957 6.765472 -0.004837794 1.078938 6.759513 -0.03849427 1.40691 6.871538  O_Hello_Close
-0.08841418 -0.01716816 6.760768 -0.166207 0.07388699 6.766961 -0.3548488 0.3112842 6.804473 -0.4289271 0.6062216 6.753172 -0.03223125 0.08104885 6.800672 0.3014353 0.06873524 6.748108 0.4835339 -0.1800923 6.753524 -0.1036312 0.2174298 6.771489 -0.2092041 0.6577218 6.716627 -0.2027131 1.063163 6.795047 -0.1887776 1.403262 6.86442 -0.03015403 0.6671378 6.765144 -0.005243642 1.079158 6.760406 -0.03894446 1.40723 6.872124  O_Hello_Close
-0.08760761 -0.01692915 6.758772 -0.1654571 0.07406843 6.765101 -0.3543026 0.3112845 6.802874 -0.4284404 0.606119 6.75107 -0.03147529 0.08127511 6.798779 0.3018056 0.06814754 6.745788 0.4797686 -0.1836762 6.750062 -0.1029723 0.2176458 6.769786 -0.208846 0.6579365 6.715498 -0.2025137 1.063407 6.793781 -0.1889134 1.403307 6.864184 -0.02978663 0.6674083 6.76397 -0.005457385 1.079478 6.760796 -0.03915636 1.407384 6.873002  O_Hello_Close
-0.08621918 -0.01657903 6.755834 -0.1641444 0.07434356 6.762307 -0.3533466 0.3113257 6.80031 -0.4278736 0.6059102 6.74765 -0.03015666 0.08162248 6.795946 0.302498 0.06710064 6.742324 0.4743906 -0.1889311 6.744588 -0.1017811 0.2179683 6.767151 -0.208052 0.6582368 6.713461 -0.202263 1.063552 6.792588 -0.1891586 1.403292 6.863853 -0.02898346 0.6678007 6.761881 -0.005315823 1.079918 6.760146 -0.03891639 1.407457 6.873445  O_Hello_Close
-0.08495419 -0.01628494 6.753429 -0.1629388 0.07458091 6.759983 -0.3524669 0.3113884 6.798072 -0.427488 0.6057072 6.744633 -0.02894883 0.08192563 6.793599 0.3031555 0.06618404 6.739409 0.4699534 -0.1932051 6.739807 -0.1006703 0.2182441 6.764916 -0.2072465 0.6584791 6.711558 -0.2021199 1.063511 6.792164 -0.1893914 1.40323 6.863602 -0.02817409 0.6681285 6.759947 -0.004946513 1.080273 6.758914 -0.03840486 1.407454 6.873287  O_Hello_Close
-0.08381049 -0.01603901 6.751765 -0.1618475 0.07478774 6.758235 -0.3517331 0.3114762 6.796096 -0.4273432 0.6055517 6.742149 -0.027885 0.082214 6.791942 0.3036556 0.06536877 6.736659 0.4652707 -0.197275 6.734889 -0.09965847 0.2184852 6.763165 -0.2064299 0.6586469 6.709592 -0.2016922 1.063609 6.790575 -0.1894409 1.403116 6.863091 -0.02739642 0.6684064 6.758103 -0.004412515 1.080564 6.757001 -0.03784524 1.407292 6.872669  O_Hello_Close
-0.08269791 -0.01579988 6.750186 -0.1607858 0.07498968 6.756563 -0.3510233 0.3115649 6.79418 -0.4272192 0.605401 6.739756 -0.02685229 0.08249688 6.790367 0.3041193 0.06457472 6.733994 0.4605666 -0.2011572 6.730095 -0.09867333 0.2187206 6.761485 -0.2056279 0.6588075 6.707663 -0.2012522 1.063715 6.788937 -0.189483 1.402999 6.862569 -0.02663569 0.6686764 6.756304 -0.00387655 1.080846 6.75508 -0.03727851 1.40712 6.872031  O_Hello_Close
-0.081618 -0.01557755 6.74885 -0.1597588 0.07518077 6.755022 -0.3503974 0.3116647 6.792161 -0.4272382 0.6052807 6.737457 -0.02587257 0.08279312 6.788989 0.304361 0.06379783 6.730487 0.4542664 -0.2056201 6.723647 -0.09772353 0.218948 6.759857 -0.2048257 0.6589195 6.70539 -0.2002146 1.064243 6.784552 -0.1892753 1.402797 6.861592 -0.02590112 0.668933 6.75425 -0.003382726 1.081115 6.752849 -0.03681634 1.406893 6.871167  O_Hello_Close
-0.08065216 -0.01537883 6.747748 -0.1588415 0.0753535 6.753683 -0.3498653 0.3117638 6.790284 -0.4273174 0.6051885 6.735415 -0.02500669 0.08307219 6.787828 0.3044448 0.06309199 6.726944 0.4476748 -0.209843 6.717146 -0.09687631 0.2191546 6.758405 -0.2040948 0.6590025 6.703173 -0.1989897 1.064896 6.779324 -0.1890103 1.402518 6.860476 -0.02524374 0.6691631 6.752271 -0.002950473 1.081357 6.750685 -0.03643398 1.406663 6.870279  O_Hello_Close
-0.07949571 -0.01506269 6.746822 -0.1577371 0.07564688 6.752408 -0.349207 0.3120078 6.788152 -0.4273396 0.6052849 6.733459 -0.0239623 0.08351171 6.786754 0.304205 0.0622654 6.721643 0.4369793 -0.2157129 6.707383 -0.095847 0.2194883 6.756882 -0.2031801 0.6591499 6.700404 -0.1981053 1.065224 6.775589 -0.1889609 1.402212 6.859431 -0.02441488 0.6695142 6.749771 -0.002497716 1.081729 6.748432 -0.03599254 1.406572 6.869277  O_Hello_Close
-0.07845013 -0.01471579 6.746309 -0.1567331 0.07597983 6.751527 -0.348591 0.312327 6.786325 -0.4272898 0.6055391 6.732097 -0.02301089 0.08399165 6.786044 0.3036185 0.06150138 6.716026 0.4247089 -0.2214963 6.697218 -0.09490292 0.2198565 6.755685 -0.2023176 0.659317 6.697814 -0.1977951 1.065153 6.774311 -0.1890942 1.402004 6.858744 -0.02362762 0.6698874 6.747409 -0.002139254 1.082127 6.74668 -0.03561411 1.406637 6.868419  O_Hello_Close
-0.07806389 -0.01440346 6.746349 -0.1563505 0.07630062 6.751359 -0.3483053 0.3127141 6.785428 -0.4271228 0.6059802 6.731668 -0.02262901 0.084396 6.78586 0.3024867 0.06085432 6.711159 0.4126657 -0.2262973 6.688599 -0.0945261 0.2201887 6.755192 -0.2019575 0.6595125 6.696322 -0.1984355 1.064588 6.776798 -0.1893785 1.402026 6.858818 -0.0232685 0.6702025 6.745895 -0.002221329 1.082465 6.74651 -0.0355045 1.406914 6.868464  O_Hello_Close
-0.07771473 -0.0140419 6.746475 -0.1559997 0.07667518 6.751273 -0.3480202 0.3131754 6.784538 -0.4269038 0.606522 6.731315 -0.02227072 0.08485651 6.785725 0.3009704 0.06009412 6.705726 0.3983762 -0.2313176 6.679351 -0.09417336 0.2205721 6.754729 -0.2016142 0.6597467 6.694774 -0.1993092 1.063809 6.780232 -0.1897062 1.402006 6.859001 -0.02291451 0.6705604 6.744282 -0.002376003 1.082842 6.746556 -0.03541498 1.407263 6.868652  O_Hello_Close
-0.07807516 -0.01371229 6.74623 -0.1563158 0.07704926 6.750908 -0.3480848 0.3137475 6.78326 -0.4264845 0.6072618 6.730247 -0.02255843 0.0852375 6.785247 0.2982963 0.05916286 6.698791 0.3781193 -0.2371128 6.667914 -0.09442233 0.2209247 6.754039 -0.2017089 0.6600301 6.693305 -0.1993703 1.063812 6.780075 -0.1894772 1.402023 6.858748 -0.02296869 0.6708596 6.742662 -0.003032966 1.083151 6.747325 -0.03551398 1.407665 6.869322  O_Hello_Close
-0.07851093 -0.01345909 6.745718 -0.1567055 0.07734573 6.750329 -0.3481832 0.3142221 6.781962 -0.426035 0.6079038 6.729069 -0.02292667 0.08551002 6.78459 0.2958311 0.05839694 6.692889 0.360021 -0.2412909 6.658665 -0.09474115 0.2211949 6.753259 -0.2018473 0.6602799 6.692061 -0.1992937 1.063946 6.779364 -0.1892058 1.402052 6.858464 -0.02307676 0.6710815 6.741315 -0.003602905 1.083368 6.747944 -0.03558038 1.407949 6.869896  O_Hello_Close
-0.07945822 -0.01314104 6.74313 -0.1575591 0.07774293 6.747768 -0.3483313 0.3148962 6.778652 -0.4248419 0.6089625 6.725939 -0.02378623 0.08574331 6.782092 0.2922902 0.05767334 6.683828 0.3317582 -0.2456974 6.644932 -0.09544455 0.2215247 6.750821 -0.2020622 0.6607631 6.689871 -0.1992241 1.064215 6.77815 -0.1888621 1.402131 6.858021 -0.02330129 0.6713435 6.739208 -0.004192157 1.083606 6.748021 -0.03540061 1.40808 6.870458  O_Hello_Close
-0.08068536 -0.0129844 6.738401 -0.1587145 0.07795823 6.743097 -0.3486355 0.3153044 6.773506 -0.4236533 0.6098248 6.721185 -0.0250247 0.08573604 6.777793 0.2886923 0.05731034 6.673834 0.3000623 -0.2478681 6.630922 -0.096476 0.2216731 6.746725 -0.2025298 0.6611834 6.686761 -0.1976742 1.065881 6.769047 -0.1880303 1.401982 6.856323 -0.02388899 0.6714563 6.736595 -0.004645748 1.083686 6.746598 -0.03530471 1.407807 6.870102  O_Hello_Close
-0.0823503 -0.01278961 6.729264 -0.160352 0.07817256 6.734035 -0.348863 0.3156098 6.764074 -0.4220343 0.6107322 6.712535 -0.02688442 0.08564115 6.769642 0.2839122 0.05773568 6.658434 0.2484153 -0.2450898 6.612161 -0.09804969 0.2218204 6.738981 -0.2034429 0.6617737 6.681137 -0.1958736 1.067939 6.755616 -0.1871726 1.401108 6.853579 -0.02512149 0.6716112 6.732188 -0.005033238 1.083778 6.743091 -0.03550385 1.407038 6.868876  O_Hello_Close
-0.08289044 -0.01270247 6.725637 -0.1609263 0.07823014 6.730415 -0.3488015 0.3156285 6.760237 -0.4216267 0.6109088 6.709114 -0.02756987 0.08563054 6.766451 0.2821521 0.0583694 6.65238 0.2246469 -0.2411005 6.606387 -0.09867065 0.2218771 6.73594 -0.2039822 0.6619628 6.678961 -0.1957506 1.068339 6.752206 -0.1871701 1.400735 6.852774 -0.02582012 0.6716999 6.730584 -0.005154593 1.083833 6.74168 -0.0357279 1.406798 6.868197  O_Hello_Close
-0.08337413 -0.01262963 6.722267 -0.1614614 0.07825911 6.727039 -0.3486853 0.3155903 6.756584 -0.421329 0.6109947 6.705923 -0.02821909 0.08562028 6.763502 0.2804382 0.05914986 6.646576 0.2002344 -0.2352586 6.601905 -0.09928183 0.2219164 6.733124 -0.2045987 0.6621049 6.676955 -0.1958673 1.06856 6.749704 -0.187298 1.400387 6.852132 -0.02659945 0.6717808 6.729149 -0.005280359 1.083876 6.740392 -0.03599815 1.40661 6.867463  O_Hello_Close
-0.08393751 -0.01255524 6.721145 -0.1620715 0.0782963 6.725861 -0.3485508 0.3156217 6.754862 -0.4215041 0.6110896 6.705022 -0.02890496 0.0856725 6.762597 0.2782838 0.0600239 6.641993 0.172756 -0.2267799 6.600618 -0.09996311 0.2219723 6.732224 -0.2053487 0.6621783 6.676322 -0.1967386 1.068261 6.751138 -0.1876272 1.400467 6.85228 -0.02745764 0.6718704 6.72888 -0.005609555 1.083932 6.740328 -0.03642211 1.4067 6.86729  O_Hello_Close
-0.08479647 -0.01247454 6.722604 -0.1629358 0.0783776 6.727219 -0.3485172 0.3158488 6.755366 -0.4221238 0.6113672 6.706803 -0.02978651 0.08578467 6.76401 0.2751702 0.060835 6.638459 0.1416156 -0.2147887 6.602415 -0.1008354 0.2220604 6.733508 -0.2062108 0.6622226 6.677244 -0.1985517 1.06723 6.757771 -0.1881394 1.401009 6.853465 -0.02834426 0.6719584 6.729877 -0.006243272 1.083994 6.741781 -0.0368555 1.407168 6.867754  O_Hello_Close
-0.08611183 -0.01238143 6.727467 -0.1641763 0.07853973 6.731985 -0.3488904 0.31639 6.759033 -0.4230222 0.6120421 6.712109 -0.03092925 0.08597243 6.768416 0.2711154 0.06145477 6.637168 0.11313 -0.201717 6.607409 -0.1019607 0.2221986 6.737654 -0.2071732 0.6622506 6.680233 -0.2008818 1.065591 6.768843 -0.1885824 1.401763 6.855508 -0.02916746 0.6720318 6.732385 -0.007286472 1.084054 6.745124 -0.03707043 1.408228 6.868705  O_Hello_Close
-0.08743583 -0.01234043 6.731638 -0.1654082 0.07866073 6.736137 -0.3496763 0.316852 6.762548 -0.4234399 0.6127968 6.716908 -0.03204481 0.08608043 6.772143 0.2679245 0.06193948 6.637079 0.09643461 -0.1930569 6.611146 -0.1030526 0.222281 6.741213 -0.2080616 0.6622605 6.682873 -0.2019109 1.064865 6.774776 -0.1884132 1.402186 6.856668 -0.02988998 0.6720342 6.734457 -0.00832109 1.084041 6.748191 -0.03729324 1.409168 6.869439  O_Hello_Close
-0.08930789 -0.01233566 6.734844 -0.1671604 0.07876492 6.739407 -0.3512564 0.3172754 6.765585 -0.4230858 0.613862 6.721038 -0.03369043 0.08608568 6.775036 0.2648146 0.06278718 6.637117 0.08327438 -0.1853391 6.613017 -0.104622 0.2223195 6.744077 -0.2092717 0.6623271 6.685304 -0.2020705 1.065062 6.776557 -0.1875511 1.402609 6.857335 -0.03094832 0.6719743 6.736385 -0.00968097 1.083934 6.751896 -0.03802167 1.410089 6.870502  O_Hello_Close
-0.0912693 -0.01227129 6.734472 -0.1690069 0.0789175 6.739228 -0.3532272 0.3175575 6.765522 -0.421533 0.6149765 6.720984 -0.03552226 0.08600068 6.77485 0.2630169 0.06418955 6.636182 0.07768632 -0.1809382 6.610312 -0.1062879 0.2223841 6.744171 -0.2103954 0.6626377 6.686284 -0.2022093 1.065522 6.776793 -0.1869305 1.402959 6.857891 -0.03205202 0.6719606 6.737356 -0.01073794 1.083839 6.754828 -0.03893183 1.410771 6.871313  O_Hello_Close
-0.0924484 -0.01217806 6.732546 -0.1701202 0.0790571 6.737483 -0.3544432 0.31769 6.763847 -0.4203664 0.6155866 6.71891 -0.03666572 0.08593571 6.773258 0.2623818 0.06530368 6.634699 0.07743086 -0.1798221 6.606223 -0.1072951 0.2224604 6.742896 -0.211004 0.662957 6.686154 -0.2024327 1.065759 6.776991 -0.1867981 1.403126 6.858311 -0.03270457 0.6719965 6.737429 -0.01115314 1.08382 6.755882 -0.03935782 1.411061 6.871492  O_Hello_Close
-0.0932406 -0.01207519 6.73043 -0.1708704 0.07918692 6.735525 -0.3551866 0.3177826 6.761795 -0.4196578 0.6159013 6.71623 -0.03745292 0.08589888 6.77147 0.2621166 0.06621552 6.633127 0.07922865 -0.1801217 6.601912 -0.107977 0.222542 6.741397 -0.2113925 0.6632448 6.68573 -0.2026269 1.065936 6.77704 -0.1868208 1.403203 6.858741 -0.03314654 0.6720523 6.737231 -0.01131497 1.083839 6.756168 -0.03954301 1.411127 6.87164  O_Hello_Close
-0.09396999 -0.01196051 6.728407 -0.171561 0.07932639 6.733651 -0.355825 0.3178937 6.759733 -0.4190437 0.6161593 6.71338 -0.03817682 0.08588457 6.769746 0.261908 0.06713295 6.631614 0.08177979 -0.1808579 6.597575 -0.1086046 0.2226361 6.739941 -0.2117517 0.6635254 6.685262 -0.2028172 1.066114 6.777005 -0.1868672 1.403287 6.859067 -0.03355376 0.6721191 6.736964 -0.0114607 1.083873 6.75631 -0.03968469 1.41115 6.871813  O_Hello_Close
-0.09478764 -0.01177084 6.725886 -0.1723346 0.07954371 6.731298 -0.3563821 0.3181001 6.756825 -0.4185341 0.6163135 6.708727 -0.03898446 0.08593071 6.76755 0.2618005 0.06842661 6.629681 0.08778729 -0.1832886 6.591428 -0.109307 0.2228013 6.738046 -0.212158 0.6638943 6.684463 -0.2030717 1.066368 6.776695 -0.1870105 1.40343 6.859191 -0.03400938 0.6722498 6.736374 -0.01161156 1.083972 6.756043 -0.03975282 1.411046 6.87214  O_Hello_Close
-0.09529094 -0.01160336 6.724473 -0.17281 0.07973075 6.729953 -0.3567179 0.3182905 6.754999 -0.4183366 0.6163604 6.70535 -0.03948085 0.086025 6.766299 0.2618969 0.06930137 6.628817 0.09422095 -0.1861875 6.587409 -0.1097377 0.2229578 6.736926 -0.2124035 0.6641551 6.68385 -0.2032611 1.066579 6.776294 -0.1871735 1.403588 6.859 -0.03428511 0.6723821 6.735885 -0.01170461 1.084093 6.755573 -0.03968744 1.411009 6.872154  O_Hello_Close
-0.09563951 -0.01143098 6.723655 -0.1731385 0.0799197 6.729143 -0.3569436 0.3184943 6.753694 -0.4183496 0.6163316 6.702413 -0.03982369 0.08616495 6.765549 0.2621517 0.06999493 6.628596 0.1019053 -0.1897596 6.584403 -0.1100341 0.2231282 6.736207 -0.2125684 0.6643745 6.683284 -0.2034315 1.066789 6.775772 -0.1873745 1.40378 6.858556 -0.03447066 0.6725343 6.735401 -0.01177041 1.084248 6.75489 -0.03951601 1.411014 6.871946  O_Hello_Close
-0.0958827 -0.01122987 6.723329 -0.1733654 0.08013713 6.728776 -0.3571472 0.3187346 6.752885 -0.4184013 0.6163056 6.699903 -0.04006032 0.0863632 6.765221 0.2626866 0.07059205 6.629178 0.1119156 -0.1942934 6.582187 -0.1102349 0.2233346 6.735831 -0.2126665 0.6645907 6.68279 -0.203592 1.067012 6.77525 -0.1876181 1.404001 6.85806 -0.03458283 0.6727259 6.734958 -0.01181309 1.084452 6.754115 -0.03927974 1.411038 6.871736  O_Hello_Close
-0.09591524 -0.01099801 6.723911 -0.1733897 0.08038306 6.729234 -0.3572933 0.3190176 6.753039 -0.4185186 0.6162933 6.698394 -0.04008512 0.0866456 6.765675 0.2636645 0.07095993 6.631134 0.1251174 -0.2000813 6.58168 -0.1102464 0.2235841 6.7361 -0.2126362 0.6647784 6.682468 -0.2037197 1.067238 6.774779 -0.1879148 1.404252 6.85752 -0.03455333 0.6729668 6.734632 -0.01181136 1.084719 6.753249 -0.03894798 1.411091 6.87154  O_Hello_Close
-0.09584169 -0.01078975 6.72471 -0.1733135 0.08060074 6.729908 -0.3574018 0.3192654 6.753582 -0.4185702 0.6163057 6.697609 -0.04000489 0.08691299 6.766325 0.2647511 0.07128298 6.633375 0.1381133 -0.2051512 6.581883 -0.1101662 0.2238101 6.736561 -0.2125515 0.6649287 6.682302 -0.2037967 1.067424 6.774473 -0.1881573 1.404462 6.857143 -0.03446291 0.6731884 6.734434 -0.01176356 1.084967 6.752508 -0.03863679 1.411144 6.871396  O_Hello_Close
-0.09539358 -0.01048601 6.726786 -0.1728766 0.08090746 6.731762 -0.3574813 0.3196046 6.755699 -0.4184325 0.6164214 6.698321 -0.03954731 0.08734751 6.768081 0.2670347 0.07173204 6.63825 0.1606304 -0.2126135 6.584119 -0.1097478 0.2241455 6.737955 -0.2122345 0.6650866 6.682457 -0.2037801 1.067639 6.774405 -0.1884281 1.404723 6.856943 -0.03411619 0.6735275 6.734458 -0.01153879 1.085355 6.751541 -0.03814761 1.41124 6.871287  O_Hello_Close
-0.09496067 -0.01025748 6.728666 -0.1724607 0.08113146 6.733459 -0.3575579 0.3198307 6.757796 -0.4184076 0.6165159 6.699635 -0.0391163 0.0876863 6.769701 0.2690539 0.07217884 6.642652 0.1797169 -0.2176754 6.586904 -0.1093592 0.2243972 6.73928 -0.2119638 0.6651828 6.682775 -0.2037362 1.067795 6.774483 -0.1885958 1.40493 6.856851 -0.03382377 0.6737853 6.734675 -0.01130836 1.085654 6.750813 -0.03780005 1.41134 6.871125  O_Hello_Close
-0.0942028 -0.009974957 6.731709 -0.1717431 0.081393 6.736241 -0.3576821 0.3200405 6.761533 -0.418576 0.6166473 6.703018 -0.03838114 0.08813143 6.772386 0.2722364 0.0729754 6.64975 0.2077902 -0.2231344 6.592565 -0.1087058 0.224707 6.741549 -0.2115503 0.6652532 6.68363 -0.203605 1.067977 6.774873 -0.1887169 1.405212 6.856875 -0.0333846 0.6741126 6.735399 -0.01087932 1.086042 6.74992 -0.03743218 1.411532 6.870749  O_Hello_Close
-0.09362416 -0.009741426 6.734508 -0.1712042 0.08160424 6.738803 -0.357965 0.3201662 6.765171 -0.4190235 0.6167752 6.706841 -0.03784029 0.08849907 6.774911 0.2753417 0.07397246 6.657009 0.2348344 -0.2262793 6.599455 -0.1082294 0.2249597 6.743715 -0.2112763 0.6653025 6.684621 -0.2035233 1.068141 6.775373 -0.1888082 1.40548 6.85698 -0.03310756 0.6743802 6.736341 -0.01048772 1.086359 6.749206 -0.03724525 1.411691 6.870412  O_Hello_Close
-0.09310906 -0.009512663 6.737676 -0.1707375 0.08180404 6.741708 -0.3584895 0.3202157 6.769543 -0.4199156 0.6169122 6.712049 -0.0373892 0.08886123 6.777843 0.2790349 0.07541871 6.66618 0.2667085 -0.2274742 6.609538 -0.107838 0.2252042 6.746268 -0.2110915 0.6653388 6.685997 -0.2034736 1.068323 6.77611 -0.1888819 1.405792 6.857199 -0.03294478 0.6746426 6.737753 -0.01004033 1.086666 6.748526 -0.03722779 1.411848 6.870037  O_Hello_Close
-0.09309123 -0.009344578 6.740283 -0.1707501 0.08195591 6.74409 -0.3593042 0.3202192 6.77341 -0.421357 0.6169878 6.71697 -0.03745554 0.08909464 6.780406 0.2827093 0.07746792 6.67619 0.2982332 -0.2256856 6.621772 -0.107896 0.2253788 6.74856 -0.2111822 0.6654096 6.687589 -0.2035737 1.068548 6.777012 -0.1890077 1.40615 6.857549 -0.03311215 0.6748267 6.739588 -0.009622319 1.086868 6.748158 -0.03736238 1.411902 6.869941  O_Hello_Close
-0.09359799 -0.009183288 6.743145 -0.1712768 0.08211052 6.746692 -0.3607033 0.3201696 6.778036 -0.4238194 0.6170094 6.723172 -0.03809283 0.08927298 6.783407 0.2872818 0.0807637 6.690621 0.3397323 -0.2191678 6.641688 -0.1084503 0.225541 6.751309 -0.2115952 0.665544 6.6899 -0.2038749 1.068897 6.778339 -0.1892482 1.406682 6.858098 -0.0336834 0.6749936 6.742433 -0.009064956 1.087022 6.747885 -0.03764413 1.411852 6.870019  O_Hello_Close
-0.09510569 -0.009137392 6.743848 -0.1727517 0.08218753 6.74731 -0.3623504 0.3201708 6.780175 -0.4261331 0.6170837 6.726491 -0.03970913 0.08919322 6.784564 0.2899376 0.08410013 6.702117 0.3700134 -0.2105278 6.658682 -0.1098716 0.2255741 6.752519 -0.2125531 0.6657765 6.691766 -0.2045597 1.069302 6.779392 -0.1897484 1.407223 6.858533 -0.0348439 0.6750083 6.745018 -0.008717341 1.086971 6.747808 -0.03785042 1.411628 6.870269  O_Hello_Close
-0.09681152 -0.009136438 6.743889 -0.1744196 0.08222198 6.747317 -0.3640457 0.3201365 6.781576 -0.4283178 0.6171367 6.728968 -0.04151766 0.08904409 6.785103 0.2915319 0.08715522 6.71212 0.3952713 -0.2008675 6.674898 -0.1114805 0.2255572 6.753185 -0.2136828 0.6659921 6.693316 -0.2049661 1.069993 6.778652 -0.1901081 1.407705 6.858675 -0.03617493 0.6749687 6.747278 -0.008481545 1.086838 6.747567 -0.03805922 1.41132 6.870386  O_Hello_Close
-0.09923784 -0.009196401 6.742747 -0.1767915 0.08220613 6.74623 -0.3661756 0.320076 6.78191 -0.4306379 0.6172245 6.730385 -0.04405383 0.0887605 6.784636 0.2919614 0.0904032 6.720938 0.417546 -0.1895789 6.690231 -0.1137711 0.2254658 6.753004 -0.2153746 0.6662368 6.694608 -0.2049355 1.071314 6.774472 -0.1903698 1.408112 6.858311 -0.03810171 0.6748403 6.749397 -0.008456809 1.086567 6.747016 -0.03834228 1.410836 6.870323  O_Hello_Close
-0.1016827 -0.009230018 6.74142 -0.1791879 0.08221114 6.744972 -0.3682508 0.3200471 6.781878 -0.4328627 0.6173121 6.731218 -0.04660092 0.08851349 6.783937 0.2916547 0.0935055 6.72822 0.436179 -0.1778224 6.703759 -0.1160982 0.2253975 6.752596 -0.2171682 0.6664782 6.695629 -0.2048657 1.072533 6.770081 -0.190635 1.408344 6.857841 -0.04011081 0.6747307 6.751164 -0.008508069 1.08629 6.746317 -0.03860114 1.410359 6.870099  O_Hello_Close
-0.1052872 -0.009228349 6.739172 -0.1827329 0.08225811 6.742854 -0.3711769 0.3200781 6.781175 -0.4359062 0.6174622 6.731371 -0.05033765 0.08822548 6.782516 0.2901884 0.0978626 6.735763 0.4575513 -0.1606008 6.718713 -0.1195627 0.2253445 6.751603 -0.2199775 0.6668273 6.696627 -0.2047315 1.074125 6.763343 -0.1910182 1.408364 6.856993 -0.0431938 0.6746128 6.753094 -0.008757098 1.085895 6.745049 -0.03896062 1.409698 6.869495  O_Hello_Close
-0.1076268 -0.009155393 6.738316 -0.1850576 0.08234251 6.742023 -0.3730997 0.3201652 6.781023 -0.4381848 0.617526 6.731545 -0.05274455 0.08819544 6.781976 0.2888152 0.1009203 6.739229 0.4690891 -0.1489218 6.725641 -0.1218709 0.225395 6.751199 -0.2220617 0.667015 6.696921 -0.2052046 1.074708 6.76077 -0.191356 1.40828 6.85675 -0.04539518 0.6746402 6.753775 -0.009196861 1.085734 6.744009 -0.03938 1.409433 6.86873  O_Hello_Close
-0.1096578 -0.009071589 6.737683 -0.1870802 0.08243299 6.741401 -0.3747731 0.3202592 6.780945 -0.4402319 0.6175794 6.731718 -0.05483065 0.08820593 6.781575 0.2874974 0.1036174 6.742007 0.4783581 -0.1383795 6.731325 -0.1238861 0.2254617 6.75089 -0.223921 0.6671772 6.697104 -0.2057162 1.075132 6.758878 -0.1916574 1.408189 6.8566 -0.04734484 0.6746905 6.754252 -0.00962518 1.085611 6.743062 -0.03977809 1.409234 6.867988  O_Hello_Close
-0.1131694 -0.008843303 6.737974 -0.1905882 0.08266866 6.741583 -0.3777974 0.3205609 6.781764 -0.4444334 0.6177029 6.733043 -0.05837206 0.08845103 6.781866 0.2849605 0.10869 6.745728 0.4915931 -0.1201326 6.738832 -0.1273916 0.2256973 6.751058 -0.2273489 0.6673945 6.696977 -0.2071043 1.075543 6.756805 -0.1920682 1.408113 6.856027 -0.05082033 0.6749222 6.754271 -0.01064126 1.085564 6.741531 -0.04064206 1.409009 6.866956  O_Hello_Close
-0.1153629 -0.008659005 6.738514 -0.1927753 0.08286226 6.742028 -0.3797231 0.3208318 6.78248 -0.4472579 0.6178399 6.734181 -0.06054936 0.08868659 6.782273 0.2833063 0.1121584 6.747608 0.4986864 -0.1085006 6.742566 -0.1295677 0.2258986 6.75131 -0.2295106 0.6675344 6.696704 -0.2080955 1.075722 6.755852 -0.1922433 1.408086 6.855635 -0.05296819 0.6751224 6.753947 -0.0113499 1.085603 6.740628 -0.04121051 1.408912 6.866434  O_Hello_Close
-0.1173704 -0.008442879 6.739238 -0.194761 0.08310008 6.742658 -0.381517 0.3212017 6.783186 -0.4500105 0.6180853 6.735476 -0.06248651 0.08898044 6.782734 0.2818024 0.1158612 6.748684 0.5041116 -0.09783459 6.744552 -0.1315151 0.2261429 6.751575 -0.2314378 0.6676863 6.696191 -0.2090725 1.075835 6.75526 -0.1922685 1.408062 6.855342 -0.05482642 0.6753561 6.75321 -0.01205574 1.085718 6.739892 -0.04170541 1.40887 6.866152  O_Hello_Close
-0.119924 -0.00810957 6.740088 -0.1972449 0.08349645 6.743398 -0.3838022 0.3218476 6.78389 -0.4535518 0.6186279 6.737372 -0.06488626 0.08940125 6.783192 0.2799545 0.1215885 6.749628 0.5104097 -0.08330846 6.746164 -0.1338833 0.2265205 6.751774 -0.2336148 0.667971 6.695314 -0.2101077 1.07609 6.754142 -0.1921123 1.407979 6.855139 -0.05688409 0.6756837 6.751956 -0.01298515 1.085946 6.739246 -0.04238103 1.408835 6.866235  O_Hello_Close
-0.1217932 -0.007813811 6.740843 -0.1990231 0.08387232 6.744057 -0.38545 0.322491 6.784368 -0.456083 0.6192449 6.739028 -0.06658886 0.0897547 6.783602 0.2786266 0.1266379 6.750197 0.5145925 -0.07188952 6.746824 -0.1355142 0.2268581 6.751958 -0.234936 0.6682565 6.694553 -0.2106488 1.07639 6.752966 -0.1917993 1.4079 6.855041 -0.0580983 0.6759484 6.750864 -0.01363681 1.086174 6.738959 -0.04288058 1.408825 6.866588  O_Hello_Close
-0.1228716 -0.00761044 6.742244 -0.1999746 0.08418858 6.745281 -0.3862506 0.3231535 6.78511 -0.4571422 0.6199729 6.740611 -0.06749503 0.08999932 6.784685 0.2779747 0.1307158 6.751241 0.5168832 -0.06425071 6.747344 -0.136265 0.2271093 6.752733 -0.2351445 0.668484 6.694221 -0.2104894 1.076744 6.751584 -0.1912497 1.407911 6.854697 -0.05824338 0.6760896 6.750342 -0.01376401 1.086324 6.738827 -0.04307781 1.408797 6.866889  O_Hello_Close
-0.1242558 -0.007305622 6.744874 -0.2011703 0.08466184 6.74757 -0.3872303 0.324149 6.786561 -0.4583572 0.6210707 6.743134 -0.06864022 0.09038389 6.786816 0.2770586 0.1366659 6.753168 0.5196953 -0.05361497 6.748173 -0.1371653 0.227486 6.754308 -0.2352125 0.668789 6.693886 -0.2101418 1.077247 6.749638 -0.1903857 1.407964 6.854089 -0.05824063 0.6762922 6.749798 -0.01379101 1.086538 6.738562 -0.04327319 1.408767 6.867197  O_Hello_Close
-0.1250772 -0.007049203 6.748842 -0.2018077 0.08508611 6.751004 -0.3876743 0.3251125 6.788872 -0.4586966 0.6221459 6.746041 -0.06926839 0.09076869 6.790225 0.2764824 0.1421974 6.755938 0.5213566 -0.04513204 6.748959 -0.1375173 0.2278181 6.756925 -0.2346783 0.6689616 6.693959 -0.2095259 1.077645 6.747994 -0.1895158 1.408094 6.853242 -0.05769448 0.6764321 6.749838 -0.0134251 1.086684 6.738133 -0.04323946 1.408729 6.867153  O_Hello_Close
-0.1258622 -0.006732225 6.753953 -0.2023957 0.08558035 6.755423 -0.3880956 0.3261929 6.791916 -0.4589902 0.6233318 6.749608 -0.06985752 0.0912621 6.794647 0.2757191 0.148945 6.75925 0.5227111 -0.03545189 6.749396 -0.1378014 0.2282134 6.760335 -0.2339954 0.6690979 6.694152 -0.2088353 1.078019 6.746355 -0.1885615 1.408204 6.852377 -0.05701457 0.6765926 6.750038 -0.01294456 1.086843 6.737544 -0.04315082 1.408701 6.866938  O_Hello_Close
-0.1263587 -0.006393671 6.76032 -0.2027179 0.0860728 6.760921 -0.3883562 0.3272331 6.795835 -0.4591122 0.624436 6.753746 -0.07020389 0.09184337 6.800215 0.2748307 0.1566417 6.762915 0.5231565 -0.02568257 6.748896 -0.1378571 0.2286206 6.764657 -0.2331546 0.6690963 6.69457 -0.2081606 1.078232 6.74515 -0.1877375 1.40824 6.85169 -0.05620925 0.6767401 6.750547 -0.01233606 1.08697 6.736748 -0.04297183 1.408686 6.866392  O_Hello_Close
-0.1267252 -0.006038666 6.766435 -0.2029354 0.08655226 6.766206 -0.3885519 0.3281804 6.79963 -0.4592048 0.625422 6.757641 -0.07044546 0.09243464 6.805564 0.2737008 0.1644028 6.766055 0.5229674 -0.01621783 6.747436 -0.1378475 0.2290215 6.768816 -0.2323742 0.6690547 6.695006 -0.2075487 1.078365 6.744231 -0.1869656 1.408238 6.851163 -0.05546401 0.676877 6.75107 -0.01174883 1.087077 6.735965 -0.04275666 1.40866 6.865854  O_Hello_Close
-0.1268104 -0.005588651 6.774331 -0.2028955 0.08709645 6.773043 -0.388617 0.3291647 6.804647 -0.4592311 0.6263831 6.762429 -0.07043992 0.09321666 6.81248 0.2717458 0.1755673 6.768947 0.5211661 -0.003871083 6.74257 -0.1376186 0.2294984 6.774221 -0.2314733 0.6688547 6.695673 -0.2069158 1.078308 6.743831 -0.1861699 1.408123 6.850909 -0.05461298 0.6770313 6.751843 -0.01101313 1.087171 6.73488 -0.04238675 1.408587 6.865093  O_Hello_Close
-0.1268446 -0.004971266 6.784079 -0.2027819 0.08780825 6.781504 -0.3886186 0.3303715 6.81092 -0.4591872 0.6275255 6.768175 -0.07036142 0.09423113 6.821011 0.2679848 0.190645 6.771434 0.5166493 0.01221192 6.733592 -0.1372819 0.2301114 6.780916 -0.2303549 0.6685606 6.696583 -0.2061116 1.078185 6.74343 -0.1851849 1.407973 6.850556 -0.05354534 0.677187 6.752846 -0.0100445 1.08723 6.733468 -0.04180853 1.408431 6.864117  O_Hello_Close
-0.1267181 -0.004092455 6.796567 -0.2024818 0.08877051 6.792389 -0.3884391 0.3318869 6.81912 -0.458948 0.6288861 6.775217 -0.07009052 0.09559977 6.831926 0.260094 0.2123362 6.772602 0.5055417 0.03424084 6.716551 -0.1367192 0.2309251 6.789535 -0.2288975 0.6680996 6.697916 -0.2050291 1.077935 6.743086 -0.1839371 1.407774 6.850019 -0.0521305 0.677326 6.754217 -0.008675141 1.087203 6.731498 -0.04082249 1.408106 6.862782  O_Hello_Close
-0.1266844 -0.003410339 6.805618 -0.202285 0.08953929 6.800514 -0.3880512 0.3331224 6.825866 -0.4586377 0.6298987 6.780601 -0.06981306 0.09657264 6.839744 0.2498822 0.2316755 6.770358 0.4913932 0.05537748 6.694888 -0.1362674 0.2315302 6.79593 -0.2278042 0.6678047 6.699504 -0.2042684 1.077841 6.742985 -0.183218 1.407625 6.8501 -0.05092315 0.6773435 6.755394 -0.00749479 1.087063 6.729946 -0.03997157 1.407624 6.861983  O_Hello_Close
-0.1265802 -0.002808928 6.813197 -0.2020309 0.09022629 6.807471 -0.3874967 0.3342236 6.832059 -0.458272 0.6307253 6.785313 -0.06943135 0.09737742 6.846245 0.2378803 0.2491715 6.767602 0.4757074 0.07718718 6.672924 -0.1357757 0.2320508 6.801403 -0.2268239 0.6675952 6.701284 -0.2036031 1.077826 6.743068 -0.182598 1.407583 6.850276 -0.04976193 0.6773233 6.756564 -0.006374044 1.086895 6.728776 -0.0392503 1.407168 6.86141  O_Hello_Close
-0.1263699 -0.002275348 6.819809 -0.2016612 0.0908767 6.813888 -0.3865448 0.3353182 6.838709 -0.4577973 0.6313735 6.789905 -0.06881677 0.0980171 6.851817 0.222515 0.2665296 6.763234 0.4559887 0.1028931 6.645686 -0.1351505 0.2325157 6.806437 -0.2258976 0.667546 6.703841 -0.2030595 1.078009 6.743501 -0.1821559 1.407789 6.850656 -0.04848717 0.677284 6.757991 -0.005194945 1.086712 6.728024 -0.03875719 1.406733 6.861095  O_Hello_Close
-0.125892 -0.001693845 6.825395 -0.2010276 0.09160697 6.819853 -0.3850896 0.3364782 6.846244 -0.4568589 0.6318833 6.794354 -0.06779443 0.098593 6.856422 0.2057391 0.2804269 6.756463 0.4318149 0.1283754 6.611982 -0.1342745 0.2330614 6.811168 -0.2250589 0.6678857 6.707734 -0.2026552 1.078592 6.745052 -0.1817289 1.408654 6.851331 -0.04709385 0.6774315 6.760068 -0.004086478 1.086774 6.728566 -0.03866706 1.406865 6.861209  O_Hello_Close
-0.1254412 -0.001553655 6.828331 -0.2004824 0.09184813 6.823228 -0.3839549 0.3369685 6.851053 -0.4560824 0.6318891 6.796951 -0.06697051 0.0986886 6.858796 0.1929438 0.2892367 6.752242 0.4136096 0.1490766 6.588638 -0.1335935 0.2331951 6.813865 -0.2245241 0.668018 6.710554 -0.2024155 1.078871 6.746407 -0.1814446 1.409195 6.85186 -0.04616038 0.6773739 6.761548 -0.003396256 1.086691 6.729383 -0.03871129 1.406941 6.861445  O_Hello_Close
-0.1247554 -0.001825571 6.829224 -0.1997468 0.09166837 6.825184 -0.3825814 0.3369073 6.85554 -0.4542867 0.6313844 6.798539 -0.06585436 0.09827089 6.859337 0.1800723 0.2961744 6.746246 0.3963066 0.181041 6.558919 -0.1328105 0.2329708 6.815495 -0.2243762 0.668173 6.714364 -0.2025734 1.07909 6.749669 -0.1812605 1.410032 6.853096 -0.04546658 0.6772016 6.76347 -0.003438218 1.08667 6.732287 -0.03909836 1.407762 6.862197  O_Hello_Close
-0.1237167 -0.002684236 6.828204 -0.1986627 0.09090722 6.825996 -0.3806058 0.3361732 6.860278 -0.4506847 0.6301969 6.799069 -0.06425248 0.09713638 6.858126 0.1629337 0.3036491 6.738362 0.3692603 0.2360101 6.519368 -0.1317347 0.2322129 6.816295 -0.2243898 0.6682212 6.719732 -0.2030107 1.079117 6.75554 -0.1810712 1.411103 6.855429 -0.04473464 0.6767254 6.766135 -0.004209025 1.086573 6.738102 -0.03973256 1.409452 6.863543  O_Hello_Close
-0.1232009 -0.003429055 6.825942 -0.198145 0.09018409 6.824892 -0.3796573 0.3353595 6.861362 -0.4480377 0.6293232 6.797983 -0.06348769 0.0961982 6.856012 0.1554575 0.3063705 6.734305 0.3551082 0.272521 6.501715 -0.131269 0.2315377 6.815536 -0.2245941 0.6681421 6.722372 -0.2033994 1.078935 6.759446 -0.1810304 1.411569 6.857061 -0.04458169 0.6763379 6.767427 -0.005179567 1.086488 6.742373 -0.04010824 1.410727 6.864429  O_Hello_Close
-0.1228317 -0.004536271 6.82153 -0.1977793 0.08907938 6.821864 -0.3788389 0.3340845 6.860658 -0.444538 0.6281953 6.79516 -0.06290089 0.09481847 6.852065 0.1479414 0.3092736 6.730358 0.3383193 0.3228861 6.488128 -0.1309692 0.2305143 6.8133 -0.2249536 0.6679363 6.724748 -0.2039775 1.078531 6.764077 -0.1811284 1.41193 6.858928 -0.04462079 0.6757334 6.768576 -0.006901605 1.086305 6.748276 -0.04041575 1.412261 6.866077  O_Hello_Close
-0.1226882 -0.00570941 6.81598 -0.1976457 0.08788502 6.81759 -0.3783451 0.3326782 6.858281 -0.4410068 0.6271116 6.791274 -0.06262229 0.0933547 6.847187 0.1423099 0.3117077 6.727329 0.3219561 0.3743596 6.484623 -0.130897 0.2294085 6.810076 -0.2253705 0.6676539 6.72624 -0.2045871 1.077991 6.76827 -0.1813274 1.412086 6.860535 -0.04482708 0.6750571 6.769261 -0.008939965 1.086023 6.754354 -0.04057727 1.413621 6.86805  O_Hello_Close
-0.122854 -0.006752253 6.810223 -0.1978203 0.08681464 6.812764 -0.3782693 0.3314176 6.854612 -0.4381851 0.6263383 6.787237 -0.06276368 0.09203291 6.842256 0.1383757 0.3141782 6.726419 0.3078353 0.4191039 6.491094 -0.1310964 0.2284086 6.806455 -0.2257158 0.6673829 6.726697 -0.2050457 1.077491 6.770956 -0.1815281 1.412052 6.861451 -0.04512398 0.6744189 6.769576 -0.01084404 1.085669 6.759509 -0.04058294 1.414579 6.869882  O_Hello_Close
-0.1232328 -0.007802725 6.803588 -0.198211 0.08572876 6.806944 -0.3784525 0.3301334 6.849586 -0.4355375 0.6257024 6.782596 -0.06319211 0.0906713 6.836655 0.1350988 0.3169023 6.726821 0.2932456 0.4635104 6.506367 -0.1314925 0.2273829 6.802095 -0.2260529 0.6671038 6.726489 -0.205457 1.076974 6.772932 -0.1817411 1.411905 6.861995 -0.04551594 0.6737375 6.769662 -0.0129091 1.085217 6.76465 -0.0405545 1.415374 6.871795  O_Hello_Close
-0.1239526 -0.00933063 6.791563 -0.1989808 0.08411539 6.796006 -0.3789808 0.3281398 6.839441 -0.4311131 0.6253006 6.775527 -0.06415306 0.08859181 6.826644 0.1316667 0.3217069 6.730739 0.2686083 0.5262654 6.544977 -0.1322792 0.2258453 6.793938 -0.2265052 0.6667444 6.725076 -0.2059495 1.076325 6.774021 -0.1820282 1.411442 6.86233 -0.04624538 0.6726975 6.769489 -0.01587306 1.084373 6.771567 -0.04053412 1.416063 6.874629  O_Hello_Close
-0.1244783 -0.01023769 6.782481 -0.1995574 0.0831331 6.787594 -0.3794178 0.3268561 6.831388 -0.4281064 0.6252991 6.770818 -0.06492345 0.08726227 6.81912 0.1298883 0.324877 6.734904 0.2514178 0.5626703 6.580667 -0.1328818 0.2248904 6.787663 -0.2267955 0.6665761 6.723582 -0.2062106 1.076002 6.773792 -0.1821702 1.411062 6.862287 -0.04681627 0.6720229 6.769182 -0.01778631 1.08375 6.775666 -0.04059772 1.416288 6.876392  O_Hello_Close
-0.1247989 -0.01094067 6.771914 -0.199971 0.08230913 6.777809 -0.3796741 0.3256081 6.82213 -0.4250058 0.6255972 6.766821 -0.06556086 0.0860709 6.81032 0.1287465 0.3278228 6.739535 0.2348632 0.588949 6.614408 -0.1333878 0.2240877 6.780315 -0.2271376 0.6665735 6.721751 -0.2064389 1.075999 6.77192 -0.1822408 1.410634 6.861963 -0.04748134 0.671481 6.768667 -0.01900337 1.083202 6.777541 -0.04070894 1.416045 6.877502  O_Hello_Close
-0.1249769 -0.01140571 6.762297 -0.2002347 0.08172321 6.768958 -0.3797758 0.3246055 6.81392 -0.4225813 0.625851 6.763657 -0.06600682 0.08514285 6.802251 0.1273764 0.329846 6.74281 0.2222583 0.6065648 6.645195 -0.1337492 0.2234931 6.773623 -0.227436 0.6666359 6.720148 -0.2066312 1.076083 6.7701 -0.1822552 1.410298 6.861639 -0.04804228 0.6710423 6.768106 -0.01989113 1.082745 6.778682 -0.04078476 1.415749 6.87828  O_Hello_Close
-0.1248488 -0.01173854 6.750012 -0.2002191 0.08120942 6.757833 -0.3795202 0.3234806 6.804104 -0.4200589 0.6261337 6.760916 -0.06615154 0.08419549 6.791807 0.1252078 0.3316852 6.744204 0.2092981 0.6201502 6.674769 -0.1338813 0.2229381 6.765113 -0.2277079 0.6668161 6.718408 -0.2068485 1.076358 6.767548 -0.1822141 1.409947 6.861279 -0.04854445 0.6705869 6.767272 -0.02032463 1.082263 6.778666 -0.04071073 1.415132 6.878819  O_Hello_Close
-0.1244655 -0.01183951 6.742907 -0.1999017 0.080989 6.751474 -0.3790966 0.3228461 6.79878 -0.4189349 0.6261764 6.759907 -0.06589483 0.08372748 6.785708 0.1235898 0.3325731 6.74363 0.2024782 0.6253114 6.687192 -0.1336565 0.222679 6.760209 -0.2276526 0.6669268 6.717534 -0.206818 1.076584 6.765719 -0.1820777 1.409676 6.861174 -0.0485761 0.670334 6.766744 -0.02015631 1.082004 6.777847 -0.04065953 1.414576 6.87896  O_Hello_Close
-0.1241415 -0.01184392 6.738582 -0.1996195 0.0809083 6.747594 -0.3787845 0.3224781 6.795645 -0.418378 0.6261565 6.759324 -0.06565188 0.08349729 6.781992 0.1226331 0.3330688 6.742967 0.1987137 0.6278704 6.693895 -0.1334336 0.2225688 6.757211 -0.2275368 0.6670207 6.716967 -0.2067516 1.076749 6.764559 -0.1819753 1.409413 6.861489 -0.04851649 0.6702083 6.766395 -0.01997338 1.081877 6.777253 -0.04075603 1.414135 6.879334  O_Hello_Close
-0.1239343 -0.01179111 6.737042 -0.19943 0.08093333 6.746192 -0.3786292 0.3223658 6.794633 -0.4182446 0.626134 6.759095 -0.06548344 0.08347237 6.780675 0.1223824 0.3332603 6.742469 0.1975754 0.6286461 6.695589 -0.1332687 0.2225834 6.756126 -0.2274067 0.6671013 6.716699 -0.2066832 1.076852 6.764128 -0.1819398 1.409209 6.862108 -0.0484166 0.6702153 6.766241 -0.01985214 1.081885 6.777015 -0.04097418 1.413877 6.879888  O_Hello_Close
