0.004019039 0.05495536 3.820804 -0.06559967 0.1468054 3.853939 -0.2133777 0.3443604 3.714876 -0.07400851 0.09053624 3.608777 0.07273592 0.1474348 3.854286 0.4074293 0.2515391 3.814282 0.2024551 0.03308117 3.741028 0.002893405 0.2876822 3.855728 -0.09198634 0.7336257 3.867757 -0.1849268 1.133545 3.823017 -0.2547728 1.472157 3.789293 0.09372045 0.7339742 3.87155 0.1779862 1.113296 3.732203 0.2455208 1.441488 3.637457  A_Punch_Close
0.005217509 0.05494118 3.822261 -0.06512611 0.1466336 3.85481 -0.2124661 0.3431334 3.714052 -0.07169841 0.08935809 3.609696 0.07320388 0.1478102 3.85563 0.408186 0.2510611 3.81659 0.2032247 0.03355277 3.740529 0.002805905 0.2877855 3.856255 -0.09252338 0.7337901 3.867189 -0.1844583 1.134014 3.823105 -0.2534826 1.472857 3.790014 0.09316738 0.7340518 3.871707 0.1775789 1.113729 3.733421 0.2449505 1.441784 3.638083  A_Punch_Close
0.006496327 0.05533063 3.823258 -0.06454794 0.1467888 3.855375 -0.2115685 0.3422692 3.713175 -0.06965868 0.0885483 3.610243 0.07377262 0.1485544 3.856622 0.4089654 0.2511822 3.818716 0.2039654 0.03463113 3.740071 0.002781348 0.2882314 3.85661 -0.09307806 0.7342615 3.867054 -0.1841403 1.134688 3.822995 -0.2525328 1.47373 3.79065 0.09259559 0.7344681 3.872229 0.1771514 1.114238 3.734285 0.2444668 1.442139 3.638383  A_Punch_Close
0.008066909 0.0566783 3.823254 -0.06368171 0.1477147 3.855269 -0.2106513 0.3421898 3.712087 -0.06809233 0.08852017 3.609929 0.07462402 0.1502122 3.856868 0.4098866 0.2527082 3.820544 0.2046665 0.03717577 3.739705 0.002896028 0.2895118 3.856598 -0.09373216 0.7354898 3.867923 -0.1841357 1.135902 3.822407 -0.2522715 1.475096 3.79112 0.09192528 0.735707 3.87365 0.1766582 1.11496 3.734398 0.2441875 1.442657 3.637949  A_Punch_Close
0.01074453 0.05946231 3.822799 -0.06218843 0.1497166 3.85477 -0.2095474 0.3423961 3.710358 -0.06557845 0.08917511 3.609068 0.07608046 0.153481 3.856962 0.4113093 0.2562292 3.823395 0.2055663 0.04245126 3.739293 0.003078954 0.2921171 3.856524 -0.09490912 0.7379711 3.869575 -0.1842893 1.138212 3.820657 -0.2522462 1.477653 3.791749 0.09071429 0.7382351 3.876313 0.1760472 1.116212 3.733991 0.2443641 1.443648 3.637212  A_Punch_Close
0.01342197 0.06322181 3.821446 -0.06068043 0.1525689 3.853629 -0.2091527 0.3434449 3.708827 -0.06348459 0.09120154 3.607527 0.07753576 0.1576489 3.856412 0.4124736 0.2615618 3.825722 0.2058493 0.0495559 3.739326 0.003207283 0.2955787 3.856335 -0.09622286 0.741249 3.871582 -0.1847097 1.141014 3.81743 -0.2528878 1.480694 3.792059 0.08935435 0.7416022 3.879488 0.175917 1.117486 3.732444 0.2457944 1.444845 3.636524  A_Punch_Close
0.01565911 0.06689739 3.81997 -0.05941514 0.1554568 3.852354 -0.2089363 0.3448882 3.707367 -0.06161104 0.09359229 3.60611 0.07874341 0.1615829 3.855811 0.4130981 0.2675769 3.827528 0.2060093 0.05658531 3.739772 0.003354745 0.2989359 3.856155 -0.09740214 0.7443846 3.873141 -0.1854052 1.143518 3.81379 -0.2541118 1.483366 3.792411 0.08812596 0.7449178 3.882118 0.1759985 1.11897 3.731231 0.2474383 1.446663 3.637629  A_Punch_Close
0.01811506 0.07182205 3.818244 -0.05802683 0.1594744 3.850887 -0.2088753 0.3473859 3.705875 -0.05940394 0.09730816 3.604747 0.08005144 0.1666818 3.855327 0.4132828 0.2764695 3.829708 0.2060513 0.06591058 3.741253 0.003553288 0.3034166 3.856298 -0.09882651 0.7485354 3.875069 -0.1866355 1.146632 3.80886 -0.2562863 1.486602 3.793286 0.08663227 0.7494093 3.885356 0.1764231 1.120313 3.727966 0.249912 1.44829 3.636979  A_Punch_Close
0.0220042 0.08124304 3.816185 -0.05589328 0.1674081 3.848915 -0.208056 0.3534942 3.703365 -0.05503992 0.1050397 3.603545 0.08199044 0.1761994 3.855846 0.4124505 0.2942215 3.834532 0.206182 0.08313286 3.745092 0.003820317 0.3119785 3.857543 -0.1013473 0.7564883 3.878393 -0.1891803 1.152374 3.800071 -0.2604254 1.492337 3.79523 0.08395196 0.7580505 3.891172 0.1774633 1.121628 3.719501 0.2540686 1.449618 3.631174  A_Punch_Close
0.02453692 0.08807635 3.814861 -0.05452679 0.173252 3.847463 -0.2071248 0.3584629 3.701291 -0.05175982 0.1108871 3.602927 0.0831718 0.1829876 3.856495 0.4111933 0.3074752 3.838024 0.2062182 0.09531391 3.748151 0.003962057 0.3181583 3.85851 -0.1031222 0.7622283 3.880297 -0.1910487 1.156322 3.793498 -0.263164 1.496123 3.7964 0.08203669 0.7643114 3.894905 0.1783164 1.122828 3.714351 0.2565415 1.451233 3.629037  A_Punch_Close
0.02661826 0.09697044 3.8137 -0.05367712 0.1811681 3.84559 -0.2050294 0.3666867 3.697975 -0.04761515 0.1195318 3.601836 0.08369346 0.1916097 3.858142 0.4082747 0.3240761 3.84354 0.2059558 0.1101905 3.751755 0.003607886 0.3262668 3.859927 -0.104928 0.7700041 3.88222 -0.1932055 1.161747 3.785684 -0.2663406 1.501124 3.797878 0.08001633 0.7724054 3.89929 0.1798061 1.12454 3.70838 0.2596724 1.453525 3.626906  A_Punch_Close
0.02832671 0.1055138 3.812743 -0.05305902 0.1888549 3.843799 -0.2027777 0.3750198 3.694688 -0.04369007 0.1280856 3.600761 0.08390225 0.1998143 3.859885 0.4049037 0.3396742 3.848995 0.2053664 0.1239736 3.755387 0.003102021 0.3340483 3.86128 -0.1065726 0.7775223 3.883876 -0.19504 1.16691 3.778401 -0.2687577 1.50574 3.799239 0.07813556 0.7801338 3.903308 0.1814243 1.125995 3.703022 0.262434 1.455582 3.625188  A_Punch_Close
0.02903934 0.116948 3.811203 -0.05335192 0.199531 3.840908 -0.1989545 0.3881257 3.690072 -0.03909139 0.1410893 3.597744 0.08293183 0.2105516 3.861944 0.3993662 0.3586003 3.857021 0.2038944 0.1412748 3.758711 0.001751082 0.3445615 3.8626 -0.1076512 0.7880498 3.886864 -0.1975605 1.173733 3.76965 -0.2720426 1.511613 3.800688 0.07685526 0.7902291 3.908175 0.1832259 1.128074 3.696163 0.2646949 1.458686 3.623317  A_Punch_Close
0.028874 0.1298614 3.808953 -0.05433683 0.2118489 3.837094 -0.1941415 0.4039767 3.684813 -0.03418187 0.1567723 3.593105 0.08101805 0.2225 3.863606 0.3924168 0.3783532 3.866284 0.2012797 0.160216 3.761465 -0.0002187322 0.3564773 3.863449 -0.1082732 0.8001558 3.890857 -0.2003894 1.181231 3.76097 -0.274937 1.517896 3.803078 0.07613184 0.8014218 3.9131 0.1850209 1.130278 3.6886 0.2663423 1.462183 3.621716  A_Punch_Close
0.02739556 0.137398 3.806539 -0.05594782 0.2193439 3.833893 -0.1909315 0.414309 3.681417 -0.03167329 0.1671734 3.588314 0.07886453 0.2293077 3.863281 0.3881093 0.3880361 3.872099 0.1988775 0.1713604 3.760981 -0.001978321 0.3635228 3.862886 -0.1078618 0.8075017 3.894317 -0.2022885 1.185726 3.757918 -0.2763147 1.521605 3.806698 0.07671757 0.8077008 3.9151 0.1857838 1.131749 3.683798 0.2670556 1.464531 3.621355  A_Punch_Close
0.02506001 0.1472082 3.80392 -0.05828122 0.2292058 3.830574 -0.1869193 0.4278994 3.678606 -0.0288863 0.1809889 3.582854 0.07589628 0.2381335 3.863039 0.3828997 0.3994589 3.879916 0.1954952 0.1857997 3.760193 -0.004319532 0.3727243 3.862688 -0.1071378 0.8170096 3.900188 -0.2044899 1.189163 3.749859 -0.2770749 1.524967 3.801252 0.07774527 0.8158308 3.918032 0.1861477 1.134102 3.678541 0.2673031 1.467995 3.622178  A_Punch_Close
0.02089568 0.156558 3.799449 -0.06186966 0.2389464 3.82661 -0.1835227 0.4417781 3.677445 -0.02813761 0.1955006 3.575905 0.07219632 0.2464 3.859897 0.3795217 0.4065645 3.88585 0.1917907 0.2002418 3.754349 -0.006979449 0.3816018 3.860921 -0.1052799 0.8260614 3.907986 -0.2075015 1.192038 3.746164 -0.2775773 1.528128 3.799144 0.08013763 0.8233547 3.918689 0.1852253 1.137592 3.672488 0.2670903 1.472508 3.623733  A_Punch_Close
0.01715864 0.1641072 3.795139 -0.06478845 0.2468005 3.824045 -0.1819056 0.452827 3.679218 -0.02928392 0.2076311 3.571083 0.06973411 0.2531058 3.855686 0.3788584 0.4101709 3.887659 0.1894562 0.2122382 3.746047 -0.008604808 0.3887533 3.859167 -0.1027868 0.8330494 3.915744 -0.2107756 1.193221 3.744895 -0.2781881 1.530061 3.796549 0.08291383 0.829451 3.917708 0.1830746 1.141524 3.666747 0.2661108 1.477131 3.625259  A_Punch_Close
0.01332541 0.1708891 3.790631 -0.06744604 0.2538184 3.822537 -0.1816097 0.4625068 3.683678 -0.03230039 0.2188605 3.567701 0.0679998 0.2591838 3.850157 0.3804716 0.4109677 3.88591 0.1879552 0.2233676 3.734754 -0.009518905 0.3951591 3.857293 -0.09922121 0.8389899 3.924255 -0.2147204 1.193002 3.745622 -0.2796548 1.530941 3.793104 0.08625843 0.8349853 3.915156 0.1797292 1.146237 3.660618 0.2648664 1.482163 3.626661  A_Punch_Close
0.01065977 0.1755954 3.786773 -0.06876187 0.2585177 3.82241 -0.1827332 0.4690069 3.690337 -0.03618435 0.2273504 3.566915 0.06771953 0.2634442 3.844451 0.3842567 0.4086732 3.880039 0.1883606 0.2314008 3.720968 -0.009164436 0.3994941 3.855795 -0.09514515 0.8426989 3.931441 -0.2182286 1.191688 3.748051 -0.281543 1.53065 3.790124 0.08951433 0.8388929 3.911745 0.175963 1.150995 3.655771 0.2634456 1.486941 3.628662  A_Punch_Close
0.006894248 0.1820269 3.780928 -0.06968622 0.2646894 3.82359 -0.1852362 0.4773906 3.703943 -0.04344229 0.2394857 3.568285 0.06814469 0.2693626 3.834455 0.39212 0.4015595 3.865359 0.1900625 0.2426786 3.694965 -0.007423623 0.4052814 3.853558 -0.08704518 0.8472366 3.942535 -0.2241448 1.188172 3.754012 -0.2866936 1.528426 3.785464 0.09484519 0.8443742 3.904996 0.1692118 1.159165 3.64852 0.2619408 1.494395 3.632097  A_Punch_Close
0.004501479 0.1841295 3.777738 -0.06908791 0.2664319 3.826324 -0.1901632 0.4797418 3.716864 -0.05140797 0.2455084 3.571987 0.06916369 0.2712257 3.82721 0.3993687 0.390779 3.847765 0.1943163 0.2474809 3.667422 -0.00494699 0.4069096 3.852644 -0.08086579 0.847877 3.948925 -0.2272566 1.184495 3.75963 -0.2903124 1.525327 3.782685 0.09830768 0.8463676 3.899975 0.1637491 1.164377 3.645042 0.2597695 1.498937 3.635156  A_Punch_Close
0.001824992 0.1864139 3.774838 -0.06822304 0.2683331 3.829291 -0.1941924 0.4821528 3.73049 -0.05916623 0.2517048 3.576317 0.06970353 0.273297 3.819863 0.4053825 0.379311 3.828655 0.197609 0.2523519 3.639404 -0.002401812 0.4087163 3.851672 -0.07395349 0.8486485 3.95524 -0.2305717 1.180466 3.765655 -0.2953838 1.521443 3.780081 0.1016567 0.8485623 3.894721 0.1582796 1.169633 3.64152 0.2585771 1.503061 3.6378  A_Punch_Close
-0.004098577 0.1870213 3.77373 -0.06648795 0.2687956 3.837039 -0.2060739 0.4817791 3.75583 -0.07759587 0.2586255 3.586114 0.06913854 0.2735124 3.810198 0.4125257 0.3507915 3.789275 0.2081013 0.2581973 3.577753 0.00199713 0.4089547 3.85139 -0.06555896 0.8471766 3.962008 -0.2338368 1.174905 3.775323 -0.3016205 1.515586 3.779341 0.1050605 0.8502741 3.888653 0.1513459 1.175362 3.638495 0.2570654 1.507119 3.641321  A_Punch_Close
-0.01136832 0.1861962 3.778158 -0.06292664 0.268386 3.849918 -0.2204619 0.4786372 3.791605 -0.1042125 0.2656709 3.601239 0.06697626 0.2725475 3.802535 0.4112123 0.31195 3.736804 0.2311021 0.2623568 3.491436 0.007179217 0.4084535 3.852567 -0.06012497 0.8446657 3.966855 -0.2371349 1.169546 3.783293 -0.308725 1.509424 3.777657 0.1062856 0.8522316 3.884685 0.1458181 1.179517 3.636239 0.256178 1.509698 3.643234  A_Punch_Close
-0.01535837 0.1848708 3.784019 -0.05882506 0.2676224 3.86014 -0.2286603 0.4748024 3.819806 -0.1245442 0.269998 3.614082 0.0652407 0.2714094 3.799061 0.4019736 0.2843839 3.697691 0.2550981 0.257421 3.427867 0.01085432 0.4077832 3.853776 -0.05912284 0.8426073 3.968414 -0.2395099 1.166592 3.786564 -0.3133992 1.505855 3.775863 0.1056242 0.8535073 3.883319 0.1434128 1.18102 3.634903 0.2555937 1.510555 3.643286  A_Punch_Close
-0.01770542 0.1817621 3.794726 -0.0493599 0.2655669 3.875006 -0.2345775 0.4670078 3.863714 -0.1559055 0.2738817 3.636513 0.06361236 0.2692186 3.795249 0.3756262 0.2508407 3.638221 0.3050036 0.236091 3.338389 0.01661422 0.4062334 3.854977 -0.06205068 0.8387913 3.967873 -0.2441872 1.163068 3.788302 -0.3207525 1.50158 3.773427 0.1022623 0.8549472 3.882774 0.141833 1.181372 3.633206 0.2541396 1.510843 3.642384  A_Punch_Close
-0.01684283 0.1786528 3.800085 -0.04264776 0.2631536 3.881823 -0.2337685 0.4613856 3.886415 -0.1715233 0.2734438 3.649961 0.06294598 0.2670832 3.792538 0.3561251 0.2416807 3.605223 0.3312393 0.2230278 3.298406 0.0194418 0.4043295 3.854345 -0.06432359 0.8359762 3.965659 -0.2475511 1.161059 3.788675 -0.3255419 1.499216 3.773133 0.09989084 0.8543555 3.880822 0.1417549 1.180552 3.63133 0.2534688 1.510221 3.64064  A_Punch_Close
-0.01534264 0.1761222 3.804084 -0.03606759 0.2612495 3.886704 -0.2310029 0.4567024 3.905665 -0.1841089 0.2731797 3.662297 0.06254049 0.2653211 3.789765 0.337146 0.2334588 3.57869 0.3523464 0.2073826 3.27178 0.02211817 0.4027799 3.853173 -0.06638376 0.8333791 3.963645 -0.2507973 1.159227 3.78932 -0.3302963 1.497026 3.773648 0.09771354 0.8539026 3.879074 0.1413412 1.180274 3.630113 0.2523069 1.510179 3.639988  A_Punch_Close
-0.01527498 0.1714518 3.807174 -0.03236745 0.2576526 3.890169 -0.2284872 0.4529485 3.919177 -0.1928664 0.2714372 3.672413 0.0601848 0.2610987 3.78741 0.3217787 0.2325152 3.560708 0.3639513 0.2001367 3.256935 0.02241077 0.3991435 3.851177 -0.06702821 0.829928 3.960093 -0.2535923 1.156935 3.790283 -0.3348563 1.494305 3.774429 0.09619321 0.8507289 3.873909 0.1413354 1.179876 3.628904 0.2524041 1.509704 3.640114  A_Punch_Close
-0.0187184 0.1625644 3.811489 -0.03287749 0.2510346 3.893829 -0.2289752 0.4485694 3.930841 -0.2004982 0.2693999 3.681452 0.05441286 0.2517523 3.786511 0.3129995 0.2345403 3.556679 0.3676012 0.1979817 3.255372 0.01955064 0.3914566 3.848291 -0.06727754 0.8238919 3.952756 -0.2561073 1.153746 3.791157 -0.340003 1.490469 3.775252 0.09452958 0.8431051 3.863588 0.1415208 1.17904 3.628337 0.2530964 1.508605 3.641957  A_Punch_Close
-0.02296088 0.1570804 3.813679 -0.03710071 0.2470511 3.895079 -0.2318031 0.4479495 3.931203 -0.2019635 0.2682991 3.68232 0.0500529 0.2454212 3.78766 0.3169863 0.2374734 3.56816 0.3618201 0.1988071 3.265506 0.01605769 0.3863668 3.847057 -0.06701379 0.8204153 3.947889 -0.2561029 1.15246 3.791152 -0.3410773 1.488915 3.775315 0.09405918 0.8376173 3.856998 0.1420942 1.178287 3.628875 0.2542795 1.507582 3.643929  A_Punch_Close
-0.03126697 0.149544 3.816881 -0.04865555 0.241714 3.895224 -0.2401305 0.4490029 3.919739 -0.1995239 0.2651443 3.675495 0.04484697 0.2358664 3.793438 0.3348039 0.2417808 3.60525 0.3399464 0.2006481 3.299658 0.01000239 0.3788272 3.847266 -0.06722645 0.8152974 3.941189 -0.253119 1.152214 3.79117 -0.3388591 1.488523 3.77638 0.09426762 0.829169 3.850476 0.1433119 1.175943 3.631967 0.2551117 1.505423 3.645789  A_Punch_Close
-0.03874616 0.1420467 3.819605 -0.06033818 0.2362791 3.894029 -0.2479948 0.4490567 3.903274 -0.1949473 0.2594371 3.665918 0.04087814 0.2264799 3.80024 0.3506406 0.2471204 3.64624 0.3163567 0.2014737 3.34318 0.004458027 0.3712326 3.84788 -0.06830941 0.809706 3.934554 -0.2488936 1.152428 3.791357 -0.3347728 1.488771 3.778235 0.09453018 0.8206176 3.845865 0.1452546 1.172597 3.636244 0.2555341 1.502692 3.647357  A_Punch_Close
-0.04752288 0.1315496 3.82312 -0.07647662 0.2284114 3.890077 -0.2565414 0.4467953 3.870767 -0.1835872 0.2461188 3.648249 0.03715952 0.2136767 3.812572 0.3683486 0.2483702 3.707592 0.2800748 0.1938815 3.417173 -0.002500696 0.3605597 3.850013 -0.07149045 0.8013015 3.925356 -0.2407233 1.153413 3.791369 -0.3257339 1.490065 3.780771 0.09504725 0.80861 3.843421 0.1496424 1.165957 3.644107 0.2556647 1.49761 3.647803  A_Punch_Close
-0.05228804 0.1226647 3.825122 -0.08744417 0.2211425 3.885087 -0.2594382 0.4412662 3.839652 -0.1706666 0.2304605 3.632799 0.03509333 0.2036954 3.823302 0.3767738 0.2486178 3.753544 0.2554402 0.1887366 3.476422 -0.007426364 0.3517205 3.852112 -0.07534896 0.793799 3.918509 -0.2334775 1.153533 3.791382 -0.3172718 1.49053 3.782138 0.0950764 0.7988103 3.844809 0.1547651 1.158966 3.652122 0.2565213 1.491941 3.647499  A_Punch_Close
-0.0539643 0.1159205 3.824996 -0.09338342 0.2150306 3.880395 -0.2592134 0.4347718 3.817084 -0.1602958 0.2168835 3.62254 0.03392049 0.1968369 3.829405 0.3796643 0.2484182 3.781218 0.2429695 0.1814194 3.51302 -0.01068865 0.3451958 3.852839 -0.07826303 0.7880344 3.914441 -0.2280184 1.153033 3.792276 -0.3108069 1.490278 3.783011 0.09493239 0.7915568 3.847414 0.1591972 1.153508 3.659626 0.257616 1.487313 3.647948  A_Punch_Close
-0.05477665 0.1089756 3.824385 -0.09824787 0.2085184 3.875142 -0.2569195 0.4272715 3.794621 -0.1489777 0.2025039 3.613139 0.03284695 0.1900423 3.835017 0.3806197 0.2481661 3.807379 0.2306208 0.1720139 3.548911 -0.01369403 0.3385491 3.853155 -0.08105795 0.7820842 3.910463 -0.2226256 1.152104 3.793764 -0.304492 1.489563 3.784123 0.09472503 0.7841793 3.850484 0.1635223 1.147898 3.667784 0.2584808 1.482342 3.648344  A_Punch_Close
-0.05201463 0.09960485 3.821595 -0.1006414 0.198855 3.867794 -0.2525534 0.4151781 3.769263 -0.1349953 0.1823809 3.604663 0.03361161 0.1817153 3.839164 0.3811232 0.248768 3.830921 0.218134 0.1507746 3.588153 -0.01603256 0.32976 3.85211 -0.08417194 0.7740787 3.906131 -0.2152635 1.150266 3.797169 -0.2960325 1.487921 3.785368 0.09451737 0.7744807 3.855421 0.1686034 1.140404 3.679311 0.2583511 1.475311 3.647207  A_Punch_Close
-0.04897169 0.09561491 3.819512 -0.09991042 0.1943455 3.86422 -0.2501903 0.4095114 3.759387 -0.1288363 0.1736574 3.602054 0.03537585 0.1783237 3.840174 0.3821445 0.2497092 3.834787 0.2124309 0.138101 3.602741 -0.01591401 0.3259506 3.851356 -0.08554314 0.7704681 3.90417 -0.2115888 1.149446 3.798989 -0.2917338 1.487205 3.785982 0.09448333 0.7704492 3.858432 0.1705159 1.137242 3.68498 0.2578141 1.472159 3.646804  A_Punch_Close
-0.04512976 0.0910033 3.817083 -0.09872429 0.1890749 3.859997 -0.2469545 0.4028757 3.747948 -0.121557 0.1635484 3.599268 0.03755762 0.1744102 3.841303 0.3831857 0.2506989 3.838535 0.2061523 0.1233411 3.62049 -0.01561151 0.3215157 3.850381 -0.08705972 0.7662479 3.901772 -0.2074324 1.148351 3.801363 -0.2867374 1.486252 3.786948 0.09437509 0.7657577 3.861989 0.1725708 1.13354 3.691621 0.2571724 1.468242 3.646179  A_Punch_Close
-0.04065357 0.08710968 3.81475 -0.0964893 0.1844252 3.856199 -0.2429035 0.3973826 3.738372 -0.1148542 0.1549555 3.597163 0.04050859 0.1709934 3.842473 0.3844806 0.2541491 3.83812 0.2014474 0.1099138 3.636131 -0.01425586 0.3176088 3.84983 -0.08844678 0.7623506 3.899195 -0.203113 1.14748 3.803794 -0.2813783 1.48558 3.788388 0.09434094 0.7618756 3.86618 0.1741663 1.13024 3.697837 0.2561311 1.464577 3.645413  A_Punch_Close
-0.03623323 0.08363116 3.812708 -0.09407698 0.1802107 3.852768 -0.238655 0.3924712 3.72975 -0.1085613 0.1472254 3.595446 0.04341253 0.1679094 3.843682 0.3853854 0.2577466 3.836947 0.1981027 0.09784114 3.651313 -0.01275788 0.3140643 3.849427 -0.08961169 0.7587751 3.896716 -0.1993306 1.146439 3.805871 -0.2766181 1.484705 3.78923 0.09424187 0.7583877 3.870273 0.1755356 1.127199 3.70362 0.255266 1.460971 3.644569  A_Punch_Close
-0.03095631 0.08012235 3.811141 -0.09070592 0.1759077 3.849786 -0.2327778 0.3875886 3.72166 -0.1021281 0.1391827 3.59386 0.0471123 0.1647424 3.845458 0.3877638 0.2576233 3.835914 0.1952571 0.08445847 3.668405 -0.0104125 0.3104206 3.84971 -0.09064935 0.7549902 3.893917 -0.1947988 1.145402 3.808442 -0.2706245 1.483928 3.790416 0.09416004 0.754992 3.875288 0.1767523 1.124146 3.71004 0.2540209 1.457101 3.643566  A_Punch_Close
-0.02343808 0.07522118 3.8099 -0.08548914 0.1698951 3.846857 -0.2240628 0.3807424 3.712759 -0.0946369 0.1279862 3.592464 0.05251564 0.1603855 3.848085 0.3916483 0.2558241 3.83295 0.1920435 0.0672791 3.692547 -0.006885571 0.3053472 3.850724 -0.09186547 0.749669 3.889995 -0.1892196 1.143535 3.812755 -0.2627468 1.482442 3.792512 0.09369595 0.7504065 3.881752 0.177977 1.120226 3.71886 0.2524656 1.451614 3.642172  A_Punch_Close
-0.01544581 0.0691489 3.81098 -0.07935719 0.1626483 3.847155 -0.2164559 0.3714137 3.709877 -0.09047513 0.1150542 3.593618 0.05875643 0.1555451 3.850537 0.3959441 0.2547649 3.824646 0.1908422 0.05142558 3.716522 -0.003215952 0.2994297 3.852996 -0.09326755 0.7435199 3.885934 -0.1857191 1.140317 3.818263 -0.256787 1.479463 3.793706 0.09246881 0.7453407 3.885436 0.1780207 1.117156 3.727835 0.2503652 1.446692 3.641696  A_Punch_Close
-0.01123695 0.06598234 3.811955 -0.07613568 0.1589513 3.847755 -0.2129289 0.3663261 3.709547 -0.08766751 0.1090019 3.59465 0.06203474 0.1532676 3.85148 0.3983125 0.2546214 3.821576 0.1925603 0.04518867 3.727192 -0.001427336 0.2964985 3.854093 -0.09383528 0.7405263 3.883492 -0.1848025 1.138477 3.820765 -0.2547759 1.477652 3.793598 0.09187968 0.7428513 3.885957 0.177962 1.11589 3.731569 0.2494319 1.444528 3.641363  A_Punch_Close
-0.007074101 0.06335008 3.812875 -0.07302545 0.1559309 3.84822 -0.2112035 0.3614473 3.709686 -0.08391128 0.1044894 3.59621 0.06520618 0.151723 3.851621 0.400855 0.2548295 3.819726 0.1958959 0.04147422 3.732688 0.0002284814 0.2942733 3.854219 -0.0936067 0.7384961 3.880532 -0.1845009 1.137163 3.822414 -0.2541665 1.476289 3.793879 0.0920914 0.7408297 3.884042 0.1777124 1.115642 3.733748 0.2480751 1.444193 3.642365  A_Punch_Close
-0.001815123 0.06004488 3.815232 -0.06923662 0.152194 3.849818 -0.2102846 0.3548083 3.710978 -0.07899718 0.09883213 3.59986 0.06905909 0.1500118 3.852422 0.4040005 0.2549355 3.817904 0.2001383 0.03750002 3.738743 0.002027767 0.2916116 3.854809 -0.0930243 0.7363197 3.876269 -0.1842916 1.135706 3.823965 -0.2537538 1.474717 3.793629 0.09266217 0.7382646 3.880546 0.1776359 1.114479 3.73342 0.2466491 1.442467 3.639033  A_Punch_Close
0.001550393 0.05755925 3.817823 -0.06702481 0.1495075 3.851658 -0.2113401 0.3494921 3.712693 -0.07578222 0.09473586 3.603923 0.07130177 0.1488502 3.853265 0.4059157 0.2543135 3.816536 0.202522 0.0350523 3.741304 0.002742844 0.2897229 3.85525 -0.09236239 0.7350681 3.872035 -0.1842789 1.134784 3.823521 -0.2538232 1.473645 3.791734 0.09333135 0.7362265 3.876283 0.1780039 1.113971 3.732954 0.2462874 1.442009 3.638212  A_Punch_Close
0.002911644 0.05640519 3.819423 -0.06624816 0.1483086 3.852819 -0.2122322 0.3469484 3.713613 -0.07451706 0.09273195 3.6063 0.07208534 0.148339 3.853867 0.4067632 0.2530624 3.815571 0.2025286 0.03407717 3.741827 0.002840238 0.2888803 3.855495 -0.09212981 0.7345609 3.869632 -0.1845462 1.134392 3.823063 -0.2542989 1.473174 3.790885 0.09356816 0.7352736 3.87379 0.1781573 1.113865 3.732664 0.2462342 1.442098 3.638449  A_Punch_Close
