-0.07329683 -0.0009545088 7.265386 -0.1418724 0.09444523 7.289415 -0.2762141 0.3973426 7.248102 -0.3145857 0.6999348 7.202572 -0.003544493 0.09405065 7.287838 0.1953431 0.3495792 7.266234 0.2699823 0.6422697 7.20406 -0.07249384 0.2341757 7.275176 -0.1644435 0.6795552 7.240608 -0.1743502 1.092244 7.253436 -0.1732982 1.439254 7.269455 0.02129699 0.6788883 7.241853 0.04287763 1.090988 7.231268 0.06451268 1.438485 7.23628  A_Throw_Close
-0.08116703 -0.0009858608 7.26541 -0.1471944 0.09552896 7.292019 -0.2802178 0.3998089 7.254129 -0.317703 0.7020009 7.205319 -0.009054286 0.09285784 7.285132 0.1898915 0.3455744 7.254764 0.2639672 0.6386225 7.193608 -0.07611887 0.2341104 7.27516 -0.1649806 0.6799306 7.24488 -0.1746949 1.092719 7.254177 -0.17318 1.439804 7.268431 0.02072241 0.6785924 7.241117 0.04369887 1.090685 7.233695 0.06471129 1.438214 7.23918  A_Throw_Close
-0.09101622 -0.000716567 7.26596 -0.1536109 0.09714949 7.295776 -0.2852855 0.4029101 7.262189 -0.3224783 0.7045109 7.209642 -0.01607029 0.09159338 7.28203 0.1827777 0.339982 7.240267 0.2577041 0.6331086 7.18054 -0.08056585 0.2342347 7.275459 -0.1654436 0.6804909 7.250622 -0.1755876 1.093342 7.255665 -0.1739266 1.44052 7.267444 0.01997455 0.6783935 7.239792 0.04505755 1.090413 7.236049 0.06597795 1.437927 7.242733  A_Throw_Close
-0.09734039 -0.0003767014 7.266368 -0.1575152 0.09833336 7.298352 -0.2884057 0.4049267 7.267869 -0.3257834 0.7061305 7.213219 -0.02061663 0.09086823 7.279905 0.1779318 0.3360021 7.230464 0.2535158 0.6289998 7.170933 -0.08328383 0.2344109 7.275696 -0.1654471 0.6808954 7.254653 -0.1763956 1.09375 7.257151 -0.1749855 1.440981 7.267253 0.019596 0.6783513 7.238711 0.04638096 1.090278 7.237242 0.06799079 1.437724 7.245173  A_Throw_Close
-0.1034354 6.115437E-05 7.266882 -0.1611301 0.09956086 7.300978 -0.2912503 0.406912 7.273728 -0.3290263 0.707648 7.216822 -0.02506266 0.09023607 7.277827 0.1730883 0.3320318 7.220907 0.2494672 0.6247851 7.161189 -0.08584057 0.234638 7.275949 -0.1652399 0.6813066 7.258624 -0.1772079 1.09414 7.258737 -0.1761919 1.441417 7.267211 0.01928194 0.6783462 7.237541 0.04785194 1.090155 7.23819 0.07043625 1.437505 7.247477  A_Throw_Close
-0.1111799 0.0007923841 7.26773 -0.1654404 0.1012653 7.304606 -0.2945385 0.4094936 7.282004 -0.333228 0.7094297 7.221599 -0.03079741 0.08952343 7.275099 0.1669441 0.3265935 7.208399 0.244485 0.6188086 7.147553 -0.08893524 0.2350152 7.276345 -0.1645507 0.6818645 7.263893 -0.1782169 1.094635 7.26105 -0.1779668 1.441959 7.26737 0.0190285 0.6783921 7.235819 0.05009784 1.090009 7.238963 0.07464476 1.437168 7.250193  A_Throw_Close
-0.1189614 0.001751661 7.269179 -0.1692952 0.1031785 7.309059 -0.2975252 0.4124247 7.294041 -0.3382365 0.7110949 7.228877 -0.03667496 0.08891535 7.272376 0.1613133 0.3203919 7.195154 0.2399596 0.6117281 7.131574 -0.09180491 0.2355046 7.277031 -0.163196 0.6824859 7.269507 -0.178642 1.095158 7.26335 -0.1792026 1.442518 7.26715 0.01902743 0.6784616 7.23373 0.05277075 1.089847 7.238885 0.08039863 1.4367 7.252212  A_Throw_Close
-0.1243859 0.002547503 7.270518 -0.171691 0.104617 7.312543 -0.2993771 0.4146452 7.304545 -0.3425463 0.7120988 7.235514 -0.04089282 0.08856153 7.270456 0.1571641 0.3158641 7.185376 0.2362775 0.6065056 7.119247 -0.09370594 0.235903 7.277571 -0.1619372 0.6829273 7.273504 -0.1787506 1.095504 7.264999 -0.1799538 1.442878 7.266995 0.01906784 0.6785368 7.232038 0.05473157 1.089742 7.238493 0.0850177 1.436307 7.253447  A_Throw_Close
-0.1302389 0.003560185 7.272423 -0.1738322 0.106312 7.316909 -0.3010002 0.4172798 7.319756 -0.3483645 0.7128351 7.245519 -0.04558627 0.08824921 7.268289 0.1526074 0.3106034 7.173763 0.2315473 0.600399 7.103825 -0.09559129 0.2364039 7.278242 -0.160143 0.6834202 7.277976 -0.1784574 1.095868 7.266745 -0.1803519 1.443244 7.266639 0.0191951 0.6786532 7.229845 0.05693324 1.089652 7.237557 0.09092464 1.435774 7.254637  A_Throw_Close
-0.1350621 0.004636407 7.274417 -0.1751935 0.1079491 7.320985 -0.3020313 0.4196059 7.335598 -0.3547113 0.7127576 7.255633 -0.04962401 0.08816278 7.266413 0.1499779 0.3042904 7.162252 0.2308199 0.5923749 7.087577 -0.09703557 0.2369869 7.278779 -0.1583071 0.6839462 7.281644 -0.1780049 1.096263 7.268172 -0.1805358 1.44363 7.266332 0.0193369 0.6788839 7.227621 0.05877842 1.089703 7.23631 0.09673579 1.435292 7.255683  A_Throw_Close
-0.139509 0.005789042 7.276578 -0.1759547 0.1096152 7.325172 -0.302088 0.4216819 7.353546 -0.3610958 0.7118136 7.267238 -0.05353395 0.08815372 7.264429 0.146514 0.2983086 7.150101 0.2284405 0.5847385 7.070412 -0.09821014 0.2376052 7.279182 -0.1561796 0.6844482 7.28515 -0.1774734 1.096614 7.269631 -0.1807849 1.443963 7.266202 0.01951184 0.6791669 7.225099 0.06053646 1.089809 7.234779 0.102934 1.434714 7.256936  A_Throw_Close
-0.1427792 0.006994128 7.278638 -0.1755493 0.1112549 7.329071 -0.3013359 0.4230371 7.373357 -0.3687367 0.7098458 7.282224 -0.05662183 0.08830845 7.262235 0.1435996 0.2921029 7.13709 0.2284652 0.5760832 7.0519 -0.09865485 0.2382935 7.279179 -0.1536634 0.6849681 7.287889 -0.1768021 1.096969 7.270732 -0.1810831 1.444292 7.266037 0.01997145 0.6795745 7.222137 0.0620599 1.090087 7.232681 0.1092643 1.434129 7.258265  A_Throw_Close
-0.1453104 0.008096457 7.280455 -0.1748274 0.1126928 7.332337 -0.2994643 0.4237491 7.391084 -0.3741682 0.7076118 7.296485 -0.05921004 0.0885241 7.260325 0.1405999 0.2866272 7.125525 0.2281075 0.5682027 7.035182 -0.0989009 0.2389343 7.279056 -0.1513613 0.6854329 7.290044 -0.1762539 1.097279 7.271668 -0.1814864 1.444575 7.266026 0.02035524 0.6799842 7.219438 0.06329884 1.090388 7.23075 0.1146949 1.433568 7.25963  A_Throw_Close
-0.1469212 0.009661794 7.282419 -0.1721243 0.1146234 7.336022 -0.2941684 0.4235154 7.416043 -0.3831718 0.7030495 7.32093 -0.06130407 0.08903325 7.257274 0.1376329 0.2788901 7.108761 0.2324495 0.5553172 7.010262 -0.09799157 0.2399189 7.278176 -0.1474011 0.6861651 7.291793 -0.1749914 1.097784 7.272215 -0.1817624 1.445039 7.265719 0.02162011 0.6806939 7.214959 0.06513716 1.091023 7.226784 0.1224596 1.432787 7.260831  A_Throw_Close
-0.1471282 0.01104748 7.283539 -0.1687939 0.1162305 7.338407 -0.2869749 0.422398 7.436276 -0.3919006 0.6968529 7.342614 -0.06219218 0.0896306 7.254349 0.1358515 0.2722752 7.094461 0.2378735 0.5432378 6.988276 -0.096453 0.2408441 7.276933 -0.1434728 0.6868815 7.292646 -0.1735767 1.098288 7.272323 -0.1818175 1.445502 7.265349 0.02311202 0.6814175 7.210663 0.06694461 1.091708 7.222668 0.1293597 1.432038 7.261746  A_Throw_Close
-0.1458695 0.01273537 7.28398 -0.1635969 0.1180621 7.340147 -0.275638 0.4199585 7.458165 -0.4054036 0.6854077 7.369819 -0.06200395 0.09054935 7.250374 0.1351525 0.2644546 7.077677 0.2467229 0.5275741 6.961812 -0.09362762 0.2420524 7.27479 -0.1381039 0.6878753 7.292884 -0.1714588 1.099 7.271949 -0.1815614 1.446161 7.264772 0.02541132 0.6824341 7.204937 0.06939013 1.092712 7.216823 0.1377486 1.431046 7.262704  A_Throw_Close
-0.142653 0.01448631 7.282851 -0.1567913 0.1197536 7.340258 -0.2622662 0.4160209 7.476768 -0.4248136 0.6660634 7.398253 -0.06010048 0.09179771 7.245355 0.137336 0.2565895 7.061019 0.2595896 0.5103437 6.935451 -0.08947025 0.243443 7.271632 -0.1317037 0.6891532 7.292394 -0.1690409 1.099904 7.270839 -0.1809755 1.447017 7.264206 0.02822443 0.6837077 7.198081 0.07208647 1.094012 7.209465 0.1464747 1.429889 7.263329  A_Throw_Close
-0.1371223 0.01675344 7.279789 -0.1471984 0.1216543 7.338763 -0.2470517 0.4089609 7.496284 -0.4548238 0.6281482 7.433871 -0.05638377 0.09378374 7.238198 0.1427959 0.2473227 7.041821 0.2774356 0.4892449 6.90599 -0.08336823 0.245414 7.266999 -0.1229908 0.6911876 7.291295 -0.1665113 1.101248 7.268242 -0.1802827 1.448322 7.263419 0.0318826 0.6855573 7.188903 0.07529826 1.095941 7.199102 0.1567467 1.428213 7.263984  A_Throw_Close
-0.1334334 0.01809919 7.277686 -0.1413944 0.1227032 7.337511 -0.2399348 0.403905 7.506707 -0.4724217 0.599463 7.453655 -0.05373279 0.09508097 7.23412 0.1470972 0.2425144 7.03247 0.2880338 0.4783317 6.892358 -0.07949345 0.2466404 7.264377 -0.1178191 0.6925339 7.290435 -0.1656564 1.102028 7.265918 -0.1804833 1.449074 7.2623 0.03412213 0.6867099 7.183751 0.07715173 1.097161 7.192791 0.1621338 1.427207 7.264175  A_Throw_Close
-0.1295491 0.01954043 7.275437 -0.1353924 0.1238146 7.336075 -0.2328397 0.398246 7.517093 -0.4880041 0.5660434 7.474166 -0.05092094 0.09650064 7.229982 0.1516625 0.237668 7.023471 0.298644 0.4673443 6.879424 -0.07543413 0.2479682 7.2617 -0.112462 0.6940111 7.289421 -0.1650451 1.102826 7.263338 -0.1809665 1.449834 7.261045 0.03642221 0.6879524 7.178523 0.07899411 1.098479 7.186215 0.1671016 1.426144 7.264449  A_Throw_Close
-0.1233682 0.02182722 7.27196 -0.1264435 0.1256733 7.33353 -0.2253035 0.3880266 7.532825 -0.5084359 0.5062003 7.501543 -0.04613129 0.0987339 7.224161 0.1599135 0.2313435 7.013204 0.3153581 0.4535369 6.866331 -0.06892209 0.2500839 7.257674 -0.1045862 0.6963412 7.286856 -0.1648212 1.103943 7.258437 -0.1821186 1.450893 7.25888 0.04045417 0.6899346 7.170995 0.08173175 1.100637 7.175807 0.1734154 1.424717 7.264203  A_Throw_Close
-0.1190407 0.02348173 7.269537 -0.1203191 0.1270677 7.331609 -0.220296 0.3800761 7.543572 -0.5169247 0.4607137 7.518742 -0.04272233 0.1003354 7.220248 0.1657092 0.2271218 7.006991 0.3266892 0.4445044 6.858888 -0.06436054 0.2516167 7.254818 -0.09929906 0.6979949 7.284706 -0.1648658 1.104681 7.255009 -0.1829705 1.45158 7.257652 0.04331722 0.6913916 7.165885 0.08343406 1.102229 7.168562 0.1767855 1.423794 7.264107  A_Throw_Close
-0.1139684 0.02518904 7.266802 -0.1138381 0.1286377 7.329129 -0.2170155 0.3700176 7.554851 -0.5221846 0.4088575 7.533151 -0.03843622 0.1019663 7.216256 0.1729911 0.2236787 7.00284 0.3392701 0.437788 6.855826 -0.05919765 0.2532252 7.251456 -0.09437077 0.6995785 7.281444 -0.1651723 1.105347 7.251218 -0.1837116 1.452185 7.256989 0.04674133 0.6930926 7.160833 0.08481129 1.104133 7.161002 0.1789089 1.42324 7.263786  A_Throw_Close
-0.1090599 0.02693212 7.264189 -0.1075224 0.1302549 7.326717 -0.2129622 0.3593463 7.565709 -0.5205939 0.3565735 7.5442 -0.03431831 0.103618 7.212399 0.1798945 0.2200838 6.998882 0.3513277 0.4308134 6.852909 -0.05418883 0.2548622 7.248172 -0.08957718 0.7011918 7.278199 -0.1655225 1.105998 7.247558 -0.184396 1.452753 7.256417 0.05004152 0.694802 7.155858 0.08603908 1.106022 7.153548 0.1803307 1.422615 7.263668  A_Throw_Close
-0.1018087 0.02872455 7.26053 -0.09945469 0.1321168 7.322865 -0.2086422 0.3441932 7.577547 -0.5123722 0.295424 7.555702 -0.02776526 0.1053336 7.207623 0.1903736 0.2174693 6.997331 0.3669867 0.4270499 6.855951 -0.04740075 0.2566278 7.243315 -0.08526473 0.7025609 7.272715 -0.1661377 1.106501 7.243279 -0.1858522 1.453077 7.256327 0.0545453 0.6971468 7.150545 0.08574291 1.108744 7.14629 0.1786501 1.422889 7.264311  A_Throw_Close
-0.0942186 0.030581 7.256723 -0.09120344 0.1340611 7.318795 -0.2043983 0.3262227 7.589197 -0.4965501 0.2313681 7.561673 -0.02084581 0.1071379 7.202769 0.2013311 0.214849 6.996369 0.3825102 0.4237747 6.859883 -0.04042284 0.2584807 7.238286 -0.081192 0.7039638 7.266896 -0.166615 1.107072 7.238937 -0.1872223 1.453412 7.256178 0.0591944 0.6996349 7.145346 0.08513577 1.111573 7.139208 0.176005 1.423211 7.265195  A_Throw_Close
-0.08607863 0.03126121 7.252318 -0.08349864 0.1348449 7.313981 -0.2022244 0.3087019 7.595776 -0.4794236 0.1772709 7.564247 -0.01299409 0.1080192 7.198021 0.2138929 0.213119 6.997919 0.3957132 0.4249887 6.866935 -0.03358338 0.2593415 7.23305 -0.07905851 0.7042194 7.260385 -0.1660752 1.107171 7.235224 -0.1880401 1.453237 7.255945 0.06392033 0.7014316 7.141848 0.08331837 1.113716 7.134842 0.170879 1.423869 7.266697  A_Throw_Close
-0.07453506 0.03071642 7.24589 -0.07341765 0.1343528 7.307025 -0.2020211 0.2838492 7.600016 -0.4520253 0.108158 7.558326 -0.001572473 0.1080536 7.19177 0.2323902 0.2105558 7.002192 0.4118281 0.4286549 6.878341 -0.02437161 0.2592136 7.226124 -0.07717179 0.703223 7.251464 -0.1648301 1.106287 7.230721 -0.1888711 1.451931 7.255735 0.07006796 0.702676 7.138231 0.08035697 1.115268 7.130158 0.1626868 1.424028 7.268495  A_Throw_Close
-0.06244503 0.02867544 7.238712 -0.06430863 0.1321573 7.299387 -0.2081902 0.2608825 7.596275 -0.426838 0.04963827 7.54454 0.0108424 0.1071664 7.185963 0.2527907 0.2092826 7.009908 0.4240471 0.43691 6.891749 -0.01559196 0.2578863 7.21964 -0.07706623 0.7009864 7.242681 -0.1627378 1.104731 7.227673 -0.1891734 1.449932 7.256155 0.07547374 0.7028707 7.136711 0.07667007 1.115577 7.128019 0.1528807 1.424315 7.269866  A_Throw_Close
-0.04673634 0.0249064 7.23 -0.05437497 0.1278942 7.289993 -0.2278453 0.2339475 7.580487 -0.3956698 -0.0153935 7.511412 0.02739032 0.1056046 7.180655 0.2794546 0.2107277 7.023487 0.4335063 0.4516376 6.90801 -0.005371375 0.2553304 7.213185 -0.0781887 0.6974317 7.232554 -0.1595218 1.102279 7.224924 -0.1887261 1.447063 7.255658 0.08093299 0.7019921 7.136841 0.07267137 1.114587 7.126827 0.1406316 1.424822 7.269598  A_Throw_Close
-0.02419619 0.01889443 7.219001 -0.04200391 0.1206872 7.277269 -0.2642695 0.1942734 7.542016 -0.3438562 -0.0911094 7.4564 0.05113323 0.1034427 7.176446 0.3154361 0.2174034 7.046709 0.4401546 0.4733535 6.928222 0.007886844 0.2510711 7.206194 -0.0804861 0.691771 7.219224 -0.1550016 1.097982 7.22304 -0.1881451 1.442324 7.254731 0.08671667 0.6995959 7.138704 0.06828679 1.111795 7.126227 0.1248359 1.425257 7.266911  A_Throw_Close
0.00837584 0.01074481 7.207211 -0.02707462 0.1096964 7.260036 -0.3171153 0.1256542 7.45377 -0.2542319 -0.1682144 7.384528 0.08434971 0.1017575 7.178434 0.3597433 0.237808 7.08498 0.4429778 0.5046153 6.954634 0.02459212 0.2449491 7.200219 -0.08372389 0.6837109 7.202125 -0.1474091 1.091221 7.223441 -0.1857405 1.435385 7.250931 0.09206153 0.694886 7.143166 0.06594111 1.106524 7.126577 0.1079214 1.4253 7.260248  A_Throw_Close
0.03573974 0.005138278 7.201101 -0.01524065 0.1006582 7.245628 -0.337254 0.05328715 7.357663 -0.1831097 -0.2137585 7.351863 0.1099603 0.1017038 7.186798 0.3857959 0.2628708 7.120374 0.4401005 0.5311007 6.978219 0.0374703 0.2401794 7.19771 -0.08522265 0.6771477 7.188582 -0.1384565 1.084977 7.226212 -0.1789037 1.429482 7.245032 0.09559555 0.6904638 7.148221 0.06653662 1.101698 7.127115 0.09697999 1.425081 7.252594  A_Throw_Close
0.06248875 0.0006417036 7.199061 -0.003204508 0.09175837 7.231474 -0.3196101 -0.0272857 7.251922 -0.1524689 -0.2797087 7.310693 0.1314748 0.1023437 7.201697 0.3926824 0.2944825 7.159389 0.4188479 0.5598441 7.004461 0.04919906 0.235646 7.198444 -0.08516 0.6709791 7.177384 -0.1281583 1.078546 7.228521 -0.1617544 1.424182 7.237542 0.0988539 0.6857061 7.156804 0.06936641 1.096445 7.128043 0.08803804 1.425105 7.241542  A_Throw_Close
0.08088906 -0.002001286 7.200029 0.006547825 0.08555245 7.222343 -0.285536 -0.07133913 7.179104 -0.1495166 -0.3400609 7.245398 0.1435878 0.1027558 7.21451 0.3864984 0.3151685 7.185682 0.393504 0.5731581 7.016873 0.05666669 0.2323744 7.200614 -0.08450715 0.6666682 7.171121 -0.1228216 1.073966 7.227821 -0.1477938 1.4204 7.233616 0.1004899 0.6819938 7.164582 0.07289095 1.0924 7.129821 0.08404972 1.424911 7.232583  A_Throw_Close
0.09351201 -0.003786206 7.202045 0.01406785 0.08111513 7.216913 -0.2555051 -0.09186268 7.130053 -0.1566402 -0.3826858 7.157532 0.1505041 0.1026627 7.224535 0.3759519 0.3280115 7.202708 0.3690872 0.5776145 7.021723 0.06143488 0.229828 7.203439 -0.08383481 0.6635336 7.168562 -0.1200301 1.071074 7.224914 -0.1389901 1.41787 7.231777 0.1012387 0.6790172 7.171658 0.0763988 1.089208 7.13254 0.08288266 1.424518 7.226203  A_Throw_Close
0.1379817 -0.008441329 7.210786 0.04656013 0.06650794 7.206895 -0.1695495 -0.09793854 6.99579 -0.1881386 -0.299436 6.763066 0.1728488 0.1011466 7.251489 0.3454369 0.3534553 7.241875 0.309463 0.5512996 7.008063 0.07753552 0.2198807 7.214516 -0.0844243 0.6497359 7.166824 -0.1217916 1.059631 7.200941 -0.1430674 1.40576 7.221346 0.09786667 0.667463 7.197764 0.08123501 1.077538 7.153432 0.07886614 1.421192 7.209504  A_Throw_Close
0.1510707 -0.008347273 7.212692 0.05694802 0.06333768 7.204513 -0.1456701 -0.08717263 6.964968 -0.1898809 -0.2335763 6.697164 0.1791477 0.1015164 7.256924 0.3398127 0.3592892 7.250691 0.3052769 0.5376019 7.00146 0.08183755 0.2175257 7.21665 -0.08570324 0.6456462 7.165884 -0.1236256 1.056138 7.191052 -0.1471549 1.401751 7.216974 0.09490587 0.6644157 7.204995 0.07939918 1.07464 7.161648 0.0757186 1.420133 7.204882  A_Throw_Close
0.1607372 -0.008661389 7.212111 0.06467648 0.06019187 7.199648 -0.1062316 -0.04446137 6.917545 -0.1081276 -0.1184424 6.618161 0.1823929 0.1009762 7.259787 0.3355353 0.3632709 7.261379 0.3147618 0.5297823 7.002638 0.08382405 0.2147697 7.216375 -0.08794235 0.6415096 7.163381 -0.1270148 1.05224 7.182048 -0.1531063 1.397247 7.213083 0.09020014 0.6609755 7.212246 0.07394303 1.071337 7.170497 0.06834723 1.418435 7.197689  A_Throw_Close
0.1661354 -0.007988334 7.211173 0.06905843 0.0590955 7.195717 -0.07386945 -0.01067793 6.890573 -0.04045669 -0.03078961 6.584653 0.1834935 0.1013023 7.260989 0.3319059 0.3662535 7.268018 0.3225289 0.5253779 7.004018 0.08436228 0.2137524 7.215411 -0.0896043 0.6397821 7.161054 -0.1284805 1.050691 7.175782 -0.1556432 1.39526 7.210546 0.08657743 0.6593485 7.216539 0.07028307 1.069845 7.176161 0.06301959 1.417589 7.192571  A_Throw_Close
0.1755783 -0.006872058 7.200686 0.0781755 0.05830085 7.178046 -0.0005332659 0.1458398 6.867164 0.1406682 0.2912929 6.634757 0.1840899 0.1002326 7.256539 0.3286678 0.3679819 7.289723 0.3610862 0.5454607 7.039614 0.08617075 0.2120546 7.206971 -0.09100668 0.6369947 7.153574 -0.1352445 1.047427 7.166326 -0.16988 1.390198 7.210851 0.07903458 0.6568375 7.225642 0.06229581 1.067166 7.183762 0.05068131 1.415178 7.184595  A_Throw_Close
0.1789813 -0.003796458 7.193151 0.08204277 0.06143785 7.168173 0.02207472 0.1957529 6.874789 0.1884841 0.3756115 6.687529 0.184567 0.1019388 7.251753 0.3292434 0.3690372 7.299675 0.3776827 0.5661407 7.067493 0.08767338 0.2143848 7.201584 -0.09079544 0.6388644 7.150719 -0.1370663 1.048965 7.166567 -0.1742054 1.390763 7.21625 0.07690658 0.6590254 7.227992 0.06122841 1.068979 7.182215 0.04933484 1.416959 7.186288  A_Throw_Close
0.1824159 0.001014233 7.186337 0.08607163 0.06650102 7.159472 0.04259469 0.2261127 6.879827 0.2225608 0.4245709 6.727072 0.185458 0.105373 7.247498 0.3300491 0.3711156 7.309566 0.3907015 0.5903785 7.10136 0.08949436 0.2185243 7.197128 -0.09023432 0.6425763 7.149263 -0.1391131 1.052251 7.168034 -0.1789419 1.393111 7.221901 0.07583232 0.6629771 7.229931 0.06151791 1.072301 7.178429 0.04883911 1.420115 7.189045  A_Throw_Close
0.1862645 0.007206321 7.178768 0.09073116 0.0732218 7.15027 0.06262626 0.255196 6.886953 0.2476372 0.4710134 6.767365 0.1868561 0.1099608 7.242723 0.3312924 0.3732761 7.320345 0.4024063 0.6181645 7.146918 0.09188659 0.2240494 7.192583 -0.08910851 0.6477121 7.148837 -0.1414578 1.05679 7.170953 -0.1844389 1.396625 7.228737 0.07591994 0.6682743 7.231567 0.06341876 1.076549 7.171909 0.0472364 1.423714 7.193406  A_Throw_Close
0.1883615 0.01135767 7.174706 0.09336562 0.07762694 7.145287 0.07251437 0.2699381 6.89139 0.2551081 0.4959637 6.788049 0.1874252 0.1131883 7.240289 0.3303272 0.3753281 7.32555 0.4046389 0.6344833 7.175815 0.0929376 0.2277021 7.190209 -0.08827852 0.651599 7.14954 -0.1411318 1.060487 7.173874 -0.1844972 1.399998 7.23325 0.07679112 0.6714704 7.232358 0.06496193 1.079142 7.168584 0.04657658 1.425725 7.196696  A_Throw_Close
0.1905572 0.01557183 7.170623 0.09612949 0.08211184 7.140302 0.08196212 0.2840908 6.896443 0.2609234 0.5196604 6.809338 0.1880521 0.1164428 7.237816 0.3291293 0.3773026 7.330574 0.4064258 0.6487256 7.206238 0.09404017 0.231377 7.187803 -0.08738409 0.6555209 7.150329 -0.1406078 1.064218 7.176943 -0.1842215 1.403426 7.237851 0.07780518 0.6746219 7.233088 0.06652786 1.081653 7.165254 0.04529496 1.427473 7.199975  A_Throw_Close
0.1931713 0.0212481 7.165478 0.09951086 0.08806205 7.133912 0.09039052 0.3018223 6.903014 0.2632014 0.5479807 6.834824 0.1884303 0.120858 7.234684 0.3249021 0.3807431 7.336957 0.403825 0.6645015 7.245543 0.0950246 0.2362362 7.184558 -0.08631717 0.6610077 7.151581 -0.137669 1.069632 7.182624 -0.1794486 1.408896 7.244499 0.07906325 0.678438 7.234328 0.06835492 1.084854 7.162808 0.04397209 1.429843 7.203251  A_Throw_Close
0.1952407 0.02544773 7.161417 0.1022215 0.09246469 7.12884 0.09541763 0.3150475 6.908495 0.2623729 0.56872 6.854795 0.1886124 0.1240181 7.232176 0.3204013 0.3833023 7.341891 0.3994378 0.6742484 7.277023 0.09569247 0.2397188 7.181891 -0.08548801 0.6650689 7.152675 -0.1344386 1.073652 7.187863 -0.1738576 1.413129 7.250118 0.08005841 0.680909 7.23541 0.06967659 1.08692 7.16158 0.04300465 1.431318 7.20547  A_Throw_Close
0.1960091 0.02843547 7.158676 0.1034123 0.09562922 7.125497 0.09428723 0.3240969 6.911586 0.256061 0.5824755 6.864925 0.1882777 0.1263579 7.230334 0.3151535 0.3858929 7.347051 0.3919537 0.6808466 7.300057 0.09578539 0.242336 7.1799 -0.08483271 0.668267 7.153164 -0.130418 1.076768 7.19346 -0.1665713 1.416774 7.2548 0.08049907 0.6827425 7.236575 0.07011648 1.088551 7.16164 0.04193534 1.43269 7.206606  A_Throw_Close
0.1959595 0.03090298 7.155218 0.1039388 0.09850264 7.12149 0.08873941 0.3340535 6.915145 0.2421879 0.5986025 6.87546 0.1872116 0.1280307 7.227937 0.3067515 0.387918 7.355314 0.3784829 0.686973 7.3324 0.0954733 0.2445798 7.177442 -0.0837525 0.6714712 7.153835 -0.1245221 1.079665 7.201692 -0.1553806 1.420547 7.261032 0.08118208 0.684041 7.238334 0.07043798 1.089575 7.161977 0.04019286 1.433443 7.207668  A_Throw_Close
0.1942856 0.03124678 7.154058 0.1025233 0.0992769 7.120477 0.08139612 0.3371264 6.915751 0.2297314 0.6045416 6.875835 0.1858149 0.1281449 7.22709 0.3018483 0.3881985 7.36073 0.3698083 0.6887567 7.348459 0.09466435 0.2452439 7.176803 -0.08299659 0.6728432 7.154242 -0.1216652 1.080803 7.205701 -0.1496838 1.422248 7.263181 0.08170922 0.6845487 7.23931 0.0703335 1.089936 7.162267 0.03919496 1.433777 7.207558  A_Throw_Close
0.1922295 0.03120363 7.153127 0.1006997 0.09969902 7.119831 0.07350065 0.3392383 6.916062 0.2167176 0.6092634 6.87504 0.1842676 0.1279398 7.226397 0.2972843 0.3879873 7.365599 0.3615223 0.6895979 7.362607 0.09370281 0.2456162 7.176399 -0.08225016 0.6739377 7.154719 -0.1194085 1.081661 7.209081 -0.1449594 1.423574 7.264912 0.08232017 0.6848744 7.24015 0.07024105 1.090153 7.162644 0.03844871 1.433987 7.20753  A_Throw_Close
0.1868511 0.03011274 7.152573 0.09562315 0.09959471 7.120414 0.05692102 0.339687 6.91503 0.1910304 0.6133526 6.867815 0.1808522 0.1268677 7.225911 0.29123 0.3866256 7.372007 0.3501386 0.689246 7.379429 0.09131761 0.2456931 7.176784 -0.08096163 0.6753697 7.155876 -0.1180601 1.082839 7.212153 -0.1421308 1.425231 7.265653 0.0838141 0.685389 7.241024 0.07013835 1.090659 7.163741 0.03825899 1.434579 7.207909  A_Throw_Close
0.1823133 0.02893007 7.152407 0.09132864 0.09919834 7.121246 0.04336401 0.339295 6.914351 0.1698151 0.6155853 6.861613 0.1780288 0.1257493 7.225722 0.2869107 0.3850681 7.376304 0.3420268 0.6881526 7.39067 0.08928467 0.2454605 7.177317 -0.08006768 0.6761612 7.156829 -0.1174805 1.083505 7.213801 -0.1409845 1.426161 7.265846 0.08504899 0.6855919 7.241382 0.07002933 1.090951 7.164819 0.03839733 1.434955 7.208502  A_Throw_Close
0.1767909 0.02732813 7.152633 0.08608635 0.09849358 7.122741 0.0273967 0.3379933 6.913634 0.1444937 0.6169019 6.853586 0.1746782 0.1242982 7.225808 0.2828199 0.3829993 7.380072 0.3343976 0.6863642 7.400414 0.08678575 0.2449781 7.178262 -0.07924692 0.6767697 7.15796 -0.1175632 1.084085 7.214533 -0.1415055 1.426876 7.265479 0.08651699 0.6857365 7.241288 0.0698743 1.091339 7.166368 0.03897323 1.435463 7.209632  A_Throw_Close
0.1687941 0.02489507 7.153247 0.07847996 0.09726226 7.125219 0.004144626 0.3358884 6.914572 0.1069425 0.6181468 6.844785 0.1698116 0.1221011 7.22611 0.2772933 0.3796629 7.384975 0.3243082 0.6832437 7.412045 0.08301283 0.2440391 7.179779 -0.0785455 0.6772358 7.159637 -0.1177875 1.084599 7.215225 -0.1422803 1.427556 7.264765 0.08840354 0.6856912 7.240619 0.06963612 1.091716 7.168543 0.04022052 1.436003 7.211544  A_Throw_Close
0.1568594 0.02123439 7.154783 0.06708558 0.09518254 7.129584 -0.03024636 0.3326689 6.920451 0.05018254 0.6188185 6.838249 0.1625055 0.1188468 7.22691 0.2699481 0.3743106 7.39118 0.311608 0.6780674 7.424356 0.07702418 0.2423565 7.182327 -0.0785449 0.6773207 7.162174 -0.1183527 1.084916 7.215616 -0.1434033 1.428064 7.263533 0.09058465 0.6852713 7.238551 0.06932314 1.092048 7.171589 0.04293718 1.43654 7.214913  A_Throw_Close
0.1497487 0.01915729 7.156143 0.06019529 0.09386837 7.132678 -0.04970066 0.3312577 6.927633 0.01817163 0.6188315 6.839303 0.1581205 0.117088 7.227592 0.2662141 0.3711582 7.394355 0.3056901 0.6750629 7.428822 0.07314475 0.2413043 7.184017 -0.07921456 0.6771915 7.163661 -0.1187259 1.084988 7.215774 -0.1436835 1.428235 7.263022 0.09126724 0.6848463 7.237002 0.06915112 1.09206 7.173038 0.04470279 1.436609 7.217038  A_Throw_Close
0.142846 0.01714706 7.157499 0.05355795 0.09260702 7.135693 -0.06811814 0.3298807 6.935452 -0.01268403 0.6186299 6.842402 0.1538391 0.1153522 7.228232 0.2626513 0.367877 7.397336 0.3004012 0.6718484 7.433122 0.06938376 0.2402513 7.185607 -0.07987504 0.6769998 7.164994 -0.1190977 1.084978 7.215886 -0.1439451 1.428313 7.262547 0.09186067 0.684339 7.235382 0.06906821 1.091968 7.174367 0.04651107 1.436564 7.219002  A_Throw_Close
0.1319313 0.01420546 7.160202 0.04293915 0.09067869 7.141099 -0.09281777 0.3289617 6.951604 -0.05442069 0.6181653 6.851632 0.1470503 0.1129243 7.229436 0.2585059 0.3633839 7.399998 0.2945622 0.6674873 7.436404 0.06309153 0.2386717 7.188351 -0.0815414 0.6767046 7.167064 -0.1200917 1.084976 7.216088 -0.1444952 1.428486 7.261684 0.09193714 0.6833816 7.233111 0.06893398 1.091535 7.175796 0.04883643 1.436162 7.221364  A_Throw_Close
0.1223754 0.01174355 7.16274 0.03371425 0.08909988 7.145986 -0.1124759 0.3284492 6.96656 -0.08945768 0.617862 6.862552 0.1410478 0.1108663 7.230502 0.2553041 0.3595053 7.401561 0.2903518 0.6636451 7.438641 0.0575216 0.2373255 7.190742 -0.08315872 0.6764175 7.168773 -0.1211185 1.084914 7.216353 -0.1450616 1.428581 7.261007 0.09172376 0.6824464 7.231073 0.06886734 1.091039 7.176912 0.05094143 1.435692 7.223183  A_Throw_Close
0.1120356 0.009277105 7.165791 0.02375145 0.08753824 7.151572 -0.1302998 0.3283459 6.982415 -0.1240472 0.6175454 6.875494 0.1344767 0.1088305 7.231721 0.2528854 0.3561724 7.401098 0.2868557 0.6603062 7.439217 0.05131151 0.2359694 7.193398 -0.0853105 0.6761452 7.170699 -0.122628 1.084828 7.217181 -0.1459055 1.428697 7.260606 0.09092934 0.6813538 7.229128 0.06875356 1.09039 7.178131 0.05314334 1.4351 7.224816  A_Throw_Close
0.1007089 0.006774306 7.169366 0.01294489 0.08603358 7.157842 -0.1485823 0.3281885 6.998878 -0.1608801 0.6171145 6.891742 0.1271467 0.1067386 7.233118 0.2507291 0.3530489 7.399296 0.283761 0.6570824 7.439007 0.04440399 0.234598 7.196309 -0.08795999 0.6758721 7.172776 -0.1244096 1.084713 7.218551 -0.146689 1.428839 7.260437 0.08962311 0.6801401 7.227068 0.06852241 1.089656 7.179584 0.05562623 1.434438 7.226566  A_Throw_Close
0.09145828 0.004921079 7.17251 0.004186587 0.08498824 7.163101 -0.162802 0.3278921 7.010983 -0.1900695 0.6162897 6.905196 0.121036 0.1051852 7.234344 0.2494531 0.3512297 7.396368 0.2818751 0.6550895 7.437871 0.03863813 0.2336005 7.198714 -0.09044306 0.675702 7.174527 -0.1259793 1.084629 7.22025 -0.1471414 1.429008 7.260612 0.08811946 0.6791717 7.225566 0.06818326 1.089074 7.181002 0.05766465 1.433927 7.228051  A_Throw_Close
0.08162792 0.003157854 7.175971 -0.00504945 0.08408356 7.168698 -0.1780322 0.3275484 7.023388 -0.2200333 0.6152159 6.920476 0.1143773 0.1036786 7.235709 0.2483033 0.3496766 7.392543 0.2808138 0.6532794 7.435819 0.03237637 0.2326729 7.201275 -0.09338431 0.6755795 7.17643 -0.1276411 1.084584 7.222431 -0.1473048 1.429259 7.260989 0.08611651 0.6782088 7.224117 0.0676163 1.08851 7.182714 0.05981841 1.433457 7.229606  A_Throw_Close
0.07354189 0.001894474 7.17891 -0.01260684 0.08351541 7.173279 -0.1910075 0.3270876 7.033009 -0.2440745 0.6139008 6.932861 0.1087409 0.1025832 7.236906 0.2475901 0.3488588 7.388601 0.2809403 0.6521912 7.433116 0.02707972 0.2320365 7.203399 -0.09612422 0.675543 7.178095 -0.1289875 1.084597 7.22467 -0.1470674 1.429546 7.261516 0.08406432 0.6775008 7.223148 0.06690659 1.088121 7.184416 0.06152328 1.433165 7.23093  A_Throw_Close
0.06351437 0.0005720854 7.182622 -0.02192609 0.08305418 7.178953 -0.2069217 0.326871 7.045457 -0.2718632 0.6126574 6.949456 0.1016117 0.1014019 7.238443 0.2466808 0.348025 7.383408 0.281941 0.6509885 7.428951 0.02039917 0.2314252 7.206072 -0.09973244 0.675623 7.180242 -0.1306671 1.084738 7.227602 -0.1466479 1.430013 7.262293 0.08123423 0.6767561 7.222091 0.06586052 1.087742 7.18663 0.06348892 1.432922 7.232379  A_Throw_Close
0.05335774 -0.0004475117 7.186382 -0.03134076 0.08288145 7.184563 -0.2231359 0.3269734 7.058617 -0.2962066 0.6121496 6.966733 0.0941387 0.100439 7.240096 0.2459453 0.3475748 7.377517 0.2847233 0.6501632 7.422693 0.01339467 0.2310325 7.208869 -0.1038396 0.6758528 7.182725 -0.1324058 1.085027 7.231048 -0.1458977 1.430626 7.263506 0.0778165 0.6761982 7.221488 0.06434228 1.087519 7.189286 0.06504937 1.432892 7.233612  A_Throw_Close
0.04500832 -0.001050591 7.189547 -0.03904657 0.08297181 7.189241 -0.2356801 0.3276894 7.070265 -0.3139134 0.6127554 6.982376 0.08791812 0.09983051 7.241519 0.2452644 0.3473207 7.372462 0.2874324 0.6496083 7.416604 0.007571178 0.2308983 7.21127 -0.1073547 0.676186 7.184884 -0.1340703 1.085409 7.233851 -0.1456226 1.431258 7.264325 0.07481678 0.6759117 7.221147 0.06296135 1.087475 7.191507 0.06608893 1.433024 7.234335  A_Throw_Close
0.03477438 -0.001688719 7.193487 -0.04847376 0.08316374 7.195053 -0.249462 0.3295579 7.085915 -0.3303151 0.6154888 7.003369 0.08015902 0.0991025 7.243393 0.2445299 0.3469971 7.365856 0.2917853 0.6489836 7.406788 0.0002929737 0.2307627 7.214473 -0.1119894 0.6765414 7.187924 -0.1367658 1.085832 7.237342 -0.1462405 1.431977 7.265043 0.07074375 0.6756028 7.22123 0.06085964 1.087415 7.194461 0.06674625 1.433245 7.234644  A_Throw_Close
0.02606489 -0.002193809 7.196915 -0.05645398 0.0833689 7.200088 -0.2598081 0.3317373 7.099538 -0.3417993 0.6186748 7.021745 0.07350083 0.09847057 7.245043 0.2438089 0.3465652 7.360031 0.2957368 0.64824 7.397451 -0.005928559 0.230649 7.217308 -0.1160827 0.6767813 7.190635 -0.1392928 1.086139 7.240253 -0.1471194 1.432514 7.26549 0.06707563 0.6753585 7.221498 0.05899431 1.087358 7.197118 0.06704898 1.433429 7.23478  A_Throw_Close
0.01787962 -0.002646327 7.200185 -0.06392191 0.08358467 7.204905 -0.2678409 0.3345492 7.112463 -0.3495333 0.6227499 7.039154 0.06719424 0.09784627 7.246647 0.2431603 0.3459914 7.354343 0.2999109 0.6473105 7.387367 -0.01180313 0.23053 7.220118 -0.1201327 0.6769141 7.193392 -0.1420215 1.086352 7.242949 -0.1484824 1.432926 7.265732 0.06337734 0.6751647 7.222073 0.05710854 1.08732 7.199878 0.06702556 1.433629 7.234798  A_Throw_Close
0.002374547 -0.003432155 7.20654 -0.07793669 0.08410192 7.214217 -0.2797004 0.3411682 7.136759 -0.3602492 0.6320275 7.073353 0.05517467 0.09662795 7.249737 0.2417596 0.3444228 7.342949 0.3077325 0.6448426 7.365306 -0.02287684 0.2303209 7.225581 -0.1281136 0.6769769 7.198692 -0.1471533 1.086573 7.248121 -0.1509399 1.433436 7.266715 0.0559571 0.6749489 7.223499 0.05364193 1.087346 7.20542 0.06655671 1.434086 7.234618  A_Throw_Close
-0.005947335 -0.003807664 7.210087 -0.08538364 0.08444643 7.219346 -0.2844013 0.3452786 7.149587 -0.3638105 0.6376785 7.092106 0.04867645 0.09596431 7.251478 0.2408785 0.3432907 7.336588 0.3116643 0.6430521 7.351979 -0.02878628 0.2302258 7.228614 -0.1325033 0.6769383 7.20159 -0.1499063 1.086626 7.250864 -0.1522931 1.433603 7.267455 0.05182214 0.6749038 7.224428 0.05181046 1.087396 7.208498 0.06588931 1.434355 7.234369  A_Throw_Close
-0.01261274 -0.004087329 7.213078 -0.0913047 0.0847646 7.223589 -0.2869668 0.3489913 7.159674 -0.3650213 0.6427177 7.10733 0.04344942 0.09541607 7.253002 0.2402559 0.3421379 7.331476 0.3147879 0.6412606 7.340134 -0.03347633 0.2301576 7.231172 -0.1360563 0.6768546 7.203981 -0.1521661 1.086632 7.252945 -0.1535717 1.433675 7.268222 0.04845061 0.6749199 7.225312 0.05029329 1.087468 7.211016 0.06493081 1.434615 7.233879  A_Throw_Close
-0.02035694 -0.004372239 7.216687 -0.09814082 0.08517945 7.22863 -0.2894064 0.3533424 7.171265 -0.365537 0.6485893 7.124995 0.03734245 0.09479535 7.25488 0.2393848 0.3406365 7.325487 0.3179636 0.6388474 7.325765 -0.03891836 0.2301004 7.234234 -0.1401525 0.6767774 7.206826 -0.1547934 1.086688 7.255138 -0.1551858 1.433793 7.268988 0.04455014 0.6749383 7.226399 0.0485511 1.087532 7.213978 0.06342758 1.43488 7.233366  A_Throw_Close
-0.02749346 -0.004599214 7.220319 -0.1043907 0.08560812 7.233556 -0.2906891 0.3575606 7.18187 -0.3648608 0.6541684 7.141498 0.03168913 0.09422874 7.256906 0.238723 0.3389455 7.320092 0.3206433 0.6361152 7.310948 -0.04390619 0.2300659 7.237336 -0.1438311 0.6767373 7.209695 -0.1572856 1.086876 7.256381 -0.1571606 1.434017 7.26932 0.04103817 0.6749364 7.227629 0.04692151 1.087555 7.216934 0.06140907 1.435097 7.232839  A_Throw_Close
-0.03481315 -0.004785657 7.224226 -0.1107531 0.08609164 7.23879 -0.2916067 0.3618201 7.192627 -0.3635298 0.6597593 7.158467 0.02587046 0.09367633 7.25913 0.2378929 0.3370711 7.314468 0.3227966 0.6329032 7.294997 -0.04901938 0.2300576 7.240662 -0.1475348 0.6767505 7.21277 -0.1597478 1.087195 7.257054 -0.1591537 1.434364 7.269172 0.03749092 0.6749082 7.229006 0.04535516 1.087538 7.220144 0.0589266 1.435257 7.232585  A_Throw_Close
-0.0397415 -0.004882693 7.227032 -0.1150031 0.08644164 7.242496 -0.2919732 0.3646526 7.19984 -0.3623537 0.6634246 7.170017 0.02194865 0.09332454 7.260775 0.2372994 0.3357116 7.310639 0.3238985 0.6304474 7.283514 -0.05245928 0.2300687 7.243057 -0.1499546 0.6768116 7.214993 -0.1613103 1.087538 7.256824 -0.1604566 1.434721 7.268519 0.03516831 0.6748546 7.230066 0.04439964 1.087482 7.222526 0.05695768 1.435314 7.232673  A_Throw_Close
-0.04692725 -0.004969597 7.23133 -0.1211328 0.08701897 7.248137 -0.2925757 0.3686558 7.210268 -0.3607091 0.6685167 7.186842 0.01624961 0.09284961 7.26328 0.2362273 0.3337357 7.304577 0.324862 0.6265481 7.265729 -0.05742667 0.2301278 7.246669 -0.1534197 0.6769453 7.218283 -0.1634275 1.08807 7.256373 -0.161994 1.43526 7.267815 0.03183361 0.6747898 7.231629 0.04302271 1.087401 7.226095 0.05332609 1.435384 7.233107  A_Throw_Close
-0.05119346 -0.004986286 7.234031 -0.1247252 0.08740592 7.251658 -0.2930453 0.3709662 7.216435 -0.3599117 0.6713868 7.196843 0.01288499 0.092592 7.264842 0.2354607 0.3325816 7.300624 0.3250256 0.6240353 7.254393 -0.06033913 0.2301911 7.248901 -0.1554305 0.6770554 7.220272 -0.1645574 1.088412 7.256013 -0.1626375 1.435595 7.267577 0.02989371 0.6747591 7.232567 0.04221274 1.087353 7.228292 0.05060043 1.435417 7.23365  A_Throw_Close
-0.05683528 -0.004964948 7.237955 -0.1293792 0.08800566 7.256714 -0.2942159 0.3739585 7.224665 -0.3597915 0.6749254 7.209623 0.008501606 0.09226024 7.267108 0.2338563 0.3314582 7.294593 0.3236479 0.620929 7.237597 -0.06405382 0.2303147 7.252074 -0.1579596 0.6772063 7.22298 -0.1661454 1.088815 7.255937 -0.1637576 1.435989 7.267707 0.02745833 0.67476 7.23374 0.04106595 1.087327 7.231143 0.04577245 1.435484 7.234636  A_Throw_Close
-0.06200091 -0.004867315 7.241791 -0.1335572 0.088673 7.261591 -0.2957584 0.3766956 7.232028 -0.3603506 0.6780282 7.220451 0.004523354 0.09199286 7.269338 0.2324166 0.3301122 7.288581 0.3222825 0.6173235 7.221215 -0.06733786 0.2304966 7.255122 -0.1601196 0.6773896 7.225485 -0.16762 1.08919 7.256124 -0.1649154 1.436359 7.267978 0.0253789 0.6748201 7.234717 0.04002054 1.087358 7.2336 0.04035755 1.435555 7.236222  A_Throw_Close
-0.06544666 -0.004763842 7.244661 -0.1362678 0.08920252 7.265185 -0.2972216 0.3785655 7.236764 -0.3615269 0.6799987 7.226259 0.001920061 0.09180307 7.271068 0.2307867 0.3295739 7.28414 0.3197615 0.6152189 7.209342 -0.06938659 0.2306499 7.25742 -0.1613934 0.677504 7.227357 -0.1686788 1.089424 7.256396 -0.1659661 1.436607 7.267817 0.02416392 0.6749042 7.235311 0.03928621 1.087427 7.235063 0.03608956 1.435608 7.237712  A_Throw_Close
-0.06796788 -0.004668832 7.246781 -0.1382353 0.08961451 7.267838 -0.2983172 0.3799573 7.240096 -0.3624149 0.6814522 7.230108 1.330865E-05 0.09166944 7.272351 0.2294135 0.3292087 7.28081 0.3175228 0.613647 7.200585 -0.07086693 0.2307752 7.259124 -0.1623047 0.6775945 7.228775 -0.1694366 1.089599 7.256629 -0.1667077 1.436792 7.267756 0.02329309 0.6749773 7.235714 0.03882619 1.087484 7.236078 0.03306748 1.43563 7.239106  A_Throw_Close
-0.07060902 -0.004534841 7.249056 -0.1402681 0.09009624 7.270697 -0.2996321 0.3814692 7.243166 -0.3637433 0.6829457 7.23272 -0.001971943 0.09153092 7.27376 0.227562 0.328993 7.277123 0.3143395 0.6121855 7.191239 -0.07235645 0.2309331 7.261013 -0.1631927 0.677701 7.230464 -0.1701578 1.089793 7.257034 -0.167396 1.436993 7.267925 0.02244999 0.6750874 7.236076 0.03858312 1.087571 7.236993 0.03052505 1.435666 7.240556  A_Throw_Close
-0.07277088 -0.00440681 7.250983 -0.1419182 0.09051311 7.273114 -0.300668 0.3827485 7.245609 -0.3647784 0.6841998 7.234453 -0.003596051 0.09142649 7.27496 0.2258288 0.3288988 7.273955 0.3112588 0.6110474 7.183411 -0.07356112 0.2310758 7.262616 -0.1639254 0.6777901 7.23192 -0.170748 1.089955 7.257381 -0.1679384 1.43716 7.268089 0.02174874 0.6751965 7.236386 0.03843846 1.087656 7.237755 0.02858348 1.435699 7.24192  A_Throw_Close
-0.0752468 -0.004214644 7.253434 -0.1437734 0.09105301 7.276188 -0.3017171 0.3843752 7.248123 -0.3657495 0.6857527 7.234745 -0.005436642 0.09132612 7.276519 0.2231376 0.3291762 7.269733 0.3062259 0.6102039 7.173691 -0.07488476 0.2312778 7.264694 -0.164795 0.6778887 7.233912 -0.1714085 1.090147 7.257864 -0.1684779 1.437357 7.268396 0.02091129 0.6753936 7.236826 0.0384738 1.087815 7.238715 0.02697869 1.435798 7.243602  A_Throw_Close
-0.07696812 -0.004045963 7.255414 -0.1450483 0.09148133 7.278604 -0.3021303 0.3856829 7.249766 -0.3657619 0.6870204 7.233821 -0.006713195 0.09128022 7.27782 0.2205542 0.3297794 7.26637 0.3011706 0.61015 7.166382 -0.07577567 0.2314504 7.266327 -0.165353 0.6779833 7.235405 -0.171846 1.090313 7.258132 -0.1688213 1.437524 7.268615 0.02036764 0.6755553 7.237268 0.03840949 1.087955 7.239466 0.0260057 1.435897 7.244931  A_Throw_Close
-0.07815079 -0.003914833 7.256868 -0.1459177 0.09179699 7.280356 -0.3023198 0.3866265 7.250858 -0.3655909 0.6879215 7.232813 -0.007590158 0.09125936 7.278785 0.2185216 0.3303146 7.263933 0.2971464 0.6102632 7.161213 -0.07637779 0.2315824 7.267512 -0.1657202 0.6780596 7.236467 -0.1721398 1.090439 7.258294 -0.1690453 1.437649 7.268767 0.02000685 0.6756763 7.237616 0.03833957 1.088062 7.240009 0.02538957 1.435978 7.245899  A_Throw_Close
-0.07889859 -0.003810883 7.257969 -0.1464806 0.09202611 7.281608 -0.302198 0.3873396 7.251386 -0.3649326 0.6886221 7.231369 -0.008160396 0.09126949 7.27956 0.2167125 0.330997 7.262321 0.2934856 0.6108275 7.157892 -0.07676665 0.2316867 7.268355 -0.1658857 0.6781448 7.237108 -0.1723091 1.090555 7.258348 -0.1691972 1.437761 7.268948 0.01984294 0.6757438 7.237905 0.03825255 1.088125 7.240328 0.02530839 1.436036 7.246525  A_Throw_Close
-0.07977574 -0.003682852 7.259279 -0.1471404 0.09230185 7.283091 -0.3020441 0.3881712 7.251987 -0.3641522 0.6894166 7.229599 -0.008831186 0.09128642 7.280485 0.2145208 0.3318102 7.260434 0.2890548 0.6114992 7.154024 -0.07722311 0.231814 7.269354 -0.1660738 0.6782505 7.237858 -0.1725066 1.090696 7.258409 -0.1693736 1.437896 7.269166 0.01965578 0.6758245 7.238249 0.03814949 1.088202 7.240699 0.02524378 1.436108 7.247262  A_Throw_Close
-0.08044516 -0.003535509 7.260593 -0.1476509 0.09257436 7.284534 -0.3015406 0.3890457 7.252463 -0.3627817 0.6902739 7.227594 -0.009352906 0.09134305 7.281466 0.2120611 0.332942 7.258798 0.2840343 0.6127142 7.150854 -0.07756726 0.2319578 7.270346 -0.1662165 0.6783606 7.238549 -0.1727223 1.090837 7.258431 -0.1696119 1.43803 7.26946 0.01951344 0.6759298 7.238592 0.03838076 1.088291 7.240952 0.02632506 1.436227 7.247509  A_Throw_Close
-0.08105074 -0.003317595 7.262288 -0.1481105 0.09292626 7.286358 -0.3004309 0.3902395 7.252936 -0.360269 0.6914595 7.224769 -0.009826405 0.0914619 7.282806 0.2086569 0.3346933 7.257014 0.2770684 0.6147907 7.147609 -0.07784973 0.2321665 7.271651 -0.1663875 0.6784876 7.239427 -0.17303 1.091005 7.258392 -0.1699686 1.438185 7.26984 0.01934304 0.6761253 7.239053 0.03907074 1.088448 7.241098 0.02898635 1.436458 7.247033  A_Throw_Close
-0.08120136 -0.003173232 7.26324 -0.1482201 0.09312546 7.287364 -0.2994476 0.3909751 7.253104 -0.3582678 0.6922087 7.223004 -0.009942217 0.09156227 7.283617 0.2065911 0.3358868 7.256246 0.2728326 0.616324 7.146375 -0.07788448 0.2323023 7.272416 -0.1664853 0.6785429 7.239924 -0.1732278 1.091085 7.25831 -0.1702028 1.438255 7.270035 0.01924594 0.6762871 7.239331 0.03974887 1.088574 7.241038 0.03141435 1.436643 7.246171  A_Throw_Close
-0.08113681 -0.003033519 7.263908 -0.1481636 0.09328032 7.288061 -0.2981034 0.3916987 7.253014 -0.3556125 0.6930062 7.22117 -0.009887261 0.09167409 7.284275 0.2048175 0.3370495 7.256057 0.2693197 0.6180323 7.146547 -0.07779066 0.2324291 7.273027 -0.1665578 0.6785779 7.240307 -0.1733826 1.091144 7.25812 -0.1703768 1.438306 7.270085 0.01917465 0.6764668 7.239589 0.0404308 1.088717 7.240756 0.03418465 1.436845 7.244767  A_Throw_Close
-0.08100437 -0.002881885 7.264537 -0.1480549 0.09343565 7.288719 -0.2965508 0.3924655 7.252856 -0.3525626 0.6938571 7.219193 -0.009779019 0.09180069 7.28493 0.2029746 0.3382951 7.256016 0.2657354 0.6199347 7.147183 -0.07765476 0.2325655 7.273637 -0.1666224 0.6786155 7.240683 -0.1735514 1.091206 7.257879 -0.1705781 1.43836 7.270098 0.01911141 0.6766638 7.23986 0.0411392 1.088875 7.240381 0.03725292 1.437048 7.243245  A_Throw_Close
-0.08078121 -0.00276351 7.264852 -0.1478799 0.09353113 7.289059 -0.2951604 0.3930469 7.252657 -0.3498497 0.6945364 7.217719 -0.009602113 0.09190941 7.285334 0.2016866 0.3392732 7.256282 0.2633662 0.6215799 7.148564 -0.07748596 0.2326684 7.274016 -0.1666396 0.6786476 7.240906 -0.1737015 1.091255 7.257635 -0.1707979 1.438403 7.270042 0.01909538 0.6768174 7.240067 0.0416015 1.089003 7.239964 0.03971555 1.437199 7.241962  A_Throw_Close
-0.08043538 -0.002618551 7.265172 -0.1476079 0.09363663 7.289411 -0.2934334 0.3937095 7.252398 -0.3465109 0.6953117 7.215978 -0.009327156 0.09204972 7.285781 0.20023 0.3404496 7.256721 0.2607753 0.6236185 7.150636 -0.07723807 0.2327931 7.274434 -0.1666363 0.678687 7.241136 -0.1738904 1.091313 7.257317 -0.1710971 1.438453 7.269957 0.01910015 0.6770061 7.240312 0.04210885 1.089163 7.239418 0.04267414 1.437367 7.240553  A_Throw_Close
-0.08003519 -0.00249815 7.265346 -0.1472922 0.09370673 7.289611 -0.2919554 0.394196 7.252163 -0.3436972 0.6958938 7.214629 -0.009008033 0.09217715 7.286087 0.1992033 0.3414088 7.257263 0.2590896 0.6253732 7.152945 -0.07696794 0.2328949 7.274714 -0.1665966 0.6787196 7.241263 -0.1740561 1.091358 7.257027 -0.171394 1.438492 7.269861 0.01914127 0.677164 7.240509 0.04244216 1.089302 7.23891 0.0450513 1.437499 7.239511  A_Throw_Close
-0.07947294 -0.002349734 7.265502 -0.1468469 0.09378421 7.289796 -0.2901347 0.3947397 7.251864 -0.3402587 0.696549 7.213055 -0.008558376 0.09234083 7.286413 0.1981013 0.3425436 7.258008 0.2574637 0.6275083 7.156147 -0.07659374 0.2330188 7.274997 -0.1665157 0.6787605 7.241359 -0.1742475 1.091411 7.256661 -0.1717638 1.438537 7.269752 0.01922383 0.6773574 7.240735 0.04276313 1.089478 7.238265 0.04781153 1.437648 7.238456  A_Throw_Close
-0.07896422 -0.002230883 7.265582 -0.1464427 0.09383917 7.289897 -0.2886703 0.3951327 7.251618 -0.3375155 0.6970281 7.21186 -0.008150382 0.09247756 7.286634 0.1973486 0.3434186 7.258671 0.2565207 0.6292013 7.159015 -0.0762587 0.2331165 7.275174 -0.1664243 0.6787935 7.241385 -0.1743912 1.091452 7.256361 -0.172065 1.43857 7.26967 0.01931651 0.6775117 7.240904 0.04294874 1.089622 7.23773 0.0498847 1.43776 7.237783  A_Throw_Close
-0.07841818 -0.002107263 7.265638 -0.1460048 0.09389496 7.289971 -0.2871807 0.3955051 7.25137 -0.334731 0.6974869 7.210708 -0.007708771 0.09262109 7.286838 0.1966899 0.3442665 7.259367 0.2560142 0.630897 7.162269 -0.07589541 0.2332172 7.275318 -0.1662856 0.6788392 7.241374 -0.1744889 1.091504 7.256045 -0.1723206 1.438614 7.269596 0.01945628 0.6776595 7.241055 0.04303666 1.089767 7.23715 0.0517859 1.437863 7.237243  A_Throw_Close
-0.07777064 -0.001966 7.265678 -0.1454817 0.09395707 7.290026 -0.2854948 0.3958976 7.251092 -0.3315859 0.6979746 7.209468 -0.00718133 0.09278679 7.287043 0.1960533 0.3451818 7.260176 0.2558925 0.6327764 7.166298 -0.0754609 0.2333312 7.275441 -0.1660816 0.6789019 7.24132 -0.1745493 1.091572 7.255677 -0.1725583 1.438672 7.26952 0.01966109 0.6778163 7.241207 0.04303511 1.089926 7.236455 0.05371257 1.437969 7.236785  A_Throw_Close
-0.07710187 -0.001809001 7.265743 -0.1449395 0.09403348 7.290083 -0.283769 0.3962775 7.25079 -0.3283404 0.6984495 7.20821 -0.006634636 0.09297228 7.287275 0.1955371 0.3460627 7.261088 0.2566167 0.6346701 7.171203 -0.07501094 0.233459 7.275548 -0.1658117 0.6789976 7.241224 -0.1745833 1.091673 7.255252 -0.1728008 1.438762 7.269391 0.01993133 0.677963 7.241323 0.04304125 1.090076 7.235613 0.05571862 1.438051 7.236366  A_Throw_Close
-0.0764982 -0.001666307 7.26581 -0.144449 0.09410441 7.290134 -0.2822198 0.3966035 7.25051 -0.3254183 0.6988548 7.207086 -0.006140156 0.09314203 7.287491 0.1951275 0.3468255 7.261935 0.2575776 0.6363184 7.175922 -0.07460384 0.2335753 7.275634 -0.1655439 0.6790932 7.24112 -0.1746005 1.091772 7.254849 -0.1730149 1.438851 7.269254 0.02019908 0.6780865 7.241409 0.04305239 1.0902 7.234804 0.05749174 1.438105 7.236067  A_Throw_Close
-0.07588385 -0.001519561 7.26584 -0.1439571 0.0941757 7.290114 -0.2808516 0.3968394 7.250158 -0.3228644 0.6991628 7.206078 -0.005643828 0.093328 7.287668 0.1949598 0.3474845 7.262803 0.259493 0.6377882 7.181172 -0.07420813 0.2336982 7.275648 -0.1653183 0.6791939 7.241001 -0.1745766 1.091877 7.254479 -0.1731207 1.438945 7.269165 0.0204245 0.6782258 7.241469 0.04308041 1.090335 7.233986 0.05924131 1.438161 7.23586  A_Throw_Close
-0.07532631 -0.001392603 7.265838 -0.1435107 0.09423411 7.290068 -0.2796677 0.3970251 7.249823 -0.3206731 0.6994081 7.205207 -0.005193813 0.09349108 7.287799 0.1948479 0.3480515 7.263563 0.2612623 0.6390174 7.185894 -0.07384984 0.2338042 7.275635 -0.1651268 0.6792769 7.240894 -0.1745524 1.091963 7.254169 -0.1732023 1.43902 7.269116 0.02061571 0.678353 7.241524 0.04309442 1.090458 7.233282 0.06070568 1.43821 7.235778  A_Throw_Close
-0.07468478 -0.00126183 7.265714 -0.1429999 0.09428549 7.289887 -0.2785784 0.3971306 7.249364 -0.3187451 0.6995747 7.204401 -0.004679127 0.09366846 7.287826 0.1949135 0.3485883 7.264337 0.2636271 0.6401711 7.191109 -0.07344531 0.2339147 7.275514 -0.1649775 0.6793483 7.240793 -0.1745221 1.092036 7.253947 -0.1732395 1.439078 7.269228 0.02076484 0.6785193 7.241602 0.04304226 1.090621 7.23267 0.06202658 1.438294 7.235902  A_Throw_Close
-0.07404612 -0.001126647 7.265576 -0.1424861 0.094347 7.289689 -0.2774922 0.3972312 7.248848 -0.3168285 0.6997392 7.20358 -0.004161937 0.09384406 7.287841 0.1950431 0.3490832 7.265156 0.266252 0.6412203 7.196675 -0.07302527 0.2340291 7.275375 -0.1647811 0.6794307 7.240699 -0.1744677 1.092119 7.253719 -0.1732714 1.439147 7.269337 0.02096065 0.6786864 7.241698 0.04297932 1.090785 7.232043 0.06324805 1.438378 7.236063  A_Throw_Close
-0.0735635 -0.001014233 7.265453 -0.1420909 0.09441185 7.289513 -0.2766689 0.3973045 7.248367 -0.3153836 0.6998673 7.202929 -0.003764255 0.09397888 7.287839 0.1952368 0.3494048 7.265851 0.2686708 0.6419136 7.201428 -0.07268314 0.2341251 7.275247 -0.1645639 0.6795125 7.240641 -0.1743927 1.092201 7.253536 -0.1732894 1.439218 7.269413 0.02117707 0.6788181 7.241798 0.0429131 1.090917 7.231544 0.06407262 1.43845 7.236193  A_Throw_Close
