0.007710533 0.04648197 10.80497 -0.06559919 0.13478 10.83975 -0.2009753 0.3573321 10.70943 0.008096354 0.1605715 10.59682 0.07259424 0.1410798 10.84013 0.2964558 0.387725 10.85027 0.2564494 0.2583421 10.57321 -0.002943737 0.2782933 10.84411 -0.116036 0.719675 10.86423 -0.176069 1.128138 10.8529 -0.2163983 1.470653 10.8945 0.06950237 0.7275754 10.86806 0.1470762 1.097419 10.70193 0.2039463 1.427325 10.60614  SA_HookPunch_Far
0.003759699 0.04589975 10.80678 -0.0690258 0.1344198 10.84201 -0.2047785 0.355454 10.7108 0.004166679 0.1575736 10.59993 0.06918342 0.1403445 10.84141 0.2953646 0.3850938 10.84711 0.2525717 0.2509273 10.57275 -0.005953116 0.2777697 10.84567 -0.1177013 0.7194943 10.86561 -0.1762999 1.128127 10.85294 -0.2154288 1.470862 10.89388 0.06787856 0.7269076 10.8682 0.1454947 1.097056 10.70276 0.2028192 1.42645 10.60549  SA_HookPunch_Far
5.443586E-05 0.04486144 10.80853 -0.07222717 0.1335882 10.84421 -0.208556 0.3530829 10.71222 0.0001794864 0.1541237 10.60289 0.06598802 0.1391697 10.84258 0.2943433 0.3819934 10.84372 0.2485486 0.2432417 10.57214 -0.008776469 0.2767879 10.84715 -0.1192694 0.7188281 10.86697 -0.1764235 1.127625 10.85308 -0.2143523 1.47059 10.89321 0.06634165 0.7257873 10.86825 0.1439936 1.096345 10.70375 0.2017164 1.425277 10.60516  SA_HookPunch_Far
-0.004805369 0.04297841 10.811 -0.07637481 0.13197 10.8475 -0.2146467 0.3488771 10.7147 -0.006747348 0.1482104 10.60692 0.06181987 0.1371558 10.84395 0.2932186 0.3768262 10.837 0.2415283 0.2314082 10.57001 -0.01249043 0.2749974 10.84915 -0.1213688 0.7174336 10.86911 -0.1760394 1.126521 10.85383 -0.2119493 1.469929 10.89198 0.0642636 0.7238219 10.86794 0.1419116 1.095584 10.70618 0.2000964 1.424014 10.60619  SA_HookPunch_Far
-0.01159338 0.03975534 10.81534 -0.08202599 0.1290338 10.85347 -0.2252302 0.341185 10.71984 -0.01949881 0.1375563 10.61345 0.05604495 0.1337682 10.84631 0.2912265 0.3683619 10.82522 0.2287944 0.2135575 10.56591 -0.01769285 0.2718673 10.8527 -0.1244528 0.7148167 10.8731 -0.1753031 1.124327 10.85606 -0.2080795 1.46848 10.89009 0.06111177 0.720479 10.86716 0.1387108 1.094053 10.7096 0.1974155 1.421371 10.60633  SA_HookPunch_Far
-0.01908086 0.03575027 10.82104 -0.08801804 0.1252333 10.86181 -0.2395405 0.3307737 10.72808 -0.03806047 0.1226047 10.62235 0.04967614 0.1295379 10.8492 0.2889164 0.3566996 10.80838 0.2103588 0.1917295 10.55995 -0.02342389 0.2678819 10.85737 -0.1279155 0.7113651 10.87852 -0.1744169 1.121313 10.85969 -0.2034804 1.466383 10.88719 0.05729492 0.7162861 10.86532 0.1351237 1.09301 10.71557 0.1942509 1.419162 10.6089  SA_HookPunch_Far
-0.023037 0.03349447 10.82444 -0.09104864 0.1230593 10.86693 -0.2480568 0.3245648 10.73377 -0.04948012 0.1135452 10.6282 0.04628505 0.1271501 10.8508 0.2867706 0.3501754 10.79784 0.1985086 0.1794436 10.55667 -0.02644674 0.265613 10.86016 -0.1297513 0.7093627 10.88186 -0.1739966 1.119516 10.86207 -0.2010782 1.465061 10.88529 0.05507656 0.713909 10.86398 0.1331826 1.092531 10.71925 0.1923146 1.417988 10.61048  SA_HookPunch_Far
-0.03020607 0.0290401 10.83168 -0.09596144 0.1187983 10.87846 -0.2672019 0.3111565 10.7499 -0.07642917 0.09351683 10.64338 0.04000189 0.1225231 10.85322 0.2800284 0.336761 10.77077 0.1688399 0.1515328 10.5507 -0.03183554 0.2611806 10.86598 -0.1328352 0.7053686 10.88984 -0.1732951 1.115833 10.86847 -0.1968876 1.462197 10.88069 0.05046101 0.7092882 10.86003 0.1287214 1.092283 10.72739 0.1860307 1.416173 10.61311  SA_HookPunch_Far
-0.03372274 0.02650869 10.83566 -0.09780626 0.1164509 10.88528 -0.2791189 0.3032924 10.76278 -0.09413986 0.08168113 10.65425 0.03677644 0.1200627 10.85347 0.2735526 0.3287911 10.75116 0.1483665 0.1330429 10.54839 -0.03440438 0.2587755 10.86901 -0.1341137 0.7031289 10.89531 -0.1731217 1.113684 10.87301 -0.1953436 1.460323 10.87762 0.04760708 0.7068001 10.85702 0.1257181 1.092331 10.73185 0.1804623 1.415426 10.61412  SA_HookPunch_Far
-0.03615139 0.02482557 10.8384 -0.09889512 0.1149025 10.89009 -0.2875225 0.2977223 10.77281 -0.1067731 0.07334352 10.66284 0.03444936 0.1184504 10.85343 0.2675477 0.3230934 10.73663 0.1331368 0.1198351 10.54763 -0.03618262 0.2571919 10.87107 -0.1349419 0.7016506 10.89929 -0.17295 1.112252 10.87613 -0.1943773 1.458971 10.87514 0.04535129 0.705154 10.85475 0.1238303 1.092327 10.735 0.1765256 1.41498 10.61514  SA_HookPunch_Far
-0.0386139 0.02290761 10.84117 -0.09939454 0.1131383 10.89557 -0.2979538 0.2909946 10.78718 -0.123424 0.06324971 10.67414 0.03193863 0.1167687 10.85226 0.2574699 0.3166778 10.71659 0.1131851 0.1031467 10.54721 -0.03793697 0.2554607 10.87303 -0.1356539 0.699957 10.90451 -0.1725501 1.110566 10.87974 -0.1932345 1.457238 10.87171 0.04232784 0.7034022 10.85148 0.1216059 1.092537 10.73882 0.1715142 1.415282 10.61802  SA_HookPunch_Far
-0.04059128 0.02159512 10.84337 -0.09964339 0.1119481 10.89996 -0.3059547 0.2857043 10.7995 -0.1364345 0.05529749 10.68425 0.02978023 0.1156446 10.85124 0.2478621 0.3116008 10.70053 0.09690972 0.09011579 10.54801 -0.03936068 0.2542958 10.87458 -0.1361309 0.6988208 10.90877 -0.1722845 1.109402 10.88248 -0.19266 1.455909 10.86865 0.03964641 0.7022162 10.84883 0.1201328 1.092647 10.74164 0.1677551 1.415513 10.62024  SA_HookPunch_Far
-0.04339771 0.01988792 10.84656 -0.09845041 0.1103411 10.90748 -0.3192243 0.2765481 10.82573 -0.1616036 0.04091597 10.70432 0.02635242 0.1144404 10.84794 0.2243972 0.3044715 10.66926 0.06540592 0.06821632 10.5509 -0.04111401 0.2528696 10.87684 -0.1361582 0.6972649 10.9174 -0.1721923 1.107549 10.88669 -0.1931261 1.453474 10.86277 0.03433992 0.7008871 10.84379 0.1171151 1.092827 10.74411 0.1614837 1.416745 10.62429  SA_HookPunch_Far
-0.04592554 0.0192219 10.84916 -0.09562473 0.1096743 10.91489 -0.3304844 0.268294 10.85863 -0.1884105 0.02739871 10.72866 0.02258088 0.1143705 10.84318 0.1915625 0.2994696 10.63651 0.03043379 0.04898036 10.55653 -0.04230032 0.2524763 10.87877 -0.1347803 0.6965925 10.92743 -0.1734837 1.106077 10.89003 -0.1973161 1.451029 10.85666 0.02832969 0.7007118 10.83867 0.1131188 1.093098 10.7425 0.1569912 1.419022 10.62806  SA_HookPunch_Far
-0.04767261 0.01992595 10.85069 -0.09152381 0.1102458 10.92077 -0.3362949 0.2631868 10.89305 -0.2104458 0.0190891 10.75274 0.01903404 0.115672 10.8378 0.1552985 0.2978052 10.60958 -0.002233787 0.0367738 10.5632 -0.04260741 0.2533858 10.88004 -0.131889 0.6971091 10.93718 -0.1765706 1.10522 10.8922 -0.2053324 1.449146 10.85267 0.02294953 0.7019356 10.83469 0.1074106 1.093831 10.73626 0.1537755 1.421783 10.62881  SA_HookPunch_Far
-0.04859541 0.02113605 10.85131 -0.08840327 0.11133 10.92397 -0.3372021 0.2614385 10.91585 -0.2226928 0.01568079 10.76888 0.01662208 0.1172725 10.83413 0.1301922 0.2979547 10.59505 -0.02240757 0.03129268 10.56842 -0.04253922 0.2547083 10.88061 -0.1293297 0.6981425 10.9433 -0.1793314 1.105066 10.89342 -0.2120107 1.448315 10.85116 0.01964511 0.7034875 10.83248 0.1027705 1.094826 10.73076 0.1517615 1.423908 10.62803  SA_HookPunch_Far
-0.04936806 0.02506256 10.85076 -0.08072601 0.1147683 10.92816 -0.3291001 0.2651069 10.96038 -0.2410512 0.0196507 10.79574 0.01203002 0.1220193 10.82578 0.07906528 0.3030322 10.57377 -0.06286316 0.02927637 10.57806 -0.04138009 0.2587442 10.88058 -0.122636 0.7014277 10.95448 -0.1866422 1.104969 10.89421 -0.2269087 1.447306 10.85111 0.01419421 0.7080936 10.82904 0.09044082 1.098098 10.7173 0.1469703 1.429345 10.62604  SA_HookPunch_Far
-0.0495225 0.02835894 10.84935 -0.07570605 0.1176524 10.92927 -0.3184897 0.2718601 10.98512 -0.2499277 0.02940965 10.80729 0.009132938 0.1258154 10.8203 0.04937037 0.3087146 10.56583 -0.08487855 0.03161323 10.58305 -0.04045753 0.2620358 10.87975 -0.11822 0.7042061 10.96007 -0.1914783 1.105192 10.8936 -0.2353442 1.447191 10.85133 0.01127501 0.7117423 10.82712 0.08253987 1.101126 10.71005 0.1450711 1.433344 10.62657  SA_HookPunch_Far
-0.04981331 0.035779 10.84591 -0.06714641 0.1243137 10.92924 -0.2938503 0.2878978 11.02318 -0.2642565 0.0544045 10.8239 0.003717022 0.1340894 10.81084 0.001426237 0.3214473 10.55956 -0.118226 0.03895199 10.59093 -0.0389428 0.2693995 10.87733 -0.1103483 0.7106687 10.96778 -0.2003422 1.106609 10.89224 -0.2491227 1.448254 10.85258 0.006541329 0.7196764 10.82371 0.06947549 1.108178 10.69917 0.1439688 1.440841 10.62822  SA_HookPunch_Far
-0.05014722 0.0430429 10.84246 -0.06069199 0.1309619 10.9277 -0.2695163 0.3038156 11.04856 -0.2749054 0.08141208 10.83498 -0.0008350443 0.142014 10.80347 -0.03251598 0.333822 10.56012 -0.1411471 0.04740882 10.59578 -0.03790651 0.2765868 10.87464 -0.1041452 0.7171471 10.97225 -0.2076193 1.10864 10.891 -0.2590452 1.450212 10.85415 0.003036635 0.7272657 10.82088 0.06008532 1.115216 10.69187 0.1450943 1.447132 10.6298  SA_HookPunch_Far
-0.05032663 0.05010319 10.83864 -0.05523555 0.1375064 10.92491 -0.2447052 0.3202956 11.06934 -0.2868559 0.115012 10.84309 -0.004618509 0.1496521 10.79674 -0.0577266 0.3466223 10.56434 -0.1594182 0.05739236 10.59764 -0.03699611 0.2835805 10.87134 -0.0988162 0.7235309 10.97452 -0.2140981 1.110862 10.88931 -0.2665334 1.45263 10.85586 0.0001825262 0.7345758 10.81774 0.05259665 1.122008 10.68525 0.1472495 1.45258 10.63038  SA_HookPunch_Far
-0.05052004 0.05968964 10.83361 -0.04862348 0.1464951 10.92053 -0.2096184 0.3421826 11.09074 -0.3007643 0.1635461 10.85646 -0.009284718 0.1599153 10.78858 -0.08548276 0.3632852 10.57284 -0.181343 0.07147074 10.6004 -0.03585617 0.2930775 10.86676 -0.09213929 0.7323058 10.9761 -0.2225389 1.11397 10.8872 -0.2754187 1.456079 10.85824 -0.003229721 0.7444196 10.81347 0.04300733 1.13112 10.67662 0.1500475 1.459201 10.63022  SA_HookPunch_Far
-0.0502945 0.07043087 10.82749 -0.04177837 0.1566393 10.91446 -0.1693228 0.3624269 11.11055 -0.3129099 0.2244138 10.87509 -0.01355354 0.1713256 10.77983 -0.1086529 0.3815533 10.58457 -0.2028696 0.08847845 10.60287 -0.03443806 0.303707 10.861 -0.08539842 0.7421705 10.97599 -0.2316304 1.11753 10.88491 -0.283687 1.460177 10.86131 -0.006598635 0.7553895 10.80831 0.03247418 1.141318 10.66711 0.1524171 1.466057 10.62961  SA_HookPunch_Far
-0.04920058 0.07948995 10.82211 -0.0362427 0.165345 10.90889 -0.1346333 0.3781011 11.1231 -0.3219542 0.2837057 10.89703 -0.01554434 0.1807195 10.77297 -0.1204558 0.3969109 10.59562 -0.2174862 0.1043106 10.60425 -0.03270213 0.3126591 10.85572 -0.08050202 0.7506826 10.97374 -0.239247 1.120764 10.88201 -0.2896752 1.463966 10.86348 -0.008460445 0.7645274 10.80309 0.02412977 1.149965 10.65894 0.1540725 1.471627 10.629  SA_HookPunch_Far
-0.04747305 0.08859813 10.81662 -0.03074263 0.1742212 10.90313 -0.09929959 0.3918821 11.13168 -0.3243291 0.3459872 10.92586 -0.01653944 0.1900071 10.76644 -0.1271042 0.4117063 10.60612 -0.2294583 0.1207976 10.60571 -0.03061501 0.3216643 10.85021 -0.07616238 0.7593813 10.97019 -0.2471734 1.124043 10.87881 -0.295715 1.467766 10.86568 -0.009808881 0.7736599 10.79729 0.01611026 1.158755 10.65089 0.1555968 1.477011 10.62843  SA_HookPunch_Far
-0.04491858 0.09813547 10.81056 -0.02495961 0.1836469 10.89683 -0.06184868 0.4039577 11.13715 -0.3172954 0.414566 10.96469 -0.01638786 0.1995416 10.75968 -0.1286173 0.4267297 10.61606 -0.2390396 0.1389372 10.60674 -0.02802788 0.3310897 10.844 -0.07239024 0.7686357 10.96492 -0.2555058 1.127744 10.875 -0.3012188 1.47204 10.86832 -0.01072649 0.7831538 10.79031 0.007951038 1.168067 10.64233 0.1571219 1.482371 10.62788  SA_HookPunch_Far
-0.02892665 0.1209134 10.7948 -0.008863492 0.2068839 10.88222 0.02220304 0.4261426 11.13443 -0.2531318 0.5612819 11.10225 -0.0007716249 0.2210381 10.74484 -0.08941416 0.4551836 10.5996 -0.2259352 0.1791669 10.58283 -0.01563845 0.3534392 10.8273 -0.07005481 0.7915193 10.94104 -0.2720513 1.141308 10.8549 -0.3074592 1.486476 10.87161 -0.005073709 0.8051768 10.76756 -0.003283722 1.189863 10.61784 0.162218 1.496079 10.62724  SA_HookPunch_Far
-0.00781147 0.1329284 10.78582 0.001905994 0.2192948 10.87494 0.05969026 0.4293936 11.12443 -0.1738804 0.6144693 11.2038 0.02717288 0.2317629 10.7395 -0.01820282 0.4526055 10.53588 -0.1671069 0.1826186 10.52963 -0.001055164 0.3648793 10.81717 -0.07648675 0.8034467 10.91516 -0.2736469 1.155356 10.82649 -0.3015989 1.499195 10.86733 0.010049 0.8159671 10.75128 -0.001527233 1.197916 10.59513 0.1611974 1.504137 10.6267  SA_HookPunch_Far
0.005232947 0.1357276 10.78037 0.005925613 0.2219486 10.86946 0.06513663 0.4229684 11.11846 -0.136782 0.6228073 11.23847 0.0453346 0.2345364 10.73745 0.03925135 0.4366449 10.49478 -0.1180923 0.171432 10.49787 0.007281559 0.367393 10.81128 -0.08190499 0.805343 10.89933 -0.2699113 1.162337 10.8111 -0.2949096 1.504248 10.86719 0.02100231 0.818543 10.74526 0.002513783 1.197371 10.58231 0.1577259 1.506325 10.6236  SA_HookPunch_Far
0.01519467 0.1357846 10.7753 0.007974165 0.2216614 10.86351 0.06154521 0.4147096 11.1139 -0.1196363 0.6220968 11.25272 0.05923786 0.2350481 10.73572 0.09229805 0.4176681 10.46879 -0.07524447 0.1588955 10.47719 0.01327218 0.3673005 10.80605 -0.0864834 0.8042262 10.88678 -0.2662866 1.166042 10.80114 -0.2893252 1.505977 10.86887 0.02957817 0.8188711 10.7425 0.008249836 1.194615 10.5729 0.1567043 1.506202 10.61898  SA_HookPunch_Far
0.03180261 0.1312922 10.7633 0.009824412 0.2160636 10.848 0.03944464 0.3960551 11.10418 -0.1224207 0.6102232 11.25597 0.08203991 0.2321475 10.73111 0.1993493 0.3796964 10.45119 0.005104618 0.1401886 10.44812 0.0226052 0.3626503 10.79425 -0.09424327 0.7969764 10.8635 -0.2592279 1.168282 10.78943 -0.2848499 1.504262 10.8739 0.04372754 0.8155949 10.74054 0.02363499 1.186962 10.56141 0.1555942 1.50526 10.61163  SA_HookPunch_Far
0.04006179 0.1261582 10.7549 0.009583073 0.2100753 10.83644 0.01836832 0.3840829 11.09573 -0.1425043 0.5977381 11.24928 0.09358479 0.2280563 10.72801 0.2609032 0.3598182 10.46125 0.05164905 0.1346781 10.43617 0.02695419 0.3574092 10.78613 -0.09824292 0.7901999 10.84881 -0.2525381 1.168095 10.78586 -0.2819808 1.501971 10.87715 0.05104013 0.8112406 10.74031 0.03465929 1.1812 10.55792 0.1545616 1.504314 10.60761  SA_HookPunch_Far
0.04751899 0.1200354 10.7466 0.009411709 0.2030914 10.82441 -0.00379966 0.3721449 11.08512 -0.1676931 0.5837545 11.23831 0.1037746 0.2228882 10.72521 0.3149774 0.3417014 10.48153 0.0957004 0.131458 10.42843 0.03092493 0.3511623 10.77801 -0.1012376 0.7825593 10.83431 -0.2463916 1.16597 10.78429 -0.281125 1.497869 10.88078 0.05737783 0.8057739 10.74048 0.04566194 1.174774 10.5558 0.1537514 1.502394 10.60302  SA_HookPunch_Far
0.05615874 0.1095532 10.73411 0.007904427 0.1913798 10.80528 -0.04234634 0.354373 11.06448 -0.218151 0.5598458 11.21274 0.1159035 0.2135643 10.72173 0.3751641 0.3247511 10.52553 0.154899 0.1331127 10.42622 0.03540744 0.3405036 10.76596 -0.1039237 0.7705902 10.81293 -0.2335186 1.161562 10.78259 -0.2772471 1.491088 10.88346 0.06576367 0.7958721 10.74174 0.06294735 1.165159 10.55728 0.1538453 1.498657 10.59929  SA_HookPunch_Far
0.06344242 0.100094 10.72311 0.007310705 0.1809349 10.7873 -0.07732861 0.3391945 11.0403 -0.2666393 0.538066 11.18072 0.1254487 0.2048994 10.71943 0.4151612 0.3131583 10.57298 0.2044435 0.1371378 10.43256 0.03943141 0.3308703 10.75523 -0.104496 0.7601858 10.79369 -0.2223795 1.155876 10.78333 -0.2749164 1.48342 10.88643 0.07241632 0.7865826 10.74363 0.07803877 1.155941 10.55938 0.1544206 1.493975 10.59325  SA_HookPunch_Far
0.06937166 0.08913612 10.70929 0.005290287 0.1692079 10.76412 -0.1241826 0.3211973 11.00313 -0.3353064 0.5120653 11.12189 0.1330684 0.1942025 10.71737 0.4387004 0.3097491 10.63244 0.2540811 0.1430429 10.45016 0.04288604 0.319782 10.74279 -0.1021765 0.7494709 10.77313 -0.2031204 1.149755 10.7857 -0.2640306 1.476327 10.88726 0.08021565 0.7751131 10.74911 0.09577574 1.144192 10.56487 0.15526 1.486677 10.58521  SA_HookPunch_Far
0.07416506 0.08067846 10.69779 0.005033391 0.160428 10.7443 -0.1593839 0.3079572 10.96559 -0.386651 0.4930348 11.06153 0.1380465 0.1855737 10.71579 0.4458109 0.3073397 10.68124 0.2887682 0.1462655 10.4703 0.04590483 0.3111951 10.73248 -0.09880243 0.7415145 10.75674 -0.189356 1.143086 10.79012 -0.2548507 1.469478 10.88938 0.08534212 0.7657155 10.75416 0.1099984 1.13485 10.57103 0.1587063 1.47954 10.57907  SA_HookPunch_Far
0.08050992 0.06682765 10.67416 0.005787211 0.1476629 10.70539 -0.2215779 0.2846426 10.88108 -0.4752479 0.4583342 10.90538 0.1423064 0.1692239 10.7113 0.4289592 0.3083488 10.76039 0.3364912 0.1507152 10.51199 0.05187579 0.2971529 10.71372 -0.08613579 0.7302198 10.73348 -0.1639514 1.130033 10.80181 -0.2308246 1.456212 10.90085 0.09538414 0.7481762 10.76855 0.1341439 1.118052 10.5894 0.1661982 1.464404 10.57326  SA_HookPunch_Far
0.0854279 0.05923903 10.65845 0.009507852 0.1415347 10.68005 -0.2525823 0.2731031 10.81499 -0.5096183 0.4402968 10.78203 0.1439213 0.1590724 10.70767 0.4047625 0.308042 10.80342 0.3584331 0.1514881 10.54179 0.0568768 0.2892295 10.70204 -0.07588135 0.724156 10.72129 -0.1523887 1.119801 10.81177 -0.2181518 1.445629 10.91269 0.1001941 0.7368246 10.77907 0.1484256 1.107002 10.60287 0.1749746 1.452512 10.56873  SA_HookPunch_Far
0.09495302 0.04925048 10.63317 0.02042498 0.13525 10.64297 -0.2874741 0.2563131 10.69162 -0.5175159 0.3979295 10.54284 0.1462952 0.1426919 10.69988 0.3597818 0.3125154 10.8477 0.3777767 0.1566228 10.58222 0.06844302 0.2779707 10.68616 -0.05487494 0.7154504 10.71152 -0.1425471 1.102592 10.82558 -0.2104947 1.427234 10.92885 0.1095496 0.7183601 10.79788 0.1674423 1.09268 10.63375 0.1912318 1.434552 10.57207  SA_HookPunch_Far
0.1069968 0.04133999 10.61367 0.0349374 0.1303278 10.61744 -0.2868972 0.240963 10.54729 -0.4281555 0.3293231 10.28778 0.1502662 0.1275902 10.69379 0.3233335 0.3180525 10.86769 0.3788057 0.1609393 10.60819 0.08168562 0.2674642 10.67702 -0.03555356 0.7059511 10.71048 -0.1314621 1.091148 10.82449 -0.2096123 1.412347 10.93125 0.1183541 0.7010977 10.81435 0.1797498 1.080579 10.66393 0.2074272 1.416957 10.5783  SA_HookPunch_Far
0.1128928 0.03863907 10.60562 0.04172142 0.1286961 10.60773 -0.2665506 0.2320189 10.47444 -0.3423544 0.2881678 10.18083 0.1518922 0.1213166 10.69107 0.3085766 0.3207324 10.87196 0.3749532 0.1631678 10.6153 0.08748789 0.2631143 10.6739 -0.02760617 0.7017737 10.7111 -0.1256977 1.08761 10.82103 -0.209476 1.407243 10.92822 0.1219341 0.6938214 10.82099 0.1836538 1.075926 10.6775 0.2151724 1.40931 10.58206  SA_HookPunch_Far
0.1177578 0.03592432 10.59978 0.04580446 0.1259009 10.60228 -0.227161 0.2283032 10.40103 -0.2251158 0.2588502 10.09416 0.1531371 0.1153406 10.68891 0.3034775 0.3176627 10.87291 0.3665878 0.1663888 10.61169 0.09146436 0.258409 10.67226 -0.02176748 0.6972041 10.71238 -0.1200223 1.084587 10.81658 -0.2064839 1.404387 10.9211 0.1263403 0.6875498 10.82406 0.1876565 1.072846 10.68919 0.222797 1.404572 10.58934  SA_HookPunch_Far
0.1212604 0.03591597 10.59572 0.04843511 0.1256348 10.5982 -0.1830641 0.212709 10.34664 -0.1153421 0.2186784 10.04583 0.153518 0.1130277 10.68729 0.3015503 0.3151783 10.87339 0.3589805 0.1694969 10.60772 0.09367062 0.2568861 10.67078 -0.01825402 0.6958532 10.71228 -0.1164896 1.084523 10.81158 -0.2046631 1.404803 10.91317 0.1286677 0.685055 10.82541 0.1901997 1.072162 10.69593 0.2285099 1.40278 10.5936  SA_HookPunch_Far
0.1233224 0.03669429 10.59081 0.04905244 0.1257986 10.5928 -0.1154726 0.2047967 10.29913 0.0305353 0.2000755 10.02753 0.1517146 0.1117481 10.68445 0.3057896 0.304484 10.87332 0.3477499 0.1699305 10.59903 0.09332056 0.2561568 10.66755 -0.01626395 0.695779 10.70922 -0.1131852 1.086062 10.80335 -0.201069 1.407819 10.90042 0.1290749 0.6834686 10.82423 0.1940677 1.071047 10.69788 0.2358043 1.401459 10.59623  SA_HookPunch_Far
0.1267817 0.03873944 10.58421 0.05358215 0.1278946 10.58355 -0.05582784 0.2054591 10.27493 0.1494724 0.1907532 10.04528 0.1509513 0.1126361 10.68063 0.3074468 0.2946655 10.87405 0.3396623 0.1631874 10.59695 0.09436555 0.2574916 10.66154 -0.01370995 0.697859 10.70109 -0.1097871 1.088532 10.79446 -0.1971699 1.410934 10.88983 0.1260956 0.6833776 10.82252 0.1950892 1.070012 10.69541 0.2373961 1.401106 10.59624  SA_HookPunch_Far
0.1294608 0.04050756 10.58032 0.05745037 0.1297984 10.57778 -0.02440451 0.2084683 10.26705 0.206327 0.1866519 10.06359 0.151049 0.1139541 10.67841 0.3074677 0.2900704 10.87474 0.3360325 0.1589243 10.59709 0.09559496 0.259024 10.6577 -0.01193075 0.6997977 10.69532 -0.1078059 1.090386 10.78925 -0.1950761 1.412873 10.88443 0.1236807 0.6840925 10.82127 0.1953793 1.069731 10.69264 0.2374961 1.401273 10.5949  SA_HookPunch_Far
0.1352555 0.04266262 10.57737 0.06567974 0.1321654 10.57213 -0.002172751 0.2181919 10.26182 0.2378665 0.1842171 10.07121 0.1538192 0.1161726 10.67754 0.3050971 0.2905456 10.87756 0.3386024 0.1538266 10.60317 0.0994574 0.2612555 10.6542 -0.009234233 0.7021513 10.68712 -0.1062746 1.091716 10.78406 -0.1950864 1.413109 10.88149 0.1195896 0.6859223 10.81995 0.1955971 1.069071 10.68644 0.2369429 1.400898 10.58934  SA_HookPunch_Far
0.1411251 0.04505992 10.57533 0.0737281 0.1346127 10.56773 0.01643892 0.2277223 10.25823 0.2606582 0.1824713 10.07543 0.1567825 0.118701 10.67721 0.3027989 0.2920884 10.88059 0.3418739 0.1504595 10.60945 0.1033628 0.2637116 10.65137 -0.006507142 0.7046738 10.67934 -0.1053964 1.093029 10.77922 -0.1964646 1.413073 10.87898 0.1158008 0.6882656 10.81817 0.1964011 1.068861 10.68013 0.2369684 1.401018 10.58383  SA_HookPunch_Far
0.1480535 0.04718637 10.57581 0.08197649 0.1364098 10.56616 0.02518185 0.237564 10.25626 0.2629596 0.1845336 10.06717 0.1611393 0.1213863 10.67861 0.300809 0.2967458 10.8853 0.3498128 0.1511909 10.61788 0.1079323 0.2660048 10.65026 -0.003854914 0.7068134 10.67172 -0.105822 1.093577 10.77464 -0.2008547 1.411533 10.87733 0.1127865 0.6913953 10.81545 0.1979594 1.069378 10.67305 0.2367019 1.402302 10.57867  SA_HookPunch_Far
0.1532106 0.04890823 10.57619 0.08816542 0.1378715 10.56508 0.03170248 0.2451292 10.25511 0.2641645 0.1867526 10.06104 0.1643323 0.1235058 10.67966 0.2991731 0.3003235 10.88871 0.3555029 0.1518593 10.62434 0.1113466 0.2678249 10.64943 -0.001703603 0.7084942 10.666 -0.1062998 1.093945 10.77118 -0.204586 1.410208 10.87602 0.110548 0.6938088 10.81326 0.1994259 1.06976 10.66778 0.2368744 1.403242 10.57485  SA_HookPunch_Far
0.1648724 0.05249429 10.58031 0.09952195 0.1402541 10.56664 0.03562417 0.255892 10.25365 0.2551514 0.1932662 10.04631 0.172488 0.1283853 10.68357 0.2976224 0.3100181 10.89826 0.3731211 0.1642343 10.63721 0.1190533 0.2717017 10.64959 0.003477948 0.7120386 10.65541 -0.1096554 1.094222 10.76363 -0.2176298 1.406249 10.87158 0.1099189 0.6999134 10.80715 0.205103 1.072067 10.656 0.2372771 1.407492 10.56824  SA_HookPunch_Far
0.1689842 0.05384731 10.58204 0.1030741 0.1411235 10.56772 0.03592553 0.2581298 10.25352 0.253747 0.1936709 10.04494 0.1757258 0.1301856 10.68494 0.297764 0.3142885 10.90063 0.3793124 0.1700919 10.64052 0.1220642 0.2731543 10.64987 0.005700069 0.7133763 10.65262 -0.1114232 1.094244 10.76123 -0.2235351 1.404658 10.86962 0.1114085 0.7021764 10.80494 0.2079713 1.073494 10.65262 0.2378684 1.40977 10.56734  SA_HookPunch_Far
0.17279 0.05491483 10.5837 0.1062827 0.1417264 10.56882 0.03603514 0.2597111 10.25357 0.252874 0.1936027 10.04449 0.1787884 0.1316603 10.6862 0.2979918 0.3181762 10.90262 0.3850053 0.175637 10.64336 0.1249073 0.2743045 10.65016 0.00783767 0.7144151 10.65019 -0.1131353 1.094006 10.75905 -0.229193 1.402868 10.86772 0.1131035 0.7040755 10.80288 0.210801 1.074704 10.6496 0.2385064 1.411777 10.56677  SA_HookPunch_Far
0.1770846 0.05584669 10.58548 0.109821 0.1421331 10.57029 0.03629662 0.2607707 10.25446 0.2542919 0.1920874 10.04741 0.1826247 0.1329633 10.68756 0.2990862 0.322839 10.90319 0.3906372 0.1805729 10.64535 0.1283608 0.2752638 10.65074 0.01015742 0.7151353 10.64854 -0.1152995 1.093355 10.7571 -0.2354406 1.400753 10.86548 0.1158549 0.7058113 10.801 0.2136156 1.07623 10.64726 0.2391237 1.414019 10.56666  SA_HookPunch_Far
0.1812278 0.05619228 10.58711 0.1131625 0.1419725 10.57191 0.03666123 0.2608445 10.25597 0.2577393 0.1891768 10.05325 0.1866604 0.1335893 10.68881 0.3008803 0.3272338 10.90226 0.395373 0.1838185 10.64612 0.1319018 0.275579 10.65153 0.01228871 0.7151219 10.64793 -0.1175892 1.09206 10.75575 -0.2413156 1.398295 10.86339 0.1192209 0.706817 10.79958 0.2159669 1.077532 10.64592 0.2396376 1.415854 10.56701  SA_HookPunch_Far
0.1845536 0.05592978 10.58855 0.1158443 0.1412672 10.57361 0.03666939 0.2603863 10.25817 0.2603832 0.1848191 10.0598 0.1902369 0.1335484 10.68999 0.3034686 0.3304302 10.90053 0.3988491 0.1850907 10.64581 0.1348609 0.2752507 10.65253 0.01368906 0.7143852 10.64817 -0.1192485 1.090491 10.75516 -0.2446939 1.396358 10.86185 0.1221338 0.7070702 10.79879 0.2168489 1.078512 10.64561 0.2394207 1.417058 10.56735  SA_HookPunch_Far
0.189825 0.05529964 10.591 0.1201048 0.1398873 10.57685 0.03625234 0.2594947 10.263 0.2640979 0.1755797 10.07286 0.1963766 0.13328 10.69207 0.3091007 0.3354903 10.89643 0.403936 0.1858203 10.64403 0.1397127 0.2744681 10.6546 0.01547618 0.7127469 10.64953 -0.1216549 1.087779 10.75498 -0.2482661 1.393856 10.85968 0.127003 0.7072447 10.79796 0.2168577 1.08049 10.64625 0.2382217 1.419129 10.56805  SA_HookPunch_Far
0.1937376 0.05427611 10.59375 0.1231554 0.1382083 10.58061 0.03314372 0.2594637 10.26972 0.2634971 0.1663221 10.08705 0.2018698 0.1329108 10.69425 0.3171907 0.3387927 10.89282 0.4080246 0.1863953 10.64057 0.1435024 0.2734611 10.65699 0.01591452 0.7107712 10.65166 -0.1229966 1.085472 10.75595 -0.2474386 1.393207 10.85836 0.1307593 0.707139 10.7976 0.2139767 1.083291 10.64931 0.2354078 1.421827 10.57069  SA_HookPunch_Far
0.1998304 0.05186939 10.60028 0.1272449 0.1344644 10.58946 0.02330567 0.2607967 10.28691 0.2570879 0.1481346 10.1203 0.2120688 0.1325188 10.69872 0.3370286 0.3443108 10.88636 0.4156304 0.1911874 10.63047 0.1493581 0.2713988 10.66226 0.01411976 0.7064662 10.65716 -0.1247111 1.081488 10.76041 -0.2415181 1.393686 10.8582 0.1365702 0.7069221 10.79683 0.2080709 1.087959 10.65505 0.2316741 1.42547 10.57273  SA_HookPunch_Far
0.2022323 0.05063033 10.60441 0.1280638 0.132316 10.59522 0.01688655 0.2632238 10.2993 0.2519083 0.1412038 10.14123 0.2171206 0.1327245 10.70108 0.3494605 0.3477846 10.88189 0.4195853 0.1968193 10.62228 0.151277 0.2703792 10.66551 0.01106723 0.7039638 10.66122 -0.1255349 1.07988 10.76419 -0.2367631 1.394933 10.85928 0.1384531 0.7069474 10.79637 0.2070654 1.088777 10.6553 0.2305174 1.426282 10.57291  SA_HookPunch_Far
0.2055379 0.04885924 10.61031 0.1288432 0.1290201 10.60403 0.008600073 0.2697686 10.32062 0.243815 0.1348324 10.17374 0.2243855 0.1331021 10.70399 0.3673865 0.3537043 10.87265 0.4244413 0.2059267 10.60805 0.1536046 0.2687738 10.67034 0.005749302 0.6999756 10.66811 -0.1267956 1.077666 10.76987 -0.2299352 1.396937 10.85989 0.1406381 0.7068385 10.79562 0.2058437 1.089862 10.65618 0.2286305 1.427819 10.57547  SA_HookPunch_Far
0.208039 0.04766297 10.61547 0.1291653 0.126389 10.61218 0.002673941 0.2737554 10.33996 0.2382785 0.129205 10.2032 0.2302902 0.1337504 10.70629 0.3816381 0.3595815 10.86246 0.4271754 0.2142837 10.59429 0.1551488 0.2675943 10.67485 0.0005970765 0.6965825 10.67507 -0.1280171 1.076225 10.7746 -0.2248879 1.398953 10.85907 0.1419337 0.7069293 10.79515 0.2044475 1.09082 10.65686 0.2262882 1.429302 10.57812  SA_HookPunch_Far
0.2099007 0.04669034 10.62026 0.1291345 0.1240412 10.6203 -0.001834078 0.2801062 10.36115 0.2320219 0.1259582 10.23209 0.2354723 0.1344703 10.70817 0.3939491 0.3652179 10.85091 0.4280395 0.2221919 10.57983 0.156265 0.2665613 10.6794 -0.004471166 0.6933793 10.68286 -0.1290651 1.075156 10.77929 -0.2206647 1.400949 10.85766 0.142914 0.7070296 10.79508 0.2026468 1.091575 10.65738 0.2235119 1.43043 10.57999  SA_HookPunch_Far
0.21019 0.04599774 10.62393 0.1283186 0.1224493 10.6267 -0.005567474 0.2858285 10.37858 0.2262068 0.1255761 10.25325 0.2383996 0.1349933 10.70953 0.4016361 0.3686529 10.84143 0.4270129 0.2273349 10.5685 0.1564122 0.2658707 10.6831 -0.008429093 0.6911653 10.68957 -0.1293938 1.074901 10.78278 -0.2175643 1.402695 10.85661 0.1433597 0.7071494 10.79543 0.2013474 1.092059 10.658 0.2214215 1.431302 10.58211  SA_HookPunch_Far
0.2101234 0.04547071 10.62777 0.1272598 0.1210419 10.63345 -0.008687777 0.2913201 10.39687 0.2200164 0.1237867 10.27549 0.2409803 0.1357055 10.71084 0.4087201 0.3721679 10.83114 0.4247414 0.2323892 10.55671 0.1562961 0.2653605 10.68702 -0.01243661 0.6891425 10.69688 -0.1297234 1.074905 10.78635 -0.2146523 1.404641 10.85516 0.1436539 0.7074497 10.79588 0.2001997 1.092589 10.6585 0.2197247 1.432195 10.58411  SA_HookPunch_Far
0.2081353 0.04492426 10.63318 0.1242116 0.119524 10.64299 -0.01384876 0.2983873 10.4226 0.2098462 0.1218696 10.30466 0.2425514 0.1367452 10.71253 0.4163698 0.376177 10.81635 0.4189043 0.2374625 10.54093 0.1547019 0.2649461 10.69262 -0.01802312 0.687067 10.70773 -0.1295811 1.075859 10.79122 -0.2099964 1.408118 10.85295 0.1435854 0.7081056 10.79685 0.1991 1.093198 10.65891 0.2182679 1.433341 10.58692  SA_HookPunch_Far
0.2051452 0.04470766 10.63712 0.1205923 0.1188053 10.65 -0.01850651 0.3035287 10.44191 0.2007446 0.1213034 10.3243 0.2420225 0.1375386 10.71357 0.4207929 0.3787053 10.80502 0.4128737 0.2396094 10.52989 0.152347 0.264914 10.69674 -0.02195106 0.6863028 10.71608 -0.1301747 1.076926 10.7953 -0.2080088 1.410712 10.85189 0.1433783 0.7088028 10.7977 0.1989983 1.093548 10.65884 0.2182799 1.434111 10.58889  SA_HookPunch_Far
0.202651 0.04477561 10.64019 0.1177084 0.1185294 10.65545 -0.02234582 0.30603 10.4556 0.1937029 0.1191036 10.33946 0.241297 0.1383346 10.71437 0.4235797 0.380694 10.79617 0.4076603 0.2410575 10.52166 0.1503878 0.265131 10.69996 -0.0247886 0.6860596 10.72259 -0.1308327 1.07794 10.79848 -0.2070612 1.412749 10.85108 0.1431538 0.7095596 10.79839 0.1990582 1.093918 10.65858 0.2185919 1.434765 10.59009  SA_HookPunch_Far
0.1938875 0.04533482 10.64748 0.1084484 0.1187675 10.66827 -0.03358988 0.3120649 10.48747 0.1749655 0.116214 10.37234 0.236458 0.1402617 10.71611 0.4275454 0.3844032 10.77525 0.3926915 0.2423476 10.50376 0.1437291 0.266265 10.70752 -0.03095852 0.6870378 10.73802 -0.1332353 1.080994 10.80811 -0.2071459 1.417315 10.85393 0.1423755 0.7119112 10.79997 0.1994715 1.094945 10.65705 0.219613 1.436657 10.59321  SA_HookPunch_Far
0.1727904 0.04728127 10.66253 0.08792783 0.1214467 10.69205 -0.05926792 0.319055 10.53704 0.142549 0.1155603 10.42317 0.2212972 0.1439267 10.72111 0.4261481 0.3881629 10.74611 0.3640362 0.244777 10.48024 0.1281086 0.2698815 10.72194 -0.04066299 0.6921622 10.76409 -0.1388244 1.088514 10.82609 -0.2112926 1.425877 10.8662 0.1393513 0.7176759 10.80211 0.1989246 1.097956 10.65298 0.2217187 1.440937 10.59737  SA_HookPunch_Far
0.1630208 0.0476625 10.66969 0.07867731 0.1223662 10.70248 -0.0718144 0.3196919 10.55545 0.1293198 0.1157645 10.44114 0.2134627 0.1449153 10.72397 0.423045 0.3887541 10.7372 0.3525904 0.2460272 10.47306 0.1206311 0.2710586 10.72839 -0.04505817 0.6941388 10.77453 -0.141094 1.0914 10.83399 -0.2122524 1.429363 10.87129 0.1367293 0.7196978 10.80284 0.1973704 1.099025 10.65172 0.2222519 1.442272 10.59871  SA_HookPunch_Far
0.1543835 0.04777157 10.67623 0.0705703 0.1229924 10.71172 -0.08305137 0.3195301 10.57077 0.1178302 0.1158129 10.45565 0.2062331 0.145491 10.72677 0.4195038 0.388932 10.73059 0.3428101 0.2468129 10.46787 0.1138914 0.2718542 10.73417 -0.04902921 0.6956508 10.78344 -0.1430185 1.093677 10.84102 -0.2128242 1.432252 10.8752 0.1338495 0.7211539 10.8036 0.1953589 1.099714 10.65091 0.2224505 1.443051 10.5996  SA_HookPunch_Far
0.1478137 0.04772675 10.68132 0.06441791 0.1233711 10.71868 -0.09180735 0.3189402 10.58155 0.1090176 0.115744 10.46541 0.2005324 0.1457504 10.72913 0.4163449 0.388919 10.72674 0.335829 0.2471839 10.46495 0.1086642 0.2723196 10.73861 -0.05218415 0.6966637 10.78992 -0.1443754 1.095266 10.84641 -0.2129528 1.434381 10.87759 0.13125 0.7220505 10.80437 0.1932518 1.100145 10.65073 0.2222226 1.443442 10.60018  SA_HookPunch_Far
0.1399388 0.04759777 10.68759 0.05710234 0.1237572 10.72705 -0.1021994 0.3181157 10.59409 0.0984806 0.1156079 10.4765 0.1935524 0.1459168 10.7323 0.4121221 0.3887187 10.72294 0.3275939 0.2471111 10.46235 0.102341 0.2727658 10.74409 -0.05604361 0.6977717 10.79755 -0.1458927 1.097025 10.85322 -0.2129317 1.436797 10.88031 0.1278122 0.7229424 10.80562 0.1899659 1.100567 10.65089 0.2212349 1.443703 10.60061  SA_HookPunch_Far
0.1331844 0.04742515 10.69309 0.05086394 0.1240325 10.73417 -0.1110934 0.3172928 10.6043 0.08938272 0.1154575 10.48522 0.1874515 0.1459355 10.73534 0.4081458 0.3884187 10.72064 0.3208089 0.2465791 10.46111 0.09686466 0.2730529 10.74892 -0.05947075 0.698625 10.80393 -0.1470358 1.098411 10.85941 -0.2126371 1.438761 10.88247 0.1245695 0.7235452 10.80704 0.1863408 1.100915 10.65155 0.2195421 1.443813 10.60088  SA_HookPunch_Far
0.1248359 0.04715216 10.70003 0.04321833 0.1243038 10.74295 -0.1220822 0.3162996 10.61667 0.07787766 0.1153642 10.49523 0.1798343 0.145797 10.73958 0.4025508 0.3879554 10.71873 0.3124261 0.2450212 10.46076 0.09008892 0.2732866 10.75512 -0.06375419 0.699564 10.81171 -0.147833 1.100054 10.86751 -0.2111618 1.441159 10.88513 0.1203489 0.7240981 10.80933 0.1804271 1.101388 10.65298 0.2155997 1.443861 10.60079  SA_HookPunch_Far
0.1183041 0.04689181 10.70555 0.03727664 0.1244642 10.74979 -0.1306794 0.3155364 10.62618 0.06867643 0.1153468 10.50254 0.1738351 0.1455775 10.74321 0.3977397 0.3875418 10.71788 0.3058867 0.2432271 10.46128 0.08478786 0.2733833 10.76011 -0.06714086 0.7002141 10.81772 -0.1480196 1.101282 10.87409 -0.2092003 1.442985 10.88711 0.1169177 0.7243978 10.81146 0.174856 1.101802 10.65458 0.2111917 1.443861 10.60052  SA_HookPunch_Far
0.1119658 0.04658687 10.71112 0.03151007 0.1245807 10.75645 -0.1388391 0.3149565 10.63523 0.05978217 0.1153921 10.50941 0.1679853 0.1452328 10.74721 0.3924328 0.3871764 10.71794 0.299749 0.2407871 10.46282 0.07966389 0.2733942 10.76519 -0.07034729 0.7008115 10.82345 -0.1489224 1.10256 10.87821 -0.2086174 1.444631 10.88812 0.11363 0.7245635 10.81398 0.1689819 1.102248 10.65683 0.206201 1.443834 10.60043  SA_HookPunch_Far
0.1054979 0.04623008 10.71697 0.02562542 0.1246655 10.76327 -0.1470293 0.3144846 10.64435 0.05071475 0.1154826 10.51627 0.1620006 0.1447754 10.75167 0.3865434 0.3868337 10.71869 0.2936567 0.237787 10.46519 0.0744554 0.2733368 10.77057 -0.07355396 0.7013876 10.82923 -0.1504643 1.10389 10.88072 -0.2091036 1.446199 10.88848 0.1103178 0.7246288 10.81688 0.1626436 1.102731 10.6597 0.200456 1.443777 10.60049  SA_HookPunch_Far
0.09542193 0.04552519 10.72619 0.01637788 0.1247157 10.7736 -0.1590065 0.3144366 10.65778 0.03751107 0.1161348 10.52677 0.1526156 0.1438384 10.75908 0.3758847 0.3867545 10.72159 0.2847099 0.2329227 10.47034 0.0663255 0.2730978 10.77896 -0.07841371 0.7022339 10.83757 -0.1535583 1.105899 10.8821 -0.2108095 1.448464 10.88883 0.1053093 0.72452 10.82174 0.153147 1.10345 10.66512 0.1913294 1.443654 10.60148  SA_HookPunch_Far
0.08667721 0.04480076 10.73432 0.008290963 0.1247029 10.78232 -0.1686179 0.3151333 10.66882 0.02699889 0.1173069 10.53575 0.1444263 0.1429195 10.76581 0.3656083 0.3870994 10.72548 0.2773425 0.2292521 10.47569 0.05919786 0.2728051 10.78619 -0.08272712 0.7029155 10.84412 -0.1565967 1.107477 10.88218 -0.212484 1.450254 10.88954 0.1008927 0.7243108 10.82602 0.1461362 1.103887 10.67021 0.1846416 1.443286 10.60258  SA_HookPunch_Far
0.08013077 0.04419255 10.7405 0.00219305 0.1246657 10.78867 -0.1751816 0.316274 10.67661 0.01991834 0.1187127 10.5424 0.1382702 0.1422141 10.771 0.3573203 0.3876704 10.72932 0.2720605 0.2272897 10.4801 0.05377432 0.2725581 10.7915 -0.08615206 0.7033943 10.84846 -0.1589284 1.108549 10.88204 -0.2134847 1.45151 10.89073 0.09742196 0.7241236 10.82916 0.1422925 1.104006 10.67398 0.1814785 1.442693 10.60325  SA_HookPunch_Far
0.07429959 0.04358518 10.74656 -0.003243906 0.1246032 10.79462 -0.1803078 0.3180503 10.6837 0.01432671 0.1206495 10.54858 0.1328066 0.1415894 10.77621 0.3496781 0.3884257 10.73414 0.2675283 0.2268099 10.48467 0.04887309 0.2723221 10.79655 -0.08951078 0.7037895 10.85196 -0.1613724 1.109412 10.88163 -0.2147172 1.452531 10.89153 0.09406693 0.7239709 10.83212 0.1398284 1.103909 10.67734 0.1798569 1.441836 10.60351  SA_HookPunch_Far
0.06866963 0.04299116 10.75268 -0.00849591 0.1245508 10.8005 -0.1848668 0.3201596 10.6906 0.009315209 0.1228667 10.55467 0.1275418 0.141009 10.78152 0.3421708 0.389277 10.73946 0.2632172 0.2269996 10.48939 0.04410716 0.2721061 10.80156 -0.0929033 0.7041677 10.85516 -0.163902 1.110199 10.88109 -0.2160474 1.453465 10.89216 0.09070112 0.723843 10.83506 0.1379154 1.103722 10.68057 0.1788888 1.440834 10.6036  SA_HookPunch_Far
0.06450857 0.04253292 10.75765 -0.01236133 0.1245303 10.80502 -0.1873192 0.3225145 10.69575 0.006388264 0.1252129 10.55916 0.1237291 0.1405777 10.78607 0.336797 0.3900361 10.74505 0.2600104 0.2287127 10.49369 0.04061081 0.2719562 10.80557 -0.0955625 0.7044693 10.85706 -0.1661211 1.11074 10.8803 -0.2174539 1.45408 10.89282 0.08813705 0.7237766 10.83749 0.1372056 1.103367 10.68287 0.179099 1.439777 10.60336  SA_HookPunch_Far
0.0593241 0.0420208 10.76394 -0.0171809 0.1245773 10.81062 -0.1900649 0.3256764 10.70207 0.003127949 0.1284232 10.56469 0.1190018 0.1400852 10.79189 0.3302756 0.3910062 10.75258 0.2561204 0.2313997 10.49934 0.03628089 0.2718275 10.81061 -0.09883986 0.704913 10.85927 -0.1690046 1.111428 10.87918 -0.2194083 1.454827 10.8937 0.08500375 0.7237365 10.84059 0.1364569 1.102896 10.68569 0.1795512 1.4384 10.60306  SA_HookPunch_Far
0.05601086 0.04173517 10.76813 -0.02027802 0.1246929 10.81415 -0.1912904 0.328084 10.70589 0.001811044 0.1310866 10.56801 0.1160273 0.1397828 10.79597 0.3265886 0.3916104 10.75875 0.2540475 0.2342465 10.50364 0.03357758 0.2717993 10.81395 -0.1008169 0.7053074 10.8603 -0.171166 1.111886 10.87817 -0.2212743 1.455248 10.89447 0.08317985 0.7237405 10.84278 0.136223 1.102489 10.68741 0.1801348 1.437417 10.6029  SA_HookPunch_Far
0.05169686 0.04145873 10.77356 -0.02435665 0.124963 10.81856 -0.1925138 0.3313574 10.71036 0.0008193423 0.1347771 10.5722 0.1121479 0.139446 10.80141 0.3221135 0.3923974 10.76763 0.2518272 0.2386419 10.50971 0.03008433 0.2718536 10.81824 -0.1032265 0.7059619 10.8614 -0.1738072 1.112609 10.8766 -0.2234866 1.455901 10.89548 0.0809948 0.723797 10.84572 0.1359325 1.101933 10.68952 0.1808301 1.436164 10.60279  SA_HookPunch_Far
0.0485995 0.04136276 10.77739 -0.02733312 0.1252892 10.8215 -0.1930131 0.3338437 10.71297 0.0008604695 0.1376396 10.57504 0.1093546 0.1392641 10.80542 0.3196494 0.3926172 10.77482 0.2508735 0.2422352 10.51451 0.02761062 0.2719927 10.82125 -0.1047533 0.7065951 10.8619 -0.1754694 1.113286 10.87519 -0.2248022 1.456504 10.89619 0.07965435 0.7238934 10.84789 0.1357767 1.1015 10.69083 0.1812993 1.435302 10.60279  SA_HookPunch_Far
0.04558345 0.0413878 10.78094 -0.03024672 0.1257255 10.82408 -0.193294 0.3362203 10.7148 0.001541095 0.1404105 10.57766 0.1066399 0.1391654 10.8093 0.3176156 0.3927199 10.78229 0.2505341 0.2459208 10.51951 0.02523305 0.2722273 10.82402 -0.1061001 0.7073398 10.86216 -0.1766993 1.114109 10.87354 -0.2255186 1.457262 10.8967 0.07849117 0.7240546 10.84999 0.1358011 1.101036 10.69186 0.1819442 1.434453 10.60269  SA_HookPunch_Far
0.04195424 0.04158747 10.785 -0.03376232 0.1264178 10.8269 -0.193414 0.3390656 10.71627 0.003022568 0.1437571 10.58072 0.1033724 0.1391749 10.81391 0.3154899 0.3927703 10.79177 0.2507302 0.250595 10.52589 0.02240534 0.2726568 10.82719 -0.1075641 0.7084083 10.86227 -0.1777549 1.115307 10.87129 -0.2258109 1.458375 10.89715 0.07723732 0.7243609 10.8525 0.1360233 1.100469 10.69284 0.1829298 1.433457 10.60247  SA_HookPunch_Far
0.0393724 0.04186165 10.78749 -0.03623227 0.1270119 10.82854 -0.1935602 0.3409181 10.71659 0.0043384 0.1459976 10.58262 0.1010732 0.1392672 10.81695 0.3141085 0.3927635 10.79841 0.2513258 0.2536045 10.53046 0.02044417 0.2730533 10.82918 -0.1084696 0.7092605 10.86226 -0.1781856 1.116275 10.86955 -0.2256344 1.459285 10.89725 0.07646258 0.7246426 10.85419 0.1365331 1.100049 10.69337 0.184082 1.432743 10.60225  SA_HookPunch_Far
0.03644891 0.04228413 10.79011 -0.03900979 0.1277795 10.83022 -0.1937404 0.3429749 10.71663 0.005949872 0.1485069 10.58467 0.0984735 0.1394618 10.82026 0.3125485 0.3927824 10.80587 0.2521913 0.2569094 10.53568 0.01824631 0.2735921 10.83131 -0.1094228 0.7103108 10.8622 -0.1785019 1.117465 10.86752 -0.2252621 1.460399 10.89725 0.07563694 0.7250364 10.85606 0.1372817 1.099605 10.69389 0.1856066 1.431967 10.60197  SA_HookPunch_Far
0.03374894 0.04275405 10.7923 -0.04155795 0.1285516 10.83158 -0.1939429 0.344834 10.71638 0.007354336 0.1506677 10.58643 0.09606762 0.139709 10.8231 0.3110398 0.3928086 10.81238 0.2530186 0.2595322 10.54039 0.01622732 0.2741514 10.8331 -0.1102455 0.7113346 10.86216 -0.1786797 1.118617 10.86569 -0.2248301 1.461477 10.89717 0.07491018 0.7254467 10.85771 0.1381359 1.09926 10.69441 0.1872481 1.43132 10.60182  SA_HookPunch_Far
0.02709814 0.04416966 10.79666 -0.04776989 0.1306459 10.83414 -0.1945904 0.3491689 10.7145 0.01041795 0.1552349 10.59012 0.09012379 0.1405202 10.82913 0.3071233 0.3928198 10.82678 0.2551797 0.2639784 10.55145 0.01129885 0.2757133 10.8368 -0.1120397 0.7140157 10.86214 -0.1786365 1.121617 10.86132 -0.2233667 1.464294 10.89661 0.07327981 0.7265728 10.86142 0.1409462 1.098612 10.69586 0.1922981 1.429952 10.60192  SA_HookPunch_Far
0.02225955 0.04506254 10.79897 -0.05222819 0.1320107 10.83553 -0.19544 0.3519804 10.71287 0.011153 0.1574135 10.59216 0.08578236 0.1409678 10.83235 0.304361 0.392186 10.83432 0.2560851 0.2643083 10.55788 0.007759051 0.2766879 10.83882 -0.1130838 0.7157926 10.86244 -0.1782447 1.123611 10.85883 -0.2219555 1.466211 10.89609 0.07231022 0.7271746 10.86346 0.1429044 1.098328 10.69713 0.1958236 1.429232 10.60253  SA_HookPunch_Far
0.01830466 0.04561555 10.80081 -0.05586253 0.1329435 10.83663 -0.1960933 0.3540627 10.71156 0.01171942 0.1589662 10.59384 0.08222075 0.1411532 10.83493 0.3020248 0.3914698 10.84041 0.2567434 0.2643151 10.56312 0.004866498 0.2772983 10.84043 -0.1139184 0.7170449 10.86269 -0.177873 1.125028 10.85683 -0.2207949 1.46755 10.89569 0.07151897 0.7274674 10.86512 0.1445033 1.097896 10.69821 0.1987062 1.428439 10.60307  SA_HookPunch_Far
0.01341458 0.04608715 10.80276 -0.06035874 0.1338662 10.83807 -0.1982697 0.355707 10.71054 0.01019921 0.1598481 10.59527 0.07778294 0.1411911 10.83739 0.2994511 0.3898576 10.84515 0.2567032 0.2618073 10.56788 0.001263158 0.2778343 10.84215 -0.1149033 0.7183468 10.86338 -0.1770746 1.126561 10.85497 -0.2187907 1.469082 10.89513 0.07058521 0.7276037 10.86652 0.1457425 1.097726 10.69989 0.201193 1.427968 10.60443  SA_HookPunch_Far
0.009289341 0.04638517 10.80436 -0.06414931 0.1345402 10.83929 -0.2002319 0.3568983 10.70974 0.00867887 0.1603879 10.59639 0.07403143 0.1411237 10.83938 0.297288 0.3883324 10.84886 0.2565289 0.2593211 10.57173 -0.001779301 0.27818 10.84358 -0.1157237 0.7193236 10.864 -0.1763504 1.127721 10.85347 -0.2170568 1.47024 10.89468 0.06980212 0.7275994 10.86764 0.1467073 1.097521 10.70136 0.2031827 1.427521 10.60566  SA_HookPunch_Far
