-0.05253534 0.07408905 5.584522 -0.1198014 0.1726139 5.591111 -0.3331397 0.4095793 5.656898 -0.3188202 0.6178765 5.42993 0.01844867 0.1680971 5.593056 0.2413782 0.3977767 5.660487 0.2266836 0.6078271 5.435171 -0.04571066 0.2997118 5.537284 -0.1226021 0.7163768 5.368493 -0.1432705 1.112082 5.252026 -0.1615023 1.456203 5.208178 0.06297894 0.7111923 5.374352 0.1266775 1.10212 5.258071 0.1781379 1.444861 5.224474  SA_DodgeSlap_Close
-0.05283807 0.07310426 5.583217 -0.1198752 0.1717478 5.589317 -0.334557 0.4092182 5.652032 -0.3158751 0.6169809 5.424891 0.01834031 0.1670088 5.592676 0.2408095 0.3963891 5.662857 0.2280875 0.6069698 5.437916 -0.0450391 0.2989665 5.536822 -0.1213074 0.7157369 5.368346 -0.1416697 1.112026 5.253825 -0.1596181 1.455977 5.208553 0.06423183 0.7111997 5.375839 0.1287002 1.101477 5.25781 0.179901 1.444185 5.223496  SA_DodgeSlap_Close
-0.05405156 0.07190156 5.581861 -0.1208284 0.170691 5.587289 -0.3365909 0.4087415 5.64705 -0.3137832 0.6156788 5.419532 0.01731511 0.1656492 5.5926 0.2393299 0.3944072 5.666496 0.2296141 0.6055095 5.441894 -0.04499368 0.2980038 5.536482 -0.1193121 0.7148619 5.367623 -0.1395656 1.112053 5.256252 -0.1573104 1.45579 5.209307 0.06610568 0.7107839 5.377879 0.1314969 1.100376 5.258106 0.1825148 1.442961 5.222319  SA_DodgeSlap_Close
-0.05628816 0.07051408 5.5804 -0.1227561 0.1694837 5.584929 -0.3393635 0.4082154 5.641767 -0.312535 0.6139585 5.413606 0.01524694 0.1640407 5.592853 0.2367467 0.3918017 5.671638 0.2312708 0.6034205 5.44738 -0.04563318 0.2968603 5.536267 -0.1164477 0.7137817 5.366273 -0.136911 1.112203 5.259428 -0.1544865 1.455663 5.210433 0.0687042 0.7099688 5.380618 0.1352678 1.098791 5.259006 0.1862622 1.441122 5.220831  SA_DodgeSlap_Close
-0.05915467 0.06929648 5.578844 -0.1254674 0.168295 5.581752 -0.3430159 0.4077444 5.634295 -0.3129382 0.6088403 5.402425 0.01224502 0.1627471 5.593658 0.2321608 0.3897195 5.679429 0.2329083 0.6010955 5.454876 -0.04690818 0.29581 5.535826 -0.1125058 0.7125649 5.363405 -0.1329459 1.113139 5.264931 -0.1496665 1.456353 5.213958 0.07205708 0.7090744 5.384042 0.1400706 1.09713 5.260793 0.1912882 1.439028 5.219192  SA_DodgeSlap_Close
-0.06215112 0.06799781 5.577212 -0.1283249 0.1669371 5.578022 -0.3470596 0.407173 5.624749 -0.3135255 0.6012315 5.387421 0.008885222 0.1614721 5.594779 0.226219 0.3878924 5.688813 0.2344789 0.5987152 5.463891 -0.04831265 0.2946557 5.535281 -0.1077514 0.7111546 5.360001 -0.1283627 1.114027 5.271437 -0.143212 1.456885 5.217569 0.07582279 0.7080719 5.388154 0.1457313 1.095199 5.263059 0.1974451 1.436488 5.21728  SA_DodgeSlap_Close
-0.06447034 0.06702805 5.576091 -0.1306466 0.165666 5.574199 -0.350893 0.4066409 5.61283 -0.3146499 0.5892466 5.366966 0.005800681 0.1608238 5.596469 0.2189281 0.3876454 5.699324 0.235577 0.5972809 5.473758 -0.04955111 0.2937279 5.534647 -0.1026966 0.7098616 5.356228 -0.1230713 1.114955 5.278387 -0.1336405 1.45727 5.22023 0.07944609 0.7072983 5.392547 0.1514692 1.093517 5.265854 0.2038874 1.434053 5.215497  SA_DodgeSlap_Close
-0.06737845 0.06603277 5.575654 -0.133451 0.164077 5.569481 -0.3562102 0.406222 5.592438 -0.3165564 0.566377 5.33189 0.001503663 0.1605166 5.599677 0.2069951 0.3888948 5.714344 0.2361137 0.5966051 5.488262 -0.05125419 0.2926341 5.534019 -0.09547661 0.7082916 5.351432 -0.1160181 1.115968 5.288562 -0.1159077 1.457257 5.223788 0.08404769 0.7062933 5.399062 0.159549 1.09115 5.270265 0.2134505 1.43045 5.21354  SA_DodgeSlap_Close
-0.07052247 0.06547129 5.576475 -0.136202 0.1625774 5.564697 -0.3613417 0.4058554 5.563469 -0.3171946 0.5298516 5.284572 -0.003657086 0.1610719 5.60428 0.1905987 0.3925858 5.731553 0.2351254 0.5977629 5.505667 -0.05323694 0.2917268 5.533425 -0.0870301 0.7068878 5.346409 -0.1087475 1.116802 5.300877 -0.08703278 1.456487 5.231476 0.08858575 0.705353 5.406893 0.168734 1.08855 5.275975 0.225026 1.426179 5.212052  SA_DodgeSlap_Close
-0.0751739 0.06619358 5.581069 -0.1398599 0.1625158 5.563781 -0.3653851 0.4061096 5.527236 -0.3104011 0.4837704 5.233888 -0.009816928 0.1628064 5.610961 0.1738638 0.3979099 5.745979 0.2328692 0.6006086 5.521177 -0.05599956 0.2915676 5.534561 -0.08051126 0.7062016 5.343855 -0.1028309 1.117148 5.309216 -0.05557708 1.455352 5.245509 0.0915509 0.704353 5.413803 0.1758774 1.08583 5.280507 0.2341333 1.422281 5.212282  SA_DodgeSlap_Close
-0.08456413 0.06849599 5.58852 -0.1467745 0.1639915 5.563415 -0.3633388 0.40337 5.465708 -0.2814501 0.4063233 5.168399 -0.02095888 0.1661373 5.620887 0.1486891 0.4052656 5.764751 0.2282604 0.6046196 5.543322 -0.0607398 0.2921525 5.536703 -0.07142626 0.7057127 5.341515 -0.0948271 1.117364 5.31764 -0.01741652 1.453235 5.274365 0.09535886 0.7032714 5.423235 0.185965 1.081751 5.285587 0.2470746 1.416887 5.213493  SA_DodgeSlap_Close
-0.09459434 0.0715214 5.595012 -0.15397 0.1666279 5.563916 -0.351899 0.3961116 5.411396 -0.2427948 0.3359288 5.129293 -0.03191606 0.1695679 5.628965 0.1280402 0.4108225 5.778162 0.2234703 0.607648 5.560775 -0.065369 0.2933896 5.538973 -0.064611 0.7058192 5.340962 -0.08784311 1.117712 5.321486 0.003994064 1.451792 5.296371 0.09812303 0.7027049 5.430458 0.1940698 1.078305 5.288604 0.2572385 1.412826 5.215438  SA_DodgeSlap_Close
-0.104364 0.0744518 5.598685 -0.1608931 0.1698108 5.563381 -0.3298614 0.384654 5.360586 -0.1902956 0.2763565 5.1078 -0.04224483 0.1721309 5.634476 0.1122035 0.4124377 5.789122 0.219051 0.6076213 5.5756 -0.06928407 0.2948912 5.540944 -0.05961601 0.7062614 5.341971 -0.08231096 1.118215 5.323154 0.004603164 1.453456 5.296076 0.1007841 0.7027357 5.435571 0.2008374 1.075405 5.288906 0.2648234 1.410128 5.217395  SA_DodgeSlap_Close
-0.1169883 0.07853293 5.60138 -0.1697075 0.1742133 5.561337 -0.2931359 0.3642596 5.307478 -0.1271432 0.2027159 5.103867 -0.05555515 0.1756642 5.639467 0.09230055 0.4145099 5.800552 0.2125504 0.6076524 5.592369 -0.07447855 0.2971407 5.542335 -0.05373327 0.7072845 5.343027 -0.07542197 1.119329 5.325047 0.004607098 1.456044 5.295178 0.1038171 0.7030676 5.441321 0.2094069 1.07204 5.28929 0.2744876 1.407053 5.220158  SA_DodgeSlap_Close
-0.1286734 0.08170342 5.597358 -0.1773794 0.1780967 5.553476 -0.241345 0.3387606 5.26135 -0.05239342 0.1427938 5.11643 -0.06888305 0.177901 5.6393 0.07172115 0.4133385 5.810014 0.2026538 0.6050014 5.606971 -0.07885192 0.2992092 5.540638 -0.04858766 0.708904 5.344114 -0.07078181 1.120937 5.326471 -0.005004926 1.460168 5.290846 0.1072701 0.7040561 5.445042 0.2170815 1.069919 5.288551 0.282147 1.405843 5.223978  SA_DodgeSlap_Close
-0.1390472 0.08466077 5.591159 -0.1838069 0.1816533 5.544026 -0.1891222 0.3126514 5.232574 0.00868954 0.09342694 5.143586 -0.08123462 0.1800547 5.636836 0.05152138 0.4125227 5.816442 0.1916856 0.6027166 5.618239 -0.08283024 0.301246 5.537541 -0.04392694 0.7108395 5.344745 -0.06641309 1.122888 5.327863 -0.01252137 1.463946 5.289798 0.1104162 0.7051349 5.44793 0.224092 1.0685 5.288408 0.2891541 1.4053 5.228571  SA_DodgeSlap_Close
-0.1457427 0.08611608 5.582978 -0.1871797 0.1834102 5.533237 -0.1436334 0.2924732 5.217445 0.0606692 0.06655443 5.169188 -0.09074877 0.1811268 5.6324 0.0327545 0.4119555 5.820069 0.1790356 0.6008088 5.625029 -0.08534251 0.3024477 5.533397 -0.04040216 0.71255 5.345213 -0.06370156 1.124583 5.329082 -0.01731871 1.466656 5.29024 0.1130477 0.7060198 5.449674 0.2285963 1.068227 5.28887 0.2931593 1.405908 5.233636  SA_DodgeSlap_Close
-0.150217 0.08702421 5.57595 -0.1889977 0.1844516 5.524292 -0.1091328 0.2772864 5.211444 0.09698148 0.04865611 5.192666 -0.0977004 0.1818558 5.628193 0.01785203 0.4118814 5.821584 0.1686412 0.5995777 5.628874 -0.08700298 0.3032318 5.52969 -0.03767906 0.7139182 5.345527 -0.06169055 1.125948 5.330379 -0.02071653 1.468738 5.291782 0.1150313 0.7066458 5.451018 0.2319508 1.068183 5.289698 0.2961188 1.406516 5.238114  SA_DodgeSlap_Close
-0.1519243 0.08701253 5.57 -0.1884074 0.1839564 5.516239 -0.08041154 0.2677761 5.210097 0.1329422 0.04509306 5.210028 -0.1026462 0.1823949 5.624774 0.002810257 0.4143493 5.821851 0.1566608 0.6003189 5.629888 -0.08767872 0.3034949 5.526488 -0.0352941 0.7149826 5.345869 -0.06029813 1.126983 5.331538 -0.02286444 1.470225 5.293365 0.1165809 0.7070373 5.45251 0.2343815 1.068206 5.291005 0.2982506 1.406926 5.241637  SA_DodgeSlap_Close
-0.1523189 0.08659983 5.563492 -0.1862081 0.1827219 5.507412 -0.05058942 0.2588904 5.21141 0.1716383 0.04590154 5.230336 -0.107094 0.1829113 5.620895 -0.01424895 0.4181347 5.820785 0.1431222 0.6020492 5.629699 -0.0877168 0.303563 5.522828 -0.03240923 0.7161742 5.346244 -0.05887411 1.12813 5.333333 -0.02517949 1.471891 5.296365 0.11816 0.7075461 5.454669 0.23683 1.068254 5.292771 0.3002355 1.407387 5.245695  SA_DodgeSlap_Close
-0.1504533 0.08579946 5.56044 -0.1828512 0.1809074 5.502769 -0.03521464 0.2563835 5.213292 0.1963652 0.05453849 5.240437 -0.1082951 0.1832417 5.619273 -0.02523623 0.4224186 5.819122 0.1342667 0.6049487 5.628476 -0.08678083 0.3033056 5.520931 -0.03026734 0.7168232 5.346466 -0.05807499 1.128728 5.334816 -0.02626644 1.472815 5.299226 0.1188832 0.7079495 5.456815 0.2380498 1.068084 5.294009 0.3011064 1.407388 5.247701  SA_DodgeSlap_Close
-0.1480848 0.0850246 5.558012 -0.1791988 0.1791748 5.499154 -0.02473043 0.2557831 5.214545 0.2152693 0.06519556 5.248954 -0.108656 0.183526 5.618074 -0.03463076 0.426235 5.817442 0.1268674 0.6082466 5.627984 -0.08557217 0.3031126 5.519506 -0.02784614 0.7173628 5.346529 -0.05659292 1.129233 5.335998 -0.02626757 1.473634 5.302195 0.1192145 0.7086553 5.459662 0.2397499 1.067288 5.294563 0.3027121 1.406628 5.248394  SA_DodgeSlap_Close
-0.1453203 0.08427942 5.556045 -0.1753142 0.1775094 5.496286 -0.01761286 0.2564771 5.215174 0.2300827 0.07736015 5.256058 -0.1083891 0.183789 5.617195 -0.04285924 0.4297203 5.815728 0.1204412 0.6118553 5.62794 -0.0841478 0.3029683 5.518412 -0.02523808 0.7178435 5.3465 -0.05468963 1.12969 5.337041 -0.02563177 1.474399 5.305336 0.1192267 0.7095797 5.462962 0.2418351 1.066011 5.294654 0.3049515 1.405286 5.248214  SA_DodgeSlap_Close
-0.1441097 0.08408535 5.554234 -0.1735346 0.1771851 5.494427 -0.01510285 0.2569748 5.214322 0.2342625 0.08134329 5.259906 -0.1081712 0.1837655 5.616171 -0.04602359 0.4299396 5.815508 0.1179807 0.6131483 5.629385 -0.08339213 0.3031598 5.517782 -0.02353541 0.7181484 5.346346 -0.0526186 1.130024 5.337014 -0.02529882 1.475012 5.30683 0.1189471 0.7106585 5.465275 0.2437229 1.064741 5.293636 0.3069423 1.404002 5.24723  SA_DodgeSlap_Close
-0.1423285 0.08383071 5.551339 -0.1710005 0.1768525 5.491587 -0.01137952 0.2575486 5.212884 0.2395883 0.08612692 5.265203 -0.107779 0.1836408 5.614445 -0.05016295 0.4297521 5.815273 0.1145101 0.6146961 5.631472 -0.08230089 0.3034925 5.516794 -0.02120738 0.7186639 5.346189 -0.04969094 1.130587 5.33709 -0.02537493 1.476002 5.309326 0.1184107 0.7123417 5.468534 0.2465702 1.06283 5.292078 0.3100209 1.402077 5.245892  SA_DodgeSlap_Close
-0.1411349 0.08373988 5.547912 -0.1693739 0.1771419 5.488594 -0.007685943 0.257368 5.211052 0.2416412 0.0853529 5.268969 -0.107501 0.1832087 5.612175 -0.05223934 0.4276462 5.815868 0.1119396 0.6146907 5.633758 -0.08158688 0.3040025 5.515807 -0.01971178 0.7192712 5.346251 -0.04719977 1.131259 5.337019 -0.02712647 1.477147 5.311868 0.117685 0.7141939 5.471143 0.2491899 1.061167 5.290257 0.3128403 1.40046 5.244689  SA_DodgeSlap_Close
-0.1401362 0.08367825 5.545487 -0.1681893 0.1773686 5.486461 -0.004546685 0.257049 5.209999 0.2431539 0.08388853 5.271378 -0.1072014 0.1828859 5.610507 -0.05359338 0.4259679 5.816418 0.1099848 0.6146225 5.635432 -0.08108614 0.3043891 5.51509 -0.01896898 0.7197647 5.346351 -0.04568885 1.131797 5.336847 -0.02895252 1.477992 5.313549 0.117124 0.7155277 5.472692 0.2508741 1.060133 5.288949 0.3145539 1.399527 5.244177  SA_DodgeSlap_Close
-0.1391129 0.08362377 5.543351 -0.1671089 0.1775879 5.484569 -0.0013061 0.2565551 5.209275 0.244522 0.08167267 5.273245 -0.1068368 0.1825823 5.608986 -0.05466704 0.4243052 5.817037 0.1081526 0.6144971 5.636978 -0.08063839 0.3047526 5.514448 -0.01859937 0.7202563 5.346491 -0.04457824 1.132326 5.336567 -0.03107826 1.47877 5.31493 0.1166046 0.7167303 5.473805 0.252166 1.059378 5.287744 0.3157308 1.398925 5.243983  SA_DodgeSlap_Close
-0.1374723 0.08352828 5.541281 -0.1656104 0.1776927 5.482699 0.002758997 0.2560389 5.209064 0.246818 0.07958508 5.275448 -0.1060551 0.182313 5.607475 -0.05584637 0.422776 5.817711 0.1060189 0.6147954 5.638734 -0.08000223 0.3051548 5.513771 -0.01859037 0.7208572 5.346552 -0.04370705 1.13296 5.335833 -0.03454487 1.479672 5.316321 0.1159197 0.7180984 5.474618 0.2531635 1.058976 5.286549 0.3163445 1.398815 5.244535  SA_DodgeSlap_Close
-0.1359597 0.08348107 5.540386 -0.1644176 0.1776718 5.481879 0.005815463 0.2558358 5.209697 0.2491985 0.07899415 5.277515 -0.1052098 0.1822523 5.606822 -0.05655251 0.4222199 5.818188 0.1047346 0.6154065 5.639947 -0.07950942 0.3054645 5.513507 -0.01904867 0.7213091 5.34651 -0.04344652 1.133429 5.334831 -0.03768561 1.480297 5.316842 0.1153348 0.7190479 5.47472 0.2534029 1.059091 5.285746 0.3161614 1.399207 5.245364  SA_DodgeSlap_Close
-0.1347018 0.08359003 5.541041 -0.1637349 0.1776295 5.482537 0.007676499 0.2562499 5.211616 0.2518338 0.08084679 5.280381 -0.1043634 0.1825047 5.607391 -0.0565931 0.4229549 5.81853 0.1047684 0.6163182 5.640548 -0.07930736 0.3057836 5.513989 -0.02018748 0.7216215 5.346405 -0.04374222 1.133748 5.333303 -0.04017262 1.48067 5.315809 0.1147534 0.7196134 5.474031 0.2528784 1.059657 5.2851 0.3153373 1.399983 5.246049  SA_DodgeSlap_Close
-0.1342566 0.08373034 5.542142 -0.1637738 0.1776718 5.483749 0.007715778 0.2571627 5.213229 0.2529583 0.08319676 5.281782 -0.1038527 0.1827205 5.608333 -0.05570851 0.4238629 5.818583 0.1057271 0.6167326 5.640134 -0.07938115 0.3059638 5.514729 -0.02130286 0.7217231 5.346435 -0.04422615 1.133849 5.332237 -0.04119055 1.480759 5.31441 0.1143901 0.7197386 5.473261 0.2520324 1.060276 5.284868 0.3142852 1.400714 5.246468  SA_DodgeSlap_Close
-0.1339953 0.08388579 5.543385 -0.164094 0.1777844 5.485238 0.007056253 0.2583477 5.214865 0.2533968 0.08555841 5.28245 -0.1032899 0.1828899 5.609391 -0.05392448 0.4246378 5.818656 0.107288 0.6168678 5.639317 -0.07957064 0.306138 5.515601 -0.02263962 0.7218282 5.346616 -0.04480843 1.133954 5.331269 -0.0422564 1.480852 5.313118 0.1140045 0.7197946 5.472416 0.2509588 1.060981 5.284696 0.3130949 1.401479 5.246645  SA_DodgeSlap_Close
-0.1338687 0.08404493 5.54472 -0.1646211 0.1779468 5.486932 0.005841689 0.2597301 5.216494 0.2532754 0.08789444 5.282498 -0.1026735 0.1830122 5.61052 -0.05142043 0.4252834 5.818727 0.1093109 0.6167694 5.638164 -0.07983832 0.3063004 5.516563 -0.02414147 0.7219347 5.346925 -0.04548345 1.134059 5.330408 -0.04337655 1.480943 5.31195 0.1136035 0.7197924 5.471517 0.2497076 1.061743 5.284571 0.3117999 1.402261 5.246626  SA_DodgeSlap_Close
-0.1338037 0.08416963 5.546566 -0.1656222 0.1781515 5.489408 0.002731638 0.262172 5.218512 0.2515965 0.09122229 5.281361 -0.1016607 0.1830306 5.611974 -0.04640351 0.4254957 5.819109 0.1124796 0.6161858 5.636086 -0.08038615 0.3064731 5.517853 -0.02641998 0.7221885 5.347667 -0.04642306 1.134307 5.32941 -0.04463724 1.481157 5.310297 0.1129925 0.7196761 5.470384 0.2478418 1.06269 5.284479 0.3101816 1.403091 5.245896  SA_DodgeSlap_Close
-0.1335603 0.08418202 5.548645 -0.1665791 0.1782269 5.492113 -0.002083583 0.2655776 5.220123 0.2483791 0.09563017 5.279233 -0.1003678 0.1829752 5.613483 -0.04060612 0.4254434 5.819686 0.1156857 0.6156002 5.633896 -0.08090524 0.3065599 5.519157 -0.02874361 0.7224351 5.348514 -0.04727886 1.134521 5.328102 -0.04554508 1.48131 5.307897 0.1124473 0.7194012 5.469168 0.2457925 1.06363 5.284428 0.3082896 1.403898 5.244933  SA_DodgeSlap_Close
-0.1333343 0.08415055 5.549981 -0.167134 0.178231 5.493847 -0.005494757 0.2679962 5.221102 0.2459982 0.09872305 5.277719 -0.0994678 0.1829106 5.614415 -0.03678499 0.425328 5.820045 0.1176818 0.6152304 5.632478 -0.0812019 0.3065832 5.519965 -0.03019963 0.7225826 5.349074 -0.04782794 1.134634 5.327222 -0.04608021 1.481377 5.306237 0.1121219 0.7191863 5.468383 0.2444666 1.064207 5.284401 0.3070351 1.404389 5.244284  SA_DodgeSlap_Close
-0.1328208 0.08399773 5.551967 -0.1677661 0.1781273 5.496417 -0.01224004 0.2732296 5.222137 0.2408751 0.1053245 5.275505 -0.09789209 0.1827184 5.615722 -0.03119556 0.4250002 5.820524 0.1206415 0.6146599 5.630579 -0.08141081 0.3064855 5.521068 -0.03208916 0.7226505 5.349741 -0.04865364 1.13463 5.325796 -0.04678134 1.481287 5.303461 0.1118991 0.7186776 5.467015 0.242668 1.065018 5.284391 0.3051085 1.405148 5.243638  SA_DodgeSlap_Close
-0.1316166 0.08361053 5.555872 -0.168762 0.1778892 5.501619 -0.02761607 0.2854271 5.224392 0.2287368 0.1205252 5.271276 -0.09441082 0.1822007 5.618197 -0.02013831 0.4241403 5.821132 0.1265741 0.6133773 5.626789 -0.08146386 0.3061558 5.52324 -0.035614 0.7225274 5.350851 -0.05065213 1.134325 5.323073 -0.0486388 1.480802 5.29811 0.1115821 0.7175789 5.464034 0.2392928 1.066532 5.284241 0.3012871 1.406636 5.242608  SA_DodgeSlap_Close
-0.1294661 0.08286297 5.561755 -0.169721 0.177511 5.509843 -0.05656771 0.3078002 5.229157 0.2060067 0.1499622 5.264503 -0.08842544 0.1811022 5.621715 -0.003893001 0.4223433 5.821415 0.1357988 0.6108963 5.62132 -0.08078198 0.3053772 5.526601 -0.04063318 0.7216699 5.351985 -0.05442957 1.133121 5.318941 -0.05227629 1.479279 5.289892 0.1109786 0.7159278 5.459141 0.2346095 1.068568 5.283745 0.2958675 1.408675 5.241055  SA_DodgeSlap_Close
-0.1271042 0.08196211 5.56651 -0.1699782 0.1770502 5.517087 -0.08738594 0.3288891 5.235355 0.1832314 0.1825871 5.257024 -0.08254783 0.1797578 5.624259 0.01034542 0.4201256 5.821096 0.1448015 0.6078109 5.616645 -0.07966124 0.3044521 5.52943 -0.04515312 0.7205222 5.352717 -0.05828993 1.131623 5.315323 -0.05583565 1.47744 5.282485 0.1098648 0.7146864 5.454879 0.2303789 1.070264 5.283285 0.2911374 1.410316 5.239458  SA_DodgeSlap_Close
-0.1216674 0.07977688 5.57225 -0.1687184 0.175671 5.52772 -0.1464763 0.3614691 5.251719 0.1404016 0.2487144 5.24197 -0.07172303 0.1767138 5.626351 0.03441401 0.4152372 5.818785 0.1611622 0.6012641 5.607993 -0.07690404 0.3024873 5.533058 -0.05308394 0.7185091 5.353897 -0.06525765 1.128997 5.310011 -0.0625215 1.474248 5.271694 0.1069896 0.7130349 5.447961 0.2226998 1.072956 5.282216 0.2826914 1.412957 5.236962  SA_DodgeSlap_Close
-0.1173206 0.0781287 5.573919 -0.1666719 0.1744059 5.532433 -0.1831437 0.3766891 5.265136 0.1116842 0.2930765 5.230596 -0.06493799 0.1746262 5.626174 0.04810222 0.4120381 5.816371 0.170349 0.5978211 5.602725 -0.07470028 0.3012062 5.534351 -0.05765847 0.7175194 5.35469 -0.06914262 1.127642 5.307341 -0.06687681 1.47267 5.267032 0.1050293 0.7123836 5.444177 0.2180654 1.074331 5.281019 0.2774499 1.414405 5.235511  SA_DodgeSlap_Close
-0.1136858 0.07688808 5.574523 -0.164707 0.1734188 5.535426 -0.2112111 0.386598 5.278421 0.08668251 0.3285671 5.223655 -0.05967585 0.1730773 5.625457 0.05836876 0.4096262 5.814001 0.1771536 0.5955176 5.598504 -0.07284336 0.300311 5.534972 -0.06106142 0.7169402 5.355291 -0.07198541 1.126769 5.305333 -0.0702778 1.471667 5.2639 0.1034811 0.7120826 5.441336 0.2145825 1.075415 5.279937 0.2734848 1.415573 5.23443  SA_DodgeSlap_Close
-0.1059342 0.07463229 5.574217 -0.1599413 0.1715057 5.539555 -0.2602861 0.3995872 5.309136 0.03223588 0.3979595 5.211485 -0.04959438 0.1703478 5.622978 0.07774587 0.4053783 5.808057 0.1890997 0.592966 5.590077 -0.06879471 0.2988473 5.535407 -0.06691556 0.7161229 5.356275 -0.07684784 1.12533 5.301268 -0.07697718 1.470112 5.258855 0.1005208 0.7121673 5.436592 0.2083073 1.077315 5.277053 0.2658573 1.41781 5.232342  SA_DodgeSlap_Close
-0.09931539 0.07304859 5.573251 -0.1557079 0.1701782 5.542483 -0.2965845 0.4062556 5.342245 -0.02251963 0.4561464 5.209931 -0.04122458 0.1683669 5.62012 0.09487922 0.4020655 5.801288 0.198817 0.5919137 5.581608 -0.06533079 0.2979372 5.535386 -0.07155965 0.7156715 5.356992 -0.08074228 1.124235 5.297273 -0.08291785 1.468993 5.254716 0.09797098 0.7126305 5.432832 0.2033828 1.078778 5.273998 0.2597559 1.419624 5.230482  SA_DodgeSlap_Close
-0.09262691 0.07177758 5.571821 -0.1513827 0.169167 5.545355 -0.3280422 0.4094185 5.382915 -0.08726536 0.5143187 5.221267 -0.03278367 0.1666577 5.616526 0.1136266 0.398885 5.792248 0.208503 0.5917442 5.571096 -0.06189368 0.297339 5.535135 -0.07630919 0.7154286 5.357656 -0.08479111 1.123158 5.292391 -0.08945189 1.467951 5.250324 0.0951847 0.7134069 5.428982 0.198436 1.080204 5.270227 0.2536317 1.42145 5.22837  SA_DodgeSlap_Close
-0.08706699 0.07112157 5.570817 -0.1480761 0.168852 5.549189 -0.3506395 0.4103181 5.428556 -0.1550342 0.5660492 5.248019 -0.02526788 0.165455 5.612781 0.1339685 0.3958046 5.780522 0.2170512 0.592514 5.55802 -0.05944036 0.297269 5.535277 -0.0815547 0.7154808 5.358565 -0.08935063 1.122011 5.28613 -0.09704255 1.466907 5.245369 0.09191789 0.7142763 5.424953 0.1930919 1.08155 5.265964 0.2473876 1.423171 5.226035  SA_DodgeSlap_Close
-0.08306812 0.07110488 5.570894 -0.1460637 0.1692644 5.554835 -0.3638149 0.410692 5.476494 -0.2137411 0.6035767 5.288396 -0.01891433 0.164801 5.609152 0.1553009 0.3929197 5.765592 0.2232579 0.594017 5.541882 -0.05835066 0.2977091 5.536148 -0.08825581 0.7159423 5.360304 -0.09528129 1.120814 5.279035 -0.1055539 1.465805 5.239677 0.08766849 0.7149012 5.419895 0.1855129 1.083562 5.262036 0.2391924 1.425545 5.224432  SA_DodgeSlap_Close
-0.07986639 0.07147479 5.572209 -0.1442116 0.1699325 5.561009 -0.3681016 0.4107158 5.515854 -0.249441 0.6208401 5.323825 -0.01360594 0.1647857 5.606318 0.1734033 0.3915318 5.750137 0.2266359 0.5959197 5.525423 -0.05763434 0.2982845 5.537116 -0.09492533 0.7165038 5.362234 -0.1019453 1.119661 5.272848 -0.1137795 1.464648 5.233895 0.08349021 0.715004 5.413878 0.1764106 1.086433 5.259573 0.2297759 1.428691 5.224083  SA_DodgeSlap_Close
-0.07740973 0.07182467 5.573567 -0.1424674 0.1704265 5.565515 -0.3680096 0.4105593 5.540882 -0.2672225 0.6270716 5.345762 -0.009841604 0.1649925 5.604478 0.1851064 0.3912307 5.73858 0.2281094 0.5974128 5.513316 -0.05692272 0.2986788 5.537689 -0.09953956 0.7168499 5.363555 -0.1071842 1.118779 5.268851 -0.1199381 1.463728 5.229844 0.0805272 0.7148732 5.409092 0.1694648 1.088713 5.258304 0.2227639 1.431104 5.22401  SA_DodgeSlap_Close
-0.07285945 0.07244003 5.576321 -0.1386974 0.1711112 5.572136 -0.3644261 0.410285 5.572185 -0.284023 0.6278111 5.368898 -0.003767414 0.165671 5.602162 0.2005493 0.3921832 5.721214 0.2292541 0.5998256 5.495017 -0.05508934 0.2991569 5.538154 -0.1057568 0.7171346 5.36508 -0.1154088 1.117444 5.263917 -0.1294553 1.462281 5.224371 0.07642938 0.7143441 5.401163 0.1588712 1.092283 5.257047 0.2121663 1.434752 5.223551  SA_DodgeSlap_Close
-0.06795375 0.07296145 5.578876 -0.1343394 0.1716077 5.577644 -0.3586642 0.4100332 5.59648 -0.2950998 0.6256486 5.385347 0.002058106 0.1663926 5.600134 0.2127465 0.3937231 5.705655 0.2295252 0.6020543 5.478893 -0.05282925 0.2994437 5.538214 -0.1105535 0.7171382 5.36606 -0.1226657 1.116204 5.260352 -0.1378042 1.460899 5.219976 0.07304879 0.7136893 5.393986 0.1498687 1.095303 5.256605 0.2028733 1.437841 5.223352  SA_DodgeSlap_Close
-0.06332593 0.07339132 5.580963 -0.1300852 0.1720055 5.582286 -0.3519571 0.4098665 5.617023 -0.3036586 0.6230698 5.399493 0.007253783 0.1670104 5.598107 0.2227243 0.3951381 5.691361 0.2290891 0.6039439 5.464505 -0.05071108 0.2996238 5.538081 -0.1146561 0.7170491 5.366925 -0.1292655 1.115024 5.257483 -0.1453922 1.459578 5.2163 0.06989093 0.7129937 5.387602 0.1422447 1.097717 5.25662 0.1949933 1.440305 5.223466  SA_DodgeSlap_Close
-0.05814944 0.07376277 5.582841 -0.125217 0.1723268 5.586696 -0.3435654 0.4097064 5.636646 -0.311435 0.6205518 5.413892 0.01273783 0.1675853 5.595819 0.2321544 0.3965091 5.67667 0.2282609 0.6059107 5.450307 -0.04827396 0.2997108 5.537768 -0.1185167 0.7167677 5.367639 -0.1359464 1.113664 5.254749 -0.1530619 1.458016 5.212292 0.06668027 0.7121845 5.381152 0.1344946 1.100033 5.257144 0.1866228 1.442696 5.223789  SA_DodgeSlap_Close
