-0.03669612 0.001414895 11.55073 -0.1064585 0.09303176 11.58539 -0.3576117 0.3002059 11.66234 -0.515421 0.5055305 11.49488 0.03183498 0.09231353 11.58198 0.2865026 0.3103036 11.67266 0.4190856 0.5505487 11.53191 -0.03693936 0.2326341 11.57059 -0.1282688 0.6783187 11.5384 -0.1815188 1.084213 11.48373 -0.2168239 1.428407 11.45278 0.0574698 0.6772084 11.53717 0.0991322 1.076699 11.44191 0.1319621 1.418058 11.38154  S_DodgingRight_Far
-0.04105572 0.002904177 11.55473 -0.1112843 0.09474206 11.58784 -0.3623023 0.3004131 11.6648 -0.5205919 0.5052661 11.4972 0.02703019 0.09434128 11.58535 0.2818818 0.3129905 11.6748 0.4138289 0.5512922 11.53021 -0.04201923 0.2343364 11.57183 -0.130453 0.6806414 11.53634 -0.1840097 1.08566 11.47579 -0.2191044 1.430395 11.45129 0.05527099 0.677805 11.5361 0.09448542 1.077722 11.44159 0.1264178 1.419473 11.38298  S_DodgingRight_Far
-0.04361991 0.004230618 11.5579 -0.1144329 0.09601176 11.58996 -0.3659355 0.2996486 11.66774 -0.5249183 0.5030358 11.49902 0.02389313 0.09618902 11.58818 0.279302 0.3151269 11.67686 0.4100148 0.550985 11.52723 -0.04568307 0.2357789 11.57324 -0.1326865 0.6824219 11.53561 -0.1865961 1.086244 11.46782 -0.2214043 1.431271 11.44736 0.05301859 0.6785271 11.53561 0.0908732 1.078484 11.44071 0.1229131 1.420477 11.3836  S_DodgingRight_Far
-0.04643045 0.00639832 11.56259 -0.1182971 0.09794283 11.59309 -0.3708983 0.2977504 11.67301 -0.5311455 0.4977198 11.50143 0.02003326 0.09919894 11.59247 0.2768113 0.318189 11.68017 0.4047826 0.5482122 11.51949 -0.05050759 0.2380706 11.5755 -0.1367549 0.6848478 11.53454 -0.1922115 1.086412 11.45551 -0.2269586 1.431824 11.44298 0.04892935 0.680072 11.53482 0.08642198 1.079537 11.43773 0.120383 1.421761 11.38317  S_DodgingRight_Far
-0.04869763 0.008634567 11.56688 -0.1215767 0.09989738 11.59595 -0.3752168 0.2959425 11.67811 -0.5366681 0.4923191 11.50353 0.01674058 0.1022184 11.5964 0.2748334 0.3211335 11.68333 0.3996499 0.5449456 11.51177 -0.05472718 0.2403781 11.5776 -0.1407183 0.687143 11.53353 -0.1979033 1.086285 11.44414 -0.2323982 1.431918 11.43946 0.04494955 0.6817861 11.53407 0.08266909 1.080605 11.43445 0.1190154 1.422964 11.38232  S_DodgingRight_Far
-0.05276809 0.01212704 11.57375 -0.1269759 0.1033152 11.60001 -0.3831716 0.2931341 11.68341 -0.5477166 0.4834013 11.50499 0.01129009 0.1066182 11.60299 0.2721498 0.3246443 11.68834 0.3930967 0.5359926 11.49911 -0.060746 0.2439609 11.58069 -0.1467628 0.6902041 11.53037 -0.2089958 1.085486 11.42812 -0.2453725 1.430864 11.43617 0.03888442 0.6847757 11.53305 0.07901628 1.081727 11.42711 0.120383 1.424051 11.37862  S_DodgingRight_Far
-0.05771993 0.01561499 11.58033 -0.1328568 0.1069939 11.60351 -0.3916644 0.2916777 11.68553 -0.5587075 0.4763365 11.50358 0.005305367 0.110745 11.60937 0.2686861 0.3280131 11.69247 0.3869186 0.5275491 11.48922 -0.06659107 0.2475054 11.58336 -0.151721 0.6932006 11.52651 -0.219408 1.084876 11.41433 -0.2583486 1.429495 11.43421 0.03385969 0.6876256 11.53201 0.07629402 1.082735 11.42024 0.1218121 1.424975 11.37499  S_DodgingRight_Far
-0.0673425 0.02038467 11.58959 -0.142933 0.1126907 11.60753 -0.4060287 0.2920579 11.68137 -0.5755107 0.4695824 11.49464 -0.005079431 0.1158944 11.61864 0.2618202 0.3323748 11.69643 0.379717 0.5164018 11.47886 -0.07510237 0.2523223 11.58649 -0.1566619 0.6971563 11.51921 -0.2337794 1.084451 11.39825 -0.2791034 1.427002 11.434 0.02864178 0.6911671 11.53053 0.07422616 1.083658 11.41104 0.1242191 1.425753 11.36958  S_DodgingRight_Far
-0.08295517 0.02588689 11.60001 -0.1576204 0.1200912 11.61075 -0.4260491 0.2973773 11.66573 -0.5915033 0.4670352 11.46838 -0.02053742 0.1211855 11.62931 0.2508909 0.3368168 11.69665 0.3713697 0.5087155 11.47073 -0.08600478 0.2577101 11.58901 -0.1593919 0.7015792 11.50895 -0.2505639 1.084837 11.38496 -0.3069209 1.42348 11.43805 0.02525075 0.6942549 11.52779 0.07340641 1.084388 11.40178 0.1265518 1.426431 11.36396  S_DodgingRight_Far
-0.114463 0.03571665 11.61546 -0.1849311 0.1336161 11.61409 -0.4586304 0.3139248 11.62833 -0.6005328 0.4682232 11.40213 -0.0501943 0.1297466 11.6452 0.2289651 0.3412899 11.69287 0.3549848 0.5059218 11.46457 -0.1049839 0.2664794 11.5918 -0.1605707 0.7082548 11.49236 -0.2765754 1.086046 11.3724 -0.3535132 1.41659 11.44653 0.0225472 0.6978699 11.52171 0.07456155 1.085377 11.38929 0.1311104 1.42737 11.35626  S_DodgingRight_Far
-0.1733459 0.05418086 11.63378 -0.2317364 0.1580194 11.61649 -0.499295 0.3530847 11.55632 -0.5518588 0.4675611 11.27483 -0.1025752 0.14377 11.66394 0.1874621 0.3421605 11.68795 0.3147315 0.5179182 11.46882 -0.1361725 0.2802081 11.59462 -0.1604781 0.7171668 11.47266 -0.3103352 1.089103 11.37376 -0.416344 1.410362 11.45269 0.02092441 0.7004906 11.50895 0.07897992 1.087075 11.37633 0.1402601 1.428942 11.35144  S_DodgingRight_Far
-0.2032225 0.06422579 11.63916 -0.2545277 0.1706132 11.61672 -0.5120663 0.372259 11.51944 -0.5041968 0.4598268 11.22385 -0.1284325 0.1505554 11.66997 0.1637091 0.3437744 11.69061 0.2860496 0.5285153 11.47612 -0.1514565 0.2867508 11.59601 -0.1613061 0.7212792 11.46785 -0.3209273 1.092026 11.38043 -0.4363877 1.412433 11.44885 0.01980575 0.7009767 11.50373 0.08158942 1.087471 11.37255 0.1461117 1.429038 11.35215  S_DodgingRight_Far
-0.2338618 0.07533193 11.64249 -0.277627 0.1839876 11.61618 -0.5204269 0.3897058 11.48146 -0.4477157 0.4459457 11.18709 -0.1548961 0.1577724 11.67438 0.1399201 0.3443232 11.69703 0.2598133 0.5363295 11.4876 -0.167303 0.2935791 11.59723 -0.1629153 0.7257118 11.46525 -0.3284135 1.09642 11.38936 -0.4507304 1.417272 11.44195 0.01804026 0.7013504 11.49936 0.0845107 1.087611 11.36979 0.1531044 1.428637 11.35415  S_DodgingRight_Far
-0.2613436 0.08539009 11.64219 -0.2985649 0.1957843 11.614 -0.5233371 0.4031986 11.44744 -0.3919168 0.4283135 11.16958 -0.1790979 0.1640537 11.67611 0.1154274 0.3467867 11.70804 0.2344828 0.544278 11.50328 -0.1825306 0.2997981 11.59794 -0.1655312 0.7305326 11.46606 -0.3324626 1.102013 11.39743 -0.4575871 1.423699 11.43662 0.01518001 0.7020292 11.4982 0.0858409 1.087098 11.3673 0.1584396 1.427423 11.3548  S_DodgingRight_Far
-0.288077 0.09590709 11.64003 -0.3189077 0.2077572 11.6108 -0.5249575 0.4122815 11.41401 -0.3427681 0.404634 11.1653 -0.2029403 0.170639 11.67645 0.08948417 0.3506767 11.7203 0.2077816 0.5527532 11.51962 -0.1977599 0.3062706 11.59818 -0.1684054 0.7358346 11.46818 -0.3351057 1.108498 11.40567 -0.4614959 1.430975 11.43228 0.01193907 0.7030302 11.4982 0.0866061 1.086596 11.36514 0.163181 1.426142 11.35552  S_DodgingRight_Far
-0.3192309 0.1090007 11.63462 -0.343076 0.2223108 11.60577 -0.5261447 0.4201957 11.37804 -0.2967082 0.3743997 11.17712 -0.2313915 0.1789672 11.67494 0.05806072 0.3549707 11.73785 0.1790868 0.5611292 11.54303 -0.2169023 0.3148599 11.59831 -0.1729104 0.7434611 11.47283 -0.3404818 1.115748 11.4104 -0.4675442 1.438412 11.43082 0.006705778 0.7052945 11.50081 0.0859331 1.086346 11.36323 0.1674938 1.424807 11.3569  S_DodgingRight_Far
-0.3466283 0.1214825 11.62774 -0.3645417 0.2358787 11.60024 -0.5247067 0.426791 11.34865 -0.2647982 0.3495553 11.20171 -0.2568906 0.18701 11.67207 0.028861 0.3586453 11.75468 0.1544892 0.5674539 11.56568 -0.234542 0.323262 11.59801 -0.1775438 0.751094 11.47814 -0.3470138 1.121952 11.41242 -0.4745717 1.44444 11.43252 0.001217322 0.708029 11.50444 0.08405019 1.08652 11.362 0.1699547 1.423948 11.35879  S_DodgingRight_Far
-0.3961384 0.147615 11.61014 -0.4040683 0.2638152 11.58873 -0.524214 0.4449711 11.30778 -0.2460686 0.3205553 11.2602 -0.3039426 0.203739 11.66291 -0.01996772 0.3542329 11.78397 0.1252649 0.570369 11.61875 -0.2682934 0.3414843 11.5973 -0.1879672 0.7676353 11.49038 -0.3640906 1.13171 11.40668 -0.4893504 1.453898 11.44101 -0.01127772 0.7160362 11.51528 0.07831235 1.088912 11.3625 0.1711107 1.424517 11.36494  S_DodgingRight_Far
-0.4553938 0.1906416 11.58044 -0.4515186 0.3083529 11.5725 -0.5406938 0.5104789 11.29407 -0.2847151 0.3385241 11.2978 -0.3605573 0.2311312 11.6425 -0.07334863 0.3219677 11.80852 0.1169365 0.5461354 11.71554 -0.3093405 0.3707715 11.59324 -0.202826 0.7942157 11.50901 -0.3877994 1.144501 11.39214 -0.5042088 1.466338 11.45167 -0.02903519 0.7337648 11.53439 0.07405002 1.096491 11.36644 0.1734655 1.430151 11.37237  S_DodgingRight_Far
-0.4876717 0.2190866 11.55316 -0.4777897 0.3367102 11.55803 -0.5621678 0.5887237 11.32253 -0.3291726 0.3927816 11.27327 -0.3909321 0.2476294 11.61851 -0.1087476 0.2890687 11.80862 0.1121896 0.5031 11.78667 -0.3323212 0.3887604 11.58393 -0.2134163 0.811811 11.52396 -0.3995599 1.152719 11.38357 -0.510025 1.474217 11.45506 -0.04120104 0.746652 11.5484 0.07418396 1.100591 11.37003 0.1769466 1.433244 11.37548  S_DodgingRight_Far
-0.4956118 0.227728 11.53832 -0.4846835 0.3449824 11.54937 -0.5684632 0.6226129 11.34546 -0.3459376 0.4329296 11.24743 -0.3985309 0.2519143 11.60463 -0.1232107 0.2758965 11.80565 0.1070519 0.4809754 11.81078 -0.3385689 0.3940713 11.57733 -0.2170835 0.8177699 11.53037 -0.4017088 1.155976 11.38169 -0.5096752 1.477622 11.45626 -0.0452259 0.7511755 11.55343 0.07388456 1.101964 11.37132 0.1764441 1.434682 11.37669  S_DodgingRight_Far
-0.4968422 0.2329956 11.51948 -0.4864626 0.34954 11.5382 -0.5739551 0.6522868 11.3781 -0.3631383 0.4985451 11.2137 -0.3996666 0.2532569 11.5865 -0.1327267 0.2590811 11.79805 0.1085573 0.4487617 11.82818 -0.3402088 0.3970461 11.5681 -0.2195535 0.8224026 11.5376 -0.4032705 1.158077 11.38221 -0.5085031 1.480268 11.45832 -0.04749117 0.7552845 11.55738 0.07300188 1.103259 11.37084 0.1735736 1.436575 11.3766  S_DodgingRight_Far
-0.4795425 0.2270225 11.50567 -0.4726776 0.3429964 11.5299 -0.5757572 0.656051 11.4039 -0.3713968 0.5626415 11.19267 -0.382362 0.2471565 11.57226 -0.1119584 0.241087 11.78112 0.1450008 0.4077708 11.81707 -0.3273675 0.3933363 11.55976 -0.2166961 0.8223542 11.54278 -0.4044769 1.155449 11.3867 -0.5112709 1.478402 11.4572 -0.04298834 0.7582963 11.55774 0.07298638 1.105592 11.36711 0.1694035 1.440095 11.37483  S_DodgingRight_Far
-0.4519748 0.213939 11.4975 -0.4498777 0.329667 11.5246 -0.5689322 0.6449577 11.42183 -0.3779803 0.6035855 11.18323 -0.3551095 0.2366257 11.56333 -0.07198875 0.2214751 11.75967 0.1983441 0.368346 11.78096 -0.3063605 0.3852305 11.55387 -0.2107047 0.8182957 11.54467 -0.4023812 1.152208 11.39521 -0.5136589 1.47496 11.45941 -0.03480051 0.7597668 11.55623 0.07468636 1.107002 11.36169 0.1658217 1.442918 11.37182  S_DodgingRight_Far
-0.4335901 0.2047782 11.49399 -0.4346026 0.3204 11.52226 -0.5617681 0.6359881 11.43247 -0.3839085 0.6219923 11.18092 -0.3371519 0.2295244 11.55944 -0.04513435 0.2088027 11.74601 0.2299178 0.3482316 11.74922 -0.2924494 0.379474 11.5513 -0.2065493 0.814754 11.54498 -0.3997562 1.149976 11.40051 -0.5143349 1.472291 11.461 -0.02936886 0.7599707 11.55535 0.07646306 1.107015 11.35846 0.1641287 1.443812 11.36986  S_DodgingRight_Far
-0.4115523 0.1939477 11.49171 -0.4163867 0.3094913 11.52085 -0.5486566 0.625721 11.44485 -0.391035 0.6359636 11.17998 -0.3159416 0.2214521 11.55687 -0.0135697 0.1978662 11.73042 0.2591913 0.339503 11.70503 -0.2760738 0.3728164 11.54989 -0.2013197 0.8103178 11.5443 -0.3941261 1.148365 11.40601 -0.5127946 1.469715 11.46368 -0.02285497 0.7598979 11.55477 0.07919116 1.106576 11.35526 0.1623325 1.444522 11.36657  S_DodgingRight_Far
-0.3830061 0.1803017 11.48968 -0.3928406 0.2955457 11.51997 -0.5296 0.6121829 11.46117 -0.4006052 0.6520793 11.18391 -0.2886495 0.2113628 11.55453 0.02625378 0.1791718 11.70959 0.2946328 0.3176656 11.64716 -0.2551382 0.364323 11.54909 -0.1944223 0.8042603 11.54398 -0.3861729 1.144171 11.40883 -0.5104085 1.464694 11.45887 -0.01454858 0.7592838 11.55512 0.08282407 1.105633 11.35273 0.160048 1.445002 11.36337  S_DodgingRight_Far
-0.361171 0.1698234 11.48854 -0.3749754 0.2846595 11.51977 -0.5127181 0.6016564 11.47257 -0.4068475 0.6612576 11.18911 -0.2679364 0.2036517 11.5532 0.05492421 0.1698518 11.69402 0.3137392 0.3110465 11.60355 -0.2395063 0.3576773 11.54905 -0.1889146 0.7992098 11.54358 -0.3781166 1.14122 11.41014 -0.5062665 1.461009 11.45471 -0.008218331 0.7580241 11.55599 0.08566089 1.104437 11.35206 0.1582731 1.444868 11.36113  S_DodgingRight_Far
-0.3211547 0.1502757 11.48627 -0.3425148 0.2637831 11.51959 -0.481301 0.5803431 11.49179 -0.4151844 0.6740147 11.2055 -0.2301966 0.1892054 11.55058 0.10423 0.1604435 11.66644 0.3385023 0.3060598 11.52854 -0.211739 0.3447906 11.54919 -0.1785617 0.7888641 11.54361 -0.3612287 1.134674 11.41086 -0.4945944 1.453732 11.44387 0.003218668 0.7537229 11.55853 0.09066303 1.101245 11.35363 0.155519 1.443323 11.35853  S_DodgingRight_Far
-0.2973981 0.138649 11.48482 -0.3233444 0.2510042 11.51956 -0.463042 0.5664256 11.50203 -0.418869 0.678764 11.21824 -0.2079316 0.1806092 11.54892 0.1318324 0.1591374 11.65087 0.348026 0.3058032 11.487 -0.1957178 0.3368142 11.54938 -0.1723389 0.7821829 11.54403 -0.3502201 1.130205 11.41056 -0.4855326 1.449137 11.43598 0.009887891 0.7501804 11.56048 0.0933816 1.098871 11.35592 0.1539471 1.441766 11.35774  S_DodgingRight_Far
-0.2720372 0.1257384 11.48354 -0.3031848 0.2364126 11.51996 -0.4475053 0.5486912 11.5121 -0.4223318 0.677914 11.23322 -0.1842148 0.1712725 11.54716 0.1596186 0.166702 11.63707 0.3542229 0.3131605 11.4479 -0.1795126 0.3278645 11.54967 -0.1657767 0.7746842 11.54549 -0.3371957 1.125232 11.41019 -0.4720451 1.444893 11.42769 0.01680638 0.7451696 11.56264 0.09606345 1.096195 11.36039 0.1533963 1.439639 11.35781  S_DodgingRight_Far
-0.2276261 0.1049043 11.48124 -0.2678302 0.2117852 11.52073 -0.4259301 0.5149305 11.52927 -0.4295594 0.6701633 11.26282 -0.142906 0.1569706 11.54368 0.2033785 0.1914808 11.61561 0.3583767 0.3330885 11.38972 -0.1520673 0.3132678 11.54973 -0.1552259 0.7622784 11.54909 -0.314899 1.117045 11.41046 -0.4453451 1.438952 11.41624 0.02798976 0.7366794 11.56578 0.0994903 1.092861 11.36975 0.1520631 1.436922 11.35947  S_DodgingRight_Far
-0.2068677 0.09596252 11.48019 -0.2512244 0.200693 11.52117 -0.4189869 0.4973731 11.53746 -0.4342115 0.6633036 11.27796 -0.1236971 0.151235 11.54186 0.2209105 0.2079962 11.60693 0.3581443 0.3461972 11.36782 -0.1396314 0.306916 11.54953 -0.1509353 0.7567575 11.5513 -0.3052223 1.113252 11.41101 -0.4320742 1.43664 11.41277 0.03262313 0.7329364 11.56681 0.1003003 1.091964 11.37465 0.1509388 1.436197 11.36097  S_DodgingRight_Far
-0.1863904 0.08762515 11.47923 -0.2346543 0.1900638 11.52166 -0.4134826 0.4790823 11.5453 -0.4391854 0.6548883 11.29323 -0.1047398 0.1461605 11.53988 0.23648 0.2250596 11.59881 0.3583041 0.3610834 11.35029 -0.1274119 0.3009225 11.54905 -0.1474961 0.7513286 11.55357 -0.2967516 1.109406 11.41188 -0.4188279 1.434631 11.41197 0.0364544 0.7296354 11.56747 0.1007074 1.091313 11.37915 0.1497442 1.435642 11.36241  S_DodgingRight_Far
-0.1579395 0.0771153 11.47778 -0.211338 0.1761014 11.52225 -0.4066777 0.4526273 11.55593 -0.4463771 0.6411235 11.3151 -0.07852356 0.1402452 11.53681 0.2552173 0.2496451 11.58815 0.3582002 0.3841002 11.33043 -0.1105343 0.2932119 11.54803 -0.1435535 0.7439473 11.55689 -0.2861333 1.104036 11.41343 -0.4002466 1.43214 11.41359 0.04094561 0.7256164 11.5681 0.1008548 1.090755 11.3851 0.1479585 1.435141 11.36442  S_DodgingRight_Far
-0.1337977 0.06879926 11.47689 -0.1910796 0.1647276 11.52309 -0.4001864 0.4297223 11.56468 -0.4521911 0.6272632 11.33364 -0.05622671 0.1359072 11.5341 0.2698117 0.2679235 11.58044 0.3628171 0.4057145 11.3207 -0.09599368 0.2869116 11.54697 -0.1410941 0.7373705 11.55946 -0.2775601 1.099131 11.41426 -0.3820201 1.430427 11.41647 0.04384108 0.7225605 11.56847 0.1001143 1.090281 11.38953 0.1456876 1.434673 11.36577  S_DodgingRight_Far
-0.1164984 0.06351173 11.47617 -0.1763963 0.1571518 11.52364 -0.3949121 0.4134057 11.5709 -0.4560735 0.6167429 11.34725 -0.04036598 0.1334422 11.53205 0.279338 0.2808049 11.57525 0.3660887 0.4219081 11.31512 -0.08558159 0.282793 11.54617 -0.1394644 0.7327856 11.56134 -0.2714473 1.095703 11.4149 -0.3682783 1.429293 11.41881 0.04573127 0.7206034 11.5688 0.09942986 1.089948 11.39244 0.1438845 1.434312 11.36627  S_DodgingRight_Far
-0.1001862 0.05805254 11.47615 -0.1623021 0.1495924 11.52468 -0.3894228 0.3970821 11.57736 -0.4611104 0.6051804 11.36135 -0.02536766 0.1307895 11.5304 0.2878797 0.2916074 11.57192 0.373537 0.4399405 11.31547 -0.07563029 0.2784299 11.54541 -0.1378268 0.7278205 11.56255 -0.2636586 1.092768 11.41573 -0.3504419 1.429082 11.42165 0.04757263 0.7181655 11.5685 0.09858836 1.089578 11.39571 0.1420673 1.43391 11.36755  S_DodgingRight_Far
-0.08474164 0.05328131 11.47612 -0.1488411 0.1428016 11.52566 -0.383687 0.3816755 11.58359 -0.4658458 0.5936909 11.37525 -0.01126228 0.1286699 11.52877 0.2954064 0.3017371 11.56909 0.3805824 0.4580473 11.31727 -0.0662186 0.274537 11.54464 -0.1362429 0.7232044 11.5636 -0.2557987 1.090199 11.41664 -0.3322542 1.428972 11.42445 0.04930629 0.7159415 11.5681 0.09776182 1.089388 11.39901 0.1402613 1.43369 11.36905  S_DodgingRight_Far
-0.07205294 0.04824412 11.47734 -0.1376708 0.1362919 11.52738 -0.3786549 0.3672868 11.59018 -0.4718648 0.5817437 11.38912 0.0002859403 0.1260667 11.52819 0.3002929 0.3099937 11.56912 0.3891666 0.4761235 11.32498 -0.05849836 0.2704266 11.54412 -0.1343846 0.7186054 11.56335 -0.2457083 1.089307 11.41926 -0.3115343 1.430273 11.42835 0.0512562 0.712997 11.56611 0.09781285 1.089163 11.4026 0.1397284 1.433448 11.37164  S_DodgingRight_Far
-0.05666355 0.04144001 11.47999 -0.124078 0.1278884 11.53025 -0.3722236 0.3482685 11.59976 -0.4809653 0.564396 11.40852 0.01413645 0.122442 11.52816 0.3043691 0.3203189 11.57164 0.4001864 0.5012015 11.34098 -0.04928009 0.2648952 11.54349 -0.1316399 0.7126055 11.56177 -0.2296398 1.089838 11.42514 -0.2816034 1.433183 11.43453 0.05406364 0.7086397 11.56189 0.09869124 1.088896 11.40756 0.1399916 1.433193 11.37591  S_DodgingRight_Far
-0.05014132 0.03769362 11.4822 -0.1183492 0.1236447 11.53219 -0.3695803 0.3386034 11.60521 -0.4866754 0.5545337 11.41874 0.01990576 0.120268 11.52881 0.3045964 0.3250066 11.57492 0.4054089 0.5141771 11.35321 -0.04552458 0.2619065 11.54319 -0.1300931 0.7095926 11.5599 -0.2194619 1.091427 11.43032 -0.265105 1.435703 11.43837 0.05561246 0.7059978 11.55846 0.09976985 1.088642 11.41001 0.1409335 1.432973 11.37855  S_DodgingRight_Far
-0.04567478 0.03473639 11.48437 -0.1144731 0.12045 11.53394 -0.3677993 0.3312068 11.60985 -0.4913948 0.5462928 11.42663 0.02378597 0.1185162 11.5297 0.303921 0.3283591 11.57853 0.4088971 0.5238959 11.36441 -0.0430728 0.259593 11.54299 -0.1289469 0.7073404 11.55791 -0.2115604 1.093008 11.43539 -0.2535655 1.437786 11.44149 0.0567499 0.7038552 11.55544 0.1007114 1.088224 11.41145 0.1416956 1.432582 11.38006  S_DodgingRight_Far
-0.04244195 0.03213441 11.48672 -0.1117251 0.1177913 11.53568 -0.366575 0.3249803 11.61421 -0.4957668 0.5387155 11.43329 0.02652575 0.1169347 11.53086 0.3025256 0.330968 11.58266 0.4114079 0.5318797 11.37558 -0.04142765 0.2576038 11.54286 -0.1280218 0.7054833 11.55567 -0.2048197 1.094684 11.44078 -0.2447749 1.439742 11.4443 0.0576628 0.7019202 11.55249 0.1015952 1.087664 11.41222 0.1423624 1.432046 11.38081  S_DodgingRight_Far
-0.03662668 0.02745974 11.49208 -0.1067933 0.1131885 11.53957 -0.3635648 0.3143142 11.62334 -0.5034498 0.5247627 11.44656 0.03142907 0.1140953 11.534 0.2993602 0.3352677 11.59227 0.4158635 0.5463473 11.39998 -0.03838156 0.254073 11.54306 -0.1262491 0.7021465 11.55088 -0.1941154 1.097077 11.45089 -0.2321437 1.442358 11.44784 0.05942567 0.6984665 11.54729 0.1025116 1.086648 11.41364 0.1421999 1.431064 11.38124  S_DodgingRight_Far
-0.03314213 0.02489281 11.49583 -0.1037561 0.1107829 11.54228 -0.3609037 0.3092524 11.62903 -0.507023 0.5177218 11.45497 0.03445037 0.1124851 11.53651 0.2978826 0.3369365 11.59901 0.4189237 0.5541233 11.41657 -0.0362374 0.2521341 11.54364 -0.1252247 0.7001393 11.54788 -0.1897747 1.097609 11.45608 -0.2277629 1.442827 11.44867 0.0604619 0.6967 11.54468 0.1023204 1.086381 11.41507 0.1409305 1.430802 11.38143  S_DodgingRight_Far
-0.02874701 0.02159643 11.50082 -0.09970985 0.1078037 11.54602 -0.3564858 0.3046862 11.63554 -0.5095167 0.5115061 11.46549 0.03848346 0.1101098 11.54014 0.2976308 0.3368638 11.60775 0.4234627 0.5612942 11.43775 -0.03290741 0.2494978 11.54501 -0.1242553 0.697012 11.54461 -0.1868475 1.096543 11.46075 -0.2253764 1.441569 11.44865 0.06146045 0.6946136 11.54228 0.1013653 1.086318 11.41826 0.1385879 1.430648 11.38223  S_DodgingRight_Far
-0.02639995 0.01206195 11.51504 -0.09726934 0.09969056 11.55726 -0.3511378 0.2985362 11.64729 -0.5131277 0.5056076 11.48608 0.0409049 0.1020582 11.55097 0.2959189 0.3278565 11.62881 0.4251949 0.5640116 11.4784 -0.03077422 0.2413832 11.55075 -0.1266468 0.6875238 11.5405 -0.1813361 1.091465 11.47405 -0.2166512 1.436289 11.45117 0.05908676 0.6876156 11.53836 0.1000334 1.084469 11.43236 0.1357063 1.427165 11.38202  S_DodgingRight_Far
-0.02803312 0.007605553 11.52227 -0.09899764 0.09597516 11.5627 -0.3519851 0.2960854 11.65084 -0.514273 0.5040431 11.49108 0.03920128 0.09816933 11.55691 0.2935433 0.3226824 11.63824 0.4234416 0.5615708 11.49277 -0.032405 0.2375 11.55393 -0.1277293 0.683635 11.53898 -0.181056 1.088884 11.47978 -0.2159314 1.433425 11.4524 0.05800529 0.6834617 11.53693 0.1001063 1.082535 11.44013 0.1340302 1.424369 11.38315  S_DodgingRight_Far
-0.02822195 0.005714059 11.52589 -0.09921651 0.09446013 11.56543 -0.3520165 0.2951827 11.65238 -0.5140094 0.5033828 11.49264 0.03899791 0.09649885 11.55996 0.2931149 0.3203676 11.64267 0.4230884 0.5601526 11.49874 -0.03249101 0.2358539 11.55562 -0.1279721 0.681824 11.53833 -0.18123 1.087488 11.48198 -0.2162604 1.431879 11.45297 0.05776401 0.6818055 11.53642 0.09972705 1.081567 11.44244 0.1322693 1.423006 11.38237  S_DodgingRight_Far
-0.02879755 0.003296018 11.53141 -0.09970598 0.0926367 11.56971 -0.3525204 0.2944317 11.65438 -0.5137114 0.5023789 11.4935 0.03852798 0.09431493 11.56463 0.2926871 0.316893 11.64907 0.4228438 0.5574284 11.50657 -0.0326461 0.2337595 11.55839 -0.1285653 0.6793733 11.53768 -0.180913 1.085529 11.48409 -0.215451 1.429795 11.45307 0.05717059 0.679756 11.53578 0.09884591 1.080023 11.44384 0.1300218 1.421085 11.38097  S_DodgingRight_Far
-0.03047935 0.001645327 11.5367 -0.1011405 0.09157515 11.57399 -0.3539717 0.2945766 11.65627 -0.5142713 0.5017818 11.49355 0.03710868 0.09276319 11.56919 0.2916649 0.3137707 11.65525 0.422298 0.5544804 11.51348 -0.03360425 0.2323657 11.56143 -0.129218 0.6777938 11.53747 -0.1803705 1.084179 11.48447 -0.2140442 1.428403 11.45207 0.05651559 0.6782009 11.53538 0.09840496 1.078389 11.44319 0.129784 1.41936 11.37993  S_DodgingRight_Far
-0.03279297 0.0008865595 11.5419 -0.1030893 0.09147537 11.57817 -0.3555853 0.2960423 11.65803 -0.5149497 0.5022665 11.49316 0.03517791 0.09197199 11.57379 0.2900662 0.3114333 11.66167 0.4214228 0.552014 11.52035 -0.034851 0.2318316 11.56459 -0.1291929 0.6772709 11.53721 -0.1807156 1.083529 11.48359 -0.2146794 1.427726 11.45122 0.05654152 0.6772597 11.53515 0.09863676 1.077104 11.44158 0.1307659 1.418137 11.37903  S_DodgingRight_Far
-0.03584866 0.001295686 11.54737 -0.1056955 0.09274161 11.58231 -0.3571077 0.2994848 11.6597 -0.515189 0.5049131 11.49262 0.03259428 0.09222925 11.57871 0.2873493 0.3104082 11.66892 0.4197322 0.5507026 11.52808 -0.03639619 0.2324733 11.5677 -0.1282762 0.6781085 11.53629 -0.1812397 1.084059 11.48175 -0.2163185 1.428252 11.45053 0.05746229 0.6772025 11.53489 0.09921189 1.076738 11.43985 0.1319419 1.418037 11.3791  S_DodgingRight_Far
