0.004019039 0.05495536 0.9785098 -0.06559967 0.1468054 1.011645 -0.2133777 0.3443604 0.8725814 -0.07400851 0.09053624 0.7664822 0.07273592 0.1474348 1.011991 0.4074293 0.2515391 0.9719876 0.2024551 0.03308117 0.898734 0.002893405 0.2876822 1.013434 -0.09198634 0.7336257 1.025462 -0.1849268 1.133545 0.9807228 -0.2547728 1.472157 0.946999 0.09372045 0.7339742 1.029256 0.1779862 1.113296 0.8899087 0.2455208 1.441488 0.7951626  A_Punch_SoClose
0.004970329 0.05494332 0.9796652 -0.06522398 0.1466687 1.012336 -0.2126556 0.3433868 0.8719267 -0.07217579 0.08960044 0.7672104 0.07310756 0.1477323 1.013059 0.4080316 0.2511595 0.9738168 0.2030645 0.03345335 0.8983387 0.002823787 0.2877642 1.013852 -0.09241299 0.7337564 1.025012 -0.1845547 1.133918 0.9807919 -0.2537479 1.472713 0.9475697 0.09328134 0.7340358 1.029381 0.1776634 1.11364 0.8908752 0.2450695 1.441723 0.7956594  A_Punch_SoClose
0.005961316 0.05493784 0.9808749 -0.06483112 0.146529 1.013058 -0.2118923 0.3423703 0.87125 -0.0702595 0.08863091 0.7679828 0.07349356 0.148046 1.014172 0.4086464 0.2507646 0.9757437 0.2037109 0.03385806 0.8979152 0.002753036 0.28785 1.014286 -0.09285419 0.7338908 1.02454 -0.184169 1.134302 0.9808673 -0.252687 1.473286 0.9481734 0.09282513 0.7340994 1.029508 0.1773223 1.113998 0.8918823 0.2445866 1.441967 0.7961773  A_Punch_SoClose
0.008555429 0.05710006 0.9809602 -0.06341182 0.1480044 1.012942 -0.2103624 0.3421668 0.8694552 -0.06760208 0.08851373 0.767538 0.07488824 0.1507293 1.014651 0.4101696 0.2531831 0.9788216 0.2048844 0.03797185 0.8972954 0.00293179 0.2899109 1.0143 -0.09393661 0.7358717 1.025898 -0.1841327 1.136279 0.9799298 -0.2521882 1.47552 0.9489731 0.09171553 0.7360922 1.031797 0.1765048 1.115183 0.8921384 0.2441012 1.442816 0.7955192  A_Punch_SoClose
0.01237984 0.06174934 0.9796771 -0.06126736 0.1514517 1.011779 -0.2093112 0.3430319 0.8671325 -0.06430517 0.09040618 0.7658361 0.07697113 0.156019 1.01433 0.4120255 0.2594815 0.9825171 0.2057437 0.04678118 0.8970145 0.003159361 0.2942259 1.014115 -0.09570764 0.7399702 1.028506 -0.1845553 1.139926 0.9763936 -0.2526627 1.479514 0.9496406 0.08988847 0.7402899 1.035958 0.1759639 1.116998 0.8907503 0.2452451 1.444385 0.7944912  A_Punch_SoClose
0.01462938 0.06494355 0.9785455 -0.0600004 0.1538758 1.010817 -0.2089611 0.343932 0.8658308 -0.0625246 0.09213471 0.7645291 0.07818688 0.1595502 1.013873 0.4129842 0.2639802 0.9844898 0.2059638 0.05278695 0.8970569 0.003259437 0.2971556 1.013953 -0.09682612 0.7427364 1.030192 -0.1848737 1.142272 0.9736751 -0.2531082 1.482056 0.9499143 0.08872779 0.7431265 1.038626 0.1758691 1.118037 0.8894552 0.2464197 1.445369 0.7939337  A_Punch_SoClose
0.01682754 0.06914341 0.9766825 -0.05875139 0.157276 1.009192 -0.2089044 0.3459929 0.864199 -0.06056504 0.09527099 0.7629989 0.07937117 0.1639135 1.013112 0.4132033 0.2717024 0.9860834 0.206045 0.06092083 0.8979872 0.003458695 0.3009765 1.013754 -0.09806423 0.7462714 1.031585 -0.1859937 1.144926 0.9689945 -0.2551836 1.484836 0.9503516 0.08743234 0.7469669 1.04118 0.1761583 1.120028 0.8883518 0.248552 1.448141 0.7969779  A_Punch_SoClose
0.01994278 0.07578123 0.9749836 -0.05700461 0.1627407 1.007795 -0.2087907 0.3495221 0.8627142 -0.05769787 0.1003519 0.7617549 0.08100154 0.1707524 1.013028 0.4133041 0.2834945 0.9894351 0.2060326 0.0731765 0.9005011 0.003671246 0.3070146 1.014449 -0.09994338 0.7518722 1.034521 -0.1875437 1.14911 0.9630855 -0.2577451 1.489143 0.9519819 0.08545543 0.7530035 1.045814 0.1768595 1.120482 0.8814729 0.2518315 1.448191 0.7907308  A_Punch_SoClose
0.02241768 0.08234918 0.9736727 -0.0556703 0.1683537 1.006384 -0.2079061 0.3542985 0.8607363 -0.05450545 0.1059874 0.7611498 0.08218582 0.1773003 1.013657 0.412261 0.2963794 0.9928039 0.2061991 0.08512533 0.9032797 0.003846603 0.312981 1.015407 -0.1016332 0.75742 1.036412 -0.1894961 1.153023 0.9567078 -0.2609144 1.492965 0.9531263 0.08364446 0.7590679 1.049489 0.1775942 1.121839 0.8763589 0.2544931 1.449892 0.7885202  A_Punch_SoClose
0.02512111 0.08967221 0.9722642 -0.05421136 0.1746175 1.004833 -0.2069054 0.3596232 0.8585089 -0.05100093 0.1122499 0.7604903 0.08343907 0.1845684 1.014351 0.4108705 0.3105435 0.9965423 0.2062038 0.09811497 0.906598 0.003988342 0.3195966 1.016436 -0.1035394 0.7635633 1.038436 -0.1914572 1.157223 0.9496797 -0.2637085 1.496975 0.9543747 0.08158423 0.7657653 1.053467 0.1785303 1.123072 0.8708833 0.2570677 1.451584 0.78627  A_Punch_SoClose
0.02713068 0.09952855 0.971115 -0.05349449 0.1834686 1.002759 -0.2043586 0.3691807 0.8546914 -0.04643599 0.1220934 0.7592143 0.0837626 0.1940701 1.016374 0.4072988 0.3287729 1.002889 0.2058121 0.114356 0.9105152 0.003461437 0.3286002 1.018044 -0.1054165 0.7722588 1.040429 -0.1937786 1.16331 0.941202 -0.26714 1.502534 0.9559969 0.07945998 0.7747244 1.05821 0.1802781 1.125006 0.8644532 0.2605331 1.454166 0.7840742  A_Punch_SoClose
0.02883317 0.1087948 0.9700636 -0.05292545 0.191844 1.000773 -0.2018365 0.3784022 0.8511137 -0.04225252 0.1315132 0.757913 0.08385678 0.2029383 1.018231 0.4034722 0.3454524 1.008853 0.2050392 0.1291089 0.9143842 0.002837138 0.3370416 1.019453 -0.1071046 0.7804487 1.042279 -0.1957176 1.168868 0.9334091 -0.2695976 1.507452 0.9574226 0.07751925 0.7830724 1.062495 0.1820327 1.126528 0.8587335 0.2633238 1.456373 0.7823013  A_Punch_SoClose
0.02906187 0.1177421 0.9687966 -0.05338953 0.2002804 0.9984025 -0.1986702 0.3890734 0.8474578 -0.03878097 0.1420231 0.7552127 0.08284105 0.2112916 1.019785 0.3989554 0.3598694 1.015292 0.2037689 0.1424489 0.9166263 0.001645701 0.3452929 1.020386 -0.1077059 0.7887882 1.04479 -0.1977354 1.174198 0.9267701 -0.272254 1.512007 0.9584883 0.07678862 0.7909247 1.066208 0.1833409 1.128215 0.8534039 0.2648121 1.458902 0.7809042  A_Punch_SoClose
0.02916672 0.1284363 0.9671115 -0.05401669 0.2104335 0.9954022 -0.1947343 0.4020197 0.8431753 -0.03463624 0.1548086 0.751727 0.08143432 0.2212107 1.021366 0.393227 0.3765048 1.022875 0.2017279 0.1581012 0.9192775 0.0001244117 0.3551438 1.021255 -0.1083473 0.7987585 1.047902 -0.2000462 1.18036 0.9192704 -0.2746607 1.517166 0.9601144 0.07602258 0.8002315 1.070422 0.1848481 1.129994 0.8472246 0.2661539 1.461733 0.7795004  A_Punch_SoClose
0.02734675 0.1376575 0.9641608 -0.05600087 0.2196023 0.9914883 -0.1908185 0.4146643 0.8390082 -0.03158353 0.1675318 0.7458562 0.07879181 0.2295417 1.020974 0.3879604 0.3883667 1.030003 0.1987939 0.1717428 0.918672 -0.00203721 0.363765 1.020571 -0.107847 0.8077533 1.05214 -0.2023565 1.185877 0.9155215 -0.2763599 1.521728 0.9645303 0.07673801 0.8079164 1.072874 0.1858055 1.131799 0.8413399 0.2670716 1.46461 0.7790488  A_Punch_SoClose
0.02553965 0.1461805 0.9621161 -0.05786518 0.2281343 0.9887151 -0.1872773 0.426355 0.8364466 -0.02894012 0.1793896 0.7413419 0.07632364 0.2372245 1.021088 0.3832813 0.3986646 1.036958 0.1959329 0.1842195 0.918559 -0.004007323 0.3717462 1.020585 -0.1073183 0.8159987 1.057021 -0.2042134 1.1888 0.9080075 -0.2770968 1.524565 0.9592303 0.07748778 0.8150004 1.075655 0.1862089 1.133727 0.8369163 0.2672778 1.467498 0.7797087  A_Punch_SoClose
0.02002032 0.1586281 0.9561633 -0.06261806 0.2411015 0.983436 -0.1827384 0.4448099 0.8349098 -0.02791069 0.1987035 0.7321109 0.07142134 0.2482297 1.016901 0.3787955 0.4081089 1.044843 0.1910356 0.2034543 0.9108008 -0.007526023 0.3835626 1.018228 -0.1048179 0.8280314 1.067382 -0.2082828 1.192575 0.9031342 -0.2778504 1.528713 0.9564756 0.08067866 0.8250138 1.076518 0.1849339 1.138385 0.8288635 0.2669379 1.473506 0.7817777  A_Punch_SoClose
0.01661106 0.1650512 0.9522055 -0.06517534 0.2477803 0.9815348 -0.1818859 0.4541957 0.8375539 -0.02972732 0.209209 0.7282981 0.0694849 0.2539505 1.012612 0.3790849 0.4102951 1.045131 0.1892338 0.2137843 0.9021472 -0.008744759 0.389647 1.016609 -0.1023257 0.8338875 1.074657 -0.2112777 1.193228 0.9026736 -0.2782767 1.53024 0.9537443 0.08338358 0.8302212 1.075064 0.1826286 1.142179 0.8235954 0.2659354 1.477849 0.7831835  A_Punch_SoClose
0.01264854 0.1721295 0.9475306 -0.06790261 0.2550972 0.9799742 -0.1815176 0.4642403 0.8421811 -0.03281121 0.2208884 0.7248195 0.06769611 0.2602977 1.006866 0.3807628 0.4110899 1.043276 0.1877049 0.2254083 0.8904513 -0.009663863 0.3963275 1.014659 -0.09850733 0.8400566 1.083474 -0.2155225 1.192896 0.9035124 -0.2801247 1.531004 0.9502414 0.08686282 0.8359978 1.072385 0.1790816 1.147101 0.8172106 0.2646402 1.483052 0.784582  A_Punch_SoClose
0.009118753 0.1782212 0.9420074 -0.06919794 0.2610462 0.9805673 -0.1839219 0.4725012 0.8536543 -0.03925757 0.2323956 0.725089 0.06795092 0.2658519 0.9980129 0.3876186 0.4058284 1.031856 0.1891557 0.2360239 0.867895 -0.008466406 0.4018584 1.012573 -0.09196632 0.844568 1.093793 -0.220554 1.190347 0.9081153 -0.2832133 1.529945 0.9458116 0.09175898 0.8411215 1.066688 0.1731922 1.154379 0.8104824 0.2626413 1.490144 0.7879289  A_Punch_SoClose
0.006202238 0.1826438 0.9376425 -0.06953131 0.2652001 0.9820961 -0.1868118 0.4780952 0.8654736 -0.04586415 0.241287 0.7270426 0.06850083 0.2699044 0.9899863 0.3944241 0.3983767 1.017914 0.1914459 0.2441068 0.844406 -0.006682856 0.4057555 1.010993 -0.08525418 0.8474175 1.102175 -0.2250624 1.187098 0.9133738 -0.2876399 1.527568 0.9423207 0.09590144 0.8449563 1.06121 0.1675636 1.160734 0.805178 0.2611847 1.495809 0.7907618  A_Punch_SoClose
0.002879338 0.1855196 0.9336132 -0.06858711 0.2675875 0.9858364 -0.1927677 0.4812245 0.8829139 -0.056235 0.2493182 0.7322954 0.06955619 0.2724806 0.9803818 0.4032489 0.3837696 0.9938301 0.1964685 0.2505018 0.8078574 -0.003381534 0.4080044 1.009755 -0.07668088 0.8483374 1.110548 -0.2292832 1.182047 0.9210094 -0.2932697 1.523024 0.9387497 0.1003931 0.8476995 1.054459 0.1603674 1.167621 0.8005761 0.258914 1.501538 0.7945541  A_Punch_SoClose
-0.002808256 0.1868918 0.9315461 -0.0669332 0.2686914 0.9930562 -0.2037805 0.4818722 0.9079336 -0.07373635 0.2570947 0.741587 0.06937076 0.2734627 0.9699105 0.4115982 0.3569771 0.9555653 0.2060491 0.2572082 0.7484416 0.001064079 0.4088966 1.009169 -0.06739442 0.8474814 1.118327 -0.2331825 1.176092 0.9309667 -0.3002117 1.516889 0.9371794 0.1043676 0.8499025 1.047662 0.1527916 1.174168 0.7968425 0.257259 1.50633 0.7983588  A_Punch_SoClose
-0.008247001 0.1868042 0.9329833 -0.06470685 0.2686988 1.001427 -0.2140903 0.4804264 0.9328502 -0.09173356 0.2628155 0.7517928 0.06807537 0.2731713 0.9628772 0.4132546 0.3304019 0.9181637 0.219047 0.2618963 0.68861 0.004941957 0.4087881 1.009478 -0.06156973 0.8458667 1.122992 -0.2357776 1.171587 0.9382409 -0.3058625 1.511819 0.9363235 0.1062244 0.8513809 1.043517 0.147751 1.178143 0.7947081 0.256577 1.508857 0.8004359  A_Punch_SoClose
-0.01472609 0.1853919 0.9400195 -0.05994455 0.2679887 1.015347 -0.22699 0.4760138 0.9710401 -0.1196127 0.2695153 0.7687138 0.0655454 0.2717814 0.957251 0.4048553 0.2895162 0.8650163 0.2477996 0.2582238 0.6014661 0.01007851 0.4080588 1.011115 -0.05871765 0.843151 1.126144 -0.2389476 1.167097 0.9440702 -0.3125442 1.506447 0.9341291 0.106077 0.8533269 1.041051 0.1434997 1.181105 0.7929295 0.2555573 1.510682 0.8013066  A_Punch_SoClose
-0.01746784 0.1804484 0.9547428 -0.04670028 0.264538 1.035685 -0.2345559 0.4646498 1.03088 -0.1625208 0.2736845 0.7996863 0.06330581 0.2683195 0.9518899 0.3678754 0.2470862 0.7819475 0.3160805 0.2313018 0.4783481 0.01774784 0.4054288 1.012511 -0.06297921 0.8376471 1.124674 -0.2455257 1.162252 0.9461149 -0.3226358 1.500625 0.930899 0.1012983 0.8546907 1.03968 0.1418612 1.180967 0.7900771 0.2539622 1.510508 0.7992462  A_Punch_SoClose
-0.01524751 0.1758296 0.9620942 -0.03557698 0.2610276 1.044766 -0.2307305 0.4563261 1.064852 -0.1850654 0.2731074 0.8210214 0.06244059 0.2650845 0.9472302 0.3355704 0.2329848 0.7344078 0.3538345 0.206172 0.427729 0.02227505 0.4025748 1.010733 -0.06651656 0.8331187 1.12112 -0.2510726 1.15905 0.9471005 -0.330717 1.496814 0.9314264 0.09754403 0.8537707 1.036508 0.1413132 1.180257 0.787722 0.2522375 1.510173 0.797685  A_Punch_SoClose
-0.01493488 0.1675768 0.9671177 -0.02914016 0.2546811 1.05028 -0.2264629 0.4491253 1.088026 -0.1990954 0.2703643 0.8382195 0.05830361 0.2575195 0.9431223 0.3089602 0.2320435 0.7046069 0.3722181 0.1955109 0.4049934 0.02263697 0.3960623 1.007022 -0.06756876 0.8269811 1.114768 -0.2559986 1.154943 0.9489068 -0.338874 1.491921 0.9330496 0.09487964 0.8479972 1.027188 0.1411905 1.179611 0.7857522 0.2523011 1.50938 0.7981976  A_Punch_SoClose
-0.01933668 0.1617544 0.9695233 -0.03348879 0.250446 1.051728 -0.2293846 0.4484775 1.088621 -0.2007219 0.2692412 0.8393005 0.05377521 0.250819 0.9443868 0.3136092 0.2349608 0.7160167 0.3668003 0.1982231 0.4144782 0.01904322 0.3907084 1.00582 -0.06723444 0.823385 1.109753 -0.2561165 1.153554 0.9488586 -0.3401742 1.490236 0.9329556 0.09446551 0.8423041 1.020328 0.1415911 1.178938 0.7861055 0.2532507 1.508466 0.7999295  A_Punch_SoClose
-0.02360348 0.1564876 0.9716629 -0.03799812 0.2466301 1.052834 -0.2324687 0.4480394 1.088059 -0.2017983 0.268065 0.8395118 0.04965933 0.2446696 0.9458317 0.3185008 0.2377816 0.7286242 0.3602615 0.1992764 0.4255108 0.01559009 0.385777 1.004801 -0.06703322 0.8200234 1.105082 -0.2558843 1.15244 0.9488481 -0.3409228 1.488883 0.9330791 0.09407313 0.836965 1.014202 0.1421768 1.178102 0.7867926 0.2543387 1.507411 0.8017286  A_Punch_SoClose
-0.02992634 0.1507436 0.9741267 -0.04679642 0.242561 1.05298 -0.2388261 0.4488491 1.079367 -0.1999633 0.265673 0.834329 0.04570444 0.2373869 0.9502472 0.3321941 0.2410344 0.756761 0.3437201 0.2009484 0.4512047 0.01098164 0.3800329 1.004981 -0.06719725 0.8161319 1.099988 -0.2536227 1.152254 0.9488515 -0.3392473 1.488584 0.9338678 0.09423031 0.8305358 1.00924 0.143095 1.176315 0.789122 0.2549703 1.505764 0.8031  A_Punch_SoClose
-0.03676323 0.144256 0.9764079 -0.05678992 0.2379016 1.052236 -0.2457003 0.4492304 1.067221 -0.1968596 0.2618281 0.8272156 0.04163547 0.2292318 0.9554142 0.3457747 0.2465489 0.7912978 0.3235455 0.2016251 0.487008 0.005951064 0.3734814 1.005093 -0.06770186 0.8114159 1.094183 -0.2505012 1.152158 0.9490846 -0.3365252 1.488441 0.935398 0.09443273 0.8231249 1.004312 0.1444712 1.173891 0.7925032 0.2555089 1.50368 0.805056  A_Punch_SoClose
-0.04268603 0.1377442 0.9789523 -0.06729053 0.2331347 1.05043 -0.2520447 0.4486396 1.048281 -0.1907765 0.2546191 0.8165272 0.03922643 0.2211176 0.9629825 0.3590728 0.247604 0.829626 0.3008742 0.1984854 0.5307869 0.001486855 0.3668396 1.006459 -0.06945263 0.8063381 1.088375 -0.2456366 1.152929 0.9490594 -0.3312405 1.489383 0.9370579 0.09477951 0.8156717 1.002107 0.1468375 1.170069 0.7969331 0.2555133 1.500778 0.8052357  A_Punch_SoClose
-0.0481026 0.1304979 0.9810904 -0.07782803 0.2275569 1.047267 -0.2571035 0.446189 1.024844 -0.1821899 0.244297 0.8040832 0.03695502 0.212486 0.9715375 0.369623 0.2483356 0.8706211 0.2773966 0.1934555 0.5815071 -0.003090067 0.359513 1.007991 -0.07196979 0.8004217 1.08227 -0.2398527 1.153464 0.9490374 -0.3246966 1.490164 0.9385952 0.09504385 0.8074523 1.001285 0.1502729 1.165127 0.8027347 0.2558092 1.496944 0.8054599  A_Punch_SoClose
-0.05153171 0.1241192 0.9825357 -0.08572493 0.2223409 1.043706 -0.2592573 0.4422363 1.002508 -0.1729544 0.2330645 0.7929691 0.03548392 0.2053162 0.9792398 0.3757686 0.2484921 0.9035968 0.2597857 0.1898104 0.6239384 -0.006630881 0.3531665 1.009506 -0.07474892 0.795038 1.077359 -0.2346422 1.153564 0.9490317 -0.3186041 1.490513 0.9395612 0.09506257 0.8004165 1.002281 0.153963 1.160106 0.808483 0.2564432 1.492875 0.8052419  A_Punch_SoClose
-0.05370263 0.1173304 0.9827865 -0.09225588 0.2163324 1.039121 -0.2594262 0.4362249 0.979453 -0.1625097 0.2197828 0.7823046 0.03415235 0.1982403 0.9859146 0.3792375 0.2484941 0.9334301 0.2453573 0.1830891 0.6634248 -0.01003168 0.3465511 1.010432 -0.07765989 0.789241 1.072956 -0.2291449 1.153173 0.9497465 -0.3121444 1.490367 0.9405297 0.09497376 0.7930634 1.004513 0.1582636 1.154654 0.8157004 0.2573752 1.488303 0.8055366  A_Punch_SoClose
-0.05478041 0.1110421 0.9824041 -0.09707998 0.2105125 1.034442 -0.2577434 0.4296416 0.9586867 -0.1523035 0.2068361 0.7733554 0.03303846 0.1920072 0.991268 0.3804596 0.2481691 0.9580287 0.2341232 0.1754018 0.6965045 -0.01291083 0.3405136 1.010862 -0.08027433 0.7838535 1.069287 -0.2242303 1.152424 0.9509338 -0.3063459 1.489828 0.9415053 0.09477855 0.7863551 1.007224 0.1622903 1.149558 0.8230251 0.2583242 1.483828 0.8060297  A_Punch_SoClose
-0.05361347 0.1048512 0.9808229 -0.09939544 0.2042707 1.029644 -0.2553388 0.4219733 0.9411534 -0.14293 0.1936258 0.7670006 0.03320803 0.1863724 0.9945267 0.3810941 0.2484738 0.9754227 0.2252687 0.1625838 0.7235383 -0.01475261 0.3346831 1.010436 -0.08246569 0.7785656 1.066302 -0.2193112 1.151371 0.9528798 -0.3007087 1.488915 0.942295 0.09465422 0.7799142 1.010372 0.1658422 1.144605 0.8305482 0.2584531 1.479342 0.8056034  A_Punch_SoClose
-0.05221651 0.1002439 0.9794797 -0.1005027 0.1995156 1.026008 -0.2529395 0.4160094 0.9286927 -0.1359759 0.1837478 0.7629169 0.03356584 0.182282 0.9965814 0.3811541 0.2487382 0.9870161 0.2190251 0.1521965 0.7430934 -0.01588087 0.3303602 1.009895 -0.0839694 0.774626 1.064142 -0.2157461 1.150411 0.9546188 -0.2965937 1.488052 0.9429673 0.09453674 0.7751431 1.012792 0.1682786 1.140916 0.8362263 0.2583674 1.475815 0.8050045  A_Punch_SoClose
-0.04814838 0.09461248 0.9766806 -0.09966831 0.1932014 1.021011 -0.2495367 0.408072 0.9146165 -0.1272687 0.1714603 0.7591399 0.03585251 0.177474 0.9981202 0.3823976 0.2499428 0.9933094 0.2110362 0.1348571 0.7641915 -0.01585285 0.324989 1.008857 -0.08588086 0.7695531 1.061366 -0.2106686 1.149223 0.9571871 -0.2906411 1.487012 0.9438714 0.09446724 0.7694334 1.016913 0.1709765 1.136442 0.8441285 0.2576719 1.471334 0.8043913  A_Punch_SoClose
-0.04469196 0.0904882 0.9745229 -0.09858017 0.1884849 1.017228 -0.2465563 0.4021322 0.9043678 -0.1207332 0.1624191 0.7566727 0.03779956 0.1739722 0.9991382 0.3832825 0.2507956 0.9966568 0.2054719 0.1217215 0.7802595 -0.0155742 0.3210185 1.007973 -0.0872231 0.7657747 1.059202 -0.2069807 1.148218 0.9593509 -0.2861843 1.486135 0.9447802 0.09435762 0.7652305 1.02009 0.1727902 1.133122 0.8500684 0.2571031 1.467784 0.8038019  A_Punch_SoClose
-0.03958569 0.08625901 0.9719514 -0.09591393 0.1833962 1.01307 -0.2419015 0.3961835 0.8939799 -0.1133295 0.1530663 0.7544421 0.0412189 0.1702405 1.00047 0.3847409 0.2550392 0.9955524 0.2005535 0.1069347 0.7974504 -0.01389341 0.3167444 1.007442 -0.08874135 0.7614789 1.056307 -0.2021686 1.14724 0.9619821 -0.2802048 1.485378 0.9462675 0.09432717 0.7610268 1.024886 0.1745081 1.129503 0.8569583 0.2559033 1.463724 0.8029321  A_Punch_SoClose
-0.03243105 0.08105028 0.9692172 -0.09168653 0.1770512 1.008238 -0.234482 0.3888736 0.8814491 -0.103843 0.1413306 0.7519754 0.04606136 0.1655849 1.002643 0.3869837 0.2579914 0.9938716 0.1959702 0.08805478 0.8214196 -0.01110939 0.3113909 1.007279 -0.09039281 0.7560086 1.052394 -0.1960525 1.145681 0.965413 -0.2723105 1.484129 0.947759 0.094184 0.7558796 1.031587 0.1764449 1.124955 0.8659972 0.254373 1.458156 0.8015589  A_Punch_SoClose
-0.02739774 0.07792151 0.9679788 -0.08831827 0.1731887 1.005705 -0.2286038 0.3845357 0.8744015 -0.09799694 0.1340926 0.7505964 0.04961808 0.1627409 1.004413 0.3895909 0.2567259 0.993019 0.1937376 0.07625449 0.8375329 -0.008741124 0.3081114 1.00773 -0.09120385 0.7525618 1.049735 -0.1919268 1.144672 0.968007 -0.2666889 1.483388 0.9491519 0.09405728 0.7528731 1.036328 0.1774656 1.1222 0.8718756 0.2532839 1.454472 0.8004984  A_Punch_SoClose
-0.02326242 0.07508421 0.9676222 -0.08535473 0.1697305 1.004562 -0.2238725 0.3805474 0.8703808 -0.09456216 0.1276836 0.7501882 0.05265291 0.1602716 1.005851 0.3917439 0.2557914 0.9904479 0.1919602 0.06686616 0.8508123 -0.00680284 0.3052112 1.008482 -0.09190153 0.7495273 1.047615 -0.1891196 1.143469 0.9705871 -0.2625892 1.482383 0.950251 0.09366824 0.7502893 1.039565 0.1779834 1.12015 0.8767842 0.2524196 1.451498 0.7998708  A_Punch_SoClose
-0.01855843 0.07151473 0.9680823 -0.08174102 0.1654301 1.004544 -0.2191833 0.3751549 0.8681778 -0.09237348 0.1197705 0.7506803 0.05632832 0.1573222 1.007439 0.3942175 0.2550094 0.9850091 0.1902722 0.05680823 0.8657321 -0.00458066 0.3016608 1.009854 -0.0927866 0.7458053 1.045358 -0.1866938 1.141613 0.9739994 -0.2586 1.480712 0.9512914 0.09292914 0.7472379 1.042333 0.1780154 1.118199 0.8824853 0.2510548 1.448426 0.7996415  A_Punch_SoClose
-0.01492809 0.06875503 0.9688061 -0.07896142 0.1621896 1.004935 -0.2160218 0.3707839 0.8675421 -0.09013133 0.1143035 0.7514518 0.05916001 0.1552612 1.008359 0.3962393 0.2547436 0.9819711 0.1910399 0.05060947 0.875543 -0.00299613 0.2990662 1.010839 -0.09334116 0.7431507 1.043338 -0.1855972 1.140096 0.9762739 -0.256537 1.479245 0.9513897 0.09239514 0.7450325 1.043207 0.1780207 1.116998 0.8860029 0.2502615 1.446425 0.7993578  A_Punch_SoClose
-0.01173816 0.06635523 0.9695448 -0.07651977 0.1593876 1.00539 -0.2133488 0.3669279 0.8672913 -0.08800344 0.1097163 0.7522339 0.06164469 0.1535351 1.009074 0.3980341 0.2546346 0.9796447 0.1923428 0.04588413 0.8836306 -0.001640541 0.2968445 1.01167 -0.09377138 0.7408818 1.041487 -0.1849027 1.138702 0.9781712 -0.2550125 1.477873 0.9513077 0.0919487 0.7431459 1.043602 0.1779758 1.116039 0.8888329 0.2495536 1.444784 0.7991055  A_Punch_SoClose
-0.007847769 0.06382751 0.9704102 -0.07360254 0.1564791 1.005841 -0.2114983 0.3623493 0.8673576 -0.08462517 0.1053014 0.7536162 0.06461866 0.1519966 1.009313 0.4003809 0.2547837 0.9777578 0.1952508 0.04211497 0.8894514 -7.764804E-05 0.2946745 1.011917 -0.09366177 0.738859 1.038795 -0.1845466 1.137403 0.9798273 -0.2542603 1.476539 0.951526 0.0920393 0.741198 1.04214 0.1777647 1.115675 0.8910722 0.2483424 1.444229 0.7998623  A_Punch_SoClose
-0.004935546 0.06210673 0.9712256 -0.07142954 0.1544882 1.006334 -0.210385 0.3590254 0.867658 -0.08193611 0.1023208 0.7549142 0.06682779 0.1510402 1.009538 0.4021597 0.2550262 0.9767011 0.1976811 0.03981578 0.8931707 0.001074212 0.2932345 1.012121 -0.09345387 0.7375575 1.03687 -0.1843825 1.136552 0.9811019 -0.253905 1.475652 0.9519199 0.09223516 0.7398784 1.040835 0.1775636 1.115162 0.8915557 0.2473348 1.443429 0.7987083  A_Punch_SoClose
