-0.01850484 0.005456328 8.166781 -0.08292036 0.1042558 8.188472 -0.2793468 0.3693726 8.214665 -0.317504 0.6671394 8.144051 0.05503317 0.09605467 8.194703 0.2777403 0.3389771 8.231162 0.3422118 0.6357967 8.177814 -0.005158944 0.2400132 8.180482 -0.09446166 0.6838545 8.143569 -0.07594524 1.096434 8.140358 -0.05476902 1.442298 8.164923 0.0912409 0.6858543 8.147045 0.1304121 1.088112 8.063034 0.1618557 1.434859 8.05799  O_Gathering_Close
-0.02035795 0.005848646 8.166354 -0.08465914 0.1045127 8.188786 -0.281314 0.3695656 8.21593 -0.318027 0.6668312 8.142494 0.05330302 0.09618509 8.194646 0.2765765 0.3386184 8.231394 0.3403213 0.6353142 8.176506 -0.006797535 0.2402043 8.180655 -0.09604274 0.6840488 8.144009 -0.0766723 1.096583 8.140082 -0.05479835 1.442377 8.165011 0.08966692 0.6860492 8.147086 0.1301325 1.085084 8.049428 0.1601298 1.431946 8.055338  O_Gathering_Close
-0.02287672 0.006402612 8.165753 -0.08701865 0.1048818 8.189166 -0.2839684 0.3698512 8.217579 -0.3189439 0.6664596 8.140718 0.05095281 0.09638107 8.19454 0.2749517 0.3381673 8.231676 0.3377466 0.6346897 8.174794 -0.009019179 0.2404832 8.180854 -0.0981801 0.684332 8.144559 -0.07762621 1.096798 8.139651 -0.05478148 1.442493 8.16508 0.08753742 0.6863335 8.14712 0.1295914 1.081321 8.034783 0.1561651 1.428055 8.052608  O_Gathering_Close
-0.03103016 0.007915497 8.163823 -0.09466563 0.1058095 8.190106 -0.2924033 0.3705384 8.222287 -0.3230285 0.6652244 8.136673 0.04331984 0.0967797 8.194074 0.2693295 0.3366683 8.232364 0.3294238 0.6326125 8.169833 -0.01624261 0.2411344 8.18129 -0.1051223 0.6849949 8.146009 -0.08090572 1.097214 8.138027 -0.05501251 1.442575 8.165028 0.08060952 0.6870009 8.147104 0.1269813 1.073412 8.009483 0.150489 1.418582 8.048894  O_Gathering_Close
-0.03822563 0.009274125 8.162265 -0.1014033 0.1066525 8.190858 -0.2997752 0.3711689 8.226131 -0.3275308 0.6643868 8.134697 0.03657957 0.09716904 8.19369 0.2641536 0.3354816 8.232925 0.3221321 0.6308746 8.165949 -0.02261464 0.2417389 8.181651 -0.1112305 0.6856081 8.147189 -0.08382253 1.097569 8.136639 -0.0552269 1.442617 8.164896 0.07450445 0.687619 8.147131 0.1239301 1.067872 7.994264 0.1462686 1.411185 8.047976  O_Gathering_Close
-0.04640428 0.01080596 8.160706 -0.109055 0.1076041 8.191706 -0.308136 0.3718677 8.230243 -0.3336132 0.6638349 8.134255 0.02891179 0.09761798 8.193349 0.2580405 0.3342613 8.23366 0.3138233 0.6290197 8.162174 -0.02985875 0.2424246 8.182105 -0.1181648 0.6863008 8.148496 -0.08716916 1.097922 8.135013 -0.05550961 1.442585 8.164664 0.06756593 0.6883197 8.147257 0.1195921 1.063295 7.982664 0.1417354 1.404419 8.048932  O_Gathering_Close
-0.05593274 0.01253378 8.15909 -0.1179675 0.1086768 8.192623 -0.3177855 0.3726531 8.234709 -0.3415971 0.6636416 8.13538 0.01996584 0.09811771 8.19301 0.2507014 0.3329178 8.234408 0.3042473 0.6269351 8.15831 -0.03830187 0.2431922 8.182635 -0.126222 0.6870766 8.149937 -0.09106629 1.098255 8.133479 -0.05584977 1.442458 8.164428 0.05949678 0.6891027 8.147491 0.1141474 1.059562 7.973776 0.1372632 1.398058 8.052093  O_Gathering_Close
-0.0686758 0.01440394 8.15713 -0.12989 0.1098046 8.193491 -0.3304945 0.3734398 8.239955 -0.3544573 0.6643665 8.140482 0.007980244 0.09849727 8.192393 0.2404894 0.3310696 8.234693 0.2916416 0.6242338 8.153807 -0.04960154 0.2439188 8.183103 -0.1369597 0.6878202 8.15151 -0.09610341 1.098425 8.133919 -0.0562893 1.442144 8.164671 0.04873635 0.6898432 8.147708 0.1067563 1.0571 7.968378 0.1316589 1.392376 8.059029  O_Gathering_Close
-0.08116268 0.0163393 8.155722 -0.1416445 0.1110904 8.194386 -0.3428293 0.3744643 8.2445 -0.3682112 0.6659703 8.147098 -0.003847761 0.09906709 8.192204 0.2300869 0.3296278 8.235005 0.2795294 0.6221166 8.150684 -0.06073455 0.2448175 8.18383 -0.1474586 0.6887407 8.15312 -0.1010329 1.098678 8.133861 -0.05677889 1.441835 8.164819 0.03821846 0.6907513 8.148479 0.09969963 1.057532 7.969326 0.1270749 1.389524 8.070713  O_Gathering_Close
-0.0984004 0.02042747 8.155409 -0.1580729 0.114354 8.196617 -0.3598949 0.3775547 8.25023 -0.3875139 0.6697417 8.155513 -0.02037762 0.1013652 8.19369 0.2148871 0.3294554 8.236086 0.2635758 0.6214263 8.14956 -0.07626675 0.2475549 8.186318 -0.1619049 0.6915401 8.156468 -0.107803 1.099812 8.125459 -0.05596231 1.441196 8.163451 0.02376874 0.6934787 8.151664 0.09086443 1.064104 7.98273 0.1220323 1.389521 8.102648  O_Gathering_Close
-0.1130373 0.02659833 8.156957 -0.1728928 0.1197262 8.19916 -0.3744821 0.383345 8.252205 -0.4036998 0.6754806 8.157808 -0.03524576 0.1059464 8.198341 0.2010344 0.3317072 8.242108 0.2501068 0.6235883 8.155496 -0.09016709 0.2524933 8.190786 -0.1744093 0.6964839 8.160127 -0.1145149 1.10231 8.11225 -0.05514417 1.441026 8.16145 0.01132144 0.6984622 8.158821 0.08456428 1.074308 8.004617 0.1190473 1.3911 8.144979  O_Gathering_Close
-0.1233958 0.03330934 8.159245 -0.1842759 0.1257434 8.201077 -0.3849102 0.3901501 8.250508 -0.4149067 0.6816572 8.154428 -0.04672448 0.1114148 8.204476 0.1903244 0.3351738 8.251557 0.2403167 0.6272293 8.166066 -0.1008135 0.2582072 8.195773 -0.1835381 0.7021493 8.162998 -0.1191128 1.105011 8.098763 -0.05284826 1.440518 8.159739 0.002133863 0.7042602 8.167795 0.08022143 1.08445 8.027219 0.1163474 1.392087 8.186286  O_Gathering_Close
-0.1355638 0.04478657 8.16412 -0.1982745 0.1362215 8.204844 -0.3968185 0.4021243 8.247752 -0.4269587 0.6919727 8.146822 -0.06112723 0.1212425 8.215017 0.1769002 0.341858 8.267099 0.2286706 0.6341832 8.183611 -0.1140793 0.2683266 8.204446 -0.194583 0.7121597 8.168386 -0.1248602 1.109602 8.080338 -0.0490394 1.439633 8.157826 -0.009412451 0.7145434 8.1828 0.07479437 1.100103 8.061735 0.1120212 1.393872 8.244933  O_Gathering_Close
-0.145772 0.05883896 8.171168 -0.2106437 0.1492158 8.210237 -0.4059513 0.4171211 8.245271 -0.4353726 0.7044805 8.137259 -0.07433216 0.1336635 8.227972 0.1647194 0.3503721 8.285278 0.2189732 0.642908 8.204139 -0.1261065 0.2810041 8.215342 -0.2041901 0.7246808 8.175743 -0.1297926 1.114789 8.062363 -0.04525737 1.438527 8.155752 -0.02015893 0.7274315 8.200772 0.06987603 1.117709 8.100869 0.1073027 1.396606 8.305963  O_Gathering_Close
-0.1516777 0.07289922 8.178437 -0.2184292 0.1623312 8.216001 -0.4108663 0.431808 8.244936 -0.4377249 0.7156169 8.127298 -0.08309452 0.1464721 8.239881 0.1560815 0.3602492 8.301208 0.2119622 0.653113 8.222389 -0.13405 0.2939602 8.225733 -0.2104185 0.7375007 8.183712 -0.1335081 1.120127 8.048595 -0.04247217 1.437871 8.155482 -0.0277531 0.7406235 8.217255 0.06474598 1.133589 8.131082 0.1000782 1.400289 8.352148  O_Gathering_Close
-0.1553692 0.08940303 8.187805 -0.2240611 0.1778499 8.223697 -0.4134917 0.448824 8.246826 -0.435443 0.7265568 8.114575 -0.08994858 0.1618406 8.25361 0.1486995 0.3729082 8.318892 0.2058701 0.6663116 8.243061 -0.1402368 0.3094131 8.238027 -0.2152072 0.7528095 8.193869 -0.1371373 1.125914 8.034894 -0.04011599 1.437178 8.154792 -0.0342503 0.756353 8.235624 0.05887027 1.151196 8.159262 0.09028073 1.406506 8.393948  O_Gathering_Close
-0.1577547 0.1125804 8.199431 -0.2287727 0.1996871 8.233475 -0.414769 0.4722356 8.25107 -0.4302267 0.7411038 8.100808 -0.09636818 0.1836025 8.270185 0.1444644 0.3874775 8.339302 0.2074271 0.6806855 8.267406 -0.1460917 0.3312392 8.253442 -0.2197677 0.7745229 8.208063 -0.1405006 1.132604 8.018144 -0.03595392 1.435566 8.15215 -0.04120098 0.7785509 8.259046 0.05207701 1.174281 8.187632 0.07730325 1.415016 8.437948  O_Gathering_Close
-0.1566942 0.1368817 8.20904 -0.2299617 0.2224263 8.241762 -0.4139822 0.4955769 8.257253 -0.4254557 0.7568145 8.093758 -0.0992447 0.2064843 8.284143 0.1419711 0.4047971 8.354815 0.2082777 0.6978886 8.285495 -0.1489771 0.3540931 8.267181 -0.2225927 0.7973066 8.223053 -0.1439399 1.138626 8.004216 -0.03317009 1.434072 8.149527 -0.04642741 0.8018745 8.281759 0.0472994 1.196801 8.206582 0.06537212 1.421877 8.471652  O_Gathering_Close
-0.1536578 0.1604369 8.215013 -0.228629 0.2444447 8.247508 -0.4116592 0.5181906 8.262159 -0.4175353 0.7722901 8.087499 -0.09900443 0.2287239 8.293199 0.141667 0.4236315 8.361588 0.2090856 0.7164556 8.292211 -0.1493154 0.3762411 8.27717 -0.2239212 0.8193756 8.235949 -0.1476235 1.146152 7.995178 -0.03254644 1.433719 8.152455 -0.04937522 0.8243917 8.299274 0.04633041 1.216193 8.21132 0.05854233 1.426503 8.488571  O_Gathering_Close
-0.1493099 0.1890765 8.218591 -0.225437 0.2713448 8.25259 -0.4070786 0.5467188 8.265943 -0.3997105 0.7921347 8.079329 -0.09595464 0.2559383 8.298787 0.1440951 0.4481072 8.35879 0.2111518 0.7401218 8.285748 -0.1475946 0.4032627 8.285438 -0.2243787 0.846244 8.249387 -0.1508676 1.153224 7.983053 -0.03105078 1.432716 8.150989 -0.0502166 0.8516582 8.313728 0.05030288 1.234406 8.196239 0.05779668 1.428701 8.485101  O_Gathering_Close
-0.1402535 0.2345154 8.218269 -0.2176391 0.3138784 8.255992 -0.4011674 0.5901071 8.268162 -0.3736429 0.8188747 8.063185 -0.08756785 0.2990733 8.300708 0.1502634 0.4896183 8.343113 0.2141871 0.7799361 8.261053 -0.1418761 0.4458505 8.293195 -0.2228129 0.8882404 8.266912 -0.1561042 1.163253 7.966092 -0.03109221 1.431535 8.147944 -0.04820595 0.8942849 8.329979 0.05739446 1.259009 8.168028 0.05798765 1.427489 8.472761  O_Gathering_Close
-0.132303 0.2689401 8.214767 -0.2105447 0.3459235 8.255535 -0.401073 0.6200865 8.268078 -0.3632605 0.8331959 8.048392 -0.07994674 0.3316121 8.298855 0.1549601 0.5227612 8.326435 0.2148011 0.8113107 8.235537 -0.1364245 0.4777411 8.296414 -0.2204378 0.9192748 8.277859 -0.1596469 1.169674 7.95509 -0.03161136 1.430343 8.1457 -0.04541044 0.9257983 8.339701 0.06188818 1.278104 8.153231 0.05816289 1.427256 8.467854  O_Gathering_Close
-0.1217773 0.3126153 8.206698 -0.2010092 0.3860127 8.251948 -0.4002952 0.6564031 8.264616 -0.3468487 0.8497034 8.030339 -0.06964032 0.3723029 8.293077 0.1608319 0.5657822 8.301329 0.2148211 0.8516141 8.19891 -0.1290182 0.5172048 8.298281 -0.2171436 0.9569024 8.290955 -0.1645854 1.176107 7.944889 -0.03358541 1.428666 8.144205 -0.04149823 0.9641535 8.350936 0.0685264 1.297049 8.133039 0.06116017 1.428666 8.455329  O_Gathering_Close
-0.1116171 0.3523517 8.194962 -0.1916196 0.4218097 8.244853 -0.3969468 0.6880922 8.256229 -0.3251342 0.8639663 8.013292 -0.05947761 0.4086257 8.283608 0.1658788 0.6059071 8.273639 0.2134975 0.8885601 8.159866 -0.1215426 0.5518717 8.296948 -0.2134837 0.9889221 8.301264 -0.1689282 1.179851 7.937759 -0.03576783 1.42663 8.142801 -0.03723381 0.996964 8.35934 0.07285102 1.315548 8.121035 0.06222834 1.429396 8.449932  O_Gathering_Close
-0.09783886 0.4045255 8.172534 -0.1787974 0.4674721 8.229109 -0.3922149 0.7255199 8.241765 -0.2980441 0.8827441 7.993733 -0.04566453 0.4550401 8.264582 0.1721682 0.6580169 8.230952 0.211281 0.9357089 8.10265 -0.111414 0.5948804 8.290488 -0.208927 1.026766 8.31326 -0.1749709 1.182358 7.932192 -0.03931592 1.42333 8.142439 -0.03191469 1.035944 8.368793 0.07758994 1.338189 8.109833 0.0633107 1.430029 8.445406  O_Gathering_Close
-0.088347 0.440529 8.152595 -0.1698862 0.4979621 8.214023 -0.3888968 0.7484748 8.229988 -0.2812581 0.8965005 7.981775 -0.03610096 0.4861075 8.247162 0.1757996 0.693512 8.197496 0.2087686 0.9671504 8.059151 -0.1044283 0.6224962 8.282923 -0.2060883 1.049442 8.320593 -0.1792061 1.182613 7.930571 -0.04182081 1.42078 8.14288 -0.02858202 1.059451 8.374378 0.08055283 1.352175 8.104553 0.06425197 1.430504 8.443443  O_Gathering_Close
-0.07545291 0.4891666 8.119091 -0.1577855 0.5374969 8.187007 -0.383942 0.7758994 8.215888 -0.2620268 0.9154093 7.96935 -0.02324156 0.5265181 8.21725 0.1798981 0.7405242 8.147293 0.2048772 1.008223 7.996238 -0.09516518 0.6562249 8.267773 -0.2032336 1.074344 8.329041 -0.1849894 1.182017 7.930734 -0.04534946 1.417159 8.144937 -0.02517246 1.085612 8.380701 0.08429356 1.368668 8.10088 0.06516828 1.430835 8.442958  O_Gathering_Close
-0.06319146 0.5355955 8.081079 -0.1462511 0.5732955 8.154673 -0.3803041 0.7966147 8.204174 -0.2507215 0.9320855 7.9593 -0.01111369 0.5632718 8.182506 0.1824519 0.7846831 8.095538 0.1999356 1.046553 7.933603 -0.08655427 0.6838274 8.248266 -0.2017149 1.090582 8.335716 -0.1903151 1.180502 7.932777 -0.04829798 1.413612 8.147636 -0.02327059 1.103339 8.38568 0.08827265 1.380576 8.100898 0.06612249 1.430703 8.444765  O_Gathering_Close
-0.05548261 0.5640152 8.055693 -0.1390255 0.5942019 8.1322 -0.3775982 0.8060154 8.199683 -0.2471717 0.9418079 7.955436 -0.003607078 0.5848587 8.15888 0.183265 0.8116186 8.063317 0.1962553 1.070314 7.895949 -0.08132212 0.6981536 8.234206 -0.2016588 1.095993 8.339546 -0.1935785 1.179064 7.935061 -0.04997109 1.411395 8.149707 -0.02309327 1.110048 8.388722 0.09149195 1.384133 8.102103 0.06677963 1.429875 8.446406  O_Gathering_Close
-0.0490195 0.5890075 8.033748 -0.1328956 0.6122329 8.112349 -0.3746311 0.8124293 8.197 -0.2454028 0.949954 7.953085 0.002748804 0.6035861 8.138099 0.1836859 0.8347613 8.035278 0.1934059 1.090097 7.862612 -0.07690816 0.7096069 8.221548 -0.2020059 1.098564 8.342754 -0.1964478 1.177516 7.937402 -0.05132512 1.40942 8.15149 -0.02340184 1.113966 8.391384 0.09512307 1.385174 8.103633 0.06754835 1.428724 8.448003  O_Gathering_Close
-0.04276441 0.6158632 8.012815 -0.126793 0.6316838 8.093143 -0.3714531 0.818262 8.193748 -0.2434023 0.9585226 7.950773 0.009095745 0.6239481 8.117874 0.1835252 0.8587452 8.00672 0.1902588 1.109184 7.826888 -0.0724213 0.7216805 8.209268 -0.2024402 1.100575 8.346232 -0.1995746 1.17569 7.940124 -0.05276255 1.407336 8.153337 -0.02384381 1.117631 8.394336 0.1003906 1.384718 8.105142 0.06875516 1.427158 8.449301  O_Gathering_Close
-0.03696738 0.6429281 7.993172 -0.1209379 0.6511477 8.074768 -0.3678736 0.8226813 8.190415 -0.2418355 0.9668361 7.948669 0.01520367 0.6446194 8.098435 0.181253 0.8847653 7.982913 0.1835173 1.133161 7.800159 -0.06803362 0.7332888 8.197222 -0.2029891 1.101251 8.349523 -0.2026188 1.173499 7.942884 -0.05406473 1.405127 8.154908 -0.02446918 1.120105 8.397238 0.1066803 1.382339 8.106658 0.07028432 1.425108 8.450306  O_Gathering_Close
-0.03153626 0.6714001 7.974297 -0.1151949 0.6715741 8.056723 -0.3637438 0.8262298 8.186812 -0.2407552 0.9753309 7.9465 0.02120961 0.6667703 8.079261 0.1787725 0.9114873 7.959302 0.177416 1.156712 7.772305 -0.06367664 0.7452818 8.184995 -0.2037157 1.100925 8.352992 -0.2056193 1.170845 7.945951 -0.05535595 1.402753 8.156459 -0.02534298 1.121611 8.400497 0.1136494 1.378014 8.108364 0.07198758 1.42262 8.45118  O_Gathering_Close
-0.02727489 0.7000293 7.957272 -0.110128 0.6919484 8.040233 -0.3594754 0.828676 8.183007 -0.2403694 0.9836422 7.944456 0.02656789 0.6897331 8.061364 0.1754099 0.939048 7.938276 0.1710291 1.181428 7.747653 -0.05968348 0.7572948 8.173371 -0.2044655 1.099996 8.356214 -0.2082977 1.167936 7.948851 -0.0564479 1.40028 8.157734 -0.02628486 1.122312 8.403703 0.1204724 1.372599 8.110066 0.07373889 1.419903 8.451865  O_Gathering_Close
-0.02487717 0.7259387 7.943729 -0.1063489 0.7101156 8.027065 -0.3557177 0.8300806 8.179247 -0.2406844 0.9913355 7.942875 0.0306014 0.7114905 8.046558 0.1713052 0.9652964 7.921766 0.1647416 1.205527 7.728502 -0.05654005 0.7684225 8.163668 -0.2050334 1.099264 8.358788 -0.2104021 1.165232 7.951119 -0.05721382 1.397978 8.158571 -0.0270177 1.122653 8.40638 0.1258469 1.367637 8.111389 0.07526179 1.417507 8.452273  O_Gathering_Close
-0.02451388 0.7494467 7.932797 -0.1039342 0.7263157 8.016545 -0.3526509 0.8307164 8.175603 -0.2411582 0.9973344 7.941263 0.0331638 0.7321498 8.034078 0.1662287 0.9903353 7.908523 0.1581407 1.22911 7.713521 -0.05417578 0.7786906 8.155548 -0.2053582 1.098891 8.360765 -0.2119227 1.162799 7.952786 -0.05757437 1.39581 8.159078 -0.02745406 1.12282 8.408505 0.1296818 1.363608 8.112309 0.07660241 1.415398 8.452526  O_Gathering_Close
-0.02607499 0.7677065 7.925248 -0.1030724 0.7385921 8.009527 -0.3509054 0.8307105 8.172591 -0.2413757 1.00043 7.939555 0.03399755 0.7490687 8.024998 0.1608457 1.011091 7.899386 0.1518763 1.249256 7.70368 -0.05281959 0.7868463 8.149837 -0.205427 1.099163 8.362048 -0.2127696 1.160997 7.953762 -0.05755107 1.394086 8.159312 -0.02754752 1.123001 8.409925 0.1311982 1.361464 8.112706 0.07746281 1.413967 8.452712  O_Gathering_Close
-0.0286601 0.78277 7.919561 -0.1029546 0.7484003 8.004427 -0.3494656 0.8300055 8.169962 -0.2415245 1.00249 7.938219 0.03386887 0.7637829 8.017841 0.1551932 1.029407 7.89255 0.1455524 1.267582 7.696887 -0.05196689 0.7936329 8.145476 -0.2053417 1.099661 8.362863 -0.21332 1.159629 7.954311 -0.0573353 1.392651 8.159356 -0.02745025 1.123197 8.410844 0.1321169 1.360119 8.112835 0.07828273 1.412876 8.452785  O_Gathering_Close
-0.03216533 0.7944225 7.915525 -0.103444 0.7554861 8.001155 -0.3479194 0.8282499 8.16791 -0.2418043 1.003993 7.937776 0.03288086 0.7761218 8.012423 0.1493325 1.045222 7.887471 0.1392387 1.284045 7.692622 -0.05152736 0.7988414 8.142455 -0.2051382 1.100289 8.363094 -0.2135615 1.158794 7.954339 -0.05694107 1.39156 8.15919 -0.02722828 1.123498 8.411166 0.1332425 1.359394 8.112828 0.07921423 1.412117 8.452753  O_Gathering_Close
-0.03765146 0.8051543 7.912068 -0.1046903 0.7612791 7.998942 -0.3458729 0.8247535 8.165737 -0.2422973 1.005138 7.938051 0.03057219 0.7890409 8.007344 0.1416829 1.062658 7.883277 0.1308783 1.303508 7.690978 -0.05143533 0.803617 8.140053 -0.2047796 1.101286 8.362866 -0.2136089 1.158307 7.95391 -0.05632667 1.390586 8.158807 -0.02684121 1.123983 8.411077 0.1345207 1.359263 8.112733 0.08038808 1.411602 8.452701  O_Gathering_Close
-0.04224555 0.8097565 7.910285 -0.105933 0.7630204 7.998375 -0.3440061 0.8212137 8.164232 -0.2429979 1.005812 7.938781 0.02820803 0.7962731 8.004515 0.1363215 1.073569 7.882152 0.1248542 1.317686 7.694056 -0.05161915 0.8055776 8.139015 -0.2044946 1.101926 8.362453 -0.2135254 1.158309 7.953413 -0.0558521 1.39014 8.158515 -0.02656691 1.124212 8.410895 0.1354249 1.359369 8.112796 0.08121248 1.411394 8.452799  O_Gathering_Close
-0.04548899 0.8111206 7.909427 -0.1069192 0.7630012 7.99853 -0.3426954 0.8184267 8.163342 -0.2436479 1.006021 7.9395 0.0263166 0.7999436 8.003083 0.1334021 1.079926 7.882947 0.1203879 1.327376 7.699363 -0.05188994 0.8061549 8.13871 -0.204323 1.102336 8.362032 -0.2134369 1.158486 7.952962 -0.05558632 1.389975 8.158316 -0.02642183 1.124332 8.410704 0.135955 1.35968 8.112964 0.08168454 1.411419 8.453002  O_Gathering_Close
-0.04742084 0.8113624 7.908825 -0.1075895 0.7628039 7.998691 -0.3419519 0.8167166 8.162868 -0.2440666 1.005942 7.939889 0.02506049 0.8018977 8.002282 0.1325451 1.083748 7.88519 0.1157684 1.334355 7.706251 -0.05211661 0.8063766 8.138565 -0.2042335 1.102568 8.361713 -0.2134585 1.158636 7.952634 -0.0555381 1.389882 8.158207 -0.02636252 1.124377 8.410579 0.1362006 1.360069 8.113214 0.08191867 1.41154 8.45329  O_Gathering_Close
-0.04879741 0.8103179 7.908331 -0.108222 0.7620769 7.999029 -0.3414945 0.8153421 8.162703 -0.2445147 1.005555 7.940168 0.02399881 0.8026581 8.001869 0.1336277 1.08614 7.889598 0.1105698 1.341074 7.717605 -0.05241571 0.8061644 8.138609 -0.2042317 1.102696 8.361332 -0.2135306 1.158858 7.952268 -0.05566541 1.38986 8.158157 -0.02641021 1.12435 8.410446 0.1362711 1.360712 8.113678 0.08195646 1.411812 8.453805  O_Gathering_Close
-0.04903356 0.808759 7.907783 -0.1084986 0.7615027 7.999157 -0.3415076 0.8146752 8.16262 -0.2450413 1.00503 7.939984 0.02352806 0.8027247 8.001798 0.1376592 1.087179 7.896336 0.1074733 1.347676 7.734057 -0.05271898 0.8059339 8.138639 -0.2043117 1.102682 8.360993 -0.2137577 1.158978 7.95195 -0.05603502 1.389813 8.158135 -0.02652643 1.124255 8.410274 0.1361251 1.361624 8.114294 0.08182605 1.412261 8.454493  O_Gathering_Close
-0.04826633 0.8060148 7.907332 -0.1086398 0.7606213 7.999263 -0.3421148 0.8147805 8.162576 -0.2456171 1.004167 7.939129 0.02345617 0.801595 8.002275 0.1451379 1.085893 7.906492 0.1073653 1.353366 7.757712 -0.05330442 0.8053908 8.138814 -0.2047287 1.102521 8.360531 -0.2141369 1.15914 7.951531 -0.05667995 1.3898 8.158115 -0.0269662 1.124096 8.409892 0.1358346 1.363025 8.115252 0.08145298 1.413045 8.455529  O_Gathering_Close
-0.04803763 0.8024397 7.907383 -0.1093516 0.7589629 7.999794 -0.3430017 0.8151361 8.162284 -0.2460459 1.00303 7.937778 0.02281042 0.7996911 8.003209 0.1524437 1.08291 7.916871 0.1110429 1.35632 7.780352 -0.05458389 0.8043721 8.139362 -0.205685 1.102457 8.359793 -0.2144867 1.159571 7.950849 -0.0571907 1.389879 8.157948 -0.02790467 1.124043 8.409085 0.1359083 1.364631 8.116363 0.08117689 1.414081 8.456667  O_Gathering_Close
-0.04798208 0.7979469 7.907755 -0.1104796 0.7566255 8.000524 -0.3441452 0.8156527 8.161878 -0.2464485 1.001575 7.936056 0.02180608 0.796895 8.004539 0.1606543 1.078138 7.929614 0.1164414 1.357199 7.806022 -0.05649058 0.8028549 8.140125 -0.2072289 1.102303 8.358733 -0.2148166 1.160227 7.949879 -0.05770246 1.39003 8.157677 -0.02942757 1.123895 8.407948 0.1361553 1.366596 8.117978 0.08076818 1.415497 8.458256  O_Gathering_Close
-0.04806386 0.7943811 7.908184 -0.1115028 0.7546339 8.0011 -0.3450572 0.8160672 8.16153 -0.2466944 1.000383 7.934683 0.02089842 0.7944638 8.005656 0.166606 1.073821 7.939836 0.1209095 1.356438 7.825191 -0.05817143 0.8015066 8.140739 -0.2086713 1.102095 8.357816 -0.2149982 1.160795 7.949051 -0.05803786 1.390173 8.157433 -0.03086071 1.123682 8.406999 0.1364037 1.36808 8.119431 0.08037348 1.416682 8.459645  O_Gathering_Close
-0.04818181 0.7906377 7.908549 -0.1126447 0.7524611 8.001514 -0.3460425 0.8164507 8.161022 -0.2468596 0.9989797 7.933089 0.01987191 0.7918223 8.006739 0.1726133 1.069102 7.951144 0.1267173 1.354994 7.845015 -0.06007956 0.7999336 8.141242 -0.2105648 1.101587 8.356809 -0.2150792 1.161332 7.948171 -0.05839733 1.390311 8.157199 -0.03278009 1.123179 8.406082 0.1365133 1.369314 8.121195 0.07967921 1.41792 8.461276  O_Gathering_Close
-0.0480297 0.7812059 7.909698 -0.1150794 0.7466884 8.002462 -0.3484083 0.817116 8.159461 -0.2466543 0.994935 7.928953 0.0176868 0.7848938 8.009585 0.1861686 1.056927 7.981625 0.1444218 1.34947 7.893419 -0.06462799 0.7956032 8.142472 -0.2158758 1.099828 8.354165 -0.2146497 1.162336 7.945918 -0.05931358 1.390672 8.156648 -0.0382881 1.121518 8.404102 0.1363352 1.371869 8.126191 0.07691546 1.421093 8.465741  O_Gathering_Close
-0.04694508 0.7730003 7.911141 -0.1160346 0.7412862 8.003539 -0.349939 0.8169384 8.158104 -0.2458946 0.9911337 7.925858 0.01688035 0.7786304 8.012273 0.1953185 1.046619 8.00766 0.1608157 1.343488 7.931619 -0.06739639 0.7914968 8.143731 -0.2199242 1.097992 8.351892 -0.2134998 1.162751 7.944044 -0.06006901 1.391067 8.156187 -0.04261742 1.119886 8.402729 0.1356123 1.373884 8.130475 0.07371475 1.423786 8.469483  O_Gathering_Close
-0.04578255 0.7659171 7.912474 -0.1162998 0.7362909 8.004568 -0.3507559 0.8160423 8.157308 -0.2454156 0.9881671 7.924104 0.01672407 0.7729657 8.01441 0.2009203 1.037969 8.025377 0.1739109 1.337497 7.957132 -0.06891553 0.7875751 8.144801 -0.2223529 1.096044 8.350008 -0.2120512 1.162966 7.94259 -0.06038259 1.3915 8.155763 -0.04526667 1.118085 8.401546 0.1346849 1.375314 8.13349 0.07121243 1.425831 8.472116  O_Gathering_Close
-0.04453246 0.7586616 7.913462 -0.1162271 0.7307606 8.005244 -0.3509393 0.8142287 8.15664 -0.245256 0.9852932 7.922812 0.01688452 0.7668482 8.016025 0.2049839 1.029388 8.03907 0.1847683 1.330725 7.976686 -0.06988893 0.7829732 8.145484 -0.2242118 1.09318 8.348421 -0.2105816 1.163008 7.941589 -0.06047926 1.391948 8.155434 -0.047334 1.115325 8.400626 0.1331985 1.37574 8.13606 0.06895883 1.427375 8.474372  O_Gathering_Close
-0.04239528 0.7454866 7.913791 -0.1155873 0.7196685 8.005056 -0.3501307 0.8085301 8.155263 -0.2460746 0.9803606 7.921268 0.01764997 0.7548792 8.017109 0.2099015 1.01435 8.052581 0.1985588 1.31717 7.995348 -0.07058637 0.7730045 8.145309 -0.2263894 1.085471 8.346584 -0.2084092 1.162727 7.941266 -0.06015889 1.392722 8.15527 -0.04983012 1.107606 8.39986 0.1290769 1.373355 8.139527 0.06578495 1.428639 8.477441  O_Gathering_Close
-0.04076062 0.7343788 7.913887 -0.114949 0.7099693 8.004765 -0.349113 0.8029017 8.154158 -0.247161 0.9763529 7.920431 0.01837279 0.7445481 8.017682 0.2129866 1.002077 8.060006 0.2076401 1.305467 8.004958 -0.07084565 0.7641371 8.144983 -0.2278015 1.078303 8.345584 -0.2068701 1.162217 7.941734 -0.05973713 1.393325 8.155312 -0.05148355 1.100363 8.399686 0.1252701 1.370099 8.141996 0.06356575 1.429077 8.479579  O_Gathering_Close
-0.03725151 0.7078935 7.91446 -0.1134456 0.6864849 8.004479 -0.3463775 0.7884909 8.151628 -0.2500393 0.9670247 7.919353 0.02002569 0.7197618 8.019154 0.2184796 0.9736072 8.073432 0.2246186 1.27744 8.020972 -0.07117902 0.7426363 8.144485 -0.2307092 1.060723 8.344126 -0.2038047 1.160362 7.944222 -0.05872152 1.394604 8.155777 -0.05492989 1.082533 8.40005 0.116033 1.360523 8.147272 0.05887284 1.429239 8.483811  O_Gathering_Close
-0.03438036 0.6809046 7.915652 -0.1122569 0.6623105 8.004884 -0.3435743 0.7732456 8.149029 -0.2532549 0.9581261 7.919313 0.02133568 0.6944062 8.021013 0.2225704 0.9453568 8.083356 0.2381475 1.249017 8.031859 -0.07151119 0.7205554 8.144484 -0.2331905 1.042681 8.34303 -0.2010876 1.158085 7.947776 -0.05755822 1.395822 8.156472 -0.05789999 1.064182 8.400584 0.1076258 1.349553 8.152456 0.05506786 1.428761 8.487436  O_Gathering_Close
-0.032333 0.6582893 7.916975 -0.1114006 0.6419278 8.005612 -0.3411661 0.7601254 8.146763 -0.2561751 0.9509563 7.919898 0.02226962 0.6731675 8.022747 0.224738 0.9223716 8.091192 0.2468659 1.225757 8.04048 -0.07172345 0.7020029 8.144744 -0.235006 1.027462 8.342211 -0.1991381 1.155949 7.951341 -0.05679719 1.396841 8.157215 -0.06007991 1.048783 8.400928 0.1009863 1.340157 8.156875 0.05224343 1.428189 8.490226  O_Gathering_Close
-0.03045086 0.6336269 7.918816 -0.1106724 0.6196434 8.006836 -0.3385428 0.7457206 8.144067 -0.2595384 0.9436008 7.921111 0.02306976 0.6500242 8.024927 0.2263316 0.8977643 8.099133 0.2546575 1.200764 8.049202 -0.07201116 0.6817833 8.145345 -0.2368055 1.01091 8.341327 -0.1970726 1.153384 7.955714 -0.05601804 1.397902 8.158171 -0.06224523 1.032064 8.401183 0.09424384 1.329787 8.16186 0.04953654 1.427436 8.493091  O_Gathering_Close
-0.0289257 0.6063966 7.921475 -0.1103611 0.5951443 8.00878 -0.3359492 0.7300074 8.141024 -0.2629325 0.9353768 7.922851 0.02347179 0.6244908 8.02788 0.2283682 0.8705009 8.106116 0.2633586 1.172837 8.056386 -0.07269512 0.6596659 8.146472 -0.2386887 0.9931462 8.340161 -0.1946613 1.150523 7.960861 -0.05488209 1.399043 8.159288 -0.06451951 1.013997 8.40125 0.08767875 1.318378 8.167603 0.04705926 1.426626 8.496054  O_Gathering_Close
-0.02754019 0.5703673 7.925661 -0.110371 0.562748 8.012045 -0.3327729 0.7089114 8.137036 -0.2672119 0.9234155 7.925383 0.02357944 0.5907732 8.032271 0.2297601 0.8350986 8.115639 0.2722689 1.136608 8.066759 -0.07375662 0.6305958 8.148415 -0.2409189 0.9699591 8.338367 -0.1920732 1.14674 7.968318 -0.05374626 1.400578 8.160948 -0.0672072 0.9905053 8.400846 0.07968654 1.303816 8.175764 0.04425551 1.425632 8.500037  O_Gathering_Close
-0.02702008 0.5204818 7.932695 -0.1114713 0.5182432 8.017808 -0.3292587 0.6793512 8.132118 -0.2721612 0.9043221 7.929053 0.02266713 0.544401 8.039253 0.2298467 0.7871896 8.128592 0.2809426 1.087666 8.081604 -0.07580464 0.5911159 8.151816 -0.2435185 0.9392698 8.334662 -0.1885603 1.141843 7.978969 -0.05252795 1.40292 8.16338 -0.07033126 0.959498 8.398683 0.07013763 1.285472 8.187938 0.04122801 1.424883 8.505707  O_Gathering_Close
-0.02793418 0.4782574 7.939802 -0.1135151 0.4810077 8.023763 -0.3272321 0.6541911 8.128611 -0.2755081 0.8860653 7.931973 0.02081271 0.5054772 8.046001 0.2286065 0.7474172 8.139218 0.2857359 1.047117 8.094269 -0.07819711 0.5584959 8.155251 -0.2453016 0.914749 8.330146 -0.1852036 1.138065 7.987957 -0.05150143 1.405019 8.165533 -0.07247065 0.934753 8.395191 0.06333609 1.271598 8.198987 0.03941097 1.42479 8.510769  O_Gathering_Close
-0.03004251 0.439707 7.947492 -0.1164535 0.4474756 8.03028 -0.3259428 0.6315551 8.125944 -0.2787911 0.8694761 7.935476 0.01808144 0.4702369 8.053073 0.226248 0.7117087 8.149155 0.2880593 1.010801 8.106403 -0.08104031 0.5294994 8.15896 -0.2465915 0.8937626 8.324713 -0.1823582 1.135255 7.995882 -0.05079446 1.407201 8.167376 -0.07404701 0.9136125 8.39056 0.05785175 1.260413 8.209631 0.03823336 1.425436 8.515622  O_Gathering_Close
-0.03329001 0.4019241 7.956063 -0.1203032 0.4149687 8.037548 -0.3251724 0.6095257 8.12367 -0.2822447 0.8532685 7.939674 0.01445581 0.435912 8.060757 0.2228525 0.677148 8.159083 0.2885531 0.975746 8.118747 -0.0844066 0.501634 8.163013 -0.2475105 0.8740932 8.318245 -0.1795502 1.132782 8.003545 -0.05021445 1.409398 8.169166 -0.07519732 0.8938258 8.38473 0.05296816 1.250256 8.220613 0.03750225 1.426379 8.520597  O_Gathering_Close
-0.03790836 0.365687 7.965359 -0.125224 0.3841478 8.04546 -0.3249135 0.5886632 8.121844 -0.2860605 0.8384752 7.945232 0.00978251 0.4031842 8.068871 0.2185039 0.6442721 8.168842 0.2875429 0.942468 8.131197 -0.08838443 0.4754225 8.167331 -0.248018 0.8560103 8.310936 -0.1766203 1.130627 8.010832 -0.04980717 1.411681 8.170835 -0.07582806 0.875659 8.377765 0.04872324 1.240987 8.231389 0.03751435 1.428058 8.524862  O_Gathering_Close
-0.043456 0.3322808 7.974699 -0.1307912 0.3560162 8.053377 -0.3252842 0.5694647 8.120382 -0.2904486 0.8252838 7.951709 0.00446518 0.3731395 8.076824 0.2135986 0.6140959 8.177916 0.2853707 0.911996 8.143148 -0.09265397 0.4516084 8.17148 -0.2480956 0.8397847 8.302999 -0.1736086 1.12872 8.017441 -0.04939435 1.413822 8.172235 -0.07593249 0.8593677 8.369916 0.04498382 1.232805 8.242137 0.03783514 1.429732 8.529219  O_Gathering_Close
-0.05115638 0.2893865 7.984414 -0.138162 0.3197699 8.061147 -0.32827 0.5430264 8.117818 -0.3027612 0.808325 7.962662 -0.002588911 0.3343248 8.084499 0.2080122 0.5743889 8.18743 0.2839891 0.8718406 8.1582 -0.09789751 0.420476 8.174186 -0.2468078 0.8177064 8.289119 -0.168912 1.125792 8.02532 -0.04857121 1.416383 8.172795 -0.07456766 0.8371618 8.355875 0.0373822 1.224009 8.265209 0.03408875 1.42882 8.546793  O_Gathering_Close
-0.05781869 0.2619749 7.991294 -0.1442717 0.2966179 8.066837 -0.3327482 0.5254763 8.117897 -0.3158582 0.7975916 7.973761 -0.008459194 0.3094149 8.089826 0.2034536 0.5485522 8.194086 0.2821698 0.8457251 8.169664 -0.1021685 0.4003853 8.176384 -0.2460416 0.8030325 8.28023 -0.1662401 1.12386 8.032689 -0.04887579 1.418341 8.174747 -0.07359146 0.8223767 8.346474 0.0362974 1.212656 8.268949 0.03843482 1.430851 8.540304  O_Gathering_Close
-0.06669228 0.231869 7.996455 -0.1519366 0.2710971 8.071126 -0.3385867 0.5057873 8.116676 -0.3327316 0.7857373 7.987443 -0.01574765 0.2818648 8.092895 0.1972049 0.5201119 8.198174 0.2777132 0.8172361 8.179733 -0.1070018 0.3779296 8.176522 -0.2446571 0.7859292 8.269369 -0.1625619 1.120877 8.042113 -0.04890452 1.420349 8.176545 -0.07160132 0.8050835 8.33407 0.03362807 1.198281 8.265325 0.04043802 1.427057 8.527742  O_Gathering_Close
-0.07551287 0.2076705 7.999904 -0.159228 0.2507222 8.074197 -0.3448173 0.4898375 8.116465 -0.3483889 0.7752202 7.999626 -0.02263956 0.2597148 8.094196 0.1932188 0.4965643 8.198215 0.2774754 0.7928368 8.183123 -0.1112637 0.3599527 8.175729 -0.2432137 0.7720388 8.259993 -0.1594182 1.118116 8.050747 -0.04904388 1.421941 8.177953 -0.0693274 0.7910166 8.322482 0.03170301 1.185113 8.252594 0.04144724 1.420596 8.508916  O_Gathering_Close
-0.08721207 0.1823355 8.004551 -0.1685136 0.2298679 8.078794 -0.3534238 0.4735079 8.119589 -0.3656186 0.7625069 8.012638 -0.03139321 0.2367415 8.095764 0.1871249 0.4724109 8.197505 0.2741054 0.7680804 8.186628 -0.1163015 0.3417804 8.175179 -0.2412063 0.7582298 8.249928 -0.156034 1.115376 8.060808 -0.04925005 1.423909 8.179462 -0.06597255 0.777018 8.308595 0.03152843 1.168268 8.220162 0.04359354 1.409856 8.470636  O_Gathering_Close
-0.09535353 0.1665051 8.007697 -0.1747441 0.2170534 8.082015 -0.359832 0.4633695 8.123085 -0.3776987 0.7541281 8.021853 -0.03727702 0.2224479 8.096539 0.1828461 0.4575081 8.195967 0.2711625 0.7528598 8.187481 -0.1194094 0.3306609 8.174601 -0.2395785 0.7497614 8.243285 -0.1537149 1.113554 8.067625 -0.04940216 1.425162 8.18029 -0.06331222 0.7684104 8.298819 0.03184112 1.155654 8.192088 0.04557975 1.401316 8.438482  O_Gathering_Close
-0.1036809 0.1518352 8.011153 -0.1809071 0.2054118 8.08563 -0.3674442 0.453846 8.129149 -0.3911213 0.7454208 8.031523 -0.04312043 0.2092761 8.097342 0.1785361 0.4439318 8.193443 0.2678853 0.7390131 8.186505 -0.1222431 0.3206284 8.174087 -0.2377464 0.742146 8.237038 -0.1510556 1.111321 8.073425 -0.04899351 1.426182 8.178877 -0.06035886 0.7606561 8.288928 0.03240379 1.141127 8.158388 0.048216 1.391753 8.399603  O_Gathering_Close
-0.1123801 0.1361127 8.014248 -0.1869963 0.1930803 8.088869 -0.3741519 0.4441116 8.133862 -0.4049529 0.7378829 8.045221 -0.04892586 0.1951679 8.097203 0.1743217 0.4294599 8.188936 0.2646227 0.7242796 8.183324 -0.1245333 0.3099755 8.172383 -0.2350286 0.7339479 8.229226 -0.1487751 1.110468 8.083049 -0.05031965 1.428238 8.183061 -0.05637674 0.752263 8.276656 0.03266229 1.122849 8.118095 0.05130984 1.379377 8.352816  O_Gathering_Close
-0.1208873 0.1201531 8.017603 -0.1925797 0.1807328 8.092245 -0.3762601 0.4359047 8.131155 -0.4188545 0.7349735 8.069098 -0.05431865 0.1808578 8.096843 0.1705175 0.4147478 8.183499 0.2618247 0.7092796 8.179213 -0.1261021 0.2992734 8.170153 -0.231667 0.7255778 8.220925 -0.1455001 1.108345 8.091932 -0.05065767 1.429795 8.183304 -0.0517203 0.7436363 8.263288 0.03260173 1.100521 8.073745 0.05609031 1.365361 8.298592  O_Gathering_Close
-0.1256963 0.1089896 8.019893 -0.1952796 0.1721721 8.094373 -0.3778296 0.4297493 8.130966 -0.4292978 0.7303957 8.085465 -0.05696253 0.1708483 8.096343 0.1688127 0.4045302 8.179002 0.2606615 0.6989017 8.175323 -0.1260366 0.2918144 8.168074 -0.2283276 0.7196716 8.214549 -0.1426684 1.106726 8.098678 -0.05086784 1.4309 8.183279 -0.04752771 0.7374818 8.253223 0.03269919 1.085911 8.046912 0.05960031 1.356882 8.263934  O_Gathering_Close
-0.1294893 0.09642923 8.022726 -0.1967363 0.1625723 8.096781 -0.3812127 0.4218785 8.137318 -0.4390481 0.7227203 8.101866 -0.05843387 0.1595768 8.095931 0.1681047 0.3931733 8.173642 0.260259 0.6874514 8.170115 -0.1245418 0.2833906 8.165567 -0.2234473 0.7129079 8.207184 -0.1392019 1.10484 8.107854 -0.05160556 1.432155 8.184441 -0.04177962 0.7303606 8.241735 0.03450074 1.072056 8.023037 0.0653695 1.351772 8.228107  O_Gathering_Close
-0.1310673 0.0856725 8.025809 -0.1963183 0.1544772 8.099222 -0.3839855 0.4146848 8.145432 -0.4454803 0.715219 8.113729 -0.05809025 0.1499822 8.096052 0.1689283 0.383561 8.169178 0.2612055 0.6777986 8.165513 -0.121691 0.2763044 8.163485 -0.2178299 0.7072425 8.200524 -0.1355584 1.103132 8.116397 -0.0523179 1.433213 8.18562 -0.03548102 0.7242931 8.231503 0.03772487 1.061719 8.005255 0.07141598 1.34908 8.198997  O_Gathering_Close
-0.1308293 0.07665288 8.029048 -0.1944249 0.1478052 8.101671 -0.386015 0.4080819 8.154466 -0.448812 0.7082193 8.121579 -0.05630032 0.142 8.096655 0.1709808 0.3756059 8.165657 0.2632502 0.6698417 8.161664 -0.1178384 0.2704902 8.161868 -0.2117615 0.7026325 8.19465 -0.1319068 1.101652 8.124071 -0.05296979 1.434116 8.186603 -0.02888737 0.7192607 8.222615 0.04211457 1.054295 7.99215 0.07766421 1.348016 8.175758  O_Gathering_Close
-0.1299003 0.0686022 8.032926 -0.1919322 0.1420646 8.104595 -0.3867072 0.4023426 8.162978 -0.4500912 0.7021531 8.128284 -0.05393938 0.1349992 8.097863 0.1734831 0.3686701 8.162696 0.2656417 0.6629333 8.158181 -0.1135629 0.2655779 8.160662 -0.2054921 0.6988258 8.189114 -0.1282297 1.100318 8.130728 -0.05354391 1.43484 8.18722 -0.02215443 0.7150004 8.214157 0.04829587 1.050214 7.983783 0.08464225 1.350566 8.156164  O_Gathering_Close
-0.124519 0.05050206 8.048099 -0.1825151 0.1304933 8.116061 -0.3827882 0.3913078 8.185081 -0.4452222 0.6903669 8.142973 -0.04501669 0.1200572 8.104992 0.1822017 0.354085 8.157507 0.2735051 0.6485668 8.150541 -0.09990208 0.2562594 8.159636 -0.1872195 0.6921422 8.175416 -0.1184829 1.098068 8.142639 -0.05471365 1.436695 8.18667 -0.002845092 0.7068913 8.192449 0.07354589 1.05214 7.979444 0.1096237 1.372434 8.111193  O_Gathering_Close
-0.1201528 0.04299009 8.05788 -0.176346 0.1264251 8.123165 -0.3783836 0.3876146 8.196143 -0.4395795 0.6863948 8.150393 -0.03914426 0.1143404 8.110247 0.1876393 0.3486196 8.156219 0.2782473 0.6432711 8.14756 -0.09202449 0.2533072 8.159656 -0.1775519 0.6902489 8.168823 -0.113869 1.097472 8.142585 -0.0548452 1.437296 8.183936 0.007199006 0.7042235 8.18199 0.0863566 1.060597 7.989285 0.1221591 1.389257 8.098595  O_Gathering_Close
-0.1159264 0.03827918 8.067172 -0.1709449 0.1243488 8.129991 -0.3743894 0.3855478 8.20585 -0.4351054 0.6841712 8.158467 -0.03396378 0.1110646 8.115956 0.1923285 0.3455652 8.157 0.2822884 0.6403696 8.1469 -0.08558027 0.2520286 8.160837 -0.1700251 0.6896414 8.165 -0.110504 1.097607 8.140581 -0.05494718 1.438043 8.181695 0.01494087 0.7030251 8.175488 0.09526362 1.066865 7.997802 0.1319391 1.402391 8.083389  O_Gathering_Close
-0.1122642 0.03494215 8.074774 -0.1665486 0.1229663 8.135487 -0.3708197 0.3841988 8.213061 -0.4309851 0.6827597 8.164595 -0.02971534 0.1087992 8.120885 0.196133 0.3434485 8.158402 0.2855529 0.6383767 8.147183 -0.08054011 0.2511708 8.162075 -0.1642813 0.689228 8.162388 -0.107948 1.09769 8.138726 -0.05494831 1.438525 8.179914 0.02080818 0.702155 8.171124 0.1006569 1.072327 8.006806 0.1392288 1.411892 8.073558  O_Gathering_Close
-0.1087767 0.03225362 8.081419 -0.1625597 0.1218878 8.140192 -0.3674003 0.3831611 8.218852 -0.427 0.6816902 8.169499 -0.02583109 0.1070055 8.125324 0.1995986 0.3417757 8.160039 0.2885287 0.6368135 8.147853 -0.07610707 0.2504808 8.163226 -0.1593443 0.6888671 8.160254 -0.1057795 1.097704 8.136629 -0.05490712 1.438827 8.178112 0.02582671 0.7014124 8.167727 0.1039243 1.078108 8.018044 0.1445297 1.42023 8.06856  O_Gathering_Close
-0.1024123 0.02808082 8.093455 -0.1556179 0.120351 8.148561 -0.360967 0.3819568 8.227727 -0.4195279 0.6805181 8.177336 -0.01900951 0.1043333 8.133767 0.2056733 0.3392771 8.164258 0.2937431 0.6345028 8.150475 -0.06860779 0.2494875 8.165699 -0.1511124 0.6883414 8.157192 -0.1021326 1.097766 8.133797 -0.05483119 1.439403 8.175277 0.03415747 0.700242 8.163106 0.1083725 1.085006 8.03329 0.1511727 1.429245 8.063549  O_Gathering_Close
-0.09596317 0.02440894 8.105911 -0.148945 0.1190439 8.157081 -0.3542601 0.381368 8.234848 -0.4118874 0.6800452 8.184068 -0.0123745 0.1020693 8.143023 0.2115941 0.3371485 8.170229 0.2988327 0.6325511 8.155028 -0.06160621 0.2485615 8.168824 -0.1435265 0.6877593 8.155162 -0.0986896 1.097705 8.132606 -0.05476419 1.439911 8.173096 0.04180237 0.6990644 8.160352 0.1114455 1.087563 8.03943 0.1541931 1.432415 8.061734  O_Gathering_Close
-0.09148137 0.02210057 8.114733 -0.1444161 0.1182675 8.163013 -0.349461 0.3812712 8.238948 -0.4066417 0.6800485 8.188252 -0.007846875 0.1007117 8.149675 0.2156617 0.3358527 8.174926 0.302364 0.6313675 8.158859 -0.05692361 0.2479624 8.17108 -0.1384474 0.6873555 8.153955 -0.09633659 1.097646 8.13243 -0.05473707 1.440278 8.171756 0.04691472 0.6982331 8.158862 0.1135979 1.088121 8.040776 0.1550871 1.433287 8.060441  O_Gathering_Close
-0.08648257 0.01974905 8.124675 -0.1394621 0.1175009 8.169607 -0.3440292 0.3813866 8.242739 -0.4009063 0.6802863 8.192424 -0.002871735 0.09938884 8.157267 0.2201774 0.3345664 8.180689 0.3063352 0.6301946 8.163803 -0.05186043 0.2473094 8.173668 -0.1329447 0.6868873 8.152807 -0.09375469 1.097543 8.132794 -0.05472432 1.44067 8.170404 0.05244883 0.6972733 8.157595 0.1158778 1.087834 8.039942 0.1552512 1.433274 8.059148  O_Gathering_Close
-0.08108948 0.01750219 8.135202 -0.134174 0.116797 8.176479 -0.3381779 0.3815562 8.246299 -0.394811 0.6805927 8.196526 0.002449648 0.09819734 8.165286 0.2251668 0.3333107 8.187192 0.3109207 0.6290246 8.169758 -0.04650883 0.2466258 8.176304 -0.1270774 0.6863885 8.151546 -0.09099643 1.097415 8.133377 -0.05473332 1.441059 8.168981 0.05835189 0.6961821 8.156192 0.1182498 1.087762 8.040084 0.1556761 1.433499 8.057783  O_Gathering_Close
-0.07722716 0.01609147 8.142357 -0.1304311 0.1163503 8.181069 -0.334021 0.3816587 8.248405 -0.3905275 0.680795 8.19909 0.006224887 0.09748733 8.170746 0.2287837 0.3325216 8.191879 0.3143123 0.6282861 8.174199 -0.04275702 0.246138 8.17804 -0.122935 0.6860346 8.150663 -0.08904277 1.097308 8.133934 -0.05473362 1.441306 8.168031 0.06252076 0.6953599 8.155217 0.1198883 1.08771 8.040439 0.1560069 1.433647 8.056902  O_Gathering_Close
-0.07191853 0.01443732 8.151065 -0.1253363 0.1157788 8.186527 -0.328428 0.3816231 8.250701 -0.3847495 0.680903 8.20205 0.01137306 0.09667695 8.17742 0.2338292 0.3315789 8.197926 0.3191136 0.6273985 8.179993 -0.03768663 0.2454572 8.180059 -0.1172697 0.6855692 8.149465 -0.08637516 1.097156 8.134747 -0.05471615 1.441596 8.166883 0.06822534 0.6941642 8.153854 0.1220595 1.087672 8.041351 0.1565434 1.433859 8.055941  O_Gathering_Close
-0.06575112 0.01283681 8.157517 -0.1195981 0.1148895 8.19018 -0.3222704 0.381005 8.251238 -0.3783203 0.6804271 8.203151 0.01720567 0.0958482 8.182472 0.2396766 0.3307683 8.203098 0.3245582 0.6266663 8.184555 -0.03214316 0.2445509 8.181219 -0.1112742 0.6850446 8.148327 -0.08351998 1.096933 8.135984 -0.05462293 1.441805 8.16602 0.07426585 0.6926975 8.152551 0.1246296 1.08756 8.043232 0.1572666 1.43402 8.055411  O_Gathering_Close
-0.06117467 0.01176393 8.16006 -0.1154846 0.1140261 8.19127 -0.3178873 0.3802067 8.250197 -0.3735443 0.679707 8.202142 0.02141263 0.09526384 8.184608 0.2439678 0.3303522 8.20586 0.328426 0.6263228 8.18656 -0.02831136 0.2438127 8.181418 -0.1073562 0.6846864 8.147637 -0.08163409 1.096756 8.137056 -0.05451099 1.44189 8.165693 0.07821555 0.6915868 8.151766 0.1263607 1.08748 8.045209 0.1579163 1.434103 8.055429  O_Gathering_Close
-0.05623303 0.01065826 8.161565 -0.111191 0.1129357 8.191566 -0.3132178 0.3791825 8.248014 -0.3680587 0.678738 8.199368 0.02582754 0.09468257 8.18609 0.248503 0.3301091 8.208426 0.3323358 0.6261826 8.188006 -0.02446924 0.2429975 8.18137 -0.103695 0.6843478 8.14696 -0.07985722 1.096574 8.138257 -0.05436389 1.441942 8.165561 0.08190854 0.6903878 8.151011 0.1277594 1.087462 8.047893 0.1587168 1.4342 8.055782  O_Gathering_Close
-0.05103181 0.009503007 8.163087 -0.1068976 0.1116579 8.191801 -0.3084284 0.3779362 8.245076 -0.3619294 0.6775062 8.195046 0.03027637 0.0942322 8.187692 0.2530257 0.330268 8.211414 0.3358952 0.6264961 8.189369 -0.02090494 0.2421846 8.181373 -0.1006761 0.6840696 8.146244 -0.07840483 1.096419 8.139441 -0.05425082 1.441982 8.165464 0.0849572 0.689165 8.150227 0.1287298 1.087552 8.051354 0.1596592 1.434346 8.056331  O_Gathering_Close
-0.04827658 0.008905888 8.163816 -0.104719 0.1109319 8.191854 -0.3059525 0.3771969 8.243227 -0.3585532 0.676748 8.192141 0.03254654 0.09407318 8.188507 0.2553066 0.3305452 8.21305 0.3375318 0.6268713 8.189936 -0.01922665 0.2417816 8.181358 -0.09944122 0.6839566 8.145879 -0.07781993 1.096355 8.139977 -0.0542107 1.441999 8.165413 0.0862058 0.6885513 8.149829 0.1291212 1.087631 8.053406 0.1601731 1.434435 8.056672  O_Gathering_Close
-0.04385195 0.00799942 8.164845 -0.101346 0.1097238 8.191821 -0.3020512 0.3759141 8.239866 -0.3529437 0.675386 8.186631 0.03607364 0.09395206 8.189734 0.2588049 0.3312815 8.215693 0.339802 0.6277812 8.190556 -0.01681714 0.2411965 8.181306 -0.09797053 0.68383 8.145329 -0.07714032 1.096284 8.140617 -0.05417959 1.442026 8.16531 0.08769514 0.6876488 8.149233 0.129593 1.087794 8.056865 0.1609945 1.434582 8.057255  O_Gathering_Close
-0.04127846 0.007526517 8.165333 -0.09942697 0.1090301 8.191731 -0.2998047 0.3751485 8.237764 -0.3496005 0.6745445 8.183084 0.03808041 0.09395969 8.190372 0.2607723 0.3318492 8.217179 0.3409699 0.6284512 8.190723 -0.01552246 0.2409054 8.181258 -0.09732674 0.6837869 8.145046 -0.07684998 1.096264 8.14081 -0.05417131 1.442043 8.165236 0.08834739 0.6871939 8.148925 0.1297917 1.0879 8.05881 0.1614555 1.434662 8.057581  O_Gathering_Close
-0.0379837 0.006991267 8.165844 -0.09698777 0.1081777 8.191554 -0.2969325 0.3741789 8.234991 -0.3452652 0.6734462 8.178329 0.04062499 0.09404361 8.191104 0.2632486 0.3326845 8.219005 0.3423497 0.6294135 8.190732 -0.01392011 0.24059 8.181185 -0.09663777 0.6837571 8.144723 -0.07654385 1.096257 8.140896 -0.05416606 1.442069 8.165132 0.08904506 0.6866958 8.148571 0.1300149 1.088024 8.061048 0.1619753 1.434747 8.05795  O_Gathering_Close
-0.03499554 0.006576777 8.166199 -0.09478615 0.1074454 8.191334 -0.2943235 0.3733183 8.232415 -0.3412803 0.6724378 8.173849 0.04291423 0.09418905 8.191687 0.2654619 0.3335357 8.220577 0.3435026 0.6303716 8.190536 -0.01250695 0.2403601 8.181109 -0.09612481 0.6837519 8.14447 -0.07632194 1.096268 8.140827 -0.05417041 1.442096 8.165034 0.08956386 0.6863292 8.148292 0.1301942 1.088124 8.062773 0.1623837 1.43481 8.058227  O_Gathering_Close
-0.03238646 0.006271839 8.166447 -0.09286635 0.106846 8.191108 -0.2920358 0.372594 8.230129 -0.3377654 0.6715612 8.169839 0.0449033 0.09436822 8.192152 0.267379 0.3343394 8.221905 0.3444345 0.63126 8.190204 -0.01128922 0.2402048 8.18104 -0.0957465 0.6837592 8.144277 -0.0761656 1.096286 8.140719 -0.05418525 1.442123 8.164958 0.08994611 0.6860809 8.148073 0.1303272 1.088186 8.063906 0.1626334 1.434847 8.058397  O_Gathering_Close
-0.03015135 0.006054282 8.166609 -0.09122477 0.1063633 8.190885 -0.2900674 0.3719958 8.228136 -0.334722 0.6708137 8.166319 0.04659881 0.09456253 8.192516 0.2690105 0.335075 8.223007 0.3451715 0.6320599 8.189783 -0.01026062 0.2401071 8.180976 -0.09548132 0.683774 8.144132 -0.07606445 1.096309 8.140594 -0.05420975 1.442149 8.164898 0.09021379 0.685926 8.147904 0.1304171 1.088222 8.064566 0.1627755 1.434868 8.058484  O_Gathering_Close
-0.02732341 0.005851626 8.16677 -0.0891525 0.1058105 8.190572 -0.2875616 0.3712901 8.225558 -0.3308245 0.6698941 8.16175 0.04873164 0.094877 8.192953 0.2710656 0.3360778 8.22438 0.3459986 0.63313 8.189034 -0.008976443 0.2400452 8.180896 -0.09524421 0.6838033 8.143973 -0.07599573 1.096346 8.140461 -0.05426822 1.442189 8.164849 0.09045298 0.6858353 8.14771 0.1304681 1.088223 8.064724 0.1627588 1.434872 8.058468  O_Gathering_Close
-0.02473168 0.00571692 8.166866 -0.08726053 0.1053404 8.190243 -0.2852436 0.3706753 8.223106 -0.3271858 0.6690562 8.157401 0.05067118 0.09521282 8.193332 0.272941 0.3370444 8.225648 0.3466081 0.634142 8.188092 -0.00781904 0.2400289 8.180819 -0.0950958 0.683834 8.14385 -0.07597737 1.096383 8.14037 -0.05434684 1.442227 8.164828 0.09060265 0.6858225 8.147548 0.1304683 1.088196 8.064422 0.1626184 1.434862 8.058371  O_Gathering_Close
-0.02273802 0.005626917 8.166901 -0.08581321 0.1049826 8.189946 -0.2834417 0.3702056 8.221114 -0.3243242 0.6683937 8.153883 0.05214908 0.09548271 8.193608 0.2743792 0.337795 8.22666 0.3469176 0.6349155 8.187138 -0.006944878 0.2400231 8.180748 -0.09499966 0.683853 8.143765 -0.07598071 1.096408 8.140345 -0.05442415 1.442254 8.164829 0.09069963 0.6858271 8.147428 0.1304501 1.08817 8.064098 0.1624707 1.434852 8.058281  O_Gathering_Close
-0.0211616 0.005560756 8.166903 -0.08467869 0.1046997 8.189667 -0.2819832 0.3698481 8.219392 -0.3219613 0.6678663 8.150876 0.05330284 0.0957005 8.193836 0.2755201 0.3383795 8.227551 0.3469576 0.635507 8.186121 -0.006265623 0.2400196 8.180684 -0.09491102 0.6838647 8.143701 -0.07598518 1.096424 8.140331 -0.05449824 1.442273 8.164835 0.09078903 0.6858328 8.147327 0.1304312 1.088149 8.063821 0.1623331 1.434846 8.058204  O_Gathering_Close
-0.02003626 0.005515099 8.166883 -0.08388107 0.1044961 8.189416 -0.280909 0.3696102 8.217987 -0.3201713 0.6674903 8.148465 0.05410983 0.0958575 8.194013 0.2763439 0.3387817 8.228299 0.3467432 0.6359013 8.185077 -0.005793078 0.2400166 8.180627 -0.09482728 0.6838696 8.143655 -0.07598798 1.096433 8.140326 -0.05456619 1.442285 8.164845 0.09087338 0.6858375 8.14725 0.1304156 1.088137 8.063612 0.1622149 1.434845 8.058145  O_Gathering_Close
-0.01939742 0.005489945 8.166861 -0.08344303 0.1043822 8.189214 -0.2802759 0.36949 8.217015 -0.319086 0.6672894 8.146895 0.05454882 0.0959481 8.194151 0.2768317 0.3389837 8.228898 0.3463048 0.6360849 8.184078 -0.0055335 0.2400154 8.180584 -0.09474288 0.6838685 8.143623 -0.07598452 1.096436 8.140325 -0.05462436 1.442291 8.164856 0.09095825 0.6858426 8.14719 0.1304079 1.08813 8.063451 0.1621166 1.434849 8.058097  O_Gathering_Close
-0.01901834 0.005475402 8.166834 -0.08320354 0.1043173 8.189008 -0.2798775 0.3694372 8.216203 -0.3183726 0.6671897 8.145711 0.05478277 0.09600198 8.194289 0.2771552 0.3390611 8.229505 0.3455785 0.6361274 8.182876 -0.005388601 0.2400154 8.180545 -0.09464471 0.683863 8.1436 -0.07597546 1.096435 8.140329 -0.05468361 1.442293 8.164871 0.0910569 0.6858489 8.147136 0.1304054 1.088127 8.063303 0.162018 1.434855 8.058054  O_Gathering_Close
-0.0188161 0.005468249 8.166812 -0.08308093 0.1042882 8.188853 -0.2796825 0.3693997 8.215734 -0.318056 0.6671478 8.145157 0.05489834 0.0960263 8.194396 0.2773561 0.3390666 8.229966 0.3449441 0.636094 8.181892 -0.005302114 0.240015 8.180519 -0.09458153 0.6838602 8.143584 -0.07596575 1.096435 8.140334 -0.05471454 1.442295 8.164884 0.09112038 0.6858516 8.147101 0.1304078 1.088122 8.063208 0.1619617 1.434858 8.058029  O_Gathering_Close
-0.01868228 0.005463481 8.166795 -0.0830072 0.1042732 8.188706 -0.2795531 0.3693777 8.215342 -0.3178561 0.6671343 8.144762 0.05496325 0.09603965 8.194504 0.2775145 0.3390383 8.230416 0.3442311 0.6360152 8.180839 -0.005240304 0.2400147 8.1805 -0.09452771 0.6838579 8.143575 -0.07595573 1.096434 8.140341 -0.05473803 1.442297 8.164897 0.0911745 0.6858533 8.147076 0.1304115 1.088118 8.06313 0.1619168 1.434859 8.058011  O_Gathering_Close
-0.01860378 0.005460501 8.166786 -0.0829675 0.1042658 8.188603 -0.2794629 0.3693755 8.21505 -0.3177035 0.6671364 8.144455 0.05499591 0.09604609 8.194586 0.2776174 0.3390083 8.230743 0.3436418 0.6359395 8.179978 -0.005202873 0.2400141 8.18049 -0.09449683 0.6838565 8.143569 -0.07595025 1.096434 8.140347 -0.05475144 1.442297 8.164907 0.09120555 0.6858538 8.147059 0.1304128 1.088115 8.063084 0.1618896 1.434859 8.058  O_Gathering_Close
-0.01856176 0.005458951 8.166782 -0.08294706 0.104262 8.188546 -0.2794136 0.3693746 8.214887 -0.3176193 0.667138 8.144284 0.05501219 0.09604967 8.194633 0.2776717 0.3389927 8.230926 0.3432501 0.6358922 8.179403 -0.005183382 0.2400138 8.180485 -0.09448092 0.6838558 8.143567 -0.07594769 1.096434 8.14035 -0.05475895 1.442298 8.164912 0.09122153 0.6858541 8.147052 0.1304129 1.088114 8.06306 0.161875 1.434859 8.057994  O_Gathering_Close
-0.01853351 0.00545764 8.16678 -0.08293401 0.1042589 8.188507 -0.2793806 0.3693736 8.214775 -0.3175618 0.6671385 8.144165 0.05502238 0.09605217 8.194667 0.2777055 0.3389844 8.231046 0.3429104 0.6358567 8.178898 -0.005171461 0.2400135 8.180482 -0.09447168 0.6838551 8.143567 -0.07594685 1.096434 8.140353 -0.05476443 1.442298 8.164916 0.09123088 0.6858542 8.147047 0.1304122 1.088113 8.063046 0.161865 1.434859 8.057991  O_Gathering_Close
-0.01851235 0.005456686 8.16678 -0.08292453 0.1042565 8.188478 -0.2793557 0.3693727 8.214688 -0.3175179 0.6671391 8.144074 0.05502959 0.0960542 8.194694 0.2777305 0.3389786 8.231137 0.3425829 0.6358248 8.178403 -0.005162818 0.2400134 8.180481 -0.094465 0.6838547 8.143567 -0.07594626 1.096434 8.140355 -0.05476813 1.442298 8.16492 0.09123762 0.6858543 8.147044 0.1304115 1.088112 8.063036 0.1618574 1.43486 8.057989  O_Gathering_Close
-0.01850502 0.005456328 8.166781 -0.08292048 0.1042558 8.188472 -0.2793472 0.3693726 8.214665 -0.3175047 0.6671393 8.144051 0.05503305 0.09605467 8.194702 0.2777399 0.3389772 8.231161 0.3422407 0.6357989 8.17786 -0.005159063 0.2400132 8.180482 -0.09446184 0.6838545 8.143569 -0.07594548 1.096434 8.140358 -0.0547692 1.442298 8.164922 0.09124078 0.6858543 8.147045 0.1304119 1.088112 8.063033 0.1618554 1.434859 8.05799  O_Gathering_Close
-0.0185046 0.005456448 8.166781 -0.08292024 0.1042559 8.188472 -0.2793466 0.3693727 8.214664 -0.3175035 0.6671394 8.144049 0.05503329 0.09605467 8.194703 0.2777406 0.3389771 8.231163 0.3422068 0.6357964 8.177807 -0.005158825 0.2400132 8.180482 -0.0944616 0.6838546 8.143569 -0.07594536 1.096434 8.140358 -0.0547692 1.442298 8.164923 0.09124102 0.6858544 8.147045 0.1304121 1.088112 8.063034 0.1618554 1.434859 8.05799  O_Gathering_Close
