-0.000624461 -1.442432E-05 14.35357 -0.06979303 0.09525096 14.3764 -0.4182072 0.1404331 14.37609 -0.7266022 0.1404334 14.37609 0.0685441 0.09525084 14.37672 0.4169262 0.140432 14.37703 0.7253161 0.1404322 14.37702 -0.0006244014 0.2351424 14.36273 -0.09336059 0.6801612 14.32571 -0.1013278 1.092915 14.33777 -0.09894632 1.440007 14.35175 0.09234674 0.6800331 14.32949 0.1003121 1.092748 14.32693 0.09770389 1.440058 14.35176  O_Hello_Far
-0.06326799 -0.0149821 14.34742 -0.1387028 0.07781351 14.35635 -0.3858839 0.2965672 14.38285 -0.5491932 0.5557716 14.34749 -0.003287179 0.08216786 14.3843 0.2489922 0.3050034 14.35694 0.4196485 0.5601236 14.32703 -0.07284574 0.2199495 14.35733 -0.1709407 0.6621888 14.30428 -0.1655234 1.071474 14.35933 -0.1521359 1.414888 14.40994 0.01017769 0.6678711 14.34509 0.02434744 1.080423 14.34691 0.007082956 1.419537 14.42406  O_Hello_Far
-0.0878592 -0.01484978 14.3389 -0.1650911 0.07682347 14.34243 -0.3498135 0.3153993 14.38728 -0.4346036 0.6093602 14.34849 -0.03248356 0.0827446 14.38138 0.1648204 0.3315297 14.35133 0.2592274 0.6234775 14.32038 -0.1015741 0.2198237 14.34999 -0.2013313 0.6611827 14.29287 -0.1956551 1.067133 14.36868 -0.1821441 1.407485 14.43688 -0.02424674 0.6689276 14.34839 -0.008190555 1.081339 14.35629 -0.03802995 1.414766 14.45212  O_Hello_Far
-0.08667456 -0.01316071 14.32532 -0.1641675 0.07822061 14.33037 -0.3500862 0.3156228 14.37751 -0.4358776 0.6091064 14.33732 -0.03148536 0.08396554 14.3691 0.1683189 0.3326083 14.33983 0.2711441 0.6214448 14.30659 -0.1010541 0.2212833 14.33988 -0.2022468 0.6631327 14.28947 -0.1960411 1.068709 14.36721 -0.1820589 1.408725 14.43698 -0.02505378 0.670591 14.34468 -0.01010839 1.082864 14.35921 -0.03939341 1.417258 14.45179  O_Hello_Far
-0.08522759 -0.01155961 14.31013 -0.1629977 0.07946861 14.31697 -0.3502215 0.3155156 14.36693 -0.4370485 0.6085444 14.32567 -0.03018336 0.08502162 14.35527 0.1728847 0.3332844 14.32645 0.2869844 0.6174991 14.29029 -0.1003144 0.2225661 14.32858 -0.2031462 0.664841 14.28579 -0.1964171 1.070002 14.36562 -0.1819739 1.409642 14.43711 -0.025762 0.6719858 14.34042 -0.01207875 1.084008 14.36174 -0.04085104 1.418843 14.45287  O_Hello_Far
-0.08401202 -0.01045287 14.29791 -0.161994 0.08026958 14.30624 -0.3502448 0.3151937 14.3586 -0.4378333 0.6079071 14.31671 -0.02904908 0.08567536 14.3441 0.17687 0.333492 14.3154 0.3011435 0.6131312 14.27716 -0.09964238 0.2233698 14.31948 -0.2037973 0.6658909 14.28288 -0.1966901 1.070717 14.36437 -0.181916 1.410055 14.43721 -0.02622472 0.6727934 14.33694 -0.01355849 1.08455 14.36339 -0.04204635 1.419423 14.45447  O_Hello_Far
-0.0830106 -0.009607673 14.28719 -0.1611615 0.08082271 14.29698 -0.3502147 0.3147316 14.35177 -0.4384195 0.6072434 14.30976 -0.02804343 0.08609509 14.33425 0.180994 0.3332499 14.30546 0.3152443 0.6080072 14.26559 -0.09907864 0.2239037 14.31162 -0.2044449 0.6665789 14.28081 -0.1968961 1.071458 14.36199 -0.1818247 1.410267 14.43719 -0.02662299 0.6732619 14.33407 -0.01439123 1.084819 14.36364 -0.04260765 1.41959 14.45518  O_Hello_Far
-0.08164798 -0.00857234 14.2718 -0.1600154 0.08139825 14.28384 -0.3501137 0.3138002 14.34239 -0.4391217 0.6061027 14.30063 -0.02659945 0.08648753 14.32006 0.1874474 0.3323617 14.29092 0.3369086 0.5988798 14.24928 -0.09829037 0.2244194 14.30045 -0.2054068 0.6671916 14.27828 -0.1972013 1.072471 14.35738 -0.1817374 1.410239 14.43705 -0.02715598 0.6735694 14.33012 -0.01514165 1.084893 14.36287 -0.04299955 1.419388 14.45553  O_Hello_Far
-0.08056073 -0.007591844 14.25602 -0.1590988 0.08182275 14.27079 -0.3501203 0.3125914 14.33371 -0.4400299 0.604756 14.29292 -0.0252438 0.08675218 14.30537 0.1968331 0.3298765 14.27583 0.3663381 0.5840487 14.23377 -0.09769528 0.2247463 14.28931 -0.206735 0.6674317 14.27696 -0.1978494 1.072888 14.35507 -0.1818713 1.409874 14.43789 -0.02785103 0.6735305 14.32661 -0.01513968 1.084729 14.36063 -0.04274468 1.418657 14.45539  O_Hello_Far
-0.08018343 -0.00695467 14.24412 -0.1588076 0.08193493 14.26138 -0.3506061 0.3113484 14.32793 -0.4414009 0.6034207 14.28847 -0.02449147 0.08681309 14.29413 0.2086364 0.325067 14.26462 0.4017559 0.5622222 14.22505 -0.09763364 0.224776 14.28125 -0.208345 0.6672013 14.27734 -0.1989159 1.071868 14.35938 -0.1823046 1.409381 14.4399 -0.02879433 0.6731783 14.32453 -0.01453523 1.084411 14.35752 -0.04211925 1.417678 14.45458  O_Hello_Far
-0.08105557 -0.00709939 14.24114 -0.1596643 0.08152986 14.25976 -0.3520418 0.3104566 14.32751 -0.443252 0.602554 14.2892 -0.02501444 0.08649087 14.2911 0.2214205 0.3172675 14.26212 0.439082 0.5330782 14.22815 -0.09856103 0.2243775 14.2798 -0.2101758 0.6665931 14.27963 -0.1999833 1.070472 14.36538 -0.1825519 1.409068 14.44102 -0.03014128 0.6726612 14.32493 -0.0137295 1.084078 14.35443 -0.04162 1.416829 14.45316  O_Hello_Far
-0.08321302 -0.008035421 14.24684 -0.1617286 0.08067811 14.26546 -0.354533 0.3100629 14.33172 -0.4453568 0.6023739 14.29413 -0.02692674 0.08577359 14.29611 0.2336303 0.3066968 14.26787 0.4742492 0.4977986 14.24166 -0.1005264 0.2236111 14.28457 -0.2121359 0.6658252 14.28298 -0.2009773 1.070013 14.36714 -0.1827288 1.409039 14.44064 -0.03188155 0.6720883 14.32737 -0.01314519 1.083711 14.35225 -0.04150335 1.416165 14.45184  O_Hello_Far
-0.08908813 -0.01003051 14.26585 -0.1673044 0.07932615 14.28254 -0.3605374 0.3106471 14.34299 -0.4492833 0.6036286 14.30566 -0.03253029 0.0845474 14.3133 0.2503089 0.2854744 14.28551 0.5215901 0.4315274 14.27211 -0.1056053 0.2223915 14.29886 -0.2155853 0.6648877 14.28819 -0.2031222 1.069617 14.36951 -0.1838969 1.408745 14.44229 -0.03537504 0.6713877 14.33272 -0.01304774 1.083174 14.35108 -0.04174481 1.41538 14.4514  O_Hello_Far
-0.09329461 -0.01115572 14.27881 -0.171288 0.07866967 14.29396 -0.3646837 0.311324 14.35028 -0.4519193 0.6047223 14.31266 -0.03657697 0.08395898 14.32498 0.258759 0.2708328 14.29722 0.5443965 0.3869714 14.29198 -0.1092074 0.2217833 14.30829 -0.2178511 0.6643884 14.29069 -0.2044367 1.069391 14.37048 -0.1844724 1.408726 14.44209 -0.03773515 0.6710307 14.33558 -0.01330642 1.082844 14.35029 -0.04202668 1.414971 14.45086  O_Hello_Far
-0.09820704 -0.01217258 14.29275 -0.1759488 0.07816052 14.30606 -0.3691995 0.3122882 14.35793 -0.4553846 0.6059448 14.31991 -0.04129044 0.08360052 14.33728 0.2672815 0.2523741 14.30787 0.5657514 0.3299465 14.30949 -0.1134469 0.2213196 14.31789 -0.2206489 0.6638617 14.29187 -0.2060995 1.069053 14.37051 -0.1852537 1.408514 14.44126 -0.04061232 0.6707685 14.33705 -0.01384459 1.082551 14.34809 -0.04254101 1.414362 14.4497  O_Hello_Far
-0.1019326 -0.01276362 14.30308 -0.1795044 0.0779165 14.31495 -0.3723687 0.3131278 14.36359 -0.4583919 0.6067944 14.32529 -0.0448756 0.08354318 14.34626 0.2734258 0.2360272 14.31531 0.5788303 0.2782655 14.32227 -0.1167217 0.2211066 14.32473 -0.2229739 0.6634329 14.29201 -0.2075701 1.068707 14.37005 -0.1860664 1.408208 14.44041 -0.04298202 0.6706403 14.33731 -0.01427893 1.082358 14.34555 -0.04293255 1.413776 14.44845  O_Hello_Far
-0.1044679 -0.01302791 14.31004 -0.1819358 0.07786834 14.32089 -0.3743862 0.3138088 14.3674 -0.4605822 0.6074014 14.32891 -0.04732154 0.08366323 14.35223 0.2772926 0.2235219 14.32018 0.5851392 0.2382244 14.33107 -0.1189832 0.2210776 14.32919 -0.2246672 0.6631601 14.29168 -0.2086838 1.068459 14.36948 -0.1867373 1.407959 14.43971 -0.04469756 0.670629 14.33704 -0.01457886 1.08228 14.34333 -0.04318718 1.413341 14.44738  O_Hello_Far
-0.1070376 -0.01306677 14.31707 -0.1844578 0.07801783 14.3266 -0.3760904 0.3147088 14.37095 -0.4630886 0.6080713 14.33251 -0.0499203 0.08408928 14.35823 0.2825288 0.2045698 14.32453 0.5889865 0.1731838 14.33878 -0.1214078 0.2212677 14.33331 -0.2266268 0.662941 14.29011 -0.2102167 1.068186 14.3681 -0.1879845 1.407609 14.4386 -0.04676894 0.670822 14.33583 -0.01472054 1.08236 14.33946 -0.04318355 1.412743 14.44569  O_Hello_Far
-0.1079346 -0.01268756 14.32118 -0.1854322 0.07846308 14.32935 -0.376365 0.315515 14.37216 -0.4636886 0.6088486 14.33424 -0.05113546 0.08482611 14.36193 0.2878468 0.1830788 14.32747 0.5829893 0.0951575 14.34375 -0.1224474 0.2217749 14.3353 -0.2273815 0.6630459 14.28754 -0.2113713 1.068131 14.36643 -0.1895827 1.407388 14.43787 -0.04787115 0.6713462 14.33453 -0.0141931 1.082769 14.33513 -0.04250668 1.412312 14.44398  O_Hello_Far
-0.1046043 -0.01214039 14.32306 -0.1823752 0.07892084 14.32944 -0.3731234 0.3157594 14.3709 -0.4588434 0.6095847 14.33314 -0.04868124 0.08565795 14.36434 0.2948879 0.1573637 14.32977 0.5593002 -0.0006740093 14.34442 -0.1197275 0.2223623 14.33581 -0.2244929 0.6632298 14.28412 -0.2109018 1.06809 14.3646 -0.1913311 1.407136 14.43767 -0.04584865 0.6720464 14.33422 -0.01198904 1.083443 14.33106 -0.0408539 1.411993 14.44273  O_Hello_Far
-0.09988736 -0.01193118 14.32626 -0.1778711 0.07903063 14.33133 -0.3690614 0.3155774 14.37147 -0.4534217 0.609632 14.33245 -0.04460434 0.08614087 14.36775 0.2998537 0.1438848 14.33096 0.5387216 -0.05091035 14.34103 -0.1155284 0.2226009 14.33779 -0.2203788 0.6630626 14.2829 -0.209239 1.068047 14.36314 -0.19185 1.407218 14.43618 -0.04234568 0.6723933 14.33504 -0.009934528 1.083884 14.32974 -0.03975544 1.412046 14.44229  O_Hello_Far
-0.09512202 -0.01179874 14.32999 -0.1732817 0.0790658 14.33397 -0.3650875 0.3153441 14.37283 -0.4488349 0.6093608 14.33223 -0.04031138 0.0865773 14.37139 0.3039486 0.1330379 14.3304 0.5171888 -0.08972049 14.33381 -0.1112107 0.2227659 14.34016 -0.216308 0.6627671 14.28214 -0.207446 1.067911 14.36186 -0.1920612 1.407245 14.43459 -0.03869752 0.6726521 14.3356 -0.008135302 1.084264 14.3289 -0.03890709 1.412145 14.44202  O_Hello_Far
-0.08833872 -0.01167917 14.33455 -0.1667137 0.07904267 14.33739 -0.3594561 0.3149674 14.37448 -0.4427894 0.6087162 14.33119 -0.03399382 0.08711362 14.37557 0.308547 0.1196063 14.32533 0.4832248 -0.134398 14.31674 -0.1049866 0.2229179 14.34291 -0.2106541 0.662257 14.28103 -0.204801 1.067572 14.36015 -0.1920329 1.407095 14.43251 -0.03339932 0.6729147 14.33552 -0.005875928 1.084728 14.32805 -0.03784774 1.412274 14.4418  O_Hello_Far
-0.08352564 -0.01163208 14.33652 -0.1620388 0.07898498 14.33883 -0.3553903 0.3146746 14.37473 -0.4384101 0.6081747 14.3292 -0.02939354 0.08741736 14.37719 0.3107781 0.110491 14.31808 0.4549553 -0.1615156 14.29993 -0.1005331 0.2229739 14.34383 -0.2067473 0.6618847 14.27989 -0.2028856 1.067237 14.35894 -0.1918303 1.40682 14.43129 -0.02959768 0.6730403 14.33462 -0.004422231 1.08501 14.32749 -0.03707049 1.412316 14.44174  O_Hello_Far
-0.07892744 -0.0117023 14.33417 -0.1575634 0.07880402 14.33664 -0.3509789 0.3143322 14.37145 -0.432495 0.6077323 14.32267 -0.02480851 0.08746624 14.37457 0.3107519 0.1006668 14.30082 0.4141081 -0.1881764 14.26933 -0.09624957 0.2228863 14.3413 -0.2033 0.6615785 14.27725 -0.2010956 1.066767 14.3572 -0.1914391 1.406227 14.43033 -0.02599267 0.6730446 14.3314 -0.003697855 1.08522 14.32718 -0.03663353 1.412155 14.44241  O_Hello_Far
-0.07629858 -0.01186895 14.32957 -0.1549901 0.07857251 14.33259 -0.3479872 0.314062 14.36675 -0.4277486 0.6074841 14.31528 -0.02205442 0.08727062 14.36987 0.3086918 0.09369516 14.28351 0.3751719 -0.2046012 14.24224 -0.0937634 0.2226937 14.3372 -0.2014653 0.6614146 14.27445 -0.2000771 1.066307 14.35591 -0.1910802 1.405519 14.43026 -0.02389918 0.6729225 14.32774 -0.003658695 1.085225 14.32728 -0.03637378 1.41201 14.44299  O_Hello_Far
-0.07464586 -0.0120728 14.32478 -0.1533591 0.07832742 14.32841 -0.3457756 0.3138287 14.3621 -0.4239512 0.6072901 14.30846 -0.02024381 0.08699346 14.36505 0.3059324 0.08848214 14.26835 0.3394627 -0.21437 14.2208 -0.09217058 0.2224634 14.33305 -0.2003656 0.6612864 14.27189 -0.1993912 1.065868 14.35488 -0.190703 1.404814 14.43047 -0.0225421 0.6727434 14.32432 -0.003838761 1.085106 14.3276 -0.0361859 1.411888 14.44343  O_Hello_Far
-0.07390134 -0.0123384 14.31982 -0.1526022 0.07804394 14.3241 -0.344192 0.3136315 14.35737 -0.4209595 0.6071503 14.30204 -0.01930652 0.0866158 14.3601 0.3027143 0.08484232 14.25459 0.3050139 -0.2192057 14.20308 -0.09140192 0.2221713 14.32885 -0.199933 0.6611599 14.26951 -0.1989848 1.065408 14.3541 -0.1902593 1.404068 14.43096 -0.02185111 0.6724808 14.32108 -0.004281146 1.084842 14.32836 -0.03609447 1.411847 14.4437  O_Hello_Far
-0.07358591 -0.01266301 14.31528 -0.1522518 0.07772005 14.32016 -0.3429193 0.3134396 14.35317 -0.4186602 0.6070368 14.29685 -0.01878832 0.08618414 14.35555 0.2993892 0.08208644 14.24234 0.2700996 -0.2202044 14.1888 -0.09100746 0.2218263 14.32498 -0.1997454 0.6609751 14.26721 -0.1986147 1.064913 14.35328 -0.189664 1.403308 14.43127 -0.02142314 0.6721436 14.31798 -0.004859312 1.084456 14.32928 -0.03619395 1.411772 14.44387  O_Hello_Far
-0.07441334 -0.01378322 14.30725 -0.1529042 0.07668722 14.3132 -0.340995 0.3129715 14.34716 -0.4157965 0.6071233 14.29251 -0.01905523 0.08489132 14.34717 0.2912169 0.07889891 14.21819 0.182943 -0.2051032 14.166 -0.09142374 0.2207026 14.31772 -0.2002074 0.660135 14.26224 -0.1977201 1.063488 14.35098 -0.1874036 1.401398 14.43089 -0.02133272 0.6709471 14.31111 -0.006761236 1.082982 14.33157 -0.03709881 1.411333 14.44343  O_Hello_Far
-0.07996438 -0.01650333 14.3184 -0.1583297 0.07408845 14.32415 -0.3420744 0.3115634 14.36766 -0.4207644 0.6072671 14.32926 -0.02386848 0.08286905 14.35547 0.2759682 0.08418143 14.20363 0.05939128 -0.130216 14.15638 -0.09677474 0.2181414 14.32488 -0.2065753 0.6565177 14.26338 -0.1990635 1.060051 14.35101 -0.1841628 1.398147 14.42938 -0.02681748 0.668164 14.30869 -0.01044832 1.079955 14.33243 -0.03859184 1.409147 14.44238  O_Hello_Far
-0.08137856 -0.01708555 14.32292 -0.1598244 0.07345319 14.32841 -0.3425143 0.3111151 14.37326 -0.4225176 0.6068357 14.33781 -0.02530621 0.08251989 14.35939 0.2725227 0.08505785 14.20406 0.04185333 -0.114431 14.15823 -0.0984159 0.2175703 14.32832 -0.2087963 0.6555356 14.26495 -0.2000614 1.059185 14.35193 -0.1840917 1.397376 14.42969 -0.02895497 0.667581 14.30982 -0.01135866 1.079404 14.33208 -0.03883694 1.408548 14.44234  O_Hello_Far
-0.08193116 -0.01738548 14.32353 -0.1604151 0.07312739 14.3289 -0.34252 0.310897 14.37393 -0.4228984 0.6066393 14.33952 -0.02591191 0.08227897 14.35992 0.2711411 0.08415985 14.20392 0.03585334 -0.1103016 14.16 -0.09906398 0.2172688 14.32868 -0.2095955 0.6551263 14.26484 -0.2005032 1.058738 14.35196 -0.1842288 1.396889 14.42982 -0.02977548 0.6672885 14.30977 -0.01171152 1.079139 14.33113 -0.03905986 1.408028 14.44218  O_Hello_Far
-0.0820388 -0.01765263 14.31769 -0.1605055 0.07287014 14.32315 -0.3423724 0.3106835 14.36742 -0.4222824 0.6065159 14.33271 -0.02611039 0.08184052 14.35469 0.2713253 0.08033431 14.20126 0.03932794 -0.1187104 14.16049 -0.0990967 0.2169861 14.32374 -0.2092253 0.6551441 14.26127 -0.2006008 1.058376 14.35017 -0.1847634 1.396182 14.42961 -0.02956216 0.6670501 14.30689 -0.01122014 1.078897 14.32809 -0.03881435 1.406902 14.44166  O_Hello_Far
-0.08199255 -0.01759958 14.31046 -0.1604133 0.07295024 14.31612 -0.3427759 0.3106383 14.3594 -0.4217348 0.6065204 14.32297 -0.02613573 0.08164048 14.34824 0.2727873 0.07695365 14.19885 0.0515116 -0.1343319 14.16012 -0.09890132 0.2170138 14.31776 -0.2084633 0.655601 14.25735 -0.2005689 1.058425 14.34815 -0.1854089 1.395857 14.42929 -0.0289707 0.667113 14.30373 -0.01068137 1.078902 14.32606 -0.03863649 1.406241 14.44145  O_Hello_Far
-0.08270447 -0.01738274 14.30264 -0.1610664 0.0732094 14.30843 -0.3443303 0.3107171 14.3498 -0.4212617 0.6066589 14.3097 -0.02695636 0.08156478 14.34133 0.2745421 0.07223976 14.19849 0.07387055 -0.1590654 14.16197 -0.09942363 0.2171979 14.3113 -0.2082287 0.6562616 14.25302 -0.2010129 1.058685 14.34564 -0.1865313 1.395733 14.42848 -0.02897899 0.6673046 14.30044 -0.01059238 1.07899 14.32455 -0.03872035 1.405859 14.44122  O_Hello_Far
-0.08532618 -0.01674855 14.29837 -0.1635218 0.07398796 14.30416 -0.3495041 0.3111709 14.33946 -0.4211388 0.6066715 14.28793 -0.02961497 0.08185434 14.33799 0.2771607 0.0600456 14.21179 0.1524367 -0.2191075 14.17152 -0.1015773 0.2178177 14.30824 -0.2090091 0.6574464 14.25169 -0.2028326 1.059909 14.34422 -0.1895294 1.396911 14.42744 -0.03005425 0.6678164 14.30037 -0.01060794 1.079497 14.3237 -0.03865365 1.406179 14.44091  O_Hello_Far
-0.0845807 -0.01656818 14.30106 -0.1626701 0.07425284 14.30695 -0.3497826 0.3113688 14.34076 -0.4207993 0.6064928 14.2863 -0.02872769 0.08195233 14.34068 0.2788487 0.05585921 14.2193 0.1947304 -0.2375771 14.17544 -0.1005614 0.218011 14.31106 -0.2075463 0.6577885 14.25482 -0.2025403 1.060523 14.34622 -0.1903118 1.397765 14.42864 -0.02854119 0.6679335 14.30336 -0.009196503 1.079793 14.32339 -0.03806255 1.406186 14.44121  O_Hello_Far
-0.08297096 -0.01647031 14.3058 -0.160936 0.07445264 14.31177 -0.3494191 0.3115273 14.34531 -0.4210598 0.6063473 14.29003 -0.02692918 0.08200181 14.34527 0.2816794 0.05236375 14.22912 0.2463382 -0.2503594 14.18207 -0.09863923 0.2181345 14.31569 -0.2051603 0.6580148 14.25938 -0.2016724 1.061147 14.34908 -0.1907825 1.398756 14.43017 -0.02606372 0.6679612 14.30762 -0.007108254 1.080046 14.32279 -0.03727977 1.405916 14.44173  O_Hello_Far
-0.08151262 -0.01648235 14.31188 -0.1593765 0.07454002 14.31765 -0.3491905 0.3116156 14.35187 -0.4222903 0.606277 14.29766 -0.02535729 0.08201897 14.35111 0.2856167 0.05022705 14.24229 0.2988628 -0.2542595 14.1952 -0.09692089 0.2181618 14.32123 -0.2029638 0.6580278 14.26391 -0.2006125 1.061627 14.35153 -0.1907176 1.399669 14.43092 -0.02385036 0.6678883 14.3121 -0.005091352 1.080135 14.32234 -0.03649215 1.405534 14.44224  O_Hello_Far
-0.08170961 -0.01669967 14.32176 -0.1594513 0.07446432 14.32691 -0.3507636 0.3115848 14.36336 -0.4269139 0.6060992 14.31267 -0.02549092 0.08191538 14.36062 0.2927139 0.05037081 14.27015 0.3776196 -0.2437081 14.23256 -0.09679185 0.2180108 14.3299 -0.2020679 0.6577377 14.27015 -0.1998522 1.062042 14.35446 -0.190176 1.400642 14.43147 -0.02304052 0.6675784 14.31867 -0.002974911 1.079881 14.32139 -0.03566418 1.405043 14.4416  O_Hello_Far
-0.0827698 -0.0169282 14.32591 -0.1604535 0.07429028 14.33097 -0.3520946 0.3114041 14.36909 -0.4298628 0.6058071 14.32024 -0.0264899 0.0816884 14.36468 0.2960043 0.05177975 14.28598 0.4143251 -0.2316103 14.25779 -0.09770255 0.2177997 14.33383 -0.202695 0.6575361 14.27365 -0.199585 1.06253 14.35455 -0.1898476 1.401042 14.43194 -0.02366362 0.6673091 14.32217 -0.002405329 1.07956 14.32118 -0.03558819 1.404802 14.44103  O_Hello_Far
-0.08595525 -0.01759481 14.32977 -0.1635741 0.07363451 14.33557 -0.3543166 0.3108053 14.37593 -0.4324938 0.6052791 14.32817 -0.02951871 0.08075869 14.36897 0.2997196 0.05715477 14.31056 0.4672132 -0.201697 14.30378 -0.100735 0.2170899 14.33912 -0.2056367 0.6572338 14.28183 -0.1976146 1.065141 14.34603 -0.1881478 1.401531 14.43221 -0.02647362 0.6666201 14.32994 -0.002403541 1.078659 14.32299 -0.03600297 1.40446 14.4412  O_Hello_Far
-0.08788358 -0.01779199 14.33079 -0.1655174 0.07339406 14.33706 -0.3550124 0.3107775 14.37649 -0.4313205 0.6055207 14.32738 -0.03145937 0.08037555 14.37048 0.3005479 0.06232333 14.31835 0.4839021 -0.185629 14.32067 -0.1027027 0.2168409 14.34131 -0.2076869 0.6572454 14.28622 -0.1984171 1.0655 14.348 -0.1876215 1.402051 14.43338 -0.02851985 0.666424 14.33435 -0.003020925 1.078346 14.32575 -0.03667216 1.404809 14.4421  O_Hello_Far
-0.08847956 -0.01775682 14.33179 -0.1661381 0.07340932 14.33804 -0.3551866 0.3108959 14.37667 -0.4306935 0.6057196 14.32682 -0.0321059 0.08040607 14.37156 0.3007524 0.06464291 14.32033 0.4867277 -0.1813202 14.32477 -0.1033583 0.2168683 14.3424 -0.2084001 0.6572732 14.28743 -0.1993807 1.065063 14.35224 -0.1874998 1.4025 14.4339 -0.02926998 0.6664706 14.33569 -0.003534658 1.078382 14.3273 -0.03719906 1.405306 14.44235  O_Hello_Far
-0.08885162 -0.01749539 14.33313 -0.1665702 0.07362735 14.33926 -0.3551805 0.3111811 14.37681 -0.429694 0.6060877 14.32596 -0.0325825 0.0807097 14.37294 0.3011367 0.06783724 14.32154 0.4873346 -0.1779227 14.3276 -0.1038785 0.2171236 14.34366 -0.2091083 0.6574545 14.28845 -0.2018953 1.063516 14.36353 -0.1882674 1.403086 14.4355 -0.03004174 0.6667671 14.33693 -0.004418654 1.07871 14.32985 -0.03805194 1.406477 14.44248  O_Hello_Far
-0.0885282 -0.01723778 14.33242 -0.1663049 0.07383287 14.33859 -0.3549268 0.3112702 14.37607 -0.4290825 0.6062023 14.32485 -0.03232775 0.08097851 14.3723 0.3013769 0.06861997 14.32 0.4844656 -0.1794754 14.32561 -0.1037037 0.2173655 14.34309 -0.2091986 0.6576635 14.28812 -0.2026239 1.063171 14.36619 -0.188703 1.403226 14.43578 -0.03014682 0.6670589 14.33664 -0.005068464 1.079062 14.33137 -0.03875081 1.407091 14.44322  O_Hello_Far
-0.08752809 -0.0169065 14.32993 -0.1653829 0.07408547 14.33627 -0.3542486 0.3112843 14.37407 -0.4283948 0.6061081 14.32222 -0.03140042 0.08129621 14.36994 0.3018416 0.06808376 14.31692 0.4794069 -0.1840224 14.32108 -0.1029067 0.217666 14.34097 -0.2088089 0.657957 14.28674 -0.2024904 1.063432 14.365 -0.1889254 1.403311 14.43551 -0.02974854 0.6674339 14.3352 -0.005473895 1.079508 14.33217 -0.03917215 1.407395 14.44443  O_Hello_Far
-0.08560078 -0.01643586 14.32601 -0.163555 0.07445896 14.33252 -0.3529166 0.3113556 14.37057 -0.4276849 0.6058107 14.31752 -0.02956621 0.08176994 14.36615 0.3028208 0.06665158 14.31225 0.4722322 -0.1910348 14.3136 -0.1012381 0.2181025 14.33741 -0.2076583 0.6583547 14.28388 -0.2021934 1.063532 14.36373 -0.1892738 1.403262 14.43508 -0.0285878 0.6679604 14.33229 -0.005135341 1.080091 14.3309 -0.03866683 1.407456 14.44472  O_Hello_Far
-0.08108799 -0.01546931 14.31959 -0.1592555 0.07527471 14.32564 -0.3501058 0.3117186 14.36248 -0.4272823 0.6052297 14.30769 -0.02539746 0.08294559 14.3597 0.3044126 0.06341147 14.29989 0.4506734 -0.2079561 14.29141 -0.09725879 0.2190607 14.33041 -0.204425 0.6589644 14.27552 -0.1995437 1.064604 14.35303 -0.1891241 1.402652 14.43233 -0.02554075 0.6690586 14.32451 -0.003145976 1.081248 14.32301 -0.0366085 1.406767 14.44203  O_Hello_Far
-0.07766019 -0.01398253 14.31784 -0.1559447 0.07673669 14.32261 -0.3479746 0.3132514 14.35574 -0.4268667 0.6066112 14.3026 -0.02221446 0.08493185 14.35705 0.3007061 0.05996668 14.2762 0.3959901 -0.2320931 14.24924 -0.09411781 0.2206349 14.326 -0.2015595 0.6597854 14.26587 -0.1994458 1.063681 14.35212 -0.1897542 1.401994 14.43038 -0.02285795 0.6706187 14.31537 -0.002401991 1.082903 14.31791 -0.03540043 1.40732 14.44003  O_Hello_Far
-0.07832704 -0.01354659 14.31741 -0.1565405 0.07724106 14.32203 -0.3481471 0.3140517 14.3539 -0.4262435 0.6076608 14.30097 -0.02276616 0.08542514 14.35631 0.2967136 0.05863917 14.2664 0.3666891 -0.2398854 14.23337 -0.09460567 0.2211024 14.325 -0.201796 0.660179 14.26389 -0.1993176 1.063891 14.35098 -0.189299 1.402037 14.42992 -0.02303181 0.6710062 14.31316 -0.00341825 1.083296 14.31914 -0.03558038 1.407871 14.44106  O_Hello_Far
-0.07995187 -0.01305008 14.31272 -0.1580184 0.07786226 14.31738 -0.3484403 0.3151114 14.34802 -0.4243225 0.6093656 14.29545 -0.02427082 0.08577406 14.35182 0.2907227 0.05746174 14.25096 0.3183998 -0.2469735 14.21024 -0.09584604 0.2216151 14.32062 -0.2022286 0.6609554 14.25999 -0.1987604 1.064755 14.34664 -0.1885861 1.402127 14.42881 -0.02350436 0.6714142 14.30949 -0.00440727 1.083663 14.31896 -0.03534667 1.408018 14.44178  O_Hello_Far
-0.0819668 -0.01283681 14.30304 -0.1599672 0.07812726 14.3078 -0.3488394 0.3155618 14.3379 -0.4224229 0.6105449 14.28615 -0.02643589 0.08566809 14.34315 0.2850343 0.05753684 14.23364 0.2616152 -0.2465389 14.18788 -0.09766762 0.2217884 14.31238 -0.2032012 0.6616324 14.25396 -0.1961984 1.067528 14.32995 -0.1873073 1.40137 14.42558 -0.02478842 0.6715725 14.30468 -0.004965348 1.083756 14.31541 -0.03541891 1.40726 14.44057  O_Hello_Far
-0.0828924 -0.01270211 14.29697 -0.1609284 0.07823026 14.30175 -0.348801 0.3156285 14.33157 -0.4216253 0.6109093 14.28045 -0.0275725 0.08563054 14.33779 0.2821454 0.05837238 14.22371 0.2245478 -0.2410804 14.17772 -0.09867315 0.2218773 14.30728 -0.2039847 0.6619635 14.2503 -0.1957511 1.068341 14.32355 -0.1871707 1.400733 14.42412 -0.02582322 0.6717004 14.30193 -0.005154951 1.083833 14.31303 -0.03572873 1.406797 14.43954  O_Hello_Far
-0.08375995 -0.01257575 14.29274 -0.1618798 0.07828701 14.29748 -0.3485924 0.3156122 14.32666 -0.4214397 0.6110604 14.27655 -0.02869157 0.08565629 14.33414 0.2789728 0.05975425 14.2147 0.1812998 -0.2296473 14.17214 -0.09974967 0.2219568 14.30377 -0.2051114 0.6621612 14.24781 -0.1964362 1.068379 14.32188 -0.1875132 1.400428 14.42355 -0.02718936 0.6718449 14.30026 -0.00549881 1.083917 14.31165 -0.03628443 1.406663 14.43867  O_Hello_Far
-0.08443896 -0.01250875 14.29272 -0.1625906 0.07833052 14.29738 -0.3484932 0.3157063 14.32588 -0.4217851 0.6112167 14.2768 -0.02945463 0.08572519 14.33422 0.2764129 0.06060529 14.21058 0.1523326 -0.219143 14.17251 -0.1005095 0.2220157 14.3038 -0.2059182 0.6622084 14.24784 -0.1977153 1.067767 14.32549 -0.1879313 1.400705 14.42413 -0.02807067 0.671925 14.30054 -0.005956871 1.083966 14.31222 -0.0367292 1.406901 14.43877  O_Hello_Far
-0.08521478 -0.01243699 14.29539 -0.1633397 0.07843006 14.29995 -0.3485468 0.3160107 14.32768 -0.422471 0.6115516 14.27974 -0.03017489 0.08585155 14.33668 0.2736923 0.06109238 14.20892 0.1293045 -0.209355 14.17553 -0.1012171 0.2221097 14.30609 -0.2065537 0.6622362 14.24947 -0.1995262 1.066576 14.33334 -0.1884231 1.401303 14.42558 -0.02866517 0.6719944 14.30203 -0.006579025 1.084023 14.31419 -0.0370032 1.407475 14.43949  O_Hello_Far
-0.08631377 -0.01236928 14.2996 -0.1643636 0.07856488 14.30411 -0.348977 0.3164767 14.33101 -0.4231327 0.6121575 14.2843 -0.0310965 0.08599925 14.34047 0.2705473 0.06152833 14.20848 0.1098519 -0.2000879 14.17952 -0.1021257 0.2222184 14.30967 -0.207309 0.6622534 14.25206 -0.2011601 1.065378 14.34166 -0.1886186 1.401849 14.42712 -0.02927469 0.6720387 14.30412 -0.007444782 1.08406 14.31699 -0.03707651 1.408399 14.44017  O_Hello_Far
-0.08855586 -0.01234257 14.30565 -0.1664536 0.07872176 14.31016 -0.3505364 0.3171461 14.33633 -0.4235592 0.6134198 14.29165 -0.03300564 0.08610857 14.34586 0.265698 0.06235015 14.2085 0.08659978 -0.1875582 14.18454 -0.1039852 0.2223061 14.31485 -0.2088113 0.6622591 14.25599 -0.2020753 1.064865 14.34784 -0.1878744 1.402459 14.42848 -0.03051905 0.6719949 14.30716 -0.009189649 1.083981 14.32186 -0.03763322 1.409792 14.44138  O_Hello_Far
-0.09009872 -0.01232708 14.30674 -0.1679038 0.07881129 14.31135 -0.352017 0.3174106 14.33754 -0.4225808 0.6143277 14.29318 -0.03441159 0.08606172 14.34691 0.2638957 0.06325197 14.20843 0.07986446 -0.1830182 14.18419 -0.1052921 0.2223343 14.31601 -0.2097552 0.6624009 14.25734 -0.2020641 1.065273 14.34795 -0.187204 1.402765 14.4289 -0.0314003 0.6719536 14.30833 -0.01019536 1.083883 14.3247 -0.03842143 1.410395 14.44235  O_Hello_Far
-0.09215085 -0.01221418 14.30466 -0.1698384 0.07901061 14.30954 -0.3541612 0.3176562 14.33593 -0.4206299 0.6154667 14.29123 -0.03637068 0.08595061 14.34526 0.2624865 0.06496739 14.20662 0.0768279 -0.1797364 14.17914 -0.1070393 0.2224314 14.31479 -0.2108576 0.6628515 14.25765 -0.2023613 1.065693 14.34832 -0.1867934 1.403096 14.42951 -0.03253899 0.6719766 14.30884 -0.01108853 1.083814 14.32711 -0.03928427 1.411031 14.44279  O_Hello_Far
-0.09397446 -0.01195943 14.29974 -0.1715652 0.07932758 14.30499 -0.3558281 0.3178949 14.33107 -0.4190411 0.6161603 14.28471 -0.03818123 0.08588493 14.34108 0.2619075 0.0671401 14.20295 0.08181252 -0.1808717 14.16889 -0.1086084 0.2226371 14.31128 -0.2117539 0.6635275 14.25661 -0.2028187 1.066116 14.34835 -0.1868681 1.403288 14.43042 -0.03355626 0.6721199 14.30831 -0.01146142 1.083874 14.32766 -0.03968493 1.411149 14.44317  O_Hello_Far
-0.0951256 -0.01168513 14.29621 -0.1726542 0.0796411 14.30169 -0.3566109 0.3181933 14.32697 -0.4183308 0.616371 14.2781 -0.03931824 0.08595872 14.33801 0.2617734 0.06897092 14.20027 0.09060736 -0.184411 14.16022 -0.1095973 0.222877 14.30862 -0.2123258 0.6640511 14.25547 -0.2031807 1.06648 14.34789 -0.1870785 1.403497 14.43056 -0.03419749 0.6723101 14.30747 -0.01167421 1.08402 14.32725 -0.0397688 1.411006 14.4436  O_Hello_Far
-0.09587263 -0.01131046 14.29447 -0.1733582 0.08005142 14.29996 -0.3570974 0.3186361 14.32418 -0.4183612 0.6163076 14.27178 -0.04005287 0.08626497 14.33641 0.2623414 0.07046378 14.19985 0.1073844 -0.19216 14.15379 -0.1102322 0.2232476 14.30708 -0.2126782 0.664525 14.25425 -0.2035486 1.066934 14.34676 -0.187516 1.403913 14.4296 -0.03459428 0.6726416 14.30642 -0.01181482 1.084358 14.32576 -0.03939364 1.411019 14.44315  O_Hello_Far
-0.09590213 -0.0110873 14.29504 -0.1733798 0.08028829 14.30041 -0.3572365 0.3189087 14.32433 -0.418473 0.616299 14.27032 -0.04007499 0.08653688 14.33685 0.2632904 0.07081807 14.20173 0.120004 -0.197914 14.15319 -0.1102414 0.223488 14.30735 -0.2126473 0.6647063 14.25394 -0.2036701 1.067152 14.34631 -0.1878003 1.404155 14.42908 -0.03456412 0.6728742 14.30611 -0.01181142 1.084616 14.32493 -0.03907655 1.411071 14.44297  O_Hello_Far
-0.09574901 -0.01072729 14.29648 -0.1732232 0.0806638 14.30164 -0.3574174 0.3193356 14.32536 -0.4185459 0.6163297 14.2691 -0.0399103 0.08700228 14.33803 0.265224 0.07137489 14.20572 0.142682 -0.2067854 14.15362 -0.1100796 0.2238792 14.3082 -0.2124858 0.6649618 14.25368 -0.2037927 1.067469 14.34581 -0.1882124 1.404517 14.42845 -0.03439109 0.6732587 14.30579 -0.01171689 1.085047 14.32366 -0.03853778 1.411165 14.44272  O_Hello_Far
-0.0953158 -0.01043344 14.2985 -0.1728008 0.08096051 14.30344 -0.3574961 0.3196628 14.32742 -0.4184031 0.6164412 14.2698 -0.03946785 0.08742309 14.33974 0.26743 0.07181048 14.21046 0.1646436 -0.2137911 14.15595 -0.1096752 0.2242036 14.30955 -0.2121796 0.665113 14.25383 -0.2037779 1.067676 14.34574 -0.1884762 1.404768 14.42825 -0.03405605 0.6735857 14.30581 -0.01150004 1.085422 14.32272 -0.03805975 1.411255 14.44261  O_Hello_Far
-0.09468161 -0.0101521 14.30113 -0.1721964 0.08122921 14.30583 -0.3576033 0.3199115 14.33052 -0.4184773 0.6165658 14.27223 -0.03884558 0.08785152 14.34204 0.2702343 0.07247245 14.2166 0.1899743 -0.219897 14.16018 -0.1091185 0.2245128 14.31146 -0.2118114 0.6652111 14.25444 -0.2036878 1.067864 14.34598 -0.1886402 1.405036 14.42821 -0.03366194 0.6739079 14.30629 -0.01115052 1.0858 14.32184 -0.03766666 1.411414 14.44234  O_Hello_Far
-0.09367923 -0.009767175 14.30552 -0.171254 0.08158159 14.30984 -0.3579083 0.320158 14.33605 -0.4189249 0.6167582 14.27763 -0.03788845 0.08845901 14.34595 0.2749351 0.07381606 14.22738 0.2314194 -0.2260141 14.16983 -0.1082712 0.2249323 14.31479 -0.2112958 0.6652972 14.25582 -0.2035282 1.06812 14.34664 -0.1887997 1.405445 14.4283 -0.03312473 0.6743507 14.30754 -0.0105351 1.086324 14.32063 -0.03724651 1.411672 14.4418  O_Hello_Far
-0.09294192 -0.009442568 14.31004 -0.1705859 0.08186448 14.31399 -0.3586567 0.3202214 14.3423 -0.4201918 0.6169482 14.28508 -0.03724275 0.08897412 14.35013 0.280187 0.07588017 14.24051 0.2769604 -0.2273628 14.18449 -0.1077106 0.225279 14.31844 -0.2110304 0.6653458 14.25779 -0.2034559 1.068377 14.34769 -0.1889038 1.405888 14.42861 -0.03289084 0.6747224 14.30955 -0.009893401 1.086757 14.31965 -0.03721933 1.411892 14.44126  O_Hello_Far
-0.09316467 -0.009304166 14.31232 -0.1708297 0.08199358 14.31606 -0.3595935 0.3202124 14.34583 -0.4218839 0.6169972 14.28974 -0.03755746 0.08914387 14.35246 0.2837792 0.07817113 14.25068 0.3075109 -0.224623 14.19723 -0.1079844 0.2254199 14.32055 -0.2112523 0.6654367 14.25945 -0.2036262 1.068622 14.34865 -0.189052 1.406265 14.42902 -0.03321419 0.6748695 14.31155 -0.009499652 1.086912 14.31944 -0.03742633 1.411902 14.4413  O_Hello_Far
-0.0936626 -0.009181142 14.31452 -0.17134 0.08211398 14.31807 -0.3607737 0.3201703 14.34947 -0.4239167 0.6170136 14.29466 -0.03816203 0.08926976 14.35481 0.287405 0.0809083 14.26245 0.3410494 -0.2188423 14.21371 -0.1085113 0.2255425 14.32271 -0.2116363 0.6655541 14.26133 -0.2039046 1.068915 14.34973 -0.1892702 1.406705 14.42947 -0.03373311 0.6749944 14.31389 -0.009051306 1.087021 14.31923 -0.03765361 1.411843 14.44138  O_Hello_Far
-0.09529291 -0.009132028 14.31528 -0.1729348 0.08219683 14.31873 -0.3625555 0.3201689 14.35179 -0.4264261 0.6170896 14.29825 -0.03991012 0.08918273 14.35606 0.2902341 0.0845083 14.27493 0.3736974 -0.2093018 14.23234 -0.110048 0.2255778 14.32402 -0.2126715 0.665805 14.26335 -0.2046428 1.069352 14.35087 -0.1898077 1.40729 14.42993 -0.03498797 0.6750094 14.31669 -0.008669896 1.086962 14.31914 -0.03787367 1.411597 14.44165  O_Hello_Far
-0.09885012 -0.009188414 14.31428 -0.1764126 0.08220708 14.31776 -0.3658351 0.3200852 14.35321 -0.430264 0.6172105 14.30151 -0.04364828 0.0888046 14.35606 0.2919214 0.08989167 14.29085 0.4140801 -0.1914742 14.259 -0.113405 0.2254791 14.32438 -0.2151043 0.6661966 14.26575 -0.2049462 1.071106 14.34649 -0.1903256 1.408054 14.42972 -0.03779344 0.6748604 14.32041 -0.00846432 1.086612 14.31845 -0.03829978 1.410915 14.44168  O_Hello_Far
-0.1010517 -0.009224772 14.31316 -0.1785673 0.08220828 14.31669 -0.3677387 0.3200455 14.35334 -0.432336 0.6172885 14.30254 -0.04594741 0.08856833 14.35553 0.2918657 0.09273124 14.29829 0.4322439 -0.1806616 14.2727 -0.1154922 0.2254113 14.32411 -0.2166768 0.6664209 14.2668 -0.2048761 1.072241 14.3426 -0.190575 1.408318 14.42933 -0.03957228 0.674754 14.32217 -0.008457823 1.086357 14.31789 -0.03853283 1.410472 14.44155  O_Hello_Far
-0.104378 -0.009233713 14.31109 -0.1818388 0.08224106 14.31474 -0.3704388 0.3200668 14.3527 -0.4351331 0.6174217 14.30268 -0.04939465 0.08829379 14.35423 0.290601 0.09677505 14.30517 0.4523462 -0.1651011 14.2861 -0.1186885 0.2253535 14.32321 -0.2192686 0.6667355 14.26773 -0.2047776 1.073735 14.3364 -0.1909153 1.408381 14.42857 -0.04241512 0.6746399 14.32396 -0.008700771 1.085997 14.31672 -0.0388752 1.409867 14.441  O_Hello_Far
-0.109419 -0.009082198 14.30911 -0.1868424 0.08242166 14.31282 -0.3745765 0.3202474 14.3523 -0.4399906 0.6175725 14.30305 -0.05458532 0.08820391 14.35297 0.2876565 0.1033007 14.31303 0.4772924 -0.1396413 14.30199 -0.1236491 0.2254531 14.32228 -0.2237024 0.6671574 14.26843 -0.2056569 1.075082 14.33045 -0.1916222 1.4082 14.42797 -0.04711555 0.674684 14.32555 -0.00957541 1.085625 14.31452 -0.03973154 1.409258 14.43942  O_Hello_Far
-0.1145228 -0.008738756 14.3096 -0.1919415 0.08277547 14.31315 -0.3789777 0.3207004 14.35354 -0.4461333 0.6177607 14.30503 -0.05972914 0.0885793 14.35344 0.2839305 0.1107033 14.3184 0.4962043 -0.1129332 14.31284 -0.1287451 0.225809 14.32255 -0.2286953 0.667477 14.26822 -0.2076983 1.075669 14.3275 -0.1922084 1.408099 14.42712 -0.05217211 0.6750353 14.32553 -0.01106404 1.08557 14.3123 -0.04099898 1.40894 14.43793  O_Hello_Far
-0.1189961 -0.008244634 14.31115 -0.1963552 0.08332765 14.3145 -0.3829703 0.321563 14.35504 -0.4522514 0.6183642 14.30796 -0.06403403 0.08923781 14.35441 0.2805942 0.1192008 14.32077 0.5082372 -0.08881462 14.31722 -0.1330562 0.2263665 14.32309 -0.232908 0.667843 14.26705 -0.2097945 1.075966 14.32601 -0.1922259 1.408028 14.42651 -0.05623035 0.6755588 14.32386 -0.01263706 1.08584 14.31074 -0.04212217 1.408844 14.43742  O_Hello_Far
-0.1213367 -0.007890463 14.31187 -0.1985993 0.0837667 14.31513 -0.3850686 0.3222933 14.35553 -0.4555212 0.6190423 14.30988 -0.06618373 0.08966279 14.35473 0.2789342 0.1252427 14.32131 0.5135925 -0.07482922 14.31799 -0.1351425 0.2267679 14.32317 -0.2346904 0.6681778 14.26607 -0.2105826 1.076291 14.3247 -0.191926 1.407911 14.42645 -0.05787907 0.6758851 14.32246 -0.01351242 1.086115 14.31037 -0.04277138 1.40883 14.43784  O_Hello_Far
-0.1228511 -0.007614613 14.31357 -0.1999564 0.08418226 14.31661 -0.3862354 0.3231406 14.35644 -0.4571224 0.6199588 14.31193 -0.06747781 0.08999443 14.35601 0.2779879 0.1306378 14.32257 0.5168406 -0.0643971 14.31868 -0.1362507 0.2271042 14.32407 -0.2351405 0.6684794 14.26558 -0.2104924 1.076737 14.32296 -0.1912604 1.40791 14.42605 -0.05824057 0.6760867 14.3217 -0.01376162 1.086321 14.31018 -0.04307417 1.408797 14.43823  O_Hello_Far
-0.1248906 -0.007110596 14.31929 -0.2016629 0.08498681 14.32157 -0.3875735 0.3248917 14.3597 -0.4586199 0.6218999 14.31673 -0.0691257 0.09067857 14.3608 0.2766265 0.1409401 14.32666 0.5209973 -0.04706168 14.32013 -0.1374374 0.2277403 14.32768 -0.2347998 0.6689212 14.26529 -0.2096664 1.077554 14.31972 -0.189718 1.408064 14.42478 -0.05781863 0.6763994 14.32118 -0.0135089 1.08665 14.30958 -0.04324858 1.408737 14.43851  O_Hello_Far
-0.1259919 -0.00664866 14.32697 -0.2024799 0.0857048 14.32822 -0.3881642 0.3264627 14.3643 -0.4590223 0.6236186 14.32204 -0.06994812 0.09141016 14.36746 0.2755153 0.1509626 14.33157 0.5228654 -0.03289258 14.32063 -0.137816 0.2283168 14.33282 -0.2337758 0.6690971 14.26561 -0.20866 1.078075 14.31739 -0.1883511 1.408214 14.42354 -0.05680434 0.6766313 14.32152 -0.01278673 1.086877 14.30868 -0.04310689 1.408698 14.43814  O_Hello_Far
-0.1267546 -0.005892873 14.34049 -0.2029224 0.08673143 14.3399 -0.3885754 0.3285129 14.3727 -0.4592144 0.6257467 14.33063 -0.07044427 0.09269571 14.37928 0.2731049 0.168233 14.33841 0.5224529 -0.01198423 14.31715 -0.1377703 0.2291796 14.34202 -0.2320684 0.6689861 14.26658 -0.2073355 1.078346 14.31544 -0.1866992 1.408199 14.42242 -0.0551754 0.6769302 14.32268 -0.01150082 1.087111 14.30694 -0.04263638 1.408636 14.43694  O_Hello_Far
-0.1268217 -0.004798174 14.35813 -0.2027223 0.08800113 14.3552 -0.3885866 0.3306878 14.38404 -0.4591416 0.627809 14.34105 -0.07030837 0.09451258 14.39472 0.2665168 0.1953708 14.34304 0.5146104 0.01701629 14.30129 -0.1371666 0.2302756 14.35413 -0.2300492 0.6684591 14.26822 -0.2058881 1.07813 14.3147 -0.1849285 1.407929 14.42179 -0.05324916 0.6772162 14.32449 -0.009760244 1.087226 14.30439 -0.04161189 1.408363 14.43517  O_Hello_Far
-0.1267251 -0.004143596 14.36725 -0.2024986 0.0887152 14.36316 -0.3884523 0.3318025 14.39003 -0.4589632 0.628811 14.34619 -0.07010667 0.09552372 14.40269 0.2606033 0.2111598 14.34392 0.5062621 0.03303552 14.28889 -0.1367508 0.2308788 14.36042 -0.2289774 0.6681234 14.26919 -0.2050888 1.077947 14.31445 -0.1840049 1.407785 14.42139 -0.05220948 0.6773192 14.32549 -0.008752091 1.087206 14.30295 -0.04087977 1.408126 14.4342  O_Hello_Far
-0.1266797 -0.003364801 14.37751 -0.2022704 0.08958983 14.37236 -0.388025 0.3332005 14.39762 -0.4586165 0.6299629 14.35227 -0.06979357 0.09663534 14.41157 0.249184 0.2328231 14.34158 0.4904025 0.05662668 14.26495 -0.1362373 0.2315701 14.36767 -0.227735 0.6677882 14.27095 -0.2042188 1.077837 14.31433 -0.1831698 1.407617 14.42145 -0.05084698 0.6773457 14.32681 -0.007419808 1.087055 14.3012 -0.03991536 1.407595 14.43328  O_Hello_Far
-0.1265825 -0.002814531 14.38445 -0.2020354 0.09021902 14.37873 -0.3875091 0.3342102 14.40331 -0.4582781 0.6307178 14.3566 -0.06943928 0.09737015 14.41752 0.2380896 0.2489022 14.33902 0.4759444 0.07677054 14.24468 -0.1357837 0.232046 14.37268 -0.2268362 0.6675975 14.2726 -0.20361 1.077825 14.31441 -0.1826033 1.407581 14.42162 -0.0497791 0.6773253 14.32789 -0.006389899 1.086899 14.30013 -0.03925661 1.407176 14.43276  O_Hello_Far
-0.1263394 -0.002133608 14.39215 -0.2016061 0.09103632 14.3862 -0.3864 0.3355453 14.41106 -0.4577313 0.6315297 14.36194 -0.06872474 0.09817421 14.424 0.2207522 0.2681152 14.33395 0.4526618 0.1041667 14.21377 -0.135057 0.2326459 14.37854 -0.2257588 0.6675963 14.27557 -0.2029792 1.078094 14.3149 -0.1820893 1.407877 14.42205 -0.04829572 0.6773347 14.32954 -0.005018039 1.08674 14.29924 -0.03868423 1.406721 14.43238  O_Hello_Far
-0.1257167 -0.001629114 14.39794 -0.2008145 0.09171271 14.39257 -0.3846388 0.3366851 14.41955 -0.4565469 0.6318973 14.36676 -0.06746732 0.09863973 14.42874 0.200652 0.2840983 14.326 0.4247855 0.1368973 14.17368 -0.1340057 0.2331235 14.38361 -0.2248496 0.6679474 14.28023 -0.2025637 1.078714 14.31695 -0.1816182 1.408883 14.42289 -0.04672162 0.6774164 14.33202 -0.003812475 1.086749 14.30025 -0.03869067 1.406904 14.43266  O_Hello_Far
-0.1250511 -0.001684189 14.40033 -0.2000613 0.09177339 14.39583 -0.3831587 0.3369726 14.4251 -0.455085 0.6316278 14.36931 -0.06632708 0.09847689 14.43057 0.1853194 0.2935201 14.32005 0.4036708 0.1674582 14.14247 -0.133139 0.2330902 14.38625 -0.2244228 0.6681183 14.28412 -0.2024938 1.079014 14.31959 -0.1813319 1.409688 14.42391 -0.04574041 0.6772863 14.33402 -0.003388448 1.086684 14.30234 -0.03893534 1.407399 14.43321  O_Hello_Far
-0.1244252 -0.001994491 14.40082 -0.1993942 0.09153759 14.39728 -0.381942 0.3368174 14.4288 -0.4534021 0.6310993 14.3705 -0.06533508 0.09803283 14.43079 0.1743317 0.2988826 14.31513 0.3874627 0.195549 14.11764 -0.1324436 0.2328249 14.38747 -0.2243066 0.6682122 14.28741 -0.2026439 1.079152 14.32254 -0.181177 1.41038 14.42502 -0.04515741 0.6770926 14.33566 -0.003472967 1.086637 14.30501 -0.03924636 1.408128 14.4339  O_Hello_Far
-0.123435 -0.003091455 14.39831 -0.1983811 0.09051287 14.39674 -0.3800875 0.3357301 14.43223 -0.4492404 0.6297202 14.36982 -0.06383316 0.09662235 14.42831 0.1588124 0.3051825 14.30743 0.3618791 0.2561768 14.08057 -0.1314822 0.2318453 14.38723 -0.2245111 0.6681858 14.29255 -0.203234 1.079026 14.32905 -0.1810527 1.411371 14.42768 -0.04465703 0.6765184 14.3382 -0.004756434 1.086537 14.31182 -0.03996096 1.410173 14.43538  O_Hello_Far
-0.1228852 -0.00397253 14.3955 -0.1978256 0.08964908 14.39522 -0.379055 0.3347503 14.4331 -0.4461629 0.6287089 14.36835 -0.06301765 0.09551907 14.42571 0.1506432 0.3080509 14.30319 0.3444469 0.2979621 14.06352 -0.130984 0.2310377 14.38615 -0.2247252 0.6680495 14.29534 -0.2036535 1.078761 14.33338 -0.1810152 1.41182 14.42947 -0.04449461 0.6760377 14.33956 -0.005884035 1.08639 14.31668 -0.04027752 1.411536 14.43645  O_Hello_Far
-0.1227527 -0.005224705 14.38964 -0.1977069 0.08837986 14.39072 -0.3785567 0.3332628 14.43063 -0.4424938 0.6275619 14.36424 -0.06274329 0.09396076 14.42057 0.1446439 0.3107166 14.29992 0.329307 0.353159 14.05661 -0.1309334 0.2298679 14.38278 -0.2252072 0.6677774 14.29698 -0.2043449 1.078223 14.33789 -0.1812505 1.412032 14.43123 -0.04475061 0.6753432 14.34034 -0.008108301 1.086156 14.32319 -0.04053054 1.413081 14.43859  O_Hello_Far
-0.1226764 -0.006282568 14.3844 -0.1976374 0.08729732 14.38659 -0.3781739 0.3319831 14.42809 -0.4393068 0.626621 14.36058 -0.06256454 0.09263301 14.41598 0.1397832 0.3129475 14.2976 0.3131792 0.3991754 14.0576 -0.130911 0.2288609 14.37965 -0.2255557 0.6675018 14.29811 -0.2048524 1.077708 14.34143 -0.1814229 1.412109 14.43254 -0.04494033 0.6747093 14.34086 -0.009940607 1.08584 14.32862 -0.04059229 1.414199 14.44037  O_Hello_Far
-0.123297 -0.007987261 14.37372 -0.1982774 0.08553708 14.37722 -0.3784804 0.3299047 14.42001 -0.4350484 0.6255907 14.3531 -0.06326549 0.09042883 14.40697 0.1344993 0.31738 14.29825 0.2902673 0.4712776 14.08109 -0.13156 0.2272005 14.37264 -0.2261094 0.6670536 14.29779 -0.2055265 1.076879 14.34463 -0.1817752 1.411878 14.43343 -0.04558251 0.6736134 14.34102 -0.01328115 1.085127 14.33693 -0.04054848 1.415507 14.44348  O_Hello_Far
-0.1244675 -0.01021051 14.3542 -0.1995433 0.08316445 14.35928 -0.3794089 0.3269023 14.40306 -0.4282217 0.6252882 14.34231 -0.06490169 0.08730614 14.39077 0.1299223 0.324762 14.30609 0.252038 0.5616696 14.15096 -0.1328647 0.2249204 14.35927 -0.2267844 0.666577 14.29499 -0.2062024 1.076003 14.3452 -0.1821666 1.411077 14.43364 -0.04679404 0.6720421 14.34055 -0.01774441 1.083769 14.34695 -0.04059444 1.416296 14.4477  O_Hello_Far
-0.1249096 -0.01158905 14.32787 -0.2002205 0.08145642 14.33508 -0.3796501 0.3240552 14.38066 -0.4213257 0.6259941 14.33372 -0.06606762 0.0846746 14.36869 0.1263796 0.3307736 14.31481 0.2157341 0.6135046 14.23006 -0.1338041 0.2232128 14.34098 -0.2275564 0.6667143 14.29068 -0.2067326 1.076206 14.34025 -0.1822451 1.41013 14.43282 -0.0482705 0.6708251 14.33907 -0.02009217 1.082516 14.35003 -0.04075114 1.415456 14.44989  O_Hello_Far
-0.1245894 -0.01181996 14.31631 -0.2000065 0.08104396 14.32466 -0.3792308 0.3230243 14.37165 -0.4192392 0.6261684 14.33152 -0.06598352 0.08385432 14.35882 0.1240735 0.332323 14.3152 0.2044123 0.6239457 14.25515 -0.1337344 0.2227465 14.33298 -0.2276779 0.6668913 14.28913 -0.2068339 1.076513 14.33761 -0.1821239 1.409755 14.43255 -0.0485783 0.6704038 14.33825 -0.0202239 1.082076 14.34947 -0.04067604 1.414743 14.45027  O_Hello_Far
-0.1241647 -0.01184654 14.3101 -0.1996408 0.08090878 14.3191 -0.3788019 0.3224938 14.3671 -0.4183932 0.6261621 14.3307 -0.06567077 0.08350325 14.35349 0.1226609 0.3330506 14.31437 0.1988421 0.6277856 14.26505 -0.133452 0.2225704 14.32868 -0.2275514 0.6670149 14.28834 -0.2067591 1.076741 14.33595 -0.1819789 1.409438 14.43277 -0.0485277 0.6702107 14.33776 -0.01998691 1.081879 14.34863 -0.04073171 1.414166 14.45062  O_Hello_Far
-0.1239478 -0.01179636 14.30849 -0.1994424 0.08092988 14.31763 -0.3786394 0.3223714 14.36605 -0.4182531 0.6261337 14.33046 -0.06549446 0.08347225 14.35211 0.1223987 0.3332462 14.31385 0.197649 0.6285945 14.26683 -0.1332794 0.2225807 14.32754 -0.2274152 0.6670943 14.28806 -0.2066877 1.076844 14.3355 -0.1819423 1.409221 14.43342 -0.04842309 0.6702131 14.3376 -0.01986007 1.081882 14.34838 -0.04096 1.413892 14.4512  O_Hello_Far
