-0.07329683 -0.0009545088 0.4616612 -0.1418724 0.09444523 0.485691 -0.2762141 0.3973426 0.4443783 -0.3145857 0.6999348 0.3988475 -0.003544493 0.09405065 0.4841136 0.1953431 0.3495792 0.46251 0.2699823 0.6422697 0.4003352 -0.07249384 0.2341757 0.4714516 -0.1644435 0.6795552 0.4368843 -0.1743502 1.092244 0.4497112 -0.1732982 1.439254 0.465731 0.02129699 0.6788883 0.4381288 0.04287763 1.090988 0.4275435 0.06451268 1.438485 0.432556  A_Throw_SoClose
-0.07768606 -0.0009942055 0.4616526 -0.1448553 0.09503281 0.4871305 -0.2784664 0.3987056 0.4477223 -0.3162993 0.7010848 0.4003609 -0.006602151 0.09336722 0.4825972 0.1923775 0.347326 0.4560956 0.2666591 0.6402255 0.3944787 -0.07451425 0.2341255 0.4714431 -0.1647586 0.6797574 0.4392751 -0.1745277 1.092506 0.4501246 -0.1732015 1.43956 0.4651521 0.02097799 0.6787143 0.4377311 0.04331823 1.090814 0.4289063 0.06462164 1.438329 0.4341496  A_Throw_SoClose
-0.08196865 -0.0009775162 0.4617041 -0.1477285 0.09564877 0.488572 -0.2806221 0.4000638 0.451032 -0.3180433 0.7022105 0.4018954 -0.009621365 0.09274554 0.4811395 0.1893141 0.3451605 0.4498733 0.2633724 0.638236 0.3888277 -0.07648675 0.2341113 0.4714402 -0.1650278 0.6799727 0.4415969 -0.1747421 1.092768 0.4505385 -0.1731918 1.439861 0.4646081 0.02066322 0.6785681 0.4373077 0.04379328 1.090658 0.4302028 0.06475087 1.438189 0.4357566  A_Throw_SoClose
-0.08662777 -0.0008691549 0.4619454 -0.1507795 0.09640276 0.4903463 -0.2830505 0.4015156 0.4548305 -0.3202961 0.7033923 0.4039301 -0.01292072 0.0921315 0.4796704 0.1860607 0.3424727 0.4429902 0.2605052 0.635592 0.3826288 -0.07858603 0.2341604 0.4715933 -0.1652653 0.6802341 0.4443363 -0.1751539 1.093065 0.4512504 -0.1735198 1.440204 0.4641255 0.02031471 0.6784691 0.4366883 0.04442408 1.090529 0.4313091 0.06536998 1.438051 0.4374083  A_Throw_SoClose
-0.09179519 -0.0006812811 0.4622825 -0.1541004 0.09728992 0.4923633 -0.2856767 0.4031571 0.4591454 -0.322877 0.7047099 0.4063295 -0.01662753 0.09150028 0.4780477 0.1821984 0.3395028 0.4353503 0.2572041 0.6326188 0.3756717 -0.08090524 0.2342528 0.4717625 -0.1654557 0.6805393 0.4473833 -0.1756784 1.093393 0.4521049 -0.1740351 1.440577 0.4636778 0.01992513 0.6783851 0.4359435 0.0452049 1.090395 0.4324831 0.06618424 1.437902 0.4393047  A_Throw_SoClose
-0.09774296 -0.0003516674 0.4626735 -0.1577602 0.09841084 0.4947942 -0.2886001 0.4050564 0.4645118 -0.325998 0.7062337 0.4097289 -0.02090917 0.09082448 0.4760455 0.1776067 0.3357503 0.4261163 0.2532373 0.628738 0.3665966 -0.08345656 0.2344236 0.4719857 -0.1654431 0.6809214 0.4511842 -0.1764507 1.093775 0.4535245 -0.1750612 1.44101 0.4635228 0.01957102 0.6783496 0.4349149 0.04646875 1.09027 0.4335908 0.06812556 1.43771 0.4416045  A_Throw_SoClose
-0.1039517 0.0001051426 0.4632062 -0.1614232 0.0996716 0.4974912 -0.2914781 0.4070821 0.4705471 -0.3292972 0.7077678 0.4134043 -0.02543942 0.09018493 0.4739188 0.172706 0.3316658 0.4163469 0.2491601 0.6243841 0.3565549 -0.08604692 0.2346609 0.4722513 -0.1652005 0.6813439 0.4552521 -0.1772702 1.094174 0.4551605 -0.1762976 1.441455 0.4634851 0.01926722 0.678348 0.4337062 0.04799851 1.090146 0.4345206 0.07070954 1.437483 0.4439358  A_Throw_SoClose
-0.1106184 0.00073421 0.4639357 -0.1651341 0.1011385 0.5006145 -0.2943094 0.4093041 0.477671 -0.3329132 0.7093017 0.4175152 -0.0303754 0.08957112 0.4715704 0.1674194 0.3269838 0.4055804 0.2448738 0.619239 0.3448175 -0.08871077 0.2349854 0.4725922 -0.1646077 0.6818241 0.4597892 -0.1781382 1.094601 0.4571513 -0.1778246 1.441922 0.4636215 0.01904936 0.6783874 0.4322246 0.04993154 1.09002 0.4351867 0.0743316 1.437193 0.4462746  A_Throw_SoClose
-0.1168003 0.001466393 0.4650105 -0.168258 0.1026338 0.5040611 -0.2967572 0.4115942 0.4868225 -0.3368147 0.7106426 0.4230021 -0.03502158 0.08907211 0.4694003 0.162936 0.3221354 0.3951443 0.2412914 0.6137263 0.3323783 -0.0910161 0.2353603 0.4731082 -0.1636124 0.6823123 0.464218 -0.1785278 1.095016 0.4589719 -0.1788383 1.442368 0.4634684 0.01902677 0.6784387 0.4306101 0.0520105 1.089893 0.4352196 0.0787356 1.436838 0.4479579  A_Throw_SoClose
-0.1219088 0.00216186 0.4660996 -0.1706779 0.1039342 0.5070909 -0.2984883 0.4135674 0.4951371 -0.3401905 0.7117023 0.4281739 -0.03896044 0.0887177 0.4676422 0.1589648 0.3180199 0.3863434 0.2379896 0.6090078 0.3216475 -0.09288 0.2357104 0.4735759 -0.1625945 0.6827211 0.4679087 -0.1788228 1.095343 0.4605478 -0.179766 1.442712 0.4634231 0.01901557 0.6784983 0.4291595 0.05381759 1.089786 0.4350613 0.08269896 1.436505 0.4491943  A_Throw_SoClose
-0.126282 0.002862811 0.4673856 -0.1724075 0.1051586 0.5102228 -0.3000043 0.4155014 0.5056919 -0.3444977 0.7123548 0.4349402 -0.04239045 0.08845079 0.4660224 0.1557786 0.3141629 0.3779157 0.2348671 0.6045268 0.3105501 -0.09431587 0.2360598 0.4740661 -0.1613767 0.6830876 0.4712337 -0.1786398 1.095626 0.4618257 -0.1800408 1.443002 0.4631261 0.01911934 0.678571 0.4276184 0.05544182 1.089712 0.4344758 0.08691479 1.436141 0.4501084  A_Throw_SoClose
-0.1323392 0.003986239 0.4694694 -0.1746126 0.106968 0.5147499 -0.3014013 0.4182476 0.5213445 -0.3502275 0.7131241 0.4453748 -0.04733102 0.08820724 0.46391 0.1516544 0.3078696 0.3656996 0.2316454 0.5969369 0.2939643 -0.09631775 0.2366368 0.4747909 -0.1595212 0.6836445 0.4757675 -0.1783771 1.096042 0.463612 -0.1805236 1.443415 0.4627899 0.01918669 0.6787339 0.4253596 0.05770447 1.089652 0.4334749 0.09302379 1.435606 0.4512705  A_Throw_SoClose
-0.1371741 0.005169988 0.4716944 -0.1755817 0.1087312 0.5192393 -0.3022175 0.4206166 0.5403084 -0.3579144 0.7123587 0.4572905 -0.05145429 0.08814824 0.4617418 0.1484479 0.3014716 0.352815 0.2298501 0.5887778 0.2757872 -0.09759103 0.2372733 0.4752496 -0.1573167 0.6841833 0.4795879 -0.1777381 1.096431 0.4651254 -0.1806156 1.443791 0.4625176 0.01943286 0.6790125 0.422716 0.05961319 1.08975 0.4318684 0.09966494 1.435028 0.452535  A_Throw_SoClose
-0.1406853 0.006151319 0.4735059 -0.1760063 0.110119 0.5226792 -0.3019322 0.4222034 0.5555485 -0.3631532 0.7113664 0.4675468 -0.05461017 0.08817875 0.4600781 0.1454969 0.2964604 0.3425587 0.227997 0.5822797 0.2612847 -0.09846161 0.237805 0.4755214 -0.155471 0.6846024 0.482375 -0.1773001 1.096719 0.4663047 -0.180887 1.44406 0.462447 0.01959987 0.6792725 0.4205421 0.06103512 1.089866 0.4305056 0.1048364 1.434534 0.4536036  A_Throw_SoClose
-0.1436887 0.007379413 0.4755524 -0.1753121 0.1117632 0.5265149 -0.3008156 0.4233328 0.5759143 -0.3708639 0.7090943 0.4834965 -0.05753134 0.08837819 0.4578265 0.1426152 0.2901624 0.3292688 0.2284596 0.5733025 0.2422808 -0.09874152 0.2385173 0.4754161 -0.1528515 0.6851321 0.4849409 -0.1765982 1.09708 0.4673327 -0.1812065 1.444394 0.4622883 0.02011801 0.6797159 0.4174594 0.0625049 1.090191 0.4282702 0.1112054 1.433938 0.4550008  A_Throw_SoClose
-0.1456833 0.008384228 0.477116 -0.1743892 0.1130548 0.529343 -0.2986864 0.4237895 0.592038 -0.3759173 0.7068667 0.497116 -0.05964581 0.08860755 0.4560384 0.1400687 0.2851846 0.318683 0.2288742 0.5658828 0.2268871 -0.0987706 0.2391123 0.4751943 -0.1506465 0.685565 0.4866966 -0.1760298 1.09737 0.4680647 -0.1815395 1.444659 0.4622377 0.0205756 0.6801088 0.4148997 0.06364425 1.090497 0.4263204 0.1161655 1.433427 0.4561232  A_Throw_SoClose
-0.1467564 0.00947988 0.478474 -0.1724512 0.1144034 0.531895 -0.2949008 0.4235892 0.6095017 -0.3822603 0.7036286 0.5143503 -0.06106846 0.08896935 0.4538935 0.1380249 0.2797701 0.30694 0.2320398 0.5568135 0.2094072 -0.09809987 0.2398037 0.4745597 -0.147856 0.68608 0.4878849 -0.1751328 1.097726 0.4684266 -0.181724 1.444985 0.4620155 0.0214804 0.6806093 0.4117478 0.06493272 1.090947 0.4235119 0.1215989 1.432881 0.4569467  A_Throw_SoClose
-0.1469222 0.01142132 0.4799694 -0.1676904 0.1166462 0.5351442 -0.2846168 0.4219483 0.6376427 -0.3947963 0.6946396 0.5448664 -0.06220518 0.08982086 0.4497594 0.1356587 0.2705164 0.2869428 0.2398552 0.5397965 0.1786116 -0.09586202 0.2411065 0.4727653 -0.1423005 0.687093 0.4890097 -0.1731084 1.09844 0.4685334 -0.1817666 1.445642 0.4614776 0.02361871 0.6816336 0.4056877 0.06749125 1.09192 0.417673 0.1312718 1.431827 0.4582132  A_Throw_SoClose
-0.1462073 0.01255536 0.4803694 -0.1643136 0.117887 0.5363921 -0.2769546 0.4203413 0.6524028 -0.4033005 0.6872274 0.5634311 -0.06221239 0.09042358 0.4471825 0.1348574 0.2652811 0.2757229 0.2452205 0.5293516 0.16087 -0.09407084 0.2419105 0.471393 -0.1387787 0.6877446 0.4891981 -0.171714 1.098908 0.4683498 -0.1816209 1.446073 0.4611281 0.02510537 0.6823049 0.4019402 0.06909819 1.09258 0.4138855 0.1367675 1.431161 0.4589566  A_Throw_SoClose
-0.1445154 0.01346457 0.4797915 -0.1607277 0.1187689 0.5365075 -0.2701897 0.4183649 0.6624483 -0.4137528 0.6777163 0.5773953 -0.06118475 0.09106398 0.4445242 0.1362079 0.2611434 0.266898 0.2524516 0.5203876 0.146964 -0.09186368 0.2426293 0.469746 -0.1354043 0.6884057 0.4889816 -0.1704383 1.099375 0.4677385 -0.1813187 1.446517 0.4607667 0.02661754 0.6829606 0.3983129 0.07054348 1.093251 0.4099725 0.1415557 1.430573 0.4591569  A_Throw_SoClose
-0.1426868 0.01446736 0.4791387 -0.1568627 0.1197355 0.5365337 -0.2624143 0.4160649 0.6728553 -0.424619 0.6662862 0.5942014 -0.06011973 0.091784 0.4416827 0.1373188 0.2566724 0.2574676 0.2594674 0.5105277 0.1320022 -0.08951335 0.243428 0.4679407 -0.1317707 0.6891393 0.488676 -0.1690663 1.099894 0.4671253 -0.180982 1.447007 0.4604853 0.02819582 0.6836938 0.3944281 0.07205899 1.093998 0.4058164 0.1463885 1.429902 0.4595941  A_Throw_SoClose
-0.1394533 0.01580298 0.4774154 -0.1511832 0.1208698 0.5357655 -0.2533797 0.4120013 0.6848205 -0.4427588 0.6451005 0.6147646 -0.0579506 0.09293211 0.4374574 0.1405316 0.2511276 0.2459029 0.2702412 0.4979919 0.1142296 -0.08590691 0.2445788 0.4652261 -0.1266121 0.690317 0.4880775 -0.1675203 1.100679 0.4656194 -0.1805659 1.447769 0.4599756 0.03039248 0.6847714 0.3889798 0.07400604 1.095121 0.3996819 0.1526936 1.428928 0.4599241  A_Throw_SoClose
-0.1363531 0.01707637 0.4756097 -0.1458766 0.1219215 0.5347809 -0.2448702 0.4079297 0.6950802 -0.4585504 0.6221935 0.6355885 -0.05587469 0.09407401 0.4334821 0.1434915 0.2460462 0.2355036 0.2797128 0.4862884 0.09827459 -0.08253019 0.2456982 0.4626192 -0.1217841 0.6914831 0.4873871 -0.166178 1.10144 0.4641618 -0.1801879 1.448509 0.4596223 0.03236826 0.685825 0.3839144 0.07571895 1.096219 0.3939518 0.1580308 1.427967 0.4604048  A_Throw_SoClose
-0.1328697 0.01830184 0.4736389 -0.1405285 0.1228584 0.5335864 -0.2389577 0.4031062 0.704492 -0.4749041 0.5948438 0.6527866 -0.0533211 0.09528077 0.4297999 0.1477809 0.2418276 0.2274526 0.2896063 0.4767805 0.08678615 -0.07890634 0.2468272 0.4602703 -0.1170502 0.6927423 0.4865717 -0.1655647 1.102142 0.4618133 -0.1805498 1.449183 0.4583791 0.03445812 0.6868851 0.3792757 0.07742311 1.097347 0.3881196 0.1628877 1.427057 0.4604725  A_Throw_SoClose
-0.1284869 0.01994669 0.4710921 -0.133758 0.1241322 0.5319341 -0.2309025 0.3966248 0.7161759 -0.4917001 0.5562779 0.6761383 -0.05015055 0.09689975 0.4251379 0.1528943 0.2363502 0.2173756 0.3014692 0.4643579 0.07231557 -0.07431881 0.2483424 0.4572376 -0.1109983 0.6944256 0.4853748 -0.164905 1.103042 0.458897 -0.1811173 1.45004 0.4570025 0.03705676 0.6883022 0.3733763 0.07948388 1.098851 0.3806795 0.168349 1.425851 0.4608139  A_Throw_SoClose
-0.1233228 0.02184451 0.4682101 -0.1263782 0.1256878 0.5297855 -0.2252485 0.3879462 0.729215 -0.5085509 0.5057321 0.6980103 -0.04609595 0.09875059 0.4203943 0.1599742 0.2312974 0.2094077 0.3154793 0.4534369 0.062518 -0.06887405 0.2501 0.4539193 -0.1045287 0.6963589 0.4831103 -0.1648208 1.103951 0.4546756 -0.1821279 1.4509 0.45514 0.04048409 0.6899496 0.3672146 0.0817513 1.100653 0.3720049 0.1734566 1.424707 0.4604768  A_Throw_SoClose
-0.1180524 0.02380526 0.465278 -0.1190612 0.1273642 0.5274028 -0.2197257 0.3781979 0.7420386 -0.5184752 0.4508559 0.718016 -0.0418844 0.1006453 0.4157466 0.1671397 0.2264737 0.2024587 0.3291475 0.4432397 0.05457246 -0.06335627 0.2519219 0.4504412 -0.09834354 0.6982949 0.4803523 -0.164921 1.104809 0.4505457 -0.1831172 1.451698 0.4537929 0.04398521 0.6917166 0.3611854 0.08370884 1.102594 0.3633794 0.1772459 1.423693 0.4603041  A_Throw_SoClose
-0.1122084 0.02580774 0.4621342 -0.1115748 0.1292095 0.5245403 -0.2156663 0.3662788 0.755051 -0.522393 0.3902218 0.7337674 -0.03695772 0.1025542 0.4111427 0.175481 0.222414 0.1976732 0.3436116 0.4353242 0.05102479 -0.05740146 0.2538067 0.446556 -0.09264676 0.7001525 0.4765676 -0.1652922 1.105583 0.4461774 -0.1839607 1.452394 0.45305 0.04792656 0.6937009 0.355328 0.08526947 1.104807 0.3546103 0.1795018 1.423024 0.4599966  A_Throw_SoClose
-0.1055828 0.02777529 0.4587024 -0.1036563 0.1311305 0.5211414 -0.2109801 0.3523751 0.7676414 -0.5176544 0.327526 0.746642 -0.03117244 0.1044258 0.4063801 0.1849483 0.2188495 0.1943954 0.358877 0.4290463 0.05062234 -0.05093161 0.2556933 0.4421166 -0.08750378 0.7018355 0.4718441 -0.165804 1.106236 0.441779 -0.1850836 1.452912 0.4526433 0.05220928 0.6959119 0.3495873 0.08591373 1.10732 0.3463506 0.179591 1.422762 0.4602331  A_Throw_SoClose
-0.09695481 0.02998674 0.4544147 -0.0940337 0.1334337 0.5165981 -0.2051193 0.3330101 0.7816309 -0.502139 0.2539462 0.7564172 -0.02339385 0.1065298 0.4007381 0.1972835 0.2155683 0.1926826 0.3773488 0.4242761 0.0544008 -0.04285709 0.2578639 0.4363555 -0.08238368 0.703521 0.4652981 -0.1665959 1.106836 0.4366606 -0.1868459 1.453263 0.4525288 0.05754461 0.6987582 0.3432373 0.08548708 1.110573 0.3376197 0.1772475 1.422964 0.4610685  A_Throw_SoClose
-0.08660756 0.03123808 0.4488748 -0.0839998 0.1348147 0.5105656 -0.2023945 0.3099024 0.7916411 -0.4807225 0.1807863 0.7604936 -0.01350443 0.1079839 0.3946012 0.2130826 0.2132593 0.1940836 0.3948675 0.4249401 0.0627445 -0.03402839 0.2593074 0.4296635 -0.07919769 0.7042261 0.4570855 -0.1661064 1.107189 0.4317425 -0.1879789 1.453275 0.4522361 0.06361409 0.7013373 0.3383507 0.08343847 1.113602 0.3314089 0.171217 1.423856 0.4628834  A_Throw_SoClose
-0.07934396 0.0313077 0.4450706 -0.07710986 0.1349872 0.5063695 -0.1996865 0.2926857 0.7970289 -0.4606586 0.1327908 0.7591509 -0.006494207 0.1082113 0.3904656 0.2241336 0.2110002 0.1957492 0.4063272 0.4252516 0.06923378 -0.0279089 0.2595196 0.4250573 -0.07727782 0.7038566 0.451218 -0.1657252 1.106636 0.4283999 -0.1889149 1.452436 0.4520315 0.06780936 0.7023656 0.3352484 0.08176477 1.114853 0.3273338 0.1665147 1.423702 0.464002  A_Throw_SoClose
-0.06874095 0.02981627 0.4386848 -0.06905888 0.133382 0.4996127 -0.2051238 0.2731068 0.7946666 -0.4408514 0.07974172 0.7482995 0.004382031 0.1077094 0.3852247 0.242277 0.2100278 0.202073 0.4178868 0.4328167 0.08111608 -0.0201662 0.2586647 0.4192728 -0.07714359 0.7022572 0.4435567 -0.1637677 1.105673 0.4254864 -0.1889061 1.451118 0.452134 0.07268591 0.7028655 0.333774 0.07860364 1.115539 0.3254689 0.1579895 1.42429 0.4655355  A_Throw_SoClose
-0.05583064 0.02724576 0.431218 -0.05962972 0.130594 0.4916171 -0.2132903 0.2484156 0.7885336 -0.4120437 0.01995337 0.730142 0.01770498 0.1064785 0.3794783 0.263838 0.2089459 0.2111152 0.4294061 0.4418123 0.09507692 -0.01097332 0.2568837 0.4127229 -0.07718007 0.6994904 0.4343275 -0.1615914 1.103607 0.4225382 -0.1893608 1.448572 0.4525779 0.07814337 0.7026395 0.3325127 0.07476772 1.115322 0.3232893 0.1475976 1.4243 0.4663838  A_Throw_SoClose
-0.04389558 0.0241611 0.4247755 -0.05271963 0.1270247 0.4846143 -0.2321434 0.2292334 0.7728099 -0.3898295 -0.02587819 0.700972 0.03039308 0.1053154 0.3761786 0.28419 0.2112846 0.2225465 0.4346074 0.4544699 0.1070479 -0.003630443 0.2548152 0.4084524 -0.07848327 0.6967403 0.4270858 -0.1589481 1.101785 0.4208468 -0.1886366 1.446505 0.4518403 0.0817668 0.7017501 0.3332967 0.07200105 1.114306 0.3230098 0.1384553 1.424923 0.4656571  A_Throw_SoClose
-0.02579056 0.01931906 0.4159473 -0.04272477 0.1212205 0.4743937 -0.2609578 0.1972567 0.7419595 -0.3476841 -0.08632171 0.657288 0.04944374 0.1035514 0.3727568 0.3129861 0.2165319 0.241239 0.4398399 0.4716356 0.1231936 0.007040696 0.2513658 0.4027947 -0.08029692 0.692141 0.4163154 -0.1554133 1.098248 0.4193672 -0.1883166 1.442596 0.4512404 0.08640952 0.6997997 0.3347563 0.068415 1.112024 0.3224677 0.1256969 1.425213 0.4634627  A_Throw_SoClose
-0.003587706 0.01359236 0.4073099 -0.03234069 0.1137353 0.4626149 -0.2999958 0.1536686 0.6860307 -0.2871974 -0.1430223 0.6028551 0.07238425 0.1021932 0.3729671 0.3450529 0.228737 0.266621 0.4427714 0.4927182 0.1406473 0.01861938 0.2471694 0.3982786 -0.08274858 0.6866686 0.4044665 -0.1507187 1.093778 0.4191817 -0.1872622 1.437941 0.4490269 0.09023042 0.6967155 0.3375419 0.06637777 1.108557 0.3226584 0.113628 1.425338 0.4592766  A_Throw_SoClose
0.02966191 0.006279349 0.3984789 -0.01804541 0.1026367 0.4451112 -0.3360656 0.06932986 0.5760206 -0.1987447 -0.2058338 0.5528811 0.1045304 0.1016353 0.3809904 0.3807014 0.2574838 0.3086461 0.4409854 0.5261253 0.1697148 0.03466399 0.2412214 0.3945469 -0.08495604 0.6786355 0.3880509 -0.1401694 1.086545 0.421759 -0.1802962 1.43098 0.4424475 0.09491046 0.6914763 0.343501 0.0664226 1.1028 0.323378 0.0993451 1.425214 0.4507083  A_Throw_SoClose
0.06118031 0.0008281469 0.3953384 -0.00384031 0.09218204 0.4284505 -0.321559 -0.02338088 0.4534429 -0.154124 -0.2762936 0.5091943 0.1305248 0.10229 0.397128 0.3926888 0.2929834 0.3537382 0.4201044 0.5587123 0.1996573 0.04865416 0.2358581 0.3946527 -0.08517449 0.6712751 0.3742379 -0.1286465 1.078881 0.4246582 -0.162787 1.424451 0.4341458 0.09872778 0.6859443 0.3526434 0.06919701 1.096709 0.3242854 0.08841486 1.425113 0.4384311  A_Throw_SoClose
0.07505329 -0.001073003 0.3957981 0.003284113 0.08765352 0.4211854 -0.29637 -0.06132448 0.3984145 -0.1414569 -0.3162409 0.4766902 0.1400038 0.1028219 0.4065255 0.3903287 0.3084928 0.3738717 0.4045248 0.5691305 0.2096437 0.05432083 0.2335538 0.395708 -0.08486299 0.6681053 0.3684667 -0.1240166 1.07528 0.4254826 -0.1516173 1.421518 0.4310783 0.09994443 0.6833073 0.3576659 0.07136954 1.093813 0.3249286 0.08494456 1.424981 0.4316591  A_Throw_SoClose
0.09072424 -0.003419399 0.3977674 0.01234831 0.08208203 0.4143795 -0.2629536 -0.08747137 0.3370456 -0.1564171 -0.3744445 0.3745159 0.149082 0.1026771 0.4185013 0.3785499 0.3253762 0.3952955 0.3745206 0.5771642 0.2172765 0.06042005 0.2303902 0.3990635 -0.08397166 0.6642287 0.3654393 -0.1206761 1.071719 0.4218243 -0.1410075 1.418443 0.4283694 0.1011272 0.6796921 0.3663534 0.07559402 1.08993 0.3281945 0.08303942 1.424634 0.4239348  A_Throw_SoClose
0.1027311 -0.004909158 0.4003509 0.02014621 0.07799101 0.4098638 -0.2320463 -0.1027422 0.2932624 -0.1575849 -0.4014819 0.2754401 0.1550619 0.1025633 0.4280638 0.3675528 0.3355166 0.4098519 0.3520205 0.5767285 0.2183317 0.06478114 0.2279483 0.402037 -0.08349948 0.6611329 0.3633779 -0.118644 1.068946 0.4184088 -0.1345797 1.415856 0.426948 0.1013231 0.676775 0.3732513 0.07875903 1.086833 0.3314613 0.08246584 1.424096 0.4179977  A_Throw_SoClose
0.1188589 -0.006861806 0.4037036 0.03189429 0.07255483 0.4067634 -0.2043929 -0.1047496 0.2434105 -0.1808815 -0.3807218 0.1077861 0.1634392 0.1018304 0.4380063 0.3562382 0.3448708 0.4238013 0.3271186 0.5683277 0.2132701 0.07088156 0.2242806 0.4065675 -0.08336763 0.6561888 0.3636068 -0.1194917 1.065025 0.4096822 -0.1374423 1.411682 0.4231042 0.1006416 0.6726172 0.3829011 0.08129115 1.082614 0.3389496 0.08143391 1.422986 0.4123973  A_Throw_SoClose
0.1437115 -0.008544803 0.4078659 0.05107381 0.06499493 0.4021667 -0.1596037 -0.09376204 0.1785749 -0.1880297 -0.2711674 -0.07207787 0.1756728 0.101203 0.4501384 0.3431081 0.3559867 0.4420675 0.3072347 0.5456153 0.2015299 0.07945235 0.218758 0.411774 -0.08498798 0.6478596 0.3627852 -0.1227699 1.058022 0.3930105 -0.1451779 1.403935 0.4157389 0.09662266 0.6660751 0.3972424 0.0804068 1.076207 0.3532828 0.07744582 1.420716 0.4038042  A_Throw_SoClose
0.1541104 -0.008508921 0.4089907 0.05937417 0.06233823 0.3996109 -0.1361157 -0.0774045 0.1481808 -0.1732998 -0.2053643 -0.1299402 0.1803501 0.1013345 0.454213 0.338628 0.3604586 0.4499224 0.3071639 0.5349318 0.1975864 0.08261843 0.216675 0.4130496 -0.08625565 0.6443618 0.3615979 -0.1245659 1.054935 0.3847669 -0.1488561 1.400384 0.4121355 0.09372933 0.6633857 0.4033712 0.07805713 1.073646 0.3604254 0.07392265 1.41965 0.3993109  A_Throw_SoClose
0.161222 -0.008634567 0.4083256 0.06506719 0.06006551 0.3956136 -0.1036573 -0.0417124 0.111339 -0.1026221 -0.1112381 -0.1891152 0.1825153 0.1009794 0.4561876 0.3352553 0.3635098 0.4582404 0.3153923 0.5293949 0.1990265 0.08389069 0.2146555 0.4125952 -0.08808033 0.6413286 0.3594812 -0.1271704 1.052073 0.3778037 -0.1533754 1.397044 0.4091414 0.08990552 0.660815 0.4089063 0.07362629 1.071186 0.3672618 0.06790127 1.418352 0.3935364  A_Throw_SoClose
0.1689299 -0.008244991 0.4058746 0.07160814 0.05820334 0.3886422 -0.05849729 0.02656674 0.07387102 -0.0006531905 0.05172777 -0.2280041 0.1840676 0.1006399 0.4571203 0.3313175 0.3665965 0.4697689 0.3318466 0.5284057 0.207239 0.08506019 0.212749 0.410446 -0.08993749 0.6383964 0.3559159 -0.1303646 1.049193 0.3695763 -0.1595158 1.39338 0.4064449 0.08487143 0.6581801 0.4155143 0.0680774 1.068635 0.3749164 0.05943485 1.416542 0.3864821  A_Throw_SoClose
0.1739395 -0.007761955 0.4002446 0.07640894 0.05754161 0.3789204 -0.01429902 0.1161932 0.06197011 0.1091261 0.2372248 -0.193422 0.184057 0.09994221 0.454758 0.3288351 0.36761 0.4813384 0.3527245 0.5374639 0.2250508 0.08569784 0.2116088 0.405712 -0.09092401 0.6367241 0.3514274 -0.1342243 1.047281 0.3633879 -0.1675586 1.390484 0.4055046 0.08035477 0.6565004 0.4205216 0.06331147 1.066937 0.3798417 0.05199273 1.414958 0.3810819  A_Throw_SoClose
0.1768367 -0.005908966 0.3940724 0.07960369 0.05928552 0.3705362 0.007945852 0.1667022 0.06585824 0.1592749 0.3267752 -0.149974 0.1842424 0.1006784 0.451001 0.3289483 0.3682281 0.4898266 0.367648 0.5533936 0.2462686 0.08672173 0.2127451 0.4011997 -0.09092014 0.6375279 0.3487986 -0.1359175 1.047839 0.3627633 -0.171492 1.390247 0.4092883 0.07824327 0.6574928 0.422871 0.06187715 1.067683 0.3795141 0.05023976 1.415689 0.3815926  A_Throw_SoClose
0.1804454 -0.002016783 0.3866385 0.08370449 0.06324148 0.3607448 0.03120758 0.2094557 0.07326496 0.2063288 0.3972297 -0.09755957 0.1848489 0.1031694 0.4462603 0.3293456 0.3699065 0.4999408 0.383691 0.5742766 0.2754773 0.08833875 0.2158403 0.3958572 -0.0907207 0.6400867 0.3459014 -0.1378468 1.050045 0.3628801 -0.176024 1.39144 0.4145106 0.07602371 0.6603824 0.4251856 0.06082227 1.070175 0.377827 0.04861106 1.418127 0.3831328  A_Throw_SoClose
0.1834658 0.002705932 0.3804959 0.08734424 0.06833589 0.3531626 0.04831358 0.2344619 0.07783401 0.2299143 0.4381872 -0.06577933 0.1858233 0.1066214 0.4424566 0.3304369 0.371742 0.5089115 0.3941245 0.5987298 0.3101028 0.09014221 0.2200373 0.3921446 -0.08993135 0.6439903 0.3454427 -0.139782 1.053503 0.3651603 -0.1804939 1.394082 0.4201363 0.07584585 0.664438 0.4266914 0.06202557 1.07348 0.3728689 0.0487255 1.421163 0.3865861  A_Throw_SoClose
0.1865879 0.007756352 0.3744258 0.0911261 0.07381511 0.345795 0.06420036 0.2574795 0.08390796 0.2493529 0.474643 -0.03299391 0.1869698 0.1103758 0.4386095 0.3313151 0.3734822 0.5174674 0.4031485 0.6203508 0.3471726 0.09207828 0.2245371 0.3884887 -0.08900379 0.6481838 0.3451117 -0.1415802 1.057217 0.3675159 -0.1847645 1.396976 0.4255961 0.07596417 0.6687263 0.4279679 0.06360437 1.07691 0.3676637 0.04702415 1.424 0.3900632  A_Throw_SoClose
0.1890845 0.01277888 0.3696173 0.09427686 0.07913601 0.3398927 0.0757236 0.2747511 0.08928668 0.2571743 0.5040838 -0.008639932 0.1876244 0.1142914 0.4357446 0.3299297 0.3760192 0.5235237 0.4052353 0.6395571 0.3821687 0.09329624 0.2289456 0.3856844 -0.08798353 0.6529309 0.3460859 -0.1409556 1.061757 0.3711833 -0.1843999 1.401168 0.4310721 0.0771261 0.6725417 0.4288853 0.06549074 1.080004 0.3637475 0.04623707 1.426351 0.3940915  A_Throw_SoClose
0.1928684 0.02056193 0.3623694 0.09911276 0.08734727 0.3309592 0.08959664 0.2997192 0.09850156 0.263238 0.5446792 0.02813995 0.1884114 0.120326 0.4313353 0.3255796 0.3802879 0.5324701 0.4044605 0.6627477 0.4370831 0.09493245 0.2356563 0.3812355 -0.08644013 0.6603336 0.34769 -0.1381621 1.068959 0.378105 -0.1802986 1.408188 0.4399241 0.07891496 0.6780076 0.430436 0.06814761 1.084484 0.3592681 0.04408612 1.429557 0.3991832  A_Throw_SoClose
0.1946753 0.02438641 0.3587798 0.1014824 0.09134662 0.3264703 0.09410955 0.3116281 0.1032599 0.2626953 0.5633589 0.04565752 0.1885539 0.1232384 0.4291285 0.3216101 0.3826996 0.536867 0.4006434 0.6719593 0.4648465 0.09550364 0.238852 0.3788837 -0.08571272 0.6640546 0.3486603 -0.1352987 1.072655 0.3827394 -0.1753499 1.412077 0.4448909 0.07978942 0.6803171 0.4314016 0.06933101 1.086438 0.358188 0.04329999 1.431001 0.4011616  A_Throw_SoClose
0.1959999 0.0284003 0.3549885 0.1033976 0.09559155 0.3218173 0.09431191 0.323983 0.1078218 0.2561578 0.5823004 0.06107366 0.1882828 0.1263311 0.4266356 0.3152284 0.3858624 0.5432557 0.3920663 0.6807686 0.4960264 0.09578468 0.2423055 0.3762029 -0.08484165 0.6682285 0.3494343 -0.1304746 1.076731 0.3896583 -0.1666763 1.41673 0.451012 0.08049376 0.6827227 0.432835 0.07011183 1.088534 0.3579143 0.04195078 1.432676 0.4028682  A_Throw_SoClose
0.1967474 0.03060663 0.3521141 0.1045925 0.09799397 0.3183302 0.09232737 0.332269 0.1111149 0.2483596 0.595304 0.07144105 0.1878913 0.1278597 0.4246625 0.309205 0.3875979 0.5488247 0.3827382 0.6857346 0.5203341 0.09585996 0.2441357 0.374071 -0.08413313 0.6706697 0.349902 -0.1260066 1.078966 0.3958925 -0.1582084 1.419556 0.4561862 0.08091636 0.6836885 0.4341086 0.07048149 1.089297 0.3581041 0.04070612 1.433184 0.4039644  A_Throw_SoClose
0.1949092 0.03114891 0.3507675 0.1030505 0.09901881 0.3171314 0.08412845 0.3360256 0.1117815 0.2343717 0.6023833 0.07193124 0.1863355 0.1281327 0.423683 0.3036888 0.388146 0.5550016 0.3730843 0.6881884 0.5387777 0.09496589 0.2450272 0.3733186 -0.08327775 0.672364 0.3503674 -0.1227262 1.080416 0.4004854 -0.1518409 1.421655 0.4586452 0.08151372 0.6843915 0.4352239 0.07037206 1.089833 0.3584374 0.03956552 1.433685 0.4038781  A_Throw_SoClose
0.1932796 0.03133333 0.3496326 0.1016731 0.09962118 0.3161401 0.07699652 0.3387961 0.1124734 0.2222458 0.6078917 0.07250106 0.1849744 0.1280925 0.4228524 0.2988442 0.3881568 0.5602087 0.3644128 0.6894374 0.5542854 0.09417768 0.24552 0.3726915 -0.08254342 0.6735399 0.3507589 -0.1199612 1.081338 0.4043802 -0.1461174 1.423109 0.4607953 0.0820225 0.6847263 0.4361662 0.0702724 1.090023 0.3587087 0.03860058 1.433848 0.4037565  A_Throw_SoClose
0.1887562 0.03054082 0.3490447 0.09741844 0.09967387 0.3164843 0.06279464 0.3395876 0.1115826 0.2001611 0.6119898 0.06647146 0.1820631 0.1272922 0.4223603 0.2933811 0.3871958 0.5660337 0.3541805 0.6895098 0.5697831 0.09216143 0.2457126 0.3729271 -0.08141916 0.6749141 0.3517498 -0.1185413 1.082474 0.4073519 -0.1431599 1.424698 0.4616679 0.08328451 0.685258 0.4369982 0.07017113 1.090532 0.3596362 0.03832354 1.434421 0.4040593  A_Throw_SoClose
0.1841452 0.0294323 0.3486117 0.09307452 0.09940314 0.3170284 0.04863908 0.339672 0.1110257 0.1781002 0.6150488 0.06087673 0.1791389 0.1261957 0.4219679 0.2882714 0.3856773 0.5713137 0.3445833 0.6886297 0.5836915 0.09011741 0.2455831 0.3732728 -0.08033614 0.6759144 0.3527144 -0.1174464 1.083267 0.4098262 -0.1408047 1.425875 0.462243 0.08456321 0.6854977 0.437673 0.0700921 1.090775 0.3605717 0.03820886 1.434739 0.4043921  A_Throw_SoClose
0.1775584 0.02755809 0.3488773 0.08681305 0.09859884 0.3188094 0.0296206 0.3381883 0.1099671 0.1480414 0.6167451 0.05088937 0.1751443 0.1245087 0.4220737 0.2833873 0.383307 0.5758294 0.3354506 0.6866434 0.595343 0.08713217 0.2450547 0.3744091 -0.07936184 0.6766967 0.3540839 -0.1175535 1.084017 0.4107102 -0.1414353 1.426789 0.4618067 0.08631279 0.6857284 0.4375819 0.06989248 1.091298 0.3624319 0.03889187 1.435405 0.4057549  A_Throw_SoClose
0.1677145 0.02456796 0.3496512 0.07744665 0.09708154 0.3218807 0.001002448 0.3356043 0.1112012 0.1018022 0.618266 0.04014242 0.1691529 0.1218125 0.4224571 0.2766107 0.3792083 0.5818352 0.3230945 0.6828165 0.609506 0.08247598 0.2438985 0.3762888 -0.07853244 0.6772617 0.3561553 -0.1178394 1.084646 0.4115413 -0.1423924 1.427622 0.4609207 0.08861692 0.6856737 0.4367279 0.06959744 1.091768 0.3651088 0.0404578 1.436076 0.4081305  A_Throw_SoClose
0.1601012 0.02221751 0.3505677 0.07019509 0.09576654 0.3245944 -0.02106152 0.3334799 0.1144308 0.06534286 0.6187525 0.035303 0.1644959 0.1197089 0.4229373 0.2718339 0.3757809 0.5858678 0.3147739 0.6794943 0.6177858 0.07870175 0.2428319 0.3778881 -0.07843392 0.6773409 0.3577746 -0.1181961 1.084864 0.4117998 -0.1431668 1.427963 0.4601001 0.09009583 0.6854289 0.4354523 0.0693983 1.092004 0.3671025 0.04217549 1.436452 0.4102577  A_Throw_SoClose
0.1525681 0.01998138 0.3518766 0.06292076 0.09438884 0.3277262 -0.04204289 0.3318195 0.1209539 0.03084471 0.6188556 0.03490007 0.1598621 0.1177902 0.4236015 0.2676863 0.3724377 0.5893854 0.3079784 0.6762938 0.6233319 0.07468207 0.2417266 0.37963 -0.07894807 0.6772523 0.359362 -0.1185769 1.084971 0.4119929 -0.1435737 1.428179 0.4594988 0.09100492 0.685028 0.4339079 0.06920864 1.09207 0.3687505 0.04399081 1.436597 0.4124855  A_Throw_SoClose
0.1428803 0.0171572 0.3537692 0.05359073 0.09261334 0.3319544 -0.06802802 0.3298877 0.131689 -0.01253204 0.6186316 0.03865802 0.1538603 0.1153609 0.4245061 0.2626689 0.3678938 0.5935987 0.3004265 0.6718652 0.6293782 0.06940241 0.2402567 0.3818763 -0.0798717 0.6770011 0.3612641 -0.119096 1.084979 0.4121617 -0.1439442 1.428313 0.4588269 0.09185787 0.6843418 0.4316672 0.06906851 1.091969 0.3706378 0.04650201 1.436565 0.4152697  A_Throw_SoClose
0.1346681 0.01493382 0.3557838 0.04559191 0.09115195 0.336006 -0.08679526 0.3291577 0.1436819 -0.04406736 0.6182593 0.04518259 0.1487582 0.1135302 0.4254106 0.2595185 0.3645337 0.5956429 0.2959302 0.6686134 0.6318935 0.06467231 0.2390666 0.383943 -0.08111374 0.6767849 0.3628405 -0.1198343 1.084985 0.4123234 -0.144354 1.428452 0.4581803 0.09194042 0.683634 0.429974 0.06895824 1.091659 0.3717397 0.04824253 1.436279 0.4170774  A_Throw_SoClose
0.1163214 0.01028347 0.3607882 0.0278671 0.08816612 0.3455218 -0.1230428 0.3283451 0.1720456 -0.1097999 0.6176078 0.06593645 0.1372085 0.1096675 0.4274935 0.2538876 0.3575728 0.5975789 0.2882689 0.661716 0.6352509 0.05388619 0.2365234 0.3885788 -0.08441405 0.6762573 0.3661979 -0.1219994 1.084864 0.4131268 -0.1455532 1.428651 0.4570554 0.09127446 0.6818103 0.4262332 0.06879242 1.090665 0.3739256 0.05221512 1.435352 0.4204434  A_Throw_SoClose
0.1026377 0.007179976 0.365002 0.01478143 0.08627319 0.3530339 -0.1455485 0.3282957 0.1926826 -0.1546829 0.6173265 0.085513 0.1284135 0.1070743 0.4291409 0.25098 0.3534245 0.5961736 0.2841693 0.6574872 0.635528 0.04560431 0.2348191 0.392083 -0.08744638 0.6759154 0.3686751 -0.124082 1.084738 0.4144629 -0.1465955 1.42881 0.4566687 0.08992423 0.6803468 0.4236439 0.06859918 1.08978 0.3755478 0.05520983 1.434545 0.422511  A_Throw_SoClose
0.0909033 0.004814982 0.3689798 0.003663735 0.08493149 0.3596967 -0.1636373 0.3278859 0.2079991 -0.1917896 0.6162509 0.1023554 0.1206675 0.1050953 0.4306954 0.2493725 0.3511199 0.5924681 0.2817656 0.6549675 0.6340827 0.03829165 0.2335442 0.3951353 -0.09059314 0.675694 0.3709067 -0.1260733 1.084626 0.4166268 -0.1471687 1.42902 0.4568981 0.088026 0.6791151 0.4217495 0.06816436 1.08904 0.3773607 0.05778899 1.433897 0.4244117  A_Throw_SoClose
0.08169366 0.003168941 0.3722252 -0.004987819 0.08408904 0.3649386 -0.1779253 0.3275536 0.2195886 -0.2198352 0.6152276 0.1166576 0.114423 0.103688 0.4319772 0.2483084 0.3496835 0.5888523 0.2808131 0.6532882 0.6321186 0.0324194 0.2326787 0.3975357 -0.09336208 0.6755803 0.3726934 -0.1276302 1.084585 0.4186896 -0.1473068 1.429257 0.4572614 0.08613296 0.678215 0.4204024 0.06762226 1.088513 0.3789777 0.0598044 1.433459 0.4258722  A_Throw_SoClose
0.07309629 0.001829624 0.3753523 -0.01302181 0.0834893 0.3698105 -0.1917139 0.327071 0.2298278 -0.2453834 0.6138338 0.1298574 0.108429 0.1025267 0.4332498 0.2475461 0.348815 0.5846599 0.2809492 0.6521314 0.6292442 0.02678736 0.2320054 0.399794 -0.09627591 0.6755443 0.374463 -0.1290613 1.084601 0.42107 -0.1470541 1.429564 0.4578198 0.08394928 0.6774647 0.419371 0.06686868 1.088102 0.3807849 0.06161757 1.433151 0.4272774  A_Throw_SoClose
0.06441529 0.0006774664 0.3785714 -0.02108775 0.08308518 0.3747376 -0.205458 0.3268836 0.2405995 -0.2696621 0.612727 0.1442722 0.1022716 0.1014999 0.4345759 0.2467314 0.3480703 0.5802001 0.2816905 0.6510643 0.6257724 0.02101936 0.2314728 0.4021028 -0.09936939 0.6756141 0.3762959 -0.1305114 1.084723 0.4235677 -0.1467126 1.429968 0.458455 0.08153321 0.6768162 0.4184188 0.06599797 1.087771 0.382666 0.0633458 1.432933 0.4285392  A_Throw_SoClose
0.04997434 -0.0007146597 0.3839401 -0.03446225 0.08289886 0.3827299 -0.2284162 0.3271114 0.2594217 -0.3041136 0.6120981 0.1690892 0.091635 0.1001804 0.4369339 0.2456319 0.3474537 0.5717953 0.2856323 0.6499038 0.6168331 0.01105578 0.2309648 0.4060825 -0.1052145 0.6759859 0.3798159 -0.1329793 1.085178 0.42845 -0.1456405 1.430878 0.4601549 0.07665832 0.6760649 0.4175495 0.06384797 1.08749 0.386423 0.06554569 1.432921 0.4302639  A_Throw_SoClose
0.03992315 -0.001376152 0.3877672 -0.04373906 0.08305788 0.3883952 -0.2426154 0.3285961 0.2742676 -0.3222077 0.61408 0.1889938 0.0840704 0.09946561 0.438722 0.2449446 0.3471781 0.5654825 0.2896424 0.6493276 0.6080521 0.003956633 0.230827 0.4091357 -0.1096557 0.6763617 0.3826779 -0.1354129 1.085618 0.4318722 -0.1459322 1.431619 0.4609722 0.07280125 0.6757593 0.4174718 0.06191065 1.08745 0.3892649 0.06644543 1.433143 0.4307812  A_Throw_SoClose
0.03236051 -0.001829505 0.3907112 -0.05068777 0.08321989 0.3927149 -0.2526101 0.3300239 0.2859424 -0.3340135 0.6161721 0.2047013 0.0783198 0.09893453 0.4401211 0.2443032 0.3468996 0.5605472 0.2927559 0.6488018 0.6006955 -0.001426024 0.2307352 0.4115103 -0.113085 0.6766265 0.3849133 -0.1373981 1.085932 0.4344324 -0.1463837 1.432143 0.4614748 0.06977315 0.6755288 0.4175204 0.06037166 1.087395 0.3914222 0.06686677 1.433287 0.4309782  A_Throw_SoClose
0.0237235 -0.002327561 0.3941191 -0.05859469 0.08342576 0.3977369 -0.2621518 0.3325335 0.2995051 -0.3440863 0.619832 0.2229947 0.07170095 0.09829021 0.4417752 0.2436494 0.3464117 0.5546955 0.2969704 0.6479948 0.590875 -0.007608516 0.2306126 0.4143862 -0.1172413 0.6768181 0.3877019 -0.1400753 1.086199 0.4373044 -0.1475096 1.432633 0.4618405 0.06602032 0.675303 0.4179415 0.0584506 1.087349 0.3941902 0.06706466 1.433491 0.4310654  A_Throw_SoClose
-0.003074391 -0.003679633 0.4051064 -0.08282028 0.08432078 0.4138211 -0.2830524 0.3437462 0.3414668 -0.3629254 0.6355914 0.2818497 0.05092235 0.09619951 0.4471239 0.2411385 0.3437344 0.535055 0.310261 0.6437336 0.5531348 -0.02675716 0.2302587 0.4238123 -0.1309771 0.6769667 0.3968481 -0.1489397 1.086618 0.4462222 -0.1517745 1.433561 0.4634293 0.05326482 0.6749065 0.4203476 0.05245932 1.087369 0.4036969 0.06619568 1.434246 0.4308189  A_Throw_SoClose
-0.01205729 -0.004065633 0.4091052 -0.09081255 0.08473647 0.4195117 -0.2867645 0.3486826 0.3551153 -0.3649452 0.6422985 0.3023423 0.04388602 0.09546101 0.4491519 0.2403154 0.342237 0.5281833 0.3145441 0.6414182 0.5374073 -0.03308551 0.2301623 0.427236 -0.1357605 0.6768608 0.4000601 -0.1519784 1.086631 0.4490503 -0.1534653 1.433668 0.4644364 0.04873176 0.6749181 0.4215163 0.05041857 1.087462 0.4070858 0.06502058 1.434594 0.4301943  A_Throw_SoClose
-0.03006552 -0.004670024 0.4179186 -0.1066342 0.08577406 0.4316176 -0.2910686 0.3590626 0.3819197 -0.3643911 0.6561692 0.3437241 0.02964373 0.0940305 0.4539207 0.2384247 0.3383089 0.514398 0.3214573 0.6350448 0.5018357 -0.04570345 0.2300602 0.4347342 -0.1451539 0.6767279 0.4070038 -0.1581826 1.086947 0.4531015 -0.1578685 1.4341 0.4657134 0.03977175 0.6749384 0.4243478 0.04634472 1.087563 0.4142679 0.06058462 1.435167 0.4289826  A_Throw_SoClose
-0.04146276 -0.004910946 0.4242944 -0.1164831 0.08656991 0.4400715 -0.2920649 0.3656318 0.3986081 -0.3618046 0.6647058 0.3703464 0.02057512 0.09320521 0.4576291 0.2370617 0.3352236 0.5055655 0.3242011 0.629541 0.4757603 -0.05366043 0.2300763 0.4401711 -0.1507979 0.6768359 0.4120439 -0.1618586 1.087656 0.4530171 -0.1609068 1.434844 0.4645647 0.03435721 0.6748377 0.4267119 0.04407205 1.087462 0.4196299 0.05620976 1.43533 0.4290317  A_Throw_SoClose
-0.05165414 -0.004987001 0.430601 -0.1251121 0.08744907 0.448316 -0.2930894 0.3712147 0.4133734 -0.3597921 0.671699 0.3942055 0.01252081 0.09256482 0.4612879 0.2353706 0.3324541 0.4964722 0.3250243 0.6237525 0.4494427 -0.06065349 0.2301987 0.4454197 -0.1556473 0.6770679 0.4167627 -0.1646798 1.088448 0.4522499 -0.162706 1.435631 0.463828 0.02968432 0.6747562 0.4289449 0.04212661 1.087347 0.4248046 0.05029025 1.435419 0.4300054  A_Throw_SoClose
-0.058282 -0.004942536 0.4352826 -0.1305565 0.08818436 0.4543322 -0.2946262 0.3747209 0.4230236 -0.359944 0.6757944 0.409027 0.007385271 0.09218502 0.4639925 0.233514 0.3310611 0.4892238 0.3234147 0.6199191 0.4293627 -0.06498377 0.2303619 0.4491872 -0.1585769 0.6772572 0.4199466 -0.1665526 1.088921 0.4522589 -0.164065 1.436092 0.4640874 0.02686377 0.6747731 0.4302973 0.04077341 1.087332 0.4281234 0.04433354 1.435507 0.43127  A_Throw_SoClose
-0.06168501 -0.004875898 0.4378055 -0.1333079 0.08862555 0.457539 -0.2956221 0.3765249 0.4278706 -0.3602357 0.6778494 0.4161977 0.004761415 0.09201086 0.4654559 0.2325592 0.3301595 0.4852632 0.3224972 0.6175075 0.418579 -0.06714992 0.2304831 0.4511884 -0.1600026 0.6773795 0.4215893 -0.1675234 1.089169 0.4523748 -0.1648189 1.436336 0.4642686 0.02549012 0.6748126 0.4309386 0.04008885 1.087352 0.4297413 0.04073932 1.435548 0.432393  A_Throw_SoClose
-0.06432162 -0.004799843 0.4399995 -0.1353846 0.08902717 0.4602879 -0.2967489 0.3779533 0.4314965 -0.3611593 0.6793514 0.4206365 0.002771275 0.09186363 0.4667805 0.2313336 0.3297541 0.481871 0.3206209 0.615926 0.4094986 -0.068718 0.2305984 0.452948 -0.160978 0.6774656 0.423025 -0.1683321 1.089347 0.452587 -0.1656236 1.436526 0.4641494 0.02456106 0.6748761 0.4313968 0.03952404 1.087404 0.4308652 0.03750177 1.435595 0.4334368  A_Throw_SoClose
-0.06739514 -0.004695892 0.4425663 -0.137793 0.08951211 0.4634951 -0.2980312 0.3796294 0.435706 -0.3621305 0.6811274 0.4258193 0.0004428197 0.09170079 0.4683222 0.2298021 0.3292527 0.4778851 0.318184 0.6139508 0.3988913 -0.07054369 0.2307423 0.4549912 -0.1621116 0.6775725 0.4246839 -0.169281 1.089558 0.4528159 -0.1665577 1.436749 0.4639944 0.02347525 0.6749541 0.4319104 0.03888049 1.087466 0.4321541 0.03361579 1.43562 0.4351009  A_Throw_SoClose
-0.07045357 -0.004543185 0.4451989 -0.1401487 0.09006727 0.4668053 -0.2995549 0.3813802 0.4392623 -0.3636644 0.6828581 0.4288434 -0.001854939 0.09153879 0.4699544 0.2276737 0.3290062 0.4736179 0.3145332 0.6122742 0.3880662 -0.07226889 0.2309234 0.4571794 -0.1631406 0.6776945 0.4266418 -0.1701151 1.089782 0.4532875 -0.1673555 1.436981 0.4641927 0.02249976 0.6750808 0.4323324 0.03859713 1.087565 0.4332165 0.03067501 1.435664 0.4367408  A_Throw_SoClose
-0.07360302 -0.004344106 0.4480814 -0.1425431 0.09069264 0.4704226 -0.301019 0.383298 0.4427313 -0.3650915 0.684729 0.4308289 -0.004213853 0.09139144 0.4717597 0.2249385 0.3289958 0.4688114 0.3095971 0.6107755 0.3764127 -0.07400636 0.2311424 0.4595913 -0.1642186 0.6778222 0.4288663 -0.1709692 1.090019 0.4538206 -0.1681201 1.437226 0.4644698 0.02146776 0.6752622 0.4328116 0.03844865 1.087709 0.4343566 0.02804245 1.435733 0.4387468  A_Throw_SoClose
-0.07532714 -0.004208207 0.4497908 -0.1438334 0.09107089 0.4725651 -0.3017512 0.3844277 0.4444813 -0.3657827 0.6858021 0.4310302 -0.005496426 0.09132302 0.4728469 0.2230482 0.3291847 0.4658736 0.3060581 0.6101747 0.3696541 -0.07492761 0.2312845 0.461038 -0.164823 0.677892 0.4302529 -0.1714301 1.090154 0.4541558 -0.1684953 1.437363 0.4646834 0.02088405 0.6754001 0.4331168 0.03847523 1.08782 0.4350227 0.02692671 1.435801 0.4399351  A_Throw_SoClose
-0.07663231 -0.004082084 0.45128 -0.1448008 0.09139287 0.4743837 -0.3020781 0.3854121 0.4457325 -0.3658194 0.6867571 0.4303817 -0.006464524 0.09128678 0.473823 0.2211228 0.3296244 0.4633421 0.3022973 0.6101114 0.3641342 -0.07560448 0.2314137 0.4622678 -0.1652484 0.6779623 0.4313806 -0.1717628 1.090278 0.4543623 -0.1687572 1.437488 0.4648489 0.02046998 0.6755213 0.4334458 0.03843029 1.087924 0.4355882 0.02618249 1.435874 0.4409369  A_Throw_SoClose
-0.07785355 -0.003948569 0.4527787 -0.1456995 0.09171689 0.4761914 -0.3022713 0.3863907 0.4468602 -0.3656293 0.6876986 0.4293441 -0.007369621 0.09126413 0.4748186 0.2190369 0.3301815 0.460821 0.2981662 0.6102379 0.358785 -0.07622652 0.2315487 0.4634904 -0.1656282 0.6780399 0.4324769 -0.1720659 1.090407 0.4545296 -0.1689892 1.437617 0.4650058 0.02009757 0.6756455 0.4338049 0.03835668 1.088035 0.436149 0.02554383 1.435957 0.4419302  A_Throw_SoClose
-0.07873861 -0.003833771 0.454007 -0.1463601 0.0919764 0.4776143 -0.3022269 0.3871863 0.4475516 -0.3650791 0.6884728 0.427966 -0.008038146 0.09126687 0.4756683 0.2171082 0.3308473 0.4589423 0.2942867 0.610702 0.3548783 -0.07668345 0.2316639 0.4644498 -0.1658513 0.6781259 0.4332479 -0.1722731 1.09053 0.454614 -0.1691646 1.437737 0.4651846 0.01987715 0.6757293 0.4341186 0.03827174 1.088112 0.4365367 0.02532144 1.436023 0.4426678  A_Throw_SoClose
-0.07974289 -0.003687859 0.4555062 -0.1471157 0.09229147 0.4793118 -0.3020498 0.3881403 0.4482416 -0.3641808 0.6893877 0.4259418 -0.008806033 0.09128559 0.4767269 0.2146036 0.33178 0.4567817 0.289222 0.6114746 0.3504452 -0.077206 0.2318091 0.4655932 -0.1660668 0.6782465 0.4341062 -0.1724991 1.09069 0.4546827 -0.169367 1.437891 0.465434 0.01966281 0.6758215 0.4345125 0.03815337 1.088199 0.436962 0.02524604 1.436105 0.4435104  A_Throw_SoClose
-0.08033423 -0.003562808 0.4566349 -0.1475659 0.0925256 0.4805545 -0.3016444 0.3888886 0.4486603 -0.3630489 0.6901205 0.4242386 -0.009265942 0.09133112 0.4775656 0.2125116 0.332728 0.4553555 0.284955 0.612477 0.3476671 -0.07751052 0.2319313 0.4664458 -0.166193 0.6783407 0.4347047 -0.1726831 1.090812 0.4547056 -0.1695669 1.438006 0.4656805 0.01953699 0.6759099 0.4348072 0.03832598 1.088275 0.4371885 0.02608617 1.436204 0.4437617  A_Throw_SoClose
-0.08091317 -0.00341928 0.4578623 -0.1480087 0.09278107 0.4818915 -0.3011053 0.3897014 0.4490718 -0.3616662 0.6909052 0.4223112 -0.009720011 0.09139407 0.4784931 0.2101485 0.3338366 0.4538921 0.2801313 0.6137003 0.3448828 -0.07780664 0.2320703 0.4673685 -0.1663155 0.6784456 0.4353365 -0.172888 1.090945 0.4547185 -0.1698 1.438131 0.4659694 0.01941438 0.6760143 0.4351257 0.0386128 1.088361 0.4373964 0.02733614 1.436324 0.4438885  A_Throw_SoClose
-0.08105569 -0.003312707 0.4585961 -0.1481141 0.09293294 0.4826688 -0.3003978 0.3902645 0.4492186 -0.3602017 0.6914851 0.4209856 -0.00983022 0.09146535 0.4791096 0.2085876 0.3347341 0.4532646 0.2769262 0.6148431 0.3438429 -0.07785086 0.2321712 0.4679531 -0.1663908 0.6784894 0.4357194 -0.1730366 1.091008 0.4546651 -0.1699765 1.438187 0.466123 0.01933976 0.6761308 0.4353389 0.03909357 1.088452 0.4373726 0.02906765 1.436465 0.4432791  A_Throw_SoClose
-0.08118503 -0.003189087 0.4594139 -0.1482083 0.09310389 0.4835314 -0.2995537 0.3908963 0.4493626 -0.3584833 0.6921295 0.4194721 -0.0099297 0.09155142 0.4798054 0.2068151 0.335759 0.4526051 0.2732913 0.6161602 0.3427843 -0.07788078 0.2322876 0.4686092 -0.1664747 0.678537 0.4361471 -0.1732064 1.091077 0.4545954 -0.1701776 1.438248 0.4662908 0.01925643 0.6762698 0.4355778 0.03967561 1.08856 0.4373215 0.03115137 1.436624 0.4425377  A_Throw_SoClose
-0.08116244 -0.003075004 0.4599956 -0.1481854 0.09323573 0.4841403 -0.2985122 0.3914858 0.449325 -0.3564178 0.692771 0.417992 -0.009908719 0.09164047 0.4803609 0.2053339 0.3367075 0.452372 0.2703378 0.6175234 0.3427299 -0.07782237 0.2323917 0.4691275 -0.1665372 0.6785681 0.4364737 -0.1733381 1.091127 0.4544557 -0.1703272 1.438292 0.4663514 0.01919498 0.676413 0.4357899 0.04022904 1.088674 0.4371227 0.03335347 1.436786 0.4414648  A_Throw_SoClose
-0.08107214 -0.002928138 0.4606603 -0.1481087 0.09339416 0.4848336 -0.2970643 0.392235 0.4491962 -0.3535673 0.6935928 0.4160537 -0.0098332 0.09175968 0.4810303 0.2035009 0.3379136 0.4522356 0.2667281 0.6193171 0.3430623 -0.07771055 0.2325246 0.4697484 -0.1666103 0.6786034 0.436859 -0.1734955 1.091187 0.4542407 -0.1705021 1.438343 0.4663848 0.01912309 0.6766036 0.4360541 0.04094436 1.088825 0.4367994 0.03630223 1.436986 0.4400185  A_Throw_SoClose
-0.08085732 -0.002803922 0.4610208 -0.1479396 0.09349847 0.4852198 -0.2956344 0.3928496 0.4490012 -0.3507744 0.6943069 0.4144977 -0.009662492 0.09187233 0.4814728 0.202126 0.3389409 0.4524678 0.2641745 0.6210212 0.3443702 -0.07754354 0.2326332 0.4701637 -0.1666338 0.6786366 0.4371065 -0.1736505 1.091238 0.4539942 -0.1707233 1.438388 0.4663376 0.01910074 0.676765 0.4362725 0.04144396 1.088959 0.4363827 0.03887715 1.437149 0.4386615  A_Throw_SoClose
-0.08042674 -0.002615809 0.4614524 -0.1476011 0.0936383 0.4856914 -0.2934019 0.3937201 0.4486693 -0.346451 0.6953242 0.4122251 -0.009320302 0.09205258 0.4820637 0.2002082 0.3404704 0.453009 0.2607395 0.6236565 0.3469614 -0.07723229 0.2327956 0.4707164 -0.1666354 0.6786878 0.437415 -0.1738941 1.091314 0.4535869 -0.1711038 1.438454 0.4662308 0.0191011 0.6770096 0.4365925 0.04211595 1.089166 0.4356831 0.04272528 1.437371 0.4368051  A_Throw_SoClose
-0.08006923 -0.002508402 0.4616078 -0.1473191 0.09370077 0.4858702 -0.2920817 0.3941547 0.4484595 -0.3439375 0.6958446 0.4110202 -0.009035273 0.0921663 0.4823374 0.1992907 0.3413274 0.4534935 0.2592332 0.6252246 0.3490251 -0.07699107 0.2328862 0.4709662 -0.1666 0.6787167 0.4375294 -0.1740419 1.091354 0.4533285 -0.1713685 1.438489 0.4661463 0.0191377 0.6771504 0.4367689 0.04241379 1.08929 0.4352297 0.04484995 1.437488 0.4358715  A_Throw_SoClose
-0.07967101 -0.002396584 0.4617466 -0.1470043 0.0937624 0.4860319 -0.2907054 0.3945847 0.4482359 -0.3413282 0.696358 0.4097956 -0.008717222 0.09228706 0.4826015 0.1983943 0.3421998 0.4540247 0.2578287 0.6268409 0.3513049 -0.0767241 0.23298 0.4712018 -0.1665509 0.6787471 0.4376239 -0.174191 1.091395 0.4530538 -0.1716456 1.438524 0.4660591 0.01918812 0.6772966 0.4369444 0.04269161 1.089421 0.4347485 0.04699143 1.437601 0.435028  A_Throw_SoClose
-0.07902281 -0.002244473 0.4618491 -0.1464892 0.09383273 0.4861621 -0.2888387 0.3950877 0.4479226 -0.3378308 0.6969738 0.4082731 -0.00819735 0.09246194 0.4828857 0.1974353 0.3433183 0.4548711 0.2566297 0.6290081 0.3549618 -0.07629727 0.2331053 0.4714302 -0.1664349 0.6787899 0.4376587 -0.174375 1.091447 0.4526714 -0.1720307 1.438567 0.4659566 0.01930578 0.6774941 0.4371608 0.04292728 1.089606 0.4340676 0.04964878 1.437748 0.4341305  A_Throw_SoClose
-0.07836781 -0.002096176 0.4619178 -0.1459642 0.09389985 0.4862517 -0.2870494 0.3955361 0.4476246 -0.334486 0.6975257 0.4068874 -0.007667704 0.09263408 0.4831294 0.1966404 0.3443382 0.4557065 0.2560057 0.631045 0.3588594 -0.07586162 0.2332263 0.4716033 -0.1662698 0.6788442 0.4376453 -0.1744937 1.091509 0.4522923 -0.1723393 1.438619 0.4658664 0.01947214 0.6776718 0.4373435 0.04303636 1.089779 0.4333719 0.05193843 1.437872 0.4334778  A_Throw_SoClose
-0.07789205 -0.001992106 0.4619468 -0.1455799 0.09394586 0.4862918 -0.2858105 0.395825 0.4474205 -0.3321747 0.6978852 0.4059762 -0.007280273 0.09275627 0.4832805 0.1961726 0.3450112 0.4563016 0.2559171 0.6324279 0.3618201 -0.07554244 0.2333102 0.4716939 -0.16612 0.6788905 0.4376062 -0.1745382 1.09156 0.4520224 -0.1725141 1.438662 0.4658107 0.01962252 0.6777872 0.4374546 0.04303523 1.089897 0.4328617 0.05335756 1.43795 0.4331363  A_Throw_SoClose
-0.07720046 -0.001832843 0.4620079 -0.1450196 0.09402144 0.4863509 -0.2840223 0.3962232 0.4471115 -0.3288182 0.6983814 0.4046701 -0.006715341 0.09294403 0.4835156 0.1956042 0.3459369 0.4572252 0.2564567 0.6343948 0.3667086 -0.07507734 0.2334396 0.4718093 -0.1658552 0.6789816 0.437517 -0.1745801 1.091656 0.4515933 -0.1727652 1.438747 0.4656891 0.01988776 0.6779424 0.4375843 0.04303994 1.090055 0.4320215 0.05542209 1.43804 0.4327015  A_Throw_SoClose
-0.07674389 -0.001723766 0.4620594 -0.1446487 0.09407616 0.48639 -0.2828498 0.3964723 0.4468998 -0.3266061 0.6986923 0.403819 -0.006341441 0.09307373 0.4836801 0.1952939 0.3465168 0.457868 0.2571901 0.6356554 0.3702778 -0.07476966 0.2335289 0.471876 -0.165653 0.679055 0.4374388 -0.174594 1.091733 0.4512886 -0.1729286 1.438816 0.4655856 0.02008994 0.678037 0.4376506 0.04304745 1.09015 0.4314092 0.05677928 1.438085 0.4324516  A_Throw_SoClose
-0.07629733 -0.001617551 0.4620956 -0.1442882 0.09412837 0.4864038 -0.2817722 0.3966818 0.4466704 -0.3245825 0.6989572 0.4030317 -0.005977912 0.09320366 0.4838251 0.1950727 0.3470422 0.458496 0.2582103 0.6368075 0.3739141 -0.07447456 0.2336164 0.4719151 -0.1654703 0.6791269 0.4373573 -0.1745931 1.091807 0.4510039 -0.1730501 1.438883 0.4655007 0.02027263 0.6781328 0.4377049 0.0430611 1.090245 0.4308122 0.05807145 1.438125 0.4322652  A_Throw_SoClose
-0.07553165 -0.001437545 0.46213 -0.1436748 0.09421444 0.4863771 -0.2800685 0.3969706 0.4462312 -0.3214037 0.6993327 0.4017781 -0.005359216 0.09343219 0.4840425 0.1948639 0.3478574 0.4595717 0.2605656 0.6385959 0.3804597 -0.07398085 0.2337664 0.4719294 -0.1651881 0.6792491 0.4372066 -0.1745615 1.091934 0.4505409 -0.1731795 1.438996 0.4653877 0.02055456 0.6783032 0.4377769 0.04309817 1.090409 0.4297913 0.06021257 1.438188 0.4320558  A_Throw_SoClose
-0.07468568 -0.00126183 0.4619898 -0.1430005 0.09428549 0.486163 -0.2785799 0.3971306 0.4456409 -0.3187476 0.6995745 0.400678 -0.004679842 0.09366834 0.4841012 0.1949134 0.3485878 0.4606117 0.2636242 0.6401696 0.3873776 -0.07344578 0.2339147 0.4717897 -0.1649776 0.6793483 0.4370688 -0.1745222 1.092035 0.4502233 -0.1732396 1.439078 0.4655045 0.02076467 0.6785192 0.437878 0.04304232 1.090621 0.4289469 0.06202485 1.438294 0.4321779  A_Throw_SoClose
-0.07420079 -0.001163602 0.4618911 -0.1426127 0.09432518 0.4860204 -0.2777562 0.3972064 0.4452776 -0.3172922 0.6996964 0.4000658 -0.004289372 0.09379983 0.4841174 0.1949808 0.3489786 0.4612077 0.2654646 0.6409846 0.3914298 -0.07313477 0.2339972 0.471692 -0.1648505 0.6794034 0.4369935 -0.1744915 1.092091 0.4500526 -0.1732652 1.439123 0.465587 0.02089144 0.678643 0.437941 0.04300113 1.090742 0.4284791 0.06297632 1.438354 0.4323052  A_Throw_SoClose
-0.07376431 -0.001060247 0.4617804 -0.1422555 0.09438539 0.4858617 -0.2770114 0.3972747 0.4448422 -0.3159844 0.6998147 0.399475 -0.003929777 0.09392333 0.484116 0.1951564 0.3492719 0.4618386 0.2676714 0.6416329 0.3957251 -0.0728256 0.2340858 0.4715761 -0.1646544 0.6794791 0.436941 -0.1744241 1.092167 0.4498881 -0.1732821 1.439189 0.4656576 0.02108689 0.6787639 0.4380325 0.04294034 1.090863 0.4280275 0.06373407 1.438421 0.4324111  A_Throw_SoClose
