-0.03669612 0.001414895 0.4557265 -0.1064585 0.09303176 0.4903921 -0.3576117 0.3002059 0.5673412 -0.515421 0.5055305 0.3998731 0.03183498 0.09231353 0.486976 0.2865026 0.3103036 0.5776533 0.4190856 0.5505487 0.436911 -0.03693936 0.2326341 0.4755915 -0.1282688 0.6783187 0.4433945 -0.1815188 1.084213 0.3887242 -0.2168239 1.428407 0.3577727 0.0574698 0.6772084 0.44217 0.0991322 1.076699 0.3469075 0.1319621 1.418058 0.2865399  S_DodgingRight_SoClose
-0.04116688 0.002955437 0.4598664 -0.1114214 0.09479094 0.4929341 -0.3624616 0.3003721 0.5699223 -0.5207815 0.5051608 0.4022802 0.02689369 0.09441543 0.4904741 0.2817409 0.3131015 0.5798959 0.4135909 0.551325 0.4350871 -0.04217915 0.234393 0.4768866 -0.1305503 0.6807134 0.4413012 -0.1841227 1.085682 0.3804315 -0.2192071 1.43043 0.35611 0.05517318 0.6778303 0.4410714 0.09432723 1.07775 0.3465461 0.1262621 1.419511 0.2880067  S_DodgingRight_SoClose
-0.04405133 0.00448215 0.463425 -0.114961 0.09625256 0.495304 -0.3665407 0.2995508 0.5732282 -0.5256398 0.5026908 0.404323 0.02336629 0.09652662 0.4936475 0.2788979 0.3154851 0.5821961 0.4094473 0.5509006 0.4317273 -0.04629682 0.2360477 0.4784726 -0.1330601 0.6827455 0.4404916 -0.1870277 1.086356 0.3714932 -0.2217776 1.431428 0.3517064 0.05264111 0.6786741 0.4405235 0.09027065 1.078637 0.3455657 0.122339 1.420668 0.2886947  S_DodgingRight_SoClose
-0.04633329 0.006308913 0.4674057 -0.1181557 0.09786522 0.4979647 -0.3707093 0.2978359 0.5777863 -0.5309036 0.497959 0.4063333 0.02017482 0.09907544 0.4972948 0.2768951 0.3180666 0.5850304 0.4049973 0.5483527 0.4248351 -0.05032543 0.2379774 0.4804028 -0.1365834 0.6847546 0.439577 -0.1919642 1.086418 0.3609995 -0.2267134 1.431817 0.3481253 0.04910161 0.6800039 0.4398502 0.08658494 1.079496 0.3428739 0.1204448 1.421714 0.2882079  S_DodgingRight_SoClose
-0.04903309 0.008921862 0.4724611 -0.1220322 0.1001734 0.5013078 -0.375882 0.2956901 0.5836052 -0.5375795 0.4915578 0.4086846 0.01628269 0.1025895 0.5019563 0.2746012 0.3214504 0.5887493 0.3990808 0.5442643 0.4156507 -0.0552511 0.2406756 0.4828633 -0.1412402 0.6874061 0.4382852 -0.1988256 1.086229 0.3477353 -0.2334567 1.431861 0.344138 0.04442652 0.6820282 0.4389781 0.08231385 1.080705 0.3388551 0.1190778 1.423066 0.2870339  S_DodgingRight_SoClose
-0.05285768 0.01220822 0.4789008 -0.1270934 0.1033943 0.505093 -0.3833418 0.2930789 0.5885166 -0.5479531 0.4832116 0.4100221 0.01117082 0.1067185 0.5081285 0.27209 0.3247217 0.5934528 0.392948 0.5357918 0.4038557 -0.06087635 0.2440431 0.4857553 -0.1468926 0.690274 0.435294 -0.2092325 1.085468 0.332775 -0.2456438 1.430836 0.3410925 0.03875389 0.6848445 0.4380215 0.07893999 1.081753 0.3319467 0.1204125 1.424076 0.2835401  S_DodgingRight_SoClose
-0.0579649 0.0157299 0.4855689 -0.1331165 0.1071343 0.5086135 -0.392042 0.2916801 0.5904173 -0.5591503 0.4761574 0.4083446 0.005040186 0.1108699 0.5146154 0.2685087 0.3281288 0.5975684 0.3867308 0.527272 0.393927 -0.06681065 0.2476234 0.4884371 -0.1518524 0.6932986 0.4313134 -0.219791 1.084866 0.3189138 -0.2589034 1.429441 0.3392161 0.03372343 0.6877118 0.4369658 0.07623543 1.082755 0.3249978 0.1218753 1.424991 0.2798399  S_DodgingRight_SoClose
-0.06612806 0.01975501 0.4934477 -0.141675 0.1119527 0.5120424 -0.4042661 0.2919785 0.5868877 -0.573454 0.4704046 0.4007505 -0.003772302 0.1152186 0.5225033 0.2626766 0.3318441 0.6009277 0.3806089 0.5178337 0.3850478 -0.0740407 0.2516954 0.491105 -0.156062 0.6966455 0.4250973 -0.2320393 1.084509 0.3052462 -0.276599 1.427356 0.3390745 0.02928569 0.6907034 0.4357022 0.07446195 1.083528 0.3171638 0.1239237 1.425642 0.2752208  S_DodgingRight_SoClose
-0.07417916 0.02309942 0.4997286 -0.1495756 0.1161861 0.5143594 -0.4152359 0.2938482 0.5806731 -0.5839744 0.4674522 0.3896326 -0.01202111 0.1186217 0.5288533 0.2569995 0.3346921 0.6023487 0.3756084 0.511694 0.3793992 -0.08024214 0.2550148 0.4929065 -0.1585183 0.6993721 0.4195069 -0.2418831 1.084503 0.2958187 -0.2918995 1.425388 0.3401989 0.02651926 0.6928858 0.434359 0.07357623 1.084093 0.3112911 0.1254218 1.426143 0.271768  S_DodgingRight_SoClose
-0.09038608 0.0284332 0.5092872 -0.1643413 0.123509 0.5168294 -0.4347603 0.3003654 0.5623797 -0.5974069 0.4666405 0.3598799 -0.02775143 0.1235405 0.5387486 0.2458155 0.3383658 0.6010364 0.3679594 0.5059378 0.3727711 -0.09083299 0.2600991 0.4949096 -0.1600458 0.7034845 0.4094547 -0.257645 1.085007 0.2849978 -0.3191805 1.421574 0.3450831 0.02420296 0.6954911 0.4315923 0.07332928 1.084697 0.3031043 0.127518 1.426727 0.2666816  S_DodgingRight_SoClose
-0.1118361 0.03494906 0.5193833 -0.1827465 0.1325488 0.518906 -0.4562889 0.3122841 0.5366076 -0.6010664 0.467997 0.3132237 -0.0477886 0.1291201 0.5491031 0.2308226 0.3410712 0.5982846 0.3564757 0.5055134 0.3696488 -0.1035106 0.2658415 0.4966468 -0.1605858 0.7078025 0.3985561 -0.2747055 1.085918 0.27781 -0.3500378 1.417082 0.3508123 0.02264567 0.6976904 0.4272884 0.07436271 1.085317 0.2950987 0.1307008 1.427314 0.261752  S_DodgingRight_SoClose
-0.1317552 0.04118466 0.5271901 -0.1991738 0.1408881 0.5200461 -0.4730826 0.3244447 0.5117215 -0.5957378 0.4688731 0.2684039 -0.06606244 0.1342731 0.5571254 0.2168229 0.3424505 0.5949558 0.3455794 0.5080038 0.368862 -0.114652 0.2708879 0.4977549 -0.1604309 0.7112896 0.3897527 -0.2885712 1.086676 0.2746872 -0.3757605 1.412971 0.3559464 0.02189084 0.6991489 0.4231132 0.07586648 1.085856 0.2891439 0.1337662 1.427812 0.2581347  S_DodgingRight_SoClose
-0.1554939 0.04836965 0.5342935 -0.2179147 0.1505445 0.5210532 -0.4892134 0.3408833 0.4829077 -0.573764 0.4693419 0.2155932 -0.08698379 0.1395715 0.5643424 0.2001022 0.3423747 0.5936126 0.3283292 0.5134376 0.3713521 -0.1270169 0.2761962 0.498917 -0.1603867 0.7147133 0.3824042 -0.3016688 1.087989 0.2761987 -0.4001544 1.411083 0.3573445 0.02134438 0.7000297 0.4178971 0.07763375 1.086542 0.2843183 0.1374021 1.428466 0.2566932  S_DodgingRight_SoClose
-0.200381 0.06328309 0.5437821 -0.2523779 0.1694301 0.5217184 -0.5111013 0.3704985 0.4280003 -0.5094638 0.4608337 0.1331371 -0.1259943 0.1499645 0.5744962 0.1661712 0.343464 0.595065 0.289311 0.5272281 0.3801888 -0.1500079 0.2861594 0.500851 -0.1611795 0.7208915 0.3730778 -0.3201919 1.091652 0.2846121 -0.434969 1.411977 0.354555 0.0199398 0.7009568 0.4091324 0.08131237 1.087474 0.2778257 0.1454736 1.429084 0.256996  S_DodgingRight_SoClose
-0.2457853 0.07986033 0.5480551 -0.2866311 0.1892745 0.5205487 -0.5224424 0.3957376 0.3717722 -0.4249307 0.4390265 0.08241975 -0.1653105 0.1607114 0.5805711 0.1301465 0.3449296 0.6053728 0.2495735 0.5394127 0.3979653 -0.1736891 0.296331 0.5025553 -0.1637775 0.7276205 0.3697957 -0.33071 1.098482 0.2978939 -0.4549728 1.419501 0.3445753 0.01708253 0.7015628 0.4031452 0.08544637 1.087554 0.2737588 0.1557408 1.428306 0.2598099  S_DodgingRight_SoClose
-0.271238 0.08909905 0.5464777 -0.3061246 0.2000649 0.5178841 -0.5233878 0.4076242 0.3402618 -0.3716015 0.4209571 0.07213771 -0.1879025 0.1663373 0.581313 0.1059207 0.3480954 0.6176876 0.2247138 0.5473645 0.414502 -0.1881729 0.302089 0.5030774 -0.1666401 0.7324241 0.3718375 -0.33352 1.104325 0.3053883 -0.4591438 1.426352 0.3398961 0.01395245 0.7023478 0.4031948 0.08608277 1.086849 0.2714404 0.1601464 1.426894 0.2599443  S_DodgingRight_SoClose
-0.3037828 0.1025343 0.5430087 -0.3309031 0.2151247 0.5135082 -0.5259069 0.4159137 0.2999867 -0.3184543 0.3891673 0.07336891 -0.2171219 0.1748736 0.5811166 0.07385267 0.3531299 0.6328796 0.1923737 0.5574878 0.4346498 -0.206995 0.310418 0.5031775 -0.1702796 0.7393112 0.3748349 -0.3369783 1.112361 0.3146662 -0.4638718 1.435057 0.3356203 0.009757536 0.7038814 0.4036955 0.08679111 1.086437 0.2690839 0.1657869 1.425475 0.2612613  S_DodgingRight_SoClose
-0.3331165 0.1151597 0.5362715 -0.3539754 0.2290516 0.508068 -0.5256994 0.4237078 0.2680234 -0.2793654 0.3615167 0.09321058 -0.2442834 0.1829146 0.5786108 0.04345663 0.3567615 0.6515177 0.1667878 0.5643511 0.4596833 -0.2258309 0.3190318 0.5032386 -0.1752636 0.7472848 0.3805135 -0.343738 1.11886 0.316305 -0.4710182 1.441455 0.3364614 0.003936784 0.7066426 0.4076608 0.08503921 1.086377 0.2675618 0.1688355 1.424316 0.2627276  S_DodgingRight_SoClose
-0.3699633 0.1331264 0.5250782 -0.3831098 0.2484481 0.5000437 -0.5244484 0.4346598 0.2331833 -0.2509567 0.3337915 0.1325082 -0.2789132 0.1944281 0.5732702 0.005861418 0.3576243 0.6736649 0.1397254 0.5698 0.4943155 -0.2502322 0.3313755 0.5027565 -0.1822324 0.7585206 0.3886207 -0.3544034 1.126727 0.3154386 -0.4814323 1.449061 0.3407115 -0.004380507 0.7114096 0.4141315 0.08168758 1.087356 0.2669572 0.1710075 1.423911 0.266342  S_DodgingRight_SoClose
-0.3941594 0.1464609 0.51592 -0.4024863 0.2626052 0.494222 -0.5242744 0.4441966 0.2142967 -0.246138 0.3214283 0.1625704 -0.3020392 0.2029897 0.5683411 -0.01794843 0.3544837 0.6878351 0.1264278 0.5703471 0.5215133 -0.2669211 0.3406874 0.5023454 -0.1875294 0.7669275 0.3948582 -0.3633307 1.131334 0.3119348 -0.4887521 1.453535 0.3455499 -0.01074819 0.715669 0.4198083 0.07858987 1.088776 0.2674483 0.1711385 1.424451 0.2696384  S_DodgingRight_SoClose
-0.4144031 0.1592028 0.507007 -0.4186844 0.2760077 0.4890112 -0.5268583 0.4586542 0.2040294 -0.2523935 0.3196965 0.1824106 -0.321399 0.2110753 0.5628799 -0.03637127 0.3471031 0.698368 0.1208313 0.5669178 0.5497974 -0.2808882 0.3494592 0.5015758 -0.1922177 0.774821 0.4005555 -0.3712187 1.135265 0.3077482 -0.4943897 1.457351 0.349748 -0.01639645 0.7203611 0.425506 0.07652231 1.090642 0.2684654 0.1714577 1.425633 0.2725114  S_DodgingRight_SoClose
-0.4314259 0.1711954 0.498907 -0.4323051 0.2884523 0.4845527 -0.5306162 0.4748849 0.1983708 -0.2624041 0.3226974 0.1954082 -0.3377371 0.2187337 0.5575832 -0.05153755 0.3381734 0.7062219 0.1185539 0.5605905 0.5769781 -0.2926883 0.3576273 0.5007628 -0.1963693 0.7821042 0.4056462 -0.3781321 1.138615 0.3034843 -0.4986551 1.460596 0.3532485 -0.02139412 0.7251001 0.4308604 0.07501025 1.092657 0.2695798 0.1717075 1.427127 0.2748102  S_DodgingRight_SoClose
-0.4538034 0.1892864 0.4864329 -0.4502417 0.3069745 0.4780053 -0.5397577 0.507471 0.198501 -0.2828701 0.3368937 0.2029461 -0.3590591 0.2302909 0.5483087 -0.07191013 0.3232973 0.7132477 0.1169231 0.5474775 0.6173853 -0.3082382 0.3698756 0.4984812 -0.202368 0.793372 0.4133929 -0.3871802 1.144098 0.2975887 -0.503857 1.465943 0.3565482 -0.02850042 0.7331421 0.4387697 0.07403488 1.096246 0.2713021 0.1732487 1.429967 0.2772483  S_DodgingRight_SoClose
-0.4692258 0.2022966 0.4768027 -0.4626168 0.3200866 0.4731964 -0.5486081 0.5362228 0.2044743 -0.3008621 0.3525889 0.2016228 -0.3736494 0.2382414 0.5404528 -0.0864061 0.309803 0.7153291 0.1162188 0.5322615 0.6478037 -0.3189737 0.3782306 0.496147 -0.2068517 0.8010941 0.419403 -0.3932305 1.147377 0.2932066 -0.507181 1.469133 0.3577226 -0.03374259 0.7387161 0.4447755 0.07410391 1.098044 0.2725657 0.1752028 1.431202 0.2782863  S_DodgingRight_SoClose
-0.4789194 0.2111882 0.4675483 -0.4705646 0.3289677 0.4681839 -0.555675 0.5630285 0.2147869 -0.3150815 0.3715948 0.1907963 -0.3827331 0.2433585 0.5321678 -0.09761034 0.2995749 0.7150234 0.1147729 0.5187083 0.6705464 -0.3259432 0.383956 0.4927138 -0.2102177 0.8069121 0.4242448 -0.3966862 1.150393 0.2907337 -0.5088292 1.472032 0.3588966 -0.03757397 0.7430953 0.4492072 0.0741386 1.099689 0.2738079 0.1761704 1.432564 0.2794179  S_DodgingRight_SoClose
-0.4870031 0.2184988 0.4588684 -0.4772381 0.3361404 0.4634203 -0.56169 0.586827 0.226509 -0.328086 0.3911295 0.1791881 -0.3903039 0.2473199 0.5241708 -0.1078786 0.2899021 0.7137531 0.1124351 0.5043927 0.6900891 -0.3318329 0.3884172 0.4892124 -0.2131725 0.8114682 0.428594 -0.3993446 1.152577 0.2887377 -0.50994 1.474086 0.3599719 -0.04092387 0.7464123 0.453082 0.07418086 1.100558 0.2749389 0.1768894 1.433228 0.2804044  S_DodgingRight_SoClose
-0.4926382 0.2242906 0.4500827 -0.4820375 0.3417325 0.4583801 -0.5660281 0.6081595 0.239622 -0.3387755 0.4136485 0.1645936 -0.3956577 0.2503113 0.5159816 -0.1169686 0.2816368 0.7121161 0.1094947 0.4908717 0.7058347 -0.3361449 0.3919892 0.4854048 -0.2155703 0.8153489 0.4325598 -0.4009955 1.154635 0.2873806 -0.510081 1.476172 0.3607849 -0.04358504 0.7493316 0.4563159 0.07406141 1.101436 0.2758025 0.1768679 1.434077 0.2811898  S_DodgingRight_SoClose
-0.496912 0.229129 0.440359 -0.485839 0.3462805 0.4526194 -0.5694807 0.6285486 0.2553939 -0.3491921 0.4416546 0.1474537 -0.3997894 0.2525102 0.5068396 -0.125985 0.2732211 0.7099108 0.1058642 0.4763179 0.720014 -0.3396284 0.3948516 0.4809755 -0.2177389 0.8186695 0.4365848 -0.4020059 1.156395 0.2863778 -0.5094794 1.478088 0.3614563 -0.04593847 0.7518228 0.4593371 0.07380636 1.10203 0.2765273 0.1762484 1.434784 0.2818793  S_DodgingRight_SoClose
-0.4976644 0.2321609 0.4305238 -0.4868606 0.3489618 0.4467891 -0.5723948 0.6446699 0.2723359 -0.3578989 0.4755671 0.129146 -0.4004937 0.2534742 0.4973868 -0.1310921 0.2647003 0.7060665 0.1065244 0.4598951 0.7293428 -0.3405722 0.3966826 0.4761699 -0.2190659 0.8213789 0.44038 -0.4028196 1.15778 0.2866157 -0.5088497 1.479758 0.3625234 -0.04716681 0.7542324 0.4614419 0.07336839 1.102947 0.2763132 0.1748155 1.436002 0.281865  S_DodgingRight_SoClose
-0.4966183 0.2331733 0.4230717 -0.4863446 0.3496444 0.442407 -0.57432 0.6540601 0.2859935 -0.3645632 0.5044982 0.1164621 -0.3994406 0.2531681 0.4901279 -0.1331274 0.2576061 0.7023715 0.1090679 0.4458383 0.7342228 -0.3400991 0.3970947 0.472432 -0.2196586 0.822607 0.4432758 -0.4034579 1.157684 0.2867001 -0.5085778 1.480075 0.3621172 -0.04755519 0.7554993 0.4627317 0.07291742 1.103288 0.2758273 0.1732585 1.436673 0.2816395  S_DodgingRight_SoClose
-0.4900785 0.2313509 0.4171814 -0.4811941 0.3475925 0.4388946 -0.5756307 0.6567943 0.2968649 -0.3675677 0.5319045 0.1065496 -0.3928904 0.2511688 0.4840854 -0.1256715 0.2506859 0.6957697 0.1230163 0.429678 0.730707 -0.3352928 0.3960893 0.4689215 -0.2186596 0.8231058 0.4455389 -0.4041281 1.157019 0.2884468 -0.509722 1.479737 0.3617738 -0.04591374 0.7570977 0.4629544 0.0728469 1.104566 0.2743672 0.171581 1.438417 0.2809232  S_DodgingRight_SoClose
-0.4837904 0.2288289 0.4122623 -0.4761764 0.3448455 0.4359192 -0.5763519 0.6572783 0.3059314 -0.3708825 0.5547382 0.1000785 -0.3865944 0.2486349 0.4789985 -0.1180358 0.2440851 0.6895503 0.1361659 0.4147764 0.7262968 -0.3306186 0.3943902 0.4659027 -0.2175948 0.822691 0.4473313 -0.4046082 1.155777 0.2903136 -0.5107979 1.478698 0.3618659 -0.0442578 0.7578022 0.462993 0.07279344 1.105069 0.2729725 0.1700162 1.439349 0.2802294  S_DodgingRight_SoClose
-0.4725212 0.2238369 0.4080046 -0.4668876 0.3397223 0.433185 -0.5747264 0.6536494 0.3138074 -0.3727062 0.5755073 0.0942868 -0.3753712 0.2445118 0.4743799 -0.1019399 0.2359974 0.6803402 0.1593867 0.3960754 0.7148045 -0.3219979 0.3913716 0.4628509 -0.215211 0.8215301 0.4485143 -0.4042696 1.154626 0.2939876 -0.5120843 1.477611 0.3627676 -0.04090373 0.7588552 0.4623121 0.07327338 1.106201 0.2706927 0.1683433 1.44107 0.2791899  S_DodgingRight_SoClose
-0.4610468 0.2182667 0.4041528 -0.457402 0.3340082 0.4307002 -0.5723714 0.6489083 0.3215517 -0.3757212 0.594164 0.09038246 -0.3639937 0.2399195 0.4701899 -0.08545069 0.2276075 0.6710795 0.1819776 0.3782506 0.7009662 -0.3132423 0.3878106 0.4600943 -0.2127464 0.8196847 0.4495181 -0.40366 1.152944 0.2976464 -0.5132778 1.475883 0.3637365 -0.03750984 0.7593046 0.4616808 0.07381512 1.106627 0.2683495 0.1666693 1.44209 0.2778734  S_DodgingRight_SoClose
-0.4447186 0.2103837 0.4011358 -0.4438532 0.3260821 0.4286965 -0.5661365 0.6415688 0.3310407 -0.38011 0.6109684 0.0869807 -0.3480146 0.2338887 0.4668096 -0.06132005 0.2165101 0.6593779 0.2110651 0.3604103 0.6736387 -0.3008647 0.3830405 0.4578646 -0.2090679 0.8170114 0.4497851 -0.4013511 1.151442 0.3022803 -0.5139416 1.474031 0.3650011 -0.03264777 0.7599619 0.4608687 0.07538541 1.107124 0.2653927 0.165149 1.443394 0.2760123  S_DodgingRight_SoClose
-0.4202817 0.1982247 0.397539 -0.4236037 0.3138109 0.4263457 -0.5539999 0.6298364 0.3449334 -0.3880912 0.6306685 0.0849694 -0.3243259 0.2246362 0.4628018 -0.02598117 0.2021943 0.6416272 0.2481454 0.3427799 0.6276735 -0.2825456 0.3754624 0.4553713 -0.2034012 0.8121248 0.4495596 -0.3963932 1.149151 0.3090528 -0.5134308 1.470862 0.3680285 -0.02542655 0.7599836 0.4599451 0.07808675 1.106809 0.2614487 0.1630267 1.444305 0.2728242  S_DodgingRight_SoClose
-0.3906311 0.1839609 0.3950218 -0.3990665 0.299312 0.4249867 -0.5357078 0.6156143 0.3620037 -0.3989503 0.6486959 0.08757627 -0.2959021 0.214036 0.4599489 0.01598634 0.1825155 0.6198529 0.2869346 0.3201699 0.5674833 -0.2606109 0.3665791 0.4540719 -0.1963371 0.8058981 0.4491185 -0.3889973 1.145089 0.3134483 -0.5117601 1.46587 0.3654345 -0.01677476 0.759589 0.4598125 0.08184798 1.105926 0.2580017 0.1606982 1.444901 0.2692384  S_DodgingRight_SoClose
-0.3608952 0.169691 0.3935217 -0.3747495 0.284521 0.4247636 -0.5125036 0.6015195 0.3777055 -0.4069293 0.6613727 0.09419334 -0.2676754 0.2035538 0.4581803 0.05527921 0.1697363 0.598812 0.313953 0.3109673 0.5080045 -0.2393094 0.3575915 0.4540452 -0.188845 0.7991427 0.4485716 -0.3780153 1.141179 0.3151544 -0.5062118 1.460959 0.3596538 -0.008139057 0.7580046 0.4610032 0.08569713 1.104419 0.2570533 0.1582517 1.444862 0.2661041  S_DodgingRight_SoClose
-0.3291159 0.1541955 0.3916887 -0.348921 0.2680429 0.4245394 -0.4873581 0.5848925 0.3932918 -0.4138921 0.6722918 0.10681 -0.2376825 0.19209 0.4560732 0.09475334 0.1610129 0.5765718 0.3344636 0.3060257 0.4476737 -0.217127 0.3474054 0.45408 -0.1806558 0.7909906 0.4484614 -0.3649339 1.136076 0.3160514 -0.4975155 1.455184 0.3516353 0.0009586383 0.7547908 0.46286 0.08973654 1.10193 0.2578815 0.1560404 1.443714 0.2638639  S_DodgingRight_SoClose
-0.305131 0.1424212 0.390324 -0.3295934 0.2551739 0.4246005 -0.4690165 0.5710108 0.4037298 -0.4177085 0.6772881 0.1188082 -0.215167 0.1834046 0.4544839 0.1229598 0.1594998 0.5609783 0.3453359 0.3059554 0.4054016 -0.2009238 0.3394382 0.4543394 -0.1743605 0.7844118 0.4488991 -0.3537956 1.131705 0.3156151 -0.4885388 1.450675 0.3434852 0.007728951 0.7513909 0.4648551 0.09250446 1.099697 0.2601613 0.1544616 1.442336 0.2629603  S_DodgingRight_SoClose
-0.2817858 0.1306472 0.3890213 -0.3109148 0.2420186 0.4247793 -0.4531541 0.555682 0.4133185 -0.4210465 0.6787423 0.1323684 -0.1933188 0.1747823 0.4528455 0.1491675 0.1629136 0.5471085 0.3522222 0.3097637 0.3673633 -0.1856593 0.3312681 0.4545511 -0.1682869 0.7775317 0.4498395 -0.3423076 1.127101 0.3153294 -0.4775629 1.446411 0.3358487 0.0141684 0.7471362 0.4668015 0.09506173 1.097172 0.2634915 0.1535296 1.440434 0.2626914  S_DodgingRight_SoClose
-0.2510815 0.115803 0.3873237 -0.2864936 0.2248421 0.4251832 -0.4351213 0.5339619 0.4250168 -0.4248798 0.6759843 0.151462 -0.1647283 0.1642883 0.4505547 0.1812367 0.1755823 0.5312041 0.3572246 0.3195843 0.3228868 -0.1663461 0.3209049 0.4548019 -0.1604205 0.7687926 0.4518808 -0.3262612 1.12143 0.3150662 -0.460008 1.44184 0.3261636 0.02242179 0.7411627 0.4693969 0.09813775 1.094313 0.2695087 0.152984 1.438115 0.2631902  S_DodgingRight_SoClose
-0.2182135 0.1007367 0.385795 -0.2603174 0.2066661 0.4259561 -0.4228565 0.5069309 0.4380106 -0.4317028 0.6671195 0.174631 -0.1341774 0.1542681 0.4478749 0.2115502 0.1988951 0.5166487 0.3583733 0.3392197 0.2845792 -0.1464214 0.3103244 0.4546517 -0.1532756 0.7597365 0.4550918 -0.3105002 1.115298 0.3156966 -0.43932 1.437887 0.3196439 0.03009851 0.734943 0.471239 0.09986724 1.092424 0.2769636 0.1515792 1.436566 0.2651266  S_DodgingRight_SoClose
-0.1892053 0.08876061 0.3843387 -0.2369462 0.1915232 0.4265717 -0.4140728 0.4817184 0.4492363 -0.438445 0.6561946 0.1961125 -0.1073526 0.146832 0.4451584 0.2344426 0.2226622 0.5048832 0.3582171 0.3587366 0.2573594 -0.1290886 0.3017396 0.4541367 -0.1478866 0.7520874 0.4582509 -0.2978061 1.109957 0.3167289 -0.4206686 1.434885 0.3168081 0.03600403 0.7300619 0.4724168 0.100689 1.091389 0.2835716 0.1499064 1.435711 0.2672194  S_DodgingRight_SoClose
-0.1672838 0.08037627 0.3833169 -0.2190264 0.1805316 0.4271034 -0.4090813 0.4612788 0.4574684 -0.4440781 0.6457598 0.2128271 -0.08709596 0.1420161 0.4428567 0.2494307 0.2415078 0.4966038 0.3584193 0.3766786 0.241742 -0.1160647 0.2956375 0.4533776 -0.1448483 0.7463161 0.4607905 -0.2896139 1.105764 0.3179101 -0.4063464 1.432945 0.3180584 0.03948214 0.7268798 0.4728764 0.1008138 1.090898 0.2881263 0.1485743 1.435268 0.2687343  S_DodgingRight_SoClose
-0.1484093 0.07378709 0.3823694 -0.203401 0.1715738 0.4275192 -0.4041808 0.443653 0.4644097 -0.4487004 0.6359217 0.2274321 -0.06973521 0.1384703 0.4407429 0.2610467 0.2572328 0.4899424 0.3593529 0.3922219 0.2306775 -0.1048266 0.290709 0.4526323 -0.1424582 0.7414057 0.4629387 -0.2826943 1.102153 0.3188208 -0.3934306 1.431411 0.3195151 0.04221638 0.7243716 0.473267 0.1006827 1.090574 0.2919363 0.1471601 1.434968 0.2700046  S_DodgingRight_SoClose
-0.1270971 0.06667233 0.3816274 -0.1854045 0.1617255 0.4283117 -0.398214 0.4233794 0.4720911 -0.453729 0.6232242 0.2438639 -0.05006627 0.1348798 0.4383186 0.2736097 0.272886 0.4834131 0.3641904 0.4119602 0.2234939 -0.09195511 0.2852685 0.45166 -0.1404649 0.7355704 0.4651722 -0.2751972 1.097784 0.3194908 -0.3767278 1.429985 0.3223656 0.04457726 0.7217789 0.4735812 0.09985073 1.090153 0.2956809 0.1449972 1.43454 0.2710255  S_DodgingRight_SoClose
-0.1100356 0.06141531 0.3810724 -0.1708439 0.1542128 0.4289774 -0.392801 0.4070567 0.4783796 -0.4578878 0.6123759 0.2576646 -0.03443066 0.1324373 0.4363602 0.2827593 0.2852631 0.4787315 0.368466 0.4286555 0.2195071 -0.08165674 0.281127 0.4508685 -0.1388287 0.7308992 0.4668974 -0.2686353 1.094497 0.320196 -0.3618722 1.4291 0.3248466 0.04645266 0.7197121 0.4737681 0.09912188 1.089801 0.2986578 0.1431807 1.434151 0.2716492  S_DodgingRight_SoClose
-0.09189175 0.0554148 0.381152 -0.155083 0.1458772 0.4302272 -0.3864092 0.3887727 0.4857105 -0.4637036 0.5990425 0.2737678 -0.01777635 0.1295818 0.4345382 0.2919972 0.2970216 0.4753979 0.3774582 0.4496061 0.221393 -0.07057022 0.276289 0.450003 -0.1369783 0.7253103 0.4681062 -0.2594462 1.091367 0.3212093 -0.3407141 1.429037 0.3281559 0.04850693 0.7169414 0.4732784 0.0981427 1.089452 0.3024701 0.1411064 1.433768 0.2733387  S_DodgingRight_SoClose
-0.07969342 0.05146921 0.3813947 -0.1444114 0.1403707 0.4311913 -0.381723 0.3762275 0.4909676 -0.4678928 0.5893269 0.2853688 -0.006665511 0.1277839 0.4334062 0.2975428 0.3050337 0.4737271 0.3835388 0.4647168 0.2243069 -0.06314556 0.2730533 0.4494117 -0.1355923 0.7215018 0.4686831 -0.2523783 1.089649 0.3223838 -0.3249373 1.429265 0.3307389 0.04999687 0.7149481 0.4725856 0.09766032 1.089309 0.3052963 0.1398887 1.433602 0.2748579  S_DodgingRight_SoClose
-0.06920187 0.04710293 0.3826817 -0.1351511 0.1348288 0.4328111 -0.377463 0.3639975 0.4967602 -0.4732916 0.5789123 0.2974213 0.00287004 0.1254827 0.4330906 0.3012731 0.3118682 0.4742626 0.3911271 0.4804348 0.2321557 -0.05676911 0.2694933 0.4490117 -0.1339347 0.7175638 0.4682268 -0.2432075 1.089194 0.3249601 -0.3065173 1.430629 0.3343176 0.05172213 0.7123064 0.4705595 0.09787603 1.089134 0.3084654 0.1396676 1.433416 0.2773041  S_DodgingRight_SoClose
-0.05889277 0.04280829 0.3842229 -0.126035 0.1294224 0.4345783 -0.3730719 0.3516499 0.5029129 -0.4789383 0.5677993 0.3100938 0.01215561 0.1232657 0.432928 0.304232 0.3187637 0.4754957 0.3981678 0.4968532 0.2419051 -0.05057232 0.2659874 0.4485835 -0.1321761 0.7137009 0.4674062 -0.2330759 1.089287 0.3283776 -0.2871697 1.43229 0.3382109 0.0535235 0.7096046 0.4680551 0.09833892 1.08902 0.311726 0.1396892 1.433305 0.2800068  S_DodgingRight_SoClose
-0.05168692 0.03854752 0.3866776 -0.1197072 0.1246182 0.4367326 -0.3702284 0.3408633 0.5089082 -0.4853524 0.5568581 0.3212909 0.01854213 0.120752 0.4336618 0.3045656 0.3238782 0.4791497 0.4042636 0.5110711 0.2552665 -0.0464112 0.2625874 0.4482616 -0.1304567 0.7102813 0.465341 -0.2218903 1.091055 0.334092 -0.2690428 1.435119 0.3424629 0.05524965 0.7066001 0.4642709 0.09950788 1.088688 0.3144263 0.1407027 1.433011 0.2829212  S_DodgingRight_SoClose
-0.04534064 0.03445721 0.3896149 -0.114189 0.1201655 0.4391154 -0.3676786 0.3305534 0.5152949 -0.4918534 0.5455035 0.3323072 0.0240698 0.118343 0.4348205 0.3037842 0.3286213 0.48396 0.4091843 0.5247089 0.2705477 -0.0429018 0.2593788 0.4479774 -0.1288502 0.7071406 0.4626755 -0.2108691 1.093183 0.3409423 -0.2526771 1.43799 0.3467849 0.05684545 0.7036478 0.4601325 0.1008018 1.08816 0.3165301 0.1417627 1.432521 0.2851371  S_DodgingRight_SoClose
-0.04105351 0.03108358 0.3927196 -0.1105458 0.1167128 0.44143 -0.3660102 0.3223715 0.5211061 -0.4975961 0.5355023 0.341195 0.02769788 0.1163183 0.4363531 0.3018771 0.3321363 0.4894089 0.4123006 0.5353833 0.2854437 -0.04072754 0.2568043 0.4477991 -0.1276313 0.7047363 0.459699 -0.2018904 1.095387 0.3481077 -0.2408671 1.440566 0.3504857 0.05804713 0.7011369 0.4562172 0.1019816 1.08746 0.3175539 0.142661 1.431852 0.2861379  S_DodgingRight_SoClose
-0.03730939 0.0280112 0.3963422 -0.1073716 0.1137154 0.4440426 -0.3639878 0.3155166 0.5271586 -0.502561 0.5264249 0.3498939 0.03085424 0.1144313 0.4385327 0.299785 0.3348001 0.495942 0.4153278 0.5446476 0.3017296 -0.03874956 0.2544852 0.4479955 -0.12647 0.7025403 0.4565095 -0.1952277 1.096842 0.3546618 -0.2333165 1.442123 0.3525566 0.05920442 0.6988706 0.4528927 0.10247 1.086766 0.3184732 0.1423544 1.431179 0.2862719  S_DodgingRight_SoClose
-0.03470741 0.02598536 0.3991455 -0.1051674 0.1117809 0.4460419 -0.3623353 0.3110207 0.5316781 -0.5058917 0.5201575 0.3562902 0.03304346 0.113223 0.4403042 0.2981194 0.3366382 0.5009769 0.4171686 0.5511949 0.3141693 -0.03734867 0.2529778 0.4482349 -0.1256295 0.7010966 0.4540986 -0.1909824 1.09774 0.3593496 -0.2287204 1.443018 0.3536328 0.06004651 0.6973875 0.4506038 0.1026267 1.086365 0.3191236 0.1417522 1.430791 0.2861418  S_DodgingRight_SoClose
-0.03198246 0.02407598 0.4020785 -0.1027036 0.1100378 0.4482034 -0.3598006 0.3080021 0.5357307 -0.5077688 0.5160062 0.3626779 0.03549977 0.1119184 0.4424113 0.2977544 0.3370726 0.5062355 0.4202002 0.5561755 0.3270563 -0.03539262 0.2514925 0.4489473 -0.1249291 0.6993986 0.4519876 -0.1889876 1.097425 0.3622874 -0.2271804 1.442593 0.353649 0.0607654 0.6961819 0.4490317 0.1020588 1.086382 0.320804 0.1402611 1.430798 0.2866601  S_DodgingRight_SoClose
-0.02903466 0.02187335 0.4053944 -0.09999411 0.1080424 0.4506811 -0.3568565 0.3049077 0.5400842 -0.509456 0.5117842 0.3697222 0.03820022 0.1103328 0.4448208 0.2975508 0.3370528 0.5120524 0.4231606 0.560991 0.341236 -0.03316854 0.2497265 0.4498519 -0.1242625 0.6973079 0.4497899 -0.18703 1.096702 0.3654126 -0.2255772 1.441737 0.3536395 0.06145092 0.6947733 0.4474133 0.1014088 1.086316 0.3229092 0.1386406 1.43068 0.2872013  S_DodgingRight_SoClose
-0.0272647 0.02016878 0.4079822 -0.09824578 0.106571 0.4527243 -0.3546073 0.3035023 0.5428303 -0.5098554 0.5100142 0.374431 0.03994246 0.1089567 0.4467605 0.2980312 0.3358848 0.5163215 0.42495 0.562811 0.3504885 -0.03156255 0.248312 0.4508241 -0.1242112 0.6954758 0.4486746 -0.1859182 1.095697 0.3674959 -0.2243369 1.440672 0.3537225 0.06151487 0.6937759 0.446565 0.1011336 1.086298 0.3250717 0.1382426 1.430459 0.2873434  S_DodgingRight_SoClose
-0.025676 0.01850498 0.4104761 -0.09667175 0.1051331 0.4546951 -0.3525514 0.302151 0.5454124 -0.5102398 0.5083497 0.3789076 0.04151072 0.1075991 0.4486297 0.2984084 0.3346825 0.520378 0.4264171 0.5643638 0.3592423 -0.03011553 0.2469162 0.4517673 -0.1242089 0.6936759 0.4476427 -0.1848477 1.094676 0.3695649 -0.2230516 1.439594 0.3538822 0.06152524 0.6927569 0.4457568 0.1008433 1.086198 0.3271755 0.1376987 1.430158 0.2874111  S_DodgingRight_SoClose
-0.02531366 0.0164535 0.4135445 -0.09624587 0.1034032 0.4571627 -0.3514527 0.3009638 0.5479244 -0.5110406 0.5073029 0.3834151 0.0419304 0.1058474 0.4509495 0.2980858 0.3325955 0.5248088 0.4265798 0.5647236 0.3676137 -0.02972065 0.2451713 0.453041 -0.1249305 0.6915858 0.4469217 -0.1834397 1.09362 0.3726257 -0.220662 1.43854 0.3547858 0.06080498 0.6913025 0.4449805 0.1004102 1.085773 0.3299683 0.1369301 1.429329 0.2865661  S_DodgingRight_SoClose
-0.02550344 0.01403332 0.417127 -0.09638564 0.1013577 0.4600009 -0.3508334 0.2996001 0.5505375 -0.5120886 0.5062524 0.3880595 0.04178705 0.1037655 0.4536942 0.2972101 0.3300425 0.5298556 0.426172 0.5646333 0.3767532 -0.02988528 0.2430916 0.4545296 -0.1258342 0.6892519 0.4461125 -0.182089 1.09239 0.3761872 -0.2182037 1.43728 0.3556727 0.05990054 0.6893886 0.4440778 0.1000789 1.08513 0.3337229 0.136128 1.428207 0.2863258  S_DodgingRight_SoClose
-0.02647488 0.01189876 0.4202794 -0.09734325 0.09955275 0.4624451 -0.351163 0.2984489 0.5524343 -0.5132133 0.5055561 0.3913325 0.04083105 0.1019169 0.4561576 0.2958091 0.3276759 0.534139 0.4251095 0.5639619 0.3839568 -0.03084861 0.2412415 0.4558457 -0.1267148 0.6873802 0.4454421 -0.1812725 1.091387 0.3792847 -0.2165173 1.436205 0.3562154 0.05901869 0.6874681 0.4432944 0.1000299 1.084412 0.3376688 0.1356631 1.427076 0.2870759  S_DodgingRight_SoClose
-0.02719472 0.01015413 0.4229902 -0.09809642 0.09808695 0.4644903 -0.3515212 0.2974826 0.5538286 -0.5137898 0.504962 0.3934268 0.04008605 0.1003972 0.4583639 0.2947908 0.3256748 0.5377311 0.4243692 0.5630906 0.3895844 -0.03158037 0.2397223 0.4570202 -0.1271972 0.6858805 0.444858 -0.1810691 1.090439 0.3815731 -0.2160439 1.435158 0.3566827 0.05853637 0.6858367 0.4427217 0.1001042 1.083699 0.340834 0.1352186 1.42603 0.28769  S_DodgingRight_SoClose
-0.02777503 0.008727908 0.4253038 -0.09871618 0.09689462 0.4662198 -0.3518595 0.2966744 0.5549563 -0.5142149 0.504452 0.3950289 0.03947463 0.09915626 0.4602679 0.2939604 0.3240211 0.5407733 0.4237578 0.5623205 0.394245 -0.03217516 0.2384787 0.458032 -0.1275348 0.6846586 0.4443554 -0.1810168 1.089631 0.3834323 -0.2158807 1.434253 0.3570832 0.05819919 0.6844804 0.4422573 0.100198 1.083081 0.3434814 0.1347486 1.425136 0.288227  S_DodgingRight_SoClose
-0.0280665 0.007261753 0.4279021 -0.09903638 0.09569764 0.4681734 -0.3519913 0.2959155 0.5561117 -0.514228 0.5039154 0.3963531 0.03916528 0.09786439 0.4624413 0.2934704 0.3222635 0.5440172 0.4233843 0.5613086 0.3988131 -0.03242068 0.2372001 0.4592208 -0.1277726 0.6833072 0.4438614 -0.1810871 1.08863 0.3851618 -0.2159901 1.433145 0.3575023 0.05796226 0.683161 0.4418448 0.1000399 1.082356 0.3455318 0.133735 1.424122 0.2880105  S_DodgingRight_SoClose
-0.02825253 0.005458593 0.4314135 -0.09924953 0.09425855 0.4708198 -0.3520262 0.295071 0.5576004 -0.5139717 0.5032983 0.3978428 0.03896703 0.09627366 0.4653987 0.2930546 0.3200468 0.5482992 0.4230375 0.5599532 0.4045848 -0.03250317 0.2356322 0.4608592 -0.1280092 0.6815766 0.4432391 -0.1812469 1.087297 0.387278 -0.21629 1.431667 0.358044 0.05772718 0.6815825 0.4413508 0.09966882 1.081434 0.3477386 0.1320103 1.422819 0.287258  S_DodgingRight_SoClose
-0.02862392 0.003935456 0.4348091 -0.0995609 0.09310448 0.4734648 -0.3523592 0.2945929 0.5588115 -0.5137867 0.5026339 0.3982886 0.03866764 0.09489 0.468275 0.2928102 0.3178474 0.5522217 0.4229157 0.5581799 0.4093331 -0.0326014 0.2343091 0.4625815 -0.1283884 0.6800311 0.4428552 -0.1810205 1.086049 0.3885063 -0.2157238 1.430349 0.3580583 0.05734767 0.6802932 0.4409636 0.09910931 1.080428 0.3484873 0.1306724 1.421594 0.2863773  S_DodgingRight_SoClose
-0.02899985 0.003041983 0.4370903 -0.09987859 0.09245825 0.4752597 -0.3526981 0.2944059 0.5596241 -0.5137749 0.5022635 0.3985122 0.03835746 0.0940758 0.4702152 0.2925431 0.3164721 0.5548686 0.4227218 0.5570598 0.4124769 -0.03275995 0.2335401 0.4637798 -0.1286528 0.6791281 0.4426454 -0.1808354 1.085318 0.3891548 -0.2152558 1.429578 0.3579434 0.05708279 0.6795204 0.4407247 0.09878094 1.079783 0.3487767 0.1299672 1.42083 0.2858318  S_DodgingRight_SoClose
-0.02970777 0.002278209 0.4393758 -0.100483 0.09194767 0.4771065 -0.353318 0.294408 0.5604414 -0.5140103 0.5019537 0.3985456 0.0377595 0.0933584 0.4721817 0.292101 0.315091 0.5575274 0.4224516 0.5557804 0.4154652 -0.0331646 0.2328892 0.4650873 -0.1289515 0.6783926 0.4425577 -0.1805712 1.084692 0.3893517 -0.2145849 1.428935 0.3575076 0.05678304 0.6788076 0.440545 0.09857078 1.079044 0.3485235 0.1298288 1.420049 0.2853864  S_DodgingRight_SoClose
-0.03051631 0.001624227 0.4417871 -0.1011718 0.09156442 0.4790562 -0.3539997 0.2945904 0.5612968 -0.5142844 0.5017791 0.3985418 0.03707774 0.09274197 0.4742669 0.2916404 0.3137232 0.5603493 0.4222848 0.5544317 0.4185895 -0.03362481 0.2323486 0.4664859 -0.1292206 0.6777765 0.4424685 -0.180375 1.08416 0.3894562 -0.2140503 1.428384 0.3570579 0.05651303 0.6781779 0.4403709 0.09840782 1.078361 0.3481644 0.1298001 1.419332 0.2849125  S_DodgingRight_SoClose
-0.03144453 0.001190543 0.4439472 -0.1019556 0.09139371 0.4808096 -0.3546959 0.295027 0.5620426 -0.5146069 0.5018064 0.3984016 0.03630104 0.09230506 0.4761704 0.2910261 0.3126287 0.5629853 0.4219485 0.5533019 0.4214224 -0.03414081 0.2320094 0.4678038 -0.1292848 0.6774301 0.4423989 -0.1804843 1.083781 0.3891805 -0.2141986 1.427993 0.3566889 0.05644872 0.6776883 0.4402703 0.0984803 1.077729 0.3475112 0.1301989 1.41871 0.2844695  S_DodgingRight_SoClose
-0.03302018 0.0008741617 0.4473513 -0.1032794 0.09152913 0.4835228 -0.3557084 0.2962658 0.5631698 -0.5149797 0.5024058 0.3981045 0.03498973 0.09194934 0.479195 0.2898915 0.3112848 0.5672511 0.421329 0.5518402 0.4259652 -0.03496186 0.2318385 0.4698566 -0.1291363 0.6772883 0.4421595 -0.1807714 1.08352 0.3884529 -0.2148207 1.427716 0.3561476 0.05659856 0.6772182 0.440133 0.09867425 1.077031 0.3464187 0.1308582 1.418082 0.2839969  S_DodgingRight_SoClose
-0.03509776 0.00115788 0.4511651 -0.1050439 0.09240019 0.486431 -0.3567624 0.2986311 0.5643457 -0.5151661 0.5041809 0.3977169 0.03324093 0.09213233 0.4826254 0.2880958 0.3105376 0.5722765 0.4202394 0.550891 0.4313062 -0.03600476 0.2322844 0.4720505 -0.1285355 0.6778586 0.4415659 -0.1811595 1.083875 0.3871955 -0.2159701 1.428066 0.3556536 0.0572023 0.677195 0.4399651 0.09905513 1.076783 0.3451952 0.1316659 1.418011 0.283976  S_DodgingRight_SoClose
