-0.000624461 -1.442432E-05 1.739105 -0.06979303 0.09525096 1.761939 -0.4182072 0.1404331 1.761627 -0.7266022 0.1404334 1.761626 0.0685441 0.09525084 1.762251 0.4169262 0.140432 1.762561 0.7253161 0.1404322 1.76256 -0.0006244014 0.2351424 1.74827 -0.09336059 0.6801612 1.711246 -0.1013278 1.092915 1.723308 -0.09894632 1.440007 1.737289 0.09234674 0.6800331 1.715028 0.1003121 1.092748 1.712469 0.09770389 1.440058 1.737299  O_Hello_SoClose
-0.05930279 -0.01469755 1.733439 -0.1344247 0.0782578 1.743294 -0.3905369 0.2919549 1.767267 -0.5656854 0.5434462 1.732875 0.001349883 0.0823468 1.769482 0.2617076 0.2996054 1.74323 0.4438523 0.5467634 1.714237 -0.06826828 0.2202582 1.743345 -0.1661318 0.6626724 1.691336 -0.1610224 1.07236 1.743345 -0.1478774 1.416154 1.791368 0.01551087 0.6680014 1.729794 0.02929624 1.080568 1.731152 0.01367738 1.420484 1.805051  O_Hello_SoClose
-0.08770935 -0.01462591 1.722755 -0.1649739 0.07701218 1.726467 -0.3498453 0.3154441 1.771607 -0.4347666 0.6093445 1.732639 -0.03235714 0.08291161 1.765394 0.1652582 0.3316811 1.735441 0.2606458 0.6232739 1.704149 -0.1015073 0.2200221 1.734275 -0.2014436 0.6614473 1.677982 -0.1957016 1.067351 1.754032 -0.1821323 1.407663 1.822428 -0.02434556 0.6691566 1.733466 -0.008428438 1.081557 1.74219 -0.038218 1.415105 1.837615  O_Hello_SoClose
-0.08648835 -0.01291156 1.708666 -0.1640229 0.07842028 1.713959 -0.3501335 0.3156304 1.761459 -0.4360743 0.6090392 1.721049 -0.03132878 0.08413708 1.752648 0.1688773 0.3327531 1.723499 0.2731629 0.6210347 1.689994 -0.1009741 0.2214904 1.723786 -0.2023968 0.6634094 1.674455 -0.1961055 1.068925 1.752508 -0.1820471 1.408886 1.822529 -0.02518628 0.6708217 1.729619 -0.0104184 1.083062 1.745215 -0.0395811 1.417609 1.837279  O_Hello_SoClose
-0.08502196 -0.01136422 1.693624 -0.1628279 0.0796144 1.700715 -0.350224 0.3154755 1.751074 -0.4371847 0.6084498 1.709705 -0.02999161 0.08514237 1.738941 0.1735548 0.333334 1.710141 0.2893125 0.6168229 1.673553 -0.1002004 0.2227138 1.712593 -0.2032549 0.6650357 1.670837 -0.1964624 1.070141 1.750951 -0.1819635 1.409731 1.82266 -0.02583913 0.6721395 1.725378 -0.01232718 1.084122 1.747551 -0.04105793 1.418964 1.838673  O_Hello_SoClose
-0.08335386 -0.009892583 1.676513 -0.1614484 0.08064473 1.685752 -0.3502394 0.3149173 1.739608 -0.438228 0.607486 1.697546 -0.02840511 0.08596575 1.723281 0.1793845 0.3334135 1.694565 0.3099243 0.6100475 1.655355 -0.09927504 0.2237353 1.699906 -0.2041992 0.6663622 1.666968 -0.1968305 1.071142 1.748659 -0.1818653 1.4102 1.822753 -0.02648495 0.6731249 1.720572 -0.01420198 1.084736 1.749358 -0.04250781 1.419574 1.840628  O_Hello_SoClose
-0.08125691 -0.008256555 1.652376 -0.1596861 0.08155119 1.665204 -0.3500984 0.3134516 1.725038 -0.4393689 0.6057007 1.683459 -0.0261542 0.08658612 1.700997 0.1899374 0.3318374 1.671732 0.344997 0.5950944 1.629819 -0.09806906 0.2245457 1.682428 -0.2057671 0.6673139 1.663191 -0.1973545 1.072687 1.741781 -0.1817493 1.410156 1.822682 -0.0273491 0.673599 1.714465 -0.01526539 1.084862 1.747942 -0.04302232 1.419226 1.841097  O_Hello_SoClose
-0.08035313 -0.007413149 1.638258 -0.158921 0.08187592 1.65361 -0.3501241 0.3122933 1.717469 -0.4402197 0.6044344 1.676924 -0.02496968 0.08677733 1.687819 0.1989136 0.3292112 1.658182 0.3727659 0.5804482 1.616232 -0.09758072 0.2247748 1.672532 -0.2070184 0.6674156 1.662284 -0.1980034 1.072897 1.740245 -0.1819216 1.409736 1.823643 -0.02799527 0.6734629 1.711433 -0.01510255 1.084643 1.745618 -0.04266826 1.418435 1.840856  O_Hello_SoClose
-0.08022766 -0.00685668 1.627152 -0.1588604 0.08189678 1.645064 -0.3508614 0.3109956 1.712458 -0.4419127 0.6030452 1.673417 -0.02441244 0.08678317 1.677269 0.2124848 0.3231223 1.647905 0.4129775 0.5543166 1.609744 -0.09773521 0.2247229 1.665193 -0.2088697 0.6670554 1.66333 -0.1992792 1.071245 1.747673 -0.1824396 1.409205 1.826243 -0.02912782 0.6730313 1.709791 -0.01426343 1.084303 1.742014 -0.04189525 1.417373 1.839733  O_Hello_SoClose
-0.08091573 -0.00704062 1.62636 -0.1595298 0.08158863 1.644956 -0.3518719 0.3104959 1.712777 -0.4430939 0.6025812 1.674407 -0.02489523 0.0865382 1.676362 0.2204385 0.3180071 1.647331 0.4362153 0.5356182 1.612833 -0.0984302 0.22443 1.665055 -0.2100256 0.6666504 1.664909 -0.199913 1.070507 1.750772 -0.1825505 1.409059 1.826631 -0.03001331 0.6727025 1.710302 -0.01378314 1.0841 1.740168 -0.04163567 1.416876 1.838819  O_Hello_SoClose
-0.08215337 -0.007610559 1.629158 -0.1607189 0.08101857 1.647959 -0.3533791 0.3101004 1.715143 -0.4445008 0.6022913 1.677343 -0.02594821 0.08607113 1.678758 0.2290852 0.3111075 1.650316 0.46112 0.5121396 1.621154 -0.09958695 0.2239159 1.667554 -0.2113559 0.6660925 1.667184 -0.200528 1.070151 1.752003 -0.1825478 1.409091 1.825963 -0.03114621 0.6722881 1.711766 -0.01329671 1.083843 1.738358 -0.04150502 1.416392 1.837674  O_Hello_SoClose
-0.084235 -0.008408904 1.635763 -0.1626994 0.08041394 1.654065 -0.355597 0.310141 1.719316 -0.4460639 0.6025765 1.681836 -0.02789669 0.08553493 1.684713 0.2370027 0.3029846 1.656577 0.4840321 0.4860374 1.632648 -0.1014141 0.2233754 1.67269 -0.2127625 0.6656474 1.669585 -0.2013813 1.069945 1.753184 -0.1829666 1.40897 1.826645 -0.03250746 0.671956 1.713969 -0.01308553 1.083622 1.737581 -0.04153023 1.41602 1.837334  O_Hello_SoClose
-0.08632462 -0.00918448 1.642731 -0.1646825 0.07986176 1.660394 -0.3577685 0.3102831 1.723544 -0.4475209 0.6029677 1.686292 -0.02987782 0.08503354 1.691024 0.2436748 0.2950126 1.663371 0.5029112 0.4610295 1.644949 -0.1032243 0.222876 1.678017 -0.2140289 0.6652511 1.671771 -0.2021856 1.069772 1.754218 -0.1834334 1.408796 1.827599 -0.03377251 0.671652 1.716136 -0.0129321 1.08339 1.737135 -0.04156206 1.415672 1.837218  O_Hello_SoClose
-0.09117185 -0.01060212 1.657788 -0.1692791 0.07898855 1.673722 -0.3625951 0.3109752 1.732133 -0.450583 0.6041669 1.694659 -0.03453605 0.08424342 1.704609 0.2546246 0.2783489 1.676705 0.5334595 0.4097328 1.667018 -0.1073928 0.2220819 1.689058 -0.2167172 0.664645 1.674963 -0.2037844 1.06951 1.755535 -0.1841941 1.408741 1.827732 -0.03655342 0.6712151 1.719678 -0.01319019 1.08302 1.736231 -0.04189698 1.415188 1.836673  O_Hello_SoClose
-0.09452687 -0.01143527 1.66784 -0.1724581 0.07851982 1.682535 -0.3658232 0.3115484 1.73774 -0.4527863 0.6050147 1.700025 -0.03776036 0.08384573 1.713606 0.2610157 0.2663631 1.685345 0.5503328 0.3730667 1.681568 -0.1102729 0.2216489 1.69624 -0.2185581 0.6642537 1.676546 -0.2048599 1.069305 1.756045 -0.1846749 1.408673 1.82743 -0.03846232 0.6709605 1.721513 -0.01344912 1.082771 1.735294 -0.04216323 1.414823 1.836117  O_Hello_SoClose
-0.09972517 -0.01243436 1.682626 -0.1773865 0.07805109 1.695363 -0.3705862 0.3126252 1.745838 -0.4564514 0.606359 1.707692 -0.0427445 0.08353865 1.726647 0.269606 0.2463835 1.696993 0.5709659 0.3117057 1.701421 -0.1147509 0.2212143 1.706401 -0.2214959 0.6637041 1.677752 -0.2065938 1.068953 1.756021 -0.1854747 1.408452 1.826507 -0.04148392 0.6706945 1.723011 -0.01398419 1.082458 1.732909 -0.04267542 1.414168 1.834856  O_Hello_SoClose
-0.1040981 -0.01299763 1.694549 -0.1815814 0.07786751 1.705549 -0.3740929 0.3137019 1.752374 -0.4602674 0.6073043 1.713915 -0.04696504 0.08363748 1.736892 0.276769 0.2253793 1.704964 0.5844176 0.2441366 1.715202 -0.1186539 0.2210748 1.714065 -0.2244218 0.6631966 1.677267 -0.2085233 1.068492 1.7551 -0.1866416 1.407992 1.825345 -0.04444889 0.6706269 1.722612 -0.01453845 1.082289 1.729189 -0.04315339 1.413402 1.833079  O_Hello_SoClose
-0.1057422 -0.01309597 1.69904 -0.1831799 0.07789743 1.709275 -0.3752759 0.314206 1.75472 -0.4618019 0.6077005 1.716226 -0.04859589 0.0838151 1.74073 0.279804 0.2149656 1.707868 0.5878837 0.2091453 1.720415 -0.1201705 0.2211243 1.7168 -0.2256127 0.663027 1.676595 -0.209398 1.068308 1.754432 -0.1872895 1.40778 1.824746 -0.04568724 0.6706804 1.72209 -0.01467733 1.082283 1.727151 -0.04322831 1.413049 1.832158  O_Hello_SoClose
-0.1071614 -0.01305807 1.702953 -0.1845798 0.07803524 1.712416 -0.3761673 0.3147632 1.756653 -0.4632087 0.6081136 1.718225 -0.0500469 0.08412182 1.744056 0.2827676 0.2035519 1.710299 0.5889519 0.1696846 1.724739 -0.1215259 0.2212871 1.71904 -0.226723 0.6629369 1.675549 -0.2102944 1.068178 1.753552 -0.1880507 1.407597 1.824077 -0.0468717 0.6708403 1.721294 -0.01472215 1.082371 1.724779 -0.04317616 1.412717 1.831128  O_Hello_SoClose
-0.1079147 -0.01284814 1.705795 -0.1853658 0.07829881 1.714437 -0.3765049 0.3152933 1.757668 -0.463812 0.6085994 1.719505 -0.0509579 0.08456206 1.74657 0.2859721 0.190774 1.712246 0.5865403 0.1236228 1.72818 -0.1223323 0.2215847 1.720496 -0.227339 0.6629831 1.67409 -0.2110494 1.068139 1.75256 -0.1889832 1.407468 1.823576 -0.04766844 0.671142 1.720495 -0.01448785 1.082603 1.722185 -0.04285393 1.412454 1.83008  O_Hello_SoClose
-0.1079347 -0.01262176 1.707075 -0.1854505 0.07853019 1.715061 -0.3763013 0.3156046 1.757701 -0.4636289 0.6089499 1.719886 -0.05119829 0.08493316 1.747812 0.2885167 0.1800035 1.713344 0.5811024 0.08394086 1.729773 -0.1224851 0.2218522 1.720965 -0.2273894 0.6630716 1.672663 -0.2114925 1.068128 1.751727 -0.1898161 1.407357 1.823335 -0.04794322 0.6714286 1.719894 -0.01406674 1.082836 1.720062 -0.04235534 1.412255 1.82929  O_Hello_SoClose
-0.1063298 -0.01234841 1.708038 -0.1839833 0.0787605 1.715127 -0.3747341 0.3157343 1.757091 -0.461275 0.6093231 1.719357 -0.05002705 0.08535016 1.749032 0.2922007 0.1671351 1.714396 0.5705928 0.03539705 1.73012 -0.1211834 0.2221469 1.721233 -0.2260057 0.6631641 1.670947 -0.2112964 1.068108 1.750813 -0.1907097 1.407232 1.823237 -0.04698519 0.6717787 1.719722 -0.01300405 1.083174 1.718006 -0.0415747 1.412094 1.828653  O_Hello_SoClose
-0.103894 -0.01210535 1.709065 -0.1816991 0.07894099 1.715237 -0.3725096 0.3157347 1.756499 -0.458014 0.6095995 1.718552 -0.04807202 0.08573437 1.750378 0.2957052 0.1551948 1.715464 0.5564018 -0.008960605 1.729418 -0.1190986 0.2224021 1.721628 -0.2238759 0.6632089 1.669441 -0.2106618 1.068084 1.749915 -0.1914269 1.407146 1.822995 -0.04532741 0.6721032 1.719868 -0.01167641 1.083514 1.71637 -0.04068808 1.411998 1.828193  O_Hello_SoClose
-0.100854 -0.0119735 1.711142 -0.1787957 0.07900906 1.716471 -0.3698951 0.3156153 1.756884 -0.4545296 0.6096249 1.718117 -0.04544137 0.08604276 1.752588 0.2989102 0.1466146 1.7162 0.5433722 -0.04106092 1.727185 -0.116391 0.2225531 1.722915 -0.2212256 0.6630986 1.668676 -0.2095871 1.068057 1.748976 -0.1917543 1.407202 1.822025 -0.04306732 0.6723239 1.720407 -0.01036046 1.083797 1.715538 -0.03999184 1.412035 1.827918  O_Hello_SoClose
-0.09718733 -0.01184285 1.713816 -0.1752761 0.07906306 1.718222 -0.3667834 0.3154532 1.757631 -0.4506579 0.6095353 1.717779 -0.04220341 0.0863961 1.755305 0.3022684 0.1372523 1.716562 0.5261943 -0.07468486 1.723212 -0.1130941 0.2227069 1.724593 -0.2180517 0.662917 1.667922 -0.2082367 1.067985 1.74791 -0.1920184 1.407242 1.820819 -0.0402954 0.6725552 1.720945 -0.008856518 1.084109 1.714709 -0.0392106 1.412093 1.827638  O_Hello_SoClose
-0.09153496 -0.01171863 1.718469 -0.1698147 0.07907176 1.721715 -0.3621339 0.3151543 1.759622 -0.445659 0.6090554 1.717752 -0.03702341 0.08689332 1.759696 0.3066269 0.1256542 1.715111 0.4999755 -0.1145902 1.713291 -0.1079352 0.222868 1.727574 -0.2132678 0.6625003 1.667233 -0.2060537 1.067769 1.746477 -0.1921108 1.407233 1.818892 -0.03591202 0.6728144 1.721456 -0.006863935 1.084522 1.713946 -0.03834681 1.412227 1.827376  O_Hello_SoClose
-0.0876749 -0.0116725 1.720373 -0.1660691 0.07903516 1.723134 -0.3588974 0.3149276 1.760064 -0.4421912 0.6086422 1.71646 -0.03336005 0.08715641 1.761339 0.3088984 0.118364 1.709855 0.4795537 -0.1383086 1.69984 -0.1043727 0.2229263 1.72858 -0.2101151 0.6622059 1.666416 -0.2045389 1.067528 1.745524 -0.1920088 1.407059 1.817877 -0.0328757 0.6729332 1.720938 -0.005675657 1.084769 1.713506 -0.03774254 1.412281 1.827327  O_Hello_SoClose
-0.08430235 -0.01163745 1.721812 -0.1627935 0.0789969 1.7242 -0.3560564 0.3147234 1.760291 -0.4391486 0.6082613 1.715141 -0.03013943 0.08737314 1.76254 0.3104842 0.1119914 1.704939 0.4599093 -0.1572673 1.688318 -0.1012525 0.222968 1.729278 -0.2073732 0.6619447 1.665636 -0.2031955 1.067296 1.744681 -0.1918689 1.406872 1.817022 -0.03021125 0.6730231 1.72034 -0.004646344 1.084967 1.713115 -0.03719245 1.412314 1.827276  O_Hello_SoClose
-0.081214 -0.01166511 1.720876 -0.1597893 0.07889605 1.723272 -0.3531724 0.3145069 1.758618 -0.4354313 0.6079614 1.711443 -0.02708839 0.08744466 1.761412 0.3109201 0.1055809 1.69477 0.4350097 -0.1755944 1.669342 -0.09838037 0.2229322 1.728096 -0.2050171 0.6617327 1.664101 -0.2019945 1.067004 1.743607 -0.1916473 1.406526 1.816349 -0.02778755 0.6730453 1.718537 -0.00407104 1.085124 1.71288 -0.03686283 1.412242 1.827625  O_Hello_SoClose
-0.07861762 -0.01170778 1.719542 -0.1572617 0.07879114 1.722027 -0.3506819 0.3143079 1.756757 -0.432098 0.6076999 1.707767 -0.02449958 0.08746886 1.759924 0.3107066 0.09999716 1.685237 0.4111954 -0.1897751 1.653012 -0.09596078 0.2228798 1.726659 -0.2030669 0.6615572 1.662606 -0.2009726 1.066734 1.74262 -0.191409 1.406186 1.815797 -0.02574919 0.673044 1.716718 -0.003645582 1.085232 1.712694 -0.03660093 1.412142 1.827984  O_Hello_SoClose
-0.0764138 -0.0118587 1.715373 -0.1551032 0.07858574 1.718365 -0.3481283 0.3140758 1.752553 -0.4279851 0.6074957 1.701219 -0.02217792 0.08728421 1.75568 0.3088317 0.09402883 1.669962 0.3772245 -0.2038959 1.629124 -0.09387325 0.2227054 1.722965 -0.2015432 0.6614218 1.660136 -0.2001223 1.066332 1.741505 -0.1910996 1.405558 1.815786 -0.02399187 0.6729307 1.713471 -0.003653331 1.085228 1.712801 -0.03638635 1.412018 1.828495  O_Hello_SoClose
-0.07448666 -0.01212859 1.709253 -0.1531975 0.07826781 1.713024 -0.3454365 0.3137895 1.746619 -0.423308 0.6072651 1.692624 -0.0200433 0.0869137 1.749527 0.305274 0.0877049 1.650912 0.3321589 -0.2156463 1.602335 -0.09200661 0.222402 1.717691 -0.2002746 0.661261 1.656918 -0.199307 1.065772 1.740254 -0.1906117 1.404657 1.816116 -0.0223953 0.6726886 1.709167 -0.003938122 1.085055 1.713303 -0.03617231 1.411885 1.829022  O_Hello_SoClose
-0.07387953 -0.01234627 1.705204 -0.1525799 0.07803535 1.709508 -0.3441456 0.3136253 1.742761 -0.4208721 0.6071455 1.687385 -0.01927905 0.0866046 1.74549 0.3026144 0.08473516 1.639727 0.3039919 -0.2193043 1.588127 -0.09137933 0.2221625 1.714265 -0.19992 0.6611559 1.654968 -0.1989726 1.065394 1.739616 -0.1902459 1.404045 1.816513 -0.02183066 0.6724728 1.70652 -0.004293306 1.084833 1.713919 -0.03609059 1.411845 1.829245  O_Hello_SoClose
-0.07359521 -0.0127238 1.700132 -0.1522523 0.07766187 1.705093 -0.3427546 0.313411 1.738087 -0.4183778 0.6070263 1.681708 -0.01876287 0.0861063 1.740399 0.2988529 0.08176053 1.626053 0.2643681 -0.2199506 1.572336 -0.09099631 0.221763 1.709921 -0.1997507 0.6609377 1.652382 -0.1985614 1.064828 1.73867 -0.189548 1.403183 1.816828 -0.0213912 0.6720787 1.703031 -0.004976554 1.084378 1.714993 -0.03623949 1.411757 1.829419  O_Hello_SoClose
-0.07365905 -0.01311159 1.695918 -0.152261 0.07729101 1.701418 -0.341748 0.3132133 1.7343 -0.4166456 0.6069394 1.67753 -0.01861338 0.08561504 1.736149 0.2954205 0.07973874 1.614923 0.2291423 -0.2166346 1.56131 -0.09093265 0.2213604 1.706275 -0.1997839 0.6606925 1.650138 -0.1982275 1.06429 1.737782 -0.1888231 1.402397 1.81696 -0.02119766 0.6716651 1.700019 -0.005680962 1.083861 1.716055 -0.03647492 1.411627 1.829496  O_Hello_SoClose
-0.07411836 -0.01351881 1.693999 -0.1526525 0.0769254 1.699777 -0.3412836 0.3130707 1.733325 -0.4161349 0.6070559 1.677851 -0.01888083 0.08517575 1.734045 0.2928786 0.07923269 1.608044 0.2006503 -0.2101984 1.554864 -0.09123056 0.2209617 1.704429 -0.2000408 0.6603552 1.648696 -0.1979146 1.063803 1.737012 -0.1879512 1.401789 1.816637 -0.02127687 0.6712294 1.697959 -0.006346328 1.083333 1.716704 -0.03687183 1.411459 1.829174  O_Hello_SoClose
-0.07453053 -0.01388836 1.692299 -0.1530043 0.07659233 1.69832 -0.3408828 0.3129308 1.732448 -0.4156602 0.6071485 1.678117 -0.01912527 0.08477819 1.732182 0.2905518 0.07876468 1.602029 0.1760608 -0.2028891 1.550382 -0.09150104 0.2205995 1.702793 -0.200274 0.6600469 1.647413 -0.1976445 1.063363 1.736317 -0.1871892 1.401242 1.816331 -0.02135615 0.6708348 1.696132 -0.006923599 1.082841 1.717258 -0.0371835 1.411279 1.828885  O_Hello_SoClose
-0.07519828 -0.01429236 1.69243 -0.1536192 0.07622898 1.69853 -0.3408055 0.312784 1.733911 -0.4158718 0.6073349 1.681831 -0.0196381 0.08441913 1.731985 0.2883551 0.07910979 1.598073 0.1537288 -0.1936177 1.547085 -0.0920475 0.2202194 1.702582 -0.2008132 0.6596161 1.646788 -0.1975588 1.062883 1.735895 -0.1865123 1.400727 1.815978 -0.02174894 0.6704154 1.694963 -0.007489366 1.082351 1.717522 -0.0375285 1.410986 1.828628  O_Hello_SoClose
-0.07623242 -0.01488674 1.693095 -0.1545821 0.07569134 1.699267 -0.3407775 0.3125538 1.73658 -0.4162771 0.6075844 1.687957 -0.02045803 0.08390796 1.732138 0.2851082 0.0797683 1.592955 0.1232563 -0.178161 1.544161 -0.09292255 0.2196614 1.702654 -0.2017032 0.658954 1.646074 -0.1975142 1.062172 1.735362 -0.1855912 1.399985 1.815449 -0.02243326 0.6697984 1.693469 -0.008299036 1.081637 1.717814 -0.03799794 1.410522 1.828269  O_Hello_SoClose
-0.0778008 -0.01558673 1.696892 -0.1561206 0.07502532 1.702944 -0.3412702 0.3121936 1.743045 -0.4179198 0.6076436 1.698981 -0.0218365 0.08342385 1.735107 0.2812388 0.0815537 1.590198 0.09323074 -0.1580631 1.541813 -0.09444742 0.2190113 1.705223 -0.2035121 0.6579822 1.646726 -0.1979904 1.06129 1.735534 -0.1848584 1.399189 1.81507 -0.02401118 0.6690891 1.693176 -0.009184642 1.08088 1.71792 -0.03832559 1.409887 1.828159  O_Hello_SoClose
-0.07870112 -0.01597703 1.699601 -0.1570292 0.07463491 1.705545 -0.3415903 0.3119452 1.747117 -0.4190327 0.60754 1.705477 -0.02266608 0.08317649 1.737339 0.2790392 0.08262539 1.58943 0.07823355 -0.1464542 1.541429 -0.0953884 0.2186435 1.707181 -0.204717 0.6573863 1.647477 -0.1983857 1.060776 1.735859 -0.1845302 1.398747 1.814962 -0.02510176 0.668696 1.693434 -0.009704215 1.080479 1.717952 -0.03845672 1.409562 1.828069  O_Hello_SoClose
-0.08043651 -0.0167017 1.705463 -0.1588269 0.073874 1.711132 -0.3422265 0.311412 1.755129 -0.421365 0.6071258 1.717741 -0.02434395 0.08274937 1.742322 0.2748218 0.084517 1.58927 0.05330719 -0.1248583 1.54239 -0.09731834 0.2179478 1.711573 -0.2073101 0.6561872 1.64944 -0.1993843 1.059762 1.736843 -0.1841211 1.397892 1.815003 -0.02752064 0.6679659 1.69459 -0.01074801 1.079767 1.717868 -0.03866861 1.408952 1.827895  O_Hello_SoClose
-0.08236353 -0.01745987 1.690144 -0.1607431 0.07311833 1.695922 -0.3436995 0.310678 1.737971 -0.4213475 0.606609 1.6992 -0.0265836 0.08156586 1.728589 0.2740671 0.07375479 1.583588 0.06622894 -0.1510704 1.546692 -0.09913878 0.2171295 1.698462 -0.2081668 0.6560675 1.639649 -0.2007978 1.058583 1.731851 -0.1861513 1.395725 1.814284 -0.02884547 0.6672392 1.686772 -0.01054166 1.078955 1.710405 -0.03867273 1.405917 1.82682  O_Hello_SoClose
-0.08328067 -0.01727617 1.686177 -0.1616206 0.07333493 1.691975 -0.3453079 0.3107795 1.732352 -0.4212152 0.6067246 1.690374 -0.02757071 0.08158684 1.725138 0.2750466 0.07024562 1.585211 0.08451386 -0.1695271 1.549006 -0.09993128 0.217296 1.695199 -0.2084653 0.6564954 1.637434 -0.201377 1.058837 1.730416 -0.1870519 1.395798 1.813639 -0.02930264 0.6673943 1.68522 -0.01074873 1.079042 1.70983 -0.03880594 1.405855 1.826679  O_Hello_SoClose
-0.08394252 -0.01715004 1.684274 -0.1622561 0.07348418 1.690067 -0.3464417 0.3108566 1.729277 -0.4211648 0.606783 1.685101 -0.02826844 0.0816251 1.723508 0.2755565 0.06791508 1.586949 0.09756543 -0.1813618 1.551108 -0.1005133 0.2174139 1.69365 -0.2087505 0.6567534 1.636397 -0.2018052 1.059031 1.729668 -0.1876589 1.395916 1.813226 -0.02967791 0.6674983 1.684554 -0.01091127 1.079112 1.709563 -0.03888635 1.405877 1.826567  O_Hello_SoClose
-0.08474378 -0.01699543 1.683397 -0.163021 0.0736717 1.689166 -0.3478726 0.3109658 1.726841 -0.4212176 0.6067895 1.679764 -0.02908234 0.08170891 1.722827 0.2761082 0.06495881 1.590413 0.1159872 -0.1959679 1.553225 -0.101212 0.2175664 1.693004 -0.2091386 0.6570225 1.63606 -0.2023534 1.059327 1.729226 -0.1884173 1.396214 1.81281 -0.03013699 0.6676249 1.684511 -0.01103549 1.079234 1.709339 -0.03890739 1.405998 1.826371  O_Hello_SoClose
-0.08517157 -0.01686299 1.683339 -0.1634096 0.073838 1.689107 -0.3488485 0.3110704 1.725511 -0.4211996 0.6067501 1.676049 -0.02949576 0.08178544 1.722888 0.2766294 0.06238699 1.593842 0.1340782 -0.2083375 1.555218 -0.1015338 0.2176996 1.693102 -0.209198 0.6572497 1.636386 -0.2026747 1.059618 1.729292 -0.1890231 1.396548 1.812755 -0.03023265 0.6677296 1.684997 -0.01091556 1.079364 1.709238 -0.0388218 1.406098 1.826344  O_Hello_SoClose
-0.08531068 -0.01675951 1.68385 -0.1635105 0.07397354 1.689633 -0.3494395 0.3111616 1.725045 -0.4211461 0.6066799 1.673717 -0.02960299 0.08184791 1.723457 0.277112 0.06027639 1.596983 0.1506097 -0.2180934 1.556835 -0.1015727 0.2178063 1.693707 -0.2090274 0.6574274 1.637145 -0.2028168 1.05988 1.729706 -0.1894792 1.396876 1.812954 -0.03007154 0.6678082 1.685813 -0.01063798 1.079485 1.70923 -0.03866987 1.406172 1.826438  O_Hello_SoClose
-0.08517431 -0.01666117 1.684818 -0.1633273 0.07410991 1.690639 -0.3497933 0.3112578 1.725177 -0.4210236 0.6065968 1.672181 -0.02941303 0.08190441 1.724454 0.2777863 0.0581454 1.600503 0.1699076 -0.2277285 1.558756 -0.1013157 0.2179096 1.694756 -0.2085503 0.6576045 1.63835 -0.2028045 1.060172 1.730444 -0.1899065 1.397263 1.813372 -0.02958523 0.6678776 1.687007 -0.01012324 1.079624 1.709142 -0.0384383 1.40621 1.826561  O_Hello_SoClose
-0.08472024 -0.01658857 1.686174 -0.1628247 0.07422054 1.69205 -0.3497846 0.3113443 1.726035 -0.4208539 0.606519 1.671918 -0.02888886 0.08194244 1.725797 0.2786039 0.05640006 1.603814 0.1888213 -0.2354165 1.56038 -0.1007389 0.2179885 1.696159 -0.2077828 0.6577465 1.639882 -0.202602 1.060442 1.731447 -0.1902151 1.397648 1.813984 -0.02878712 0.6679218 1.688447 -0.009414298 1.079755 1.708976 -0.03815107 1.406194 1.826703  O_Hello_SoClose
-0.08417098 -0.01652443 1.687808 -0.1622225 0.07432687 1.693737 -0.3497333 0.311426 1.727263 -0.4207512 0.606437 1.672195 -0.02826212 0.08197415 1.727403 0.2795685 0.05462205 1.607588 0.2099824 -0.2424408 1.56269 -0.1000563 0.2180609 1.697816 -0.2068955 0.6578798 1.641628 -0.2023393 1.060723 1.732574 -0.1905134 1.398063 1.814644 -0.02786492 0.6679553 1.690085 -0.008610887 1.079882 1.70877 -0.03783445 1.406142 1.826874  O_Hello_SoClose
-0.08233802 -0.01646471 1.693789 -0.1602588 0.0745002 1.699697 -0.3493048 0.311574 1.733468 -0.4215049 0.606319 1.678514 -0.02624194 0.08201373 1.733168 0.2832653 0.05137563 1.619897 0.2683643 -0.2529744 1.572426 -0.09789304 0.2181557 1.703488 -0.2042161 0.6580392 1.646827 -0.2012394 1.061363 1.735687 -0.1907971 1.399149 1.816091 -0.02510564 0.667941 1.695024 -0.006253703 1.080102 1.70812 -0.03695367 1.405767 1.827482  O_Hello_SoClose
-0.08132248 -0.01652396 1.700389 -0.159149 0.07454205 1.70597 -0.3494712 0.3116354 1.740738 -0.4233953 0.606261 1.68746 -0.02514635 0.08201265 1.739507 0.2877145 0.04994237 1.635421 0.3226534 -0.2530746 1.589986 -0.09663115 0.2181412 1.709369 -0.2024428 0.6579657 1.651311 -0.2002745 1.061772 1.737975 -0.1905458 1.400001 1.816589 -0.02335362 0.6678203 1.699596 -0.004352136 1.080105 1.7076 -0.03617279 1.405386 1.827715  O_Hello_SoClose
-0.08121006 -0.01659918 1.704279 -0.1589895 0.07452273 1.709599 -0.3499407 0.3116329 1.745134 -0.4249844 0.6062093 1.693166 -0.02501319 0.0819869 1.743243 0.2903696 0.04974389 1.645758 0.3529516 -0.2492831 1.603677 -0.09639244 0.2180929 1.712754 -0.201899 0.6578552 1.653677 -0.1998733 1.061925 1.739106 -0.190281 1.40039 1.816715 -0.02284835 0.6677087 1.702106 -0.00343184 1.08002 1.707219 -0.03575806 1.405175 1.827541  O_Hello_SoClose
-0.08185242 -0.01673114 1.708168 -0.159583 0.07444501 1.713267 -0.3510003 0.3115666 1.749994 -0.4274767 0.6060606 1.699674 -0.02562724 0.08189225 1.746996 0.2933527 0.05054724 1.6586 0.3846391 -0.2418022 1.622503 -0.09690522 0.2179846 1.716211 -0.2021137 0.6577011 1.656268 -0.1998421 1.062073 1.740248 -0.1901412 1.400713 1.817079 -0.02309315 0.667538 1.704811 -0.002837164 1.079835 1.706839 -0.03563337 1.404999 1.827008  O_Hello_SoClose
-0.08286111 -0.01694727 1.711678 -0.1605411 0.07427394 1.716742 -0.3521867 0.3113863 1.754996 -0.4300528 0.6057819 1.706255 -0.02657519 0.08166599 1.750444 0.2962049 0.05190516 1.672581 0.4166592 -0.2306578 1.645134 -0.0977845 0.2177808 1.719599 -0.202764 0.6575227 1.659442 -0.1995513 1.062585 1.739994 -0.1898144 1.401068 1.817507 -0.02372943 0.6672877 1.707947 -0.002379937 1.079533 1.706715 -0.03558997 1.404786 1.82653  O_Hello_SoClose
-0.08380406 -0.01715708 1.713699 -0.1614511 0.07408535 1.718885 -0.3530491 0.3111885 1.758275 -0.431673 0.6055307 1.710437 -0.02745949 0.08140957 1.752498 0.2979028 0.05325305 1.682528 0.4379098 -0.2208011 1.662612 -0.09864645 0.2175699 1.721803 -0.2035262 0.6573897 1.662042 -0.1990455 1.063278 1.738258 -0.1893917 1.401316 1.817701 -0.02445476 0.6670616 1.710431 -0.002194149 1.079245 1.706896 -0.03564171 1.404621 1.826309  O_Hello_SoClose
-0.08606724 -0.01761186 1.715337 -0.1636857 0.07361543 1.721177 -0.3543641 0.3107944 1.761529 -0.432461 0.6052828 1.713727 -0.0296279 0.08072841 1.754571 0.2997815 0.05741155 1.696613 0.4684025 -0.2007221 1.690417 -0.1008465 0.2170697 1.724766 -0.2057528 0.6572327 1.667637 -0.1976122 1.065193 1.731486 -0.1881075 1.401543 1.817811 -0.02658628 0.666603 1.715732 -0.002422197 1.078634 1.708652 -0.03602032 1.404463 1.826779  O_Hello_SoClose
-0.0870332 -0.0177381 1.715721 -0.1646526 0.07346988 1.721845 -0.3547499 0.3107321 1.762 -0.4320621 0.60535 1.713724 -0.03058104 0.0804956 1.755202 0.3002459 0.05975795 1.700888 0.4778441 -0.1923565 1.699647 -0.1018172 0.2169158 1.725803 -0.2067635 0.657231 1.669933 -0.1977436 1.065539 1.731398 -0.1877676 1.401698 1.818412 -0.02757715 0.6664753 1.717979 -0.002635999 1.07844 1.70984 -0.03623692 1.404549 1.827196  O_Hello_SoClose
-0.08795719 -0.01779616 1.71638 -0.1655923 0.07338798 1.722657 -0.3550346 0.3107818 1.762021 -0.4312551 0.6055359 1.712847 -0.03153537 0.08036554 1.756084 0.3005714 0.06254542 1.704152 0.4844161 -0.1850402 1.706781 -0.1027793 0.2168349 1.726932 -0.2077668 0.657247 1.671912 -0.1984754 1.065498 1.733717 -0.1876102 1.402082 1.818962 -0.02860145 0.6664199 1.720048 -0.003053946 1.078338 1.711413 -0.03670929 1.404831 1.827676  O_Hello_SoClose
-0.08853965 -0.01774967 1.717452 -0.1662013 0.07341421 1.723693 -0.3552035 0.3109117 1.762226 -0.4306259 0.6057431 1.712292 -0.0321723 0.08041441 1.757227 0.3007727 0.06489909 1.70606 0.4869584 -0.1809013 1.7107 -0.1034257 0.2168748 1.728057 -0.2084746 0.6572773 1.673077 -0.1994979 1.065001 1.738312 -0.1874909 1.402549 1.819495 -0.02934919 0.6664793 1.721357 -0.003596229 1.07839 1.713013 -0.03726033 1.405369 1.827903  O_Hello_SoClose
-0.08882682 -0.01762462 1.71829 -0.166521 0.07351589 1.724468 -0.3552365 0.3110654 1.762341 -0.4300499 0.6059492 1.711803 -0.03251819 0.08056021 1.758096 0.300981 0.06681824 1.706991 0.4877003 -0.178553 1.712755 -0.1037928 0.2169962 1.728864 -0.208938 0.6573616 1.67377 -0.2008345 1.064214 1.744342 -0.1878013 1.402935 1.820316 -0.02984999 0.666623 1.722177 -0.00410877 1.078547 1.714491 -0.03776024 1.406007 1.828005  O_Hello_SoClose
-0.08885209 -0.01749325 1.718669 -0.1665711 0.07362914 1.7248 -0.3551795 0.311183 1.762346 -0.4296881 0.6060899 1.711495 -0.03258364 0.08071208 1.758481 0.3011392 0.0678544 1.707072 0.4873284 -0.1779121 1.71314 -0.10388 0.2171257 1.729198 -0.2091111 0.657456 1.673988 -0.2019132 1.063504 1.74914 -0.1882756 1.403087 1.821049 -0.03004496 0.6667695 1.722465 -0.0044239 1.078713 1.715399 -0.03805677 1.406485 1.828012  O_Hello_SoClose
-0.08866023 -0.01731682 1.718297 -0.1664182 0.07377124 1.724446 -0.3550172 0.3112553 1.761902 -0.4292625 0.6061813 1.710776 -0.03243951 0.08089852 1.758153 0.3013089 0.06848812 1.706154 0.4855394 -0.1787553 1.711999 -0.1037875 0.2172923 1.728903 -0.2091924 0.6575974 1.673823 -0.2025206 1.06318 1.751493 -0.1886162 1.403186 1.821328 -0.03013848 0.666969 1.722335 -0.004865332 1.078952 1.716459 -0.03852503 1.406931 1.828463  O_Hello_SoClose
-0.08807866 -0.01706314 1.716819 -0.1658965 0.07396674 1.723069 -0.3546214 0.311286 1.760687 -0.4287095 0.6061842 1.709175 -0.03191869 0.0811491 1.756767 0.3015909 0.06852555 1.703988 0.4819005 -0.1816113 1.708925 -0.1033609 0.217525 1.727664 -0.2090653 0.6578155 1.673044 -0.2026514 1.063257 1.751474 -0.1888435 1.403286 1.821211 -0.03001199 0.6672571 1.721545 -0.005359216 1.0793 1.717512 -0.03906248 1.407315 1.829397  O_Hello_SoClose
-0.08718662 -0.01680768 1.714618 -0.1650643 0.07416081 1.721018 -0.3540174 0.3112849 1.758929 -0.4281982 0.6060628 1.706864 -0.03107904 0.08138931 1.754678 0.3019961 0.0678122 1.701497 0.4778483 -0.1854995 1.705172 -0.1026249 0.2177553 1.725783 -0.2086497 0.6580462 1.671791 -0.2023904 1.063543 1.749944 -0.1889776 1.403327 1.820941 -0.02958505 0.6675451 1.720239 -0.005544527 1.079637 1.71783 -0.03923992 1.407445 1.830323  O_Hello_SoClose
-0.08625011 -0.01658607 1.712777 -0.1641739 0.07433772 1.719248 -0.3533682 0.3113241 1.757249 -0.4278831 0.6059152 1.704608 -0.03018622 0.08161497 1.752887 0.3024817 0.06712294 1.69928 0.4744974 -0.1888254 1.701589 -0.1018082 0.2179618 1.72409 -0.2080717 0.658231 1.670392 -0.2022664 1.063553 1.749483 -0.1891528 1.403294 1.820743 -0.02900319 0.6677927 1.718813 -0.005324883 1.079909 1.71706 -0.03892873 1.407458 1.830333  O_Hello_SoClose
-0.08481662 -0.01625383 1.710079 -0.1628076 0.07460654 1.716633 -0.3523743 0.3113968 1.754715 -0.4274563 0.6056865 1.701201 -0.02881889 0.08195937 1.750252 0.3032223 0.06608522 1.695971 0.4694358 -0.193679 1.696139 -0.1005491 0.2182736 1.721571 -0.2071544 0.6585029 1.668223 -0.2020892 1.063513 1.748942 -0.189408 1.40322 1.820445 -0.02808378 0.6681633 1.716616 -0.004896147 1.08031 1.715625 -0.03834431 1.407445 1.83013  O_Hello_SoClose
-0.0836731 -0.01600957 1.708455 -0.1617165 0.07481253 1.714913 -0.3516456 0.311487 1.752745 -0.4273279 0.6055329 1.698739 -0.02775757 0.08224869 1.748632 0.3037136 0.06527066 1.693214 0.4646954 -0.1977599 1.691179 -0.09953688 0.2185141 1.719842 -0.2063309 0.6586666 1.666238 -0.2016381 1.063622 1.747257 -0.189446 1.403101 1.819912 -0.02730255 0.6684395 1.714765 -0.004346354 1.080599 1.713649 -0.03777615 1.407271 1.829475  O_Hello_SoClose
-0.08208649 -0.01567197 1.70627 -0.1602036 0.07509875 1.712557 -0.3506546 0.3116181 1.749958 -0.4271985 0.6053264 1.695333 -0.02629237 0.08265948 1.746437 0.3043041 0.06413639 1.689105 0.4573925 -0.203519 1.683737 -0.09813415 0.2188494 1.717447 -0.2051792 0.6588807 1.663352 -0.2008049 1.063918 1.743977 -0.1894205 1.402908 1.819009 -0.02621893 0.6688228 1.712096 -0.003590984 1.081 1.710785 -0.03699557 1.407005 1.828482  O_Hello_SoClose
-0.08079742 -0.01540911 1.704798 -0.1589795 0.07532716 1.710769 -0.3499456 0.3117486 1.747451 -0.4273057 0.6052023 1.692607 -0.02513699 0.08302987 1.744888 0.304435 0.0631988 1.684359 0.4486789 -0.2092172 1.675 -0.09700386 0.2191231 1.715508 -0.204205 0.6589896 1.660391 -0.1991747 1.064799 1.736995 -0.1890474 1.402564 1.81753 -0.02534286 0.6691281 1.709453 -0.00301568 1.081321 1.707895 -0.03649263 1.406697 1.827298  O_Hello_SoClose
-0.07944743 -0.0150466 1.703683 -0.1576908 0.07566226 1.709252 -0.3491788 0.3120227 1.744952 -0.427338 0.6052966 1.690281 -0.02391843 0.083534 1.743606 0.3041811 0.0622313 1.678267 0.4364239 -0.2159891 1.663786 -0.09580348 0.2195054 1.713712 -0.2031404 0.6591578 1.657169 -0.1980912 1.065221 1.732415 -0.1889673 1.402202 1.816284 -0.02437864 0.6695316 1.706547 -0.002481265 1.081748 1.705236 -0.03597526 1.406575 1.826122  O_Hello_SoClose
-0.07864468 -0.01478052 1.70329 -0.1569201 0.07591772 1.708575 -0.3487061 0.3122677 1.743549 -0.4273004 0.6054919 1.689234 -0.02318804 0.08390224 1.743061 0.3037391 0.06164718 1.673948 0.4270304 -0.2204518 1.655951 -0.09507881 0.219788 1.712792 -0.2024786 0.659286 1.655179 -0.1978532 1.065166 1.731433 -0.1890702 1.402043 1.815757 -0.02377461 0.6698182 1.704732 -0.002206607 1.082053 1.70389 -0.03568522 1.406625 1.825463  O_Hello_SoClose
-0.07831691 -0.01355338 1.702952 -0.1565315 0.07723343 1.707578 -0.3481447 0.3140393 1.739464 -0.4262533 0.6076444 1.686525 -0.02275787 0.08541751 1.741855 0.2967794 0.0586611 1.652089 0.3671591 -0.2397778 1.619144 -0.09459834 0.2210951 1.710551 -0.2017926 0.6601729 1.649457 -0.1993196 1.063888 1.736537 -0.1893062 1.402037 1.815461 -0.02302937 0.6710002 1.698732 -0.003402693 1.08329 1.704657 -0.03557764 1.407863 1.826581  O_Hello_SoClose
-0.07892965 -0.01331663 1.701467 -0.157083 0.07752287 1.70609 -0.3482509 0.3145219 1.737393 -0.4255104 0.6083741 1.684579 -0.02330683 0.08561528 1.740378 0.294302 0.05808485 1.645782 0.3477135 -0.243456 1.609387 -0.0950527 0.2213426 1.709073 -0.2019442 0.660495 1.647985 -0.1992653 1.064067 1.735717 -0.1890567 1.40209 1.815156 -0.02317785 0.6711994 1.697275 -0.003864033 1.083477 1.704864 -0.03550164 1.408011 1.827031  O_Hello_SoClose
-0.07969068 -0.01307523 1.699313 -0.1577705 0.07782638 1.703958 -0.3483707 0.3150403 1.734678 -0.424562 0.6091986 1.682017 -0.02400242 0.08578587 1.73831 0.2914332 0.05751407 1.638553 0.3248823 -0.246454 1.598692 -0.09562181 0.2215924 1.707059 -0.2021216 0.6608719 1.6462 -0.1991424 1.064339 1.734405 -0.1887622 1.402143 1.814745 -0.02336769 0.6713967 1.695574 -0.004322572 1.083652 1.704856 -0.03536175 1.40809 1.827432  O_Hello_SoClose
-0.0809698 -0.01296091 1.694136 -0.1589844 0.07799339 1.698845 -0.3487111 0.3153762 1.729165 -0.4233954 0.6099988 1.676942 -0.02531712 0.08571899 1.733639 0.2878914 0.05724943 1.628486 0.2929089 -0.2479903 1.584805 -0.09672038 0.2216934 1.702623 -0.2026468 0.6612692 1.642915 -0.1972482 1.0663 1.723509 -0.1877909 1.401886 1.812763 -0.0240386 0.6714698 1.692881 -0.004738612 1.083692 1.703089 -0.03528867 1.407722 1.826857  O_Hello_SoClose
-0.08162986 -0.01288402 1.690713 -0.1596289 0.07808208 1.695453 -0.3488193 0.3155124 1.725615 -0.4227645 0.610373 1.673683 -0.02604179 0.08568585 1.730581 0.286009 0.0573566 1.622573 0.2732383 -0.2474384 1.577391 -0.09733205 0.2217542 1.699718 -0.2029893 0.6615013 1.640798 -0.1964786 1.067154 1.718118 -0.1874093 1.401573 1.811687 -0.02449648 0.6715308 1.691209 -0.004905684 1.083729 1.701799 -0.03534357 1.407447 1.826411  O_Hello_SoClose
-0.08301453 -0.01268089 1.681654 -0.1610637 0.07824028 1.686431 -0.3487712 0.3156221 1.716181 -0.4215534 0.6109332 1.665175 -0.02773659 0.08563077 1.722576 0.2817153 0.05857337 1.607768 0.2183266 -0.2397493 1.562053 -0.09882765 0.2218902 1.692099 -0.2041406 0.6620024 1.635329 -0.195781 1.0684 1.708446 -0.1872042 1.400649 1.809493 -0.02602027 0.671724 1.6871 -0.00518672 1.083847 1.698233 -0.03579734 1.406753 1.824893  O_Hello_SoClose
-0.08366494 -0.01258767 1.678414 -0.1617772 0.07828093 1.68316 -0.3486151 0.3156056 1.712436 -0.4214003 0.6110445 1.66218 -0.02857725 0.08564651 1.719777 0.2793394 0.05960798 1.600967 0.1859179 -0.2311068 1.557818 -0.09963541 0.2219476 1.68941 -0.2049843 0.6621507 1.633417 -0.1962747 1.068441 1.707086 -0.1874538 1.400406 1.809045 -0.02704565 0.67183 1.685816 -0.005439682 1.083908 1.697163 -0.03621088 1.406642 1.824221  O_Hello_SoClose
-0.08427088 -0.01252568 1.677675 -0.1624284 0.07830739 1.682353 -0.3484823 0.3156377 1.711022 -0.4216125 0.6111478 1.661694 -0.02929865 0.08569634 1.71922 0.2769907 0.06049454 1.596475 0.1574293 -0.2210952 1.557531 -0.1003563 0.2219938 1.688836 -0.2057808 0.6622008 1.633015 -0.197321 1.068011 1.709312 -0.1878447 1.400545 1.809338 -0.02794222 0.6719084 1.685748 -0.005822284 1.083952 1.697324 -0.03666965 1.406773 1.824142  O_Hello_SoClose
-0.08494167 -0.01246142 1.679986 -0.163076 0.07839584 1.684584 -0.3485273 0.3159053 1.712587 -0.4222503 0.6114299 1.664239 -0.02992134 0.08580804 1.721355 0.2746601 0.06092525 1.595033 0.1373134 -0.2129438 1.559876 -0.1009679 0.2220776 1.69082 -0.2063297 0.6622275 1.634433 -0.1988904 1.067006 1.716124 -0.1882329 1.401118 1.81062 -0.02845554 0.6719711 1.687039 -0.006359978 1.084004 1.699034 -0.03690718 1.407275 1.824774  O_Hello_SoClose
-0.08543788 -0.01242077 1.681732 -0.1635511 0.07845724 1.686278 -0.3486015 0.3161008 1.713819 -0.4226253 0.6116636 1.666168 -0.03037123 0.08588374 1.722956 0.2729854 0.06120276 1.594186 0.1241779 -0.2069792 1.56195 -0.1014103 0.2221334 1.692315 -0.2067206 0.6622412 1.635504 -0.1999449 1.066283 1.720821 -0.1885127 1.401432 1.811475 -0.02881066 0.6720079 1.687985 -0.006756647 1.084034 1.700289 -0.03704784 1.407652 1.825196  O_Hello_SoClose
-0.08629285 -0.01237059 1.685053 -0.1643442 0.07856226 1.689564 -0.348968 0.3164676 1.71648 -0.4231212 0.6121455 1.669752 -0.03107922 0.08599639 1.72593 0.2706062 0.06152058 1.594019 0.1101917 -0.2002583 1.564978 -0.1021086 0.2222162 1.695134 -0.2072949 0.6622531 1.63755 -0.2011314 1.0654 1.727043 -0.1886146 1.40184 1.812632 -0.0292636 0.672038 1.689614 -0.007428451 1.084059 1.70247 -0.03707592 1.408381 1.825694  O_Hello_SoClose
-0.08699004 -0.01234031 1.687462 -0.1649921 0.07863569 1.691955 -0.3493342 0.3167338 1.718461 -0.4233975 0.6125454 1.672444 -0.03166256 0.08606827 1.728083 0.2687995 0.06177258 1.593938 0.1003848 -0.1951929 1.5673 -0.1026816 0.22227 1.697184 -0.2077635 0.6622601 1.639054 -0.2018455 1.064864 1.730977 -0.1886345 1.402075 1.813367 -0.02964018 0.6720485 1.690802 -0.007973952 1.084063 1.704151 -0.03715299 1.408914 1.826086  O_Hello_SoClose
-0.08773707 -0.0123409 1.689239 -0.1656894 0.07867706 1.693743 -0.3499076 0.3169311 1.720089 -0.4234703 0.6129654 1.674704 -0.0323032 0.08608806 1.729666 0.2673296 0.06205094 1.593982 0.09377666 -0.1915966 1.568551 -0.1033034 0.2222878 1.698714 -0.2082632 0.6622603 1.640232 -0.2019552 1.064865 1.732123 -0.1882658 1.40226 1.813679 -0.03005902 0.672024 1.691705 -0.008555217 1.084025 1.7057 -0.03738658 1.409337 1.826484  O_Hello_SoClose
-0.08839856 -0.01234174 1.690811 -0.1663068 0.07871366 1.695323 -0.3504155 0.3171053 1.721527 -0.4235415 0.6133332 1.676704 -0.03287069 0.08610511 1.731064 0.2660131 0.06229329 1.594022 0.08797319 -0.1883416 1.569768 -0.1038542 0.222303 1.700067 -0.2087059 0.6622597 1.641273 -0.2020522 1.064866 1.733136 -0.1879486 1.402421 1.813951 -0.0304306 0.6720009 1.692503 -0.009067936 1.08399 1.70707 -0.03758661 1.409706 1.826834  O_Hello_SoClose
-0.08943139 -0.01233423 1.691813 -0.1672765 0.07877231 1.696385 -0.3513753 0.3172967 1.722566 -0.4230066 0.6139352 1.678044 -0.03380309 0.0860821 1.732003 0.2646712 0.06285977 1.593997 0.08274074 -0.1849781 1.569871 -0.1047267 0.2223219 1.701053 -0.2093472 0.6623388 1.642297 -0.2020692 1.065096 1.733449 -0.1874972 1.402634 1.814253 -0.0310189 0.6719712 1.693363 -0.009761376 1.083926 1.709007 -0.03808497 1.410137 1.827463  O_Hello_SoClose
-0.0903521 -0.01232457 1.692445 -0.168142 0.07882595 1.697077 -0.3522606 0.3174537 1.723273 -0.4224203 0.6144764 1.678971 -0.03464268 0.08605373 1.732615 0.2636006 0.06340051 1.593959 0.07877542 -0.1822704 1.569671 -0.1055068 0.2223389 1.701727 -0.2099102 0.6624244 1.6431 -0.2020625 1.06534 1.7335 -0.1870911 1.402814 1.814501 -0.03154526 0.6719469 1.694059 -0.01036005 1.083867 1.710695 -0.03854702 1.410491 1.828039  O_Hello_SoClose
-0.09134082 -0.01226676 1.691263 -0.1690744 0.07892489 1.696028 -0.353303 0.3175652 1.722331 -0.4214607 0.6150158 1.677776 -0.03559111 0.08599639 1.731658 0.2629738 0.06425261 1.592992 0.07761653 -0.1808412 1.566991 -0.1063489 0.2223878 1.700996 -0.2104329 0.662655 1.64317 -0.2022217 1.065536 1.733692 -0.1869194 1.40297 1.814797 -0.03209154 0.6719618 1.694252 -0.01076643 1.083837 1.711789 -0.03896103 1.410792 1.828208  O_Hello_SoClose
-0.09237836 -0.012187 1.689618 -0.1700538 0.07904589 1.694541 -0.3543775 0.3176819 1.720913 -0.420428 0.6155589 1.676034 -0.0365961 0.08593905 1.730301 0.2624051 0.06522322 1.591724 0.07727261 -0.1797937 1.56349 -0.1072349 0.2224532 1.699913 -0.2109697 0.6629315 1.643076 -0.2024155 1.065744 1.733871 -0.186796 1.40312 1.815158 -0.03266565 0.6719915 1.694332 -0.01113902 1.083818 1.712741 -0.03934149 1.411055 1.828364  O_Hello_SoClose
-0.09358619 -0.01202893 1.686391 -0.1711977 0.07924485 1.691557 -0.3555104 0.3178242 1.717785 -0.4193417 0.6160412 1.671962 -0.03779648 0.08588386 1.727574 0.2620004 0.06661415 1.589328 0.08001871 -0.1802396 1.556919 -0.1082745 0.2225786 1.697628 -0.2115623 0.6633704 1.64243 -0.2027117 1.066013 1.733945 -0.1868306 1.403237 1.815813 -0.03333972 0.6720765 1.694029 -0.01138578 1.083847 1.713178 -0.03962271 1.411155 1.82859  O_Hello_SoClose
-0.09436379 -0.01186967 1.684077 -0.1719335 0.07943046 1.689402 -0.3560936 0.3179929 1.715217 -0.4188016 0.6162341 1.668021 -0.0385658 0.08590627 1.725573 0.2618569 0.06775594 1.587566 0.08466007 -0.1820527 1.551493 -0.1089429 0.2227153 1.695912 -0.2119472 0.663703 1.641761 -0.2029397 1.066237 1.733741 -0.1869362 1.403356 1.816012 -0.03377305 0.6721821 1.693565 -0.01153318 1.083921 1.713067 -0.03971736 1.4111 1.828856  O_Hello_SoClose
-0.09512596 -0.01168501 1.681746 -0.1726546 0.0796411 1.687224 -0.3566111 0.3181934 1.712504 -0.4183306 0.616371 1.663633 -0.0393186 0.08595872 1.72354 0.2617738 0.06897151 1.585808 0.09061505 -0.1844151 1.545753 -0.1095975 0.2228771 1.694153 -0.2123259 0.6640512 1.641003 -0.203181 1.06648 1.733426 -0.1870789 1.403497 1.816095 -0.03419767 0.6723102 1.693 -0.01167433 1.08402 1.712782 -0.03976874 1.411006 1.829137  O_Hello_SoClose
-0.09566741 -0.01141739 1.680473 -0.1731648 0.07993448 1.685962 -0.3569616 0.3185102 1.710474 -0.4183505 0.616329 1.659063 -0.03985111 0.0861758 1.722373 0.2621717 0.07004976 1.585463 0.1025227 -0.1900352 1.541051 -0.1100578 0.2231416 1.693034 -0.2125817 0.6643918 1.640123 -0.2034453 1.066805 1.732614 -0.1873907 1.403795 1.815405 -0.03448556 0.6725463 1.692246 -0.01177566 1.08426 1.711719 -0.03950224 1.411015 1.828813  O_Hello_SoClose
-0.0958973 -0.01112127 1.680486 -0.1733762 0.08025229 1.685875 -0.3572148 0.3188672 1.709842 -0.4184557 0.6163012 1.656084 -0.04007129 0.0864954 1.722318 0.2631456 0.07076395 1.586976 0.1180467 -0.1970593 1.538796 -0.1102397 0.2234515 1.692842 -0.2126518 0.6646787 1.639525 -0.2036513 1.067118 1.731915 -0.1877563 1.404118 1.814693 -0.03456847 0.6728387 1.691691 -0.01181172 1.084577 1.710595 -0.03912578 1.411063 1.828529  O_Hello_SoClose
-0.0956509 -0.01066065 1.682473 -0.1731275 0.08073115 1.687578 -0.3574344 0.3194102 1.711363 -0.4185179 0.6163551 1.654794 -0.0398101 0.08709753 1.723954 0.2657244 0.07147312 1.592319 0.1475718 -0.2084656 1.539606 -0.109988 0.2239528 1.694036 -0.2124163 0.6649968 1.639253 -0.2037888 1.067516 1.73133 -0.1882711 1.404574 1.813944 -0.03431515 0.6733332 1.69133 -0.01166753 1.085133 1.708985 -0.03843192 1.411186 1.828236  O_Hello_SoClose
-0.09506737 -0.01029754 1.685123 -0.1725617 0.08109403 1.689952 -0.3575408 0.3197992 1.714157 -0.4183788 0.6164967 1.656046 -0.03921978 0.08762312 1.726209 0.2686004 0.07206702 1.598546 0.1758265 -0.216763 1.543098 -0.1094512 0.224353 1.695845 -0.2120221 0.6651716 1.639538 -0.2037548 1.067768 1.73131 -0.1885791 1.404889 1.81373 -0.03388564 0.673738 1.691457 -0.01136879 1.085598 1.707821 -0.0378503 1.411311 1.82806  O_Hello_SoClose
-0.09439467 -0.01004529 1.687822 -0.1719248 0.08132803 1.69242 -0.3576503 0.3199903 1.71747 -0.4185396 0.6166151 1.659043 -0.03856723 0.08801985 1.72859 0.271438 0.07277393 1.604827 0.200624 -0.2219265 1.547893 -0.1088711 0.2246299 1.697858 -0.2116549 0.6652374 1.640298 -0.2036382 1.067933 1.73166 -0.1886861 1.405143 1.813755 -0.03349571 0.6740316 1.692101 -0.01098804 1.085947 1.707033 -0.03752701 1.411486 1.827731  O_Hello_SoClose
-0.09356014 -0.009712338 1.691788 -0.1711462 0.08162975 1.696051 -0.3580309 0.3201747 1.7226 -0.4191376 0.6167941 1.664374 -0.03778426 0.08854485 1.732162 0.2758119 0.07415366 1.615029 0.238807 -0.2265549 1.557502 -0.1081809 0.224991 1.700918 -0.2112536 0.6653081 1.641678 -0.2035175 1.068165 1.73235 -0.1888177 1.40552 1.813893 -0.03308759 0.674414 1.693403 -0.01043252 1.086399 1.706007 -0.03724371 1.411712 1.827251  O_Hello_SoClose
-0.09316163 -0.009535313 1.694239 -0.1707851 0.08178425 1.698298 -0.3584365 0.3202127 1.725983 -0.4198272 0.6169 1.668404 -0.03743527 0.08882499 1.73443 0.2786678 0.07527256 1.622126 0.2634713 -0.2274592 1.565319 -0.1078781 0.22518 1.702894 -0.2111106 0.6653361 1.642742 -0.2034791 1.068305 1.732921 -0.1888749 1.405762 1.814062 -0.03296165 0.6746168 1.694495 -0.01008628 1.086636 1.705481 -0.03723023 1.411834 1.82696  O_Hello_SoClose
-0.09301274 -0.009388089 1.696444 -0.1706651 0.08191514 1.700315 -0.3589992 0.3202227 1.729167 -0.4208054 0.6169732 1.672363 -0.03734724 0.08904207 1.736548 0.2815556 0.07672381 1.629795 0.2884226 -0.2265974 1.574537 -0.1078018 0.2253345 1.704769 -0.2111071 0.6653799 1.643937 -0.2035171 1.068468 1.733584 -0.1889597 1.406029 1.814299 -0.03300367 0.6747805 1.695824 -0.009748382 1.08682 1.705103 -0.03729359 1.411901 1.826806  O_Hello_SoClose
-0.09322087 -0.009274006 1.698384 -0.1708906 0.08202159 1.702082 -0.3598177 0.3202039 1.732196 -0.422294 0.6170008 1.676376 -0.03763578 0.08918059 1.73854 0.2845918 0.0787133 1.638673 0.3146788 -0.2236665 1.586085 -0.1080522 0.2254505 1.70658 -0.2113058 0.6654565 1.645375 -0.2036657 1.068678 1.734417 -0.1890849 1.406352 1.814651 -0.03329251 0.6749015 1.697564 -0.009402616 1.086943 1.704931 -0.03747509 1.411899 1.826848  O_Hello_SoClose
-0.09433691 -0.009160042 1.700377 -0.1719998 0.08214891 1.703883 -0.3615095 0.3201739 1.735968 -0.424943 0.6170517 1.681679 -0.03888444 0.08923519 1.740861 0.2886416 0.08240974 1.65307 0.3546999 -0.2152069 1.60654 -0.1091469 0.2255582 1.708789 -0.2120656 0.6656585 1.647699 -0.2042135 1.069096 1.735741 -0.189498 1.406947 1.815199 -0.03425215 0.6750022 1.700582 -0.008901937 1.087002 1.704736 -0.03774921 1.411747 1.827031  O_Hello_SoClose
-0.0959162 -0.009114623 1.701099 -0.1735442 0.08222735 1.704514 -0.3632396 0.3201596 1.738212 -0.4274122 0.6171048 1.685175 -0.04057996 0.08914673 1.742063 0.2911666 0.08585703 1.66542 0.3858269 -0.2049741 1.625908 -0.1106357 0.2255894 1.710048 -0.2130647 0.6659001 1.649655 -0.2049173 1.069518 1.736836 -0.1900014 1.407514 1.81564 -0.03546767 0.6750121 1.703299 -0.008504374 1.086928 1.704636 -0.03794686 1.411491 1.827273  O_Hello_SoClose
-0.09848337 -0.00917995 1.699992 -0.1760541 0.08220887 1.703457 -0.3655131 0.3200942 1.738694 -0.4299116 0.6171976 1.686829 -0.04326473 0.08884716 1.74167 0.2918734 0.08940554 1.675041 0.4107672 -0.1932354 1.642135 -0.1130586 0.2254925 1.709948 -0.2148487 0.6661592 1.651092 -0.2049543 1.070909 1.732665 -0.1902846 1.407996 1.815315 -0.03750191 0.6748797 1.705623 -0.008470161 1.086654 1.704074 -0.03825859 1.410989 1.82723  O_Hello_SoClose
-0.102335 -0.009233594 1.697902 -0.1798295 0.08221567 1.701478 -0.3687804 0.32005 1.738638 -0.4334094 0.6173373 1.688131 -0.04727684 0.08845794 1.740568 0.2914226 0.09430265 1.686441 0.4401893 -0.1748307 1.6632 -0.116725 0.2253845 1.709304 -0.2176764 0.6665385 1.652696 -0.2048509 1.07283 1.725753 -0.1906994 1.408365 1.814579 -0.04066793 0.6747074 1.708399 -0.008558197 1.086221 1.702974 -0.03867022 1.410241 1.826876  O_Hello_SoClose
-0.1047709 -0.009231806 1.696382 -0.1822252 0.08224809 1.700045 -0.3707578 0.3200713 1.738162 -0.4354667 0.6174389 1.688234 -0.04980211 0.08826399 1.739608 0.2904264 0.09724617 1.691543 0.4546114 -0.1631689 1.673332 -0.1190662 0.2253493 1.708632 -0.2195749 0.6667749 1.65337 -0.2047587 1.073904 1.721199 -0.1909593 1.408375 1.814005 -0.04275153 0.674628 1.709702 -0.008725567 1.085953 1.702116 -0.03891252 1.409794 1.826467  O_Hello_SoClose
-0.1069391 -0.009180903 1.695412 -0.1843728 0.08231473 1.699116 -0.3725332 0.3201356 1.737932 -0.4374955 0.6175098 1.688373 -0.05203841 0.08819437 1.738994 0.2892433 0.1000051 1.695189 0.4658473 -0.1523932 1.68068 -0.1211886 0.2253749 1.708186 -0.2214323 0.6669626 1.653742 -0.2050276 1.074564 1.718292 -0.1912528 1.408307 1.813685 -0.04473535 0.6746255 1.710496 -0.009049101 1.085775 1.701213 -0.03924392 1.409501 1.825863  O_Hello_SoClose
-0.109675 -0.009070992 1.694562 -0.1870973 0.0824337 1.69828 -0.3747873 0.3202598 1.737829 -0.4402494 0.6175796 1.688604 -0.05484824 0.08820593 1.738456 0.2874859 0.10364 1.698915 0.4784341 -0.138289 1.688259 -0.1239031 0.2254622 1.707772 -0.2239367 0.6671785 1.65399 -0.2057204 1.075136 1.715746 -0.1916598 1.408188 1.813484 -0.0473613 0.6746909 1.711141 -0.009628696 1.08561 1.699939 -0.03978125 1.409233 1.824866  O_Hello_SoClose
-0.1129402 -0.00886035 1.694812 -0.190359 0.08265114 1.698431 -0.3775973 0.3205379 1.738576 -0.4441456 0.6176937 1.689819 -0.05814223 0.08842993 1.738712 0.2851328 0.1083496 1.702391 0.4907969 -0.1213373 1.695272 -0.1271624 0.2256789 1.707917 -0.2271209 0.6673809 1.653879 -0.2070035 1.075522 1.713801 -0.1920441 1.408116 1.812955 -0.05059139 0.6749036 1.71117 -0.0105695 1.085563 1.698513 -0.04058174 1.40902 1.823904  O_Hello_SoClose
-0.115071 -0.008688688 1.695294 -0.1924865 0.08282924 1.698821 -0.3794623 0.3207797 1.739262 -0.4468572 0.6178061 1.690879 -0.06026761 0.08864546 1.739091 0.2835203 0.1116222 1.704339 0.4978748 -0.1100302 1.699167 -0.1292845 0.2258646 1.708156 -0.2292303 0.6675138 1.653664 -0.2079532 1.075708 1.712822 -0.192239 1.408091 1.812562 -0.05269794 0.6750898 1.710939 -0.01124708 1.085587 1.69762 -0.04113869 1.40892 1.823359  O_Hello_SoClose
-0.1170084 -0.008483171 1.695992 -0.1944029 0.08305585 1.699428 -0.3811935 0.3211336 1.739944 -0.4495145 0.6180396 1.692125 -0.06213723 0.08892608 1.739535 0.2820778 0.1151915 1.705372 0.5031534 -0.09977698 1.701074 -0.1311639 0.2260975 1.708411 -0.2310903 0.6676577 1.653168 -0.2088966 1.075814 1.712252 -0.1922647 1.408066 1.81228 -0.05449138 0.6753128 1.710228 -0.01192872 1.085696 1.696909 -0.04161606 1.408877 1.823088  O_Hello_SoClose
-0.1187111 -0.008284569 1.696597 -0.196082 0.08327746 1.699955 -0.3827149 0.3214769 1.740519 -0.4518512 0.6182845 1.693264 -0.06377225 0.08918917 1.73991 0.2807859 0.1184697 1.706244 0.5075572 -0.09049535 1.702674 -0.1328022 0.2263207 1.708618 -0.2326909 0.667805 1.652704 -0.2096981 1.075929 1.711702 -0.1922594 1.408044 1.812049 -0.05602954 0.6755217 1.709561 -0.01252983 1.085809 1.696318 -0.04204224 1.408848 1.822899  O_Hello_SoClose
-0.1202299 -0.008063555 1.697066 -0.1975382 0.08355355 1.700364 -0.3840766 0.3219427 1.740838 -0.4539797 0.6187161 1.694507 -0.06516723 0.08945644 1.740118 0.2797382 0.1223778 1.706581 0.5111116 -0.08148229 1.703148 -0.134156 0.2265728 1.708668 -0.2338478 0.6680145 1.652071 -0.2102107 1.076133 1.710855 -0.1920732 1.407963 1.812016 -0.05709962 0.6757262 1.708659 -0.01309959 1.085981 1.696082 -0.04246615 1.408833 1.823174  O_Hello_SoClose
-0.1222687 -0.007726431 1.698345 -0.1994427 0.08400965 1.701481 -0.3858031 0.3227813 1.741579 -0.4565515 0.6195641 1.696611 -0.06698851 0.08986056 1.740964 0.2783487 0.1284333 1.70754 0.5156184 -0.06852984 1.703934 -0.1358453 0.226967 1.709184 -0.2350281 0.6683553 1.651291 -0.210579 1.076545 1.709241 -0.1915615 1.407905 1.811774 -0.05816243 0.6760093 1.707518 -0.01369349 1.086239 1.695785 -0.04296855 1.408811 1.823604  O_Hello_SoClose
-0.1255351 -0.006891727 1.707929 -0.2021627 0.08533549 1.709794 -0.3879209 0.3256574 1.747036 -0.4588841 0.6227527 1.704537 -0.06961827 0.09099531 1.749001 0.2760964 0.1452843 1.714354 0.5221942 -0.0403893 1.70626 -0.1377132 0.228014 1.715261 -0.2343798 0.6690624 1.650884 -0.2091796 1.077868 1.703967 -0.1890074 1.408165 1.809659 -0.05738942 0.6765137 1.706745 -0.01321773 1.086769 1.69478 -0.04321383 1.408711 1.824015  O_Hello_SoClose
-0.1265145 -0.006276608 1.719186 -0.2028189 0.08623636 1.719517 -0.3884371 0.327564 1.753938 -0.4591506 0.6247864 1.711916 -0.07031231 0.0920341 1.758832 0.2744919 0.1590438 1.720927 0.5232158 -0.02263021 1.705587 -0.1378743 0.2287552 1.722886 -0.2328905 0.6690968 1.651586 -0.2079463 1.078297 1.70166 -0.1874683 1.408251 1.808363 -0.05595611 0.6767864 1.707592 -0.01214252 1.087008 1.693385 -0.04290954 1.408681 1.823108  O_Hello_SoClose
-0.1268021 -0.005636334 1.730437 -0.2028997 0.08703983 1.729253 -0.388611 0.3290657 1.761037 -0.4592286 0.6262864 1.718841 -0.07044081 0.09313691 1.768683 0.2719679 0.1744683 1.725551 0.5213848 -0.005087018 1.699948 -0.1376417 0.2294492 1.730573 -0.2315633 0.6688743 1.65249 -0.2069796 1.078314 1.700754 -0.1862507 1.408134 1.807817 -0.05469809 0.6770162 1.70865 -0.0110874 1.087162 1.691871 -0.04242579 1.408595 1.822051  O_Hello_SoClose
-0.1268018 -0.004654527 1.745799 -0.2026729 0.0881598 1.742603 -0.3885587 0.3309427 1.770979 -0.4591028 0.6280379 1.727788 -0.07026426 0.09474134 1.782124 0.2652631 0.1990976 1.728785 0.5128571 0.02080333 1.683922 -0.1370728 0.2304105 1.741137 -0.2298034 0.6683794 1.653978 -0.2057072 1.078086 1.700177 -0.1847204 1.407894 1.807228 -0.05301098 0.6772398 1.710258 -0.009530587 1.087222 1.689587 -0.04144971 1.408308 1.82048  O_Hello_SoClose
-0.1267181 -0.004092455 1.753451 -0.2024818 0.08877051 1.749273 -0.3884391 0.3318869 1.776005 -0.4589482 0.628886 1.732101 -0.07009052 0.09559977 1.78881 0.2600938 0.2123368 1.729486 0.5055416 0.03424156 1.673434 -0.1367192 0.2309251 1.746419 -0.2288975 0.6680996 1.654799 -0.2050292 1.077935 1.69997 -0.1839372 1.407774 1.806903 -0.0521305 0.677326 1.711101 -0.008675022 1.087203 1.688382 -0.04082231 1.408106 1.819666  O_Hello_SoClose
-0.1267041 -0.00364399 1.759585 -0.2023576 0.08927846 1.75478 -0.388186 0.3327132 1.780578 -0.4587465 0.6295624 1.735752 -0.06991164 0.09624684 1.794109 0.2534414 0.2255253 1.727924 0.4964038 0.04867077 1.65867 -0.1364224 0.2313247 1.750754 -0.2281668 0.6678951 1.655877 -0.2045257 1.077868 1.699902 -0.1834656 1.407669 1.806958 -0.05132256 0.6773345 1.711899 -0.00788687 1.087107 1.687332 -0.04026173 1.407779 1.819125  O_Hello_SoClose
-0.1266434 -0.00306499 1.766524 -0.2021709 0.08992052 1.761008 -0.3878511 0.3337046 1.785742 -0.4584752 0.6303787 1.73987 -0.06966303 0.09704196 1.8001 0.2445609 0.2400074 1.726383 0.4837864 0.06442213 1.642447 -0.1360392 0.2318314 1.755654 -0.2272884 0.6676883 1.657091 -0.2038953 1.077812 1.69982 -0.1828527 1.407569 1.807018 -0.05035661 0.6773626 1.712796 -0.006936116 1.087006 1.686135 -0.03954683 1.407413 1.818511  O_Hello_SoClose
-0.1264298 -0.002484322 1.774877 -0.2017653 0.09063554 1.76901 -0.3868107 0.3349545 1.793768 -0.4579242 0.6311363 1.745531 -0.06898813 0.09777963 1.807174 0.2262586 0.2628202 1.72126 0.4618956 0.09844124 1.609192 -0.1353247 0.2323269 1.761943 -0.2261544 0.6675012 1.660032 -0.2032104 1.077901 1.700279 -0.1822808 1.407675 1.807447 -0.04883973 0.6772375 1.714495 -0.005521042 1.086706 1.68513 -0.03889428 1.406798 1.81808  O_Hello_SoClose
-0.126259 -0.001889944 1.779477 -0.2014805 0.09131598 1.773517 -0.3860872 0.3359501 1.79855 -0.4575668 0.6317865 1.748761 -0.06851761 0.09843755 1.811032 0.2170072 0.2713777 1.71807 0.4462474 0.1079468 1.592199 -0.1348601 0.2328708 1.765472 -0.225505 0.667697 1.661924 -0.2028384 1.07826 1.700636 -0.1819636 1.408071 1.807702 -0.04792581 0.6774198 1.715521 -0.004691048 1.086787 1.684651 -0.03857974 1.406723 1.817844  O_Hello_SoClose
-0.1258987 -0.001696587 1.782231 -0.2010358 0.09160268 1.776682 -0.3851071 0.3364698 1.80305 -0.456871 0.6318825 1.751196 -0.06780724 0.09859097 1.813268 0.2059382 0.2802784 1.713421 0.4320839 0.1280339 1.569254 -0.1342849 0.2330588 1.768007 -0.225067 0.6678831 1.664572 -0.2026589 1.078588 1.701914 -0.1817335 1.408645 1.808206 -0.04710845 0.6774319 1.716927 -0.004097028 1.086775 1.685436 -0.03866587 1.406863 1.818088  O_Hello_SoClose
-0.1253431 -0.001556873 1.785607 -0.2003704 0.09186268 1.780624 -0.3837338 0.3370192 1.808776 -0.4558796 0.6318545 1.754234 -0.06680201 0.09867084 1.815985 0.1906102 0.2906574 1.708287 0.4103461 0.1534436 1.540976 -0.1334631 0.2331944 1.771161 -0.224452 0.6680419 1.668005 -0.2023973 1.078916 1.703655 -0.1813987 1.40931 1.808883 -0.0460075 0.6773546 1.718724 -0.003319366 1.086678 1.686546 -0.03874181 1.407001 1.818403  O_Hello_SoClose
-0.1246061 -0.001900673 1.786223 -0.1995876 0.09161067 1.782411 -0.3822918 0.3368685 1.813299 -0.4538861 0.6312569 1.755703 -0.06561856 0.0981642 1.816272 0.1774618 0.2974305 1.701982 0.3923835 0.1876835 1.50997 -0.1326447 0.2329063 1.772667 -0.2243469 0.6681933 1.672027 -0.2026075 1.079121 1.707249 -0.1812229 1.410193 1.810242 -0.04532729 0.6771539 1.720742 -0.003456516 1.086657 1.689802 -0.03916941 1.407932 1.819243  O_Hello_SoClose
-0.123899 -0.002420425 1.785906 -0.1988435 0.09116125 1.783272 -0.3809421 0.3364578 1.816748 -0.4516191 0.6305043 1.756341 -0.06452624 0.097471 1.815773 0.1656569 0.3025895 1.696816 0.3735411 0.2226585 1.48351 -0.1318957 0.2324487 1.773444 -0.2242975 0.6682323 1.675633 -0.2028504 1.079165 1.710976 -0.1810778 1.410909 1.8117 -0.04477648 0.6768523 1.722531 -0.003829641 1.086582 1.693405 -0.03955178 1.408949 1.820098  O_Hello_SoClose
-0.1227602 -0.005164623 1.775464 -0.1977139 0.08844113 1.776479 -0.3785822 0.3333349 1.816287 -0.442675 0.6276174 1.749974 -0.06275772 0.09403563 1.806358 0.1449322 0.3105924 1.685611 0.3301599 0.3505251 1.4423 -0.1309374 0.2299247 1.768476 -0.2251862 0.6677921 1.682442 -0.2043139 1.078251 1.723213 -0.1812404 1.412025 1.816683 -0.04474036 0.675378 1.725839 -0.008004529 1.08617 1.708417 -0.04052309 1.413012 1.824024  O_Hello_SoClose
-0.1227551 -0.006488681 1.768701 -0.1977184 0.08708537 1.771045 -0.3782169 0.3317353 1.8127 -0.4388184 0.626497 1.745242 -0.06265263 0.09237015 1.800483 0.1391688 0.3134893 1.683211 0.3109169 0.4079295 1.445118 -0.1309931 0.2286626 1.764382 -0.2256268 0.66745 1.683619 -0.2049381 1.077614 1.727348 -0.1814699 1.412085 1.81819 -0.04502169 0.6745828 1.726426 -0.01033632 1.085768 1.715134 -0.0405886 1.414368 1.826285  O_Hello_SoClose
-0.1231343 -0.00752306 1.762287 -0.1981093 0.08601868 1.765422 -0.3784078 0.3304782 1.807848 -0.4362637 0.6258719 1.740745 -0.06308012 0.0910368 1.795073 0.1359916 0.3161792 1.683592 0.2975092 0.4517212 1.458548 -0.1313894 0.2276579 1.760175 -0.2259659 0.6671795 1.683437 -0.2053501 1.077116 1.729286 -0.1816873 1.411947 1.818739 -0.04541395 0.6739233 1.726531 -0.01235167 1.085347 1.720142 -0.04056321 1.415169 1.828169  O_Hello_SoClose
-0.1235799 -0.008659244 1.754305 -0.1985767 0.08483171 1.758311 -0.3786611 0.3290452 1.801515 -0.4331557 0.6253296 1.735534 -0.0636255 0.08952785 1.788367 0.1327512 0.3193668 1.684938 0.2793066 0.4991143 1.481672 -0.1318645 0.2265296 1.754851 -0.2263076 0.6668857 1.682881 -0.2057556 1.07657 1.730955 -0.1819018 1.411712 1.819187 -0.0458688 0.6731597 1.726516 -0.01459627 1.084772 1.725631 -0.04052917 1.415876 1.830253  O_Hello_SoClose
-0.1240734 -0.009542823 1.746477 -0.1991123 0.08388758 1.751066 -0.3790829 0.3278478 1.794578 -0.4304442 0.6252935 1.731367 -0.06432633 0.08828914 1.781898 0.131284 0.3224411 1.688527 0.2649206 0.534827 1.509257 -0.132415 0.2256256 1.749463 -0.2265698 0.6667012 1.681642 -0.2060104 1.076247 1.730879 -0.1820646 1.411355 1.819214 -0.04637061 0.672545 1.726314 -0.01630048 1.084237 1.729383 -0.04054199 1.41612 1.831919  O_Hello_SoClose
-0.1244632 -0.01020014 1.73987 -0.1995379 0.08317649 1.744945 -0.3794055 0.3269196 1.788713 -0.4282655 0.6252841 1.727895 -0.06489335 0.08732283 1.776424 0.1299358 0.3247181 1.691567 0.2522746 0.5612836 1.536085 -0.1328581 0.2249317 1.744897 -0.2267803 0.6665773 1.680551 -0.2061994 1.076004 1.730763 -0.1821653 1.411083 1.819184 -0.04678569 0.6720494 1.726087 -0.01772801 1.083776 1.732455 -0.04059319 1.416299 1.833219  O_Hello_SoClose
-0.1248766 -0.01108003 1.72634 -0.2000703 0.08214092 1.732415 -0.3797349 0.3253394 1.776857 -0.4243466 0.6256615 1.722783 -0.06571285 0.08581483 1.765154 0.1284368 0.3284076 1.697496 0.231409 0.5942723 1.57995 -0.1335098 0.223919 1.735486 -0.2272239 0.6665798 1.6782 -0.2064907 1.076005 1.728358 -0.182248 1.41054 1.81876 -0.04764358 0.6713586 1.725418 -0.01928989 1.083075 1.734845 -0.04074023 1.415989 1.834626  O_Hello_SoClose
-0.1249549 -0.01146698 1.717407 -0.2002291 0.08163679 1.724236 -0.3797363 0.3244326 1.769388 -0.4221824 0.6258972 1.720145 -0.06602423 0.08499503 1.757629 0.1270742 0.3301433 1.699895 0.2201747 0.6087984 1.606151 -0.1337648 0.2234036 1.72928 -0.2274717 0.6666592 1.676782 -0.2066623 1.07612 1.726617 -0.182254 1.410246 1.818474 -0.048111 0.6709753 1.724872 -0.01995246 1.082674 1.735567 -0.04077451 1.415659 1.835245  O_Hello_SoClose
-0.124845 -0.011747 1.706419 -0.2002197 0.08119345 1.714285 -0.3795111 0.3234403 1.760606 -0.4199719 0.626143 1.717693 -0.0661584 0.08416235 1.748285 0.1251199 0.3317463 1.701141 0.2088668 0.6205857 1.632858 -0.1338877 0.2229197 1.721666 -0.2277198 0.666824 1.675223 -0.2068571 1.07637 1.724332 -0.182211 1.409934 1.818148 -0.04856531 0.6705697 1.724123 -0.02034209 1.082245 1.735549 -0.04070787 1.415108 1.835723  O_Hello_SoClose
-0.1244845 -0.01183689 1.700107 -0.1999177 0.08099687 1.708641 -0.379117 0.322873 1.755899 -0.4189806 0.6261752 1.716832 -0.06590836 0.08374655 1.742864 0.1236642 0.332535 1.700549 0.2027717 0.6251062 1.643553 -0.1336685 0.2226889 1.717311 -0.2276564 0.6669211 1.674456 -0.2068204 1.076573 1.722687 -0.1820851 1.409688 1.818062 -0.0485764 0.6703446 1.723651 -0.02016686 1.082015 1.734773 -0.04066239 1.414602 1.835838  O_Hello_SoClose
-0.1242514 -0.01185024 1.696278 -0.19972 0.08091652 1.705219 -0.3788671 0.3225583 1.753063 -0.418451 0.6261883 1.716329 -0.06574123 0.08353174 1.739571 0.1227651 0.3329873 1.700114 0.1993247 0.6274706 1.649889 -0.133521 0.2225822 1.714667 -0.2276057 0.6669989 1.673992 -0.2067873 1.076716 1.721671 -0.1819924 1.409539 1.818045 -0.04856954 0.6702251 1.723359 -0.02003734 1.081893 1.734263 -0.04064057 1.41429 1.835926  O_Hello_SoClose
-0.124082 -0.01183462 1.695024 -0.1995651 0.08090973 1.704076 -0.37874 0.3224401 1.752239 -0.4183394 0.6261446 1.716142 -0.06560348 0.08348441 1.738498 0.1225612 0.3331187 1.699708 0.1983845 0.6280904 1.651264 -0.1333862 0.2225673 1.713783 -0.2274995 0.6670383 1.673774 -0.2067322 1.076774 1.72132 -0.1819658 1.409349 1.818551 -0.04848782 0.6702049 1.723235 -0.01993869 1.081874 1.734069 -0.04081879 1.414056 1.836377  O_Hello_SoClose
-0.1239158 -0.01178336 1.693788 -0.1994132 0.08093858 1.70295 -0.3786155 0.3223587 1.751427 -0.418233 0.6261348 1.715958 -0.06546848 0.08347321 1.737441 0.1223599 0.3332802 1.699309 0.1974747 0.6287168 1.652625 -0.133254 0.2225877 1.712913 -0.2273951 0.6671115 1.673559 -0.2066769 1.076864 1.720973 -0.1819361 1.409194 1.819048 -0.04840771 0.6702189 1.723111 -0.0198413 1.081888 1.733877 -0.04099385 1.413856 1.836821  O_Hello_SoClose
