-0.07329683 -0.0009545088 3.356085 -0.1418724 0.09444523 3.380115 -0.2762141 0.3973426 3.338802 -0.3145857 0.6999348 3.293272 -0.003544493 0.09405065 3.378537 0.1953431 0.3495792 3.356934 0.2699823 0.6422697 3.294759 -0.07249384 0.2341757 3.365876 -0.1644435 0.6795552 3.331308 -0.1743502 1.092244 3.344135 -0.1732982 1.439254 3.360155 0.02129699 0.6788883 3.332553 0.04287763 1.090988 3.321968 0.06451268 1.438485 3.32698  A_Throw_Close
-0.07729332 -0.0009928942 3.356075 -0.1445899 0.09497857 3.381424 -0.2782668 0.3985823 3.341846 -0.3161434 0.7009816 3.294647 -0.006327076 0.09342647 3.377156 0.1926506 0.3475258 3.351091 0.2669596 0.6404074 3.289424 -0.07433335 0.2341287 3.365868 -0.164732 0.6797386 3.333486 -0.1745102 1.092483 3.344512 -0.1732068 1.439533 3.359627 0.02100666 0.6787289 3.332192 0.0432771 1.090829 3.323209 0.06461181 1.438343 3.328429  A_Throw_Close
-0.08058523 -0.0009894371 3.356102 -0.1468051 0.09544432 3.382523 -0.2799274 0.3996233 3.344378 -0.3174659 0.7018475 3.29581 -0.008642776 0.09294116 3.37603 0.1903152 0.3458652 3.346307 0.2644206 0.6388896 3.285073 -0.07585053 0.2341117 3.365861 -0.1649452 0.6799011 3.335267 -0.1746653 1.092683 3.344822 -0.1731801 1.439764 3.359204 0.02076526 0.678612 3.331875 0.04363336 1.090707 3.324218 0.06469603 1.438233 3.329659  A_Throw_Close
-0.08550535 -0.000900507 3.356305 -0.1500488 0.09621739 3.384339 -0.2824707 0.401163 3.348334 -0.3197474 0.7031066 3.297857 -0.01212178 0.09227526 3.374447 0.1868662 0.3431159 3.339069 0.2612058 0.636228 3.278543 -0.0780801 0.2341456 3.365981 -0.1652126 0.6801699 3.338102 -0.17505 1.092993 3.345501 -0.173431 1.440122 3.358661 0.02039983 0.678491 3.331265 0.04426815 1.090559 3.325469 0.0652184 1.438084 3.33143  A_Throw_Close
-0.09283535 -0.0006299019 3.356766 -0.1547467 0.09748173 3.387208 -0.286196 0.4034865 3.354499 -0.3234147 0.704976 3.301336 -0.01737009 0.09137738 3.372119 0.181428 0.3388414 3.328155 0.2565331 0.6319377 3.268504 -0.08135127 0.2342796 3.366226 -0.1654606 0.6806058 3.342474 -0.175807 1.093461 3.346772 -0.1742 1.440655 3.358063 0.01986541 0.6783772 3.330193 0.04542102 1.090373 3.327105 0.06651641 1.437869 3.33413  A_Throw_Close
-0.09730016 -0.0003792048 3.357064 -0.1574907 0.09832525 3.389035 -0.2883863 0.4049137 3.358532 -0.3257619 0.70612 3.303894 -0.02058743 0.09087241 3.370617 0.177964 0.3360271 3.321225 0.2535432 0.6290258 3.261694 -0.08326654 0.2344095 3.366393 -0.1654475 0.6808926 3.345326 -0.1763902 1.093747 3.34784 -0.1749781 1.440978 3.357953 0.0195985 0.6783514 3.329418 0.04637231 1.090279 3.327934 0.0679775 1.437724 3.335856  A_Throw_Close
-0.102056 -5.328655E-05 3.357456 -0.1603432 0.09926713 3.391044 -0.290636 0.4064586 3.36298 -0.3283091 0.7073272 3.306708 -0.02405993 0.09037519 3.36902 0.1740911 0.3330121 3.313836 0.2502702 0.6258578 3.254317 -0.08528917 0.2345778 3.366576 -0.1653406 0.6812069 3.348377 -0.1770452 1.094047 3.349044 -0.1759179 1.441314 3.357921 0.01931985 0.6783422 3.328532 0.04746254 1.090181 3.328738 0.06971122 1.437561 3.337682  A_Throw_Close
-0.1076771 0.0004429817 3.358015 -0.1635137 0.1004826 3.393649 -0.2930856 0.4083182 3.368928 -0.3312908 0.7086281 3.310091 -0.02818124 0.08983123 3.367023 0.1698321 0.3290393 3.304751 0.2468383 0.621502 3.244418 -0.08753555 0.234836 3.366868 -0.1648885 0.6816126 3.352217 -0.1777403 1.094417 3.350678 -0.1771138 1.441721 3.357951 0.019152 0.6783663 3.327315 0.04906918 1.090075 3.329328 0.07271166 1.437325 3.339675  A_Throw_Close
-0.112551 0.0009431839 3.358632 -0.1661621 0.1015855 3.396017 -0.2950995 0.4099792 3.374478 -0.334048 0.7097356 3.31335 -0.03182439 0.0894084 3.365318 0.1658883 0.3255739 3.296835 0.2436382 0.6176642 3.235658 -0.08946352 0.2350924 3.367138 -0.1643709 0.6819685 3.355551 -0.1783489 1.094725 3.352161 -0.1782406 1.442056 3.358073 0.01900377 0.6784031 3.326182 0.05053284 1.089982 3.329726 0.07552131 1.437097 3.341313  A_Throw_Close
-0.1176996 0.001583338 3.359616 -0.168692 0.1028593 3.399014 -0.2970831 0.4119389 3.382696 -0.3374052 0.7108313 3.318314 -0.03570734 0.08900559 3.363512 0.1622709 0.3214093 3.288024 0.2407486 0.6128944 3.22492 -0.09134446 0.2354195 3.367615 -0.1634417 0.6823846 3.359293 -0.1785735 1.095076 3.353666 -0.178985 1.442431 3.35787 0.01902791 0.6784478 3.324784 0.05232616 1.089874 3.32962 0.07942541 1.436781 3.342603  A_Throw_Close
-0.1267099 0.002935767 3.361946 -0.1725662 0.1052818 3.404964 -0.3001328 0.4156942 3.401223 -0.3449297 0.7124104 3.330088 -0.04273133 0.08842707 3.360287 0.1554542 0.3137788 3.271493 0.2345328 0.6040806 3.203849 -0.09445362 0.236096 3.368539 -0.1612475 0.6831238 3.365985 -0.178617 1.095653 3.356376 -0.180066 1.44303 3.357521 0.01912965 0.6785792 3.321883 0.05560251 1.089706 3.328832 0.0873449 1.436103 3.34462  A_Throw_Close
-0.1320138 0.003919363 3.363772 -0.1744936 0.106866 3.40893 -0.3013468 0.4180979 3.41494 -0.3499438 0.7130806 3.339237 -0.04705904 0.08821321 3.358435 0.1518096 0.3082963 3.2608 0.2316397 0.5974779 3.189347 -0.09620522 0.2366003 3.369172 -0.1596191 0.68361 3.369956 -0.1783882 1.096015 3.357943 -0.1804936 1.443389 3.357231 0.01918878 0.6787212 3.319903 0.05758472 1.089652 3.327955 0.09269734 1.435632 3.345639  A_Throw_Close
-0.1368642 0.005090237 3.365969 -0.1755278 0.1086153 3.413372 -0.3022081 0.420471 3.433485 -0.3574636 0.7124225 3.35091 -0.05118279 0.08814919 3.356304 0.1486852 0.3018876 3.248084 0.2300101 0.5893089 3.171404 -0.09750931 0.2372307 3.369645 -0.1574643 0.6841484 3.373767 -0.1777756 1.096407 3.359448 -0.1805996 1.443768 3.356952 0.01942016 0.6789929 3.317315 0.05949082 1.089743 3.326399 0.09923376 1.435068 3.346872  A_Throw_Close
-0.1405184 0.006086588 3.367821 -0.1760376 0.1100303 3.416892 -0.3019458 0.4221283 3.448872 -0.3626698 0.7114753 3.361131 -0.05445455 0.08817041 3.354627 0.1456272 0.2968014 3.237701 0.2279325 0.5827617 3.156726 -0.09844653 0.2377675 3.369949 -0.1556116 0.6845739 3.376656 -0.1773414 1.096699 3.360675 -0.1808763 1.444042 3.356886 0.01956822 0.6792496 3.315132 0.06095334 1.08985 3.325051 0.1044856 1.434564 3.34796  A_Throw_Close
-0.1430791 0.007120013 3.369547 -0.1754738 0.1114215 3.420155 -0.3011826 0.4231392 3.466117 -0.3694591 0.709604 3.374555 -0.05691932 0.08833051 3.352709 0.1432861 0.2914664 3.226446 0.228478 0.5751725 3.14067 -0.09868328 0.2383665 3.369866 -0.1533975 0.6850218 3.378845 -0.176734 1.097005 3.361538 -0.1811212 1.444326 3.356726 0.02002074 0.6796204 3.312524 0.06220664 1.090121 3.323155 0.1099031 1.434067 3.349113  A_Throw_Close
-0.145588 0.008293271 3.371425 -0.174547 0.1129413 3.423546 -0.298949 0.4237863 3.484979 -0.3753245 0.7071143 3.390112 -0.05952791 0.08857918 3.350646 0.1402121 0.2856419 3.214101 0.2285561 0.5666379 3.122772 -0.09882765 0.239055 3.369669 -0.1508815 0.6855221 3.381015 -0.1761079 1.09734 3.362461 -0.1815284 1.444631 3.356688 0.02049555 0.680068 3.309589 0.0635329 1.09046 3.320984 0.1156956 1.43347 3.350491  A_Throw_Close
-0.1466043 0.009315848 3.372696 -0.1727457 0.1142035 3.42595 -0.2955387 0.4236462 3.501358 -0.3814027 0.7041421 3.40619 -0.06085525 0.08891284 3.348631 0.1383668 0.2805705 3.203095 0.2316417 0.5581686 3.106434 -0.09819858 0.2396998 3.36908 -0.1482692 0.686003 3.382139 -0.1752623 1.097672 3.362793 -0.1816908 1.444937 3.356462 0.02135153 0.6805333 3.306638 0.06474562 1.090879 3.318348 0.1208108 1.432965 3.351231  A_Throw_Close
-0.1472944 0.0107367 3.374107 -0.1697118 0.1158831 3.428708 -0.2888649 0.4227421 3.522669 -0.3894462 0.6986194 3.428421 -0.06218414 0.08947492 3.345776 0.1359673 0.2737482 3.188347 0.236118 0.5460961 3.08394 -0.09694903 0.2406268 3.368001 -0.1444542 0.686706 3.383264 -0.1739701 1.098162 3.36308 -0.181862 1.445385 3.356185 0.02268221 0.6812392 3.302412 0.06648232 1.091532 3.314437 0.1277276 1.432211 3.352314  A_Throw_Close
-0.1460108 0.01265991 3.374728 -0.1638968 0.1179887 3.430834 -0.2761911 0.4201193 3.548014 -0.4045242 0.686174 3.459396 -0.06209097 0.09049654 3.341296 0.1350305 0.2648004 3.169117 0.2460976 0.5283188 3.053676 -0.09381293 0.2419928 3.365626 -0.1383863 0.6878205 3.3836 -0.1715658 1.098962 3.3627 -0.1815865 1.446124 3.355505 0.02528353 0.6823798 3.295941 0.06926812 1.092657 3.307851 0.1373395 1.431094 3.353393  A_Throw_Close
-0.1418254 0.01487768 3.373174 -0.1552086 0.1201086 3.430848 -0.2593876 0.4149686 3.571222 -0.429547 0.6607217 3.495335 -0.05958132 0.09210622 3.334887 0.1379889 0.2549061 3.148191 0.2624688 0.5065751 3.02063 -0.0884888 0.2437674 3.361582 -0.1302438 0.689468 3.382943 -0.1685452 1.10012 3.361204 -0.1808476 1.447224 3.354782 0.02884956 0.684009 3.28723 0.07266499 1.094323 3.298464 0.1483216 1.429614 3.354177  A_Throw_Close
-0.1364689 0.0170275 3.370102 -0.1460758 0.1218811 3.429244 -0.2452015 0.4080858 3.589126 -0.4579984 0.6231017 3.529182 -0.0559511 0.09403002 3.328056 0.1433883 0.2462389 3.130319 0.279373 0.4867356 2.9933 -0.08265637 0.2456552 3.357142 -0.1219662 0.6914383 3.381839 -0.1662281 1.101411 3.358639 -0.1802021 1.448481 3.354057 0.03229531 0.6857845 3.278529 0.07565571 1.096177 3.288591 0.1578391 1.428004 3.354805  A_Throw_Close
-0.1310201 0.01898193 3.366996 -0.1376749 0.123382 3.427333 -0.2356264 0.4004313 3.603865 -0.4825378 0.5791343 3.556881 -0.05197875 0.0959512 3.322258 0.1499742 0.2395345 3.117602 0.2946891 0.4715873 2.975077 -0.07697509 0.247454 3.353426 -0.1145068 0.6934402 3.38052 -0.1652707 1.10252 3.355003 -0.180776 1.449544 3.352193 0.0355555 0.6874719 3.271216 0.07830448 1.09797 3.279419 0.1652842 1.426555 3.355011  A_Throw_Close
-0.1258483 0.02089429 3.364049 -0.1300015 0.1249058 3.425275 -0.2281645 0.3923037 3.617244 -0.5012273 0.5311635 3.581716 -0.04807041 0.09782565 3.317149 0.156554 0.2338217 3.107756 0.3086754 0.4588972 2.961795 -0.07154332 0.2492207 3.349981 -0.1077134 0.6953925 3.378663 -0.1648497 1.103502 3.351154 -0.1816248 1.450477 3.350443 0.03881152 0.6891278 3.264678 0.0806569 1.099757 3.270703 0.1710653 1.425279 3.355021  A_Throw_Close
-0.1154194 0.02468896 3.358282 -0.1156984 0.1281765 3.420539 -0.2180449 0.3730023 3.642317 -0.5213748 0.4239944 3.619995 -0.03965853 0.1014898 3.308098 0.1709236 0.2246935 3.094728 0.3356812 0.4397668 2.947408 -0.06067668 0.2527547 3.343121 -0.09578668 0.6991144 3.373085 -0.1650789 1.105154 3.343002 -0.183503 1.452013 3.347871 0.04576297 0.6925977 3.252989 0.08442582 1.103582 3.253883 0.1783632 1.423407 3.354556  A_Throw_Close
-0.1063756 0.0275799 3.353529 -0.1045374 0.1309279 3.415988 -0.2114269 0.3540386 3.660757 -0.5184673 0.3342274 3.63975 -0.03188906 0.1042383 3.301327 0.1838033 0.2191288 3.088992 0.3571683 0.4294478 2.944718 -0.0516731 0.2555007 3.337072 -0.08797394 0.701686 3.366865 -0.1657363 1.106181 3.336667 -0.1849226 1.452876 3.347074 0.05171819 0.6956551 3.24459 0.08594652 1.107022 3.241562 0.1797726 1.422728 3.354585  A_Throw_Close
-0.09491579 0.03049016 3.347807 -0.09186254 0.133962 3.409913 -0.2045417 0.3276274 3.679308 -0.4977311 0.2359827 3.651945 -0.02151809 0.1070286 3.293881 0.2002463 0.2149543 3.086953 0.381361 0.4236246 2.949991 -0.04100774 0.2583735 3.329437 -0.08137392 0.7039059 3.35815 -0.1666672 1.107025 3.329954 -0.1871642 1.453387 3.346898 0.05878838 0.6994464 3.236347 0.08528824 1.11135 3.230272 0.1764361 1.42311 3.355754  A_Throw_Close
-0.08470301 0.03130794 3.342288 -0.08219473 0.1349107 3.403879 -0.2017623 0.3055403 3.687529 -0.4759251 0.1681377 3.654927 -0.0116667 0.1080973 3.28793 0.2159965 0.2127361 3.088916 0.3979047 0.4250968 2.958851 -0.03242544 0.2594166 3.322873 -0.078696 0.704187 3.349976 -0.1659965 1.107106 3.325293 -0.1882039 1.453121 3.346606 0.06471635 0.7016624 3.231959 0.08300455 1.113994 3.224782 0.1699962 1.423887 3.357623  A_Throw_Close
-0.06625102 0.02938461 3.331635 -0.06718199 0.1329181 3.392467 -0.2063761 0.2683388 3.688298 -0.4355383 0.06773019 3.639837 0.006938176 0.1075151 3.278458 0.2464638 0.2097539 3.098099 0.4203748 0.4344887 2.978292 -0.0183578 0.2583787 3.312364 -0.07711898 0.7017814 3.336168 -0.1633444 1.105334 3.31929 -0.1889825 1.450686 3.346655 0.07379551 0.7028918 3.227885 0.07784225 1.115585 3.219444 0.1559692 1.424331 3.360228  A_Throw_Close
-0.05474303 0.02697039 3.325039 -0.05900477 0.1302786 3.385397 -0.215092 0.2467381 3.681623 -0.4102833 0.01558769 3.621811 0.01886912 0.1063789 3.273586 0.2657424 0.2091593 3.106552 0.4299452 0.4430488 2.990632 -0.01030092 0.2567064 3.306755 -0.07730578 0.6992574 3.328101 -0.1613252 1.103469 3.316784 -0.1892572 1.448414 3.346896 0.07848693 0.7025729 3.227011 0.07452126 1.115248 3.2177 0.1467651 1.424379 3.360762  A_Throw_Close
-0.03923682 0.02292693 3.316782 -0.04998992 0.1255749 3.376337 -0.2389184 0.2213176 3.660474 -0.3795755 -0.04247439 3.584732 0.03529467 0.1048275 3.26941 0.2918095 0.2121998 3.121614 0.4362448 0.4588735 3.005877 -0.000783367 0.2539426 3.301229 -0.0789436 0.6955599 3.318618 -0.1580828 1.100895 3.314753 -0.1886043 1.4455 3.346214 0.08309729 0.7013152 3.228002 0.07088734 1.113794 3.217241 0.1348872 1.42503 3.359663  A_Throw_Close
-0.02453111 0.01898348 3.309842 -0.0421556 0.1207994 3.368148 -0.2635799 0.1949023 3.633492 -0.3446686 -0.09011281 3.54806 0.05077882 0.1034654 3.267153 0.3149233 0.2172205 3.137042 0.44009 0.4729955 3.018649 0.007709282 0.2511332 3.296962 -0.08044653 0.6918491 3.310097 -0.155087 1.098039 3.31375 -0.1881797 1.442382 3.345479 0.08665259 0.6996389 3.229358 0.06831415 1.111843 3.21692 0.125017 1.425248 3.357669  A_Throw_Close
-0.008763952 0.01488888 3.303617 -0.03483103 0.1154884 3.35978 -0.292305 0.1641775 3.594356 -0.3024076 -0.1317183 3.508035 0.06714816 0.1024779 3.267215 0.3379699 0.2258782 3.154936 0.4423442 0.4883401 3.031146 0.01595529 0.2481631 3.293757 -0.08221821 0.6880019 3.301752 -0.151618 1.094965 3.313556 -0.1872534 1.439189 3.343781 0.08942164 0.6974794 3.231385 0.0668958 1.109416 3.217102 0.1164498 1.4254 3.354749  A_Throw_Close
0.008847909 0.01063812 3.29778 -0.02688692 0.1095382 3.350489 -0.31778 0.1244124 3.542909 -0.2530309 -0.1692257 3.474412 0.08481701 0.1017488 3.269256 0.3602626 0.2382579 3.176274 0.4429584 0.505163 3.045785 0.02482046 0.2448653 3.290876 -0.08375494 0.683601 3.292609 -0.1472263 1.091131 3.314177 -0.1856089 1.435302 3.341513 0.09213348 0.6948129 3.233965 0.0659544 1.106444 3.217297 0.107728 1.425305 3.350829  A_Throw_Close
0.04754253 0.00299561 3.290352 -0.01008652 0.09669614 3.33011 -0.3349324 0.01817214 3.402636 -0.1682982 -0.2402154 3.426646 0.119983 0.1018819 3.283288 0.391069 0.2765774 3.227978 0.4326255 0.5444909 3.08101 0.04279866 0.2381377 3.288418 -0.0852931 0.6743809 3.274286 -0.134007 1.082181 3.31788 -0.1727178 1.427092 3.332447 0.0971566 0.6883995 3.242394 0.06754328 1.099425 3.218212 0.09273024 1.425092 3.338853  A_Throw_Close
0.06978519 -0.0003292561 3.289936 0.0004704167 0.08942485 3.318245 -0.3065372 -0.04874647 3.313603 -0.1422208 -0.2986046 3.388959 0.136564 0.1026891 3.297272 0.3921348 0.3025792 3.260777 0.4117375 0.5653684 3.100583 0.05218472 0.2344829 3.28953 -0.08506159 0.6693347 3.264728 -0.1255129 1.076612 3.320077 -0.1557018 1.422618 3.326595 0.09947987 0.6843666 3.249895 0.07035466 1.094968 3.218878 0.08607407 1.425033 3.328684  A_Throw_Close
0.09191759 -0.003578424 3.292421 0.01308002 0.08166707 3.308293 -0.259824 -0.08936155 3.226872 -0.1566125 -0.3780602 3.260159 0.1496985 0.1026704 3.313907 0.3774565 0.326519 3.291304 0.372196 0.577396 3.112035 0.06085714 0.2301495 3.293765 -0.0839123 0.6639312 3.259609 -0.1204018 1.071443 3.315976 -0.1401493 1.418199 3.322652 0.1011788 0.6794044 3.261453 0.07593639 1.089622 3.222883 0.08296497 1.424586 3.317739  A_Throw_Close
0.117909 -0.006751418 3.297907 0.03118749 0.07287657 3.30138 -0.2062851 -0.1047583 3.140798 -0.1795568 -0.3835992 3.011799 0.1629791 0.1018819 3.331826 0.3569816 0.3443917 3.317427 0.3285329 0.569051 3.108087 0.07053824 0.2245072 3.300728 -0.08337252 0.6564912 3.258041 -0.1194854 1.065267 3.304653 -0.1373446 1.411942 3.317762 0.1006999 0.672883 3.276754 0.08112164 1.082881 3.232915 0.0814404 1.42308 3.307163  A_Throw_Close
0.1314856 -0.008100748 3.300644 0.04150184 0.06841278 3.298684 -0.1799296 -0.101779 3.101747 -0.1901565 -0.3292499 2.893756 0.1695336 0.1012363 3.339521 0.3478458 0.3505874 3.328049 0.3126647 0.5571515 3.101779 0.07530673 0.2212832 3.304033 -0.08377312 0.6519799 3.257719 -0.1203767 1.061558 3.296196 -0.1401165 1.407915 3.314107 0.09919293 0.669099 3.284772 0.08222254 1.079124 3.24011 0.08055587 1.421717 3.30236  A_Throw_Close
0.1448068 -0.00854075 3.302449 0.05194237 0.06472623 3.296392 -0.1576145 -0.09287214 3.070418 -0.1881742 -0.2656249 2.816784 0.1762012 0.1012309 3.345017 0.3426399 0.3564731 3.337231 0.3068767 0.5444731 3.095401 0.07981308 0.2185582 3.306378 -0.08509491 0.6475146 3.257133 -0.1229266 1.057727 3.286609 -0.145526 1.403597 3.309797 0.09637608 0.6658181 3.292272 0.08025284 1.075962 3.248394 0.07718165 1.420626 3.297842  A_Throw_Close
0.1548836 -0.008571029 3.303362 0.05998995 0.06205201 3.29365 -0.1330849 -0.07396317 3.038582 -0.1665995 -0.1962517 2.757459 0.1806203 0.1012579 3.348863 0.3383304 0.3607476 3.345224 0.3079647 0.5343438 3.09215 0.08278467 0.2164235 3.307457 -0.08643447 0.6439974 3.255835 -0.1248773 1.054586 3.278498 -0.1493984 1.399987 3.306257 0.09336086 0.6630862 3.298388 0.07759698 1.073356 3.255563 0.07331736 1.4195 3.293159  A_Throw_Close
0.1620159 -0.008577466 3.302639 0.06570794 0.05986953 3.289512 -0.09931116 -0.03709698 3.001715 -0.09337179 -0.09916759 2.699689 0.1827063 0.1009951 3.350809 0.3347786 0.3639126 3.353627 0.3164504 0.5287571 3.093637 0.08399244 0.2144774 3.306914 -0.088311 0.6410421 3.253603 -0.1274165 1.05181 3.271358 -0.1538007 1.396721 3.303203 0.08941074 0.6605576 3.303958 0.07310237 1.070946 3.262493 0.067158 1.41822 3.287244  A_Throw_Close
0.1703242 -0.008298278 3.299177 0.07291241 0.05783784 3.280945 -0.04890088 0.04853892 2.962992 0.02409645 0.09897351 2.667636 0.1842332 0.1003273 3.351227 0.3308959 0.36677 3.367204 0.3371279 0.5304773 3.105927 0.08534677 0.2122935 3.303957 -0.09014051 0.6377646 3.249412 -0.1314079 1.048494 3.26258 -0.1616691 1.392452 3.300666 0.08385207 0.6576205 3.31133 0.0668648 1.068057 3.270621 0.05749782 1.416022 3.279589  A_Throw_Close
0.1777051 -0.005126834 3.286354 0.08060534 0.06009638 3.262187 0.01416917 0.1812387 2.96277 0.1726889 0.3507022 2.759641 0.1843227 0.1010798 3.344043 0.329072 0.368432 3.386913 0.3721415 0.5589445 3.148262 0.08709235 0.2133311 3.29409 -0.09086184 0.6380111 3.242427 -0.1363772 1.048233 3.257289 -0.1726049 1.390374 3.30526 0.07766391 0.6580366 3.317923 0.06162449 1.068133 3.273569 0.04993768 1.41613 3.276577  A_Throw_Close
0.1814671 -0.0005030632 3.27899 0.08492072 0.06485558 3.252563 0.03725066 0.2182879 2.969128 0.2155587 0.4116077 2.808065 0.1851392 0.1042606 3.339401 0.3296629 0.3705355 3.397402 0.3874533 0.5823036 3.180795 0.08891226 0.2171662 3.288982 -0.09050547 0.6413023 3.240038 -0.1384881 1.051122 3.257929 -0.1775025 1.392238 3.310765 0.0758272 0.6616586 3.320167 0.0610673 1.071234 3.270831 0.04870387 1.419135 3.278569  A_Throw_Close
0.1837143 0.003107071 3.274425 0.08764525 0.06877089 3.246983 0.04963841 0.2363917 2.972693 0.2315962 0.4413022 2.831235 0.1859115 0.1069181 3.33657 0.3305229 0.3718868 3.404047 0.3949085 0.6006194 3.207476 0.09029599 0.2203958 3.286272 -0.08985917 0.6443245 3.239841 -0.1399368 1.053799 3.259779 -0.1808551 1.394312 3.315013 0.0758502 0.664783 3.321226 0.0621468 1.073758 3.266864 0.04866024 1.421404 3.281301  A_Throw_Close
0.1870053 0.008616924 3.268027 0.09165378 0.07472456 3.239206 0.0662163 0.2604965 2.979187 0.2508 0.4798465 2.865512 0.1870726 0.1110495 3.33255 0.3310811 0.3739343 3.412944 0.4035029 0.6238989 3.247483 0.09227784 0.2252951 3.282436 -0.08883278 0.6490051 3.239708 -0.1414727 1.058005 3.262574 -0.1846981 1.397705 3.320964 0.07615949 0.6693854 3.322556 0.06393196 1.077449 3.261419 0.04697092 1.424429 3.285194  A_Throw_Close
0.1897202 0.01400173 3.262858 0.09507711 0.0804373 3.232872 0.07846434 0.2788578 2.985172 0.258866 0.5109622 2.891951 0.1878055 0.1152365 3.329452 0.3295827 0.3765942 3.419405 0.4057531 0.6437029 3.285407 0.09361519 0.2300124 3.279412 -0.08772461 0.6540697 3.240738 -0.1408039 1.062841 3.266497 -0.18432 1.402164 3.326829 0.07741971 0.673457 3.323522 0.06594481 1.080734 3.257206 0.04587014 1.426861 3.289467  A_Throw_Close
0.1919995 0.01849711 3.258588 0.09796919 0.08520257 3.227638 0.0872304 0.2934442 2.990689 0.2632123 0.5348171 2.914028 0.1883693 0.1187067 3.326848 0.3275511 0.37887 3.424637 0.4062693 0.6572253 3.317743 0.09467705 0.2338982 3.276827 -0.08679526 0.6582909 3.241623 -0.1396072 1.066909 3.270206 -0.1827853 1.406037 3.331865 0.07848568 0.6766804 3.324361 0.06753142 1.08333 3.254222 0.04436936 1.42864 3.29259  A_Throw_Close
0.1942947 0.02363479 3.253945 0.1009842 0.09055734 3.221818 0.09320213 0.3092449 2.996672 0.2628725 0.5596228 2.936419 0.1885181 0.1226774 3.324011 0.3224324 0.3822526 3.430396 0.4014526 0.6702633 3.353519 0.09537913 0.238232 3.273795 -0.08586471 0.663331 3.242886 -0.1358868 1.071941 3.276208 -0.1763688 1.411324 3.33829 0.07960714 0.6798827 3.32563 0.06909205 1.086077 3.252837 0.04348596 1.43075 3.295184  A_Throw_Close
0.1956356 0.0268122 3.250904 0.1028045 0.09390426 3.218054 0.09530844 0.3191069 3.000617 0.2600743 0.5748897 2.950269 0.188504 0.1250905 3.322074 0.3182833 0.3844379 3.434724 0.3965758 0.6772397 3.377786 0.09576465 0.2409091 3.271727 -0.08520578 0.6665002 3.243614 -0.132816 1.075059 3.280859 -0.1709614 1.414738 3.342804 0.08027478 0.6817621 3.326589 0.06991042 1.087677 3.25223 0.04256232 1.431947 3.296706  A_Throw_Close
0.1962212 0.02919817 3.248538 0.1037543 0.09644842 3.215179 0.09371652 0.326668 3.003228 0.2538184 0.5864458 2.958614 0.1881588 0.1269239 3.320461 0.3134136 0.3865385 3.439394 0.3893145 0.6825436 3.397867 0.09580256 0.24299 3.26998 -0.08462678 0.6691029 3.244001 -0.1291084 1.077556 3.285977 -0.1641277 1.417739 3.346996 0.08062233 0.6831474 3.32765 0.07022686 1.088897 3.252399 0.04158087 1.432963 3.297631  A_Throw_Close
0.1957697 0.03095531 3.245787 0.1037783 0.09860396 3.212076 0.08790518 0.3344213 3.005905 0.2407751 0.5992999 2.966186 0.1870533 0.128057 3.318542 0.3062012 0.3879725 3.446635 0.3775181 0.6872171 3.424933 0.09538157 0.2446686 3.26807 -0.08366655 0.6716409 3.244582 -0.1241967 1.07981 3.292848 -0.1547497 1.420757 3.351971 0.08124222 0.6841126 3.329146 0.07042612 1.08963 3.252712 0.04007925 1.433495 3.298357  A_Throw_Close
0.1940004 0.03128004 3.24456 0.1022822 0.09938335 3.211004 0.08014782 0.3376129 3.006572 0.2276091 0.6055076 2.966634 0.1855767 0.1281388 3.317645 0.3010008 0.3882022 3.452343 0.3682922 0.6889791 3.441875 0.09452643 0.2453312 3.267394 -0.08286802 0.67305 3.245011 -0.1211809 1.080966 3.297083 -0.1486832 1.422504 3.354257 0.08179827 0.6846085 3.330175 0.07031615 1.08997 3.253015 0.03902622 1.433807 3.298237  A_Throw_Close
0.1913752 0.03105545 3.243739 0.09989162 0.09970796 3.210624 0.07086785 0.3393453 3.006546 0.2126566 0.6099642 2.964488 0.1837257 0.1277965 3.31702 0.2963264 0.3878233 3.457329 0.3597196 0.6896245 3.456001 0.09332331 0.2456567 3.267163 -0.0820462 0.6741962 3.245607 -0.1191965 1.08188 3.300276 -0.144526 1.42387 3.355731 0.08255716 0.6849869 3.330994 0.07022239 1.090264 3.253523 0.03841652 1.434112 3.298295  A_Throw_Close
0.1869679 0.0301404 3.243286 0.09573324 0.09960079 3.211102 0.05728127 0.3396827 3.005744 0.1915912 0.6132718 2.958655 0.1809266 0.1268951 3.316622 0.2913622 0.3866633 3.462571 0.3503869 0.6892665 3.469767 0.09136935 0.2456957 3.267476 -0.08098964 0.6753433 3.246552 -0.1180898 1.082818 3.302788 -0.142195 1.4252 3.356337 0.08378156 0.6853826 3.331706 0.07014032 1.090653 3.254418 0.03826286 1.434571 3.298602  A_Throw_Close
0.17941 0.02810347 3.243225 0.08856864 0.09884334 3.212732 0.03497978 0.3386405 3.004585 0.1565636 0.6163325 2.94791 0.1762681 0.1250055 3.31647 0.2847576 0.384023 3.468996 0.3380008 0.6872769 3.486507 0.08796884 0.2452272 3.268518 -0.07963817 0.6765057 3.248134 -0.1175276 1.083836 3.304892 -0.1412621 1.426563 3.356355 0.08582021 0.6856931 3.332042 0.06994154 1.091181 3.25634 0.03869863 1.435249 3.299804  A_Throw_Close
0.1735177 0.02632487 3.243475 0.082994 0.09802222 3.21433 0.01790102 0.3371161 3.004253 0.1292705 0.6174836 2.940233 0.1726889 0.1233714 3.316553 0.2804041 0.3816183 3.472967 0.3299331 0.6850672 3.49684 0.08531226 0.2446203 3.269506 -0.07875346 0.6770422 3.249296 -0.117599 1.084338 3.30565 -0.1418007 1.427205 3.355958 0.08738859 0.6857318 3.331897 0.06980492 1.091476 3.257965 0.03931828 1.435668 3.300978  A_Throw_Close
0.1653502 0.02384472 3.244357 0.07518812 0.09667957 3.217148 -0.005869014 0.3349658 3.006489 0.0905145 0.6184815 2.932756 0.1677088 0.1211708 3.317034 0.2751204 0.3781837 3.477527 0.3204661 0.6818412 3.506516 0.0813017 0.2435801 3.271218 -0.07850294 0.6773045 3.251099 -0.117952 1.084734 3.306049 -0.1426361 1.42775 3.355084 0.08908118 0.6856193 3.330773 0.06952204 1.091864 3.26016 0.04098352 1.436217 3.303226  A_Throw_Close
0.1578955 0.02153623 3.245289 0.06809409 0.09537399 3.219836 -0.02737371 0.3328723 3.010183 0.05485703 0.618795 2.928981 0.1631423 0.1190993 3.31751 0.270498 0.3747489 3.481409 0.3125112 0.6784768 3.514403 0.07759012 0.2425058 3.272777 -0.07844792 0.6773325 3.252649 -0.1182989 1.084897 3.306291 -0.1433614 1.42803 3.35431 0.09047945 0.6853236 3.329468 0.06935604 1.092036 3.262072 0.04268898 1.436519 3.305296  A_Throw_Close
0.1495568 0.0191015 3.246881 0.06001003 0.09383309 3.223462 -0.05021916 0.3312197 3.01854 0.01731016 0.6188287 2.930063 0.1580018 0.1170402 3.318311 0.2661141 0.3710701 3.48514 0.3055366 0.6749776 3.519642 0.07304008 0.2412755 3.274763 -0.0792328 0.6771871 3.2544 -0.1187362 1.084989 3.306478 -0.1436909 1.428238 3.35371 0.09128465 0.6848335 3.327659 0.0691479 1.092059 3.263777 0.04475202 1.43661 3.307795  A_Throw_Close
0.1417658 0.01684582 3.248444 0.05251004 0.09241211 3.226902 -0.07075463 0.3297356 3.027597 -0.01708583 0.6185775 2.933802 0.1531688 0.1150998 3.319045 0.2621817 0.3674089 3.488381 0.2997185 0.6713932 3.524282 0.06877424 0.2400914 3.276571 -0.08001547 0.6769711 3.255903 -0.1191797 1.084978 3.306607 -0.1439938 1.42833 3.353169 0.09190322 0.6842514 3.32585 0.06905462 1.091937 3.265239 0.04675962 1.436538 3.309969  A_Throw_Close
0.1318383 0.01418102 3.250926 0.04284908 0.09066284 3.231847 -0.0930209 0.3289554 3.042449 -0.054772 0.6181623 2.94243 0.146992 0.1129038 3.320147 0.2584715 0.3633444 3.490721 0.2945162 0.6674486 3.527132 0.06303777 0.2386584 3.279076 -0.08155601 0.6767018 3.257782 -0.1201003 1.084975 3.30679 -0.1444999 1.428487 3.352377 0.09193678 0.6833729 3.323792 0.0689332 1.091531 3.266508 0.04885675 1.436158 3.312084  A_Throw_Close
0.1208684 0.01137626 3.253878 0.03225513 0.08886278 3.237495 -0.1151404 0.3284119 3.059534 -0.09453939 0.6177812 2.954898 0.1400942 0.1105665 3.321381 0.2549513 0.3590295 3.492201 0.2898239 0.6631721 3.529424 0.05661686 0.2371241 3.281833 -0.08347009 0.6763778 3.259766 -0.1213373 1.084903 3.307182 -0.1451837 1.428599 3.351654 0.09161593 0.6822894 3.321503 0.0688463 1.090947 3.267803 0.05125411 1.435609 3.314137  A_Throw_Close
0.1122763 0.009332776 3.256419 0.02398212 0.08757281 3.242142 -0.129897 0.3283442 3.07274 -0.1232509 0.6175463 2.96585 0.1346305 0.1088771 3.322394 0.2529417 0.3562516 3.491811 0.2869336 0.6603864 3.529904 0.05145617 0.2360002 3.284038 -0.08525996 0.6761513 3.261357 -0.1225926 1.08483 3.307864 -0.1458856 1.428695 3.351317 0.09094931 0.6813795 3.319877 0.06875546 1.090406 3.268806 0.05309059 1.435114 3.315482  A_Throw_Close
0.1037873 0.007424235 3.259046 0.01587792 0.08641922 3.246812 -0.1437293 0.3283665 3.085643 -0.1509727 0.6174583 2.978494 0.1291674 0.1072758 3.323414 0.2511273 0.3536472 3.490954 0.2844156 0.6577262 3.530098 0.04631956 0.2349524 3.286208 -0.0871409 0.675942 3.262872 -0.1238865 1.084754 3.308668 -0.1465401 1.428793 3.351065 0.09010185 0.6804704 3.318244 0.06864621 1.089854 3.269783 0.05496325 1.434609 3.316733  A_Throw_Close
0.09519865 0.005651474 3.261928 0.007717865 0.08538949 3.251666 -0.1571189 0.327968 3.096741 -0.1783807 0.6165836 2.990174 0.1235139 0.1058012 3.324549 0.2499835 0.3519683 3.488262 0.2826228 0.6559049 3.529025 0.0409713 0.2339908 3.288444 -0.08943491 0.6757625 3.264533 -0.1253446 1.084655 3.310274 -0.1469571 1.428933 3.351251 0.08873947 0.6795579 3.316888 0.06831481 1.089307 3.271147 0.05683239 1.434132 3.318173  A_Throw_Close
0.08595879 0.003897786 3.265133 -0.0009809565 0.08445501 3.25697 -0.1709911 0.3278918 3.109069 -0.2069422 0.6159628 3.005002 0.1173746 0.1043129 3.32578 0.2486358 0.3501403 3.485296 0.2808108 0.6538705 3.527924 0.0352024 0.2330625 3.290842 -0.09193669 0.6756366 3.266222 -0.1269133 1.084614 3.311924 -0.1474169 1.429137 3.351386 0.08717699 0.6786206 3.315323 0.06800188 1.088743 3.272483 0.0589055 1.433634 3.319553  A_Throw_Close
0.07345374 0.001881599 3.269644 -0.01268898 0.08351016 3.264031 -0.1911473 0.3270844 3.123817 -0.2443336 0.613888 3.023705 0.1086792 0.102572 3.327621 0.2475814 0.34885 3.47926 0.2809422 0.6521793 3.523788 0.02702184 0.2320303 3.294124 -0.09615426 0.6755432 3.268815 -0.129002 1.084598 3.315397 -0.1470645 1.429549 3.352223 0.08404155 0.6774938 3.313839 0.06689902 1.088117 3.275136 0.06154181 1.433162 3.321646  A_Throw_Close
0.06501497 0.0007488728 3.272778 -0.02052943 0.08310699 3.268834 -0.2044813 0.3268938 3.134271 -0.2681932 0.6127754 3.03773 0.1027105 0.1015663 3.328904 0.2467637 0.3481009 3.474966 0.2815233 0.6511148 3.520557 0.02143206 0.2315056 3.296362 -0.09912793 0.6756091 3.270571 -0.1304077 1.084714 3.317784 -0.1467554 1.429939 3.352802 0.08173187 0.6768569 3.312876 0.06608976 1.087791 3.276929 0.06325008 1.43294 3.322884  A_Throw_Close
0.05522456 -0.0002841949 3.276384 -0.02961527 0.08288836 3.274227 -0.220196 0.32692 3.146851 -0.2917992 0.612204 3.054149 0.09551705 0.1005955 3.330491 0.2461034 0.3476484 3.469314 0.2842176 0.6503104 3.514563 0.01468398 0.2310839 3.299055 -0.1030825 0.6757921 3.272975 -0.1320883 1.084956 3.321124 -0.1460383 1.430497 3.353995 0.07845123 0.6762836 3.312305 0.06461735 1.087546 3.279508 0.06477036 1.432885 3.3241  A_Throw_Close
0.04552217 -0.001016974 3.280054 -0.0385714 0.08296406 3.279653 -0.2349696 0.3276004 3.160192 -0.3130597 0.6126255 3.072043 0.08830608 0.0998677 3.332128 0.2452915 0.3473332 3.46349 0.2872035 0.6496335 3.507788 0.007936196 0.2309059 3.301812 -0.1071223 0.6761684 3.275432 -0.1339343 1.085388 3.324375 -0.145591 1.431221 3.354988 0.07501955 0.675927 3.311843 0.06306829 1.087477 3.282058 0.06604959 1.433011 3.325018  A_Throw_Close
0.03674765 -0.00157094 3.283419 -0.04666118 0.08312082 3.284627 -0.2468588 0.3291841 3.173567 -0.3272426 0.6149408 3.089967 0.08165993 0.09924078 3.33373 0.2446998 0.3470707 3.457847 0.2909754 0.6491224 3.499413 0.001697557 0.2307863 3.304555 -0.1110945 0.6764722 3.278043 -0.1362479 1.08575 3.327376 -0.1461229 1.431841 3.355614 0.07153429 0.6756629 3.311919 0.06126084 1.08743 3.284601 0.06663795 1.433208 3.325295  A_Throw_Close
0.02745082 -0.002113104 3.28707 -0.05518506 0.08333683 3.289979 -0.2584032 0.331269 3.188058 -0.3404168 0.6179935 3.109507 0.07456477 0.09857798 3.335476 0.2438936 0.3466516 3.451682 0.2949918 0.6483768 3.48983 -0.004934175 0.2306712 3.307535 -0.1153967 0.6767598 3.280868 -0.1388292 1.086104 3.330495 -0.1468888 1.432443 3.356145 0.06769939 0.6753913 3.3121 0.05931767 1.087363 3.287346 0.0670308 1.43339 3.325474  A_Throw_Close
0.01366051 -0.002863288 3.292603 -0.06775378 0.08371401 3.298112 -0.2718048 0.3360286 3.209851 -0.3532325 0.6248819 3.138852 0.0639279 0.09753108 3.338191 0.2427249 0.3456542 3.442062 0.3019089 0.6467513 3.472757 -0.01483266 0.2304772 3.312278 -0.1222197 0.6769869 3.28551 -0.1434211 1.086466 3.335029 -0.1491843 1.433133 3.356543 0.06146111 0.6750652 3.313064 0.05615242 1.087292 3.291982 0.06692721 1.433714 3.325501  A_Throw_Close
0.002697067 -0.003417015 3.297107 -0.07764702 0.0840894 3.304722 -0.2794956 0.3410158 3.226961 -0.3600789 0.6318168 3.163331 0.05542572 0.0966537 3.340374 0.241792 0.3444619 3.433896 0.307575 0.6449049 3.456504 -0.0226473 0.2303249 3.316167 -0.127944 0.6769777 3.289282 -0.1470472 1.086571 3.338714 -0.1508904 1.433428 3.357389 0.05611618 0.6749514 3.314167 0.05371268 1.087344 3.296004 0.06657417 1.434076 3.325325  A_Throw_Close
-0.006934566 -0.003851414 3.301228 -0.08626269 0.08449125 3.310673 -0.2848002 0.3458298 3.24179 -0.3640305 0.6384259 3.185066 0.04790397 0.09588194 3.342403 0.2407988 0.3431252 3.426539 0.312154 0.6428009 3.440939 -0.02948104 0.2302144 3.319694 -0.13303 0.6769249 3.292645 -0.1502421 1.086626 3.341874 -0.1524827 1.433613 3.358271 0.05132302 0.6749057 3.31526 0.05158379 1.087407 3.299575 0.06576373 1.434395 3.324993  A_Throw_Close
-0.01354508 -0.004124045 3.304203 -0.09213041 0.08481181 3.314887 -0.2873017 0.3495084 3.251776 -0.365139 0.6434203 3.200156 0.04271593 0.09534061 3.343919 0.2401527 0.3419697 3.421455 0.3151903 0.640992 3.429164 -0.0341324 0.2301494 3.322233 -0.1365527 0.6768437 3.295017 -0.1524809 1.086634 3.343937 -0.1537502 1.433685 3.359029 0.0479786 0.6749224 3.316137 0.05008366 1.087477 3.302068 0.06477644 1.434648 3.32452  A_Throw_Close
-0.01978676 -0.004352093 3.307101 -0.0976399 0.08514738 3.318939 -0.2892889 0.3530024 3.26111 -0.3655514 0.6481428 3.214379 0.0377927 0.09484184 3.34542 0.2394272 0.3407669 3.416615 0.3177227 0.6390505 3.41764 -0.03851978 0.2301043 3.324688 -0.1398581 0.6767815 3.297298 -0.1545939 1.086673 3.345739 -0.1550271 1.433775 3.359661 0.04483064 0.6749389 3.317002 0.04868307 1.087529 3.304441 0.06357117 1.43486 3.324119  A_Throw_Close
-0.02544378 -0.004538417 3.309971 -0.1025995 0.08548021 3.322839 -0.2903557 0.3563567 3.269546 -0.3651494 0.6525695 3.227458 0.03331609 0.09438908 3.347023 0.2389377 0.3394428 3.412355 0.3199365 0.6369362 3.405928 -0.04247389 0.2300732 3.327146 -0.1427759 0.676747 3.299573 -0.1565701 1.086821 3.346728 -0.1565948 1.433952 3.359929 0.04204704 0.6749361 3.317978 0.04738512 1.087549 3.30679 0.06202992 1.435038 3.323668  A_Throw_Close
-0.03284971 -0.004740357 3.313817 -0.1090547 0.08595896 3.328018 -0.2914171 0.3606801 3.280422 -0.3638386 0.6583023 3.244593 0.02742852 0.09382021 3.349179 0.2380943 0.3375969 3.406678 0.3222614 0.6338235 3.390245 -0.04764847 0.2300574 3.33041 -0.1465685 0.6767296 3.302582 -0.159128 1.087057 3.347841 -0.1586285 1.434221 3.360129 0.0384164 0.6749315 3.319282 0.04574307 1.087559 3.30989 0.05963703 1.43523 3.323308  A_Throw_Close
-0.03870467 -0.004864335 3.317141 -0.1141105 0.08636594 3.332417 -0.2919089 0.36406 3.289032 -0.3626494 0.6626528 3.258281 0.02277501 0.09339738 3.351129 0.2374346 0.3360023 3.402151 0.3236953 0.6309813 3.376639 -0.05173574 0.230065 3.333254 -0.1494462 0.6767977 3.305227 -0.1609806 1.087466 3.347576 -0.160184 1.434646 3.359359 0.03565695 0.6748652 3.320545 0.0445986 1.087494 3.312728 0.05739345 1.435304 3.323339  A_Throw_Close
-0.044803 -0.004953623 3.320693 -0.1193379 0.08683443 3.337087 -0.2923014 0.3674997 3.297865 -0.3609034 0.6671047 3.272604 0.01791974 0.09298229 3.353205 0.2365648 0.3342922 3.397226 0.3246634 0.6277291 3.362045 -0.05597607 0.2301011 3.336258 -0.1524159 0.6768945 3.307988 -0.1628682 1.087899 3.347244 -0.161668 1.435092 3.358624 0.03279962 0.6748073 3.321858 0.04343506 1.087424 3.315694 0.05457886 1.435361 3.323655  A_Throw_Close
-0.04948423 -0.004981995 3.323648 -0.123288 0.08724833 3.340947 -0.2928701 0.3700426 3.304676 -0.3602977 0.6702319 3.283526 0.01423468 0.09269404 3.354917 0.2357821 0.3330501 3.392916 0.3249979 0.6250647 3.349645 -0.05917237 0.2301643 3.338708 -0.1546256 0.6770101 3.310177 -0.1641036 1.088275 3.346861 -0.1623813 1.435462 3.358377 0.0306709 0.6747708 3.322895 0.04253449 1.087372 3.318116 0.05172475 1.435406 3.324095  A_Throw_Close
-0.05374769 -0.004986286 3.326378 -0.1268637 0.08765078 3.344496 -0.2933182 0.3723385 3.3108 -0.3592741 0.673103 3.293538 0.01086922 0.09244227 3.356493 0.2349137 0.3319023 3.38889 0.3248917 0.6224803 3.338169 -0.06207417 0.2302361 3.340952 -0.1566245 0.6771251 3.312164 -0.1652436 1.088611 3.346514 -0.1630345 1.43579 3.358154 0.02873995 0.6747453 3.323821 0.0417315 1.087325 3.320296 0.04879554 1.435431 3.324816  A_Throw_Close
-0.05702929 -0.004962325 3.328796 -0.1295372 0.08802938 3.347595 -0.2942715 0.3740605 3.315646 -0.3598152 0.6750411 3.300743 0.008351998 0.09224975 3.357891 0.2338115 0.3314052 3.385074 0.3236195 0.6207951 3.327694 -0.06417857 0.2303208 3.342887 -0.1580424 0.677213 3.313774 -0.1661999 1.088829 3.346644 -0.163799 1.436002 3.358422 0.02737858 0.6747616 3.324479 0.04102649 1.087328 3.321939 0.04558172 1.435488 3.32538  A_Throw_Close
-0.0628932 -0.004842401 3.333234 -0.1342608 0.08880806 3.353222 -0.2961417 0.3771785 3.323957 -0.3606694 0.6785352 3.312654 0.003850298 0.09194267 3.360487 0.2320073 0.3299769 3.378136 0.3216611 0.616796 3.308845 -0.06786864 0.2305351 3.34642 -0.1604499 0.6774185 3.316673 -0.1678935 1.089251 3.346898 -0.1651883 1.436423 3.35864 0.02506466 0.6748415 3.325575 0.03982862 1.087376 3.324682 0.03926935 1.435573 3.327252  A_Throw_Close
-0.06554155 -0.004760742 3.335441 -0.1363422 0.08921742 3.355985 -0.2972613 0.378617 3.327595 -0.3615575 0.6800534 3.31712 0.001848178 0.09179795 3.361817 0.2307398 0.3295583 3.374718 0.3196874 0.6151583 3.299715 -0.06944297 0.2306544 3.348184 -0.1614285 0.6775073 3.318109 -0.168708 1.089431 3.347104 -0.1659949 1.436614 3.358513 0.02413036 0.6749066 3.326028 0.03926631 1.087429 3.325804 0.03596999 1.43561 3.328463  A_Throw_Close
-0.06900196 -0.004618287 3.338371 -0.1390324 0.08980119 3.359657 -0.298833 0.3805493 3.331999 -0.3629321 0.6820379 3.32183 -0.0007631014 0.09161401 3.363603 0.2286999 0.329127 3.370069 0.3163028 0.6130868 3.287625 -0.0714504 0.2308358 3.350565 -0.1626529 0.6776353 3.320138 -0.1697181 1.089675 3.347489 -0.1669775 1.43687 3.358524 0.0229636 0.6750199 3.326559 0.03872957 1.087518 3.327139 0.03207453 1.435646 3.330345  A_Throw_Close
-0.07175665 -0.004471898 3.340749 -0.141148 0.09031034 3.362642 -0.3002012 0.3821257 3.3352 -0.3643287 0.683592 3.32456 -0.002836866 0.0914737 3.365075 0.2267279 0.3288919 3.366221 0.3128879 0.6115187 3.277887 -0.07300304 0.2310045 3.352534 -0.1635772 0.6777494 3.321896 -0.1704734 1.089879 3.347908 -0.1676943 1.437081 3.358698 0.02208205 0.6751364 3.326931 0.03848108 1.087609 3.328087 0.02941545 1.435675 3.331965  A_Throw_Close
-0.07354914 -0.004348278 3.342453 -0.1425027 0.09068072 3.36478 -0.3009962 0.3832624 3.337101 -0.3650707 0.6846948 3.325247 -0.004173798 0.09139359 3.36615 0.2249966 0.3289895 3.363328 0.3097056 0.6107934 3.271049 -0.07397757 0.231138 3.35397 -0.1641996 0.67782 3.323247 -0.1709549 1.090015 3.348234 -0.1681085 1.437222 3.358887 0.021486 0.6752578 3.327226 0.03844788 1.087706 3.32876 0.02807732 1.435731 3.333135  A_Throw_Close
-0.07542984 -0.004199743 3.344317 -0.1439101 0.09109378 3.367116 -0.3017951 0.3844945 3.339009 -0.3658259 0.685865 3.325467 -0.005572958 0.09131908 3.367336 0.2229335 0.3291954 3.360123 0.3058431 0.6101375 3.263677 -0.07498245 0.2312932 3.355548 -0.164859 0.6778964 3.324759 -0.1714576 1.090162 3.3486 -0.1685176 1.437371 3.35912 0.02084919 0.6754085 3.327559 0.03847708 1.087827 3.329486 0.02686073 1.435805 3.334432  A_Throw_Close
-0.07686071 -0.004057527 3.345984 -0.1449692 0.09145308 3.369145 -0.3021135 0.3855964 3.340368 -0.3657798 0.6869366 3.324613 -0.006633682 0.09128237 3.368433 0.2207364 0.3297299 3.357294 0.3015318 0.6101379 3.257555 -0.07572095 0.2314388 3.35692 -0.1653196 0.6779766 3.32601 -0.1718194 1.090302 3.348818 -0.1688009 1.437512 3.359303 0.02040036 0.6755444 3.327937 0.03841605 1.087945 3.330118 0.02606227 1.43589 3.335545  A_Throw_Close
-0.07810132 -0.003920674 3.347508 -0.1458814 0.0917834 3.370983 -0.3023116 0.3865871 3.341513 -0.3655971 0.6878844 3.323555 -0.007553501 0.09125996 3.369445 0.2186076 0.3302923 3.354735 0.2973168 0.6102588 3.252129 -0.07635264 0.2315767 3.358162 -0.1657049 0.6780561 3.327123 -0.1721276 1.090434 3.348988 -0.169036 1.437644 3.359461 0.02002199 0.675671 3.328302 0.03834232 1.088057 3.330687 0.0254152 1.435974 3.336558  A_Throw_Close
-0.07921599 -0.003765225 3.349143 -0.1467196 0.0921253 3.372844 -0.3021415 0.3876424 3.342305 -0.3646459 0.6889146 3.321431 -0.008403046 0.09127533 3.370595 0.2159235 0.3312931 3.352337 0.2918898 0.6110742 3.24719 -0.07693194 0.2317325 3.359417 -0.165954 0.6781827 3.32808 -0.1723805 1.090606 3.349071 -0.1692612 1.43781 3.359728 0.01977517 0.6757728 3.32873 0.03821512 1.088153 3.331163 0.02528437 1.436062 3.337492  A_Throw_Close
-0.08043711 -0.003537536 3.351277 -0.1476447 0.09257078 3.375216 -0.3015483 0.3890343 3.343158 -0.3628014 0.6902629 3.318322 -0.009346588 0.09134221 3.372154 0.2120937 0.3329265 3.349519 0.2841008 0.612697 3.241594 -0.07756315 0.2319559 3.361033 -0.1662148 0.6783592 3.329241 -0.1727195 1.090836 3.349132 -0.1696086 1.438028 3.360156 0.01951517 0.6759284 3.329288 0.03837659 1.08829 3.331649 0.02630766 1.436226 3.338208  A_Throw_Close
-0.08095931 -0.003403783 3.35241 -0.1480438 0.0928067 3.376449 -0.3010285 0.3897871 3.343531 -0.3614903 0.6909893 3.316531 -0.009756071 0.09140229 3.373014 0.2099013 0.3339614 3.348185 0.2796261 0.6138468 3.239065 -0.07782851 0.2320853 3.361887 -0.1663279 0.678455 3.329824 -0.1729101 1.090957 3.349141 -0.1698255 1.438142 3.360422 0.01940198 0.6760279 3.329584 0.03866001 1.088372 3.331833 0.02752008 1.43634 3.338284  A_Throw_Close
-0.08107333 -0.003295779 3.353132 -0.148127 0.09295607 3.377211 -0.3002826 0.3903512 3.343663 -0.3599667 0.6915744 3.315205 -0.00984381 0.09147704 3.373629 0.2083464 0.3348746 3.347599 0.2764312 0.6150242 3.238122 -0.07785498 0.2321869 3.362467 -0.1664023 0.6784959 3.330202 -0.1730598 1.091017 3.34908 -0.170004 1.438195 3.36057 0.01932837 0.6761497 3.329796 0.03917297 1.088467 3.33179 0.02935155 1.436487 3.3376  A_Throw_Close
-0.08119671 -0.003177643 3.353911 -0.1482168 0.09311926 3.378033 -0.2994783 0.3909523 3.343799 -0.35833 0.6921861 3.31376 -0.009938641 0.09155917 3.374292 0.2066561 0.33585 3.34697 0.2729655 0.6162766 3.237114 -0.07788341 0.2322981 3.363092 -0.1664823 0.6785414 3.330609 -0.1732216 1.091083 3.349013 -0.1701955 1.438254 3.36073 0.01924898 0.6762823 3.330023 0.03972765 1.08857 3.331741 0.03133817 1.436637 3.336898  A_Throw_Close
-0.08115439 -0.003061533 3.35448 -0.1481785 0.09325016 3.378627 -0.2983817 0.391554 3.343738 -0.3561606 0.6928463 3.312243 -0.009901924 0.09165144 3.374846 0.2051692 0.3368169 3.346784 0.2700131 0.6176861 3.237184 -0.0778123 0.2324039 3.363608 -0.1665438 0.6785713 3.330933 -0.1733524 1.091133 3.348861 -0.170343 1.438297 3.360779 0.01918848 0.6764303 3.330238 0.04029335 1.088688 3.331518 0.03361841 1.436805 3.335753  A_Throw_Close
-0.08107273 -0.002928972 3.355081 -0.1481092 0.09339333 3.379254 -0.2970729 0.3922307 3.343621 -0.3535839 0.6935882 3.31049 -0.009833677 0.0917592 3.375451 0.2035117 0.3379065 3.346661 0.2667492 0.6193064 3.237484 -0.07771127 0.2325239 3.364169 -0.1666099 0.6786032 3.331281 -0.1734947 1.091187 3.348666 -0.1705011 1.438343 3.360809 0.01912345 0.6766026 3.330477 0.04094024 1.088825 3.331225 0.03628524 1.436985 3.334451  A_Throw_Close
-0.08083265 -0.002790689 3.35548 -0.1479203 0.0935092 3.379682 -0.2954806 0.3929138 3.343403 -0.3504743 0.6943818 3.308759 -0.009642882 0.09188449 3.375941 0.2019835 0.3390489 3.346921 0.2639121 0.6212028 3.238947 -0.07752489 0.2326448 3.36463 -0.1666357 0.6786402 3.331555 -0.1736669 1.091244 3.348392 -0.1707473 1.438393 3.360756 0.01909901 0.6767821 3.33072 0.04149492 1.088974 3.330761 0.03914906 1.437165 3.332947  A_Throw_Close
-0.08063023 -0.002683163 3.355762 -0.1477615 0.09359598 3.379987 -0.2942179 0.393436 3.34322 -0.3480121 0.694985 3.307417 -0.009482486 0.09198308 3.376305 0.2008116 0.3399303 3.34716 0.2617582 0.6226832 3.240198 -0.07737164 0.2327383 3.364972 -0.1666509 0.6786693 3.331756 -0.1738029 1.091288 3.348167 -0.1709458 1.438432 3.360703 0.01908483 0.6769214 3.330904 0.0419152 1.089089 3.33038 0.04137917 1.437292 3.331864  A_Throw_Close
-0.0802028 -0.002548575 3.355975 -0.1474245 0.0936774 3.380228 -0.2925746 0.3939931 3.342962 -0.3448758 0.6956519 3.305895 -0.009141786 0.09212387 3.37666 0.1996335 0.3410083 3.347737 0.2597963 0.6246414 3.24268 -0.07708119 0.2328523 3.365298 -0.1666134 0.678706 3.331911 -0.1739869 1.091339 3.347849 -0.17127 1.438476 3.360602 0.01912393 0.6770979 3.331128 0.04230239 1.089244 3.329823 0.04405935 1.437446 3.330631  A_Throw_Close
-0.07972805 -0.002410173 3.356161 -0.1470496 0.09375608 3.380445 -0.2908697 0.3945397 3.342687 -0.3416362 0.6963028 3.304354 -0.008762939 0.09227157 3.377 0.1984787 0.3421006 3.348374 0.2579336 0.6266481 3.245407 -0.07676159 0.2329688 3.365606 -0.166561 0.6787433 3.332045 -0.1741745 1.09139 3.347512 -0.1716112 1.438519 3.360492 0.01917787 0.6772792 3.331349 0.0426711 1.089404 3.329232 0.04675408 1.437587 3.329541  A_Throw_Close
-0.07913093 -0.002269745 3.356257 -0.1465753 0.09382105 3.380565 -0.2891498 0.3950046 3.3424 -0.3384135 0.6968729 3.302951 -0.008284135 0.09243286 3.377263 0.1975952 0.3431329 3.349155 0.2568305 0.6286495 3.248777 -0.07636856 0.2330844 3.365817 -0.1664544 0.6787828 3.332078 -0.1743446 1.091439 3.34716 -0.1719671 1.43856 3.360398 0.01928599 0.6774612 3.33155 0.04288771 1.089575 3.328606 0.04921092 1.437724 3.32869  A_Throw_Close
-0.07848422 -0.002122283 3.356334 -0.1460582 0.09388816 3.380665 -0.2873531 0.3954642 3.342098 -0.3350526 0.6974358 3.301534 -0.007762535 0.0926038 3.377516 0.196755 0.3441721 3.349984 0.2560258 0.6307022 3.252558 -0.0759397 0.2332052 3.366005 -0.1663064 0.6788324 3.332079 -0.1744825 1.091497 3.346782 -0.1722959 1.438608 3.360304 0.01943542 0.6776431 3.33174 0.04303714 1.08975 3.32792 0.05158516 1.437851 3.327998  A_Throw_Close
-0.07787143 -0.001987576 3.356372 -0.1455632 0.09394765 3.380718 -0.285757 0.3958374 3.341836 -0.3320749 0.6979002 3.300361 -0.007263465 0.0927614 3.377711 0.1961523 0.3450402 3.350751 0.2559129 0.6324871 3.256372 -0.07552861 0.2333137 3.366122 -0.1661135 0.6788923 3.332029 -0.1745401 1.091562 3.346435 -0.1725216 1.438663 3.360232 0.01962908 0.6777921 3.331883 0.04303505 1.089902 3.327263 0.0534177 1.437953 3.327548  A_Throw_Close
-0.07738499 -0.001877546 3.356411 -0.1451694 0.09399891 3.380759 -0.2844968 0.396121 3.341621 -0.329714 0.6982529 3.299439 -0.006866438 0.09289122 3.377873 0.1957296 0.3457007 3.351388 0.256154 0.6338753 3.259689 -0.07520162 0.233403 3.366206 -0.1659367 0.6789513 3.331972 -0.1745739 1.091625 3.34614 -0.1726984 1.438718 3.360155 0.01980622 0.6779036 3.331981 0.04303749 1.090015 3.326693 0.05486162 1.43802 3.327244  A_Throw_Close
-0.07691251 -0.001763701 3.356465 -0.1447857 0.09405637 3.3808 -0.2832824 0.396381 3.341403 -0.3274223 0.6985788 3.298557 -0.006479545 0.09302616 3.378044 0.1954083 0.3463035 3.352056 0.2569217 0.6351942 3.263384 -0.07488333 0.2334962 3.366276 -0.1657278 0.6790282 3.331892 -0.1745891 1.091705 3.345826 -0.1728685 1.438791 3.360049 0.0200152 0.6780023 3.33205 0.04304429 1.090115 3.32606 0.05628296 1.438069 3.326961  A_Throw_Close
-0.07642661 -0.001648903 3.356514 -0.1443918 0.09411287 3.380832 -0.2820601 0.3966315 3.341169 -0.3251202 0.6988914 3.297668 -0.006082339 0.09316397 3.378212 0.1951081 0.3469027 3.352737 0.2578043 0.6364937 3.267234 -0.07455777 0.23359 3.366336 -0.1655177 0.6791053 3.331807 -0.174598 1.091785 3.345506 -0.1730277 1.438863 3.359943 0.02022524 0.6781031 3.332117 0.04305537 1.090216 3.325409 0.05769934 1.438112 3.326738  A_Throw_Close
-0.07591109 -0.00152564 3.356538 -0.1439789 0.09417284 3.380816 -0.2809123 0.3968294 3.340873 -0.3229774 0.6991497 3.296823 -0.005665822 0.09332001 3.37836 0.1949674 0.3474555 3.353465 0.2594097 0.6377248 3.27164 -0.07422571 0.2336931 3.366347 -0.1653283 0.6791897 3.331706 -0.1745779 1.091873 3.345195 -0.1731163 1.438941 3.359869 0.02041449 0.67822 3.332167 0.04307904 1.09033 3.324722 0.05916526 1.438159 3.326567  A_Throw_Close
-0.07532673 -0.001392722 3.356538 -0.1435111 0.09423411 3.380768 -0.2796687 0.3970251 3.340523 -0.3206749 0.6994079 3.295907 -0.00519423 0.09349108 3.378499 0.1948478 0.3480513 3.354262 0.2612604 0.6390166 3.27659 -0.07385014 0.2338042 3.366335 -0.1651269 0.6792768 3.331594 -0.1745525 1.091963 3.344869 -0.1732023 1.43902 3.359816 0.02061559 0.6783528 3.332223 0.04309453 1.090457 3.323983 0.06070467 1.438209 3.326478  A_Throw_Close
-0.07472198 -0.001269221 3.356421 -0.1430295 0.09428263 3.380598 -0.2786414 0.3971248 3.340091 -0.3188564 0.6995654 3.295147 -0.004708989 0.09365845 3.378524 0.1949096 0.3485575 3.354992 0.2634918 0.6401064 3.281506 -0.07346873 0.2339085 3.366221 -0.1649861 0.6793444 3.331499 -0.1745241 1.092031 3.34466 -0.1732376 1.439075 3.359922 0.02075614 0.6785099 3.332298 0.04304512 1.090611 3.323406 0.06195136 1.43829 3.326594  A_Throw_Close
-0.07411985 -0.001144171 3.356295 -0.1425465 0.09433663 3.380415 -0.2776181 0.3972194 3.339622 -0.3170495 0.699719 3.29438 -0.004222674 0.09382296 3.378541 0.1950134 0.3490334 3.35575 0.2658773 0.6411087 3.28665 -0.07307748 0.2340139 3.366095 -0.1648142 0.6794178 3.331408 -0.1744791 1.092106 3.344447 -0.1732684 1.439135 3.360024 0.02092762 0.6786658 3.332383 0.04298969 1.090765 3.32282 0.06311901 1.438367 3.326747  A_Throw_Close
-0.07361905 -0.00102675 3.356168 -0.1421365 0.09440482 3.380233 -0.2767636 0.3972967 3.339122 -0.3155496 0.699853 3.293704 -0.003810031 0.09396374 3.37854 0.1952145 0.3493682 3.356472 0.2683958 0.6418371 3.291582 -0.07272254 0.2341145 3.365962 -0.164589 0.6795036 3.331348 -0.1744014 1.092192 3.344257 -0.1732873 1.43921 3.360105 0.0211521 0.6788034 3.332487 0.04292055 1.090903 3.322301 0.0639797 1.438442 3.326877  A_Throw_Close
