-0.01850484 0.005456328 7.257274 -0.08292036 0.1042558 7.278964 -0.2793468 0.3693726 7.305158 -0.317504 0.6671394 7.234543 0.05503317 0.09605467 7.285195 0.2777403 0.3389771 7.321654 0.3422118 0.6357967 7.268307 -0.005158944 0.2400132 7.270975 -0.09446166 0.6838545 7.234062 -0.07594524 1.096434 7.230851 -0.05476902 1.442298 7.255415 0.0912409 0.6858543 7.237538 0.1304121 1.088112 7.153526 0.1618557 1.434859 7.148483  O_Gathering_Close
-0.02092801 0.00598681 7.256709 -0.08519219 0.1046067 7.279376 -0.2819189 0.3696389 7.306823 -0.3181751 0.6667389 7.232495 0.05277248 0.09623897 7.285118 0.2762257 0.3385161 7.321958 0.3397415 0.6351697 7.266579 -0.00729881 0.2402774 7.271199 -0.09652553 0.684123 7.234638 -0.0768836 1.096642 7.230484 -0.05478643 1.442414 7.255528 0.08918615 0.6861236 7.237589 0.1300478 1.084047 7.135653 0.159076 1.430916 7.144991  O_Gathering_Close
-0.02534525 0.006860852 7.255666 -0.08933638 0.1051685 7.279962 -0.2865393 0.3700658 7.309524 -0.3201608 0.6661128 7.229942 0.0486411 0.09650576 7.284904 0.2732608 0.337715 7.322396 0.3352146 0.6340773 7.263783 -0.01120703 0.2406855 7.271494 -0.1002831 0.684538 7.235511 -0.07860641 1.096934 7.229675 -0.05483834 1.442532 7.255581 0.08543999 0.6865407 7.237621 0.1288476 1.07878 7.116509 0.1539745 1.425161 7.141732  O_Gathering_Close
-0.03324602 0.008334041 7.253811 -0.09674071 0.1060661 7.280835 -0.294677 0.3707291 7.314002 -0.3242827 0.6649129 7.226326 0.04124542 0.09689546 7.284439 0.2677648 0.3362834 7.323028 0.3271764 0.6320566 7.259051 -0.01820449 0.2413172 7.27189 -0.1070052 0.6851804 7.236872 -0.08180498 1.097324 7.228075 -0.0550801 1.44259 7.255482 0.07872845 0.6871878 7.237593 0.1261357 1.071521 7.09461 0.1492408 1.416134 7.138834  O_Gathering_Close
-0.04200886 0.009984016 7.252018 -0.1049442 0.107096 7.281743 -0.3036473 0.3714973 7.318545 -0.3302773 0.6641033 7.224844 0.03303279 0.09737849 7.284018 0.261344 0.3349103 7.32375 0.3182882 0.6300146 7.254646 -0.02596591 0.2420589 7.27235 -0.1144391 0.6859316 7.238289 -0.08536445 1.097742 7.22639 -0.05535118 1.442616 7.255291 0.07129486 0.6879459 7.237675 0.1219967 1.065596 7.078888 0.1440436 1.40791 7.138749  O_Gathering_Close
-0.0573738 0.01278377 7.249359 -0.119317 0.1088344 7.28324 -0.3192327 0.3727713 7.325832 -0.3429189 0.6636747 7.226224 0.0186102 0.09818971 7.283455 0.2495662 0.3327235 7.324985 0.3028172 0.6266356 7.248275 -0.03958021 0.2433041 7.273205 -0.1274376 0.6871902 7.240635 -0.09164803 1.0983 7.223823 -0.05589817 1.442436 7.254903 0.05827894 0.6892166 7.23803 0.1133224 1.059158 7.063339 0.1366061 1.397258 7.143306  O_Gathering_Close
-0.07678358 0.01554847 7.246586 -0.1375004 0.1105253 7.284498 -0.3385089 0.3739725 7.333471 -0.363379 0.6652861 7.235362 0.0003221799 0.09875131 7.282611 0.233792 0.330006 7.325274 0.2837254 0.622709 7.241991 -0.05681328 0.2443874 7.273948 -0.1437791 0.6883019 7.242972 -0.09927998 1.098507 7.224913 -0.0565931 1.441908 7.255369 0.04190232 0.690318 7.238513 0.1020947 1.056966 7.058652 0.1285613 1.390235 7.156012  O_Gathering_Close
-0.09159945 0.01865005 7.245842 -0.1515617 0.1128901 7.28613 -0.3531526 0.376134 7.338558 -0.3798079 0.6680463 7.242723 -0.01382731 0.100279 7.283398 0.2209926 0.3293031 7.326066 0.2697984 0.6214188 7.240096 -0.07011388 0.2462975 7.275666 -0.156205 0.6902553 7.245526 -0.1051335 1.099304 7.220122 -0.05659096 1.441542 7.25463 0.02946647 0.6922277 7.240654 0.09425505 1.060812 7.066437 0.1238696 1.389082 7.178729  O_Gathering_Close
-0.1056329 0.02295578 7.246383 -0.1652013 0.116521 7.288306 -0.3670814 0.3798113 7.342355 -0.3956181 0.6721263 7.248306 -0.02753518 0.1031376 7.28582 0.2081968 0.3301648 7.328367 0.2569649 0.6220514 7.241602 -0.08297376 0.2495055 7.278585 -0.1680236 0.6935071 7.248679 -0.1109449 1.100741 7.210246 -0.05542807 1.440978 7.253035 0.01767184 0.6954374 7.244804 0.08757533 1.068565 7.082654 0.120437 1.390285 7.211746  O_Gathering_Close
-0.1184444 0.02984083 7.248506 -0.1787595 0.1226194 7.290605 -0.3799291 0.386604 7.342029 -0.4095892 0.6784722 7.246946 -0.04114394 0.1085531 7.291764 0.1955379 0.3333133 7.337085 0.2450217 0.6252664 7.25095 -0.09564631 0.2552283 7.283687 -0.1791468 0.6991979 7.252041 -0.1169649 1.10364 7.196051 -0.05422477 1.440853 7.251049 0.006581264 0.7012364 7.253622 0.08234341 1.079291 7.106183 0.1177829 1.391624 7.255985  O_Gathering_Close
-0.1304674 0.03936684 7.252154 -0.1923432 0.1312522 7.293403 -0.3919262 0.3964291 7.339314 -0.4221589 0.6871378 7.240917 -0.05497513 0.1165479 7.30055 0.1826131 0.338643 7.350476 0.2335368 0.6308653 7.266112 -0.108425 0.2635086 7.290799 -0.189909 0.7073956 7.256177 -0.122271 1.107407 7.178781 -0.05047588 1.439928 7.249135 -0.004452927 0.7096454 7.266303 0.07704712 1.092954 7.136549 0.1138696 1.392918 7.309504  O_Gathering_Close
-0.1442786 0.05632126 7.26037 -0.2087781 0.146878 7.299738 -0.4046683 0.4144448 7.336089 -0.434332 0.7023041 7.229484 -0.07229774 0.1314095 7.316203 0.166624 0.3487686 7.372646 0.2204676 0.6412623 7.291081 -0.1242611 0.2787122 7.303909 -0.2027389 0.7224163 7.264878 -0.1290548 1.113872 7.155756 -0.04590492 1.438719 7.246501 -0.01847403 0.7251002 7.288133 0.07076074 1.114687 7.184872 0.1083198 1.396073 7.386512  O_Gathering_Close
-0.1515989 0.07264066 7.268788 -0.2183184 0.162089 7.306378 -0.4108039 0.4315403 7.335412 -0.437729 0.71543 7.217985 -0.08296536 0.1462334 7.330156 0.1562147 0.3600572 7.391418 0.2120716 0.6529135 7.312552 -0.1339331 0.2937198 7.316033 -0.2103271 0.7372625 7.274049 -0.133444 1.12003 7.139318 -0.04251222 1.43788 7.245981 -0.02763603 0.7403786 7.307453 0.06484099 1.133307 7.221087 0.1002269 1.400205 7.441906  O_Gathering_Close
-0.1555372 0.09051526 7.278917 -0.2243528 0.178897 7.314702 -0.4135927 0.4499611 7.337487 -0.4351999 0.7272453 7.204242 -0.09032468 0.1628828 7.344989 0.1482647 0.3737943 7.410502 0.205495 0.6672351 7.334861 -0.1405765 0.310459 7.329323 -0.2154702 0.7538464 7.28505 -0.1373577 1.126297 7.124571 -0.03997235 1.437123 7.245308 -0.03463147 0.7574181 7.327313 0.05849256 1.152353 7.251435 0.08961327 1.406949 7.486936  O_Gathering_Close
-0.157559 0.127066 7.296064 -0.2299386 0.2132589 7.32925 -0.4145948 0.4862489 7.345284 -0.4275397 0.7504817 7.186788 -0.0985596 0.1972374 7.369501 0.1428092 0.3974402 7.439857 0.2082144 0.6905355 7.369701 -0.1482193 0.3448685 7.352522 -0.2217096 0.78811 7.307645 -0.1421976 1.135507 7.098915 -0.03343199 1.434274 7.23885 -0.04459749 0.7924578 7.363447 0.04884775 1.187922 7.290784 0.06984605 1.419357 7.550099  O_Gathering_Close
-0.1546786 0.1528423 7.303935 -0.2291822 0.2373354 7.336342 -0.4124829 0.5108171 7.351279 -0.4206597 0.7672495 7.180156 -0.09930556 0.2215436 7.381285 0.1414742 0.4174373 7.450933 0.2086024 0.7104164 7.381929 -0.1493701 0.3690948 7.364807 -0.2235681 0.8122585 7.322505 -0.1466724 1.144011 7.088833 -0.03305129 1.433983 7.242718 -0.04863248 0.8171459 7.384756 0.04621335 1.210279 7.301967 0.0600638 1.425226 7.575561  O_Gathering_Close
-0.1512164 0.1774313 7.308025 -0.226958 0.2603986 7.341246 -0.4091673 0.5350683 7.355126 -0.4077441 0.7840322 7.173131 -0.09753387 0.2448531 7.38756 0.1428723 0.4379412 7.451486 0.2103705 0.7302989 7.380245 -0.1485741 0.3922695 7.372976 -0.2243745 0.8353248 7.334648 -0.1494797 1.150366 7.0783 -0.03135721 1.433012 7.242105 -0.05021213 0.8405854 7.399001 0.04822155 1.227713 7.294853 0.05748631 1.428314 7.57932  O_Gathering_Close
-0.1459734 0.2072499 7.309759 -0.2226012 0.2884065 7.345201 -0.4039484 0.5646179 7.357845 -0.3873721 0.8040372 7.164167 -0.09288763 0.273236 7.390824 0.146394 0.464408 7.444012 0.2123333 0.7558331 7.367671 -0.1455534 0.4203792 7.379663 -0.2239898 0.8631922 7.347429 -0.1530903 1.157521 7.066504 -0.03104685 1.432373 7.240388 -0.04964564 0.8688486 7.411254 0.05365314 1.243895 7.273149 0.05843421 1.428375 7.568432  O_Gathering_Close
-0.1393903 0.2383453 7.308462 -0.2168796 0.3174506 7.346509 -0.4010256 0.593541 7.358684 -0.3722733 0.8206431 7.152031 -0.08675669 0.3026987 7.391092 0.1508107 0.4932425 7.431908 0.2143664 0.7833806 7.348932 -0.1413018 0.4494146 7.384115 -0.2225821 0.891728 7.358672 -0.1564883 1.164003 7.055237 -0.03109453 1.431394 7.238136 -0.04793737 0.8978258 7.421628 0.05782064 1.261301 7.256995 0.05783238 1.427368 7.56305  O_Gathering_Close
-0.130289 0.2775948 7.304126 -0.208729 0.3539375 7.345717 -0.4012145 0.6273848 7.358389 -0.3607517 0.8364844 7.135347 -0.07798414 0.3397501 7.388632 0.1560641 0.5312301 7.4124 0.2147309 0.8192866 7.319201 -0.135021 0.4856784 7.387577 -0.2198181 0.9269273 7.371076 -0.1606158 1.171158 7.043324 -0.03193883 1.430075 7.235882 -0.04466895 0.9335787 7.432558 0.06337519 1.2819 7.239161 0.05894132 1.427628 7.555376  O_Gathering_Close
-0.1171407 0.3309563 7.292276 -0.1967432 0.4026183 7.339616 -0.3989072 0.6712805 7.351692 -0.3371764 0.8563983 7.112886 -0.06502192 0.3891486 7.379683 0.1632362 0.584242 7.379572 0.2144223 0.8686891 7.271989 -0.1256363 0.5333616 7.388512 -0.2155098 0.9719602 7.38638 -0.1665936 1.178054 7.031828 -0.0345432 1.42778 7.234001 -0.03958903 0.9795661 7.445504 0.07067169 1.30546 7.217383 0.06177004 1.429042 7.542799  O_Gathering_Close
-0.1045741 0.3791254 7.27502 -0.1850701 0.4454674 7.328261 -0.3944264 0.7079833 7.339698 -0.3105521 0.8734216 7.093319 -0.05241201 0.4326593 7.365343 0.1691159 0.6328225 7.343157 0.2122694 0.9130408 7.221832 -0.1163406 0.5743724 7.384834 -0.2110396 1.009043 7.398085 -0.1719687 1.18147 7.024833 -0.03752587 1.425011 7.232888 -0.03438918 1.017659 7.454847 0.07534243 1.327675 7.205342 0.06272312 1.429731 7.538018  O_Gathering_Close
-0.09475164 0.4162169 7.256925 -0.1759055 0.4774662 7.31507 -0.3911714 0.7332115 7.328484 -0.2924582 0.8871489 7.080156 -0.04255561 0.4652144 7.349782 0.1734468 0.669578 7.31089 0.210618 0.9459996 7.179308 -0.1091417 0.6040444 7.378798 -0.2079724 1.034458 7.406223 -0.1763461 1.182546 7.021978 -0.04012368 1.422523 7.232996 -0.03079532 1.043899 7.461184 0.07857247 1.342869 7.198392 0.06361623 1.430192 7.53514  O_Gathering_Close
-0.08290552 0.4611 7.23005 -0.1647725 0.5149633 7.294233 -0.3868425 0.7606332 7.314121 -0.2724136 0.9045333 7.06652 -0.03064726 0.5034716 7.326102 0.1775271 0.7135955 7.267664 0.2068912 0.9848207 7.123862 -0.1004699 0.637376 7.367861 -0.2046957 1.060931 7.414905 -0.1816464 1.182452 7.020854 -0.043326 1.419252 7.234084 -0.02693592 1.071457 7.467746 0.08219559 1.359474 7.192901 0.06470175 1.430662 7.533304  O_Gathering_Close
-0.07352065 0.4964865 7.203792 -0.1559723 0.5432473 7.272665 -0.3831768 0.7796056 7.304493 -0.2596704 0.9182111 7.058237 -0.02132611 0.5324056 7.302499 0.1804791 0.7474725 7.229627 0.2043793 1.014198 7.076686 -0.09380303 0.6608492 7.355402 -0.2029274 1.077379 7.420632 -0.1858514 1.181846 7.02142 -0.04584185 1.41661 7.235796 -0.02479522 1.088848 7.472002 0.08482982 1.370901 7.191232 0.06529285 1.43088 7.533678  O_Gathering_Close
-0.06418626 0.531858 7.174699 -0.1471882 0.5704692 7.247878 -0.3805482 0.7951766 7.295519 -0.2513877 0.9307997 7.050506 -0.01209317 0.5603589 7.275884 0.1823604 0.7811028 7.190127 0.2005212 1.043384 7.028934 -0.08724777 0.6817524 7.340419 -0.2017937 1.089543 7.425679 -0.1898939 1.180663 7.023025 -0.04806564 1.413905 7.237866 -0.02337311 1.102153 7.475765 0.08788092 1.379873 7.19134 0.06603517 1.430771 7.535113  O_Gathering_Close
-0.05467842 0.5669935 7.143463 -0.1382702 0.5963511 7.220245 -0.3772493 0.8068446 7.289846 -0.246934 0.942798 7.045629 -0.002825005 0.5870837 7.246815 0.1832982 0.8144571 7.150479 0.1958155 1.072873 6.982643 -0.08078091 0.6995394 7.323143 -0.201692 1.096352 7.430421 -0.193921 1.178889 7.02582 -0.05013404 1.411158 7.240413 -0.02311937 1.11056 7.479527 0.09187616 1.384335 7.192776 0.0668592 1.429753 7.5371  O_Gathering_Close
-0.04022704 0.6272879 7.094805 -0.1242646 0.6399075 7.17572 -0.3699723 0.8202625 7.282842 -0.2426756 0.9620701 7.040368 0.01172789 0.6326294 7.200017 0.1826426 0.8697146 7.086887 0.1874355 1.119289 6.905796 -0.07053743 0.7266105 7.294619 -0.2026616 1.100973 7.438129 -0.2008915 1.174806 7.031779 -0.0533285 1.406415 7.244514 -0.02408998 1.118794 7.486047 0.1030095 1.383896 7.19627 0.06939204 1.42633 7.540243  O_Gathering_Close
-0.0337197 0.6596215 7.072398 -0.1175342 0.6631364 7.154549 -0.3655135 0.8249201 7.278812 -0.2411305 0.9718392 7.037874 0.01876505 0.6575657 7.177543 0.1798489 0.9004308 7.059257 0.1799096 1.146946 6.87396 -0.06545548 0.7403638 7.280503 -0.2033887 1.101221 7.442045 -0.2043848 1.171984 7.035147 -0.05482612 1.403736 7.246327 -0.02494596 1.121144 7.489614 0.1106798 1.380075 7.198128 0.07125355 1.423702 7.541334  O_Gathering_Close
-0.02928726 0.6849003 7.056479 -0.1126643 0.6812124 7.139161 -0.3616932 0.8274957 7.27554 -0.2404772 0.9792824 7.036009 0.02386852 0.677464 7.161116 0.1773594 0.9243053 7.039521 0.1745104 1.168127 6.850717 -0.06171964 0.75091 7.26988 -0.2040941 1.10046 7.445074 -0.2069593 1.169488 7.037887 -0.05591879 1.401606 7.247605 -0.02581177 1.121976 7.49255 0.1170097 1.375431 7.199692 0.0728348 1.421333 7.542021  O_Gathering_Close
-0.02627121 0.7092368 7.042765 -0.1087047 0.6984365 7.125875 -0.3581383 0.8292647 7.272203 -0.2404195 0.9863654 7.03436 0.02808972 0.6973608 7.146452 0.174061 0.9482418 7.022639 0.1688344 1.189811 6.831011 -0.05851857 0.7612275 7.260335 -0.2046755 1.099737 7.447648 -0.2090674 1.166981 7.040175 -0.05673943 1.399464 7.248554 -0.02655516 1.122474 7.495163 0.1224531 1.370865 7.201051 0.07427724 1.419048 7.542526  O_Gathering_Close
-0.02441381 0.7365596 7.029126 -0.1050871 0.717476 7.112616 -0.354248 0.8304443 7.268113 -0.2409105 0.9942925 7.032707 0.03194298 0.7206953 7.131315 0.1692397 0.9764281 7.006095 0.1619434 1.215922 6.811946 -0.05539731 0.7730395 7.250399 -0.2052169 1.099022 7.450234 -0.211161 1.164121 7.042434 -0.05743812 1.397014 7.249326 -0.02725933 1.122725 7.497888 0.1277713 1.365672 7.202345 0.07588305 1.416537 7.542887  O_Gathering_Close
-0.02535818 0.7614542 7.018235 -0.1032755 0.7344265 7.102315 -0.3514596 0.8307821 7.264139 -0.2413162 0.9994909 7.030658 0.03382834 0.7431773 7.118539 0.1628447 1.003833 6.99289 0.1541531 1.242147 6.797351 -0.05323897 0.7840372 7.242229 -0.2054208 1.099018 7.452125 -0.2125021 1.161602 7.043949 -0.05758468 1.394677 7.249741 -0.0275393 1.122934 7.499955 0.1307983 1.362114 7.203095 0.07717581 1.414436 7.543147  O_Gathering_Close
-0.02878879 0.7833505 7.009841 -0.1029612 0.7487692 7.094734 -0.3493981 0.8299547 7.260351 -0.2415337 1.002573 7.028671 0.03384634 0.764369 7.108061 0.1549451 1.030144 6.982788 0.1452757 1.268335 6.787145 -0.05193792 0.7938932 7.235806 -0.2053348 1.099683 7.453378 -0.2133379 1.159581 7.044816 -0.05732183 1.392595 7.249846 -0.02744274 1.123206 7.501363 0.1321656 1.36007 7.203329 0.07832278 1.412834 7.543278  O_Gathering_Close
-0.03253625 0.7953304 7.005723 -0.1035189 0.7560052 7.091435 -0.3477795 0.828035 7.258239 -0.2418346 1.004092 7.028266 0.03274544 0.7771461 7.102496 0.1487805 1.046566 6.977574 0.1386575 1.285482 6.782841 -0.05150811 0.7992463 7.232736 -0.2051157 1.100359 7.453583 -0.2135696 1.158743 7.044811 -0.0568984 1.391478 7.249659 -0.02720354 1.123533 7.501664 0.1333391 1.359366 7.203315 0.07929827 1.412068 7.543241  O_Gathering_Close
-0.03779141 0.8053771 7.002484 -0.1047237 0.7613921 7.089391 -0.3458162 0.8246571 7.256173 -0.2423121 1.005167 7.028553 0.03050669 0.789331 7.097723 0.141498 1.063064 6.973701 0.1306579 1.303992 6.781503 -0.05143563 0.8037156 7.230493 -0.2047694 1.101308 7.453351 -0.2136105 1.158298 7.044391 -0.05631177 1.390565 7.249289 -0.02683066 1.123992 7.501567 0.134552 1.35926 7.203224 0.08041824 1.411591 7.543193  O_Gathering_Close
-0.04290996 0.8101035 7.000598 -0.1061297 0.7630493 7.088885 -0.343736 0.8206538 7.254542 -0.243125 1.005871 7.029421 0.02783533 0.7970617 7.094699 0.1356549 1.074887 6.972667 0.1240501 1.319596 6.785351 -0.05166731 0.8057166 7.229435 -0.2044588 1.10201 7.452866 -0.2135017 1.158341 7.043818 -0.05578957 1.390104 7.248968 -0.02653573 1.124238 7.501351 0.1355396 1.359416 7.203313 0.08131213 1.411388 7.543323  O_Gathering_Close
-0.04717366 0.8114154 6.999393 -0.1074935 0.7628724 7.089144 -0.342043 0.8169433 7.253405 -0.2440066 1.005973 7.030326 0.02523114 0.8017001 7.092864 0.1325675 1.083295 6.97524 0.1165002 1.333392 6.795523 -0.05208055 0.8063768 7.229064 -0.2042416 1.102541 7.452255 -0.2134538 1.158607 7.043175 -0.05553506 1.389889 7.248709 -0.02636479 1.124376 7.501087 0.1361765 1.36 7.203657 0.08189805 1.411515 7.543727  O_Gathering_Close
-0.04831527 0.8064527 6.997853 -0.1085715 0.7608045 7.089708 -0.3420165 0.8147612 7.253095 -0.2455463 1.004307 7.029771 0.02351965 0.8017968 7.092675 0.1441355 1.086161 6.995567 0.1071487 1.352728 6.844974 -0.05316989 0.8055016 7.229256 -0.2046306 1.102535 7.45111 -0.2140875 1.159097 7.042104 -0.05660246 1.389796 7.248624 -0.02686761 1.124111 7.500469 0.1358453 1.362816 7.2056 0.08149584 1.412917 7.54587  O_Gathering_Close
-0.04809324 0.8036716 6.99782 -0.1090836 0.7595592 7.09009 -0.3426867 0.8149927 7.252887 -0.2459178 1.003423 7.028749 0.02305152 0.8003865 7.093358 0.1500381 1.084054 7.003901 0.1095464 1.355625 6.863496 -0.05411426 0.8047433 7.229651 -0.2053248 1.102479 7.450548 -0.2143761 1.159411 7.041584 -0.05702971 1.389845 7.248505 -0.02755217 1.12406 7.49987 0.135864 1.364089 7.206468 0.08127137 1.413719 7.546769  O_Gathering_Close
-0.04797046 0.7991326 6.998119 -0.1101572 0.7572647 7.090814 -0.3438446 0.815513 7.252473 -0.2463489 1.001957 7.026993 0.0220917 0.7976706 7.094666 0.1585919 1.079488 7.016751 0.1151059 1.357208 6.889924 -0.0559598 0.8032749 7.230408 -0.2068009 1.102344 7.449519 -0.2147365 1.16004 7.040639 -0.05758254 1.389985 7.248249 -0.02900605 1.123937 7.498756 0.1360689 1.366071 7.208024 0.08086993 1.41511 7.548313  O_Gathering_Close
-0.04804186 0.7952802 6.998569 -0.1112411 0.7551445 7.091458 -0.3448258 0.8159666 7.252121 -0.2466418 1.000695 7.025532 0.02113106 0.7950867 7.09587 0.1651254 1.074934 7.027712 0.11967 1.356707 6.910912 -0.05773799 0.8018597 7.231086 -0.2082792 1.102168 7.448545 -0.2149634 1.160656 7.039754 -0.05795399 1.390137 7.247986 -0.03046803 1.123755 7.497725 0.1363516 1.367728 7.209538 0.08049627 1.416382 7.549774  O_Gathering_Close
-0.04814522 0.791425 6.998976 -0.1123893 0.7529235 7.091938 -0.3458311 0.8163708 7.251634 -0.2468277 0.9992846 7.023932 0.02010323 0.7923851 7.097014 0.1713874 1.070109 7.039208 0.1254876 1.355343 6.931324 -0.05965738 0.8002767 7.231644 -0.210133 1.101717 7.447517 -0.215066 1.16122 7.038849 -0.05832301 1.390284 7.24774 -0.03234104 1.123308 7.496766 0.1364981 1.369082 7.211298 0.07983859 1.41766 7.551412  O_Gathering_Close
-0.04831723 0.7868546 6.999379 -0.1138297 0.750191 7.092307 -0.3470332 0.816789 7.250912 -0.2469396 0.9974493 7.021891 0.01879807 0.7890695 7.098274 0.1782502 1.064195 7.053498 0.133003 1.352991 6.955243 -0.06208746 0.7982206 7.232152 -0.2127219 1.100875 7.446248 -0.215058 1.161825 7.03777 -0.05874513 1.390445 7.247468 -0.03498821 1.12248 7.4957 0.136522 1.370327 7.213636 0.07878824 1.419166 7.553533  O_Gathering_Close
-0.04812644 0.7822561 7.00001 -0.1148856 0.7473413 7.092816 -0.3481416 0.8170602 7.250157 -0.2467501 0.9954318 7.019917 0.01785751 0.7856681 7.099713 0.1847257 1.058263 7.068443 0.1421523 1.35013 6.978411 -0.0641809 0.7960843 7.232795 -0.2152744 1.100011 7.444961 -0.214753 1.162259 7.036673 -0.05919473 1.390629 7.247201 -0.03765259 1.121676 7.494787 0.1363809 1.371564 7.21609 0.07732202 1.420719 7.555713  O_Gathering_Close
-0.04747538 0.7766809 7.001003 -0.1157235 0.7437937 7.093565 -0.3493571 0.8172153 7.249157 -0.2461735 0.9927867 7.017564 0.0171298 0.7815049 7.101635 0.1917363 1.051216 7.087542 0.1539039 1.346394 7.006653 -0.06633811 0.7934441 7.233696 -0.218323 1.098942 7.443362 -0.2140856 1.162599 7.035313 -0.05980108 1.390873 7.246881 -0.04089497 1.120752 7.493812 0.1360243 1.373109 7.219187 0.07508178 1.422664 7.558418  O_Gathering_Close
-0.04638026 0.769424 7.002301 -0.1162162 0.7387921 7.094547 -0.3504358 0.816532 7.248136 -0.2456533 0.9896082 7.015386 0.01675607 0.7757907 7.10386 0.1983341 1.042215 7.107441 0.1675128 1.340513 7.03552 -0.0682327 0.7895487 7.234768 -0.2212269 1.097044 7.441427 -0.212803 1.162875 7.033788 -0.06024865 1.39128 7.246467 -0.04403196 1.119012 7.492621 0.1351761 1.374637 7.22254 0.07244338 1.424842 7.561349  O_Gathering_Close
-0.04419116 0.7566 7.004098 -0.1161614 0.729091 7.095796 -0.3508928 0.8134837 7.246916 -0.2453215 0.9844962 7.013 0.01697137 0.7650316 7.106805 0.2058782 1.026991 7.132426 0.1871916 1.328669 7.071224 -0.07007007 0.7815147 7.236039 -0.2246359 1.092127 7.438568 -0.2102175 1.162986 7.03194 -0.06046091 1.392071 7.245872 -0.04781179 1.114285 7.490949 0.1326438 1.375559 7.227178 0.06841125 1.427666 7.565418  O_Gathering_Close
-0.04228209 0.7447526 7.004282 -0.1155441 0.7190312 7.095521 -0.3500648 0.8081685 7.245681 -0.2461407 0.9800939 7.011696 0.01769944 0.7541974 7.107635 0.2101304 1.01353 7.143605 0.1992229 1.316398 7.086542 -0.07060568 0.7724213 7.235774 -0.2264867 1.085001 7.436997 -0.2082997 1.162701 7.031774 -0.06013183 1.392764 7.245762 -0.04994379 1.107131 7.49033 0.1288249 1.37316 7.230188 0.06562848 1.428679 7.568081  O_Gathering_Close
-0.04059134 0.7331882 7.004399 -0.1148806 0.7089244 7.095236 -0.3489996 0.8022819 7.244534 -0.2472814 0.9759243 7.010848 0.01844914 0.7434397 7.108242 0.21328 1.000775 7.151233 0.2085182 1.304209 7.096376 -0.07086919 0.7631823 7.23545 -0.2279472 1.07753 7.43599 -0.2067169 1.162149 7.032302 -0.05969242 1.393386 7.245815 -0.05165468 1.09958 7.490177 0.1248563 1.369717 7.232742 0.06333788 1.429107 7.570286  O_Gathering_Close
-0.03807596 0.7146527 7.00475 -0.1138025 0.6925132 7.094976 -0.3470858 0.7922505 7.242765 -0.2492516 0.9693415 7.010011 0.01963492 0.7261016 7.109243 0.2172769 0.9807764 7.160933 0.2207661 1.284573 7.108017 -0.07110791 0.7481526 7.235056 -0.2300245 1.065242 7.434931 -0.2045307 1.160883 7.03396 -0.05899255 1.394284 7.24613 -0.05411456 1.087119 7.490416 0.11831 1.363111 7.236444 0.05996432 1.429274 7.573292  O_Gathering_Close
-0.03579585 0.6948105 7.005475 -0.112836 0.6747847 7.095108 -0.3450277 0.7811493 7.240865 -0.2516075 0.9626616 7.009707 0.02069678 0.7074789 7.110514 0.2205717 0.9598495 7.169084 0.2314642 1.263658 7.117257 -0.07133774 0.7319452 7.234934 -0.2319562 1.051986 7.434058 -0.2024543 1.159302 7.03633 -0.05815814 1.39521 7.246567 -0.05641882 1.073655 7.49079 0.1118732 1.355327 7.240307 0.05696024 1.429068 7.576156  O_Gathering_Close
-0.03330437 0.6694152 7.006781 -0.1118134 0.6519708 7.0957 -0.3423583 0.7666234 7.238388 -0.2546856 0.9544539 7.010044 0.02182205 0.6836097 7.112369 0.2238756 0.9335709 7.177725 0.2429638 1.237083 7.126533 -0.07163475 0.7111331 7.235079 -0.2341418 1.034964 7.433104 -0.2000492 1.157022 7.04002 -0.05712597 1.396332 7.247331 -0.05904291 1.056352 7.49128 0.1042178 1.344752 7.24516 0.05359729 1.428472 7.57934  O_Gathering_Close
-0.03121279 0.6448838 7.008344 -0.1108944 0.6297809 7.096663 -0.3396605 0.7521794 7.23582 -0.2580723 0.9468762 7.011 0.02280946 0.6605943 7.1143 0.2253066 0.9091367 7.186649 0.2506693 1.212391 7.136673 -0.0717722 0.6909703 7.235465 -0.2359772 1.018335 7.432248 -0.1981321 1.154559 7.044195 -0.05652593 1.397436 7.248235 -0.06124554 1.039623 7.491554 0.09711815 1.334585 7.250056 0.05065222 1.427792 7.582323  O_Gathering_Close
-0.02851818 0.5972382 7.012971 -0.1103313 0.5869164 7.100039 -0.3351354 0.7246863 7.23052 -0.264026 0.9324135 7.013955 0.02353253 0.6159182 7.119447 0.2288681 0.8614257 7.198993 0.2659185 1.163543 7.149427 -0.07295893 0.6522719 7.237418 -0.2392841 0.9872509 7.430205 -0.1939362 1.149584 7.053156 -0.0545483 1.399447 7.250167 -0.06523763 1.008013 7.491673 0.08559509 1.314665 7.260118 0.04630061 1.426395 7.587564  O_Gathering_Close
-0.02700107 0.5383692 7.020496 -0.1109059 0.534129 7.106071 -0.3303458 0.6899857 7.224247 -0.2705972 0.9116238 7.0183 0.02316012 0.5609729 7.127119 0.2299981 0.8042471 7.214534 0.2782025 1.105083 7.166797 -0.07496683 0.605138 7.241004 -0.2426491 0.9500226 7.426707 -0.1899186 1.143532 7.06567 -0.05297629 1.402046 7.252996 -0.0692883 0.9703596 7.490221 0.07332613 1.291749 7.27395 0.04219397 1.425048 7.594122  O_Gathering_Close
-0.02717016 0.5067599 7.02537 -0.1120136 0.5060939 7.110118 -0.3285223 0.6711592 7.221409 -0.2732551 0.8984578 7.020441 0.0221826 0.5317181 7.131845 0.2295851 0.7741901 7.222537 0.2827497 1.074403 7.176166 -0.07650898 0.5804294 7.243364 -0.2441403 0.9311462 7.423834 -0.1874676 1.140558 7.072395 -0.05217556 1.403581 7.254574 -0.07107596 0.9512959 7.48821 0.06782682 1.28079 7.28195 0.04057183 1.424775 7.59782  O_Gathering_Close
-0.02826671 0.470413 7.031756 -0.1140314 0.4741474 7.115492 -0.3269288 0.6495563 7.218521 -0.2761672 0.8826902 7.023125 0.02033635 0.4982831 7.137853 0.2282262 0.7401021 7.231706 0.2863799 1.039669 7.187185 -0.07872503 0.5525342 7.246449 -0.2455885 0.9103714 7.419634 -0.1846063 1.137446 7.080085 -0.05134485 1.405449 7.256408 -0.07281767 0.9303403 7.484849 0.06216307 1.26922 7.291602 0.03913387 1.424882 7.602225  O_Gathering_Close
-0.03020571 0.4373906 7.038483 -0.1166604 0.4454733 7.121195 -0.3258812 0.6302019 7.216289 -0.278989 0.8684731 7.026195 0.01788761 0.4681273 7.144018 0.226069 0.7095804 7.240252 0.2881344 1.00864 7.197639 -0.08122961 0.5277774 7.249692 -0.2466591 0.8925359 7.414842 -0.1821897 1.135099 7.086845 -0.05075501 1.407334 7.257978 -0.07413082 0.9123778 7.480734 0.0575424 1.259771 7.30078 0.03817721 1.425482 7.606415  O_Gathering_Close
-0.03347729 0.4001411 7.04698 -0.1205122 0.4134424 7.1284 -0.3251499 0.6084877 7.214061 -0.2824267 0.8525192 7.030401 0.0142581 0.4342963 7.151624 0.2226681 0.675523 7.250045 0.2885428 0.9740995 7.209833 -0.0845813 0.5003297 7.253701 -0.247543 0.8731807 7.408401 -0.1794127 1.132669 7.094398 -0.05019168 1.409505 7.25974 -0.07523833 0.8929085 7.474911 0.05274333 1.249793 7.31164 0.03747686 1.426436 7.611327  O_Gathering_Close
-0.03773687 0.3668256 7.055534 -0.1250474 0.3851093 7.135682 -0.3249159 0.5893103 7.212387 -0.285941 0.8389289 7.035528 0.009950833 0.4042088 7.15909 0.2186616 0.6452993 7.259019 0.2876041 0.9435065 7.221285 -0.0882452 0.4762359 7.257675 -0.2480063 0.8565629 7.401673 -0.1767166 1.13069 7.101096 -0.04981945 1.411607 7.261274 -0.07581387 0.8762137 7.468495 0.0488443 1.241275 7.321547 0.03749474 1.42799 7.615242  O_Gathering_Close
-0.04736827 0.3102332 7.070582 -0.1345774 0.3374032 7.148283 -0.3263637 0.5561383 7.209661 -0.2955239 0.8165593 7.047373 0.000844257 0.3532277 7.171688 0.2105231 0.5938833 7.273628 0.2842588 0.8915861 7.24137 -0.09540264 0.4356896 7.263807 -0.2476688 0.8286111 7.387028 -0.171341 1.12726 7.11215 -0.04903321 1.415156 7.263248 -0.07547508 0.8481358 7.453883 0.04159113 1.227975 7.342432 0.03667601 1.429724 7.626194  O_Gathering_Close
-0.05493019 0.2732427 7.079119 -0.1416658 0.3061361 7.15512 -0.330806 0.5327253 7.208421 -0.310255 0.8020307 7.059559 -0.005961819 0.3196651 7.178329 0.2054598 0.559165 7.282072 0.2831754 0.8564253 7.255595 -0.1003952 0.4086658 7.266139 -0.2464152 0.8091379 7.374472 -0.1673843 1.124717 7.120033 -0.04874049 1.417533 7.264452 -0.0740854 0.8285311 7.441014 0.03682764 1.217525 7.358642 0.03682168 1.430545 7.634088  O_Gathering_Close
-0.06207697 0.2468362 7.084765 -0.1480023 0.2838031 7.159808 -0.3355068 0.5156533 7.207969 -0.323834 0.7916391 7.070845 -0.01201479 0.295596 7.182293 0.200429 0.5343016 7.287117 0.2801534 0.8314288 7.26558 -0.1045806 0.389161 7.267303 -0.2454204 0.7945809 7.365466 -0.1645161 1.122486 7.127753 -0.04897253 1.419391 7.266213 -0.07271414 0.8138422 7.431064 0.03518476 1.20562 7.358459 0.03985031 1.429677 7.624963  O_Gathering_Close
-0.0688936 0.2253491 7.087805 -0.1537832 0.2655733 7.16235 -0.3401049 0.5014719 7.206878 -0.3368718 0.7830687 7.081179 -0.01749615 0.2758797 7.183724 0.1962343 0.513737 7.288759 0.2777941 0.8106285 7.271214 -0.1081108 0.3730384 7.266782 -0.2443052 0.7821363 7.357349 -0.161699 1.120134 7.134844 -0.04889534 1.420765 7.267397 -0.0710613 0.8012409 7.42156 0.03293045 1.194925 7.353719 0.04057975 1.425546 7.614493  O_Gathering_Close
-0.07821254 0.2012919 7.091505 -0.1614062 0.2454271 7.165748 -0.3467751 0.485693 7.207436 -0.3525884 0.7721419 7.093327 -0.02469365 0.2539155 7.18511 0.1918684 0.4904464 7.28866 0.276928 0.786538 7.274552 -0.1124824 0.3553236 7.266098 -0.242764 0.7685071 7.348003 -0.1586083 1.117419 7.143667 -0.04913108 1.42241 7.268842 -0.06858622 0.7874413 7.409689 0.03155448 1.181225 7.33682 0.04195615 1.418375 7.591573  O_Gathering_Close
-0.08894806 0.1789125 7.095714 -0.1698588 0.2270845 7.16997 -0.3547444 0.47132 7.210739 -0.3681057 0.7607163 7.105009 -0.03266219 0.2336479 7.18644 0.1861985 0.4691756 7.287761 0.2734754 0.7647784 7.277458 -0.1169945 0.3393641 7.265571 -0.2408828 0.7563962 7.339011 -0.1555432 1.115001 7.152747 -0.04926721 1.424187 7.270151 -0.06543426 0.7751552 7.39704 0.03157159 1.165683 7.304946 0.043947 1.408074 7.554629  O_Gathering_Close
-0.1025925 0.1536978 7.101197 -0.1801162 0.2068769 7.17565 -0.3664394 0.4550513 7.218781 -0.3893506 0.74653 7.120685 -0.04236893 0.210945 7.187749 0.1790932 0.4456446 7.284334 0.2683248 0.7407574 7.277226 -0.1218983 0.3218881 7.264666 -0.2380082 0.7431014 7.328351 -0.1514075 1.111591 7.163152 -0.04904244 1.426033 7.269553 -0.06077133 0.7616307 7.380746 0.03234639 1.143148 7.253558 0.04787703 1.393111 7.495479  O_Gathering_Close
-0.1126973 0.1355128 7.104851 -0.1872115 0.1926109 7.179474 -0.3743082 0.4437723 7.22438 -0.4054358 0.7377104 7.136409 -0.04913221 0.1946287 7.187678 0.174175 0.4289055 7.27924 0.2645137 0.7237146 7.273679 -0.124604 0.309568 7.262794 -0.2349143 0.7336298 7.319407 -0.1487426 1.110518 7.174135 -0.05048225 1.428363 7.274102 -0.05621527 0.7519362 7.366663 0.03272792 1.122 7.206834 0.05156048 1.378917 7.441114  O_Gathering_Close
-0.1214188 0.1190454 7.108294 -0.1929011 0.1798804 7.18293 -0.376328 0.4353344 7.221359 -0.4198966 0.7346786 7.161339 -0.05463151 0.1798645 7.187263 0.1703076 0.4137295 7.273538 0.2616781 0.7082429 7.269328 -0.1261442 0.2985321 7.260429 -0.2313769 0.7249922 7.310784 -0.1452429 1.108193 7.183061 -0.05068026 1.429904 7.273802 -0.05134205 0.7430297 7.35278 0.03255369 1.099023 7.16138 0.05637445 1.364379 7.385583  O_Gathering_Close
-0.1266696 0.1062707 7.110989 -0.1957448 0.1700901 7.185399 -0.3785011 0.4281113 7.222396 -0.4316357 0.7288693 7.17963 -0.05742411 0.1684079 7.186749 0.1685408 0.4020588 7.268378 0.2604804 0.6964031 7.264775 -0.1258496 0.2899917 7.258056 -0.2273813 0.7182158 7.303482 -0.1419397 1.106317 7.191003 -0.05097018 1.431173 7.273871 -0.04638598 0.7359554 7.341265 0.03293868 1.082652 7.131712 0.06070747 1.355426 7.346354  O_Gathering_Close
-0.1297504 0.09524 7.113513 -0.1967766 0.1616691 7.187511 -0.3815419 0.4211009 7.228621 -0.4398354 0.7219287 7.193808 -0.05847965 0.1585116 7.1864 0.1681184 0.3921055 7.263619 0.2602899 0.6863779 7.260086 -0.1243093 0.2825977 7.255816 -0.2229059 0.7122702 7.296957 -0.1388439 1.104657 7.19928 -0.05169366 1.432272 7.275091 -0.04116027 0.7296838 7.331116 0.03477319 1.070874 7.11151 0.06599315 1.351451 7.315348  O_Gathering_Close
-0.1311226 0.08381069 7.116911 -0.1960329 0.153088 7.190181 -0.3844523 0.4133571 7.237639 -0.446348 0.7138105 7.20595 -0.05782304 0.1483276 7.186627 0.1692603 0.3819078 7.25893 0.2615454 0.6761424 7.255217 -0.1209975 0.2750899 7.253632 -0.2166729 0.7062755 7.289827 -0.1348444 1.10283 7.208447 -0.05244605 1.433403 7.276313 -0.03421299 0.7232453 7.320191 0.03847762 1.060038 7.092836 0.07260205 1.348681 7.284587  O_Gathering_Close
-0.1303221 0.07167315 7.121797 -0.1929662 0.1442231 7.193861 -0.3866172 0.4044713 7.250255 -0.4497812 0.704405 7.21623 -0.05491791 0.137652 7.1878 0.1724619 0.3712931 7.254296 0.2646776 0.6655417 7.250013 -0.1152859 0.2674114 7.251578 -0.207984 0.7002317 7.28176 -0.1296837 1.100817 7.218711 -0.05331246 1.434558 7.277518 -0.02482395 0.7165901 7.307958 0.0455661 1.051373 7.076941 0.08172871 1.349045 7.253949  O_Gathering_Close
-0.128474 0.06189573 7.127635 -0.1891134 0.1374933 7.198268 -0.3862265 0.3978457 7.2608 -0.4498046 0.697358 7.223953 -0.0512657 0.1292872 7.190026 0.1761786 0.363052 7.250881 0.2681279 0.6573694 7.245697 -0.1092169 0.2617538 7.250389 -0.1994538 0.6959593 7.274691 -0.1248107 1.099315 7.226655 -0.05410026 1.435525 7.278006 -0.01572995 0.7116769 7.297052 0.05607678 1.049408 7.070811 0.0924799 1.356157 7.231521  O_Gathering_Close
-0.1261649 0.05445755 7.133984 -0.1851413 0.1327659 7.203054 -0.384481 0.3933238 7.269933 -0.4476238 0.6925331 7.230004 -0.04750172 0.123165 7.193033 0.1798485 0.3570797 7.248779 0.27144 0.651489 7.242562 -0.1035039 0.2579619 7.24998 -0.1918548 0.6932472 7.269019 -0.1207372 1.098343 7.231406 -0.05441491 1.436179 7.277686 -0.007708831 0.7083709 7.288074 0.06659354 1.050673 7.069642 0.102752 1.365684 7.213547  O_Gathering_Close
-0.123649 0.04873621 7.140864 -0.1812005 0.1295234 7.208261 -0.3818621 0.3904651 7.278204 -0.4439314 0.6894552 7.235079 -0.04377077 0.1186987 7.196723 0.1833658 0.3527831 7.247707 0.2745183 0.6473025 7.240365 -0.0981565 0.2555537 7.250223 -0.1850204 0.6917008 7.264465 -0.1174419 1.097971 7.233605 -0.05483822 1.436926 7.276782 -0.0005478095 0.7062709 7.280562 0.0767969 1.053285 7.070794 0.1128612 1.375899 7.196759  O_Gathering_Close
-0.1200557 0.04285514 7.148554 -0.176218 0.1263548 7.213782 -0.3782913 0.3875461 7.286834 -0.4394739 0.6863216 7.241037 -0.03902171 0.1142401 7.200833 0.1877515 0.3485243 7.246684 0.2783452 0.6431795 7.237992 -0.09186839 0.2532572 7.250137 -0.1773667 0.6902165 7.259183 -0.113782 1.09746 7.233015 -0.05484251 1.4373 7.274346 0.007390099 0.7041767 7.272281 0.08656998 1.060841 7.080123 0.1223568 1.389621 7.18908  O_Gathering_Close
-0.1163185 0.03866398 7.156817 -0.1714302 0.1245075 7.219862 -0.3747639 0.3857074 7.295493 -0.4355258 0.684341 7.248234 -0.03443084 0.1113254 7.205911 0.191909 0.3458073 7.247371 0.2819287 0.6405976 7.237399 -0.086147 0.2521225 7.251198 -0.1706779 0.6896813 7.255795 -0.1107914 1.097587 7.231277 -0.05493675 1.437976 7.272382 0.01427187 0.7031165 7.266502 0.09454955 1.066308 7.087474 0.1310811 1.401291 7.175219  O_Gathering_Close
-0.1113512 0.03419602 7.167045 -0.1654886 0.1226605 7.227247 -0.3699269 0.3839012 7.305155 -0.4299441 0.6824513 7.256438 -0.02868579 0.1082965 7.212554 0.1970524 0.3429788 7.249294 0.2863423 0.6379364 7.237814 -0.07935081 0.2509751 7.252868 -0.1629476 0.6891259 7.252291 -0.1073587 1.097693 7.228687 -0.0549374 1.43861 7.269939 0.02216597 0.7019489 7.260664 0.1016378 1.073857 7.100127 0.140762 1.414205 7.162424  O_Gathering_Close
-0.1058881 0.03028262 7.177302 -0.1593596 0.1211463 7.234449 -0.3645206 0.3825102 7.313603 -0.4236496 0.6810373 7.263675 -0.0226966 0.1057278 7.219523 0.2023912 0.3405844 7.252194 0.2909273 0.6357088 7.239258 -0.07262044 0.2500079 7.254742 -0.1555062 0.688623 7.249207 -0.104096 1.097734 7.225541 -0.05487369 1.439079 7.26719 0.02971609 0.7008709 7.255857 0.1060554 1.08208 7.117094 0.1479673 1.425506 7.156468  O_Gathering_Close
-0.100294 0.0268234 7.188023 -0.1533981 0.1198988 7.241857 -0.3587827 0.3817089 7.320732 -0.417013 0.6803029 7.270153 -0.01680867 0.1035479 7.227254 0.2076327 0.3385414 7.256582 0.2954228 0.633827 7.242311 -0.06626146 0.2491779 7.257182 -0.1485646 0.6881559 7.246944 -0.1009837 1.097758 7.22377 -0.05480609 1.439578 7.265008 0.03672733 0.6998585 7.252558 0.109476 1.086129 7.126439 0.1524856 1.430628 7.153244  O_Gathering_Close
-0.08932047 0.02105248 7.209538 -0.1422666 0.1179231 7.256377 -0.3471161 0.3813094 7.33115 -0.4041535 0.6801385 7.280599 -0.005689902 0.1001148 7.243457 0.2176083 0.3352791 7.267873 0.3040636 0.6308452 7.251428 -0.05472074 0.2476788 7.262699 -0.1360572 0.6871545 7.243942 -0.09521692 1.097605 7.223043 -0.05472962 1.440452 7.261655 0.04931863 0.6978242 7.24879 0.114596 1.088026 7.130955 0.1551793 1.433314 7.150362  O_Gathering_Close
-0.08173023 0.01775348 7.224454 -0.1347982 0.1168742 7.266168 -0.3388723 0.3815321 7.336406 -0.3955262 0.6805522 7.286558 0.0018207 0.09832573 7.254833 0.2245685 0.3334519 7.276891 0.3103607 0.6291573 7.259502 -0.04713724 0.2467059 7.26649 -0.127769 0.686447 7.242186 -0.09132205 1.097431 7.223784 -0.05473153 1.441014 7.259639 0.05765601 0.6963142 7.246847 0.1179743 1.08777 7.130538 0.1556251 1.433472 7.148434  O_Gathering_Close
-0.0768889 0.01597703 7.233437 -0.1301047 0.1163121 7.271935 -0.3336606 0.3816612 7.339064 -0.3901535 0.6808066 7.289787 0.006554442 0.09743011 7.261687 0.2291008 0.3324578 7.282763 0.3146084 0.628227 7.265059 -0.04243092 0.2460943 7.268671 -0.1225738 0.6860036 7.241078 -0.088872 1.097298 7.224475 -0.05473201 1.441325 7.258445 0.06288435 0.6952856 7.245624 0.1200307 1.087705 7.130974 0.1560393 1.433659 7.147325  O_Gathering_Close
-0.07231842 0.01455152 7.240967 -0.1257165 0.1158234 7.276658 -0.3288426 0.3816358 7.341061 -0.3851782 0.680905 7.29236 0.01098819 0.0967325 7.267458 0.233447 0.3316432 7.287989 0.318749 0.6274594 7.270075 -0.03806208 0.2455097 7.270421 -0.1176886 0.6856033 7.240044 -0.08657269 1.097168 7.225173 -0.05471854 1.441576 7.257453 0.06780346 0.6942565 7.244447 0.1218985 1.087675 7.131755 0.1565007 1.433844 7.146492  O_Gathering_Close
-0.0681058 0.01341665 7.246155 -0.1217612 0.1152771 7.279721 -0.3245645 0.3813386 7.341867 -0.3807212 0.6807108 7.293595 0.01500173 0.09616315 7.271486 0.2374441 0.3310467 7.291942 0.3224952 0.6269145 7.273695 -0.03420601 0.2449179 7.271468 -0.1134639 0.685242 7.239207 -0.08456717 1.097024 7.225957 -0.05466674 1.441742 7.256769 0.07205929 0.693265 7.243489 0.1236265 1.087615 7.13289 0.1569782 1.433972 7.146017  O_Gathering_Close
-0.06456338 0.0125531 7.248756 -0.1185191 0.1146766 7.281016 -0.3211298 0.3808075 7.341541 -0.3771115 0.6802524 7.293516 0.01830723 0.09569156 7.273575 0.2408 0.330642 7.294333 0.3255883 0.626556 7.275617 -0.03112624 0.2443606 7.271778 -0.1102137 0.684948 7.238636 -0.08301149 1.096887 7.226752 -0.05459807 1.441831 7.25641 0.07533486 0.6924095 7.242833 0.1251213 1.087533 7.134195 0.1574226 1.434041 7.145881  O_Gathering_Close
-0.06180565 0.01190817 7.250272 -0.1160447 0.1141531 7.281661 -0.3184901 0.3803235 7.340892 -0.3742236 0.6798146 7.292867 0.02083869 0.09534216 7.274852 0.243381 0.3303994 7.295995 0.3279067 0.6263586 7.276814 -0.02882586 0.2439157 7.271896 -0.1078687 0.6847335 7.238221 -0.08188204 1.09678 7.227398 -0.05452899 1.441881 7.256217 0.07769884 0.6917404 7.242362 0.1261503 1.087487 7.1354 0.1578203 1.434091 7.1459  O_Gathering_Close
-0.05796204 0.01104295 7.251579 -0.1126729 0.1133316 7.281992 -0.3148396 0.3795583 7.339351 -0.3700101 0.6790984 7.290982 0.02430059 0.09487331 7.276091 0.2469362 0.3301591 7.298018 0.3310134 0.6261927 7.278032 -0.02577077 0.2432802 7.271886 -0.1048999 0.6844591 7.237687 -0.08044164 1.096635 7.228333 -0.05441396 1.441926 7.256089 0.08069284 0.6908042 7.241763 0.1273169 1.087459 7.137385 0.1584249 1.434163 7.146128  O_Gathering_Close
-0.04568664 0.008360624 7.254939 -0.102735 0.110221 7.282345 -0.3036631 0.3764492 7.331787 -0.3552863 0.6759616 7.27949 0.03462132 0.09398246 7.279738 0.2573704 0.3309418 7.305104 0.3388979 0.6273687 7.280841 -0.01779197 0.2414261 7.271824 -0.09853099 0.6838748 7.23604 -0.07739823 1.096308 7.23089 -0.05419276 1.442014 7.255848 0.08712758 0.6880043 7.239963 0.1294145 1.087725 7.145948 0.1606609 1.434523 7.14751  O_Gathering_Close
-0.04163603 0.007589698 7.255762 -0.09969215 0.1091257 7.282239 -0.3001164 0.3752552 7.328554 -0.3500687 0.6746631 7.274082 0.03780325 0.0939554 7.280779 0.2605014 0.3317649 7.307468 0.3408135 0.6283529 7.281201 -0.01569848 0.2409437 7.271758 -0.0974081 0.6837917 7.235577 -0.07688634 1.096266 7.231283 -0.0541719 1.44204 7.255739 0.08826496 0.6872539 7.239459 0.1297667 1.087885 7.149038 0.1613937 1.434651 7.14803  O_Gathering_Close
-0.03903018 0.0071522 7.256189 -0.09776162 0.1084431 7.28211 -0.297845 0.3744844 7.326371 -0.3466477 0.6737964 7.270352 0.03981872 0.09400845 7.281375 0.2624658 0.3324077 7.308929 0.3419227 0.6290974 7.281248 -0.01442478 0.2406831 7.271702 -0.09684394 0.6837636 7.235312 -0.07663529 1.096257 7.231382 -0.05416773 1.44206 7.255658 0.08883639 0.6868433 7.23917 0.1299455 1.087986 7.150865 0.1618162 1.434722 7.148332  O_Gathering_Close
-0.03648035 0.006774306 7.256526 -0.09587924 0.1078039 7.281941 -0.2956211 0.3737428 7.324195 -0.3432665 0.6729394 7.266585 0.04177864 0.09410882 7.281898 0.2643653 0.3331026 7.310296 0.3429416 0.6298865 7.28115 -0.01320545 0.2404677 7.271641 -0.0963677 0.6837524 7.235085 -0.07642607 1.096261 7.231365 -0.05416683 1.442082 7.255575 0.08931829 0.686501 7.238919 0.1301086 1.088077 7.152455 0.1621944 1.434781 7.148591  O_Gathering_Close
-0.03411166 0.006466985 7.256783 -0.09413545 0.1072379 7.281754 -0.2935493 0.3730699 7.322138 -0.3400932 0.6721405 7.262995 0.04358913 0.094244 7.282343 0.2661131 0.3338009 7.311526 0.3438263 0.6306666 7.280935 -0.01209239 0.2403024 7.271579 -0.09598874 0.6837528 7.234894 -0.07626484 1.096273 7.23129 -0.05417434 1.442105 7.255501 0.08970143 0.686237 7.238707 0.1302415 1.088147 7.153688 0.1624759 1.434824 7.148784  O_Gathering_Close
-0.03021233 0.006059766 7.257098 -0.09126948 0.1063761 7.281384 -0.2901213 0.3720119 7.318684 -0.3348054 0.6708339 7.256908 0.04655268 0.09455669 7.283 0.2689663 0.3350543 7.313469 0.3451523 0.6320375 7.280289 -0.01028852 0.2401092 7.271471 -0.09548788 0.6837735 7.234628 -0.07606678 1.096308 7.23109 -0.0542088 1.442149 7.255392 0.09020717 0.6859295 7.238401 0.1304152 1.088221 7.155045 0.1627733 1.434868 7.148975  O_Gathering_Close
-0.02768324 0.005872369 7.257246 -0.08941577 0.1058767 7.281107 -0.2878812 0.3713762 7.316383 -0.3313232 0.6700091 7.252832 0.04846116 0.09483206 7.283393 0.2708046 0.3359451 7.314701 0.3459002 0.6329899 7.279637 -0.009138508 0.2400485 7.271399 -0.09526722 0.6837987 7.234484 -0.0760002 1.096341 7.23097 -0.05425875 1.442183 7.255347 0.0904298 0.6858392 7.238226 0.1304661 1.088225 7.155244 0.1627734 1.434873 7.148972  O_Gathering_Close
-0.02571241 0.005767465 7.257327 -0.08797537 0.1055191 7.280866 -0.2861246 0.370909 7.314542 -0.3285738 0.669377 7.249562 0.04993935 0.0950855 7.283682 0.2722323 0.3366796 7.315652 0.346402 0.6337614 7.278971 -0.008254929 0.2400357 7.271341 -0.09515212 0.6838236 7.234388 -0.07598333 1.096371 7.23089 -0.05431525 1.442213 7.255327 0.09054585 0.6858282 7.238101 0.1304695 1.088206 7.155025 0.1626731 1.434866 7.148899  O_Gathering_Close
-0.02332549 0.005651951 7.257386 -0.08623873 0.1050874 7.280531 -0.2839755 0.3703426 7.312207 -0.3251761 0.6685897 7.245433 0.05171515 0.09540188 7.284019 0.2739554 0.3375734 7.316847 0.3468462 0.6346888 7.277939 -0.00720088 0.2400239 7.271262 -0.0950269 0.6838477 7.234282 -0.07597815 1.096401 7.230842 -0.05439941 1.442246 7.255319 0.09067215 0.685824 7.237955 0.1304572 1.088178 7.154697 0.1625188 1.434855 7.148801  O_Gathering_Close
-0.02142756 0.005571723 7.257399 -0.08486901 0.1047477 7.280211 -0.2822329 0.3699067 7.310192 -0.3223711 0.6679555 7.241903 0.0531096 0.09566367 7.284289 0.2753272 0.338282 7.317883 0.3469714 0.6354092 7.276812 -0.006378932 0.2400202 7.271188 -0.09492765 0.6838629 7.234203 -0.07598452 1.096421 7.230825 -0.05448465 1.44227 7.255326 0.09077223 0.6858319 7.237838 0.1304345 1.088152 7.15436 0.1623574 1.434847 7.148709  O_Gathering_Close
-0.02003787 0.005515218 7.257375 -0.0838822 0.1044965 7.279908 -0.2809104 0.3696105 7.308482 -0.3201737 0.6674908 7.23896 0.0541087 0.09585726 7.284505 0.2763427 0.3387811 7.31879 0.3467437 0.6359007 7.27557 -0.005793734 0.2400166 7.271119 -0.0948274 0.6838696 7.234147 -0.0759881 1.096433 7.230818 -0.05456631 1.442286 7.255338 0.09087326 0.6858375 7.237742 0.1304158 1.088137 7.154105 0.1622152 1.434845 7.148637  O_Gathering_Close
-0.01937251 0.00548923 7.257352 -0.08342676 0.1043779 7.279695 -0.28025 0.3694865 7.30746 -0.31904 0.6672823 7.237314 0.05456491 0.0959518 7.284651 0.2768521 0.3389903 7.319422 0.3462709 0.63609 7.274509 -0.005523903 0.2400156 7.271074 -0.09473763 0.6838683 7.234114 -0.07598422 1.096436 7.230817 -0.05462782 1.442291 7.255349 0.09096356 0.6858431 7.237679 0.1304076 1.08813 7.153935 0.162111 1.434849 7.148587  O_Gathering_Close
-0.01901714 0.005475283 7.257326 -0.08320276 0.1043171 7.279499 -0.2798763 0.369437 7.306692 -0.3183706 0.6671893 7.236199 0.05478348 0.09600198 7.284782 0.2771563 0.3390614 7.319999 0.345576 0.6361274 7.273364 -0.005388124 0.2400154 7.271036 -0.09464441 0.683863 7.234092 -0.07597534 1.096435 7.230822 -0.05468367 1.442293 7.255363 0.0910572 0.6858489 7.237628 0.1304054 1.088126 7.153794 0.1620178 1.434855 7.148546  O_Gathering_Close
-0.01882724 0.005468488 7.257307 -0.08308719 0.1042894 7.279357 -0.2796926 0.3694019 7.306256 -0.3180711 0.6671492 7.23568 0.05489268 0.09602511 7.284881 0.2773432 0.3390685 7.320425 0.3449958 0.636099 7.272462 -0.005307181 0.2400149 7.271014 -0.094586 0.6838604 7.234078 -0.07596658 1.096434 7.230826 -0.05471269 1.442295 7.255375 0.09111591 0.6858513 7.237597 0.1304075 1.088123 7.153707 0.1619655 1.434857 7.148523  O_Gathering_Close
-0.01868503 0.0054636 7.257288 -0.08300869 0.1042734 7.279202 -0.2795562 0.369378 7.305842 -0.3178608 0.6671345 7.235264 0.054962 0.09603918 7.284994 0.2775112 0.3390387 7.320899 0.3442473 0.636017 7.271355 -0.005241616 0.2400146 7.270993 -0.09452872 0.6838579 7.234067 -0.07595591 1.096434 7.230834 -0.05473749 1.442297 7.255389 0.09117343 0.6858532 7.237568 0.1304115 1.088118 7.153625 0.1619177 1.434859 7.148504  O_Gathering_Close
-0.01859079 0.005459905 7.257277 -0.08296131 0.1042646 7.279077 -0.2794473 0.3693756 7.30549 -0.3176767 0.6671373 7.234892 0.0550008 0.09604704 7.285093 0.2776351 0.3390025 7.321295 0.3435222 0.6359239 7.270296 -0.005196674 0.240014 7.27098 -0.09449165 0.6838562 7.234061 -0.07594936 1.096434 7.23084 -0.05475364 1.442297 7.255401 0.09121074 0.6858538 7.237549 0.130413 1.088115 7.153568 0.1618852 1.434859 7.14849  O_Gathering_Close
-0.01854108 0.005457878 7.257274 -0.0829374 0.1042596 7.27901 -0.2793896 0.3693737 7.305298 -0.3175776 0.6671383 7.23469 0.05501981 0.09605134 7.28515 0.2776965 0.3389865 7.321506 0.3430124 0.635867 7.269543 -0.00517462 0.2400135 7.270975 -0.09447406 0.6838552 7.234059 -0.07594703 1.096434 7.230844 -0.05476288 1.442298 7.255407 0.09122844 0.6858541 7.237541 0.1304125 1.088113 7.153542 0.1618679 1.434859 7.148484  O_Gathering_Close
-0.01850776 0.005456567 7.257273 -0.08292226 0.104256 7.278965 -0.2793502 0.3693727 7.305164 -0.3175087 0.6671394 7.234549 0.05503144 0.09605467 7.285192 0.277736 0.3389776 7.321649 0.342483 0.6358161 7.268742 -0.005160732 0.2400134 7.270974 -0.09446333 0.6838547 7.234061 -0.07594614 1.096434 7.230849 -0.0547692 1.442298 7.255413 0.09123929 0.6858544 7.237537 0.1304113 1.088112 7.153526 0.1618559 1.434859 7.148482  O_Gathering_Close
-0.01850532 0.005456328 7.257274 -0.08292072 0.1042558 7.278964 -0.2793474 0.3693726 7.305159 -0.3175048 0.6671392 7.234543 0.05503287 0.09605467 7.285194 0.2777395 0.3389772 7.321653 0.3422719 0.6358011 7.268403 -0.005159242 0.2400132 7.270974 -0.09446202 0.6838545 7.234061 -0.07594554 1.096434 7.23085 -0.05476908 1.442298 7.255414 0.0912406 0.6858543 7.237537 0.1304119 1.088112 7.153526 0.1618555 1.434859 7.148482  O_Gathering_Close
-0.0185043 0.005456328 7.257274 -0.08292006 0.1042558 7.278963 -0.2793463 0.3693726 7.305156 -0.317503 0.6671392 7.23454 0.0550334 0.09605467 7.285195 0.2777407 0.338977 7.321655 0.3422033 0.6357961 7.268294 -0.005158646 0.2400132 7.270974 -0.09446149 0.6838545 7.234061 -0.07594524 1.096434 7.23085 -0.05476896 1.442298 7.255414 0.09124108 0.6858543 7.237537 0.1304121 1.088112 7.153525 0.1618552 1.434859 7.148482  O_Gathering_Close
-0.01850478 0.005456328 7.257274 -0.08292036 0.1042558 7.278964 -0.2793468 0.3693727 7.305158 -0.3175038 0.6671395 7.234542 0.05503317 0.09605467 7.285195 0.2777404 0.3389771 7.321654 0.3422117 0.6357966 7.268307 -0.005158884 0.2400132 7.270975 -0.09446166 0.6838545 7.234062 -0.0759453 1.096434 7.230851 -0.05476908 1.442298 7.255415 0.09124096 0.6858543 7.237538 0.1304121 1.088112 7.153526 0.1618555 1.434859 7.148482  O_Gathering_Close
