-0.05253534 0.07408905 13.24788 -0.1198014 0.1726139 13.25447 -0.3331397 0.4095793 13.32025 -0.3188202 0.6178765 13.09328 0.01844867 0.1680971 13.25641 0.2413782 0.3977767 13.32384 0.2266836 0.6078271 13.09853 -0.04571066 0.2997118 13.20064 -0.1226021 0.7163768 13.03185 -0.1432705 1.112082 12.91538 -0.1615023 1.456203 12.87153 0.06297894 0.7111923 13.03771 0.1266775 1.10212 12.92142 0.1781379 1.444861 12.88783  SA_DodgeSlap_Far
-0.05277983 0.07331789 13.24683 -0.119862 0.1719383 13.25302 -0.3342865 0.409312 13.31634 -0.3164536 0.6171781 13.08922 0.01836141 0.1672428 13.2561 0.2409224 0.3966821 13.32575 0.2278168 0.6071591 13.10073 -0.04516969 0.2991338 13.20027 -0.1215591 0.7158839 13.03173 -0.1419782 1.11206 12.91683 -0.1599847 1.456044 12.87183 0.06398953 0.7112209 13.0389 0.1283041 1.101626 12.92121 0.1795542 1.444341 12.88704  SA_DodgeSlap_Far
-0.05335937 0.07229316 13.24566 -0.120228 0.1710273 13.25136 -0.3357237 0.4088639 13.31201 -0.3141454 0.6161631 13.08471 0.01794841 0.1661075 13.25587 0.2401009 0.3951696 13.32827 0.2290831 0.6061104 13.10357 -0.044798 0.2983183 13.1999 -0.1201823 0.7151543 13.0314 -0.1404072 1.111952 12.91863 -0.1581825 1.455771 12.8723 0.06529869 0.7109932 13.0404 0.1303564 1.100811 12.92118 0.1814079 1.443466 12.88612  SA_DodgeSlap_Far
-0.05495689 0.07136083 13.24463 -0.121611 0.170223 13.24969 -0.337719 0.4085506 13.30828 -0.3132928 0.6150096 13.08049 0.01648201 0.16502 13.25606 0.2383012 0.3933769 13.33193 0.2302957 0.60469 13.10746 -0.04525117 0.2975631 13.19975 -0.1181623 0.7144485 13.03043 -0.1384789 1.112146 12.92089 -0.1561685 1.455773 12.87313 0.06715925 0.7104783 13.04233 0.1330074 1.099766 12.92182 0.1839999 1.442254 12.88508  SA_DodgeSlap_Far
-0.05761037 0.06995308 13.24304 -0.124009 0.1689385 13.24684 -0.3410574 0.4080044 13.30172 -0.3127318 0.6116678 13.07188 0.01387562 0.1634427 13.25658 0.2346862 0.3908366 13.33856 0.2320495 0.6023567 13.11415 -0.04621546 0.2963786 13.19942 -0.114661 0.7132285 13.02832 -0.1350517 1.112658 12.92528 -0.1522738 1.456004 12.87538 0.07024904 0.7095634 13.04553 0.1374563 1.09804 12.92317 0.1885255 1.440183 12.88344  SA_DodgeSlap_Far
-0.06044535 0.06873536 13.24147 -0.1266764 0.1677449 13.24363 -0.3446316 0.4075119 13.29418 -0.3130446 0.6064032 13.06061 0.01086326 0.1621531 13.25737 0.229969 0.3887695 13.34634 0.2335885 0.6000177 13.12169 -0.04748921 0.2953217 13.19897 -0.1106486 0.7119913 13.02546 -0.1312591 1.113481 12.93082 -0.1474923 1.456583 12.87895 0.07356997 0.7086486 13.04899 0.1423111 1.096331 12.92498 0.1937049 1.438004 12.88177  SA_DodgeSlap_Far
-0.06279807 0.06772625 13.24027 -0.1289829 0.1665832 13.24033 -0.3481624 0.4070284 13.28484 -0.3139187 0.597985 13.04511 0.00803967 0.1612885 13.25861 0.2242537 0.3878174 13.35509 0.2348167 0.5983146 13.12996 -0.04865889 0.294396 13.19847 -0.1063791 0.7107956 13.0223 -0.1268236 1.114316 12.9367 -0.1406169 1.457021 12.88159 0.07683755 0.7078543 13.05271 0.1473046 1.094739 12.92718 0.199181 1.435832 12.88015  SA_DodgeSlap_Far
-0.06539123 0.06664813 13.23896 -0.1315385 0.1651615 13.23596 -0.3523184 0.4064209 13.27127 -0.31487 0.5842132 13.02208 0.004533188 0.1605767 13.26047 0.2158366 0.3875672 13.36687 0.2359228 0.5967148 13.14113 -0.05004046 0.293364 13.19771 -0.1005805 0.7093456 13.01808 -0.1211504 1.115239 12.94458 -0.1296315 1.457343 12.88486 0.08087339 0.7069983 13.05771 0.1538275 1.092825 12.93035 0.2066241 1.433019 12.87812  SA_DodgeSlap_Far
-0.06952642 0.06561399 13.23963 -0.1353754 0.1630185 13.22961 -0.3600085 0.4060187 13.236 -0.3174948 0.5416812 12.96233 -0.002001567 0.1608632 13.26627 0.1958759 0.3913906 13.38969 0.2355619 0.5973579 13.16362 -0.05262504 0.2919821 13.19702 -0.0897129 0.7073008 13.01133 -0.1107569 1.116614 12.96039 -0.09647547 1.456813 12.89159 0.08722796 0.7056127 13.06781 0.16587 1.089344 12.93755 0.221331 1.427527 12.87587  SA_DodgeSlap_Far
-0.07264708 0.06576014 13.24205 -0.1379079 0.1625049 13.22767 -0.36371 0.406201 13.20997 -0.314793 0.5088853 12.92331 -0.006485088 0.1618372 13.27086 0.1828463 0.3950328 13.4019 0.2341897 0.5990377 13.1764 -0.0545216 0.2916156 13.19738 -0.08396547 0.7065347 13.00857 -0.1058083 1.116984 12.96821 -0.07250105 1.456011 12.9002 0.0900379 0.7048491 13.07354 0.1721209 1.087249 12.94149 0.2292951 1.424335 12.87553  SA_DodgeSlap_Far
-0.0768771 0.0665338 13.24585 -0.141131 0.16257 13.22668 -0.3658752 0.4057622 13.17782 -0.3066688 0.4666748 12.88135 -0.01205705 0.163496 13.27644 0.1678751 0.3998469 13.41393 0.2318683 0.601703 13.18973 -0.05696372 0.29158 13.19817 -0.07823233 0.7060204 13.00629 -0.1010749 1.117233 12.97535 -0.0444663 1.454813 12.91611 0.09248509 0.7040763 13.07946 0.1783176 1.084937 12.94536 0.2373367 1.420955 12.87567  SA_DodgeSlap_Far
-0.08310317 0.06809223 13.25078 -0.1457046 0.1636387 13.22661 -0.3642868 0.403988 13.13755 -0.286827 0.4165808 12.8393 -0.01935582 0.1656686 13.2829 0.1517596 0.4044713 13.42589 0.2288849 0.6042095 13.20394 -0.06005625 0.2920061 13.19965 -0.07245825 0.7057323 13.00494 -0.09592013 1.117341 12.98039 -0.0208994 1.453436 12.93472 0.09491129 0.7033924 13.08546 0.1847518 1.082295 12.94848 0.2455686 1.417519 12.87655  SA_DodgeSlap_Far
-0.09081553 0.0703311 13.25612 -0.1512889 0.1655921 13.2272 -0.3571491 0.3994274 13.09441 -0.2575729 0.3623856 12.80489 -0.02779679 0.1682328 13.28949 0.1357407 0.4087064 13.43681 0.2253701 0.6064646 13.21781 -0.06363891 0.2928784 13.20158 -0.06713341 0.7057327 13.00453 -0.09038101 1.117545 12.98345 -0.003572566 1.452352 12.95116 0.09713645 0.7028679 13.09119 0.1910524 1.07955 12.95085 0.2534347 1.414304 12.87808  SA_DodgeSlap_Far
-0.1014585 0.07356048 13.26111 -0.1588414 0.1688389 13.22699 -0.337128 0.3884963 13.03816 -0.2057981 0.2937906 12.77569 -0.03918151 0.1713605 13.29636 0.1168231 0.4119914 13.44943 0.2204141 0.6076499 13.23474 -0.06811093 0.2944202 13.20379 -0.06103663 0.7060945 13.00503 -0.08392487 1.11803 12.98605 0.004638987 1.452902 12.95977 0.1000284 0.7027013 13.09748 0.1988541 1.076235 12.95219 0.2626033 1.410891 12.88015  SA_DodgeSlap_Far
-0.1171293 0.07856894 13.2647 -0.1698013 0.1742578 13.2246 -0.2925433 0.3639739 12.97017 -0.126165 0.2019755 12.76724 -0.05571584 0.1756891 13.30283 0.09205176 0.4144944 13.46404 0.2124338 0.6076192 13.25592 -0.07452987 0.2971637 13.20568 -0.05366955 0.7073008 13.0064 -0.07536809 1.119345 12.98842 0.004482286 1.456094 12.95846 0.1038605 0.7030784 13.10472 0.2094988 1.072012 12.95263 0.2745773 1.407036 12.88355  SA_DodgeSlap_Far
-0.1274105 0.08134305 13.26124 -0.176561 0.1776586 13.21775 -0.2471521 0.3416861 12.92887 -0.05982856 0.1491349 12.7774 -0.06744085 0.1776437 13.30278 0.07394905 0.4134547 13.47249 0.2037481 0.605279 13.26887 -0.07836978 0.2989713 13.20424 -0.04913519 0.7087042 13.00738 -0.0713018 1.120735 12.98966 -0.004034145 1.459721 12.95448 0.1069075 0.7039411 13.10802 0.2162402 1.070129 12.95196 0.2812938 1.405957 12.88687  SA_DodgeSlap_Far
-0.1392093 0.08469629 13.25433 -0.1838922 0.1816951 13.20714 -0.1880455 0.3121805 12.89547 0.01000925 0.0927856 12.80745 -0.08146225 0.180082 13.3001 0.05107589 0.412514 13.47991 0.191385 0.6026756 13.28177 -0.08289127 0.3012757 13.20081 -0.04384295 0.7108785 13.00811 -0.06634884 1.122926 12.99124 -0.01263796 1.464009 12.95314 0.1104791 0.7051565 13.11133 0.2241991 1.06849 12.95177 0.2892495 1.405311 12.89203  SA_DodgeSlap_Far
-0.145574 0.08607948 13.24656 -0.1870991 0.183365 13.19688 -0.1448046 0.2930022 12.88109 0.05942502 0.06724381 12.83178 -0.09050588 0.1811011 13.29589 0.03323801 0.4119751 13.48335 0.1793611 0.6008628 13.28823 -0.08527975 0.3024178 13.19687 -0.04049293 0.7125043 13.00856 -0.06377135 1.124538 12.9924 -0.01719735 1.466585 12.95356 0.1129802 0.7059975 13.11299 0.2284806 1.068231 12.95221 0.2930571 1.405889 12.89685  SA_DodgeSlap_Far
-0.1507351 0.08702981 13.23764 -0.1888667 0.1843139 13.18536 -0.1008445 0.2745203 12.87414 0.1075419 0.04758036 12.86069 -0.09913902 0.182025 13.29063 0.0135137 0.4126233 13.48512 0.165167 0.5998315 13.29261 -0.0872132 0.3033144 13.19216 -0.0369886 0.7142199 13.00898 -0.06127445 1.126241 12.99404 -0.02131174 1.469161 12.95553 0.1154798 0.706758 13.11481 0.2326649 1.068174 12.95341 0.2967577 1.406615 12.90244  SA_DodgeSlap_Far
-0.1525569 0.08698237 13.23072 -0.1880429 0.1837363 13.17613 -0.06845926 0.263872 12.87366 0.1473797 0.04373908 12.88157 -0.10467 0.1825809 13.28652 -0.003462357 0.4152938 13.48503 0.1517186 0.6005142 13.29341 -0.08791219 0.3035864 13.1884 -0.03430543 0.7154429 13.00937 -0.05976162 1.12743 12.99547 -0.02383761 1.470865 12.95757 0.1172249 0.7072037 13.11648 0.2353559 1.068261 12.95496 0.299066 1.407155 12.90659  SA_DodgeSlap_Far
-0.1519312 0.08642304 13.22618 -0.1854978 0.1823214 13.16974 -0.04716406 0.2584156 12.87519 0.177221 0.04786599 12.89587 -0.1073714 0.1829849 13.2839 -0.01667218 0.419088 13.48382 0.141159 0.6027059 13.29283 -0.08752601 0.3035048 13.18577 -0.03193842 0.7163112 13.00964 -0.05868809 1.128257 12.997 -0.02539764 1.47209 12.96033 0.1183182 0.7076294 13.1185 0.2371057 1.068208 12.9564 0.30044 1.407378 12.90949  SA_DodgeSlap_Far
-0.1496008 0.08545816 13.22252 -0.1813646 0.1801467 13.16422 -0.02890621 0.2553822 12.87756 0.2063328 0.05833328 12.90825 -0.1087443 0.1833636 13.28192 -0.02976422 0.4241453 13.48163 0.1306514 0.6060866 13.29119 -0.08634369 0.3031932 13.18349 -0.02937828 0.7170992 13.00992 -0.05777315 1.128979 12.99882 -0.02677856 1.473201 12.96382 0.1191753 0.708128 13.12106 0.2385325 1.068019 12.95786 0.3014293 1.407397 12.91188  SA_DodgeSlap_Far
-0.1461322 0.08449256 13.21996 -0.1764467 0.1779852 13.16045 -0.01964079 0.256278 12.87834 0.2259171 0.07383335 12.91737 -0.108481 0.1837161 13.28081 -0.04052411 0.4287378 13.47961 0.1222688 0.6108367 13.29135 -0.08456837 0.3030103 13.18208 -0.02598099 0.7177024 13.00986 -0.05521832 1.129557 13.00008 -0.02578209 1.474178 12.96777 0.1192302 0.7093128 13.12538 0.2412394 1.066379 12.95798 0.3043065 1.405673 12.91162  SA_DodgeSlap_Far
-0.1445536 0.08415532 13.21824 -0.1741809 0.1773015 13.15845 -0.01600127 0.2567942 12.87799 0.2327719 0.07989836 12.92189 -0.1082573 0.1837752 13.2799 -0.04489521 0.4298646 13.47895 0.1188651 0.6126847 13.29223 -0.08366744 0.3030909 13.18137 -0.02414487 0.7180361 13.00975 -0.05335687 1.129902 13.00037 -0.0254064 1.47479 12.96963 0.1190533 0.7102692 13.1278 0.2430393 1.065203 12.95735 0.306215 1.404469 12.91093  SA_DodgeSlap_Far
-0.1432617 0.08395505 13.21637 -0.1723189 0.17697 13.15654 -0.01345168 0.2573137 12.87709 0.236986 0.08405626 12.92577 -0.107988 0.1837442 13.27882 -0.04808341 0.4300659 13.47867 0.1163461 0.6140034 13.29365 -0.082871 0.3032875 13.1807 -0.02241508 0.7183645 13.00961 -0.05127106 1.13026 13.00041 -0.02513669 1.475429 12.97128 0.118734 0.7113835 13.13015 0.2450027 1.063871 12.95633 0.3083217 1.40312 12.90997  SA_DodgeSlap_Far
-0.142086 0.0838114 13.21397 -0.17066 0.1769139 13.1543 -0.01058052 0.2575032 12.87585 0.2400395 0.08594692 12.92939 -0.1077329 0.1835501 13.27732 -0.05062453 0.429309 13.47876 0.1139587 0.6146964 13.29533 -0.08215265 0.3036019 13.17994 -0.0208808 0.7187904 13.00955 -0.04914955 1.130727 13.00041 -0.02574079 1.476248 12.97319 0.1182614 0.7127369 13.13245 0.2471285 1.06248 12.95504 0.310617 1.401737 12.90898  SA_DodgeSlap_Far
-0.1410024 0.08373022 13.21091 -0.1692 0.1771721 13.15164 -0.007309003 0.2573535 12.87421 0.2418461 0.08528209 12.9327 -0.1074629 0.1831626 13.27529 -0.05244229 0.4274225 13.47928 0.1116741 0.6146889 13.29734 -0.08150963 0.3040552 13.17906 -0.01956121 0.7193362 13.00961 -0.04694716 1.131331 13.00038 -0.02731459 1.477264 12.97551 0.1176058 0.7143865 13.13476 0.249463 1.06099 12.95342 0.3131374 1.400288 12.90793  SA_DodgeSlap_Far
-0.140059 0.08367419 13.20868 -0.1681065 0.1773858 13.14967 -0.004290564 0.2570086 12.8733 0.243264 0.08371341 12.93489 -0.1071763 0.1828626 13.27374 -0.05368296 0.4258399 13.47982 0.1098398 0.6146137 13.29891 -0.08105259 0.3044178 13.1784 -0.01893835 0.7198027 13.00972 -0.04559968 1.131838 13.00018 -0.02911775 1.478053 12.977 0.1170837 0.7156218 13.13614 0.250977 1.060074 12.95221 0.3146486 1.39948 12.90752  SA_DodgeSlap_Far
-0.1390077 0.08361804 13.20649 -0.167 0.1776094 13.14774 -0.0009909701 0.2565087 12.87256 0.2446519 0.08145714 12.93678 -0.1067956 0.1825515 13.27219 -0.05476449 0.4241384 13.48045 0.1079746 0.6144834 13.30048 -0.08059214 0.304788 13.17774 -0.01856576 0.7203054 13.00986 -0.04447208 1.132379 12.9999 -0.03128902 1.478846 12.97843 0.1165528 0.7168487 13.13727 0.2522906 1.059304 12.95098 0.315843 1.398866 12.90732  SA_DodgeSlap_Far
-0.1362613 0.08345389 13.20362 -0.1645963 0.1776817 13.14513 0.005286233 0.2557811 12.87261 0.2485259 0.07862628 12.94012 -0.105389 0.1821879 13.27007 -0.0564479 0.4220546 13.48145 0.1048007 0.6151739 13.3031 -0.07955663 0.305383 13.17677 -0.01881008 0.7212303 13.0099 -0.04341004 1.133348 12.99856 -0.03707812 1.480199 12.98044 0.1154766 0.718899 13.13821 0.2534775 1.058977 12.94925 0.3162981 1.399042 12.90854  SA_DodgeSlap_Far
-0.134578 0.08363354 13.20472 -0.1637506 0.1776435 13.14625 0.007696228 0.2565159 12.87545 0.25217 0.08153462 12.94417 -0.1042229 0.1825711 13.27102 -0.05634991 0.4232278 13.4819 0.1050423 0.6164426 13.30379 -0.07933401 0.3058385 13.17756 -0.02051095 0.721651 13.00977 -0.04387669 1.133778 12.99634 -0.04046218 1.480696 12.97874 0.1146459 0.7196509 13.13716 0.2526374 1.059838 12.94839 0.3150375 1.400196 12.90953  SA_DodgeSlap_Far
-0.1340392 0.08378541 13.20598 -0.1637781 0.1776855 13.14764 0.007708745 0.2575718 12.87728 0.2534372 0.08424175 12.94571 -0.103599 0.1828066 13.2721 -0.05526797 0.4242454 13.48196 0.1061741 0.6169068 13.30329 -0.07939892 0.3060378 13.17841 -0.02180748 0.721769 13.00981 -0.04446242 1.133893 12.99515 -0.04166786 1.480799 12.97719 0.114232 0.7197916 13.13627 0.2516367 1.060553 12.94811 0.3137933 1.401042 12.91  SA_DodgeSlap_Far
-0.1339418 0.08396661 13.2074 -0.1643582 0.1778662 13.14942 0.00646873 0.2590238 12.87902 0.2533431 0.08670092 12.94585 -0.102999 0.1829537 13.2733 -0.05271558 0.4249611 13.48205 0.1082724 0.6168232 13.30212 -0.07970785 0.3062199 13.17943 -0.0233709 0.72188 13.01012 -0.04512916 1.134006 12.99419 -0.04279254 1.480897 12.97589 0.113808 0.7197945 13.13533 0.2503535 1.061353 12.948 0.3124697 1.401861 12.91  SA_DodgeSlap_Far
-0.1338605 0.08407199 13.20847 -0.1648379 0.1779888 13.15082 0.005245941 0.2603527 12.88037 0.253023 0.08877099 12.94575 -0.102469 0.1830186 13.27419 -0.05039154 0.4253484 13.48216 0.109982 0.6166532 13.30109 -0.07995884 0.3063363 13.1802 -0.02462826 0.7219818 13.01043 -0.04567955 1.134106 12.99353 -0.04364721 1.480983 12.97493 0.1134712 0.719766 13.13462 0.2493109 1.061946 12.94791 0.3114497 1.402442 12.90984  SA_DodgeSlap_Far
-0.13382 0.08415246 13.20965 -0.1654799 0.1781218 13.1524 0.003210323 0.2618455 12.8816 0.2518758 0.0907836 12.94493 -0.1018189 0.1830299 13.27512 -0.04716019 0.4254714 13.48242 0.1120095 0.6162745 13.29976 -0.08031021 0.3064482 13.18102 -0.02608262 0.722149 13.01091 -0.04627744 1.134269 12.99291 -0.04444329 1.481124 12.97389 0.1130821 0.7196927 13.13391 0.2481206 1.06255 12.94785 0.3104238 1.402969 12.90936  SA_DodgeSlap_Far
-0.1336999 0.08419669 13.211 -0.166142 0.1782168 13.15418 0.000440972 0.2637769 12.88277 0.2501229 0.0933224 12.9437 -0.1010072 0.1830125 13.27613 -0.04340599 0.4255106 13.48274 0.114207 0.6158665 13.29827 -0.08066641 0.306536 13.18191 -0.02766762 0.7223255 13.01147 -0.04690854 1.134431 12.99213 -0.04520307 1.481254 12.97252 0.1126862 0.7195593 13.1331 0.2467662 1.0632 12.9478 0.3092085 1.403532 12.90877  SA_DodgeSlap_Far
-0.1334465 0.08416724 13.21271 -0.1668765 0.1782305 13.15638 -0.003880842 0.2668539 12.88399 0.2471282 0.09726322 12.94179 -0.09989862 0.1829432 13.27733 -0.03859822 0.4253862 13.48324 0.1167377 0.615407 13.29651 -0.08106516 0.3065735 13.18294 -0.02951048 0.7225129 13.01216 -0.04756121 1.134581 12.99099 -0.04581676 1.481346 12.97037 0.1122763 0.7192882 13.13211 0.2450953 1.063935 12.94777 0.3076305 1.404157 12.90795  SA_DodgeSlap_Far
-0.1329924 0.08404934 13.2147 -0.1675764 0.1781629 13.15896 -0.01008348 0.2715586 12.88515 0.2425286 0.1032265 12.93955 -0.09839897 0.1827828 13.27867 -0.03296499 0.4251105 13.48374 0.1197077 0.6148423 13.29454 -0.08135264 0.3065196 13.18408 -0.03149657 0.722631 13.01289 -0.04838322 1.134635 12.9896 -0.04654555 1.48132 12.96769 0.1119672 0.7188409 13.13081 0.2432332 1.064764 12.94775 0.3057158 1.404909 12.90719  SA_DodgeSlap_Far
-0.1324988 0.08390212 13.21641 -0.1680852 0.1780611 13.1612 -0.01607214 0.276184 12.88615 0.2379099 0.1090113 12.93767 -0.09697787 0.1825989 13.27978 -0.02804111 0.4247946 13.48409 0.1222953 0.6143329 13.29284 -0.0815035 0.3064227 13.18503 -0.03314094 0.7226869 13.01348 -0.0491576 1.134619 12.98837 -0.04723899 1.481227 12.96529 0.1117745 0.7183886 13.12959 0.2416663 1.065465 12.94774 0.3040363 1.405567 12.90665  SA_DodgeSlap_Far
-0.1318925 0.0837034 13.21838 -0.1685755 0.1779411 13.16383 -0.0239502 0.2824728 12.88723 0.2316864 0.1168633 12.93551 -0.09521155 0.1823307 13.28103 -0.02251248 0.4243525 13.48439 0.1252768 0.6136785 13.29095 -0.08150505 0.3062466 13.18612 -0.03488789 0.7225991 13.01401 -0.05017642 1.134439 12.98701 -0.04818605 1.480957 12.96261 0.1116294 0.7178299 13.12808 0.23999 1.066218 12.94765 0.3021142 1.406315 12.90615  SA_DodgeSlap_Far
-0.1310937 0.08343816 13.22073 -0.1690684 0.1777927 13.16703 -0.0342379 0.2907192 12.88886 0.2233306 0.127009 12.93318 -0.09294872 0.1819588 13.28247 -0.01584314 0.4237413 13.4846 0.1289055 0.612828 13.28864 -0.08137451 0.3059891 13.18743 -0.03692279 0.7224028 13.01457 -0.05154369 1.134119 12.9854 -0.04951314 1.480523 12.95944 0.1114867 0.7171283 13.12614 0.2380427 1.067092 12.9475 0.2998176 1.40721 12.90565  SA_DodgeSlap_Far
-0.1301558 0.08310926 13.22332 -0.1694927 0.1776266 13.17065 -0.04699795 0.3005861 12.89081 0.2133947 0.1400734 12.93004 -0.09032343 0.1814753 13.28403 -0.008745773 0.4229534 13.48474 0.1329494 0.6117348 13.28628 -0.08107118 0.3056446 13.18892 -0.03911863 0.7220138 13.01506 -0.05319897 1.133579 12.98359 -0.05109827 1.479843 12.95582 0.1112191 0.7164074 13.124 0.2359949 1.06798 12.94728 0.2974455 1.408097 12.90495  SA_DodgeSlap_Far
-0.1290491 0.08271766 13.22612 -0.1698312 0.1774433 13.17466 -0.06212596 0.311952 12.89373 0.2016245 0.1555907 12.9268 -0.08731316 0.180881 13.28564 -0.00106792 0.4219766 13.48474 0.1374489 0.610404 13.28371 -0.080604 0.305221 13.19054 -0.04151271 0.7214754 13.01551 -0.05516569 1.132858 12.98156 -0.05299882 1.478954 12.95178 0.110831 0.7156515 13.12162 0.2338109 1.068908 12.947 0.2949683 1.409008 12.90412  SA_DodgeSlap_Far
-0.127211 0.08200479 13.22968 -0.1699793 0.177073 13.18015 -0.08602981 0.3280193 12.89841 0.1842138 0.1811227 12.92071 -0.08279942 0.179821 13.28753 0.009756463 0.4202302 13.48448 0.1444095 0.6079577 13.2802 -0.0797153 0.3044947 13.19268 -0.04496388 0.7205739 13.01605 -0.05812423 1.13169 12.97882 -0.05568771 1.477522 12.94615 0.1099226 0.7147331 13.11841 0.2305591 1.070194 12.94666 0.2913366 1.410249 12.90288  SA_DodgeSlap_Far
-0.1255075 0.08133221 13.23239 -0.1698962 0.1767167 13.18462 -0.1071159 0.3414291 12.9042 0.1684963 0.2036288 12.91671 -0.07885884 0.178821 13.28876 0.01895876 0.4185532 13.48388 0.1505128 0.6056395 13.27701 -0.07884757 0.3038278 13.1943 -0.0479161 0.7197867 13.01647 -0.06076721 1.130664 12.9766 -0.05810563 1.476256 12.94149 0.1089961 0.7140115 13.1157 0.2277674 1.071284 12.94642 0.2882821 1.411292 12.90192  SA_DodgeSlap_Far
-0.1234586 0.08050287 13.23425 -0.1693123 0.1761611 13.1882 -0.1284199 0.3524672 12.90928 0.1537466 0.2280111 12.90978 -0.07500599 0.1776968 13.2894 0.0273235 0.4167944 13.48308 0.1562811 0.6032992 13.27406 -0.07781659 0.3031088 13.19552 -0.05071662 0.719083 13.01689 -0.06317584 1.129752 12.97482 -0.06044702 1.475159 12.93793 0.1079289 0.7134758 13.11334 0.2250128 1.072189 12.94595 0.2852249 1.412192 12.901  SA_DodgeSlap_Far
-0.120871 0.07945406 13.23615 -0.1684366 0.1754537 13.1923 -0.1543822 0.3653505 12.91811 0.134289 0.2577666 12.90389 -0.07027476 0.1762748 13.28977 0.03754481 0.414533 13.48164 0.1633098 0.6003531 13.27008 -0.07649551 0.3022119 13.19677 -0.05412708 0.7182631 13.01741 -0.06619136 1.12867 12.97274 -0.06346463 1.473851 12.9338 0.1065664 0.7128426 13.11041 0.2216885 1.073297 12.94542 0.2815962 1.413297 12.90005  SA_DodgeSlap_Far
-0.1172626 0.07810795 13.23729 -0.1666411 0.1743892 13.19584 -0.1835948 0.3768537 12.92867 0.1113076 0.2936419 12.8938 -0.06485395 0.1746008 13.28952 0.04826565 0.4119993 13.47969 0.1704573 0.5977839 13.26602 -0.07467078 0.3011912 13.19772 -0.05771289 0.717509 13.01805 -0.06918781 1.127627 12.97066 -0.06693076 1.472653 12.93034 0.105005 0.7123779 13.10749 0.2180091 1.074347 12.94436 0.2773851 1.414423 12.89885  SA_DodgeSlap_Far
-0.1135161 0.07683289 13.2379 -0.1646133 0.1733754 13.19891 -0.2125102 0.3870404 12.94249 0.08544762 0.330227 12.8868 -0.05943028 0.1730072 13.28877 0.05884977 0.4095142 13.47723 0.1774724 0.5954106 13.26165 -0.07275622 0.3002717 13.19835 -0.06122033 0.7169166 13.01867 -0.0721194 1.126731 12.96859 -0.07043837 1.471622 12.92711 0.1034073 0.7120714 13.10456 0.2144216 1.075469 12.94324 0.2733037 1.41563 12.89774  SA_DodgeSlap_Far
-0.1088899 0.07544935 13.23787 -0.1618079 0.1722056 13.20153 -0.2424583 0.3954097 12.95991 0.05393578 0.3719065 12.87803 -0.05336903 0.1713361 13.28743 0.0704989 0.4069326 13.47386 0.1846944 0.5937851 13.25672 -0.07035087 0.2993606 13.19871 -0.06477313 0.7163877 13.01929 -0.07506351 1.125836 12.96618 -0.07446103 1.470651 12.92403 0.1016326 0.7120731 13.1017 0.2106216 1.076593 12.94155 0.2686953 1.41695 12.89646  SA_DodgeSlap_Far
-0.1031473 0.07390237 13.23711 -0.1581525 0.1708841 13.20408 -0.2766142 0.4029731 12.98589 0.01032146 0.422426 12.87455 -0.04603396 0.1694508 13.28511 0.08462127 0.4039268 13.46884 0.1932727 0.592211 13.2501 -0.06731807 0.2984018 13.19869 -0.0689436 0.7159221 13.01992 -0.07855205 1.12489 12.96311 -0.07936333 1.469645 12.92048 0.09944864 0.712298 13.09823 0.2061336 1.078047 12.93933 0.2632194 1.41867 12.89501  SA_DodgeSlap_Far
-0.09876041 0.07293212 13.23651 -0.15535 0.1700824 13.20608 -0.2993503 0.4066359 13.00863 -0.02751379 0.4609925 12.87351 -0.04052983 0.1682168 13.28322 0.09637572 0.4018021 13.46399 0.199615 0.5918843 13.24418 -0.06504218 0.2978766 13.19874 -0.07193683 0.7156413 13.0204 -0.08106087 1.124143 12.96026 -0.08343552 1.468902 12.91772 0.09775455 0.7126858 13.09589 0.2029873 1.078886 12.93706 0.2592587 1.419765 12.89367  SA_DodgeSlap_Far
-0.09346108 0.07190216 13.23529 -0.1518757 0.169243 13.20816 -0.3242239 0.4090524 13.0401 -0.07778107 0.5064843 12.88237 -0.03389875 0.1668577 13.28036 0.1107295 0.3993447 13.45709 0.2072128 0.5916742 13.23617 -0.06227438 0.297376 13.19845 -0.07557754 0.7154425 13.02088 -0.08417694 1.123324 12.95659 -0.08839922 1.468106 12.91438 0.09562685 0.713298 13.09289 0.1991811 1.080022 12.93417 0.254519 1.421214 12.89205  SA_DodgeSlap_Far
-0.08848999 0.07126689 13.23451 -0.1489428 0.168913 13.21161 -0.3454069 0.4104125 13.07967 -0.1373396 0.5531688 12.90237 -0.02718697 0.1657422 13.2772 0.1287518 0.3965755 13.44712 0.2148996 0.5922903 13.22491 -0.06006805 0.2972651 13.19865 -0.08018415 0.7154438 13.0217 -0.0881279 1.122301 12.95114 -0.09506892 1.467168 12.91 0.09278758 0.7140287 13.08938 0.1944919 1.081177 12.93044 0.2490096 1.422704 12.89  SA_DodgeSlap_Far
-0.08555369 0.0710547 13.23408 -0.1472745 0.1689215 13.21426 -0.3561198 0.410459 13.108 -0.176132 0.5801351 12.92382 -0.0229886 0.1651813 13.2749 0.1411323 0.3948123 13.43919 0.219428 0.5929514 13.21622 -0.05893336 0.2973695 13.19885 -0.083674 0.7155992 13.02241 -0.0911874 1.121624 12.94717 -0.09980248 1.466553 12.90687 0.09059091 0.7145161 13.0867 0.1907569 1.08217 12.92795 0.2448066 1.423917 12.88877  SA_DodgeSlap_Far
-0.08383726 0.071082 13.23423 -0.1464539 0.1691518 13.21698 -0.3617164 0.4107316 13.12979 -0.2021806 0.5964392 12.94225 -0.02016972 0.1649129 13.2733 0.1509202 0.3935044 13.43227 0.2221132 0.5936759 13.20874 -0.05852924 0.2975965 13.19932 -0.08681451 0.7158284 13.02327 -0.09395896 1.121074 12.9439 -0.1037302 1.466045 12.90423 0.08860238 0.7147742 13.08434 0.1871646 1.083121 12.92619 0.2409491 1.425033 12.88809  SA_DodgeSlap_Far
-0.08142023 0.0712527 13.23472 -0.1451592 0.1695781 13.22119 -0.3668393 0.4106404 13.16064 -0.2343749 0.6145478 12.97095 -0.01618336 0.1647204 13.27098 0.1647038 0.3920304 13.42128 0.2252712 0.5949234 13.19706 -0.0579773 0.2979915 13.19997 -0.09158705 0.71622 13.02459 -0.09850101 1.120238 12.93917 -0.1096616 1.465243 12.90018 0.08557399 0.7150326 13.0804 0.1811811 1.084878 12.92395 0.2346624 1.42701 12.88743  SA_DodgeSlap_Far
-0.07954381 0.07152128 13.23573 -0.1440048 0.1700064 13.22502 -0.3682393 0.4107084 13.18309 -0.252462 0.6221235 12.99072 -0.01307837 0.164799 13.26939 0.1751802 0.391426 13.41182 0.2268873 0.5961255 13.18704 -0.057564 0.2983457 13.20057 -0.09562193 0.7165633 13.0258 -0.1026872 1.119534 12.93559 -0.1146604 1.464518 12.89664 0.08304323 0.7149977 13.07658 0.1754214 1.086751 12.92273 0.228773 1.429033 12.88745  SA_DodgeSlap_Far
-0.07733802 0.0718348 13.23697 -0.14241 0.1704376 13.22898 -0.3679762 0.4105556 13.20474 -0.267506 0.6270838 13.00947 -0.009743018 0.1650039 13.2678 0.1853617 0.3912472 13.40167 0.2281367 0.5974525 13.17638 -0.05689303 0.2986867 13.20106 -0.09963857 0.7168547 13.02694 -0.1073106 1.118759 12.93213 -0.120085 1.463706 12.89311 0.08046575 0.7148656 13.07232 0.1692924 1.088773 12.92164 0.222589 1.431165 12.88736  SA_DodgeSlap_Far
-0.07364856 0.0723387 13.23924 -0.1393708 0.1709964 13.23438 -0.365259 0.4103404 13.23018 -0.2812807 0.6276882 13.02815 -0.004795296 0.1655616 13.26595 0.1979799 0.3920342 13.38765 0.2291398 0.5994247 13.16155 -0.05540077 0.2990798 13.20145 -0.1046879 0.7170892 13.02816 -0.1139514 1.117687 12.92811 -0.1277727 1.462543 12.88865 0.07716854 0.7144431 13.06588 0.160659 1.091698 12.92058 0.213935 1.434158 12.88695  SA_DodgeSlap_Far
-0.06904708 0.07285273 13.24169 -0.1353259 0.1715087 13.23986 -0.360053 0.4100797 13.25489 -0.2929531 0.6262628 13.04544 0.0007996727 0.1662346 13.26393 0.2102601 0.3933626 13.37233 0.229528 0.6015812 13.14567 -0.05334214 0.2993921 13.20158 -0.1095752 0.7171527 13.02923 -0.1211267 1.116472 12.92441 -0.1360347 1.461199 12.88423 0.07375993 0.7138416 13.05887 0.1517432 1.094681 12.92001 0.204825 1.437205 12.88673  SA_DodgeSlap_Far
-0.06409161 0.07332385 13.24399 -0.1307978 0.1719424 13.24489 -0.3531578 0.4098912 13.27703 -0.3023011 0.6234946 13.06048 0.006408589 0.1669141 13.26182 0.2211337 0.3949167 13.35711 0.2292079 0.6036438 13.13023 -0.05105577 0.2995987 13.20147 -0.1139815 0.7170672 13.03013 -0.1281637 1.115225 12.9213 -0.1441256 1.459803 12.88025 0.07042976 0.7131148 13.052 0.143472 1.097342 12.91995 0.1962553 1.439923 12.88678  SA_DodgeSlap_Far
-0.05836473 0.07374883 13.24613 -0.1254218 0.1723148 13.24988 -0.343937 0.4097122 13.29921 -0.3111313 0.6206551 13.07665 0.01251419 0.1675634 13.25928 0.2317817 0.3964561 13.34064 0.2283067 0.6058327 13.11425 -0.04837416 0.2997088 13.20114 -0.1183593 0.7167811 13.03097 -0.135669 1.113723 12.91822 -0.1527428 1.458083 12.87581 0.06681658 0.7122201 13.04477 0.1348059 1.099944 12.92047 0.1869605 1.442604 12.88713  SA_DodgeSlap_Far
-0.05377112 0.07402444 13.24754 -0.1210058 0.1725563 13.25352 -0.3355548 0.409604 13.31587 -0.3172823 0.6184639 13.0897 0.01721151 0.1679951 13.25705 0.2394297 0.3975178 13.32744 0.2270937 0.6074253 13.10185 -0.04626672 0.2997204 13.20076 -0.1217061 0.7164703 13.03165 -0.1416437 1.112442 12.91596 -0.1596243 1.456614 12.87242 0.06381793 0.7114223 13.03919 0.1283482 1.101699 12.9212 0.1799521 1.444423 12.88765  SA_DodgeSlap_Far
