-0.07329683 -0.0009545088 2.031231 -0.1418724 0.09444523 2.055261 -0.2762141 0.3973426 2.013947 -0.3145857 0.6999348 1.968417 -0.003544493 0.09405065 2.053683 0.1953431 0.3495792 2.032079 0.2699823 0.6422697 1.969905 -0.07249384 0.2341757 2.041021 -0.1644435 0.6795552 2.006454 -0.1743502 1.092244 2.019281 -0.1732982 1.439254 2.0353 0.02129699 0.6788883 2.007698 0.04287763 1.090988 1.997113 0.06451268 1.438485 2.002125  A_Throw_SoClose
-0.07894085 -0.0009951591 2.03123 -0.1457012 0.09520864 2.057117 -0.2791014 0.3991011 2.018256 -0.3168009 0.7014144 1.970372 -0.007483346 0.0931803 2.051736 0.191495 0.3466911 2.023839 0.2656943 0.6396458 1.962387 -0.07509248 0.2341176 2.04101 -0.1648414 0.6798186 2.009524 -0.1745853 1.092582 2.019812 -0.1731881 1.439648 2.034559 0.02088614 0.6786687 2.007181 0.04345222 1.090767 1.998861 0.06465341 1.438287 2.004186  A_Throw_SoClose
-0.08645336 -0.0008744001 2.031505 -0.1506661 0.09637368 2.059849 -0.2829605 0.4014606 2.024257 -0.3202104 0.7033478 1.973422 -0.01279639 0.09215367 2.049294 0.186187 0.3425723 2.012817 0.2606147 0.6356905 1.95243 -0.07850741 0.2341579 2.041157 -0.1652573 0.6802241 2.013803 -0.1751374 1.093054 2.020793 -0.1735054 1.440191 2.033712 0.020328 0.6784723 2.006281 0.0443997 1.090533 2.000837 0.06534632 1.438056 2.006915  A_Throw_SoClose
-0.1008583 -0.0001443624 2.032497 -0.1596421 0.09902096 2.065662 -0.2900858 0.406067 2.036939 -0.3276765 0.7070346 1.981146 -0.02318643 0.09049773 2.04458 0.1750205 0.3338145 1.990877 0.2510347 0.6267195 1.931439 -0.08479415 0.2345304 2.041667 -0.165397 0.6811242 2.02273 -0.1768908 1.093969 2.023869 -0.1756795 1.441227 2.033073 0.01937266 0.6783416 2.003915 0.04715701 1.090205 2.003716 0.06918217 1.437606 2.012382  A_Throw_SoClose
-0.1166802 0.001450896 2.034556 -0.1681998 0.1026036 2.07356 -0.2967131 0.4115481 2.056199 -0.3367361 0.710617 1.992453 -0.03493027 0.08908105 2.039011 0.1630237 0.3222324 1.96492 0.2413625 0.6138372 1.902199 -0.09097229 0.2353524 2.042666 -0.1636349 0.6823025 2.0337 -0.1785221 1.095008 2.028505 -0.1788193 1.44236 2.033041 0.01902648 0.6784374 2.000212 0.05196841 1.089895 2.004792 0.07864381 1.436846 2.017498  A_Throw_SoClose
-0.121528 0.002107501 2.035583 -0.1705014 0.1038355 2.076432 -0.2983694 0.4134189 2.06408 -0.3399372 0.7116243 1.997347 -0.03866319 0.08874214 2.037341 0.1592773 0.3183258 1.956571 0.2382543 0.6093587 1.89202 -0.09274112 0.2356831 2.043111 -0.1626744 0.6826908 2.037204 -0.1787978 1.09532 2.029996 -0.1796889 1.442687 2.032989 0.01901795 0.6784931 1.998839 0.05368169 1.089794 2.004645 0.08239938 1.436531 2.018673  A_Throw_SoClose
-0.1282446 0.003201842 2.037593 -0.1731261 0.1057265 2.081255 -0.3005521 0.4163848 2.08036 -0.3464515 0.7126023 2.007862 -0.04396335 0.08834565 2.034864 0.1542539 0.3123989 1.943592 0.2332849 0.6024793 1.874948 -0.09494792 0.2362275 2.04386 -0.1607756 0.6832528 2.042303 -0.1785411 1.095748 2.03198 -0.1801731 1.443125 2.032575 0.01916243 0.6786098 1.996452 0.05618002 1.089682 2.003732 0.08889474 1.435963 2.020077  A_Throw_SoClose
-0.1378374 0.00534296 2.041587 -0.1756938 0.1089804 2.089434 -0.3022176 0.4209251 2.112561 -0.3588581 0.7122151 2.028599 -0.05203901 0.08814764 2.031015 0.147925 0.3005782 1.920568 0.2294865 0.587637 1.842791 -0.09776632 0.2373662 2.044879 -0.1569982 0.6842583 2.04968 -0.1776597 1.096484 2.034913 -0.1806551 1.44384 2.032069 0.01945831 0.6790551 1.991908 0.05987533 1.089766 2.001209 0.1005901 1.434941 2.022292  A_Throw_SoClose
-0.1423902 0.006832957 2.044216 -0.1756435 0.1110401 2.094418 -0.3015085 0.4228977 2.136547 -0.3677697 0.7101499 2.045976 -0.05623971 0.08828092 2.028372 0.1439901 0.2929235 1.904668 0.228428 0.5772552 1.820228 -0.09861831 0.2381998 2.045039 -0.1540055 0.6848987 2.053403 -0.1768918 1.096922 2.036442 -0.1810376 1.444249 2.031899 0.01990594 0.6795158 1.988385 0.06186952 1.090044 1.998817 0.1084373 1.434209 2.023924  A_Throw_SoClose
-0.1455885 0.008293867 2.046571 -0.1745462 0.1129419 2.098692 -0.2989475 0.4237865 2.160131 -0.3753273 0.7071133 2.065265 -0.05952845 0.08857942 2.025791 0.1402114 0.2856396 1.889242 0.2285579 0.566634 1.79791 -0.09882735 0.2390555 2.044815 -0.1508804 0.6855224 2.056161 -0.1761075 1.09734 2.037606 -0.1815283 1.444631 2.031833 0.02049597 0.6800683 1.984733 0.0635335 1.09046 1.996128 0.1156981 1.43347 2.025636  A_Throw_SoClose
-0.1470632 0.009821773 2.048459 -0.1718351 0.1148165 2.102218 -0.2935003 0.4234414 2.184351 -0.3839421 0.7025306 2.089288 -0.06151138 0.08909011 2.02282 0.1372759 0.2781197 1.872942 0.2327842 0.5540028 1.773588 -0.09789686 0.2400204 2.043927 -0.1470025 0.6862401 2.057798 -0.1748687 1.097836 2.038117 -0.1817981 1.445086 2.03155 0.02174081 0.6807687 1.980356 0.06531502 1.09109 1.992234 0.1232082 1.432704 2.026822  A_Throw_SoClose
-0.1470788 0.0111382 2.049422 -0.1685261 0.1163316 2.104365 -0.2864113 0.4222925 2.203365 -0.3926093 0.6963247 2.109899 -0.06219498 0.0896765 2.019982 0.13581 0.2718472 1.859382 0.2383672 0.5424033 1.752677 -0.09630905 0.2409077 2.042671 -0.1431876 0.6869327 2.058514 -0.1734628 1.098325 2.038151 -0.1818051 1.445536 2.031157 0.02323593 0.6814697 1.976204 0.06707807 1.091759 1.988203 0.1298287 1.431988 2.027635  A_Throw_SoClose
-0.1463875 0.01234663 2.049903 -0.1649705 0.1176643 2.105775 -0.2784255 0.420681 2.219371 -0.4016287 0.6887676 2.129605 -0.06225226 0.09030497 2.017245 0.1349455 0.2662348 1.847329 0.2441682 0.5312948 1.733672 -0.09442936 0.2417592 2.041237 -0.1394449 0.6876189 2.058752 -0.1719746 1.098818 2.03797 -0.1816538 1.44599 2.030758 0.02482327 0.6821759 1.972219 0.06880005 1.092452 1.98418 0.1357619 1.431287 2.028393  A_Throw_SoClose
-0.142661 0.01448166 2.048699 -0.1568083 0.1197491 2.106103 -0.2623015 0.4160311 2.242568 -0.4247675 0.6661162 2.16402 -0.06010507 0.09179425 2.011212 0.1373319 0.2566093 1.826905 0.2595606 0.5103875 1.701362 -0.0894805 0.2434393 2.037485 -0.1317196 0.6891497 2.05824 -0.169047 1.099901 2.036686 -0.1809773 1.447014 2.030052 0.02821763 0.6837042 1.963943 0.07207991 1.094009 1.975327 0.1464539 1.429892 2.029171  A_Throw_SoClose
-0.1379098 0.01642764 2.046094 -0.1485479 0.1213851 2.104862 -0.2492369 0.4100021 2.25953 -0.45087 0.634057 2.19433 -0.05690913 0.09349144 2.005054 0.1420571 0.2486187 1.810312 0.2750545 0.4922353 1.675898 -0.08422606 0.2451276 2.033509 -0.1242201 0.6908893 2.057319 -0.1668523 1.101053 2.034454 -0.180379 1.448134 2.029348 0.03138222 0.6852875 1.956037 0.07486482 1.09566 1.966404 0.1554049 1.428459 2.029696  A_Throw_SoClose
-0.1287026 0.01986873 2.040783 -0.1340733 0.1240698 2.10159 -0.2311799 0.3969642 2.285194 -0.490889 0.5582707 2.24471 -0.05031614 0.09682333 1.994915 0.1526109 0.2365762 1.787328 0.3008839 0.464856 1.642387 -0.07454531 0.2482703 2.026948 -0.1112761 0.6943459 2.055027 -0.1649187 1.103003 2.028633 -0.1810803 1.450002 2.026648 0.03691842 0.6882343 1.943211 0.07938601 1.098777 1.95061 0.168111 1.425902 2.03039  A_Throw_SoClose
-0.120828 0.02282429 2.036373 -0.1227712 0.1264994 2.098276 -0.2220747 0.3834212 2.30513 -0.5139132 0.4793575 2.278037 -0.04416208 0.09970129 1.987643 0.1632684 0.2286984 1.775054 0.3221036 0.447809 1.627182 -0.06622486 0.2510049 2.021846 -0.1013431 0.6973519 2.051525 -0.164817 1.1044 2.022238 -0.182642 1.45132 2.023906 0.04212822 0.6907906 1.933735 0.08280225 1.101566 1.937292 0.1756068 1.424116 2.030011  A_Throw_SoClose
-0.1138752 0.02522147 2.032597 -0.1137184 0.1286676 2.094928 -0.2169469 0.3698229 2.320903 -0.522217 0.4078777 2.299234 -0.03835778 0.101997 1.982026 0.1731234 0.2236125 1.768608 0.3395005 0.4376593 1.621614 -0.05910258 0.2532557 2.017238 -0.09427963 0.6996086 2.047227 -0.1651786 1.105359 2.016993 -0.183725 1.452197 2.022822 0.04680409 0.6931246 1.926584 0.08483596 1.104168 1.926706 0.1789424 1.423229 2.029626  A_Throw_SoClose
-0.1066197 0.02751982 2.028799 -0.1048086 0.1308657 2.091264 -0.2115613 0.3545468 2.335499 -0.518697 0.3362869 2.314478 -0.03210978 0.1041805 1.976634 0.1834503 0.2192141 1.764191 0.3566416 0.4295703 1.619763 -0.05190138 0.2554413 2.012381 -0.08811872 0.70164 2.042194 -0.1657155 1.106163 2.011955 -0.1848729 1.452864 2.022221 0.05156698 0.695576 1.919913 0.08595653 1.10693 1.91695 0.1798276 1.422717 2.029708  A_Throw_SoClose
-0.09759526 0.02981687 2.024296 -0.09475003 0.1332562 2.0865 -0.2056055 0.3345418 2.350171 -0.5037041 0.2594461 2.325565 -0.02396999 0.1063695 1.970722 0.1963765 0.2158267 1.762368 0.3759868 0.424655 1.623676 -0.04345677 0.2576979 2.00635 -0.08276407 0.703392 2.035356 -0.1665339 1.106791 2.006614 -0.186715 1.45324 2.022109 0.05714907 0.6985435 1.913281 0.08552285 1.110331 1.907846 0.1774449 1.422959 2.030573  A_Throw_SoClose
-0.08686368 0.03122568 2.018581 -0.08424251 0.134799 2.080285 -0.2024755 0.3104806 2.361011 -0.4813423 0.1824894 2.330042 -0.01375155 0.1079656 1.964318 0.2126899 0.2133259 1.763599 0.3944574 0.4249148 1.632089 -0.03424386 0.2592896 1.999396 -0.0792651 0.7042283 2.026861 -0.1661218 1.107197 2.001429 -0.1879499 1.453292 2.021812 0.06346573 0.7012905 1.90803 0.0834967 1.113546 1.901119 0.1713806 1.423848 2.032409  A_Throw_SoClose
-0.07603358 0.03092456 2.012649 -0.07454298 0.1345782 2.073833 -0.2011778 0.2865447 2.366232 -0.4546395 0.1156003 2.325701 -0.003113849 0.1081169 1.958356 0.2298003 0.2106665 1.767134 0.4101977 0.4275168 1.642485 -0.02545862 0.259328 1.992784 -0.0771725 0.7034395 2.018384 -0.1651225 1.106405 1.996973 -0.1888943 1.452098 2.021574 0.06938256 0.7025968 1.904268 0.08080597 1.11516 1.896236 0.1639003 1.423922 2.03411  A_Throw_SoClose
-0.05327712 0.02659702 1.999378 -0.05816106 0.1298499 2.059678 -0.2174949 0.2444537 2.354937 -0.4078228 0.00976193 2.293272 0.02043565 0.1062421 1.948311 0.2682934 0.2094464 1.783071 0.4306504 0.4446887 1.667289 -0.009395761 0.2564634 1.981372 -0.07747309 0.6989374 2.002367 -0.1609744 1.103274 1.991699 -0.1891294 1.448192 2.021912 0.07894565 0.7024782 1.902257 0.07418723 1.115143 1.892824 0.1456425 1.424478 2.035839  A_Throw_SoClose
-0.02994315 0.02043295 1.987299 -0.04458575 0.1226034 2.046172 -0.2519875 0.2048986 2.320793 -0.3571519 -0.07333541 2.239344 0.04501249 0.1038412 1.942454 0.3064975 0.214264 1.806319 0.4389342 0.4670063 1.689331 0.004824298 0.2521257 1.973211 -0.07979755 0.6930855 1.987978 -0.1565414 1.098898 1.989099 -0.1888338 1.443257 2.021474 0.08558293 0.7003155 1.903725 0.06873305 1.112602 1.891926 0.1279317 1.425068 2.033731  A_Throw_SoClose
0.001327472 0.01238644 1.975162 -0.02993397 0.1120704 2.029585 -0.3064647 0.1435415 2.241992 -0.2723942 -0.1526974 2.16332 0.07729395 0.1019436 1.94277 0.3515597 0.2314599 1.842086 0.4430544 0.4965848 1.713859 0.02113326 0.2462206 1.966842 -0.08322315 0.6853749 1.971263 -0.1499702 1.092573 1.988844 -0.1874119 1.436666 2.018376 0.09095819 0.6959681 1.907622 0.06586684 1.107715 1.892172 0.110951 1.425234 2.027807  A_Throw_SoClose
0.03387322 0.005482197 1.96727 -0.01611338 0.1012636 2.012458 -0.3370917 0.05820477 2.130316 -0.1878708 -0.2114488 2.11902 0.1083084 0.1016778 1.951991 0.3842718 0.2612276 1.883755 0.4403825 0.5296271 1.742625 0.0366111 0.2404982 1.963728 -0.08514588 0.6776062 1.95542 -0.1389668 1.085469 1.991827 -0.1793249 1.429953 2.011217 0.09539033 0.6907764 1.913769 0.06650175 1.102038 1.892964 0.09770085 1.425126 2.019013  A_Throw_SoClose
0.05873157 0.001187682 1.964935 -0.005012317 0.09298003 1.999327 -0.3248876 -0.01603067 2.032845 -0.157078 -0.2698802 2.082923 0.1287173 0.1021969 1.96514 0.3926249 0.2901422 1.919693 0.4224344 0.5564826 1.76712 0.04762628 0.2362586 1.964096 -0.08519988 0.6718305 1.944869 -0.129572 1.079499 1.993978 -0.164679 1.424947 2.004352 0.09848 0.6863889 1.921389 0.06888629 1.0972 1.893785 0.08913995 1.425123 2.00913  A_Throw_SoClose
0.08984829 -0.003301024 1.967175 0.01181521 0.08238733 1.984323 -0.2651955 -0.08607471 1.909998 -0.1561804 -0.3717091 1.950449 0.1486223 0.1026822 1.987356 0.3793347 0.3245232 1.963696 0.3762251 0.5769575 1.786576 0.06009652 0.2305666 1.968431 -0.08401601 0.6644467 1.935192 -0.1208752 1.071921 1.991593 -0.141632 1.418621 1.998049 0.1010857 0.679902 1.935428 0.07534499 1.090155 1.897571 0.08310117 1.424666 1.993956  A_Throw_SoClose
0.1265031 -0.007697701 1.975112 0.0376633 0.06998932 1.974686 -0.1878836 -0.103983 1.789078 -0.1916813 -0.350468 1.603772 0.1669759 0.1014038 2.012483 0.3499037 0.3483882 1.999619 0.3160907 0.5613911 1.779186 0.0735683 0.2224338 1.978188 -0.08333556 0.6537336 1.932941 -0.1193076 1.06305 1.974665 -0.1378502 1.409563 1.990744 0.1000849 0.6704038 1.957036 0.08276565 1.080403 1.912265 0.0816734 1.422125 1.979142  A_Throw_SoClose
0.1534032 -0.008442521 1.978606 0.0588115 0.06260741 1.969524 -0.138794 -0.0804677 1.721426 -0.1792338 -0.2134787 1.446144 0.1800963 0.1014118 2.023575 0.3388871 0.3602028 2.018695 0.3064485 0.535467 1.767032 0.08246084 0.2169114 1.982629 -0.08609609 0.6447015 1.931331 -0.1242766 1.05526 1.954958 -0.1483514 1.400752 1.981977 0.09405728 0.6636635 1.972401 0.07847412 1.073916 1.929348 0.07446773 1.419788 1.969397  A_Throw_SoClose
0.1663739 -0.007941127 1.97696 0.06925489 0.0590626 1.96136 -0.07225512 -0.008954644 1.655273 -0.03714607 -0.02641904 1.349381 0.1835286 0.101329 2.026875 0.3317237 0.3663977 2.03417 0.3229311 0.5251969 1.769954 0.08437718 0.2137191 1.981194 -0.08968173 0.6397197 1.926777 -0.1285338 1.050637 1.94133 -0.155738 1.395184 1.97628 0.08640064 0.6592841 1.982578 0.07011421 1.069788 1.942268 0.06276239 1.417553 1.958176  A_Throw_SoClose
0.174937 -0.007287621 1.967911 0.07745798 0.05788302 1.94572 -0.004596276 0.1353582 1.632289 0.1316152 0.2729963 1.392269 0.1839951 0.1000656 2.023229 0.3284813 0.3678806 2.053641 0.3577338 0.5414844 1.80044 0.08588316 0.2117732 1.973784 -0.09105252 0.6367968 1.919912 -0.1349 1.047289 1.932083 -0.1690611 1.390233 1.975633 0.07941528 0.6565632 1.990986 0.06253017 1.066963 1.949869 0.05090739 1.414975 1.950113  A_Throw_SoClose
0.1836736 0.003041744 1.949651 0.08759607 0.06869984 1.922227 0.04942246 0.2360774 1.647767 0.2313227 0.4407955 1.505956 0.1858971 0.1068697 2.011766 0.3305092 0.3718635 2.079076 0.3947813 0.6003127 1.882139 0.09027089 0.2203374 1.961466 -0.08987097 0.6442701 1.914991 -0.1399117 1.053751 1.934893 -0.1807963 1.394274 1.990085 0.07584949 0.6647268 1.996353 0.06212677 1.073713 1.94208 0.04867162 1.421364 1.9564  A_Throw_SoClose
0.1900212 0.01457167 1.937448 0.09545572 0.08104467 1.907341 0.07973666 0.2807624 1.661021 0.2596279 0.5141368 1.570009 0.1878931 0.1156752 2.00426 0.3294192 0.3768553 2.095228 0.4059963 0.6455653 1.964709 0.09376748 0.2305083 1.954229 -0.087602 0.6545978 1.91599 -0.1407329 1.063343 1.942057 -0.1842837 1.402624 2.002599 0.07755859 0.6738812 1.998764 0.06615646 1.08107 1.931899 0.045675 1.427089 1.965052  A_Throw_SoClose
0.1955339 0.02630806 1.926476 0.1026377 0.09337199 1.893719 0.09559007 0.3176434 1.675306 0.2611813 0.5726889 1.623935 0.1885696 0.1246853 1.997509 0.3191503 0.3839704 2.109013 0.3978265 0.6761147 2.049295 0.09576131 0.2404594 1.947186 -0.08530979 0.6659536 1.918689 -0.1334901 1.074523 1.955082 -0.172176 1.414109 2.017202 0.08021207 0.6814358 2.001541 0.06985135 1.08738 1.927343 0.04273321 1.431686 1.971681  A_Throw_SoClose
0.1964494 0.02989244 1.922802 0.1041194 0.09720254 1.889256 0.09310986 0.3292288 1.679379 0.2514344 0.5904546 1.63693 0.1880383 0.1274107 1.995002 0.3115709 0.3870912 2.116246 0.3864678 0.6840999 2.08046 0.09582497 0.243569 1.944472 -0.08440988 0.6698696 1.91929 -0.1277392 1.078261 1.963031 -0.1615378 1.418626 2.023725 0.08075185 0.6834622 2.003185 0.07034047 1.08915 1.927603 0.04120084 1.433138 1.973112  A_Throw_SoClose
0.1955832 0.03100312 1.920803 0.1036205 0.09869981 1.887109 0.08708616 0.3347776 1.681112 0.2393873 0.5999788 1.64136 0.1868978 0.1280793 1.993593 0.3056594 0.3880203 2.122387 0.3765658 0.6874461 2.101875 0.09529151 0.2447524 1.943145 -0.08358233 0.671804 1.919773 -0.1238775 1.079949 1.96844 -0.154126 1.42096 2.027352 0.08130123 0.6841793 2.0044 0.07041414 1.08968 1.92789 0.03996744 1.433543 1.973491  A_Throw_SoClose
0.1887372 0.03053689 1.918612 0.09740056 0.09967327 1.886056 0.06273587 0.3395889 1.681149 0.2000697 0.6120039 1.636016 0.1820511 0.1272882 1.991928 0.2933596 0.3871908 2.135625 0.3541403 0.6895081 2.139412 0.09215303 0.2457129 1.942498 -0.08141451 0.6749189 1.921323 -0.1185368 1.082478 1.976932 -0.14315 1.424704 2.03124 0.08328982 0.6852596 2.00657 0.07017066 1.090533 1.929209 0.03832241 1.434423 1.97363  A_Throw_SoClose
0.1829545 0.02910757 1.918227 0.09193929 0.09927177 1.886919 0.04521163 0.3394303 1.680328 0.1727216 0.6154036 1.628487 0.1784174 0.1259075 1.991558 0.2873867 0.3852857 2.141707 0.3429201 0.6883263 2.155378 0.0895759 0.2455056 1.943051 -0.08016185 0.6760775 1.922539 -0.1174688 1.083424 1.979559 -0.1409216 1.426064 2.031734 0.08487888 0.6855616 2.007234 0.07005067 1.090892 1.930482 0.03833123 1.434882 1.974213  A_Throw_SoClose
0.1773719 0.02750242 1.918454 0.08663638 0.09857357 1.888429 0.02908035 0.3381414 1.679521 0.1471804 0.6167839 1.620207 0.175031 0.1244578 1.991645 0.2832493 0.3832327 2.145525 0.3351945 0.6865764 2.16524 0.08704789 0.2450365 1.94401 -0.07933395 0.6767148 1.92369 -0.1175558 1.084034 1.980304 -0.1414524 1.42681 2.031364 0.08636244 0.6857306 2.007147 0.06988795 1.091308 1.932053 0.03891166 1.43542 1.975361  A_Throw_SoClose
0.1647411 0.02365732 1.919575 0.07460721 0.09657478 1.89251 -0.007636828 0.3347981 1.681877 0.08760066 0.6185274 1.607479 0.1673365 0.1210035 1.992218 0.2747376 0.3779137 2.152996 0.3197956 0.6815814 2.182324 0.08099963 0.2434961 1.946492 -0.07849513 0.6773127 1.926375 -0.1179808 1.084754 1.981216 -0.1426985 1.42778 2.030162 0.08920009 0.6856019 2.005818 0.06950463 1.091885 1.935466 0.04111989 1.436249 1.978543  A_Throw_SoClose
0.1504764 0.01936996 1.921848 0.06089796 0.09400249 1.898206 -0.04773114 0.3314029 1.692703 0.02143999 0.6188411 1.604941 0.1585704 0.1172696 1.993369 0.2665931 0.3714921 2.159881 0.3062734 0.6753855 2.194212 0.07354148 0.2414138 1.949692 -0.0791456 0.6772082 1.92936 -0.1186874 1.084985 1.981605 -0.1436553 1.428222 2.028919 0.09120066 0.6848947 2.003012 0.06916465 1.092064 1.93874 0.04451754 1.436608 1.982672  A_Throw_SoClose
0.1383459 0.01592076 1.924432 0.0491698 0.0917995 1.903742 -0.07855843 0.3294451 1.707735 -0.03010349 0.6184111 1.611515 0.1510471 0.1143442 1.994572 0.2608915 0.3660436 2.164347 0.2978496 0.6700801 2.200406 0.06679739 0.239598 1.952585 -0.08054285 0.6768858 1.931716 -0.1194929 1.084987 1.981826 -0.1441661 1.428395 2.028044 0.09192921 0.6839611 2.000308 0.06900175 1.091811 1.940841 0.0474632 1.436422 1.985865  A_Throw_SoClose
0.1274597 0.01303029 1.927199 0.03862216 0.0899241 1.909196 -0.1024595 0.3286763 1.724478 -0.07124583 0.6180494 1.622516 0.14425 0.1119376 1.995772 0.2568667 0.36146 2.166856 0.2924349 0.6655876 2.203539 0.06050875 0.2380304 1.955308 -0.08224605 0.6765665 1.933699 -0.1205193 1.084951 1.981986 -0.1447303 1.42853 2.027168 0.0919096 0.6829555 1.997968 0.06890871 1.091318 1.942159 0.04983224 1.435953 1.9881  A_Throw_SoClose
0.1105227 0.008927822 1.932094 0.02230336 0.08732414 1.918244 -0.1328164 0.3283616 1.750631 -0.1290364 0.6175478 1.643558 0.1335096 0.1085379 1.997745 0.2525315 0.3556724 2.166869 0.2863687 0.6598006 2.20515 0.05040248 0.2357774 1.959631 -0.08562855 0.6761066 1.936813 -0.1228511 1.084816 1.983139 -0.1460312 1.428714 2.026389 0.09080197 0.6811922 1.994675 0.06874223 1.090292 1.944139 0.05347534 1.435009 1.990882  A_Throw_SoClose
0.08852597 0.004367709 1.939376 0.001427667 0.08469534 1.930633 -0.1671931 0.3278753 1.78075 -0.1991143 0.6160993 1.675796 0.1190865 0.104715 2.000582 0.2490229 0.3506491 2.161273 0.2813022 0.6544422 2.20337 0.03680708 0.2333081 1.965322 -0.09123765 0.6756633 1.940908 -0.126477 1.084617 1.986618 -0.1472875 1.429074 2.0265 0.08762158 0.6788751 1.990914 0.06808485 1.088896 1.94727 0.0583237 1.43377 1.994332  A_Throw_SoClose
0.07585575 0.002239823 1.943907 -0.01044957 0.08366072 1.937808 -0.1873251 0.3271904 1.79606 -0.2372513 0.61426 1.695036 0.1103583 0.1028844 2.002408 0.24781 0.3490897 2.155585 0.2808962 0.6525038 2.199739 0.02859701 0.2322057 1.968638 -0.09533773 0.6755432 1.943471 -0.1286036 1.084584 1.989883 -0.1471356 1.429455 2.02722 0.08465834 0.6776948 1.989279 0.0671059 1.088226 1.949785 0.06103464 1.433243 1.996411  A_Throw_SoClose
0.06487484 0.000731945 1.947974 -0.02065991 0.08310163 1.944055 -0.2047098 0.3268913 1.809591 -0.2685367 0.6127639 1.713101 0.1026079 0.1015506 2.004071 0.2467562 0.3480935 2.150031 0.2815624 0.6511028 2.195619 0.02133562 0.2314978 1.971546 -0.09918438 0.67561 1.945751 -0.1304319 1.084716 1.992978 -0.1467454 1.429946 2.027966 0.0816855 0.6768472 1.988013 0.06606825 1.087786 1.952112 0.06327249 1.432938 1.998047  A_Throw_SoClose
0.05354186 -0.0004321337 1.95216 -0.03117065 0.08288145 1.950307 -0.222847 0.3269674 1.824219 -0.2957737 0.6121541 1.732253 0.09427471 0.1004539 2.005912 0.2459613 0.3475819 2.143472 0.2846733 0.6501777 2.188655 0.01352187 0.2310369 1.974665 -0.1037648 0.6758463 1.948528 -0.1323746 1.08502 1.996833 -0.1459119 1.430613 2.029332 0.07787921 0.6762061 1.987346 0.0643694 1.087521 1.955086 0.06502201 1.432891 1.999438  A_Throw_SoClose
0.03670688 -0.001573205 1.95858 -0.04669861 0.0831219 1.959795 -0.2469131 0.3291918 1.848775 -0.3273068 0.614952 1.765196 0.08162893 0.09923792 2.008883 0.2446963 0.3470694 2.132966 0.2909922 0.6491196 2.174518 0.00166853 0.2307858 1.979713 -0.111113 0.6764737 1.9532 -0.1362586 1.085752 2.002535 -0.1461252 1.431844 2.030762 0.07151796 0.6756617 1.987065 0.06125273 1.087429 1.959758 0.06664057 1.433209 2.000442  A_Throw_SoClose
0.01930858 -0.00257051 1.965455 -0.0626214 0.08354354 1.969906 -0.266471 0.3340526 1.876048 -0.3482358 0.6220325 1.801956 0.06829806 0.0979538 2.012211 0.243292 0.346099 2.121193 0.2992105 0.6474873 2.154996 -0.01077734 0.2305492 1.985473 -0.1194257 0.6768901 1.958758 -0.1415467 1.086314 2.008327 -0.1482448 1.432855 2.031539 0.06402476 0.6751984 1.98782 0.0574347 1.087328 1.965247 0.06704535 1.433597 2.000644  A_Throw_SoClose
0.005899506 -0.003261566 1.970925 -0.07476632 0.0839715 1.977925 -0.2774252 0.3395056 1.897132 -0.3583162 0.6297259 1.831282 0.05791541 0.09690988 2.014877 0.242093 0.3448403 2.111464 0.3059699 0.6454979 2.136547 -0.02036719 0.2303668 1.990169 -0.1262596 0.6769871 1.963322 -0.1459919 1.086547 2.012782 -0.1503984 1.433353 2.032269 0.05769529 0.6749774 1.988976 0.05441751 1.087326 1.969963 0.06672175 1.433971 2.000525  A_Throw_SoClose
-0.008263571 -0.003908753 1.976967 -0.08744489 0.08455288 1.986663 -0.285327 0.3465717 1.918952 -0.3643048 0.639432 1.86325 0.04686322 0.09577179 2.017851 0.2406847 0.3429 2.100669 0.3127985 0.6424552 2.113733 -0.03041617 0.2301999 1.995348 -0.1337388 0.6769077 1.968268 -0.1506935 1.086627 2.017436 -0.152738 1.433627 2.033571 0.05065103 0.6749087 1.990582 0.0512798 1.087422 1.975224 0.06558569 1.434449 2.000036  A_Throw_SoClose
-0.01912729 -0.004328728 1.981914 -0.09706025 0.08511031 1.993631 -0.2891505 0.3526083 1.935263 -0.3655612 0.6476254 1.888001 0.03831329 0.09489548 2.02038 0.2394746 0.3409165 2.092252 0.31744 0.6392823 2.094142 -0.03805874 0.2301089 1.999547 -0.1395174 0.6767862 1.972178 -0.1543633 1.086656 2.020769 -0.1548437 1.433755 2.034774 0.04515513 0.6749395 1.992032 0.04883619 1.087527 1.979311 0.06373437 1.434838 1.999325  A_Throw_SoClose
-0.0297877 -0.004662633 1.987345 -0.1063921 0.08575571 2.000994 -0.2910296 0.3589008 1.951083 -0.3644477 0.6559536 1.912651 0.02986486 0.09405172 2.02341 0.2384584 0.3383784 2.084181 0.321373 0.6351627 2.071988 -0.04550932 0.2300606 2.004182 -0.1450111 0.6767288 1.976462 -0.158086 1.08694 2.022623 -0.1577924 1.434091 2.03527 0.03990861 0.6749381 1.993869 0.04640665 1.087562 1.983723 0.06067582 1.435159 1.998565  A_Throw_SoClose
-0.04179607 -0.004915833 1.994055 -0.1167694 0.0865953 2.009892 -0.2920807 0.365821 1.968658 -0.3616903 0.6649537 1.940701 0.02030899 0.09318244 2.02731 0.2370138 0.3351285 2.074872 0.3242543 0.629363 2.044548 -0.05389301 0.2300781 2.009902 -0.1509611 0.676841 1.981763 -0.161965 1.08768 2.02257 -0.1609937 1.434869 2.034089 0.03420009 0.6748347 1.996352 0.04400899 1.087458 1.989359 0.05606135 1.435333 1.998619  A_Throw_SoClose
-0.04833392 -0.004977226 1.998065 -0.1223192 0.08714426 2.015143 -0.2927425 0.3694195 1.978158 -0.3605071 0.6694584 1.955975 0.01514168 0.09276354 2.029641 0.2359875 0.3333609 2.069126 0.3249504 0.6257406 2.027846 -0.05838714 0.2301474 2.013252 -0.1540834 0.6769805 1.984786 -0.163799 1.088183 2.022103 -0.1622078 1.435371 2.033586 0.03119393 0.674779 1.997786 0.04275324 1.087385 1.992668 0.05245771 1.435397 1.999097  A_Throw_SoClose
-0.0532832 -0.004987121 2.001207 -0.1264788 0.08760333 2.019232 -0.2932363 0.3720919 1.98527 -0.3593169 0.6728065 1.967618 0.01123162 0.09246981 2.031455 0.2350409 0.3319983 2.064517 0.3249896 0.6227356 2.014663 -0.06176547 0.2302268 2.01584 -0.1564133 0.6771129 1.987087 -0.165114 1.088577 2.021674 -0.1629471 1.435757 2.033298 0.0289435 0.6747462 1.998868 0.0418243 1.087328 1.995205 0.0491701 1.435426 1.999884  A_Throw_SoClose
-0.05929999 -0.004924774 2.005592 -0.1313834 0.08831191 2.024846 -0.2949085 0.3752586 1.994053 -0.3600169 0.6764111 1.980801 0.006598668 0.09213305 2.033989 0.2332621 0.3307776 2.05763 0.3232224 0.6191917 1.995751 -0.06563793 0.2303965 2.019344 -0.1590108 0.6772939 1.989999 -0.1668395 1.088996 2.021857 -0.1642795 1.436165 2.033727 0.02644535 0.6747829 2.000062 0.04056956 1.087337 1.998185 0.04329725 1.43552 2.001138  A_Throw_SoClose
-0.06406109 -0.004808187 2.009352 -0.1351799 0.08898664 2.029585 -0.2966385 0.3778117 2.000708 -0.3610714 0.6792021 1.989766 0.002968209 0.0918777 2.036219 0.2314583 0.329795 2.051777 0.3208148 0.6160867 1.979966 -0.06856309 0.2305865 2.022344 -0.1608817 0.6774569 1.992453 -0.1682521 1.08933 2.022136 -0.1655444 1.436507 2.033731 0.02465297 0.6748697 2.000922 0.03957923 1.087399 2.000324 0.03782632 1.435592 2.002887  A_Throw_SoClose
-0.06777875 -0.004677892 2.012465 -0.1380892 0.08958066 2.033479 -0.2982226 0.3798491 2.005722 -0.3623206 0.6813452 1.995767 0.0001552273 0.09167969 2.038096 0.2295424 0.3292233 2.04692 0.3177424 0.6137478 1.967101 -0.07076012 0.2307644 2.024835 -0.1622409 0.6775873 1.994499 -0.1693853 1.089586 2.022445 -0.1666584 1.436778 2.033589 0.0233533 0.6749697 2.001534 0.03884395 1.087478 2.001858 0.03324844 1.435627 2.004858  A_Throw_SoClose
-0.07081591 -0.004523754 2.015081 -0.1404269 0.0901345 2.036767 -0.2997349 0.3815874 2.009253 -0.3638486 0.6830624 1.998772 -0.00212775 0.09152055 2.039717 0.227413 0.328975 2.042681 0.314081 0.6120667 1.956355 -0.07247309 0.2309457 2.027008 -0.1632621 0.6777097 1.996442 -0.1702146 1.089809 2.022912 -0.1674498 1.437009 2.033785 0.02238371 0.6750962 2.00195 0.03856464 1.087577 2.00291 0.03032537 1.435668 2.006526  A_Throw_SoClose
-0.07316868 -0.004377127 2.017222 -0.1422171 0.09059858 2.039454 -0.3008355 0.3830116 2.011859 -0.3649262 0.6844537 2.000347 -0.003891272 0.09140968 2.041056 0.2254052 0.3289455 2.039122 0.3104685 0.6109188 1.94769 -0.07377402 0.2311074 2.028796 -0.1640657 0.6778053 1.998086 -0.1708537 1.089986 2.023305 -0.1680254 1.437191 2.033985 0.02161445 0.6752278 2.002304 0.03844305 1.087682 2.003757 0.02832474 1.435715 2.008028  A_Throw_SoClose
-0.07629971 -0.00411737 2.020442 -0.1445554 0.09130585 2.043461 -0.3020272 0.3851429 2.014993 -0.3658807 0.6864937 2.000231 -0.006218417 0.09129393 2.043121 0.2216823 0.3294699 2.0336 0.303406 0.6100706 1.935168 -0.07543491 0.2313778 2.031504 -0.1651445 0.6779421 2.000651 -0.1716806 1.090243 2.023885 -0.1686938 1.437453 2.034375 0.02057143 0.6754882 2.002917 0.03845115 1.087895 2.005004 0.02635779 1.435852 2.01024  A_Throw_SoClose
-0.07883112 -0.003820539 2.023714 -0.1464298 0.09200513 2.047339 -0.3022102 0.3872751 2.017185 -0.3649944 0.6885594 1.99735 -0.008108838 0.09126842 2.045335 0.2168798 0.3309339 2.028312 0.2938244 0.6107745 1.924037 -0.07673155 0.2316772 2.034124 -0.1658712 0.6781369 2.002896 -0.1722938 1.090544 2.024189 -0.1691832 1.43775 2.034777 0.01985736 0.6757377 2.003724 0.03826078 1.08812 2.006145 0.02531411 1.436031 2.012314  A_Throw_SoClose
-0.0802763 -0.003577113 2.026082 -0.1475216 0.09250033 2.04999 -0.3016986 0.3888063 2.018188 -0.3631889 0.6900393 1.993999 -0.009220524 0.09132493 2.047042 0.212746 0.3326163 2.025072 0.2854341 0.6123531 1.917516 -0.07748084 0.2319174 2.035923 -0.1661807 0.6783302 2.004211 -0.1726627 1.090799 2.024273 -0.1695436 1.437994 2.035221 0.01954933 0.6758994 2.004344 0.03829737 1.088266 2.006737 0.02596136 1.436192 2.013318  A_Throw_SoClose
-0.08102559 -0.003341079 2.027975 -0.1480922 0.0928936 2.052037 -0.3005947 0.390116 2.018754 -0.3606035 0.6913319 1.990906 -0.009807033 0.0914458 2.048517 0.208999 0.3344934 2.022989 0.277771 0.6145331 1.913661 -0.07784389 0.2321444 2.037369 -0.1663712 0.6784787 2.005189 -0.1729971 1.090992 2.024251 -0.1699295 1.438173 2.035653 0.01935919 0.6760987 2.004852 0.03895791 1.088427 2.006953 0.0285833 1.436426 2.013027  A_Throw_SoClose
-0.08119254 -0.003123045 2.029344 -0.1482109 0.09318376 2.053479 -0.2989907 0.3912354 2.018935 -0.357361 0.6924922 1.988199 -0.009933932 0.09160161 2.049708 0.2059376 0.3363055 2.021986 0.2715285 0.6169245 1.91219 -0.07785945 0.2323483 2.03849 -0.166513 0.6785568 2.005915 -0.1732859 1.091108 2.024095 -0.1702689 1.438275 2.035908 0.01921876 0.6763503 2.005271 0.03999259 1.088624 2.006798 0.03238161 1.436715 2.011542  A_Throw_SoClose
-0.08109246 -0.002961636 2.03008 -0.148126 0.09335804 2.054246 -0.2973921 0.3920665 2.018795 -0.3542122 0.6934095 1.986063 -0.009850187 0.09173262 2.050449 0.2039166 0.337642 2.021836 0.2675459 0.6189134 1.912556 -0.07773583 0.2324944 2.039177 -0.1665938 0.6785952 2.006342 -0.17346 1.091173 2.02386 -0.1704628 1.438331 2.035947 0.01913931 0.6765604 2.005564 0.04078241 1.088791 2.006443 0.035634 1.436943 2.009904  A_Throw_SoClose
-0.08088325 -0.002817512 2.030553 -0.14796 0.09348738 2.054749 -0.2957963 0.3927822 2.018594 -0.3510901 0.6942284 1.984239 -0.009683056 0.0918597 2.050995 0.2022761 0.338827 2.022006 0.2644504 0.62083 1.913779 -0.07756321 0.2326213 2.039689 -0.1666318 0.6786329 2.00665 -0.173633 1.091233 2.023592 -0.1706977 1.438383 2.035914 0.01910265 0.6767472 2.005818 0.0413899 1.088945 2.006001 0.03859003 1.437132 2.008379  A_Throw_SoClose
-0.08060162 -0.002668619 2.030944 -0.147739 0.09360754 2.055172 -0.2940475 0.3935051 2.01834 -0.3476804 0.6950646 1.982383 -0.009459717 0.09199667 2.051498 0.2006563 0.3400482 2.022339 0.2614743 0.6228821 1.915519 -0.07735024 0.2327508 2.040162 -0.1666525 0.6786733 2.006927 -0.1738212 1.091294 2.023281 -0.170973 1.438437 2.03584 0.0190834 0.6769403 2.006074 0.04197069 1.089104 2.005473 0.04167749 1.437308 2.006872  A_Throw_SoClose
-0.0796207 -0.002384663 2.031324 -0.1469643 0.093768 2.055612 -0.2905604 0.3946241 2.017781 -0.3410563 0.6964068 1.979247 -0.00867687 0.09230065 2.052193 0.1983199 0.3422873 2.02366 0.2577362 0.6270109 1.921159 -0.07669096 0.2329898 2.04079 -0.166542 0.6787505 2.007196 -0.1742054 1.091399 2.022594 -0.1716758 1.438527 2.035621 0.01919718 0.6773121 2.006531 0.04270985 1.089435 2.004265 0.04720034 1.437613 2.00452  A_Throw_SoClose
-0.07888328 -0.002212048 2.03144 -0.1463783 0.09384775 2.055758 -0.2884375 0.3951943 2.017424 -0.3370796 0.6971029 1.977515 -0.008085473 0.09249926 2.052515 0.1972289 0.343557 2.024621 0.2563699 0.6294682 1.925316 -0.07620536 0.233132 2.041048 -0.1664097 0.6787988 2.007235 -0.174414 1.091458 2.022158 -0.1721126 1.438576 2.035503 0.01933141 0.6775362 2.006776 0.04297854 1.089645 2.00349 0.05020984 1.437776 2.003533  A_Throw_SoClose
-0.07812493 -0.00204277 2.031502 -0.145768 0.09392357 2.055842 -0.2864167 0.3956844 2.01709 -0.3333054 0.6977106 1.975991 -0.007469935 0.09269667 2.052776 0.1964016 0.3446827 2.02558 0.255962 0.6317543 1.929941 -0.07569872 0.2332693 2.04122 -0.1661935 0.6788681 2.007195 -0.1745167 1.091536 2.021724 -0.1724289 1.438641 2.035408 0.01954879 0.677731 2.00697 0.04303541 1.08984 2.002681 0.05266799 1.437913 2.002863  A_Throw_SoClose
-0.07746999 -0.001898408 2.031546 -0.1452383 0.09398818 2.055896 -0.2847156 0.3960733 2.016805 -0.3301271 0.6981926 1.974743 -0.006935997 0.09286654 2.052987 0.1957876 0.3455914 2.026412 0.2560134 0.6336339 1.934169 -0.07525878 0.2333858 2.041338 -0.1659742 0.678937 2.007131 -0.174571 1.09161 2.021342 -0.1726674 1.438705 2.035319 0.01976879 0.6778854 2.007113 0.04303642 1.089996 2.001952 0.05460097 1.438011 2.002447  A_Throw_SoClose
-0.07691972 -0.001765609 2.03161 -0.1447916 0.09405529 2.055945 -0.2833011 0.3963768 2.016551 -0.3274575 0.6985736 1.973716 -0.006485445 0.09302402 2.053187 0.1954131 0.3462943 2.027191 0.2569098 0.6351744 1.938473 -0.07488821 0.2334946 2.04142 -0.165731 0.679027 2.007039 -0.1745889 1.091704 2.020976 -0.172866 1.43879 2.035195 0.02001198 0.6780007 2.007195 0.04304423 1.090114 2.001215 0.0562615 1.438068 2.00211  A_Throw_SoClose
-0.07557641 -0.001447916 2.031698 -0.1437107 0.09420955 2.055948 -0.2801681 0.3969541 2.015826 -0.3215892 0.6993113 1.97142 -0.005395396 0.09341896 2.053599 0.1948761 0.34781 2.029078 0.2604308 0.6384947 1.949647 -0.0740097 0.233758 2.041498 -0.1652047 0.6792421 2.006785 -0.1745636 1.091927 2.020138 -0.1731723 1.438989 2.034964 0.02053799 0.6782934 2.007342 0.04309585 1.0904 1.999421 0.06009038 1.438184 2.001634  A_Throw_SoClose
-0.07479475 -0.001283884 2.03158 -0.1430875 0.09427691 2.055763 -0.278765 0.397113 2.015288 -0.3190753 0.6995469 1.970384 -0.004767342 0.09363842 2.053667 0.1949023 0.3484968 2.03005 0.2632262 0.6399785 1.956059 -0.07351469 0.233896 2.04138 -0.1650032 0.6793365 2.006656 -0.1745276 1.092023 2.019831 -0.1732335 1.439068 2.035055 0.02073915 0.6784912 2.007434 0.04305073 1.090593 1.998621 0.06180372 1.438281 2.001722  A_Throw_SoClose
-0.07407419 -0.001133323 2.031429 -0.1425091 0.09434307 2.055544 -0.2775401 0.3972268 2.014721 -0.3169124 0.6997316 1.969464 -0.004185064 0.09383607 2.053687 0.1950318 0.3490644 2.030961 0.2661097 0.6411781 1.962245 -0.07304512 0.2340233 2.041228 -0.1647937 0.6794258 2.006548 -0.1744723 1.092114 2.019575 -0.1732706 1.439142 2.035177 0.02094807 0.6786785 2.007537 0.04298319 1.090777 1.997918 0.06319906 1.438374 2.001902  A_Throw_SoClose
-0.07355355 -0.001011848 2.031296 -0.1420828 0.09441328 2.055354 -0.2766519 0.3973062 2.014202 -0.3153536 0.6998699 1.968761 -0.003756089 0.0939815 2.053685 0.1952406 0.3494115 2.031712 0.2687202 0.6419275 1.967373 -0.07267611 0.2341273 2.04109 -0.1645594 0.6795142 2.006485 -0.174391 1.092203 2.019378 -0.1732896 1.439219 2.03526 0.02118154 0.6788208 2.007646 0.04291167 1.09092 1.997379 0.06408925 1.438451 2.002042  A_Throw_SoClose
