-0.000624461 -1.442432E-05 0.6529382 -0.06979303 0.09525096 0.6757716 -0.4182072 0.1404331 0.6754597 -0.7266022 0.1404334 0.6754593 0.0685441 0.09525084 0.6760834 0.4169262 0.140432 0.6763943 0.7253161 0.1404322 0.6763929 -0.0006244014 0.2351424 0.6621026 -0.09336059 0.6801612 0.625079 -0.1013278 1.092915 0.6371406 -0.09894632 1.440007 0.6511225 0.09234674 0.6800331 0.6288608 0.1003121 1.092748 0.6263016 0.09770389 1.440058 0.6511325  O_Hello_SoClose
-0.05329208 -0.0141747 0.6479768 -0.1279171 0.07902241 0.6592253 -0.3969144 0.2842046 0.6795491 -0.5894578 0.5228918 0.6469439 0.008355753 0.08270574 0.6827501 0.2804509 0.2908126 0.6584452 0.4793184 0.5249423 0.6312526 -0.06133048 0.2208152 0.6578702 -0.1588144 0.6634951 0.6074332 -0.1543212 1.073741 0.654899 -0.1416693 1.418071 0.6990608 0.02356138 0.6682839 0.6423286 0.03675743 1.080872 0.6430329 0.02344515 1.421927 0.7119688  O_Hello_SoClose
-0.08787678 -0.01487625 0.6384677 -0.1651048 0.07680106 0.6419686 -0.3498098 0.3153937 0.6867918 -0.4345843 0.6093617 0.6480154 -0.0324984 0.08272493 0.6809262 0.1647693 0.3315117 0.650864 0.2590633 0.6235004 0.6199507 -0.101582 0.2198004 0.6495069 -0.2013183 0.6611515 0.5922855 -0.1956498 1.067107 0.6680673 -0.1821456 1.407464 0.7362455 -0.02423529 0.6689005 0.6478113 -0.008162959 1.081313 0.6556171 -0.03800778 1.414726 0.7514981  O_Hello_SoClose
-0.08695702 -0.01354635 0.6279868 -0.1643871 0.07790768 0.6326646 -0.3500168 0.3155972 0.6792477 -0.4355775 0.6091939 0.6394008 -0.03172312 0.08369517 0.6714467 0.1674768 0.3323761 0.6419886 0.2681579 0.6220187 0.6092037 -0.1011764 0.2209581 0.6417054 -0.2020227 0.6626978 0.5896624 -0.1959455 1.068366 0.6669363 -0.1820778 1.408464 0.7363251 -0.02485595 0.6702253 0.6449512 -0.00964324 1.082542 0.6578721 -0.03909473 1.416704 0.7512335  O_Hello_SoClose
-0.08605973 -0.01238406 0.6176494 -0.1636849 0.07883704 0.6234969 -0.3502167 0.3156188 0.6718386 -0.4364837 0.6088707 0.6309875 -0.03095834 0.08449185 0.6620835 0.1701921 0.3330251 0.6331581 0.2778706 0.6199771 0.5989798 -0.1007767 0.2219203 0.6340088 -0.2027129 0.6639835 0.587087 -0.1962404 1.069364 0.6658205 -0.1820213 1.409204 0.7363952 -0.0254554 0.6712947 0.6421131 -0.01108269 1.083456 0.6599997 -0.03999816 1.418267 0.7511772  O_Hello_SoClose
-0.08464037 -0.01101041 0.6036404 -0.1625128 0.07987368 0.6111964 -0.3502304 0.3153857 0.6623081 -0.4374341 0.6082602 0.6207446 -0.02963571 0.0853554 0.6492866 0.1748027 0.3334104 0.6205262 0.2937068 0.6155006 0.5832256 -0.09998928 0.2229754 0.6235861 -0.2034583 0.6653788 0.5837635 -0.1965472 1.07038 0.6643924 -0.1819446 1.409876 0.7365254 -0.02598361 0.6724064 0.6381224 -0.01279025 1.084309 0.6618999 -0.04143665 1.419163 0.7530054  O_Hello_SoClose
-0.0835077 -0.01002347 0.5920342 -0.1615767 0.0805608 0.6010264 -0.3502504 0.3149945 0.6544679 -0.4381403 0.6075888 0.6123799 -0.02856694 0.085904 0.6386708 0.1786657 0.3334793 0.6099848 0.3075614 0.6109284 0.5710973 -0.09936278 0.223655 0.6149644 -0.2040889 0.666257 0.5810775 -0.1968026 1.070993 0.6629957 -0.1818859 1.41016 0.736595 -0.02642272 0.6730559 0.6348366 -0.01411705 1.084691 0.6632732 -0.04246287 1.419559 0.7544202  O_Hello_SoClose
-0.0821753 -0.008955598 0.5771855 -0.1604604 0.08119953 0.5883497 -0.3501536 0.3141969 0.6454285 -0.4388616 0.6065772 0.6035694 -0.02715991 0.08635771 0.6249779 0.1849379 0.3327504 0.5959862 0.3284295 0.602608 0.55486 -0.09859721 0.2242483 0.6041859 -0.2050373 0.6670015 0.5786394 -0.1970747 1.072125 0.6585521 -0.1817569 1.410306 0.7364825 -0.02695285 0.6734951 0.6310352 -0.01485191 1.084913 0.6625417 -0.04284946 1.419516 0.7547625  O_Hello_SoClose
-0.08063059 -0.007653832 0.5564946 -0.1591585 0.08180201 0.5710601 -0.3501188 0.3126875 0.6336654 -0.4399653 0.6048602 0.5927976 -0.02533583 0.08674133 0.6057643 0.1961354 0.330092 0.5762571 0.3641807 0.5852283 0.5341781 -0.09773354 0.2247337 0.5894526 -0.2066391 0.6674319 0.5763992 -0.1977984 1.072879 0.65456 -0.1818559 1.409915 0.737182 -0.02780191 0.6735485 0.626213 -0.0151525 1.084754 0.6601814 -0.04277126 1.418726 0.754773  O_Hello_SoClose
-0.08010857 -0.007196307 0.5478915 -0.1587114 0.08192682 0.5640095 -0.3501485 0.3118898 0.6290735 -0.4404853 0.6040017 0.5888571 -0.02463363 0.08679676 0.5977243 0.2017427 0.3282269 0.5679687 0.3814498 0.5753626 0.5263313 -0.09745042 0.2247925 0.583433 -0.2073988 0.6673613 0.5758985 -0.1982249 1.072838 0.653869 -0.1820058 1.409535 0.7378062 -0.0281928 0.6733488 0.6243848 -0.01503341 1.084509 0.6587003 -0.04255817 1.418123 0.7545775  O_Hello_SoClose
-0.08020227 -0.00690949 0.5424136 -0.1588304 0.08192205 0.5599555 -0.350716 0.311201 0.6268677 -0.441621 0.6032635 0.5875834 -0.0244575 0.08680344 0.5924724 0.2102915 0.3242466 0.5630254 0.4065933 0.5588727 0.5240315 -0.09767739 0.2247567 0.5799388 -0.208571 0.6671434 0.5769013 -0.1990743 1.071607 0.6599296 -0.1823658 1.409313 0.7396125 -0.02893798 0.6731194 0.6237825 -0.01441781 1.084369 0.6564425 -0.04202084 1.417551 0.7537831  O_Hello_SoClose
-0.08081643 -0.006999969 0.5399708 -0.1594342 0.08162928 0.5585512 -0.3517513 0.3105226 0.6264218 -0.4429819 0.602599 0.5880073 -0.02481054 0.0865705 0.5900043 0.2197409 0.3185258 0.5609387 0.4341737 0.5374033 0.5260724 -0.09833734 0.2244661 0.5786899 -0.209919 0.6666901 0.5785621 -0.1998629 1.070531 0.6645063 -0.1825491 1.409052 0.7405151 -0.02992241 0.6727307 0.6240185 -0.01382099 1.084115 0.6541423 -0.04164676 1.416909 0.7527403  O_Hello_SoClose
-0.08208524 -0.007576227 0.5428351 -0.1606535 0.08105278 0.5616244 -0.3532958 0.3101251 0.6288441 -0.4444228 0.6023102 0.5910124 -0.02589039 0.08609986 0.5924577 0.2286118 0.3115087 0.5639762 0.4597772 0.5134916 0.5344833 -0.09952335 0.2239472 0.5812477 -0.2112826 0.6661262 0.5808901 -0.2004947 1.070173 0.665768 -0.182549 1.409092 0.7398342 -0.03108381 0.6723138 0.6255182 -0.01332418 1.083861 0.6522931 -0.04151176 1.416422 0.7515725  O_Hello_SoClose
-0.08485405 -0.008637428 0.5516537 -0.1632871 0.08025193 0.5697674 -0.3562409 0.3101852 0.6343993 -0.4464939 0.6026952 0.5969852 -0.02848391 0.08538795 0.6004099 0.2390115 0.3006756 0.5723804 0.4897868 0.4787593 0.5499657 -0.101951 0.2232296 0.588097 -0.2131397 0.6655342 0.5840658 -0.2016227 1.069898 0.6673244 -0.1831078 1.408923 0.7407621 -0.03288428 0.6718702 0.6284436 -0.01304476 1.08356 0.6512855 -0.04154311 1.415924 0.7511362  O_Hello_SoClose
-0.08763199 -0.009616971 0.5607547 -0.1659228 0.07957399 0.5779785 -0.3590952 0.310424 0.6398348 -0.4483822 0.6032541 0.6026076 -0.0311272 0.08477199 0.6086444 0.2471486 0.2902981 0.5810746 0.5126559 0.4463983 0.565483 -0.1043524 0.2226151 0.5949806 -0.2147835 0.6650501 0.5866803 -0.2026471 1.069683 0.6685294 -0.1836761 1.40874 0.7417058 -0.03454099 0.6715012 0.6310943 -0.01293175 1.083268 0.6507086 -0.04162375 1.415501 0.750935  O_Hello_SoClose
-0.09033297 -0.0103749 0.5690383 -0.1684844 0.07912195 0.5852803 -0.3617676 0.3108418 0.6445121 -0.4500584 0.6039497 0.6070951 -0.03372888 0.08436334 0.616114 0.252917 0.2812486 0.5882262 0.5288132 0.4185764 0.5769671 -0.106674 0.222205 0.6010121 -0.2162638 0.6647441 0.5882968 -0.2035202 1.069554 0.6691726 -0.1840769 1.408744 0.7416028 -0.03608124 0.671286 0.6329402 -0.01313637 1.083085 0.6502212 -0.04183875 1.415268 0.7506126  O_Hello_SoClose
-0.09341614 -0.01118755 0.5785459 -0.1714031 0.07865119 0.5936521 -0.3648003 0.3113434 0.6498498 -0.4519987 0.6047515 0.6122254 -0.03669361 0.08394313 0.6246785 0.2589594 0.2704268 0.5969137 0.5449414 0.3857247 0.5919093 -0.1093114 0.221766 0.6079186 -0.2179171 0.6643721 0.5901111 -0.2044746 1.069381 0.6698698 -0.1844885 1.408722 0.7414435 -0.03780357 0.6710196 0.6350163 -0.01331453 1.082833 0.6496171 -0.04203526 1.414956 0.7502025  O_Hello_SoClose
-0.09660487 -0.01186824 0.5875529 -0.17443 0.07830191 0.6014723 -0.367732 0.3119538 0.6548036 -0.4542553 0.6055281 0.616917 -0.03975443 0.08369184 0.6326283 0.26466 0.2585607 0.6036223 0.5595112 0.3489274 0.6026376 -0.1120673 0.221451 0.6141185 -0.2197451 0.6640316 0.5908693 -0.2055669 1.069162 0.6698807 -0.1850091 1.408583 0.7409095 -0.03968261 0.6708509 0.6359528 -0.01368229 1.082649 0.6481923 -0.04238568 1.414565 0.7494615  O_Hello_SoClose
-0.09939413 -0.01237953 0.5955099 -0.1770731 0.07807291 0.6083735 -0.3702842 0.3125499 0.6591538 -0.456219 0.606267 0.6210355 -0.04242758 0.0835501 0.6396435 0.2691127 0.2477002 0.610031 0.5698877 0.315703 0.6138152 -0.1144668 0.2212355 0.619583 -0.221312 0.6637381 0.5915102 -0.206487 1.068974 0.6698583 -0.1854276 1.408465 0.7404031 -0.04129462 0.6707103 0.6367506 -0.01395486 1.082479 0.6468986 -0.0426471 1.414211 0.748773  O_Hello_SoClose
-0.1031455 -0.01290643 0.6057581 -0.1806681 0.07787776 0.617143 -0.3733359 0.3134383 0.6647748 -0.4594491 0.6070674 0.6263827 -0.04604624 0.08358443 0.6484741 0.2753557 0.230112 0.6169285 0.5822425 0.2592572 0.6256074 -0.1178048 0.221079 0.6262187 -0.2237871 0.6632958 0.591225 -0.2081067 1.068582 0.6691498 -0.1863914 1.408082 0.7394456 -0.04380588 0.6706275 0.6365517 -0.0144289 1.082316 0.6438631 -0.04306076 1.413564 0.7473167  O_Hello_SoClose
-0.1054603 -0.01308775 0.612111 -0.1829015 0.07788563 0.6224955 -0.3750961 0.3141121 0.6681741 -0.4615149 0.6076366 0.629671 -0.0483077 0.08377075 0.6539139 0.2791597 0.2171667 0.6212739 0.5873058 0.2168074 0.6335286 -0.1199007 0.221107 0.630195 -0.2253902 0.663056 0.5906285 -0.2092182 1.068345 0.668434 -0.1871371 1.407827 0.7387069 -0.04545037 0.6706612 0.6360749 -0.01466231 1.082276 0.6414427 -0.04323099 1.413123 0.7461895  O_Hello_SoClose
-0.106827 -0.0130794 0.6158518 -0.1842501 0.07799053 0.6254996 -0.3759593 0.3146187 0.6700252 -0.4628829 0.608002 0.6315798 -0.04970489 0.08403647 0.6570953 0.282113 0.2062931 0.6235145 0.5889872 0.179117 0.6374444 -0.1212068 0.2212369 0.6323389 -0.2264628 0.6629495 0.5896338 -0.2100843 1.0682 0.6675977 -0.1878718 1.407632 0.7380723 -0.04659377 0.6707928 0.6353191 -0.01471661 1.082342 0.6391815 -0.04319469 1.412788 0.7452086  O_Hello_SoClose
-0.1078874 -0.01294518 0.6190413 -0.1853083 0.07819867 0.6279825 -0.3765783 0.3151562 0.6714824 -0.4638701 0.6084464 0.6331614 -0.05083052 0.0843991 0.6598347 0.2846427 0.1956234 0.6256856 0.5878969 0.1418313 0.6414222 -0.1222438 0.221468 0.6341118 -0.2272951 0.6629454 0.5885676 -0.2108316 1.068147 0.666768 -0.1885924 1.407521 0.7375129 -0.04752372 0.6710156 0.6345967 -0.01465772 1.082498 0.6369823 -0.04304944 1.412543 0.7442745  O_Hello_SoClose
-0.1079332 -0.01271582 0.6203889 -0.185423 0.07843447 0.628642 -0.3763911 0.3154767 0.6715215 -0.4637126 0.6088055 0.6335648 -0.05110721 0.08478045 0.6611418 0.2875458 0.1843971 0.6266917 0.5837172 0.0999949 0.6429108 -0.1224299 0.2217419 0.6346091 -0.2273766 0.6630349 0.587077 -0.2113182 1.068132 0.6659001 -0.1894817 1.407401 0.7372679 -0.04783873 0.6713109 0.6339725 -0.01424585 1.082741 0.6347574 -0.0425692 1.412336 0.7434424  O_Hello_SoClose
-0.1076237 -0.01250541 0.6214403 -0.1851836 0.07863915 0.6290745 -0.3759364 0.3157159 0.6714228 -0.4631135 0.6091202 0.6337188 -0.05103092 0.08511651 0.6622161 0.2898535 0.1745723 0.6277169 0.5772036 0.06383097 0.6441668 -0.1222685 0.2219836 0.6349758 -0.2271286 0.6631141 0.5857748 -0.2115696 1.068122 0.6651558 -0.1902113 1.407304 0.7370828 -0.04782574 0.6715752 0.6335286 -0.01373975 1.082965 0.6329197 -0.0420591 1.412169 0.7427858  O_Hello_SoClose
-0.1054242 -0.01223874 0.622167 -0.1831403 0.07884526 0.6288799 -0.3738897 0.3157476 0.6705788 -0.4599958 0.6094618 0.6328267 -0.04932169 0.0855124 0.6633095 0.2936724 0.1619854 0.6286758 0.5650015 0.0161953 0.6438497 -0.1204205 0.2222606 0.635126 -0.2252138 0.6631989 0.5840944 -0.2110933 1.068099 0.6642913 -0.1910414 1.407182 0.7370538 -0.04639075 0.67192 0.6335701 -0.01247589 1.083317 0.6310939 -0.04120652 1.412042 0.7422799  O_Hello_SoClose
-0.1008106 -0.01197171 0.6250046 -0.1787542 0.07901001 0.6303214 -0.3698578 0.3156137 0.6707219 -0.4544798 0.6096254 0.6319436 -0.04540388 0.08604717 0.6664518 0.2989533 0.1464921 0.6300458 0.5431688 -0.04150629 0.6409882 -0.1163523 0.2225552 0.6367663 -0.2211877 0.6630971 0.5824984 -0.2095716 1.068057 0.6627949 -0.1917587 1.407203 0.735844 -0.04303507 0.6723271 0.6342477 -0.01034151 1.083801 0.6293586 -0.03998147 1.412036 0.7417473  O_Hello_SoClose
-0.09607957 -0.01181936 0.6285685 -0.1742065 0.07906449 0.6327461 -0.3658742 0.3153946 0.6718587 -0.4496806 0.6094418 0.6316065 -0.0411887 0.08649325 0.6700066 0.3031822 0.1349956 0.6300462 0.5214491 -0.08281183 0.6349338 -0.1120841 0.2227386 0.639016 -0.2171171 0.6628369 0.581622 -0.2078135 1.067946 0.661465 -0.1920425 1.407244 0.7342786 -0.03943888 0.6726075 0.6348809 -0.008470817 1.084193 0.6283964 -0.03904973 1.412121 0.7414263  O_Hello_SoClose
-0.09207623 -0.01173067 0.6318606 -0.170338 0.07907116 0.6352166 -0.3625802 0.3151833 0.6732672 -0.4461389 0.6091019 0.6315874 -0.03751967 0.08684599 0.6731128 0.306242 0.1267731 0.6290478 0.502695 -0.1109439 0.6279825 -0.1084297 0.2228529 0.6411246 -0.2137275 0.6625414 0.5811332 -0.2062653 1.067792 0.6604494 -0.1921053 1.407236 0.7329119 -0.03633318 0.6727906 0.6352419 -0.007057233 1.084484 0.6278547 -0.03843389 1.412216 0.7412375  O_Hello_SoClose
-0.08858655 -0.0116818 0.6338104 -0.1669544 0.07904553 0.6366733 -0.3596645 0.3149823 0.6738318 -0.4430126 0.6087438 0.6306494 -0.03423045 0.08709764 0.6748413 0.3084123 0.1200688 0.6250809 0.4845777 -0.1329238 0.6170248 -0.1052158 0.2229147 0.6422194 -0.2108552 0.6622759 0.5804571 -0.2048986 1.067589 0.6595815 -0.1920414 1.407108 0.7319382 -0.03359477 0.6729078 0.6349295 -0.005950494 1.084713 0.6274408 -0.03788702 1.41227 0.7411674  O_Hello_SoClose
-0.0853114 -0.01164782 0.6352185 -0.1637737 0.07900846 0.6377171 -0.356907 0.3147851 0.6740588 -0.4400596 0.6083764 0.6293682 -0.03110318 0.08730865 0.6760172 0.3100441 0.1139083 0.6202039 0.4659548 -0.1517581 0.6054534 -0.1021864 0.2229558 0.6429056 -0.2081943 0.6620235 0.5797042 -0.2035994 1.067366 0.6587671 -0.1919138 1.40693 0.7311124 -0.03100918 0.6729971 0.6343535 -0.004956407 1.084909 0.6270674 -0.03735958 1.412305 0.7411274  O_Hello_SoClose
-0.08169638 -0.01165795 0.6349548 -0.1602588 0.07891476 0.6373342 -0.3536352 0.3145427 0.6727952 -0.4360518 0.6080074 0.6259612 -0.02756946 0.0874393 0.6755193 0.310917 0.1066107 0.6104206 0.4392761 -0.1727674 0.5864152 -0.09882979 0.2229413 0.6421942 -0.2053788 0.6617647 0.5782107 -0.202182 1.067053 0.6576213 -0.1916879 1.406588 0.7302831 -0.02816574 0.6730447 0.632707 -0.004146619 1.085102 0.6267451 -0.03690831 1.412259 0.7413872  O_Hello_SoClose
-0.07854007 -0.01170921 0.633335 -0.1571862 0.07878792 0.6358231 -0.3506075 0.3143016 0.670534 -0.4319987 0.6076916 0.6214904 -0.02442227 0.08746934 0.6737126 0.3106945 0.09982944 0.598791 0.4104635 -0.1901712 0.5663851 -0.09588842 0.222878 0.6404494 -0.2030085 0.6615518 0.5763944 -0.2009417 1.066725 0.6564234 -0.1914014 1.406175 0.7296132 -0.02568821 0.6730438 0.6304959 -0.00363229 1.085235 0.626521 -0.03659264 1.412138 0.7418274  O_Hello_SoClose
-0.07674097 -0.01183045 0.6299757 -0.1554245 0.07862222 0.6328706 -0.3485291 0.3141146 0.6671404 -0.4286576 0.6075276 0.6161922 -0.02252875 0.08732188 0.6702913 0.3092184 0.09497631 0.5863961 0.3830247 -0.201831 0.5468673 -0.0941851 0.2227379 0.6374696 -0.2017639 0.6614418 0.574396 -0.2002495 1.066401 0.6555179 -0.1911534 1.405669 0.7295994 -0.02425484 0.6729535 0.6278704 -0.003637297 1.085236 0.6266063 -0.03642104 1.41204 0.7422432  O_Hello_SoClose
-0.07516412 -0.01197159 0.6262692 -0.1538751 0.07844114 0.6296257 -0.3465993 0.3139186 0.663504 -0.4254288 0.6073567 0.6107076 -0.0208386 0.0871352 0.6665438 0.307209 0.09040177 0.5740188 0.3546703 -0.2109514 0.5288733 -0.09268098 0.2225758 0.6342343 -0.2006949 0.6613397 0.5723337 -0.1996252 1.066061 0.6546391 -0.1908786 1.405127 0.7296823 -0.02298419 0.672838 0.6251372 -0.0036972 1.085184 0.6267294 -0.03623847 1.411916 0.7426375  O_Hello_SoClose
-0.07437842 -0.01216686 0.6223649 -0.1530876 0.07822704 0.6262316 -0.3452062 0.3137617 0.6597656 -0.422872 0.6072466 0.6055235 -0.01990704 0.08685911 0.6626414 0.3048174 0.08717656 0.5627369 0.327175 -0.2164381 0.5135154 -0.09189497 0.2223599 0.6309136 -0.2002122 0.6612432 0.5704044 -0.1992488 1.065706 0.6539749 -0.1905483 1.404549 0.7300218 -0.02229522 0.672651 0.6225289 -0.004004223 1.085018 0.6272472 -0.03616146 1.411881 0.742896  O_Hello_SoClose
-0.07356547 -0.01252353 0.6162194 -0.1522511 0.07785285 0.6208915 -0.3433003 0.3135029 0.6539439 -0.4193127 0.6070581 0.5977749 -0.01884787 0.08636248 0.6565064 0.3006032 0.08283651 0.5459164 0.2833092 -0.2204828 0.4929756 -0.09103374 0.221971 0.6257018 -0.1997328 0.6610597 0.5674084 -0.1987369 1.065106 0.6529659 -0.1899306 1.403593 0.7305735 -0.02149682 0.6722918 0.6184705 -0.004584832 1.084629 0.6282429 -0.03607986 1.411798 0.7432045  O_Hello_SoClose
-0.07360916 -0.01281512 0.6129593 -0.1522533 0.07757485 0.6180495 -0.3425127 0.3133665 0.6510171 -0.4179623 0.6070085 0.5945433 -0.01872586 0.08599031 0.6532186 0.2980532 0.08127892 0.5372142 0.2559364 -0.2194332 0.4833354 -0.0909801 0.2216684 0.6228842 -0.1997584 0.6608809 0.5656813 -0.1984823 1.064702 0.6522936 -0.189376 1.402998 0.7306961 -0.02134441 0.6719816 0.6161469 -0.005147858 1.08426 0.6290826 -0.03630308 1.411733 0.7432717  O_Hello_SoClose
-0.07376836 -0.01320803 0.6092924 -0.1523542 0.07720459 0.6148585 -0.3416361 0.3131804 0.6479009 -0.4165263 0.6069682 0.5914415 -0.01867668 0.08551085 0.6494788 0.2948212 0.07961977 0.5271028 0.2222732 -0.2152785 0.4734715 -0.09100328 0.221266 0.6196665 -0.1998448 0.6606129 0.5636271 -0.1981521 1.064175 0.6514324 -0.1886138 1.402253 0.730718 -0.02121578 0.671562 0.6133598 -0.005841536 1.083737 0.6300453 -0.03657435 1.41159 0.7432526  O_Hello_SoClose
-0.07423757 -0.01362586 0.6073378 -0.1527542 0.07682896 0.6131862 -0.341166 0.3130307 0.6469039 -0.415999 0.6070835 0.5917634 -0.01895104 0.0850606 0.6473359 0.292209 0.07909811 0.5201195 0.1934276 -0.2082238 0.4672726 -0.09130846 0.2208568 0.6177868 -0.2001079 0.6602661 0.5621566 -0.1978351 1.063676 0.6506442 -0.1877282 1.401631 0.7303828 -0.02129899 0.6711152 0.6112603 -0.006515248 1.083192 0.6307005 -0.03696613 1.411409 0.7429236  O_Hello_SoClose
-0.07471643 -0.01401019 0.6060299 -0.1531733 0.07648277 0.6120876 -0.3408345 0.3128862 0.6465496 -0.4156756 0.6071991 0.5928253 -0.01926236 0.0846647 0.6458243 0.2898663 0.07880867 0.5144824 0.168989 -0.2002091 0.4630808 -0.09164779 0.2204839 0.6164497 -0.2004161 0.659924 0.5610021 -0.1976034 1.063218 0.6499985 -0.1869737 1.401081 0.730059 -0.02145241 0.6707078 0.6095537 -0.007098718 1.08269 0.6311949 -0.03728704 1.411198 0.7426361  O_Hello_SoClose
-0.07540725 -0.0144155 0.6063613 -0.1538126 0.07611811 0.6124791 -0.3407924 0.3127382 0.6482562 -0.4159474 0.6073914 0.5968879 -0.01980154 0.08431172 0.6458129 0.2876911 0.07923555 0.5107945 0.1472219 -0.1905925 0.4601434 -0.09222119 0.2201039 0.6163973 -0.2009861 0.6594819 0.5604533 -0.1975407 1.062736 0.6496085 -0.1863144 1.400572 0.7297004 -0.02187864 0.6702878 0.608467 -0.007658405 1.082203 0.631421 -0.03763108 1.410893 0.7423834  O_Hello_SoClose
-0.07612513 -0.01483703 0.6066846 -0.1544774 0.07573831 0.6128634 -0.3407459 0.3125783 0.6499838 -0.4161644 0.6075775 0.601046 -0.0203648 0.08394325 0.6457833 0.2853741 0.07964921 0.5070099 0.1254618 -0.1794943 0.4582547 -0.0928198 0.2197074 0.6163262 -0.2015829 0.6590206 0.559873 -0.197486 1.062234 0.6491879 -0.1856468 1.400042 0.7293094 -0.02232949 0.6698481 0.6073335 -0.008236868 1.081691 0.631636 -0.03797356 1.410566 0.7421106  O_Hello_SoClose
-0.07698749 -0.01522553 0.608766 -0.1553227 0.07536888 0.61488 -0.3410206 0.3123806 0.6535419 -0.4170977 0.6076158 0.6071104 -0.02112095 0.08367372 0.6474093 0.2832688 0.0806371 0.5054601 0.1085888 -0.1687486 0.4564899 -0.09365587 0.2193475 0.6177324 -0.2025724 0.6584861 0.5602268 -0.1977407 1.061748 0.6492847 -0.1852343 1.399603 0.7291073 -0.02319042 0.6694579 0.6071657 -0.008723361 1.081273 0.6317042 -0.03815435 1.410218 0.7420558  O_Hello_SoClose
-0.07816009 -0.01574492 0.6115831 -0.1564732 0.07487476 0.617607 -0.3413769 0.3121108 0.6583394 -0.4182628 0.6076538 0.6153229 -0.02215312 0.08331406 0.6496094 0.2803266 0.08195186 0.5034012 0.08660968 -0.1531801 0.4555343 -0.0947976 0.2188635 0.619634 -0.2039282 0.6577598 0.5607008 -0.1981028 1.061088 0.6493982 -0.1846959 1.399006 0.7288069 -0.02437548 0.6689257 0.6069359 -0.009389741 1.080705 0.63177 -0.0384023 1.40974 0.741959  O_Hello_SoClose
-0.07898383 -0.01609683 0.6144074 -0.1573202 0.07451069 0.6203092 -0.3417008 0.3118587 0.6623172 -0.4194309 0.6074785 0.6213964 -0.02293496 0.08310592 0.6519951 0.2783608 0.08297622 0.5032042 0.07394029 -0.1428891 0.4552296 -0.09569846 0.2185296 0.6217407 -0.2051324 0.6571911 0.5616335 -0.1985363 1.060613 0.6498474 -0.1844463 1.398613 0.7287878 -0.02548502 0.6685765 0.6074456 -0.00986944 1.080362 0.63179 -0.03848527 1.409469 0.7418698  O_Hello_SoClose
-0.07974617 -0.01641405 0.6170219 -0.1581051 0.07418144 0.6228093 -0.3419925 0.3116285 0.6659845 -0.420474 0.607314 0.6270198 -0.02366064 0.08292091 0.6542033 0.2765059 0.08391488 0.5030431 0.06258126 -0.1330751 0.4555458 -0.09653513 0.218227 0.6236914 -0.2062539 0.6566671 0.5624985 -0.1989454 1.060176 0.6502584 -0.1842247 1.398251 0.7287606 -0.02652053 0.6682555 0.6079205 -0.0103188 1.080045 0.6317977 -0.03856741 1.409219 0.7417749  O_Hello_SoClose
-0.08072226 -0.01682043 0.6202067 -0.1591295 0.07374418 0.6258205 -0.3423142 0.3113202 0.6700772 -0.4217199 0.6070356 0.633273 -0.02463578 0.08267772 0.6569475 0.2741279 0.08468139 0.5032009 0.04979034 -0.1217233 0.4565729 -0.09765123 0.2178313 0.626099 -0.207761 0.6559879 0.5635918 -0.1995894 1.059585 0.6508669 -0.1841115 1.397734 0.7289032 -0.02795569 0.6678477 0.6086577 -0.01093279 1.079656 0.6316255 -0.03871916 1.408828 0.7417234  O_Hello_SoClose
-0.08133416 -0.01706815 0.6221489 -0.1597774 0.07347238 0.6276459 -0.3425008 0.3111287 0.6724547 -0.4224644 0.6068488 0.636916 -0.02526085 0.08253026 0.6586379 0.2726318 0.08503246 0.5034083 0.04238351 -0.1149278 0.4575166 -0.09836422 0.2175876 0.6275767 -0.2087264 0.6555659 0.5642704 -0.2000295 1.059212 0.6512703 -0.184093 1.3974 0.7290434 -0.02888743 0.6675988 0.6091555 -0.01132987 1.079421 0.631462 -0.03882907 1.408567 0.7417105  O_Hello_SoClose
-0.08172654 -0.01726997 0.6227726 -0.1601959 0.07325292 0.6281866 -0.3425318 0.3109797 0.6731728 -0.4227827 0.606712 0.6383928 -0.0256841 0.08237541 0.65918 0.2716549 0.0845952 0.5033635 0.038013 -0.1116589 0.458639 -0.09882371 0.2173854 0.6279987 -0.209306 0.6552781 0.5643109 -0.2003357 1.058911 0.6513451 -0.1841645 1.397083 0.7291368 -0.02947365 0.6674004 0.609198 -0.01158158 1.07924 0.6309165 -0.03896783 1.408243 0.7416166  O_Hello_SoClose
-0.08211486 -0.01751435 0.622413 -0.1606094 0.07299125 0.6277503 -0.3424831 0.3108039 0.6727284 -0.4229234 0.6065653 0.6386393 -0.02612464 0.08214939 0.6588506 0.270711 0.08338439 0.5029358 0.03428086 -0.109917 0.4600428 -0.09927033 0.2171378 0.6275901 -0.2098025 0.6549955 0.5637478 -0.2006543 1.05855 0.6511239 -0.1843365 1.396649 0.7292069 -0.03000895 0.6671661 0.6087779 -0.01176677 1.079026 0.6297978 -0.03910653 1.407723 0.7414173  O_Hello_SoClose
-0.08208995 -0.01758611 0.6205477 -0.1605755 0.07292509 0.6259207 -0.3424008 0.3107499 0.6706527 -0.4226691 0.6065407 0.6364139 -0.02612273 0.08202016 0.6571773 0.2708636 0.08223891 0.5020827 0.0356095 -0.1126766 0.4600371 -0.09921287 0.2170618 0.626017 -0.2096053 0.6550215 0.5626353 -0.2006359 1.058462 0.6505579 -0.184482 1.396456 0.729123 -0.02985827 0.6671031 0.6078748 -0.01156227 1.078962 0.628878 -0.03898827 1.407395 0.7412499  O_Hello_SoClose
-0.08206479 -0.01764894 0.6187257 -0.1605416 0.07286775 0.6241335 -0.3423185 0.3107046 0.6686257 -0.4224177 0.6065245 0.6342415 -0.02612023 0.08190084 0.6555427 0.271006 0.08112788 0.5012511 0.03690137 -0.1153502 0.4600705 -0.09915631 0.2169944 0.6244801 -0.209413 0.6550533 0.5615491 -0.2006191 1.058381 0.6500043 -0.1846258 1.396274 0.7290395 -0.02971159 0.6670477 0.6069921 -0.0113626 1.078905 0.6279796 -0.03887044 1.407079 0.7410854  O_Hello_SoClose
-0.08200531 -0.01764512 0.6149563 -0.1604588 0.07288539 0.6204737 -0.342461 0.3106633 0.6644806 -0.4221238 0.6065091 0.6293162 -0.02609657 0.08177531 0.6521758 0.2717516 0.07937324 0.4998702 0.04261823 -0.123068 0.4596223 -0.09902017 0.2169869 0.6213645 -0.2089873 0.6552703 0.5594991 -0.200578 1.058384 0.6489629 -0.184939 1.396081 0.7288989 -0.02937196 0.6670631 0.6053332 -0.01104806 1.078894 0.6268419 -0.03875331 1.406699 0.7409667  O_Hello_SoClose
-0.08194153 -0.01762187 0.6110367 -0.1603706 0.07292247 0.6166705 -0.3426212 0.3106352 0.6601709 -0.4218124 0.6065078 0.6241754 -0.0260701 0.08166182 0.6486744 0.2725171 0.07758534 0.4984535 0.04880353 -0.1310707 0.4594759 -0.0988773 0.2169961 0.6181277 -0.2085454 0.6555105 0.5573777 -0.2005383 1.0584 0.6478814 -0.1852701 1.395893 0.7287468 -0.02901964 0.6670914 0.6036152 -0.01072971 1.078894 0.625697 -0.03864126 1.406321 0.7408499  O_Hello_SoClose
-0.08218549 -0.01752961 0.6067885 -0.1605848 0.073035 0.6125101 -0.3432583 0.3106567 0.6551484 -0.4215443 0.6065636 0.6174945 -0.0263683 0.08159935 0.6449112 0.2734732 0.07529175 0.497804 0.05910911 -0.1431333 0.4598173 -0.0990244 0.2170719 0.6146182 -0.2083081 0.6558424 0.5550364 -0.2006867 1.058507 0.6465672 -0.1857933 1.395788 0.7283796 -0.02890424 0.6671779 0.6018046 -0.01060717 1.078929 0.6248115 -0.03865359 1.406072 0.7407364  O_Hello_SoClose
-0.08250611 -0.01741898 0.6026882 -0.1608755 0.07316661 0.6084861 -0.3439919 0.3106955 0.6501878 -0.4212696 0.6066357 0.6107544 -0.02674494 0.08155775 0.6412858 0.2743508 0.072927 0.497444 0.07024957 -0.1553669 0.4609889 -0.09924911 0.2171645 0.6112307 -0.2081478 0.6561812 0.5527681 -0.2008878 1.058632 0.6452621 -0.1863523 1.39571 0.7279714 -0.0288683 0.6672738 0.6000684 -0.01053957 1.078972 0.6239976 -0.0386918 1.40586 0.7406133  O_Hello_SoClose
-0.08331756 -0.01726925 0.5998825 -0.1616561 0.07334304 0.6056808 -0.3453703 0.3107834 0.6459941 -0.421211 0.6067286 0.6038975 -0.02761011 0.08158827 0.6388611 0.2750765 0.07011795 0.4991206 0.08520229 -0.1701832 0.4629592 -0.09996383 0.2173023 0.6089271 -0.2084806 0.6565104 0.5511955 -0.2014004 1.058847 0.6442002 -0.1870853 1.395802 0.7274483 -0.0293235 0.6674 0.5990046 -0.01075886 1.079045 0.6236471 -0.03881161 1.405855 0.740507  O_Hello_SoClose
-0.08394043 -0.01715052 0.5981096 -0.1622541 0.07348371 0.6039032 -0.3464379 0.3108562 0.6431164 -0.4211644 0.606783 0.5989479 -0.02826635 0.08162487 0.6373433 0.2755549 0.06792283 0.5007733 0.09751798 -0.1813222 0.4649376 -0.1005115 0.2174134 0.6074857 -0.2087495 0.6567526 0.5502309 -0.2018037 1.05903 0.6435026 -0.1876568 1.395915 0.7270602 -0.02967672 0.6674979 0.5983871 -0.01091085 1.079112 0.6233963 -0.03888623 1.405876 0.7404007  O_Hello_SoClose
-0.08461432 -0.01702023 0.5973734 -0.1628974 0.07364178 0.603146 -0.3476425 0.3109491 0.6410683 -0.4212135 0.6067897 0.5944518 -0.02895079 0.08169556 0.6367716 0.2760299 0.06543493 0.5036887 0.1129832 -0.1936903 0.4666175 -0.101099 0.2175421 0.606943 -0.2090756 0.6569795 0.5499486 -0.2022647 1.059279 0.6431316 -0.1882949 1.396167 0.7267116 -0.03006248 0.6676049 0.5983528 -0.01101504 1.079215 0.6232098 -0.03890358 1.405979 0.7402371  O_Hello_SoClose
-0.08512883 -0.01689672 0.5970081 -0.1633789 0.07379436 0.6027712 -0.3486622 0.3110397 0.6394881 -0.4212115 0.6067696 0.5906218 -0.02946316 0.08176482 0.6365393 0.2764634 0.06305361 0.5066813 0.1289383 -0.2050831 0.4686884 -0.1015227 0.2176651 0.6067418 -0.2092531 0.6571926 0.5499767 -0.2026311 1.059534 0.6429924 -0.1888805 1.396443 0.7265228 -0.03028481 0.6677038 0.5985707 -0.01100443 1.079324 0.6230711 -0.03887061 1.406073 0.7401456  O_Hello_SoClose
-0.0852596 -0.01679671 0.5974993 -0.1634733 0.07392478 0.6032771 -0.3492251 0.3111296 0.6390485 -0.421168 0.6067066 0.5883926 -0.02956347 0.08182549 0.6370853 0.2769447 0.06104112 0.5096787 0.1445779 -0.2146566 0.4700025 -0.101558 0.2177681 0.6073226 -0.2090885 0.6573634 0.5507039 -0.2027646 1.059786 0.643391 -0.1893132 1.396757 0.7267169 -0.03012924 0.6677802 0.5993518 -0.01073788 1.079441 0.6230673 -0.0387244 1.406145 0.7402381  O_Hello_SoClose
-0.08538912 -0.01669812 0.5980128 -0.1635649 0.07405496 0.6038069 -0.3497986 0.3112135 0.6386055 -0.4210995 0.6066298 0.5861381 -0.0296608 0.08188367 0.6376542 0.2773887 0.05896258 0.5127801 0.1611524 -0.2237571 0.4719995 -0.1015881 0.2178696 0.6079282 -0.2089123 0.657535 0.5514616 -0.2029016 1.060041 0.643804 -0.1897642 1.397078 0.7269148 -0.02996157 0.6678538 0.6001614 -0.01045875 1.079557 0.6230501 -0.03857402 1.406212 0.7403253  O_Hello_SoClose
-0.08476178 -0.01659489 0.599883 -0.1628707 0.07421076 0.6057543 -0.3497853 0.3113369 0.6397895 -0.42087 0.6065267 0.5857753 -0.02893691 0.08193934 0.6395072 0.2785304 0.05656075 0.5173434 0.1870704 -0.2347546 0.4740437 -0.1007917 0.2179817 0.6098636 -0.2078531 0.6577339 0.5535749 -0.2026203 1.060418 0.6451887 -0.1901863 1.397613 0.7277616 -0.02886025 0.6679182 0.6021484 -0.009478969 1.079744 0.622825 -0.03817705 1.406196 0.7405232  O_Hello_SoClose
-0.08428673 -0.01653135 0.6013016 -0.1623466 0.07431304 0.6072263 -0.3497637 0.3114141 0.6407508 -0.4207206 0.6064438 0.5857042 -0.02839063 0.08196962 0.6409076 0.2793603 0.05483735 0.5207418 0.2065156 -0.2414843 0.4761142 -0.1001928 0.218052 0.6113204 -0.2070626 0.6578651 0.5551437 -0.202404 1.06068 0.6462096 -0.1904884 1.397994 0.7283748 -0.02803843 0.667953 0.6036218 -0.008756323 1.079863 0.6226443 -0.03788708 1.40616 0.7406687  O_Hello_SoClose
-0.08358268 -0.0164938 0.6033696 -0.1615919 0.07439256 0.6093181 -0.3495789 0.3114805 0.6428536 -0.420904 0.6063974 0.5876788 -0.02760868 0.08199167 0.6429037 0.2806143 0.05351996 0.5248827 0.2277318 -0.2467848 0.4787863 -0.0993617 0.218101 0.6133207 -0.2060451 0.6579501 0.5570716 -0.2020117 1.060935 0.6474103 -0.1906438 1.398408 0.7289995 -0.02698217 0.6679624 0.6054219 -0.007872684 1.07997 0.6223873 -0.03756414 1.40604 0.7408985  O_Hello_SoClose
-0.08274476 -0.01646388 0.6058282 -0.1606934 0.07447255 0.6118053 -0.34936 0.3115418 0.6453537 -0.4211163 0.6063263 0.5900301 -0.02667783 0.08200312 0.6452774 0.2820675 0.05193365 0.5298184 0.2532403 -0.2514343 0.4824761 -0.09837203 0.2181445 0.6156992 -0.204833 0.6580364 0.5593637 -0.2015472 1.061222 0.6488365 -0.1908345 1.398881 0.7297395 -0.02572398 0.6679583 0.6075619 -0.006826563 1.08007 0.6220721 -0.03717367 1.405866 0.7411684  O_Hello_SoClose
-0.08207868 -0.01646805 0.6087626 -0.1599816 0.07451487 0.6146268 -0.3492692 0.3115902 0.6485409 -0.4217523 0.6063094 0.5938205 -0.025964 0.08201766 0.6480969 0.2840157 0.05101705 0.5362233 0.277986 -0.253643 0.4887861 -0.09758763 0.2181598 0.6183523 -0.2038227 0.6580379 0.5614852 -0.2010428 1.061449 0.6499537 -0.1907727 1.399316 0.7300409 -0.02471129 0.6679267 0.609681 -0.005888386 1.080117 0.6218756 -0.03681092 1.405699 0.7414082  O_Hello_SoClose
-0.08147381 -0.01648378 0.6114138 -0.1593351 0.07454133 0.6171755 -0.349185 0.3116167 0.65142 -0.4223268 0.6062741 0.5972465 -0.02531563 0.08201861 0.6506437 0.2857247 0.05017257 0.5420278 0.3002874 -0.2542596 0.4949802 -0.09687518 0.2181616 0.6207484 -0.2029049 0.6580266 0.5633997 -0.200583 1.061639 0.6509579 -0.1907137 1.399693 0.7303056 -0.0237913 0.6678852 0.6115936 -0.005036695 1.080135 0.6216897 -0.03646998 1.405522 0.7416199  O_Hello_SoClose
-0.08130591 -0.01653254 0.6147312 -0.1591263 0.07454073 0.6202787 -0.3495314 0.311637 0.655145 -0.4236 0.6062571 0.6020368 -0.0251271 0.08201063 0.6538295 0.2880706 0.04991484 0.5505937 0.3266535 -0.2527157 0.5055331 -0.09659813 0.2181362 0.6236452 -0.20237 0.6579526 0.5654529 -0.2002219 1.061793 0.6519569 -0.190512 1.400054 0.7304395 -0.02328591 0.6678072 0.6137575 -0.004231853 1.080096 0.6213845 -0.03611914 1.40536 0.7415274  O_Hello_SoClose
-0.08119462 -0.01659524 0.6179823 -0.1589756 0.07452476 0.6233095 -0.34991 0.3116343 0.6588081 -0.4249088 0.6062129 0.6067885 -0.02499865 0.08198953 0.6569504 0.2902684 0.04972506 0.5591849 0.3518883 -0.2494789 0.5169438 -0.09638129 0.218096 0.6264719 -0.2018979 0.6578599 0.5674256 -0.1998772 1.06192 0.6529006 -0.1902866 1.400379 0.7305378 -0.02284621 0.6677139 0.6158503 -0.003454132 1.080025 0.621065 -0.0357645 1.40518 0.7413887  O_Hello_SoClose
-0.08171515 -0.01670086 0.6211575 -0.1594564 0.07446361 0.6263045 -0.3507726 0.3115842 0.662773 -0.4269352 0.6060978 0.6120929 -0.02549623 0.08191454 0.660015 0.2927386 0.05037773 0.5696286 0.37789 -0.2436374 0.5320958 -0.09679626 0.2180098 0.6292943 -0.2020697 0.6577364 0.5695404 -0.1998518 1.062044 0.6538347 -0.1901746 1.400645 0.7308358 -0.0230426 0.6675769 0.6180586 -0.002969725 1.079879 0.620757 -0.03566299 1.405041 0.7409595  O_Hello_SoClose
-0.08206205 -0.01677907 0.6233042 -0.159776 0.07441533 0.6283292 -0.3513494 0.3115364 0.6654581 -0.4283141 0.605998 0.6156949 -0.02582727 0.08185673 0.6620868 0.2942652 0.05080473 0.5767878 0.3949181 -0.2387381 0.5430487 -0.09707098 0.2179443 0.6312021 -0.2021786 0.6576452 0.5709685 -0.1998236 1.062118 0.6544594 -0.1900855 1.400816 0.7310289 -0.02316819 0.6674764 0.6195501 -0.002628369 1.079764 0.6205381 -0.03558455 1.404931 0.7406553  O_Hello_SoClose
-0.08267824 -0.01690876 0.6250418 -0.1603657 0.07430696 0.6300925 -0.3520024 0.311422 0.6680921 -0.4296728 0.6058325 0.61913 -0.02640436 0.08171093 0.6638092 0.2957997 0.0516535 0.5842818 0.4119733 -0.2325498 0.5553597 -0.09762023 0.2178186 0.6329492 -0.2026257 0.6575496 0.5727576 -0.1996185 1.062475 0.6540045 -0.1898803 1.401014 0.7312716 -0.02359752 0.6673306 0.6212839 -0.002430839 1.079587 0.6205395 -0.03558652 1.404818 0.7404259  O_Hello_SoClose
-0.08350752 -0.01708698 0.6271895 -0.1611607 0.07415438 0.6323036 -0.3528378 0.3112545 0.6714677 -0.4314139 0.6055924 0.6235245 -0.02717851 0.08150411 0.6659492 0.2975377 0.05278492 0.5941051 0.4329414 -0.223428 0.5722722 -0.09836422 0.2176437 0.6351594 -0.2032506 0.6574247 0.5751265 -0.1993008 1.062969 0.6531838 -0.189561 1.401249 0.7315782 -0.02419267 0.6671327 0.6235574 -0.002187354 1.079335 0.6205734 -0.03559653 1.404663 0.7401279  O_Hello_SoClose
-0.08424632 -0.01726019 0.6279434 -0.1618856 0.07398212 0.6332477 -0.353343 0.3110913 0.6729311 -0.4319738 0.6054471 0.6251882 -0.0278794 0.08126676 0.6668113 0.2983701 0.0539645 0.5994476 0.4446562 -0.2169789 0.5822881 -0.09907101 0.21746 0.6362742 -0.2039494 0.6573421 0.5769719 -0.1986298 1.063758 0.6502665 -0.1891126 1.401392 0.731429 -0.02485697 0.6669577 0.6252936 -0.002225799 1.079114 0.6209944 -0.03571878 1.404566 0.740189  O_Hello_SoClose
-0.08534662 -0.01750016 0.6289395 -0.1629671 0.07374001 0.6345452 -0.3540571 0.3108664 0.6749281 -0.4326708 0.6052607 0.6273955 -0.02892481 0.08092451 0.6679863 0.2993588 0.05575562 0.6071604 0.4606386 -0.206912 0.5972127 -0.1001286 0.2172014 0.637853 -0.2050052 0.6572404 0.5797228 -0.1976273 1.064854 0.6458362 -0.1883541 1.401459 0.7311925 -0.02586095 0.6667137 0.62788 -0.002300842 1.078794 0.621684 -0.03590928 1.40444 0.7403148  O_Hello_SoClose
-0.08602111 -0.01760483 0.629156 -0.1636398 0.0736233 0.6349801 -0.3543445 0.310799 0.6753343 -0.4324746 0.6052813 0.62755 -0.02958296 0.08074081 0.6683773 0.2997563 0.05730593 0.6102332 0.4679136 -0.2011241 0.6037935 -0.1008006 0.2170781 0.6385511 -0.205705 0.6572332 0.5813583 -0.1976133 1.065172 0.6453522 -0.1881241 1.401539 0.7316149 -0.0265399 0.6666101 0.6294569 -0.002414567 1.078644 0.6224335 -0.03601317 1.404462 0.7405938  O_Hello_SoClose
-0.08681647 -0.0177207 0.6294097 -0.1644327 0.07349253 0.6354932 -0.3546791 0.3107252 0.675814 -0.4322341 0.6053112 0.6277331 -0.03035877 0.08053088 0.6688384 0.3001588 0.05912519 0.6139368 0.476194 -0.1940769 0.6117724 -0.1015927 0.2169387 0.6393765 -0.2065295 0.6572293 0.5832962 -0.1975929 1.065537 0.6447719 -0.1878142 1.401617 0.7321147 -0.02733974 0.666492 0.6313246 -0.002544804 1.078468 0.62332 -0.03613375 1.40449 0.740919  O_Hello_SoClose
-0.08737801 -0.01776111 0.6298002 -0.1650033 0.07343793 0.635981 -0.3548573 0.3107499 0.6758417 -0.4317635 0.6054189 0.62723 -0.03093718 0.08044589 0.6693639 0.3003748 0.06079686 0.6159276 0.4803247 -0.1896474 0.6161159 -0.1021762 0.2168845 0.6400574 -0.2071379 0.6572359 0.584504 -0.1980169 1.065523 0.6460956 -0.1877057 1.401841 0.7324518 -0.02795933 0.6664536 0.632583 -0.00279264 1.078401 0.6242594 -0.03641484 1.404653 0.741208  O_Hello_SoClose
-0.08810191 -0.01779652 0.6303843 -0.1657411 0.07338321 0.6366714 -0.3550779 0.3107997 0.6758775 -0.431116 0.6055739 0.6265429 -0.03168849 0.08035862 0.6701149 0.3006195 0.06304264 0.6184844 0.4852695 -0.1839362 0.6216811 -0.1029341 0.2168316 0.6409844 -0.2079317 0.6572516 0.5860461 -0.1986471 1.065444 0.6482347 -0.1875813 1.402168 0.732901 -0.02877234 0.6664208 0.6342062 -0.003147883 1.078333 0.6255549 -0.03680943 1.404912 0.7415761  O_Hello_SoClose
-0.08861165 -0.0177412 0.6314338 -0.1662769 0.07342005 0.6376675 -0.3552237 0.3109307 0.6760892 -0.4305442 0.6057715 0.6260566 -0.03225188 0.08042431 0.6712159 0.3007967 0.06520653 0.6201266 0.4872343 -0.180398 0.625008 -0.1035066 0.2168827 0.6420401 -0.208564 0.6572825 0.5870527 -0.1996386 1.064926 0.6527909 -0.1874818 1.402608 0.7333964 -0.02944414 0.6664898 0.6353525 -0.003669901 1.078401 0.6270589 -0.03733329 1.405445 0.741762  O_Hello_SoClose
-0.08883767 -0.01757038 0.6322836 -0.1665424 0.0735625 0.6384419 -0.3552125 0.3111138 0.676176 -0.4298965 0.6060075 0.6255053 -0.03254608 0.08062303 0.6720928 0.3010484 0.06725597 0.6208586 0.487543 -0.1782831 0.6267503 -0.1038299 0.2170496 0.6428384 -0.2090116 0.6574001 0.5876955 -0.2012915 1.063918 0.6602105 -0.1879982 1.40301 0.7344636 -0.02993284 0.6666836 0.6361326 -0.004242523 1.078616 0.6287087 -0.03788702 1.406209 0.7418407  O_Hello_SoClose
-0.08875613 -0.0173732 0.6323823 -0.1665006 0.07372773 0.6385134 -0.355083 0.3112456 0.6759475 -0.4293933 0.6061669 0.6248902 -0.03252069 0.08084142 0.6722187 0.3012592 0.06839323 0.6204399 0.4863172 -0.1782273 0.6264514 -0.1038484 0.2172402 0.6429423 -0.2091878 0.6575503 0.5877775 -0.2024454 1.063188 0.6651553 -0.1885528 1.403157 0.7351707 -0.03013234 0.6669046 0.6362871 -0.00471781 1.078873 0.629968 -0.03836046 1.406815 0.7420834  O_Hello_SoClose
-0.08842246 -0.01717341 0.6315073 -0.1662141 0.07388306 0.637699 -0.3548545 0.311283 0.6752089 -0.4289384 0.6062202 0.6239136 -0.03223829 0.0810436 0.6714104 0.3014311 0.0687269 0.6188649 0.4836018 -0.1800476 0.6242956 -0.1036365 0.217425 0.6422247 -0.2092037 0.6577175 0.5873555 -0.2027068 1.063164 0.6657504 -0.1887726 1.403259 0.7351393 -0.03015356 0.667132 0.6358727 -0.005231066 1.079151 0.6310958 -0.03893046 1.40722 0.7428235  O_Hello_SoClose
-0.08791111 -0.0170157 0.6302384 -0.1657402 0.07400274 0.6365165 -0.354508 0.3112854 0.6741899 -0.4286139 0.6061609 0.6225737 -0.03176097 0.08119369 0.6702079 0.3016674 0.06839085 0.6173533 0.481144 -0.182349 0.6220549 -0.1032227 0.2175677 0.6411437 -0.2089873 0.6578584 0.5866421 -0.2026025 1.06331 0.6650194 -0.1888682 1.403293 0.7349938 -0.02993189 0.6673107 0.6351327 -0.005394144 1.079363 0.6314052 -0.0390958 1.407339 0.7434047  O_Hello_SoClose
-0.08727233 -0.01683235 0.6286629 -0.1651442 0.07414186 0.6350487 -0.3540753 0.3112848 0.6729311 -0.4282475 0.6060741 0.6209196 -0.03115968 0.08136606 0.6687115 0.3019574 0.06788051 0.6155699 0.4782403 -0.1851299 0.6193675 -0.1026956 0.2177329 0.6397971 -0.2086896 0.6580239 0.5857447 -0.2024155 1.063515 0.6639241 -0.1889644 1.403323 0.7348002 -0.02962611 0.6675173 0.6341971 -0.005526943 1.079605 0.6316327 -0.03922312 1.407432 0.7440675  O_Hello_SoClose
-0.08645956 -0.01663458 0.6270083 -0.1643735 0.07429862 0.6334661 -0.3535137 0.311314 0.6714534 -0.4279468 0.6059487 0.6189407 -0.03038625 0.08156514 0.6671094 0.3023716 0.06727529 0.6135973 0.4752236 -0.1881063 0.6162137 -0.1019922 0.2179164 0.6382941 -0.2082051 0.6581911 0.5845402 -0.2022899 1.063559 0.6633862 -0.1891132 1.403303 0.7346185 -0.02913724 0.6677388 0.6329664 -0.005385978 1.07985 0.6310977 -0.03901283 1.407458 0.7441915  O_Hello_SoClose
-0.08536629 -0.01638114 0.6249303 -0.1633315 0.07450306 0.6314577 -0.3527535 0.3113674 0.6695188 -0.4276135 0.6057731 0.6163329 -0.02934228 0.08182633 0.6650809 0.3029425 0.06648195 0.6110753 0.4714082 -0.1918253 0.6120828 -0.1010322 0.2181537 0.636362 -0.207509 0.6583997 0.5828956 -0.2021668 1.063524 0.6630205 -0.1893169 1.40325 0.7344016 -0.02843778 0.6680213 0.6312946 -0.005066855 1.080157 0.6300334 -0.03857194 1.407455 0.7440566  O_Hello_SoClose
-0.08360331 -0.01599443 0.6221889 -0.1616499 0.07482529 0.6286415 -0.3516011 0.3114927 0.6664575 -0.4273202 0.6055238 0.6124219 -0.02769272 0.08226669 0.6623667 0.3037431 0.06522119 0.6068796 0.4644025 -0.1980053 0.6047109 -0.09947507 0.2185291 0.6335701 -0.2062806 0.6586768 0.5799507 -0.2016104 1.063628 0.6609882 -0.1894483 1.403094 0.7337126 -0.02725486 0.6684567 0.628486 -0.004312856 1.080617 0.6273612 -0.03774105 1.40726 0.7432684  O_Hello_SoClose
-0.08103703 -0.0154587 0.6189049 -0.1592071 0.075284 0.6249341 -0.3500777 0.3117239 0.6617502 -0.4272864 0.6052251 0.6069463 -0.02535181 0.08296049 0.6590089 0.3044167 0.06337428 0.599069 0.4503245 -0.2081783 0.5904368 -0.09721403 0.2190717 0.6297015 -0.2043864 0.6589689 0.5747737 -0.199479 1.064638 0.6521233 -0.1891103 1.402637 0.7316417 -0.02550606 0.669071 0.6237768 -0.003123207 1.081261 0.6222643 -0.03658847 1.406755 0.741351  O_Hello_SoClose
-0.07926069 -0.01498497 0.6174253 -0.1575115 0.07572162 0.6229275 -0.3490692 0.3120797 0.6584586 -0.4273302 0.605342 0.6038703 -0.02374856 0.08361959 0.6573128 0.3040863 0.06209767 0.5910896 0.4342657 -0.2170492 0.5757679 -0.09563504 0.219571 0.6273307 -0.2029868 0.6591877 0.5705384 -0.1980362 1.065208 0.6460193 -0.1889919 1.402166 0.7299951 -0.02423851 0.6695984 0.6199573 -0.002417786 1.081819 0.6187557 -0.0359082 1.406587 0.7398027  O_Hello_SoClose
-0.07815175 -0.01449478 0.6170334 -0.1564389 0.07620597 0.6220983 -0.3483766 0.3125968 0.6563734 -0.4271769 0.6058423 0.6024746 -0.02271925 0.0842793 0.6566113 0.3028494 0.06104207 0.58328 0.4162339 -0.2249402 0.5617737 -0.09461491 0.2200917 0.6260275 -0.2020439 0.6594533 0.5674361 -0.1982093 1.064778 0.6466321 -0.1892903 1.402016 0.7294849 -0.02335755 0.6701115 0.6170257 -0.002179904 1.082367 0.6172146 -0.03552638 1.406824 0.7391328  O_Hello_SoClose
-0.07767193 -0.01397491 0.6172041 -0.1559552 0.07674551 0.6219658 -0.3479778 0.3132651 0.6550783 -0.4268561 0.6066293 0.6019443 -0.02222423 0.08494031 0.6564058 0.3006413 0.05994499 0.5753955 0.3955015 -0.232242 0.5483268 -0.09412651 0.220643 0.6253537 -0.2015639 0.6597923 0.5652074 -0.199444 1.063684 0.6514705 -0.189747 1.401995 0.7297372 -0.02286129 0.6706254 0.6147007 -0.002419753 1.08291 0.6173042 -0.03540377 1.40733 0.7394189  O_Hello_SoClose
-0.0781353 -0.01367295 0.616908 -0.1563695 0.07709479 0.6215729 -0.3480999 0.3138198 0.6538104 -0.4264275 0.6073566 0.6008152 -0.02260808 0.08528197 0.6558965 0.2979272 0.05904043 0.5686215 0.3754329 -0.2377944 0.5372142 -0.09446619 0.2209669 0.6246651 -0.20173 0.6600655 0.5638417 -0.1993584 1.063831 0.6506885 -0.1894356 1.402027 0.7294239 -0.02298407 0.6708945 0.6131791 -0.003124697 1.083186 0.6181535 -0.03552995 1.407715 0.7401327  O_Hello_SoClose
-0.07873319 -0.01338315 0.6158351 -0.1569059 0.07744002 0.6204523 -0.3482198 0.3143815 0.6519107 -0.4257577 0.6081537 0.5990599 -0.02312849 0.08556616 0.6547278 0.2950266 0.05823267 0.5614914 0.3535267 -0.2424817 0.5260953 -0.09490667 0.2212735 0.6234106 -0.2018991 0.6603943 0.5622705 -0.1992791 1.064011 0.6498007 -0.1891272 1.402072 0.7290806 -0.02313076 0.6711445 0.611544 -0.003741546 1.083427 0.6186813 -0.0355386 1.407983 0.7407469  O_Hello_SoClose
-0.07936697 -0.01317108 0.6141003 -0.157477 0.07770526 0.6187361 -0.348318 0.314832 0.6496924 -0.4249581 0.6088614 0.5969619 -0.02370356 0.08572161 0.6530532 0.292644 0.05774581 0.5554236 0.3345454 -0.2453507 0.5169386 -0.09537701 0.2214936 0.621776 -0.2020422 0.6607172 0.5608028 -0.1992317 1.06419 0.6489867 -0.1888963 1.402124 0.7287825 -0.02328031 0.6713191 0.6101316 -0.004135652 1.083585 0.6187323 -0.03541801 1.408069 0.7411226  O_Hello_SoClose
-0.08034407 -0.01301444 0.6105012 -0.1583906 0.077914 0.6151794 -0.3485447 0.3152156 0.6456951 -0.423964 0.6096126 0.5932568 -0.02467386 0.08575439 0.6497573 0.2896434 0.05738115 0.5472358 0.3086175 -0.247556 0.5053104 -0.09618281 0.2216467 0.6186265 -0.2023896 0.6610783 0.5583557 -0.1981821 1.065365 0.6426719 -0.1883002 1.402067 0.7275709 -0.02370988 0.6714377 0.6080326 -0.004534764 1.083676 0.6177877 -0.03532438 1.407906 0.7409734  O_Hello_SoClose
-0.08117871 -0.01294398 0.6071242 -0.1591827 0.0780189 0.6118435 -0.3487667 0.3154283 0.6420993 -0.4232065 0.6101254 0.5899476 -0.02553199 0.08570623 0.6467098 0.2872982 0.05720472 0.5406817 0.2876428 -0.2479993 0.4964679 -0.09689991 0.2217078 0.615733 -0.2027329 0.6613317 0.5562118 -0.1969337 1.066602 0.6355647 -0.1876066 1.401803 0.7262696 -0.02414863 0.6714791 0.606274 -0.004806979 1.083695 0.6166333 -0.03527699 1.407659 0.7405957  O_Hello_SoClose
-0.08171819 -0.01287091 0.6039866 -0.1597176 0.07809472 0.6087302 -0.3488246 0.3155262 0.6388768 -0.422675 0.610419 0.5869936 -0.02614514 0.08568192 0.643917 0.2857545 0.05740452 0.5355147 0.2701908 -0.2472365 0.4901708 -0.09742002 0.221764 0.613079 -0.2030448 0.6615364 0.5542911 -0.1964058 1.067253 0.6312617 -0.1873841 1.401523 0.7253708 -0.02457295 0.6715426 0.604781 -0.0049213 1.083737 0.6154093 -0.03536336 1.407399 0.7401651  O_Hello_SoClose
-0.08369152 -0.01258421 0.5922102 -0.1618059 0.07828271 0.5969528 -0.3486088 0.3156077 0.6262025 -0.4214118 0.611049 0.5759867 -0.0286092 0.08564925 0.6335815 0.2792371 0.05964911 0.5145963 0.1846256 -0.2307047 0.4716095 -0.09966736 0.2219503 0.6032141 -0.2050198 0.6621538 0.5472301 -0.1963197 1.068424 0.6210116 -0.1874703 1.400412 0.7228903 -0.02708582 0.6718343 0.599645 -0.005456073 1.08391 0.6110023 -0.03623132 1.406648 0.7380499  O_Hello_SoClose
-0.08451216 -0.01250184 0.5923427 -0.1626613 0.07833993 0.5969914 -0.348498 0.3157355 0.6254209 -0.4218574 0.6112467 0.5764412 -0.02952258 0.08573735 0.6338238 0.2761603 0.06065285 0.5097884 0.1501277 -0.2182752 0.4721144 -0.1005762 0.2220248 0.6033858 -0.2059781 0.6622114 0.5473608 -0.1978866 1.067658 0.6256031 -0.1879713 1.400771 0.7236418 -0.02812664 0.6719319 0.6000479 -0.006015403 1.083972 0.6117748 -0.03675501 1.406956 0.7382044  O_Hello_SoClose
-0.08524542 -0.01243424 0.5948581 -0.1633693 0.07843387 0.5994185 -0.348549 0.3160224 0.6271223 -0.4224944 0.6115654 0.5792273 -0.03020339 0.08585632 0.6361474 0.2735832 0.06111085 0.5082206 0.1284146 -0.2089437 0.4750389 -0.101245 0.2221133 0.6055449 -0.2065788 0.6622371 0.5489029 -0.1995973 1.066527 0.6330184 -0.1884456 1.401322 0.7250074 -0.02868871 0.6719969 0.6014518 -0.006603701 1.084025 0.613634 -0.03701411 1.407498 0.7388886  O_Hello_SoClose
-0.08589225 -0.01239431 0.5973319 -0.1639726 0.07851279 0.601859 -0.3487961 0.3162961 0.6290678 -0.4228975 0.6119181 0.5819062 -0.0307474 0.08594358 0.6383709 0.2717293 0.06137407 0.5079287 0.1167131 -0.2034618 0.4773272 -0.1017814 0.2221774 0.6076478 -0.2070256 0.6622477 0.5504259 -0.2005779 1.06582 0.6379632 -0.1885511 1.401663 0.725931 -0.02905105 0.6720242 0.6026849 -0.007114036 1.084048 0.6152819 -0.0370634 1.408041 0.7392954  O_Hello_SoClose
-0.0868703 -0.01234031 0.6010097 -0.1648803 0.0786289 0.6055015 -0.3492423 0.316702 0.6320337 -0.4233868 0.6124774 0.5859145 -0.03155993 0.08606493 0.641663 0.2690336 0.06172764 0.5077652 0.1014492 -0.1957616 0.480945 -0.1025819 0.222267 0.610772 -0.2076834 0.6622599 0.5526985 -0.2018278 1.064863 0.644626 -0.1886946 1.402045 0.7271498 -0.02957313 0.6720522 0.6044902 -0.007880492 1.084069 0.6177362 -0.03711466 1.408845 0.7398561  O_Hello_SoClose
-0.08778428 -0.01234102 0.6031851 -0.1657334 0.0786798 0.6076893 -0.3499439 0.3169436 0.634025 -0.4234752 0.6129918 0.5886801 -0.03234367 0.08608937 0.6435989 0.2672362 0.06206822 0.5078181 0.09336139 -0.1913669 0.482468 -0.1033426 0.2222888 0.6126441 -0.2082947 0.6622603 0.55414 -0.2019621 1.064865 0.6460294 -0.188243 1.402272 0.7275323 -0.03008549 0.6720223 0.6055959 -0.008591814 1.084023 0.6196312 -0.03740094 1.409364 0.7403425  O_Hello_SoClose
-0.08881406 -0.01234007 0.6052221 -0.1666962 0.07873666 0.609753 -0.3507817 0.3171916 0.6359233 -0.4234042 0.6135715 0.5912861 -0.03324024 0.08610141 0.6454252 0.2653864 0.06249797 0.5078567 0.08541204 -0.1867771 0.483867 -0.1042037 0.2223109 0.6144322 -0.20897 0.6622816 0.5555905 -0.2020749 1.06493 0.6472477 -0.1877635 1.402511 0.7279209 -0.03066633 0.6719878 0.6067294 -0.009359701 1.083965 0.6217068 -0.03776566 1.409896 0.7409109  O_Hello_SoClose
-0.09012227 -0.01232708 0.6061209 -0.1679259 0.07881248 0.6107382 -0.3520397 0.3174143 0.6369303 -0.422566 0.6143412 0.5925683 -0.03443305 0.08606064 0.6462959 0.2638682 0.06326544 0.5078019 0.07976319 -0.1829492 0.48355 -0.105312 0.2223345 0.6153926 -0.2097697 0.6624029 0.5567335 -0.2020639 1.065279 0.6473216 -0.1871935 1.402769 0.7282733 -0.03141383 0.6719528 0.6077188 -0.01021068 1.083882 0.6241077 -0.03843312 1.410404 0.7417287  O_Hello_SoClose
-0.09187238 -0.01223278 0.6043977 -0.1695758 0.07898068 0.6092371 -0.3538662 0.3176244 0.6356 -0.4209184 0.6153104 0.5909389 -0.03610269 0.08596587 0.6449217 0.2626542 0.06472135 0.5062774 0.07709892 -0.1801176 0.4793037 -0.1068019 0.2224159 0.6143869 -0.2107115 0.6627837 0.5570143 -0.2023133 1.065639 0.647632 -0.1868365 1.403053 0.7287892 -0.03238509 0.6719713 0.6081694 -0.01097755 1.083822 0.6261839 -0.03917424 1.410949 0.7421163  O_Hello_SoClose
-0.09336244 -0.01205921 0.6008223 -0.1709858 0.07920706 0.6059431 -0.3553008 0.3177969 0.6321977 -0.419547 0.6159503 0.5865411 -0.03757403 0.08589327 0.6419133 0.2620758 0.06635571 0.5036043 0.07950671 -0.1801645 0.471969 -0.1080819 0.2225547 0.6118854 -0.2114524 0.663289 0.5563835 -0.2026568 1.065963 0.6477655 -0.1868242 1.403215 0.7295254 -0.03321461 0.6720607 0.6079191 -0.01133989 1.083842 0.6269311 -0.03957121 1.411137 0.7423815  O_Hello_SoClose
-0.09429388 -0.011886 0.5981263 -0.1718674 0.07941186 0.6034368 -0.3560462 0.3179753 0.629299 -0.4188453 0.6162209 0.5822524 -0.03849677 0.08590233 0.6395944 0.2618662 0.06764531 0.5015644 0.08414723 -0.1818442 0.4658521 -0.1088828 0.2227011 0.609908 -0.2119125 0.6636715 0.5556635 -0.2029179 1.066215 0.647601 -0.186924 1.403344 0.7298349 -0.03373412 0.6721709 0.6074489 -0.01152031 1.083912 0.626923 -0.03971164 1.411109 0.7426618  O_Hello_SoClose
-0.09510939 -0.01169324 0.5956186 -0.172639 0.07963204 0.601096 -0.3566003 0.3181837 0.6264004 -0.4183298 0.6163718 0.5776066 -0.03930233 0.08595204 0.6374091 0.2617613 0.06893814 0.4996523 0.0902539 -0.1842343 0.4597348 -0.1095835 0.222869 0.6080207 -0.2123182 0.6640407 0.5548638 -0.2031728 1.06647 0.6472849 -0.1870692 1.403488 0.7299503 -0.03418891 0.6723029 0.6068562 -0.01167123 1.084012 0.6266483 -0.03977672 1.411006 0.7429804  O_Hello_SoClose
-0.0956109 -0.01144516 0.5944394 -0.1731115 0.07990396 0.5999273 -0.3569251 0.3184775 0.6245183 -0.4183486 0.6163342 0.5733718 -0.0397955 0.08615315 0.6363281 0.2621309 0.06993783 0.4993318 0.101269 -0.1894742 0.4553641 -0.1100097 0.2231141 0.606984 -0.2125548 0.6643564 0.5540484 -0.2034174 1.066772 0.6465324 -0.1873579 1.403764 0.7293104 -0.0344554 0.6725218 0.6061586 -0.01176487 1.084235 0.6256636 -0.0395302 1.411014 0.7426804  O_Hello_SoClose
-0.09588556 -0.01120853 0.5940999 -0.1733675 0.08015978 0.5995358 -0.3571603 0.3187605 0.6236175 -0.4184118 0.6163049 0.570484 -0.04006241 0.08638918 0.63598 0.2627766 0.07062566 0.5000747 0.1131104 -0.1948433 0.452845 -0.1102358 0.2233576 0.6065735 -0.2126635 0.6646079 0.5534781 -0.2036036 1.067033 0.6459254 -0.1876452 1.404024 0.7287291 -0.03457997 0.672748 0.6056465 -0.01181273 1.084476 0.6247534 -0.03924964 1.411043 0.7424358  O_Hello_SoClose
-0.09592842 -0.01091278 0.5948428 -0.1733999 0.08047354 0.6001199 -0.3573486 0.3191217 0.6238135 -0.4185629 0.6162863 0.5685543 -0.04009549 0.08674955 0.6365589 0.2640212 0.07109582 0.5025758 0.1300643 -0.2020917 0.4522909 -0.1102518 0.2236758 0.6069168 -0.2126262 0.6648473 0.5530666 -0.2037681 1.067321 0.6453222 -0.1880256 1.404344 0.7280372 -0.03454361 0.6730554 0.6052274 -0.0118116 1.084817 0.6236457 -0.03882305 1.411109 0.742185  O_Hello_SoClose
-0.09567849 -0.01067936 0.5961789 -0.1731544 0.08071232 0.6012973 -0.3574296 0.3193893 0.6250662 -0.4185263 0.616348 0.5685838 -0.0398383 0.0870707 0.6376795 0.2655834 0.07144547 0.5058531 0.1461895 -0.2079976 0.4533075 -0.1100138 0.2239321 0.6077842 -0.2124359 0.664987 0.5530771 -0.2037899 1.067503 0.6451677 -0.1882545 1.404558 0.7277898 -0.03433655 0.6733123 0.605162 -0.01168142 1.085109 0.6228775 -0.03846196 1.41118 0.7420758  O_Hello_SoClose
-0.09529565 -0.01041973 0.5979618 -0.1727812 0.08097434 0.602888 -0.3575001 0.3196779 0.6268839 -0.4183953 0.6164464 0.5691966 -0.03944735 0.08744264 0.6391853 0.2675322 0.07183099 0.5100497 0.1656863 -0.2140895 0.455449 -0.1096564 0.2242186 0.6089791 -0.2121654 0.6651198 0.5532068 -0.2037774 1.067685 0.6451057 -0.1884888 1.404779 0.7276138 -0.03404055 0.6736007 0.6051792 -0.01149015 1.085439 0.6220421 -0.03803692 1.411258 0.7419785  O_Hello_SoClose
-0.09476535 -0.01018357 0.6001667 -0.1722758 0.0812 0.6048921 -0.3575896 0.3198876 0.629475 -0.4184572 0.6165509 0.5712212 -0.03892688 0.08780205 0.6411098 0.2698811 0.07238424 0.5151881 0.1868857 -0.2192558 0.4589547 -0.1091907 0.2244784 0.6105818 -0.2118572 0.6652029 0.5537142 -0.2037023 1.067844 0.6453022 -0.1886268 1.405005 0.7275766 -0.03371052 0.6738714 0.6055807 -0.01119797 1.085757 0.6213039 -0.03770701 1.411392 0.7417482  O_Hello_SoClose
-0.09405713 -0.009921789 0.6030143 -0.1716052 0.08144212 0.6074957 -0.3577062 0.3200778 0.6329716 -0.4186004 0.616671 0.5743908 -0.03823982 0.08821607 0.6436208 0.2728395 0.07312846 0.5218443 0.2132572 -0.2239712 0.4645194 -0.1085802 0.2247652 0.6127027 -0.2114709 0.6652645 0.5545105 -0.20358 1.068009 0.6456636 -0.1887403 1.405264 0.7275952 -0.03330026 0.6741735 0.6062545 -0.01079659 1.086114 0.6204628 -0.03735916 1.411566 0.741392  O_Hello_SoClose
-0.09348945 -0.009680152 0.606057 -0.1710822 0.08165801 0.6102837 -0.3581031 0.3201835 0.6370353 -0.4192624 0.6168146 0.5789226 -0.03772239 0.08859539 0.6463989 0.2763271 0.07435334 0.5301183 0.2431889 -0.2268169 0.472649 -0.1081272 0.2250253 0.6151036 -0.2112284 0.6653139 0.5557016 -0.2035109 1.068191 0.6462859 -0.1888282 1.405564 0.7277578 -0.03306548 0.6744509 0.6074318 -0.01037155 1.086442 0.619748 -0.03724186 1.411735 0.7410344  O_Hello_SoClose
-0.09293996 -0.009429097 0.6096157 -0.1705863 0.08187664 0.6135458 -0.3587195 0.3202225 0.6419691 -0.4203021 0.6169552 0.5848311 -0.03724722 0.08899283 0.6497024 0.2804751 0.07603896 0.5406512 0.2794087 -0.2272471 0.4847864 -0.1077146 0.2252929 0.6179847 -0.2110372 0.6653515 0.5572776 -0.2034636 1.068395 0.6471308 -0.1889138 1.405917 0.7280086 -0.03290341 0.6747372 0.609064 -0.009861393 1.086774 0.6189893 -0.03722976 1.411897 0.7406195  O_Hello_SoClose
-0.09319358 -0.009288669 0.6119584 -0.170861 0.08200788 0.6156796 -0.3597085 0.3202082 0.645624 -0.4220938 0.6169991 0.5896715 -0.0375977 0.08916247 0.6521071 0.2841974 0.07844889 0.5513066 0.3111869 -0.2241477 0.4982852 -0.1080192 0.2254355 0.6201719 -0.2112798 0.6654468 0.5590171 -0.2036466 1.068651 0.6481398 -0.1890691 1.40631 0.7284383 -0.03325443 0.6748859 0.6111649 -0.00945024 1.086928 0.6187886 -0.03745155 1.4119 0.7406777  O_Hello_SoClose
-0.0935847 -0.009183645 0.6138562 -0.1712637 0.08211005 0.6174039 -0.3606888 0.3201696 0.6487345 -0.4237991 0.6170086 0.593861 -0.03807859 0.08927369 0.6541141 0.2872562 0.0807339 0.5612401 0.33946 -0.2192343 0.5122679 -0.1084378 0.2255408 0.6220168 -0.2115867 0.6655421 0.5606021 -0.2038687 1.068894 0.6490473 -0.1892437 1.406677 0.7288121 -0.03367315 0.6749935 0.6131281 -0.009067757 1.087023 0.6186036 -0.03764216 1.411854 0.7407349  O_Hello_SoClose
-0.09480487 -0.009146214 0.6144274 -0.1724575 0.08217263 0.6179069 -0.3620209 0.3201728 0.6504658 -0.4256645 0.6170723 0.5965441 -0.03938625 0.08920979 0.6550521 0.289445 0.08344114 0.5704964 0.3640536 -0.2124274 0.5257772 -0.109588 0.2255681 0.6229972 -0.2123626 0.6657304 0.5621113 -0.204425 1.069221 0.6499008 -0.1896516 1.407115 0.7291669 -0.03461234 0.6750062 0.6152185 -0.008791549 1.086984 0.6185435 -0.0378118 1.411676 0.74094  O_Hello_SoClose
-0.09631239 -0.009121537 0.6148356 -0.1739316 0.08222783 0.6182526 -0.3636078 0.3201497 0.652222 -0.4278461 0.6171178 0.5993932 -0.04099647 0.08910429 0.6559123 0.2913919 0.08647335 0.5810689 0.3905259 -0.2030183 0.5427088 -0.1110094 0.225578 0.6239356 -0.2133347 0.6659434 0.5637664 -0.204962 1.069714 0.6502198 -0.1900589 1.407608 0.7294596 -0.03577934 0.6749957 0.6175593 -0.008480592 1.086891 0.6183962 -0.03799645 1.411416 0.7411145  O_Hello_SoClose
-0.1030726 -0.009235263 0.6112779 -0.1805549 0.08222306 0.6148804 -0.3693792 0.320055 0.6523293 -0.4340296 0.6173669 0.6019968 -0.04804127 0.08839738 0.6541137 0.2911426 0.09519994 0.6018013 0.4446495 -0.1713799 0.5800041 -0.1174338 0.225372 0.6229366 -0.2182512 0.6666084 0.5667347 -0.2048292 1.073161 0.638213 -0.1907748 1.408379 0.7282432 -0.04129837 0.6746822 0.6226281 -0.00861196 1.086141 0.6165489 -0.03874598 1.410107 0.7405866  O_Hello_SoClose
-0.1062446 -0.009206176 0.6094588 -0.183681 0.08228731 0.6131586 -0.3719607 0.3201061 0.6517895 -0.4368004 0.6174934 0.6021498 -0.05132518 0.08819413 0.6529621 0.2896667 0.09907901 0.608097 0.4625214 -0.1558492 0.5926913 -0.1204995 0.2253555 0.6221226 -0.2207965 0.6669102 0.567511 -0.2048471 1.074417 0.6327695 -0.1911483 1.408332 0.7275671 -0.04406891 0.6746111 0.6241645 -0.008898539 1.085816 0.6153687 -0.03910587 1.409567 0.7399482  O_Hello_SoClose
-0.1089039 -0.009103775 0.6086372 -0.1863295 0.08239841 0.6123513 -0.3741522 0.3202235 0.6516927 -0.4394705 0.6175588 0.6023711 -0.05405627 0.08820105 0.6524433 0.2879959 0.1026177 0.6116856 0.4749715 -0.1423422 0.5998925 -0.123138 0.225436 0.621724 -0.2232308 0.667116 0.5677551 -0.2055282 1.074976 0.6302994 -0.1915461 1.408225 0.7273749 -0.04662107 0.674671 0.6247944 -0.009467645 1.085657 0.6141323 -0.03963093 1.409309 0.7389826  O_Hello_SoClose
-0.1110394 -0.008996725 0.6082548 -0.1884584 0.08251154 0.6119541 -0.3759385 0.3203521 0.6518062 -0.4417637 0.617622 0.602764 -0.05623631 0.08826041 0.6522225 0.2865364 0.1055319 0.6144017 0.4840269 -0.1311586 0.6054896 -0.1252614 0.2255325 0.6215419 -0.2252299 0.667275 0.5678543 -0.2061653 1.075352 0.6285552 -0.1918399 1.408139 0.7271508 -0.04869292 0.6747549 0.6251281 -0.009971363 1.08556 0.6131576 -0.04008339 1.409122 0.738253  O_Hello_SoClose
-0.1134353 -0.008823156 0.6087469 -0.1908541 0.08268929 0.6123451 -0.3780293 0.320588 0.6525668 -0.4447673 0.6177138 0.6038865 -0.05863861 0.08847594 0.6526297 0.2847598 0.1090851 0.6167048 0.492511 -0.1187301 0.6100682 -0.1276575 0.225719 0.6218051 -0.2276134 0.6674103 0.567675 -0.2072211 1.075568 0.6273946 -0.192096 1.40811 0.7266945 -0.05108587 0.674944 0.6249708 -0.01072447 1.085565 0.6121353 -0.04071204 1.408995 0.7376016  O_Hello_SoClose
-0.1153295 -0.008662462 0.6092204 -0.1927423 0.08285832 0.6127361 -0.3796934 0.3208258 0.6531862 -0.4472121 0.6178359 0.6048783 -0.06051717 0.0886817 0.6529835 0.2833308 0.1120971 0.6183089 0.4985938 -0.1086758 0.6132516 -0.1295354 0.2258947 0.6220239 -0.2294786 0.6675319 0.5674313 -0.2080792 1.075721 0.6265801 -0.1922428 1.408087 0.7263583 -0.05293731 0.6751186 0.6246775 -0.0113381 1.085601 0.611359 -0.04120229 1.408913 0.7371567  O_Hello_SoClose
-0.1176656 -0.008409858 0.6100625 -0.1950531 0.08313656 0.6134681 -0.3817806 0.3212574 0.6540083 -0.4504143 0.6181226 0.6063861 -0.06277142 0.08902502 0.65352 0.2815764 0.1164076 0.6195625 0.5048866 -0.09624457 0.615568 -0.1318015 0.22618 0.6223315 -0.2317213 0.6677098 0.5668334 -0.209216 1.075852 0.6258906 -0.1922716 1.408059 0.7260164 -0.05509977 0.6753916 0.6238192 -0.01215915 1.085736 0.6105007 -0.04177813 1.408864 0.7368273  O_Hello_SoClose
-0.1198168 -0.008125544 0.6107725 -0.1971422 0.08347666 0.6140865 -0.3837061 0.3218144 0.6545848 -0.4534018 0.6185971 0.6080016 -0.06478779 0.08938205 0.6538953 0.2800295 0.1213121 0.6203212 0.5101619 -0.08394742 0.6168474 -0.1337878 0.2265024 0.6224884 -0.2335332 0.6679559 0.5660771 -0.2100715 1.076076 0.6249193 -0.1921257 1.407984 0.725859 -0.05680863 0.675669 0.6227382 -0.01294498 1.085933 0.60998 -0.04235123 1.408836 0.7369331  O_Hello_SoClose
-0.1212466 -0.007905245 0.6112145 -0.1985128 0.0837487 0.6144723 -0.3849877 0.3222642 0.6548847 -0.4553958 0.6190152 0.6091789 -0.06610088 0.08964539 0.6540898 0.279001 0.1250085 0.620654 0.5133937 -0.07537448 0.617328 -0.1350621 0.2267513 0.6225351 -0.2346217 0.668164 0.5654801 -0.2105523 1.076278 0.6241196 -0.1919382 1.407915 0.7258252 -0.05781559 0.6758716 0.6218866 -0.01347892 1.086104 0.6097568 -0.0427467 1.40883 0.7371901  O_Hello_SoClose
-0.1225782 -0.007667661 0.6125807 -0.1997157 0.08410072 0.6156658 -0.3860328 0.3229717 0.6556257 -0.4568549 0.6197733 0.6108984 -0.06724857 0.08993113 0.6551083 0.2781597 0.129604 0.6216735 0.5162725 -0.06633627 0.6179174 -0.1360608 0.2270393 0.6232404 -0.2350879 0.6684208 0.565029 -0.2105331 1.076647 0.6226777 -0.1914028 1.407907 0.725509 -0.05820404 0.67605 0.6212023 -0.01372991 1.086282 0.6095804 -0.04302494 1.408804 0.7375244  O_Hello_SoClose
-0.123804 -0.007419229 0.6141714 -0.2007968 0.08447707 0.6170558 -0.3869424 0.3237391 0.6564668 -0.4580498 0.6206153 0.6126975 -0.06827836 0.09022486 0.6563381 0.2773494 0.1342595 0.6228737 0.51876 -0.05759096 0.6185421 -0.1369137 0.2273401 0.6241196 -0.2353237 0.6686919 0.5646504 -0.2103495 1.077059 0.6211056 -0.1907455 1.407923 0.725119 -0.05836783 0.6762217 0.6206096 -0.01387016 1.086464 0.6094307 -0.04324238 1.408782 0.7378672  O_Hello_SoClose
-0.1246115 -0.00719893 0.6173128 -0.2014464 0.08484161 0.6197766 -0.3874229 0.3245636 0.6582817 -0.4585048 0.621534 0.6151131 -0.06891231 0.09054685 0.6590122 0.2768274 0.13906 0.6250881 0.5204397 -0.04994571 0.6192373 -0.1373178 0.2276266 0.626161 -0.2349814 0.6688623 0.5646352 -0.2098759 1.077419 0.6196426 -0.1900155 1.40802 0.7244385 -0.0580043 0.6763516 0.6205329 -0.01363365 1.0866 0.6090935 -0.04326067 1.40875 0.7378944  O_Hello_SoClose
-0.1257646 -0.006792784 0.6234087 -0.2023322 0.08548856 0.6250504 -0.3880441 0.3259907 0.6618561 -0.4589667 0.6231167 0.6195053 -0.06978934 0.09115243 0.6642622 0.275859 0.1474245 0.6292347 0.5225772 -0.03737986 0.62019 -0.1377904 0.2281371 0.6301969 -0.2341606 0.6690987 0.5647882 -0.2089664 1.077976 0.6173128 -0.1887171 1.408196 0.7232322 -0.0571727 0.6765636 0.6206554 -0.01306276 1.086817 0.6084212 -0.04318247 1.408703 0.7377657  O_Hello_SoClose
-0.1264284 -0.006342053 0.6319255 -0.2027631 0.0861454 0.6324056 -0.3883925 0.3273808 0.6670989 -0.4591295 0.6245922 0.6250395 -0.07025234 0.09192812 0.6717089 0.2746826 0.157717 0.6341385 0.5231878 -0.02431631 0.6195296 -0.1378648 0.2286804 0.6359767 -0.2330364 0.6690964 0.5653466 -0.2080647 1.078261 0.6157001 -0.1876176 1.408245 0.7223133 -0.056096 0.6767607 0.6213368 -0.01224957 1.086987 0.607355 -0.04294435 1.408684 0.7370342  O_Hello_SoClose
-0.126739 -0.005971789 0.6384147 -0.2029295 0.08663487 0.6380161 -0.388563 0.3283348 0.6711501 -0.4592092 0.6255729 0.6291245 -0.07044499 0.09255552 0.6773871 0.2734326 0.1661887 0.6372422 0.5227408 -0.01424432 0.6173981 -0.1378117 0.2290945 0.6403979 -0.232232 0.6690227 0.5658292 -0.2074498 1.078357 0.6148838 -0.1868421 1.40822 0.7218398 -0.0553299 0.6769019 0.6219105 -0.01163362 1.087093 0.6065081 -0.04270111 1.408649 0.7364482  O_Hello_SoClose
-0.126827 -0.005490065 0.6466202 -0.2028868 0.08721268 0.645121 -0.3886286 0.329366 0.6763633 -0.4592358 0.6265795 0.6340989 -0.07043807 0.09337986 0.684574 0.2712776 0.177786 0.6402286 0.5206977 -0.001415253 0.6122822 -0.1375717 0.2295991 0.6460155 -0.2312907 0.6688148 0.5665244 -0.2067854 1.078297 0.6144708 -0.1860044 1.4081 0.721577 -0.05444018 0.6770617 0.6227154 -0.01086221 1.087188 0.6053828 -0.0423064 1.408571 0.7356604  O_Hello_SoClose
-0.1268501 -0.0050143 0.6541013 -0.2027968 0.08775997 0.651616 -0.3886264 0.330291 0.6811808 -0.4591988 0.6274532 0.6385006 -0.07037459 0.09415984 0.691121 0.2683415 0.1894263 0.6420826 0.5171419 0.01097262 0.6052445 -0.137311 0.2300699 0.6511539 -0.2304327 0.6685868 0.5672268 -0.206168 1.0782 0.6141666 -0.1852494 1.407984 0.7213038 -0.05362062 0.6771794 0.6234869 -0.0101165 1.087231 0.6042947 -0.04185758 1.408448 0.7349089  O_Hello_SoClose
-0.1267701 -0.00443697 0.6627158 -0.2025984 0.08839762 0.6591233 -0.3885145 0.3313168 0.6868352 -0.4590437 0.6283739 0.6433591 -0.07019721 0.09507978 0.6986517 0.2633133 0.204443 0.6429132 0.5101112 0.02622974 0.5935649 -0.1369337 0.2306117 0.6570982 -0.2294433 0.6682654 0.5681394 -0.2054395 1.078024 0.6139258 -0.1844113 1.407846 0.7209281 -0.0526617 0.6772742 0.6244301 -0.00919239 1.087216 0.6029352 -0.04120569 1.408229 0.7339839  O_Hello_SoClose
-0.1267142 -0.003831029 0.670956 -0.2024121 0.08906806 0.6664027 -0.3882924 0.332376 0.6925753 -0.4588316 0.6292859 0.6481203 -0.06998812 0.09598088 0.7058152 0.2562488 0.2202684 0.6423658 0.5003012 0.0429244 0.5783976 -0.1365464 0.231159 0.6628469 -0.2284654 0.6679751 0.5692781 -0.204734 1.077893 0.6137627 -0.1836629 1.40771 0.7207698 -0.05165217 0.6773295 0.6254128 -0.008209391 1.087145 0.6015877 -0.04049508 1.40791 0.7331756  O_Hello_SoClose
-0.1266394 -0.003035903 0.6806821 -0.202161 0.08995235 0.6751322 -0.3878341 0.3337525 0.6998166 -0.4584611 0.6304184 0.6538962 -0.06965022 0.09708083 0.7142133 0.2441111 0.2406713 0.6401523 0.4831382 0.06514013 0.55554 -0.13602 0.2318567 0.6697167 -0.227246 0.6676793 0.5709804 -0.2038642 1.07781 0.6136497 -0.1828218 1.407565 0.7208542 -0.05031006 0.6773645 0.6266707 -0.006890221 1.087001 0.5999125 -0.03951136 1.407397 0.7323154  O_Hello_SoClose
-0.1265213 -0.002670527 0.6860622 -0.2019204 0.09040248 0.6802729 -0.3871987 0.3345439 0.7049373 -0.4581207 0.6309044 0.6575235 -0.06924121 0.09755111 0.7187747 0.2328548 0.2553685 0.6367954 0.4698828 0.08680058 0.5342916 -0.135582 0.2321682 0.6737579 -0.226532 0.6675482 0.5728377 -0.203435 1.077856 0.6139339 -0.182465 1.40762 0.7211236 -0.0493565 0.6772807 0.6277531 -0.005999429 1.086807 0.5992588 -0.03909836 1.406999 0.7320341  O_Hello_SoClose
-0.126279 -0.001903772 0.6931423 -0.2015055 0.09129655 0.687158 -0.3861442 0.3359165 0.7121099 -0.4576082 0.6317779 0.6624459 -0.06855892 0.09842622 0.7247299 0.217651 0.2708179 0.6322063 0.447019 0.106708 0.5074557 -0.1348931 0.2328572 0.6791509 -0.2255296 0.6676836 0.5755957 -0.2028478 1.078238 0.6143917 -0.1819764 1.408034 0.7215046 -0.04797367 0.6774169 0.6292681 -0.004725499 1.086785 0.5984367 -0.03857313 1.406712 0.7316626  O_Hello_SoClose
-0.1258494 -0.001676798 0.6964096 -0.2009757 0.09163427 0.6909112 -0.3849789 0.3365304 0.7174472 -0.4567818 0.631888 0.6653346 -0.06771414 0.09860563 0.7273806 0.2044897 0.2813506 0.6267174 0.4301156 0.130506 0.4802822 -0.1342087 0.2330779 0.6821579 -0.2250079 0.6679021 0.5787367 -0.2026333 1.078624 0.6159066 -0.1817021 1.408712 0.722102 -0.04700224 0.6774289 0.630936 -0.004019303 1.086769 0.599367 -0.03867374 1.406876 0.7319511  O_Hello_SoClose
-0.1254076 -0.001546383 0.6992506 -0.2004421 0.09186256 0.6941789 -0.3838731 0.3370001 0.7221025 -0.4560277 0.6318861 0.667848 -0.06691109 0.09869289 0.7296761 0.1920232 0.2898184 0.6226972 0.4122355 0.1504753 0.4577898 -0.133544 0.233202 0.6847681 -0.2244846 0.6680249 0.5814656 -0.2023972 1.078888 0.6172165 -0.1814236 1.40923 0.7226123 -0.04609356 0.6773675 0.6323665 -0.003346426 1.086682 0.6001552 -0.0387126 1.406943 0.7321781  O_Hello_SoClose
-0.1247932 -0.001806855 0.6999115 -0.1997871 0.09168231 0.6958131 -0.3826549 0.3369164 0.7260336 -0.4543883 0.6314161 0.6691846 -0.06591438 0.09829772 0.7300414 0.180737 0.2958479 0.6172642 0.3972788 0.1793373 0.4311479 -0.1328525 0.2329867 0.686138 -0.224383 0.6681671 0.5848821 -0.202564 1.079082 0.6202077 -0.1812695 1.40999 0.7237457 -0.04550181 0.6772131 0.6340879 -0.003432913 1.086673 0.6028436 -0.03907917 1.407717 0.7328738  O_Hello_SoClose
-0.124113 -0.002163529 0.7004069 -0.1990596 0.09140241 0.6973184 -0.3813417 0.3367178 0.7298959 -0.4525709 0.6308187 0.6704091 -0.06485133 0.09780097 0.7302498 0.1690073 0.3012224 0.6124181 0.3785737 0.2086831 0.4059652 -0.1320964 0.2326764 0.6873997 -0.224226 0.6682312 0.5883206 -0.2026949 1.079192 0.6232885 -0.1810951 1.410676 0.7249011 -0.04486219 0.6769775 0.6357936 -0.003488226 1.086589 0.6056288 -0.03935746 1.408441 0.7335852  O_Hello_SoClose
-0.1234272 -0.003102779 0.6976436 -0.1983732 0.09050179 0.6960934 -0.380073 0.3357178 0.7316192 -0.4491999 0.6297072 0.669175 -0.06382154 0.09660792 0.72765 0.158699 0.3052233 0.6067375 0.3616612 0.2567309 0.379671 -0.131475 0.2318349 0.6865886 -0.2245141 0.6681846 0.5919565 -0.2032399 1.079023 0.6284827 -0.181052 1.411378 0.7270793 -0.04465459 0.6765126 0.6375936 -0.004771156 1.086536 0.6112512 -0.03996662 1.410192 0.7347659  O_Hello_SoClose
-0.1228471 -0.004385352 0.6929506 -0.1977929 0.08923221 0.6931204 -0.3788982 0.3342634 0.7316717 -0.4449773 0.6283333 0.6663727 -0.06293331 0.09500635 0.723399 0.1486641 0.3089501 0.6014708 0.3400715 0.3162231 0.3597792 -0.1309746 0.230655 0.6844224 -0.2248944 0.6679683 0.5952672 -0.2038929 1.078595 0.6342491 -0.1810991 1.411903 0.7294325 -0.04458885 0.6758164 0.6391972 -0.006631954 1.086331 0.6182078 -0.04038255 1.412072 0.7365364  O_Hello_SoClose
-0.1226377 -0.006182313 0.6843618 -0.1975975 0.0874002 0.686479 -0.3781525 0.3321033 0.7279114 -0.4395424 0.6266811 0.660364 -0.06252132 0.09276068 0.7158545 0.1400805 0.3126825 0.5969404 0.3142343 0.3949114 0.3560809 -0.1308707 0.2289568 0.6794084 -0.2255207 0.6675265 0.5974902 -0.2048102 1.077754 0.6406106 -0.1813994 1.41212 0.731851 -0.04490034 0.6747701 0.6402143 -0.009748561 1.085874 0.6275133 -0.0405939 1.414116 0.7395567  O_Hello_SoClose
-0.1230168 -0.007195234 0.6782001 -0.197988 0.08635759 0.6810797 -0.3783516 0.3308794 0.7232574 -0.4370942 0.6260703 0.6560329 -0.06294702 0.09146214 0.7106622 0.1370182 0.3153303 0.5972999 0.3021472 0.43787 0.3674721 -0.1312664 0.2279783 0.6753758 -0.2258614 0.6672669 0.5973381 -0.2052224 1.077278 0.6425027 -0.1816215 1.411994 0.7324041 -0.0452923 0.6741368 0.6403397 -0.01170604 1.085491 0.6323675 -0.04057227 1.414922 0.7414063  O_Hello_SoClose
-0.1234942 -0.008501768 0.6694416 -0.198484 0.08499897 0.6733497 -0.3785866 0.329254 0.7165021 -0.4336211 0.6253372 0.6500672 -0.06350546 0.08974326 0.7032756 0.1329814 0.3188137 0.5981759 0.2816274 0.4927469 0.3914007 -0.1317699 0.226688 0.6695789 -0.2262623 0.6669194 0.5969151 -0.2057096 1.076627 0.6447943 -0.1818697 1.411774 0.7330087 -0.04578392 0.6732639 0.640376 -0.01431082 1.084859 0.6388272 -0.0405318 1.41583 0.7437948  O_Hello_SoClose
-0.1241202 -0.009623885 0.6595377 -0.1991632 0.08380044 0.6641835 -0.379122 0.3277354 0.7077259 -0.430184 0.6252913 0.6447924 -0.06439374 0.08817244 0.6950921 0.1311315 0.3227222 0.6027163 0.2634634 0.538102 0.4260691 -0.1324679 0.2255412 0.662764 -0.2265949 0.6666851 0.5953497 -0.2060335 1.076217 0.6447018 -0.1820778 1.411322 0.7330464 -0.04641948 0.6724859 0.6401242 -0.01646797 1.084183 0.6435798 -0.04054622 1.416142 0.7459091  O_Hello_SoClose
-0.124576 -0.01047373 0.6499132 -0.199684 0.08286023 0.65527 -0.379497 0.3264529 0.6992291 -0.4270959 0.6253969 0.6402858 -0.06511919 0.08687711 0.6871046 0.1295664 0.3258696 0.6070608 0.2459901 0.5713921 0.4612235 -0.1330362 0.2246281 0.6560997 -0.2268972 0.6665712 0.5937384 -0.2062827 1.075998 0.6439351 -0.1821992 1.410926 0.7329129 -0.04701773 0.6718528 0.6397494 -0.01816241 1.083579 0.6469797 -0.04062824 1.416212 0.7474693  O_Hello_SoClose
-0.1248765 -0.01107979 0.6401747 -0.2000702 0.08214116 0.6462497 -0.379735 0.3253397 0.6906923 -0.4243471 0.6256613 0.6366171 -0.06571274 0.08581507 0.6789883 0.1284372 0.3284073 0.611329 0.2314117 0.594269 0.4937781 -0.1335097 0.2239193 0.6493205 -0.2272238 0.6665798 0.5920333 -0.2064907 1.076005 0.6421922 -0.182248 1.41054 0.7325934 -0.04764346 0.6713587 0.6392521 -0.01928977 1.083076 0.6486782 -0.04074035 1.415989 0.7484592  O_Hello_SoClose
-0.124971 -0.01142228 0.6325492 -0.2002331 0.08170021 0.6392545 -0.3797655 0.32456 0.6842664 -0.4224758 0.6258635 0.6342705 -0.06601129 0.08510375 0.6725739 0.1272975 0.3299251 0.6135796 0.2217054 0.607159 0.5169729 -0.1337532 0.2234694 0.644019 -0.2274453 0.666642 0.5907997 -0.2066394 1.076092 0.6407212 -0.1822551 1.410285 0.732344 -0.04806016 0.6710247 0.6387924 -0.01990704 1.082726 0.6493992 -0.0407819 1.415725 0.7490185  O_Hello_SoClose
-0.124893 -0.01163208 0.6256207 -0.2002187 0.08138955 0.6329807 -0.3796166 0.3239075 0.6787332 -0.4209954 0.6260309 0.6327251 -0.06608705 0.0845505 0.666685 0.1260925 0.3310137 0.6143664 0.214038 0.6152791 0.5333537 -0.1338218 0.2231402 0.6392215 -0.2275925 0.6667383 0.5898217 -0.2067613 1.076243 0.6392854 -0.1822393 1.410084 0.7321452 -0.04833708 0.6707651 0.6383275 -0.02014939 1.082452 0.6493958 -0.04074107 1.415375 0.7493285  O_Hello_SoClose
-0.1247745 -0.01177514 0.6187109 -0.2001635 0.08114016 0.6267351 -0.3794305 0.3233 0.6732696 -0.4197128 0.6261564 0.6312846 -0.06611668 0.0840553 0.660797 0.1247828 0.3319439 0.6149071 0.2073694 0.6218025 0.5495938 -0.1338513 0.2228589 0.6344351 -0.2277168 0.6668463 0.5888613 -0.2068572 1.076415 0.6377834 -0.1821869 1.409877 0.731954 -0.04858313 0.670513 0.6378435 -0.0203232 1.082186 0.649238 -0.04069768 1.414995 0.7495936  O_Hello_SoClose
-0.1243197 -0.01185012 0.6111706 -0.1997784 0.08093548 0.6199998 -0.3789379 0.322644 0.6676759 -0.4185901 0.6261871 0.6303028 -0.06579088 0.08358788 0.6543154 0.1230102 0.3328651 0.6140794 0.2002502 0.6268473 0.5619944 -0.1335654 0.2226089 0.6292323 -0.2276236 0.6669758 0.5879568 -0.2067986 1.076675 0.6357864 -0.1820188 1.409586 0.73186 -0.04857479 0.6702565 0.6372751 -0.02007578 1.081925 0.6482385 -0.04063843 1.414382 0.7497157  O_Hello_SoClose
-0.1240762 -0.01183331 0.6088136 -0.1995598 0.08091009 0.6178697 -0.3787356 0.3224367 0.6660436 -0.4183357 0.6261438 0.629969 -0.06559871 0.08348346 0.6522945 0.1225541 0.3331238 0.6135277 0.1983521 0.6281122 0.5651449 -0.1333815 0.2225674 0.6275862 -0.2274958 0.6670403 0.5875996 -0.2067301 1.076776 0.6351408 -0.1819646 1.409343 0.7324017 -0.04848496 0.6702048 0.6370634 -0.01993523 1.081873 0.6478952 -0.04082487 1.414048 0.7502264  O_Hello_SoClose
