0.007710533 0.04648197 14.00425 -0.06559919 0.13478 14.03904 -0.2009753 0.3573321 13.90872 0.008096354 0.1605715 13.7961 0.07259424 0.1410798 14.03942 0.2964558 0.387725 14.04956 0.2564494 0.2583421 13.77249 -0.002943737 0.2782933 14.0434 -0.116036 0.719675 14.06352 -0.176069 1.128138 14.05218 -0.2163983 1.470653 14.09379 0.06950237 0.7275754 14.06735 0.1470762 1.097419 13.90121 0.2039463 1.427325 13.80542  SA_HookPunch_Far
0.004795389 0.0461086 14.00559 -0.06812803 0.1345705 14.04071 -0.2037809 0.3560046 13.90972 0.005195575 0.158414 13.79839 0.07007779 0.1405939 14.04036 0.295658 0.385846 14.04723 0.2536004 0.2529302 13.77215 -0.005164308 0.2779636 14.04455 -0.117265 0.7195987 14.06454 -0.1762383 1.128188 14.05222 -0.2156809 1.470865 14.09333 0.06830491 0.7271399 14.06745 0.1459083 1.097208 13.90183 0.2031159 1.426738 13.80495  SA_HookPunch_Far
0.002432065 0.04557717 14.00668 -0.07017605 0.1341718 14.04206 -0.2060581 0.3546914 13.91055 0.002849119 0.1564432 13.80027 0.06803669 0.1399699 14.04112 0.2949804 0.3840686 14.04533 0.2512407 0.2483028 13.77191 -0.00696425 0.2774664 14.04548 -0.1182605 0.7193053 14.06536 -0.1763797 1.127992 14.05224 -0.2151072 1.470799 14.09295 0.06733121 0.7265542 14.06753 0.1449658 1.096803 13.90233 0.2024381 1.426024 13.80456  SA_HookPunch_Far
-0.0006886552 0.04460943 14.00819 -0.07286243 0.1333767 14.044 -0.2094873 0.3524781 13.91187 -0.0008832644 0.1532534 13.80278 0.06535144 0.138898 14.04207 0.2941885 0.3812497 14.04198 0.2474947 0.2414708 13.77108 -0.009344263 0.2765504 14.04674 -0.1195906 0.7186515 14.06658 -0.1763636 1.127495 14.05248 -0.2139826 1.470528 14.09231 0.06602593 0.7255238 14.06749 0.1436709 1.096272 13.90341 0.2014654 1.425129 13.80462  SA_HookPunch_Far
-0.007139189 0.04195571 14.01167 -0.0783513 0.1310673 14.04861 -0.2177609 0.3466216 13.91547 -0.010343 0.1450958 13.80835 0.05982067 0.136071 14.04406 0.2925956 0.3741368 14.03295 0.2378357 0.2255305 13.76833 -0.0142753 0.2740151 14.04959 -0.1223893 0.7166372 14.06962 -0.1758394 1.12586 14.05369 -0.2107541 1.46949 14.09075 0.06323935 0.7227564 14.06716 0.1408855 1.094779 13.90599 0.1992735 1.422725 13.80455  SA_HookPunch_Far
-0.01393156 0.0385232 14.01618 -0.08394538 0.127893 14.05493 -0.2291097 0.3382616 13.92109 -0.02422599 0.1335571 13.81514 0.05405374 0.132478 14.04642 0.2905783 0.3649474 14.02008 0.2239917 0.2070347 13.76369 -0.01948635 0.2706617 14.05324 -0.1255225 0.7137851 14.07382 -0.1750164 1.123435 14.05615 -0.2066772 1.467848 14.08857 0.05998297 0.7191976 14.06607 0.1376465 1.09354 13.91038 0.1965236 1.420521 13.80615  SA_HookPunch_Far
-0.01941787 0.03556252 14.02061 -0.0882806 0.1250521 14.06152 -0.2402391 0.3302634 13.92781 -0.03898953 0.1218617 13.8221 0.04938831 0.1293387 14.04862 0.2887581 0.3561592 14.00682 0.2094137 0.1907256 13.75895 -0.02368192 0.2676928 14.05689 -0.1280734 0.7111991 14.07808 -0.1743801 1.121166 14.05916 -0.2032744 1.466276 14.08632 0.05711098 0.7160881 14.0645 0.1349635 1.092968 13.91515 0.1941032 1.419064 13.80833  SA_HookPunch_Far
-0.02337383 0.03328395 14.02406 -0.09128927 0.1228567 14.06675 -0.2489528 0.3239443 13.93375 -0.05074457 0.11261 13.82812 0.04599537 0.1269315 14.05021 0.2865385 0.3495699 13.9959 0.1971855 0.1781565 13.75561 -0.02669959 0.2654032 14.05971 -0.129899 0.7091737 14.08151 -0.1739621 1.119343 14.06166 -0.2008704 1.464935 14.08439 0.05487605 0.7136923 14.06309 0.132954 1.092535 13.91892 0.1920188 1.417919 13.8099  SA_HookPunch_Far
-0.02706091 0.03099954 14.02775 -0.09387647 0.120664 14.07259 -0.2586674 0.3171362 13.94161 -0.064391 0.1024158 13.8355 0.04278823 0.1245517 14.0515 0.2835093 0.3428186 13.98241 0.18245 0.164107 13.75229 -0.02947412 0.2631243 14.06269 -0.1315042 0.7071232 14.08551 -0.1735859 1.117463 14.06489 -0.1986533 1.463509 14.08214 0.0525864 0.7113227 14.06113 0.1306316 1.092449 13.92309 0.1889002 1.417037 13.81131  SA_HookPunch_Far
-0.03010623 0.02911508 14.03085 -0.09590702 0.1188681 14.07755 -0.2668562 0.3113818 13.94883 -0.07591431 0.09385753 13.84238 0.04009088 0.1225958 14.05249 0.280187 0.3369848 13.97062 0.169415 0.1520647 13.75008 -0.03176318 0.2612519 14.06518 -0.1327978 0.7054355 14.08897 -0.1732997 1.115897 14.06762 -0.1969358 1.46225 14.08005 0.05053743 0.7093614 14.0594 0.1288152 1.092279 13.92655 0.1861937 1.416191 13.81237  SA_HookPunch_Far
-0.03199862 0.02772093 14.03299 -0.09691994 0.1175718 14.08123 -0.2733418 0.307128 13.95566 -0.085564 0.08744025 13.84803 0.03837927 0.1212432 14.05263 0.2769416 0.3327167 13.96003 0.1584511 0.1420424 13.74859 -0.03314052 0.2599272 14.06681 -0.1334966 0.704198 14.09192 -0.1732076 1.114712 14.07009 -0.1960599 1.46124 14.07845 0.04904552 0.7079962 14.05778 0.1271176 1.092333 13.92897 0.1831517 1.415819 13.81293  SA_HookPunch_Far
-0.03626041 0.02473378 14.03781 -0.09891979 0.1148175 14.08962 -0.2880001 0.2974185 13.97271 -0.107533 0.0728873 13.8626 0.03434243 0.1183695 14.05266 0.2671363 0.3228077 13.93502 0.1322488 0.119079 13.74686 -0.03625933 0.2571086 14.07045 -0.1349757 0.7015687 14.09881 -0.1729309 1.112171 14.07558 -0.1943172 1.458891 14.07428 0.04522337 0.7050701 14.05389 0.1237196 1.092339 13.93446 0.1762927 1.414996 13.81456  SA_HookPunch_Far
-0.03895454 0.02266955 14.04083 -0.09945469 0.1129217 14.0956 -0.2993359 0.2900882 13.98849 -0.1256385 0.06189179 13.87508 0.03157564 0.1165615 14.05138 0.2559501 0.3157989 13.91316 0.1104498 0.1009061 13.74656 -0.03818319 0.2552476 14.07258 -0.1357442 0.6997499 14.10451 -0.1725002 1.110357 14.0795 -0.1931119 1.457009 14.07049 0.04188802 0.7031849 14.05032 0.1213425 1.092559 13.93861 0.1708619 1.415316 13.81768  SA_HookPunch_Far
-0.04283075 0.02014863 14.04521 -0.09871094 0.1105804 14.10529 -0.3167518 0.2783173 14.01966 -0.1568032 0.04370534 13.89933 0.02708937 0.1146032 14.04788 0.2294276 0.3058649 13.87458 0.07158013 0.07243216 13.74929 -0.04075138 0.253075 14.07568 -0.1361832 0.6974941 14.11497 -0.1721791 1.107848 14.08517 -0.192908 1.453919 14.06328 0.03545662 0.7010757 14.04406 0.1176416 1.092774 13.94296 0.1626175 1.416498 13.82284  SA_HookPunch_Far
-0.04488258 0.01934397 14.04738 -0.09714966 0.109815 14.11091 -0.3256012 0.272159 14.04226 -0.176507 0.03325284 13.91655 0.02428176 0.1142083 14.04479 0.2074588 0.3013633 13.85046 0.04635753 0.05715621 13.75292 -0.04187934 0.2524778 14.07725 -0.1356018 0.6967464 14.12207 -0.1726639 1.106666 14.0879 -0.1948408 1.4521 14.05863 0.03110279 0.7005935 14.04024 0.1151145 1.092893 13.94305 0.1588043 1.417824 13.82575  SA_HookPunch_Far
-0.04688333 0.01939893 14.04938 -0.09406345 0.109828 14.11708 -0.3341896 0.265075 14.07298 -0.1987831 0.02242935 13.9392 0.02086409 0.1148109 14.04024 0.1756974 0.2980025 13.82298 0.01591058 0.04207814 13.75914 -0.0426663 0.2527614 14.07875 -0.1338136 0.6967313 14.13105 -0.1744795 1.105731 14.09054 -0.2002147 1.450179 14.05357 0.02566429 0.7011114 14.03592 0.1111608 1.093443 13.94016 0.1555858 1.420216 13.82839  SA_HookPunch_Far
-0.04780374 0.02005792 14.05006 -0.09108905 0.1103597 14.12053 -0.3365267 0.2629066 14.09557 -0.212283 0.01857007 13.95425 0.01870872 0.1158594 14.03656 0.1518037 0.2978004 13.80666 -0.005176051 0.0359447 13.76315 -0.04259739 0.2535338 14.07941 -0.1315446 0.6972161 14.13735 -0.176943 1.105168 14.09165 -0.2062378 1.449002 14.05172 0.02248772 0.7021166 14.03366 0.1067673 1.093935 13.93477 0.1534826 1.422065 13.82802  SA_HookPunch_Far
-0.04884897 0.0220865 14.05049 -0.0860583 0.1121308 14.12474 -0.3354602 0.2622647 14.12929 -0.2289479 0.01653898 13.97638 0.01527871 0.1184788 14.03079 0.1144067 0.2992952 13.78669 -0.03550396 0.03029668 13.77022 -0.0421922 0.2556958 14.07996 -0.1273715 0.698899 14.14622 -0.1814748 1.104856 14.09287 -0.2165009 1.447821 14.05019 0.01793291 0.704655 14.03066 0.09909256 1.095582 13.92581 0.1502774 1.425471 13.82681  SA_HookPunch_Far
-0.05052636 0.05869615 14.03343 -0.04927621 0.1455569 14.12033 -0.2133589 0.3397837 14.28809 -0.2991524 0.1579074 14.05428 -0.008871121 0.1588598 13.98869 -0.08308373 0.3615298 13.7711 -0.17923 0.06989253 13.79953 -0.03598754 0.2920934 14.06656 -0.0927894 0.7313881 14.17536 -0.2216858 1.113639 14.08679 -0.2746162 1.455698 14.05732 -0.002915485 0.743405 14.01325 0.0439647 1.130188 13.87685 0.1497445 1.458552 13.82957  SA_HookPunch_Far
-0.05041383 0.06435704 14.03024 -0.04557041 0.1508936 14.11725 -0.1923449 0.3514284 14.2994 -0.3070281 0.1897502 14.06314 -0.0111482 0.1648822 13.98399 -0.09613322 0.3713634 13.77703 -0.1909144 0.07884586 13.80057 -0.03521333 0.2976964 14.06356 -0.08914892 0.7365862 14.17547 -0.2265654 1.115493 14.08535 -0.2792317 1.457824 14.05871 -0.00470273 0.7491924 14.01051 0.03845366 1.135549 13.87169 0.1511932 1.462258 13.82928  SA_HookPunch_Far
-0.04953758 0.07663131 14.02308 -0.03796993 0.1625938 14.10994 -0.1458167 0.3733019 14.31893 -0.3201775 0.264843 14.08884 -0.01490734 0.1777575 13.97439 -0.1169478 0.3921707 13.79135 -0.2129322 0.09932756 13.80294 -0.03324173 0.3098335 14.05666 -0.08204387 0.747993 14.17375 -0.2367191 1.119838 14.0822 -0.2875693 1.462894 14.06217 -0.007873757 0.7616457 14.004 0.02676834 1.147242 13.86076 0.1535755 1.469928 13.82849  SA_HookPunch_Far
-0.0482348 0.08592963 14.01756 -0.03238974 0.1715868 14.10411 -0.1092717 0.3882139 14.32868 -0.3235392 0.3271916 14.11543 -0.01664214 0.1873357 13.96758 -0.1264973 0.4073696 13.80271 -0.226801 0.1157558 13.80492 -0.03138302 0.319026 14.05118 -0.07725368 0.7567917 14.17091 -0.2449209 1.122926 14.07921 -0.2941646 1.466474 14.06425 -0.009618802 0.7709991 13.9985 0.01827891 1.156135 13.85257 0.1551181 1.475371 13.82784  SA_HookPunch_Far
-0.04665528 0.09154868 14.01406 -0.02893852 0.1771355 14.10051 -0.0880249 0.3957934 14.33312 -0.3238666 0.3669815 14.13651 -0.01645593 0.1929588 13.96365 -0.1276828 0.4164323 13.80843 -0.2324054 0.1263855 13.80518 -0.02978895 0.324581 14.0476 -0.07497524 0.7622446 14.16788 -0.249699 1.125241 14.07689 -0.2974205 1.46915 14.06577 -0.01005159 0.7765996 13.99444 0.01365973 1.161645 13.84754 0.1561002 1.478756 13.82756  SA_HookPunch_Far
-0.04524134 0.09687638 14.01066 -0.02571629 0.1824017 14.09698 -0.06696622 0.4024595 14.33597 -0.3191814 0.405399 14.15852 -0.01638774 0.198284 13.95987 -0.1284776 0.4247878 13.814 -0.2377637 0.1365275 13.80582 -0.02835594 0.3298459 14.04412 -0.07287805 0.7674143 14.16492 -0.2543751 1.127286 14.07477 -0.3004923 1.471511 14.06725 -0.01058243 0.781902 13.99053 0.00907083 1.166843 13.84275 0.1569376 1.481712 13.82724  SA_HookPunch_Far
-0.0428342 0.1021569 14.0072 -0.02230315 0.1877131 14.09354 -0.04720316 0.4085908 14.3375 -0.3128161 0.442095 14.18441 -0.01477365 0.2034255 13.95631 -0.1248149 0.4324342 13.81576 -0.239507 0.1463978 13.80421 -0.02630143 0.335061 14.0405 -0.07145225 0.7726451 14.16086 -0.2585883 1.129869 14.07172 -0.3027751 1.474414 14.06845 -0.01030551 0.7871126 13.98606 0.005453186 1.172041 13.83779 0.1579043 1.484914 13.82695  SA_HookPunch_Far
-0.04041104 0.1066768 14.00414 -0.01927487 0.1922929 14.09056 -0.03020678 0.4133592 14.33797 -0.3038983 0.4732399 14.20907 -0.01285069 0.207773 13.95324 -0.1200716 0.4387375 13.81596 -0.2397489 0.1548593 13.802 -0.02431904 0.339519 14.03727 -0.07048516 0.7771506 14.15691 -0.2621686 1.132187 14.0687 -0.3045209 1.476977 14.06938 -0.009826345 0.7915478 13.98194 0.002561646 1.176482 13.83336 0.1587375 1.487629 13.8267  SA_HookPunch_Far
-0.03410272 0.1154791 13.99805 -0.01305537 0.2012864 14.08494 0.00223078 0.4218284 14.33629 -0.2773521 0.5295391 14.26322 -0.006579084 0.2160579 13.94754 -0.1042952 0.4496022 13.80869 -0.2341553 0.1703659 13.79233 -0.01945911 0.3481549 14.03081 -0.06974702 0.7860181 14.14754 -0.2684633 1.137531 14.06079 -0.3066907 1.482665 14.07056 -0.007537944 0.8000476 13.97308 -0.001636488 1.184896 13.82388 0.1607548 1.492906 13.82648  SA_HookPunch_Far
-0.0302742 0.1195421 13.99512 -0.009950919 0.205471 14.0824 0.01697941 0.425182 14.33448 -0.2602461 0.5532799 14.29153 -0.002283378 0.2197859 13.94502 -0.09333597 0.4538146 13.80142 -0.228132 0.1769422 13.7848 -0.01662956 0.3521092 14.02769 -0.069966 0.7901366 14.14221 -0.2710955 1.140386 14.05592 -0.3072289 1.485563 14.0708 -0.005711241 0.8038887 13.96848 -0.002838774 1.188625 13.8189 0.1618611 1.495323 13.82652  SA_HookPunch_Far
-0.02596979 0.1233313 13.99243 -0.006915612 0.2093894 14.08016 0.030441 0.4277964 14.33224 -0.2408881 0.5738479 14.31971 0.002884345 0.2232156 13.94286 -0.08057891 0.4568126 13.7913 -0.2196285 0.1820188 13.77524 -0.01351873 0.3557756 14.02477 -0.07064556 0.7939876 14.13652 -0.2731523 1.143442 14.05022 -0.3071541 1.488563 14.07046 -0.003302855 0.8074086 13.96393 -0.003542883 1.191885 13.81366 0.162674 1.497586 13.82658  SA_HookPunch_Far
-0.02182303 0.126117 13.99069 -0.004597409 0.2122879 14.07882 0.03906335 0.4294144 14.33041 -0.2260395 0.5865576 14.34198 0.008309083 0.2256854 13.94174 -0.06754605 0.4575431 13.77904 -0.2091155 0.1839383 13.76479 -0.01060287 0.3584484 14.02277 -0.07181196 0.7968442 14.13144 -0.2738346 1.146422 14.04451 -0.3061472 1.491405 14.06934 -0.0004697274 0.8099226 13.96044 -0.003251536 1.193975 13.80912 0.1629726 1.499443 13.82663  SA_HookPunch_Far
-0.01704131 0.1290458 13.98867 -0.001974387 0.2153331 14.07724 0.04890694 0.4303317 14.32816 -0.2059861 0.5993786 14.36766 0.01455678 0.2282532 13.94051 -0.05164627 0.4575661 13.76527 -0.1962483 0.1854638 13.75281 -0.007261558 0.3612322 14.02044 -0.07314681 0.7998025 14.12543 -0.2747084 1.149472 14.0378 -0.305308 1.494171 14.06814 0.002822118 0.8125176 13.95641 -0.002914531 1.195983 13.80369 0.1631819 1.50117 13.82651  SA_HookPunch_Far
-0.01270757 0.1311682 13.98693 7.285369E-05 0.2175204 14.07583 0.05557366 0.4302661 14.32604 -0.1889707 0.608009 14.38698 0.02037062 0.2301366 13.93957 -0.03650801 0.4561716 13.75182 -0.1833633 0.1851817 13.7417 -0.004303439 0.3632332 14.01847 -0.0745707 0.8018636 14.12015 -0.2747566 1.152178 14.03194 -0.3039897 1.496523 14.06724 0.006047564 0.8143907 13.95328 -0.002419753 1.19722 13.79909 0.162689 1.502578 13.82635  SA_HookPunch_Far
0.1210911 0.03593719 13.79526 0.04836204 0.1256968 13.79778 -0.1869098 0.2131408 13.54961 -0.1243363 0.2198995 13.24771 0.1535978 0.1131755 13.8867 0.3012357 0.3159006 14.07263 0.3596296 0.1695744 13.80752 0.09366293 0.257001 13.87022 -0.01839475 0.6959285 13.91173 -0.1166938 1.084493 14.01137 -0.204868 1.404677 14.11326 0.1286277 0.685218 14.02474 0.18995 1.072295 13.89507 0.2280566 1.402928 13.79271  SA_HookPunch_Far
0.1233838 0.03676319 13.78987 0.04905983 0.1258445 13.79184 -0.1126057 0.2044555 13.49699 0.03631868 0.1993858 13.22698 0.1516264 0.1117339 13.88359 0.3059314 0.3040869 14.07257 0.3472755 0.1700077 13.79795 0.09329219 0.2561655 13.86668 -0.01619182 0.6958142 13.90836 -0.1130502 1.086159 14.0023 -0.2009126 1.407973 14.0992 0.129085 0.6834397 14.02344 0.1942192 1.071037 13.89723 0.2360983 1.401441 13.79561  SA_HookPunch_Far
0.126031 0.03824472 13.78481 0.05250021 0.1273596 13.78475 -0.06669097 0.2048135 13.4777 0.1286039 0.192168 13.23936 0.1510368 0.1123168 13.88068 0.3072742 0.2964782 14.07315 0.3410958 0.1647362 13.79637 0.09408028 0.2570922 13.86209 -0.01424758 0.6973124 13.90216 -0.1104451 1.087971 13.99547 -0.1979254 1.41029 14.09103 0.1268253 0.6832718 14.02217 0.1950061 1.070163 13.89541 0.2373472 1.401094 13.79571  SA_HookPunch_Far
0.1287868 0.04029787 13.77995 0.0564995 0.1295594 13.77774 -0.02700059 0.2073559 13.46702 0.2024829 0.1869144 13.26202 0.1507195 0.1137331 13.87779 0.3077326 0.2900445 14.07368 0.3356939 0.1595625 13.79566 0.09514619 0.2588013 13.85739 -0.0122296 0.6995609 13.89556 -0.1080063 1.090257 13.98914 -0.1951275 1.41286 14.08407 0.1241515 0.6839176 14.02068 0.1953898 1.069834 13.89263 0.2376163 1.401336 13.7948  SA_HookPunch_Far
0.1342077 0.04223049 13.77718 0.06418492 0.1317 13.7724 -0.006179018 0.2164167 13.46195 0.2323626 0.1846795 13.26909 0.1533264 0.1157334 13.87698 0.3055376 0.2904303 14.07634 0.3381822 0.1547009 13.80136 0.09875835 0.2608142 13.8541 -0.009738488 0.7016877 13.88788 -0.1065261 1.091451 13.98427 -0.1950251 1.413054 14.08129 0.1203343 0.6855523 14.01949 0.195517 1.069165 13.88686 0.2369795 1.400947 13.78965  SA_HookPunch_Far
0.1394739 0.04455924 13.7746 0.0717255 0.1341741 13.76752 0.01388349 0.2253823 13.45811 0.2591539 0.1822693 13.2762 0.1557672 0.1180788 13.87622 0.3032717 0.2911099 14.07877 0.340097 0.150484 13.80679 0.1022745 0.2631705 13.85099 -0.007129712 0.704156 13.88048 -0.1053738 1.092864 13.97963 -0.1955953 1.413364 14.07869 0.1165726 0.6875547 14.01805 0.1961025 1.068773 13.88111 0.2370806 1.400759 13.7844  SA_HookPunch_Far
0.1495717 0.04768384 13.7752 0.08379413 0.1368321 13.76512 0.0271013 0.2397733 13.45518 0.2633604 0.1851285 13.26464 0.1620837 0.1220026 13.8782 0.300341 0.2977923 14.0856 0.3515078 0.1513797 13.81904 0.1089361 0.2665336 13.8493 -0.00323741 0.7073035 13.86932 -0.105948 1.093692 13.9729 -0.2019116 1.411162 14.07624 0.1121268 0.6921015 14.0141 0.1983639 1.069494 13.87078 0.2367197 1.402583 13.77682  SA_HookPunch_Far
0.1566965 0.04999256 13.77669 0.091554 0.1386017 13.76481 0.03288372 0.2483341 13.4538 0.2615741 0.188612 13.25571 0.1667764 0.1249779 13.88011 0.2987811 0.3032341 14.09087 0.3607963 0.1554958 13.82737 0.1136408 0.2690042 13.84877 -0.0002149771 0.7095891 13.86215 -0.1072823 1.094105 13.96826 -0.2083854 1.409155 14.07406 0.1103308 0.6956658 14.01077 0.2010233 1.070506 13.86355 0.236923 1.404575 13.77213  SA_HookPunch_Far
0.1629112 0.05191064 13.77889 0.09760584 0.1398762 13.76565 0.03496226 0.2540811 13.45307 0.256727 0.192125 13.24792 0.1711213 0.1275853 13.88219 0.2979333 0.3084093 14.09596 0.3701811 0.1621305 13.83426 0.1177507 0.2710747 13.84885 0.002565639 0.7114776 13.8565 -0.1090788 1.094239 13.96422 -0.2153717 1.407015 14.07167 0.1100082 0.6989204 14.00749 0.2040822 1.071729 13.85727 0.2371608 1.406833 13.76862  SA_HookPunch_Far
0.1680381 0.05354476 13.78091 0.1022768 0.1409349 13.76673 0.0359018 0.2576977 13.45282 0.25398 0.1936696 13.24437 0.1749645 0.1297808 13.8839 0.2976999 0.3132824 14.09941 0.3778896 0.1686897 13.83909 0.1213587 0.2728291 13.84907 0.00517376 0.7130772 13.8525 -0.1109943 1.094255 13.96105 -0.2221277 1.405046 14.06937 0.1109916 0.7016636 14.00473 0.2072768 1.073151 13.85264 0.2377157 1.409225 13.76676  SA_HookPunch_Far
0.1757112 0.05557704 13.78421 0.1087138 0.1420295 13.76903 0.03617855 0.2605891 13.45326 0.2531631 0.1929615 13.2448 0.1812872 0.1325994 13.88642 0.2984817 0.3212144 14.10276 0.3890561 0.1793497 13.84435 0.1271871 0.275002 13.84976 0.009450929 0.7149804 13.84802 -0.1145351 1.093608 13.95685 -0.2334825 1.401379 14.06549 0.1147383 0.7053186 14.00074 0.2128405 1.075637 13.84697 0.2389645 1.413246 13.76582  SA_HookPunch_Far
0.179937 0.05616617 13.78588 0.1121211 0.1421049 13.77069 0.03654655 0.260904 13.45477 0.2566589 0.1901338 13.25069 0.1854027 0.1334765 13.8877 0.3003258 0.3259523 14.10184 0.393903 0.1828851 13.84517 0.1307984 0.2755634 13.85057 0.01162459 0.7152095 13.8474 -0.1168786 1.092555 13.95544 -0.2394906 1.399159 14.0633 0.1181724 0.7065871 13.99931 0.2152323 1.077211 13.84562 0.2394723 1.415368 13.76618  SA_HookPunch_Far
0.1848238 0.0559001 13.78796 0.1160624 0.1411995 13.77306 0.03665127 0.2603424 13.45769 0.260585 0.1843473 13.25973 0.19055 0.1335367 13.88937 0.3037558 0.3306959 14.0996 0.3991109 0.1851306 13.845 0.1351093 0.2752132 13.85191 0.01378192 0.7143049 13.84751 -0.1193723 1.090357 13.95442 -0.2448806 1.396234 14.06101 0.1223843 0.707082 13.99803 0.2168524 1.078615 13.84492 0.2393597 1.417167 13.76666  SA_HookPunch_Far
0.1872137 0.05562901 13.78906 0.1179934 0.14059 13.77451 0.03649469 0.2599398 13.45984 0.2623367 0.1801811 13.26556 0.1933212 0.1334245 13.89032 0.3062755 0.3330191 14.09777 0.4014181 0.1854702 13.84423 0.1373062 0.2748718 13.85284 0.01460357 0.7135819 13.84811 -0.1204685 1.089152 13.95431 -0.2465405 1.39511 14.05999 0.1245944 0.7071736 13.99765 0.2168902 1.079509 13.84517 0.2388318 1.418107 13.76695  SA_HookPunch_Far
0.1898359 0.05529666 13.79029 0.1201132 0.1398827 13.77614 0.03624387 0.2594947 13.4623 0.2640974 0.1755542 13.27218 0.1963919 0.1332791 13.89136 0.3091231 0.3354998 14.0957 0.4039476 0.1858222 13.8433 0.1397232 0.2744653 13.85388 0.01547738 0.7127414 13.84881 -0.1216586 1.087773 13.95426 -0.2482637 1.393854 14.05895 0.1270135 0.7072445 13.99724 0.2168497 1.080498 13.84554 0.2382142 1.419137 13.76734  SA_HookPunch_Far
0.1955062 0.05380428 13.79428 0.1245371 0.1374383 13.78161 0.03173282 0.2594484 13.47213 0.2630627 0.1620578 13.29294 0.2043657 0.1327462 13.8945 0.3208571 0.3402656 14.09041 0.4098414 0.1866766 13.83822 0.1452148 0.2729992 13.85735 0.0160919 0.7098574 13.85193 -0.1236059 1.084402 13.95574 -0.2470735 1.392891 14.05705 0.1324389 0.7070815 13.9967 0.2127005 1.084508 13.85003 0.2341598 1.42298 13.77114  SA_HookPunch_Far
0.1978199 0.0527488 13.79713 0.1259712 0.1358242 13.78544 0.02711387 0.2601887 13.47963 0.2599768 0.1546955 13.30714 0.2085089 0.1326067 13.89641 0.3296047 0.3424232 14.08795 0.4130424 0.1891108 13.83371 0.1474391 0.2721266 13.85961 0.01502188 0.7080312 13.85433 -0.1241978 1.082834 13.95784 -0.2440239 1.393333 14.05737 0.1346806 0.7069917 13.99639 0.2101603 1.086393 13.85231 0.2328198 1.42437 13.77164  SA_HookPunch_Far
0.1995673 0.05198205 13.79924 0.1270768 0.1346396 13.78831 0.02379359 0.2607185 13.48533 0.2574771 0.1490012 13.31794 0.2116048 0.1325282 13.8978 0.3360657 0.3440627 14.08595 0.4153014 0.190917 13.83027 0.1491075 0.271492 13.86129 0.01423647 0.7066695 13.85617 -0.1246437 1.081663 13.95945 -0.2418383 1.393641 14.05747 0.1363257 0.7069303 13.99615 0.2083382 1.087757 13.85406 0.2318233 1.425331 13.77196  SA_HookPunch_Far
0.2010593 0.05121863 13.80168 0.127656 0.1333488 13.79168 0.01994117 0.2620561 13.4925 0.2544817 0.1446894 13.33025 0.2146682 0.1326085 13.89923 0.343443 0.3460757 14.08342 0.4177308 0.1940693 13.82558 0.1503468 0.2708641 13.86321 0.01255287 0.7051765 13.8585 -0.1251334 1.080654 13.96162 -0.2390458 1.394326 14.05809 0.1375551 0.7069283 13.99588 0.2075319 1.088392 13.85448 0.231049 1.425902 13.77213  SA_HookPunch_Far
0.2040209 0.04974914 13.80677 0.1286478 0.1307168 13.79891 0.01244171 0.2655009 13.50852 0.2477777 0.1363375 13.35673 0.2208789 0.132935 13.90199 0.3586482 0.3505776 14.07717 0.4222084 0.201194 13.81497 0.1526379 0.2696278 13.86724 0.008651512 0.7020483 13.86379 -0.1261612 1.078719 13.96635 -0.2333137 1.395893 14.05905 0.1397289 0.7069613 13.9953 0.2063963 1.089351 13.85481 0.2296903 1.426914 13.77261  SA_HookPunch_Far
0.2051121 0.04909861 13.8088 0.1287828 0.1294862 13.80207 0.009622531 0.2685946 13.51669 0.2449377 0.1353685 13.36842 0.2234075 0.1330451 13.90292 0.364964 0.3528181 14.07344 0.4238602 0.2045981 13.80949 0.1533346 0.2690047 13.86895 0.006558554 0.7005505 13.86636 -0.1266156 1.077955 13.96837 -0.23086 1.396644 14.05917 0.1403904 0.7068668 13.99501 0.2059881 1.08972 13.85528 0.2289 1.427571 13.77417  SA_HookPunch_Far
0.2062376 0.04855156 13.8109 0.1289809 0.1283542 13.80531 0.00706871 0.2703727 13.52439 0.2425757 0.132887 13.38037 0.2259205 0.1332668 13.90388 0.3710915 0.3551852 14.0696 0.4252947 0.2080382 13.80405 0.1540426 0.2684808 13.87071 0.004493611 0.6991353 13.86899 -0.1271282 1.077269 13.97031 -0.2286294 1.397429 14.05902 0.140993 0.7068728 13.99473 0.2055805 1.090132 13.85565 0.2281652 1.428235 13.7755  SA_HookPunch_Far
0.20752 0.0479939 13.81341 0.1292077 0.1271023 13.80923 0.004251854 0.2718524 13.53342 0.2400316 0.1295078 13.39467 0.2288164 0.1336099 13.90501 0.3780297 0.3580611 14.06479 0.4266675 0.2120972 13.79752 0.1548363 0.267936 13.87287 0.002044814 0.6975199 13.87227 -0.1277532 1.076556 13.97257 -0.2262241 1.39839 14.05859 0.1416264 0.7069449 13.99446 0.2049945 1.09062 13.85596 0.2271834 1.42898 13.77679  SA_HookPunch_Far
0.2086656 0.0472976 13.81636 0.1291337 0.1255617 13.81418 0.000954764 0.2759758 13.54632 0.2361715 0.1284871 13.41206 0.2320522 0.133954 13.90623 0.3858915 0.3614452 14.05797 0.4276346 0.2169321 13.78875 0.1555253 0.2672124 13.87565 -0.001130207 0.6954761 13.87692 -0.128352 1.075843 13.97546 -0.2233666 1.399628 14.05798 0.1422846 0.7069348 13.9944 0.2038133 1.091067 13.85634 0.2252781 1.429686 13.77808  SA_HookPunch_Far
0.2101246 0.0461539 13.82228 0.1285201 0.1228315 13.82435 -0.00472842 0.2844182 13.57343 0.2276634 0.1258426 13.44711 0.2376749 0.1348418 13.90848 0.3997576 0.367774 14.04315 0.4273653 0.22603 13.77066 0.1563795 0.2660266 13.88144 -0.007439597 0.6917068 13.88712 -0.1292999 1.074952 13.98119 -0.2182993 1.402252 14.0562 0.1432583 0.7071025 13.99462 0.2016632 1.091931 13.85714 0.2219134 1.43108 13.78088  SA_HookPunch_Far
0.2103911 0.04559064 13.82626 0.127708 0.1213111 13.83134 -0.007759912 0.290205 13.59238 0.2215438 0.1238316 13.47053 0.2407001 0.1355871 13.90987 0.4074489 0.3715848 14.03255 0.4254416 0.2316202 13.75834 0.1565124 0.2654616 13.88549 -0.01158266 0.6894982 13.8946 -0.1297662 1.074796 13.98489 -0.2154277 1.404134 14.05469 0.1436404 0.7073895 13.99503 0.200384 1.092512 13.85768 0.2200056 1.432028 13.78291  SA_HookPunch_Far
0.2094357 0.04522431 13.8289 0.1261761 0.1204569 13.83599 -0.01074497 0.293857 13.60501 0.2164388 0.1235071 13.48469 0.2415524 0.1360093 13.91072 0.4115308 0.3735167 14.02539 0.4229215 0.2341248 13.75054 0.155744 0.2651607 13.88822 -0.01440923 0.6883656 13.89986 -0.1296274 1.075203 13.98736 -0.2128951 1.405848 14.0538 0.1436561 0.7076234 13.99549 0.1997976 1.092775 13.85798 0.2191407 1.432583 13.78446  SA_HookPunch_Far
0.2083776 0.04496288 13.83179 0.1245691 0.1196798 13.84109 -0.01334844 0.2975692 13.61873 0.2110595 0.122282 13.50031 0.2423735 0.1365913 13.91161 0.415516 0.3756698 14.01748 0.4197104 0.2368345 13.74214 0.1548959 0.264969 13.89121 -0.01736156 0.6872911 13.90566 -0.1295758 1.075727 13.98993 -0.2104932 1.407696 14.05256 0.143606 0.7079997 13.99601 0.1992238 1.093112 13.85817 0.2184077 1.433197 13.78591  SA_HookPunch_Far
0.2059921 0.04472542 13.83538 0.1215887 0.1189402 13.84747 -0.01707385 0.3026621 13.63659 0.2031598 0.1219121 13.51855 0.2422511 0.1373072 13.91259 0.419744 0.3780568 14.00724 0.4145316 0.2391288 13.73197 0.1530121 0.2648799 13.89496 -0.02096389 0.6864281 13.91319 -0.1299817 1.076607 13.9935 -0.2084231 1.410025 14.05141 0.1434388 0.7085848 13.99675 0.1989819 1.093441 13.85817 0.218208 1.433897 13.78769  SA_HookPunch_Far
0.203092 0.04475033 13.83893 0.1182126 0.1185647 13.85376 -0.02170865 0.3055931 13.65244 0.1949407 0.1195363 13.53603 0.241431 0.1381812 13.9135 0.4231203 0.3803338 13.99703 0.4086185 0.2407979 13.7224 0.1507342 0.2650796 13.89866 -0.02429478 0.6860886 13.92071 -0.1307067 1.077752 13.9972 -0.2071988 1.412387 14.05052 0.1431984 0.7094131 13.99754 0.1990464 1.093847 13.85792 0.2185262 1.434647 13.78919  SA_HookPunch_Far
0.2008379 0.04482627 13.84109 0.115741 0.1184804 13.85758 -0.02489321 0.3073788 13.66202 0.1895583 0.1184347 13.54619 0.2404025 0.1387171 13.91403 0.4247372 0.3815539 13.99081 0.404552 0.2414531 13.71682 0.1490029 0.2653008 13.90092 -0.02623246 0.6861383 13.92532 -0.1313088 1.078547 13.99981 -0.2068891 1.413759 14.05074 0.143013 0.7100081 13.99803 0.1991457 1.094113 13.85762 0.2187817 1.435157 13.79015  SA_HookPunch_Far
0.1968717 0.04503417 13.84429 0.1115481 0.1185594 13.86322 -0.03007148 0.31006 13.67609 0.18116 0.1173327 13.56057 0.2381885 0.1395242 13.9148 0.4265357 0.3831383 13.9816 0.3979543 0.2419465 13.70892 0.1459941 0.2657712 13.90424 -0.02897642 0.6865626 13.93213 -0.1323742 1.07988 14.00413 -0.2069172 1.415752 14.05217 0.1426804 0.7110178 13.99874 0.1993439 1.094546 13.85697 0.2192189 1.435989 13.79163  SA_HookPunch_Far
0.1938556 0.04533672 13.84679 0.1084164 0.1187699 13.86759 -0.03363143 0.3120778 13.68683 0.1749113 0.1162126 13.57171 0.2364368 0.1402664 13.9154 0.4275495 0.3844101 13.97448 0.3926475 0.24235 13.70299 0.1437056 0.2662693 13.90682 -0.03097473 0.6870439 13.93734 -0.1332441 1.081005 14.00742 -0.2071519 1.417328 14.05323 0.1423726 0.711919 13.99926 0.1994726 1.094949 13.85632 0.2196164 1.436664 13.7925  SA_HookPunch_Far
0.1857215 0.04606986 13.85256 0.1003541 0.1196786 13.87708 -0.04362182 0.3155164 13.70791 0.1613629 0.115563 13.59342 0.2309156 0.1417595 13.91712 0.4280901 0.3862616 13.9614 0.3809513 0.2430719 13.69237 0.1377161 0.2676252 13.91253 -0.03495912 0.6888845 13.94817 -0.1355145 1.083907 14.01466 -0.208906 1.420709 14.05769 0.1415327 0.7141565 14.00027 0.1996228 1.09607 13.85476 0.220503 1.438409 13.79463  SA_HookPunch_Far
0.1809445 0.04663467 13.85598 0.09571679 0.1204073 13.88249 -0.04933761 0.3172054 13.7192 0.154026 0.1154102 13.60506 0.2274777 0.1427135 13.91825 0.4277136 0.3872325 13.95472 0.3743692 0.2437152 13.68702 0.1341807 0.268567 13.91581 -0.03714268 0.6901688 13.95411 -0.1367997 1.085726 14.01875 -0.2098954 1.422756 14.06048 0.1408472 0.7155856 14.00075 0.1995011 1.096861 13.8538 0.2209926 1.439483 13.79553  SA_HookPunch_Far
0.09076299 0.04516792 13.92977 0.01208826 0.1247219 13.9776 -0.1643764 0.3145598 13.86314 0.03159269 0.1165483 13.73088 0.1482613 0.1433562 13.96189 0.3706481 0.3868043 13.92258 0.2806902 0.2306627 13.67232 0.06256332 0.272953 13.98214 -0.08063261 0.7026067 14.04057 -0.1551627 1.106767 14.08149 -0.2118031 1.449433 14.08822 0.1030207 0.7244165 14.02333 0.1488367 1.103764 13.86712 0.1869744 1.443579 13.8014  SA_HookPunch_Far
0.08582355 0.04472113 13.9344 0.00749548 0.1246977 13.98243 -0.169476 0.3152806 13.86911 0.02607443 0.1174887 13.7359 0.1436239 0.1428276 13.96577 0.364529 0.387175 13.92526 0.2766536 0.2289922 13.67554 0.05849065 0.272773 13.98616 -0.08317362 0.7029786 14.04397 -0.1568984 1.10762 14.08144 -0.2126143 1.450422 14.08898 0.1004408 0.7242873 14.02571 0.1456347 1.103904 13.86998 0.1842377 1.443211 13.80195  SA_HookPunch_Far
0.08052953 0.04422939 13.9394 0.002564387 0.1246678 13.98757 -0.1747829 0.316204 13.87542 0.0203491 0.1186262 13.74127 0.1386454 0.1422571 13.96997 0.3578257 0.3876363 13.92837 0.2723822 0.2274073 13.67911 0.0541047 0.2725734 13.99046 -0.08594339 0.7033656 14.04747 -0.1587852 1.108486 14.08133 -0.2134237 1.451435 14.08994 0.09763367 0.7241355 14.02825 0.1425264 1.103999 13.87303 0.1816754 1.44273 13.80249  SA_HookPunch_Far
0.07629569 0.04380441 13.94367 -0.0013815 0.1246299 13.99182 -0.1786769 0.3173122 13.88053 0.0161164 0.1198701 13.7457 0.1346727 0.1418022 13.97361 0.3523372 0.388124 13.93153 0.2690513 0.2267588 13.68228 0.05056276 0.2724053 13.99405 -0.08830814 0.7036588 14.05011 -0.1604767 1.109128 14.0811 -0.2142388 1.452194 14.09058 0.09525968 0.7240196 14.03036 0.1405068 1.103976 13.87548 0.1801921 1.442185 13.80276  SA_HookPunch_Far
0.07312234 0.04345775 13.94712 -0.004342301 0.1245892 13.99513 -0.1812659 0.3184878 13.88443 0.01327445 0.1211104 13.74914 0.1317058 0.1414653 13.9766 0.3481093 0.3886034 13.93453 0.266629 0.2268436 13.68494 0.0478765 0.2722744 13.99688 -0.09022014 0.7038669 14.05191 -0.1619013 1.109578 14.0808 -0.2149981 1.452728 14.09094 0.09336324 0.7239427 14.03202 0.1394286 1.103869 13.8773 0.1796574 1.441628 13.80281  SA_HookPunch_Far
0.07007916 0.043136 13.95043 -0.007181151 0.1245602 13.99831 -0.1837309 0.3196272 13.88816 0.01056506 0.1223085 13.75243 0.1288601 0.1411511 13.97947 0.3440516 0.3890634 13.93741 0.2642988 0.2269452 13.68749 0.04530038 0.2721571 13.99959 -0.09205388 0.704071 14.05364 -0.1632685 1.110003 14.08051 -0.2157173 1.453234 14.09128 0.09154393 0.7238733 14.03361 0.1383943 1.103768 13.87905 0.1791342 1.441086 13.80286  SA_HookPunch_Far
0.06484707 0.0425688 13.95653 -0.0120471 0.1245303 14.00393 -0.187126 0.3223178 13.89462 0.006620483 0.1250175 13.75808 0.1240389 0.1406113 13.98497 0.3372338 0.3899729 13.94387 0.2602728 0.2285637 13.69262 0.04089506 0.2719669 14.00453 -0.09534572 0.7044436 14.05619 -0.1659397 1.110696 14.07965 -0.2173393 1.45403 14.09204 0.08834584 0.7237808 14.03657 0.1372597 1.103396 13.88196 0.1790762 1.439865 13.80266  SA_HookPunch_Far
0.06080486 0.0421623 13.96138 -0.01579974 0.1245477 14.00832 -0.1894081 0.3246802 13.8996 0.00387563 0.1273576 13.76244 0.1203404 0.1402283 13.98941 0.3320163 0.3907377 13.94938 0.2571264 0.2303573 13.69684 0.03750213 0.2718558 14.00842 -0.09793107 0.7047626 14.05801 -0.1680991 1.111231 14.07886 -0.2186929 1.45463 14.09268 0.08585508 0.723745 14.03894 0.1366102 1.103061 13.88419 0.1793505 1.438822 13.80242  SA_HookPunch_Far
0.05640866 0.04176617 13.96691 -0.01990638 0.124676 14.01301 -0.1911453 0.3277931 13.90472 0.001966255 0.1307651 13.76689 0.1163845 0.1398159 13.99476 0.3270327 0.3915352 13.95729 0.2542984 0.233902 13.70241 0.03390201 0.2717997 14.01283 -0.1005803 0.7052578 14.05946 -0.170908 1.11183 14.07757 -0.221053 1.455196 14.09367 0.08339854 0.7237374 14.0418 0.1362513 1.102535 13.88649 0.1800639 1.437533 13.8022  SA_HookPunch_Far
0.05375334 0.04157627 13.97025 -0.0223863 0.1248043 14.01582 -0.1921035 0.3297446 13.90777 0.0009459425 0.1329193 13.76957 0.1140003 0.1396108 13.99803 0.3240615 0.3920503 13.96221 0.2526159 0.2362145 13.70586 0.03173729 0.271812 14.01549 -0.1021559 0.7056017 14.06029 -0.1726223 1.112219 14.07676 -0.2225175 1.455553 14.09427 0.08194001 0.7237719 14.04356 0.1360622 1.10224 13.88787 0.1805387 1.436768 13.80208  SA_HookPunch_Far
0.01087035 0.04627931 14.00303 -0.06269692 0.1342907 14.03811 -0.1994822 0.3564527 13.90933 0.009262042 0.1601915 13.79524 0.07546981 0.1411581 14.0379 0.2981206 0.3889266 14.04672 0.2566019 0.2602855 13.76953 -0.000613315 0.2780567 14.04231 -0.11541 0.71896 14.06304 -0.17663 1.127289 14.05332 -0.2177195 1.46981 14.09413 0.07010223 0.7276118 14.06649 0.1463377 1.09761 13.90008 0.2024194 1.427704 13.80447  SA_HookPunch_Far
