-0.0111063 0.04955614 3.42697 -0.07766221 0.1420635 3.464304 -0.213819 0.361618 3.330451 -0.03916393 0.1275629 3.231349 0.06062885 0.1387728 3.462886 0.341184 0.3130859 3.387032 0.2420103 0.1322926 3.157722 -0.005138857 0.2807903 3.470304 -0.08703481 0.728498 3.499688 -0.1502734 1.136115 3.520279 -0.1983908 1.474847 3.580439 0.09863754 0.7234629 3.501092 0.1763226 1.097103 3.343735 0.2331914 1.427564 3.249875  A_Kick_Close
-0.01181267 0.04691255 3.42954 -0.07725708 0.1395622 3.468297 -0.2236335 0.3594393 3.33956 -0.04039727 0.1351045 3.233702 0.06092658 0.1365325 3.462523 0.3428217 0.3086388 3.380651 0.2431846 0.1460825 3.138262 -0.004878325 0.2784649 3.471141 -0.08623104 0.7263422 3.500535 -0.1503573 1.13382 3.521144 -0.1985748 1.473296 3.576864 0.09941162 0.7212557 3.497005 0.1757098 1.096835 3.343636 0.2322141 1.42809 3.252393  A_Kick_Close
-0.01243911 0.04444849 3.432353 -0.07675485 0.1372458 3.472468 -0.2329207 0.3573301 3.349345 -0.04210828 0.1430924 3.236206 0.06118919 0.1344473 3.462426 0.34422 0.304291 3.374572 0.2446521 0.1603764 3.120645 -0.004616721 0.2763026 3.472226 -0.08543836 0.7243462 3.501608 -0.150424 1.131684 3.522285 -0.1987869 1.471821 3.573683 0.1000472 0.7191866 3.493241 0.1751338 1.095833 3.341904 0.2313916 1.427374 3.251552  A_Kick_Close
-0.01155869 0.04147661 3.433836 -0.07450186 0.1341977 3.476005 -0.2424518 0.3546063 3.3615 -0.04282735 0.1564895 3.23498 0.06295533 0.1319027 3.460593 0.3457357 0.3000489 3.364407 0.2460333 0.1793004 3.098732 -0.003007276 0.2735382 3.472328 -0.08340417 0.7217662 3.502497 -0.1481944 1.129113 3.523605 -0.1960149 1.470232 3.568601 0.1017168 0.7164505 3.488232 0.1746617 1.09487 3.340309 0.2300152 1.42715 3.25214  A_Kick_Close
-0.0007645916 0.02597106 3.435205 -0.0551406 0.1176258 3.488778 -0.2763254 0.3365422 3.436641 -0.06662767 0.2483813 3.228406 0.07610805 0.118368 3.445069 0.3501244 0.2796124 3.30399 0.2630977 0.290033 3.008318 0.01034983 0.2585545 3.469007 -0.06763755 0.707836 3.505855 -0.137176 1.114913 3.511095 -0.1869964 1.458167 3.530283 0.1123105 0.7010669 3.460309 0.1729893 1.088828 3.332392 0.2221212 1.424832 3.255352  A_Kick_Close
0.00430836 0.02110195 3.433764 -0.04663328 0.112271 3.491086 -0.2801883 0.3296202 3.46465 -0.08254974 0.28341 3.232463 0.08122964 0.1140254 3.43831 0.3504924 0.2731911 3.282994 0.2755612 0.3257188 2.988493 0.01620133 0.2537011 3.466794 -0.06050722 0.7033998 3.50649 -0.1390565 1.108675 3.493966 -0.1937852 1.451247 3.511943 0.1164907 0.6958755 3.450663 0.1729427 1.086741 3.330494 0.2193352 1.423899 3.256871  A_Kick_Close
0.009550946 0.01634181 3.431457 -0.0374941 0.1070559 3.492441 -0.2796847 0.3227642 3.49346 -0.1004799 0.3173827 3.242534 0.08630015 0.1096458 3.430752 0.3509353 0.2664618 3.262509 0.2934382 0.3587917 2.973937 0.02260001 0.2488925 3.463948 -0.05195324 0.6991509 3.506608 -0.143528 1.100491 3.473216 -0.2005791 1.442508 3.494269 0.1213645 0.6905125 3.440367 0.1729655 1.084739 3.329344 0.2154103 1.423082 3.258842  A_Kick_Close
0.01377531 0.01272941 3.429206 -0.0298479 0.103089 3.492994 -0.2765104 0.3171841 3.517245 -0.1156534 0.3445812 3.255555 0.09016438 0.1063002 3.424263 0.3507174 0.2609884 3.245856 0.3115208 0.381712 2.964797 0.02787967 0.2452241 3.461278 -0.04463319 0.6959712 3.506268 -0.1491456 1.092397 3.456283 -0.204823 1.434465 3.480013 0.1252012 0.6863265 3.43167 0.1734741 1.083118 3.32857 0.2127008 1.422386 3.260701  A_Kick_Close
0.01830878 0.007463574 3.425481 -0.01973359 0.09746552 3.493013 -0.2681833 0.3095505 3.550694 -0.1363368 0.3775256 3.280317 0.09417434 0.1010571 3.414595 0.3517791 0.2523408 3.2264 0.346492 0.4078058 2.960117 0.03494104 0.2397798 3.456984 -0.03311585 0.691433 3.505073 -0.1524635 1.08012 3.432596 -0.1932148 1.424024 3.459862 0.1307684 0.6798344 3.418418 0.1738724 1.080573 3.329233 0.2064614 1.421272 3.265123  A_Kick_Close
0.02118816 0.001961112 3.4217 -0.01026808 0.09179151 3.492619 -0.2557264 0.3016199 3.584531 -0.1561854 0.4064523 3.312117 0.09643634 0.09516883 3.404642 0.3542384 0.2416933 3.211131 0.3921507 0.4230946 2.964634 0.04156007 0.233999 3.452225 -0.0204442 0.6867822 3.502654 -0.150918 1.067749 3.410918 -0.1642264 1.413982 3.435812 0.1358368 0.6726677 3.403263 0.1741223 1.076848 3.328592 0.1995148 1.419177 3.270161  A_Kick_Close
0.02102371 -0.002948642 3.419857 -0.004209919 0.08709896 3.49298 -0.2443149 0.2952775 3.610374 -0.1723958 0.4230157 3.339048 0.09608848 0.08924377 3.397727 0.3601474 0.2293175 3.208288 0.4388528 0.4247316 2.983069 0.046173 0.2287017 3.448809 -0.009003801 0.6826782 3.499572 -0.138968 1.060378 3.394562 -0.1219115 1.406977 3.410422 0.1394261 0.6657929 3.389187 0.1723457 1.072101 3.324122 0.192733 1.415964 3.273221  A_Kick_Close
0.005125182 -0.01252317 3.426452 -0.006149096 0.08023715 3.500765 -0.2354146 0.2918717 3.64189 -0.2325735 0.4250975 3.36377 0.0837868 0.07299221 3.395902 0.3765744 0.1877484 3.255465 0.5262418 0.4021661 3.091975 0.04958167 0.2167743 3.447922 0.02070816 0.6745952 3.487323 -0.0760837 1.058782 3.370676 -0.02257196 1.401483 3.351533 0.148231 0.6464249 3.35524 0.1587828 1.052748 3.283174 0.1905807 1.398276 3.254064  A_Kick_Close
-0.01399199 -0.0140487 3.436994 -0.01762192 0.08132935 3.510033 -0.2435599 0.300666 3.644403 -0.2882768 0.405587 3.357872 0.06949486 0.06450665 3.403896 0.3759174 0.153546 3.306747 0.5511172 0.3706151 3.175254 0.04717167 0.2118037 3.452422 0.04330285 0.6715582 3.47731 -0.0274366 1.061028 3.359479 0.02185412 1.402496 3.318938 0.1577746 0.632596 3.336314 0.1485018 1.035447 3.246714 0.196989 1.379596 3.225301  A_Kick_Close
-0.0418009 -0.007299423 3.45089 -0.03837107 0.09080756 3.522023 -0.2614263 0.320418 3.639674 -0.3554884 0.3781954 3.351713 0.04817696 0.06213272 3.417983 0.3601668 0.1250223 3.361173 0.5499538 0.3411412 3.249917 0.04000314 0.2123429 3.461795 0.0732701 0.6717141 3.46792 0.01881691 1.063633 3.349561 0.05026932 1.404348 3.28958 0.176529 0.617901 3.323202 0.1334486 1.007154 3.192705 0.2088708 1.346767 3.177791  A_Kick_Close
-0.06658427 0.003282428 3.459537 -0.05807446 0.1029288 3.529441 -0.2770319 0.3398923 3.6382 -0.4030724 0.3663801 3.357986 0.02791007 0.06563056 3.427692 0.3417373 0.1091188 3.389807 0.5428963 0.317505 3.283908 0.03073712 0.2168125 3.468747 0.09666575 0.6729236 3.460767 0.04329856 1.065184 3.343045 0.06070538 1.405117 3.273648 0.193057 0.6068702 3.316381 0.1339919 0.9809974 3.152236 0.2397906 1.312703 3.147142  A_Kick_Close
-0.09209387 0.02241671 3.469477 -0.07763408 0.1234075 3.538088 -0.2905126 0.3688179 3.638058 -0.4504144 0.3628138 3.374424 0.007169979 0.07612658 3.439548 0.3221121 0.09742272 3.418265 0.5367456 0.2929696 3.314351 0.02319254 0.2271664 3.478014 0.1303257 0.6752737 3.453982 0.07090713 1.067477 3.339001 0.07028885 1.40641 3.262856 0.2186374 0.5945956 3.311878 0.1114545 0.9305004 3.097208 0.2309011 1.257524 3.091216  A_Kick_Close
-0.1145704 0.04309666 3.476468 -0.0954036 0.1444244 3.544724 -0.2980264 0.3982027 3.64888 -0.4725759 0.3830699 3.395087 -0.01261411 0.09074342 3.447762 0.3054189 0.09534085 3.42383 0.5310207 0.2744325 3.313673 0.0134541 0.2404724 3.485855 0.1562176 0.6783057 3.449327 0.08614536 1.069633 3.337402 0.07255383 1.407755 3.258899 0.2391498 0.5847763 3.311937 0.1049468 0.8788688 3.055222 0.2482649 1.196078 3.045933  A_Kick_Close
-0.1828313 0.1258339 3.495811 -0.1452786 0.2241031 3.565014 -0.2772212 0.5059481 3.720905 -0.4438205 0.5260848 3.462164 -0.07771437 0.1571788 3.464548 0.2416317 0.1146526 3.395202 0.4918854 0.2302482 3.256944 -0.02056925 0.2973868 3.504866 0.2262336 0.6825597 3.429302 0.1340109 1.07472 3.338307 0.07557465 1.407903 3.259263 0.2817387 0.5539132 3.307356 0.0941173 0.7069582 2.973022 0.3680628 0.90569 2.891124  A_Kick_Close
-0.2019286 0.1506797 3.504365 -0.1569579 0.2462732 3.573901 -0.2512284 0.5303771 3.756235 -0.3957277 0.5797243 3.488294 -0.09760277 0.1781801 3.469128 0.2163924 0.1248719 3.377877 0.470347 0.2214485 3.231985 -0.03108291 0.3140653 3.509866 0.2385531 0.6812582 3.422325 0.1472829 1.075186 3.338267 0.07558592 1.405925 3.259877 0.2827267 0.5465506 3.302308 0.1108753 0.6826059 2.952508 0.4211849 0.7907699 2.837372  A_Kick_Close
-0.2158036 0.1668302 3.513299 -0.1642811 0.2596753 3.582485 -0.2267777 0.5408484 3.784763 -0.352192 0.6131195 3.512448 -0.112645 0.1915733 3.473705 0.1949372 0.1306509 3.367636 0.4521426 0.2155946 3.22021 -0.03889839 0.3238401 3.513908 0.2430501 0.6796244 3.418127 0.1509501 1.073964 3.336959 0.0730014 1.403469 3.259341 0.2785122 0.542824 3.297588 0.1498869 0.6780086 2.92937 0.467818 0.7154119 2.792372  A_Kick_Close
-0.2289323 0.1855344 3.522774 -0.1705788 0.2751597 3.591256 -0.1983356 0.5496024 3.811802 -0.3023896 0.6408099 3.536191 -0.1273043 0.2075033 3.478619 0.1725614 0.1389557 3.357393 0.4326315 0.2111166 3.208193 -0.04608319 0.3356148 3.517861 0.2477794 0.6789968 3.412814 0.1547499 1.07381 3.335078 0.07029487 1.402057 3.258953 0.2739622 0.5403987 3.291956 0.1907874 0.6647254 2.907212 0.5008138 0.6268966 2.753262  A_Kick_Close
-0.2459123 0.2093092 3.539783 -0.1775906 0.2935655 3.605882 -0.1610015 0.554792 3.844257 -0.2482035 0.663711 3.56923 -0.146989 0.2273928 3.488316 0.1400531 0.146023 3.35246 0.4064821 0.2038687 3.208329 -0.05565522 0.3493387 3.524877 0.2499756 0.6790414 3.41045 0.1543403 1.073435 3.333755 0.06645031 1.400989 3.258537 0.2648279 0.5408015 3.287282 0.2544961 0.6332377 2.885097 0.5369622 0.547897 2.700225  A_Kick_Close
-0.2589093 0.2321371 3.554789 -0.1820567 0.3111023 3.617882 -0.1272925 0.5573067 3.866975 -0.2054112 0.6764297 3.593452 -0.1629978 0.2470084 3.496778 0.1111241 0.154265 3.348556 0.3822827 0.1986178 3.208519 -0.06312929 0.3630389 3.530134 0.2515295 0.680907 3.407575 0.1525814 1.074761 3.332323 0.06267102 1.402148 3.258784 0.2569263 0.5436165 3.28258 0.3072411 0.5915105 2.875667 0.5607124 0.4802986 2.664404  A_Kick_Close
-0.2682893 0.2512606 3.567159 -0.1846951 0.3254933 3.626988 -0.1014928 0.5585591 3.881042 -0.1810444 0.6843538 3.61094 -0.1752685 0.2635938 3.503632 0.08699395 0.1611006 3.346009 0.3615536 0.1952198 3.209784 -0.06877778 0.3745185 3.533711 0.2521542 0.6835455 3.405738 0.1495599 1.076678 3.331602 0.06022539 1.404614 3.25983 0.2508939 0.5476187 3.279152 0.3467165 0.5503393 2.877638 0.5765362 0.4371417 2.641805  A_Kick_Close
-0.2723582 0.2682739 3.579137 -0.1830695 0.3380891 3.635599 -0.07507817 0.5585442 3.89171 -0.1576197 0.6895061 3.624983 -0.1822598 0.2784507 3.510779 0.06853957 0.1675754 3.344518 0.3452568 0.1917717 3.210553 -0.07014225 0.3845907 3.537488 0.2560033 0.6855525 3.404377 0.1495827 1.077908 3.331532 0.06118705 1.406473 3.261497 0.2491109 0.5507921 3.276731 0.3628965 0.5153111 2.881512 0.5574567 0.4115095 2.612032  A_Kick_Close
-0.276624 0.2825795 3.588001 -0.183292 0.3489985 3.64155 -0.05843208 0.5616246 3.896546 -0.1484499 0.6954532 3.633688 -0.1887688 0.2908208 3.51616 0.0527884 0.1735802 3.34204 0.3295555 0.1917454 3.207228 -0.07252847 0.393152 3.539949 0.257468 0.6878445 3.403188 0.1470625 1.079188 3.330831 0.06155332 1.408753 3.261917 0.2476479 0.5533017 3.275503 0.3916857 0.4891114 2.894011 0.560628 0.4038259 2.601722  A_Kick_Close
-0.2802879 0.2999375 3.598068 -0.1823992 0.3621441 3.647911 -0.03771726 0.5645773 3.900635 -0.1364936 0.7022507 3.64296 -0.1953781 0.3060126 3.522141 0.03449692 0.181592 3.338899 0.3111658 0.191852 3.203055 -0.07447515 0.4036293 3.542212 0.2598163 0.6907398 3.400852 0.1445352 1.080825 3.329307 0.06243457 1.41152 3.261676 0.2464668 0.5564831 3.273186 0.421412 0.456116 2.913014 0.5561765 0.3946278 2.597886  A_Kick_Close
-0.2834306 0.3125769 3.602971 -0.1834501 0.372818 3.650874 -0.02964316 0.5757062 3.897386 -0.1355076 0.7096964 3.640584 -0.1994838 0.3161713 3.525689 0.02571275 0.1886157 3.33641 0.2997863 0.1975477 3.195313 -0.07600032 0.4109647 3.543449 0.2614506 0.6922837 3.398784 0.1421913 1.080954 3.326068 0.06265201 1.41221 3.258124 0.2480676 0.5561495 3.273126 0.4503519 0.4411885 2.932144 0.5709875 0.4127265 2.606744  A_Kick_Close
-0.2862118 0.3239611 3.606657 -0.1844817 0.3824456 3.652891 -0.02290635 0.5861022 3.893288 -0.1353205 0.7164504 3.637397 -0.2030774 0.3252243 3.528323 0.01804806 0.1950319 3.333695 0.2895022 0.2031335 3.187574 -0.0773773 0.4174275 3.544053 0.2628623 0.6934125 3.396402 0.1399378 1.080695 3.322401 0.06268163 1.412412 3.254069 0.2496259 0.5554068 3.272787 0.4757421 0.4280139 2.951779 0.5898896 0.4366335 2.622927  A_Kick_Close
-0.28855 0.3342417 3.608508 -0.1861877 0.392333 3.654088 -0.02182893 0.6041322 3.884564 -0.1395241 0.7242578 3.626058 -0.2050158 0.3325516 3.530763 0.01634826 0.2013516 3.332858 0.2833649 0.2115015 3.178899 -0.0779743 0.4231318 3.545083 0.2648496 0.694069 3.394773 0.1394706 1.080254 3.319172 0.06259383 1.411922 3.250178 0.2529534 0.5533023 3.274172 0.4784765 0.4364753 2.948758 0.5966912 0.4348742 2.621236  A_Kick_Close
-0.290751 0.3442489 3.608768 -0.1884671 0.402903 3.654351 -0.02432279 0.6278453 3.870795 -0.1468732 0.7322172 3.607745 -0.205961 0.3389932 3.532914 0.01838048 0.2077762 3.332936 0.2790119 0.2216519 3.168671 -0.07804815 0.4284962 3.546215 0.2674815 0.6941479 3.393406 0.1402086 1.079315 3.315802 0.06232776 1.410546 3.24584 0.2578237 0.5498611 3.276832 0.46296 0.4602215 2.930007 0.6011693 0.4236319 2.612506  A_Kick_Close
-0.2918243 0.3496314 3.605001 -0.1905963 0.4100765 3.651317 -0.0314676 0.6507834 3.85232 -0.1576863 0.7368307 3.584416 -0.2050975 0.341309 3.532161 0.02495869 0.2118464 3.332581 0.2775137 0.2347827 3.157097 -0.0773031 0.4310235 3.545172 0.2702175 0.693427 3.392005 0.1429179 1.078376 3.313367 0.06319202 1.409073 3.242961 0.2634303 0.5463285 3.278791 0.445473 0.4842248 2.913541 0.6169514 0.4298185 2.615409  A_Kick_Close
-0.2917385 0.3535997 3.59778 -0.1923883 0.4169388 3.645226 -0.04161416 0.6765416 3.825478 -0.171335 0.7389017 3.55273 -0.2024088 0.3420421 3.529349 0.03532513 0.2157496 3.331675 0.2758162 0.2505389 3.141785 -0.07530384 0.4327315 3.542354 0.2742033 0.6924269 3.390009 0.1476224 1.077489 3.310766 0.06501026 1.407403 3.240014 0.2712199 0.542384 3.280557 0.4208901 0.5123769 2.897018 0.6336253 0.445721 2.629532  A_Kick_Close
-0.2884787 0.3525462 3.579818 -0.1932473 0.4213774 3.629302 -0.06219844 0.7073924 3.77655 -0.198259 0.7328321 3.500964 -0.1949165 0.3376395 3.5192 0.05482097 0.2169995 3.327723 0.2656008 0.2758363 3.110434 -0.07012211 0.4313747 3.532964 0.2817129 0.6910238 3.387451 0.1574884 1.076784 3.307876 0.07100953 1.405563 3.236463 0.2860059 0.5380814 3.282134 0.3862291 0.5523374 2.881939 0.6586116 0.4824367 2.676587  A_Kick_Close
-0.2842478 0.3497981 3.567915 -0.1917285 0.42193 3.618461 -0.07319956 0.7202947 3.746068 -0.2131996 0.7248234 3.471319 -0.1883989 0.3336605 3.511996 0.0674677 0.2163146 3.324752 0.2548821 0.2862273 3.090034 -0.06525819 0.4294752 3.526324 0.2874522 0.6905127 3.386337 0.1643465 1.076632 3.306767 0.07583077 1.404784 3.234965 0.2963867 0.5364118 3.283019 0.3589343 0.5739751 2.876718 0.6577551 0.5129179 2.708713  A_Kick_Close
-0.2772292 0.340722 3.548594 -0.1889081 0.4171613 3.600771 -0.091502 0.7284198 3.706322 -0.2388361 0.7071221 3.436235 -0.1785147 0.3245099 3.498571 0.08511914 0.2112311 3.318322 0.2264562 0.2969209 3.057966 -0.05841957 0.4238955 3.514353 0.2941286 0.6908435 3.386594 0.172299 1.077266 3.306535 0.08337142 1.405219 3.234335 0.310852 0.5365306 3.284567 0.3237468 0.6004674 2.876953 0.6537769 0.5722864 2.769558  A_Kick_Close
-0.2716069 0.3319625 3.534624 -0.1864134 0.4111933 3.588023 -0.103945 0.728801 3.680827 -0.2558759 0.691108 3.415114 -0.1711132 0.3164843 3.488356 0.09741135 0.2068623 3.312448 0.1988467 0.3002483 3.036596 -0.05349223 0.4185749 3.50545 0.2975861 0.6916248 3.387504 0.1758495 1.077958 3.306869 0.08780296 1.406171 3.234774 0.3203847 0.5377184 3.286042 0.3000382 0.617811 2.881598 0.6422392 0.6330676 2.81904  A_Kick_Close
-0.2660094 0.3212082 3.521733 -0.1838233 0.4026926 3.576465 -0.1155199 0.7242993 3.661784 -0.2710135 0.6737491 3.4003 -0.1640733 0.3071941 3.478347 0.108617 0.2018726 3.305716 0.1668082 0.3017671 3.019815 -0.04910318 0.4119846 3.497062 0.2991434 0.6926774 3.3895 0.1769193 1.078653 3.307899 0.09134407 1.407646 3.236382 0.3281575 0.5397851 3.288091 0.2810391 0.633949 2.888947 0.6208839 0.7074339 2.870148  A_Kick_Close
-0.2572141 0.3007464 3.503368 -0.1798276 0.3852921 3.560308 -0.1311245 0.7106557 3.639651 -0.2873058 0.6446822 3.382041 -0.1533858 0.289881 3.46369 0.1253066 0.1935201 3.294756 0.1163357 0.2990228 3.005113 -0.04304556 0.3990244 3.485188 0.2978918 0.6938168 3.393293 0.1764088 1.079299 3.308321 0.09619869 1.409588 3.236564 0.3370598 0.5430582 3.292104 0.2662124 0.6682125 2.905167 0.5688376 0.8351119 2.947716  A_Kick_Close
-0.250012 0.2834973 3.490331 -0.1763071 0.3700086 3.549013 -0.1409102 0.6969072 3.627622 -0.2945948 0.6224771 3.370817 -0.1450139 0.2755177 3.452943 0.1378065 0.1873337 3.285937 0.08011557 0.2939638 3.002377 -0.03851024 0.3879564 3.47669 0.2949384 0.6944492 3.396177 0.175292 1.079743 3.307813 0.1003018 1.411135 3.235498 0.3419488 0.5457423 3.295291 0.262826 0.7006776 2.920941 0.5101872 0.9290511 3.009856  A_Kick_Close
-0.240725 0.259867 3.477084 -0.1715143 0.3484883 3.537804 -0.1490398 0.6762428 3.61977 -0.2934274 0.596643 3.359149 -0.1346496 0.2558901 3.441867 0.1527036 0.181519 3.27595 0.04756113 0.2894607 3.006881 -0.03325216 0.3724118 3.468147 0.2875141 0.6948621 3.400091 0.1733423 1.080917 3.30789 0.1047911 1.41341 3.234245 0.3445512 0.5497595 3.299128 0.2629332 0.7520807 2.948688 0.4535194 1.022478 3.057361  A_Kick_Close
-0.2252766 0.2267843 3.458983 -0.1625695 0.3180445 3.522427 -0.15658 0.6459716 3.611261 -0.2836319 0.5631376 3.342739 -0.1181162 0.2287859 3.426541 0.1744893 0.1768762 3.262101 0.01541038 0.2811652 3.019362 -0.02449684 0.3508937 3.456112 0.2748148 0.6958429 3.404421 0.1707636 1.083861 3.308559 0.1115772 1.417921 3.233893 0.345896 0.5572279 3.303254 0.2590366 0.8220606 2.99875 0.3782251 1.128576 3.113163  A_Kick_Close
-0.2131583 0.2033752 3.447434 -0.1552653 0.2963265 3.512703 -0.1598865 0.6236795 3.607728 -0.2713522 0.541746 3.332102 -0.1055506 0.2099143 3.416794 0.1898049 0.1767875 3.253838 0.004136698 0.2777267 3.029243 -0.01800112 0.3359424 3.448439 0.2632119 0.6968369 3.407461 0.1679275 1.086702 3.30999 0.1154519 1.421759 3.234775 0.3440934 0.5640268 3.305868 0.2568157 0.8656761 3.037924 0.3448351 1.188014 3.135897  A_Kick_Close
-0.2011059 0.1832608 3.437018 -0.1476602 0.277547 3.50388 -0.1619558 0.6038823 3.604438 -0.2591465 0.5234578 3.323024 -0.09328417 0.1939801 3.407979 0.2035009 0.178472 3.246464 -0.002763374 0.2738711 3.037997 -0.01148008 0.3233525 3.441449 0.2523173 0.6977767 3.409853 0.1656597 1.089422 3.311472 0.1196498 1.425388 3.236081 0.3417135 0.5707446 3.308006 0.2534235 0.8998116 3.074933 0.3143127 1.23287 3.15625  A_Kick_Close
-0.1865423 0.160164 3.426199 -0.1385059 0.255779 3.494872 -0.1643372 0.5801833 3.601984 -0.2442529 0.5023676 3.314468 -0.07872854 0.1760489 3.398919 0.218111 0.1830553 3.239035 -0.005858583 0.2722337 3.046709 -0.004182143 0.3091897 3.434496 0.2374736 0.6986432 3.413447 0.1623278 1.092199 3.313238 0.1245937 1.428926 3.236659 0.3364344 0.5791832 3.311283 0.2555923 0.9334061 3.115339 0.2951362 1.274721 3.171803  A_Kick_Close
-0.1653133 0.1325786 3.411787 -0.1245649 0.2294552 3.482779 -0.1662144 0.5502282 3.597605 -0.2248045 0.4755683 3.304176 -0.05789481 0.1553955 3.386823 0.236315 0.1923112 3.228983 -0.007324798 0.2695583 3.056424 0.006598072 0.2929207 3.425253 0.2178692 0.6997492 3.417643 0.1582525 1.095772 3.316714 0.1318282 1.433503 3.239818 0.3284667 0.5909826 3.315469 0.2566567 0.9697623 3.167913 0.267805 1.316859 3.193354  A_Kick_Close
-0.147131 0.1125233 3.400831 -0.1124422 0.209969 3.473664 -0.1676945 0.5267913 3.593611 -0.2107502 0.4535366 3.297153 -0.04037301 0.1411557 3.377705 0.2491778 0.2027133 3.221092 -0.006493492 0.2693056 3.062026 0.01546319 0.2817241 3.418598 0.201339 0.7005935 3.42144 0.1541398 1.098227 3.320275 0.1368602 1.43653 3.24329 0.3204711 0.6009528 3.319554 0.261446 0.9932677 3.205499 0.2556654 1.341423 3.20704  A_Kick_Close
-0.126416 0.09301746 3.387907 -0.09858607 0.1906532 3.462678 -0.1693763 0.5022902 3.586474 -0.1970958 0.4290378 3.28819 -0.02073537 0.1281866 3.366895 0.2612319 0.2164947 3.211396 -0.005271656 0.2682421 3.0651 0.02509155 0.2714936 3.410625 0.1825788 0.7014584 3.424513 0.1481283 1.100595 3.324125 0.1406568 1.439458 3.248034 0.3102461 0.6121275 3.323406 0.2699327 1.015837 3.24727 0.2533205 1.363344 3.232747  A_Kick_Close
-0.1013266 0.0758338 3.376233 -0.08102976 0.1731316 3.452944 -0.1691043 0.4782403 3.578341 -0.1825471 0.4024925 3.279696 0.002762156 0.118163 3.357578 0.2736867 0.2343725 3.20276 -0.001110895 0.2677779 3.066838 0.03732796 0.2636039 3.404499 0.164372 0.7029703 3.429534 0.1418864 1.103248 3.330302 0.1441849 1.442523 3.255732 0.3001375 0.6247389 3.329789 0.2702671 1.032856 3.275458 0.2415901 1.378154 3.240899  A_Kick_Close
-0.07601725 0.06232405 3.364537 -0.0632007 0.1587573 3.443028 -0.1707228 0.4559954 3.567862 -0.1704458 0.3769006 3.269783 0.02608557 0.1115899 3.348474 0.2837618 0.2535805 3.194354 0.003945308 0.2660565 3.065313 0.04941209 0.2581886 3.398615 0.1479804 0.7042098 3.433933 0.1284431 1.104685 3.334872 0.1417053 1.445581 3.26939 0.2905378 0.6363193 3.336107 0.267323 1.04626 3.293527 0.2341891 1.390086 3.249554  A_Kick_Close
-0.05272583 0.05245376 3.353938 -0.04674928 0.147652 3.433903 -0.1712047 0.4370273 3.55591 -0.1592767 0.3534845 3.259285 0.04718073 0.1079295 3.340434 0.2908471 0.2718302 3.186961 0.009159165 0.2635671 3.061709 0.06015607 0.2547871 3.393479 0.1337661 0.7050179 3.4376 0.1110568 1.105006 3.337259 0.1355248 1.447479 3.28446 0.2817002 0.6461372 3.341944 0.263359 1.056769 3.303889 0.2321777 1.400609 3.258608  A_Kick_Close
-0.02171032 0.04309082 3.339787 -0.02523897 0.1359823 3.421522 -0.173246 0.4130886 3.535172 -0.1445368 0.3221848 3.24188 0.07471181 0.1065884 3.330511 0.2975831 0.2969096 3.178401 0.01790776 0.2579005 3.054448 0.07365842 0.2525793 3.387387 0.1165429 0.7059512 3.442996 0.08516474 1.105353 3.342657 0.1209036 1.449238 3.308897 0.2707572 0.6579866 3.351242 0.2560433 1.068335 3.308797 0.2317221 1.41314 3.266775  A_Kick_Close
-0.002318067 0.03900373 3.331238 -0.01181076 0.1300924 3.41388 -0.1740379 0.3985682 3.520616 -0.1341598 0.3030573 3.230107 0.09158047 0.1073041 3.32484 0.300368 0.3122993 3.173658 0.0244198 0.2533861 3.049214 0.0817581 0.2521011 3.383888 0.1062136 0.7062799 3.446304 0.06822939 1.105202 3.34634 0.1098007 1.449428 3.325033 0.2639178 0.6648016 3.357363 0.2511576 1.074602 3.309359 0.2323033 1.4202 3.271219  A_Kick_Close
0.01921089 0.03702414 3.320544 0.001687007 0.1255835 3.403969 -0.1787076 0.3821547 3.496113 -0.1213111 0.2800732 3.210819 0.109888 0.1105775 3.319088 0.3024466 0.330822 3.170725 0.0353954 0.2457056 3.042105 0.08928199 0.2532983 3.380371 0.09459241 0.7074028 3.451241 0.04501452 1.106549 3.357437 0.0819173 1.451945 3.353696 0.2565952 0.6722282 3.367459 0.2450327 1.079617 3.301855 0.2340402 1.425969 3.267689  A_Kick_Close
0.03578516 0.03689325 3.312504 0.0116231 0.1232291 3.396146 -0.1822762 0.3694957 3.473736 -0.1088909 0.2623119 3.194033 0.1236804 0.1142054 3.315529 0.3038507 0.3446524 3.169998 0.04683854 0.238718 3.03648 0.09449716 0.2549181 3.377961 0.08513559 0.7083881 3.454913 0.02569331 1.10801 3.369217 0.05191334 1.454246 3.379554 0.2505343 0.6778306 3.376102 0.2411781 1.082718 3.296215 0.2360218 1.429491 3.265079  A_Kick_Close
0.04667755 0.03792369 3.307105 0.01722147 0.122648 3.390474 -0.186265 0.3609461 3.453429 -0.09829442 0.2496016 3.179621 0.1325631 0.1174155 3.314276 0.3056817 0.3537203 3.172148 0.05868204 0.232785 3.032612 0.09718998 0.2566587 3.376801 0.07803805 0.7094783 3.457346 0.01073088 1.11027 3.383793 0.01805945 1.457056 3.402763 0.2461639 0.6816838 3.383436 0.2393986 1.084694 3.294328 0.2376334 1.431582 3.264101  A_Kick_Close
0.05628522 0.03932393 3.303096 0.02197077 0.1225618 3.385919 -0.1891197 0.3534507 3.433947 -0.08694999 0.238041 3.166833 0.1402595 0.1205436 3.314218 0.307833 0.3612682 3.175299 0.07120396 0.2272648 3.029854 0.09934129 0.25844 3.376345 0.07111306 0.7105443 3.459371 -0.0029826 1.112438 3.399657 -0.01561753 1.458749 3.423805 0.2416774 0.6852675 3.390302 0.2379362 1.086471 3.293219 0.2390804 1.433405 3.263497  A_Kick_Close
0.06305684 0.04098463 3.301485 0.02450146 0.1231368 3.383426 -0.1922188 0.3478903 3.415398 -0.07562654 0.2277055 3.15642 0.1455683 0.1230935 3.316493 0.3112756 0.3661667 3.181214 0.08488704 0.2222353 3.029108 0.1002445 0.2601331 3.377446 0.06423648 0.7116601 3.460871 -0.01368837 1.115305 3.42121 -0.04857944 1.460234 3.443139 0.2370048 0.6884983 3.396714 0.2362967 1.088219 3.293632 0.2393933 1.435041 3.262759  A_Kick_Close
0.06975587 0.04296613 3.300508 0.02694579 0.1239884 3.381351 -0.1940738 0.342417 3.396479 -0.0629103 0.2173889 3.146936 0.1506503 0.1258824 3.319457 0.314884 0.370975 3.187829 0.09949096 0.2174608 3.029261 0.1009424 0.2620444 3.378942 0.0569454 0.7129131 3.462269 -0.02535526 1.117219 3.443893 -0.07825063 1.460203 3.459333 0.2318068 0.6919401 3.403234 0.2345994 1.090088 3.294266 0.2398014 1.436783 3.262271  A_Kick_Close
0.07399233 0.04471374 3.30132 0.02782799 0.1249317 3.380983 -0.1956983 0.3385524 3.380463 -0.05123232 0.208418 3.141084 0.1537193 0.1278991 3.323713 0.3196469 0.3734978 3.195759 0.1136933 0.2138584 3.030827 0.1007061 0.2636019 3.381365 0.04977014 0.7139465 3.463111 -0.03315191 1.118508 3.468439 -0.09418796 1.460471 3.471579 0.2263242 0.6949909 3.408606 0.2321685 1.091798 3.294968 0.2391167 1.438312 3.261395  A_Kick_Close
0.07926042 0.04753315 3.30314 0.02836068 0.1265309 3.380871 -0.1966253 0.3331656 3.357569 -0.03379301 0.1958028 3.134579 0.1571116 0.1310539 3.330472 0.3262171 0.3770545 3.208046 0.1342325 0.2094336 3.03441 0.09943844 0.2660657 3.385199 0.03861066 0.715581 3.464105 -0.04582034 1.118037 3.50252 -0.09948026 1.460937 3.487904 0.2173575 0.6995035 3.416224 0.2281008 1.09425 3.295959 0.2378805 1.440476 3.260188  A_Kick_Close
0.08216949 0.05044699 3.306201 0.02671756 0.1281161 3.381609 -0.1967537 0.3282712 3.334497 -0.01601986 0.1830137 3.131167 0.1580727 0.1341547 3.338636 0.3340144 0.379238 3.222879 0.1560327 0.206537 3.039573 0.09575941 0.2684969 3.389809 0.02508314 0.7171966 3.464737 -0.05720554 1.116223 3.532418 -0.07404016 1.462625 3.512503 0.2057509 0.7038561 3.423716 0.2221337 1.096139 3.296245 0.2355063 1.441968 3.257882  A_Kick_Close
0.08388354 0.05233192 3.308794 0.02556981 0.1290698 3.382421 -0.1949178 0.3256936 3.320372 -0.003919585 0.1753284 3.130589 0.1584118 0.1362751 3.344495 0.3406748 0.3798552 3.233387 0.1712642 0.2056379 3.043511 0.09296454 0.2700837 3.393088 0.01620181 0.7182451 3.46532 -0.06569706 1.115676 3.542235 -0.07018684 1.462724 3.527704 0.1979709 0.7064826 3.428944 0.2182465 1.097023 3.296767 0.2341073 1.442475 3.256039  A_Kick_Close
0.08529754 0.05383873 3.311271 0.02471067 0.1297795 3.38332 -0.1923829 0.3237574 3.309442 0.006221907 0.169288 3.131108 0.1586254 0.1380146 3.349611 0.3467446 0.3799943 3.242647 0.1842227 0.2052196 3.047339 0.09060796 0.2713372 3.395959 0.009019213 0.7190452 3.465911 -0.07281892 1.115738 3.546609 -0.07493262 1.462984 3.537148 0.1915941 0.7084954 3.433404 0.2152112 1.097544 3.297439 0.2332332 1.44263 3.25456  A_Kick_Close
0.0862769 0.05520201 3.314445 0.02355929 0.1304507 3.384706 -0.1889307 0.3228561 3.300262 0.01573266 0.1643554 3.132638 0.1583964 0.1397343 3.35521 0.3531601 0.379477 3.252342 0.1971295 0.2050941 3.05147 0.08786537 0.272567 3.399144 0.002003388 0.7198899 3.466793 -0.07956366 1.116702 3.547177 -0.08841084 1.463921 3.541328 0.1852967 0.7103045 3.438276 0.2124199 1.097915 3.298901 0.2326886 1.44255 3.253467  A_Kick_Close
0.08685894 0.05634987 3.317577 0.02235629 0.1310356 3.386142 -0.1853835 0.3225793 3.293124 0.02372916 0.1605748 3.134587 0.1578868 0.1412588 3.360369 0.3588812 0.378667 3.261267 0.2085046 0.2050853 3.05545 0.08519562 0.2736489 3.402061 -0.004145784 0.7206614 3.467649 -0.08524959 1.118029 3.545724 -0.1038174 1.464905 3.543216 0.1797062 0.711805 3.442718 0.2100493 1.098171 3.300577 0.2323906 1.44235 3.252724  A_Kick_Close
0.08565177 0.05765641 3.323172 0.0188594 0.1320562 3.388899 -0.1808956 0.3240811 3.285632 0.03220685 0.1566123 3.138495 0.1552031 0.1432199 3.368331 0.3653938 0.3765769 3.274442 0.2232357 0.2038007 3.062206 0.07993843 0.2752366 3.406492 -0.01336078 0.7219111 3.468925 -0.09226452 1.119979 3.545677 -0.1175893 1.466429 3.547899 0.1711675 0.7138849 3.449266 0.2063763 1.098853 3.304477 0.2318079 1.442292 3.252997  A_Kick_Close
0.08435507 0.05841219 3.326997 0.01627584 0.1327726 3.390872 -0.1782111 0.3255166 3.282042 0.03655614 0.1546279 3.141401 0.1530174 0.1444055 3.373446 0.3688357 0.375054 3.282867 0.2318133 0.2026265 3.067001 0.07636817 0.2762589 3.409348 -0.01904468 0.7227519 3.46979 -0.09623401 1.121189 3.546371 -0.1238277 1.467435 3.551455 0.1658203 0.715179 3.453384 0.2039859 1.09912 3.306633 0.2313002 1.441971 3.252269  A_Kick_Close
0.07947172 0.05880082 3.334055 0.01016529 0.1339837 3.395194 -0.1766196 0.3293318 3.280863 0.0374095 0.1522715 3.14689 0.1473509 0.1452745 3.381414 0.3700479 0.3719319 3.294396 0.2397899 0.1976955 3.075812 0.0699717 0.2775285 3.414136 -0.02662019 0.7239528 3.471672 -0.1019219 1.123124 3.546282 -0.1333065 1.468956 3.555727 0.1585754 0.7168276 3.459288 0.2008279 1.099617 3.31066 0.2307585 1.441576 3.25221  A_Kick_Close
0.07435365 0.05900025 3.340744 0.004147904 0.1351167 3.399406 -0.1755977 0.3329083 3.280718 0.03680767 0.1499424 3.152207 0.1416513 0.1458516 3.38869 0.3700446 0.3688807 3.304713 0.2456762 0.1919609 3.084857 0.0639971 0.2786121 3.418588 -0.03316246 0.7250173 3.473509 -0.1069919 1.125027 3.545039 -0.1424087 1.470295 3.5595 0.1522438 0.7182457 3.464555 0.1982745 1.099942 3.314246 0.2306565 1.44103 3.25213  A_Kick_Close
0.06363411 0.058869 3.352975 -0.007532163 0.1371464 3.407469 -0.1753675 0.3393258 3.282848 0.03164192 0.1453153 3.161957 0.1303691 0.1461767 3.401228 0.3669315 0.3631207 3.321365 0.2514549 0.1786164 3.102898 0.05331745 0.2802339 3.426548 -0.04335121 0.7267383 3.477146 -0.1152215 1.128677 3.539233 -0.1585552 1.472356 3.565327 0.1422478 0.7203974 3.47336 0.1948815 1.100018 3.319993 0.231575 1.439463 3.251592  A_Kick_Close
0.05376323 0.05852294 3.363233 -0.01781235 0.1388478 3.414317 -0.1758613 0.3443822 3.285538 0.02504285 0.1408811 3.170072 0.1203026 0.1461041 3.41134 0.3627957 0.3579779 3.334281 0.2534932 0.1659697 3.11913 0.04435076 0.2814128 3.433071 -0.05114607 0.7280279 3.480322 -0.1214899 1.131428 3.534129 -0.1691229 1.473649 3.570042 0.1345011 0.7219718 3.480413 0.1926249 1.099754 3.32451 0.2328875 1.437715 3.250965  A_Kick_Close
0.04600664 0.05817342 3.370922 -0.02567892 0.1400706 3.419505 -0.1766683 0.3479233 3.288081 0.01916619 0.1375909 3.176202 0.1125314 0.1459477 3.418719 0.3592518 0.3538949 3.343375 0.2537165 0.1564343 3.131299 0.03758277 0.2822026 3.437869 -0.05680941 0.7288997 3.482696 -0.1258552 1.133226 3.530945 -0.1752647 1.474439 3.573438 0.1288244 0.7230459 3.485408 0.1908875 1.099454 3.327711 0.2337912 1.436248 3.250398  A_Kick_Close
0.03541996 0.0576607 3.381045 -0.03619872 0.1416482 3.426381 -0.1781363 0.352321 3.291945 0.01048906 0.1333675 3.1843 0.102068 0.1456633 3.428243 0.3541504 0.3482816 3.354829 0.2526471 0.1438849 3.147408 0.0286264 0.2831559 3.444101 -0.06409179 0.7299486 3.485821 -0.1312833 1.135331 3.527352 -0.1817292 1.475319 3.577727 0.1214763 0.7243544 3.491713 0.1885634 1.098949 3.331769 0.2349339 1.434127 3.249591  A_Kick_Close
0.02582009 0.0569067 3.389893 -0.04541216 0.1427376 3.43267 -0.1808546 0.3556298 3.296454 0.001672106 0.1301774 3.191751 0.09286202 0.1450977 3.436123 0.3497604 0.3427968 3.363742 0.2502877 0.1344562 3.159282 0.02093329 0.2836562 3.449433 -0.06998502 0.7305527 3.488646 -0.1354901 1.13671 3.524982 -0.1858882 1.475844 3.580854 0.115518 0.7251401 3.496448 0.1862718 1.098461 3.335112 0.235392 1.432297 3.249156  A_Kick_Close
-0.001453323 0.05315328 3.415594 -0.07020633 0.143908 3.452966 -0.1973746 0.3620098 3.315424 -0.02639679 0.1251366 3.216605 0.0680678 0.1418936 3.456637 0.3405155 0.3243083 3.385159 0.2425775 0.1214634 3.174526 0.0006857683 0.2831299 3.46447 -0.08420347 0.7304543 3.496668 -0.1459071 1.13814 3.520331 -0.1941182 1.476123 3.584493 0.1013096 0.7254198 3.504483 0.1791563 1.097281 3.343043 0.2347748 1.428009 3.249376  A_Kick_Close
-0.005870862 0.05181944 3.420433 -0.07380079 0.1433603 3.457543 -0.2034565 0.3621616 3.321032 -0.03184209 0.12563 3.222499 0.06449623 0.1407338 3.459611 0.3400862 0.3201586 3.386991 0.2419465 0.124529 3.16973 -0.00214587 0.2823416 3.467059 -0.08577733 0.7298099 3.498016 -0.1477084 1.137551 3.520078 -0.1956761 1.475748 3.583291 0.09981085 0.7247952 3.503796 0.1778881 1.097173 3.343664 0.2341913 1.42767 3.249593  A_Kick_Close
-0.01042853 0.04984665 3.426114 -0.07716344 0.1422286 3.463422 -0.2124785 0.3616837 3.329205 -0.03821556 0.1272969 3.230196 0.06113364 0.1390266 3.462458 0.3410532 0.31402 3.387028 0.2419502 0.1312692 3.159245 -0.004747732 0.2809911 3.469882 -0.08686833 0.7286686 3.499474 -0.1499352 1.136303 3.520251 -0.1980283 1.474968 3.580805 0.09879895 0.7236382 3.501448 0.1765217 1.097119 3.34373 0.2333107 1.427586 3.249845  A_Kick_Close
