-0.01850484 0.005456328 13.35568 -0.08292036 0.1042558 13.37737 -0.2793468 0.3693726 13.40356 -0.317504 0.6671394 13.33295 0.05503317 0.09605467 13.3836 0.2777403 0.3389771 13.42006 0.3422118 0.6357967 13.36671 -0.005158944 0.2400132 13.36938 -0.09446166 0.6838545 13.33247 -0.07594524 1.096434 13.32926 -0.05476902 1.442298 13.35382 0.0912409 0.6858543 13.33594 0.1304121 1.088112 13.25193 0.1618557 1.434859 13.24689  O_Gathering_Far
-0.02489053 0.006777644 13.35418 -0.08890961 0.1051174 13.37831 -0.2860674 0.370028 13.40767 -0.3199396 0.6661816 13.32859 0.04906686 0.0964843 13.38334 0.2735726 0.3378001 13.42076 0.3356801 0.6341931 13.36247 -0.01080398 0.2406499 13.36988 -0.09989558 0.6845018 13.33384 -0.07842408 1.096911 13.32817 -0.05482576 1.442527 13.35399 0.08582659 0.6865043 13.33603 0.1289851 1.079233 13.21643 0.154315 1.425691 13.24037  O_Gathering_Far
-0.04367213 0.01029599 13.35011 -0.1065 0.1072891 13.38032 -0.3053479 0.3716384 13.41779 -0.3315191 0.663992 13.32317 0.03147354 0.09746969 13.38236 0.2600991 0.3346628 13.42231 0.3165968 0.6296368 13.35229 -0.02743904 0.242198 13.37085 -0.1158494 0.6860721 13.33696 -0.08604638 1.097812 13.32446 -0.05541007 1.442607 13.35365 0.0698836 0.6880881 13.33611 0.121102 1.064683 13.175 0.1431412 1.406549 13.23736  O_Gathering_Far
-0.08118533 0.01634383 13.34462 -0.141666 0.1110936 13.38329 -0.3428518 0.3744673 13.43341 -0.368236 0.6659742 13.33601 -0.003869398 0.09906924 13.3811 0.2300674 0.3296263 13.42391 0.2795078 0.6221141 13.33958 -0.06075494 0.2448201 13.37273 -0.1474777 0.6887434 13.34202 -0.1010421 1.098679 13.32275 -0.0567799 1.441835 13.35372 0.03819938 0.6907539 13.33738 0.09968765 1.057536 13.15823 0.1270677 1.389521 13.25964  O_Gathering_Far
-0.1192273 0.03035462 13.34709 -0.1796234 0.1230806 13.38916 -0.3807184 0.3871262 13.44029 -0.4104376 0.6789455 13.34508 -0.0420153 0.1089727 13.39064 0.1947244 0.3335812 13.43622 0.2442804 0.6255487 13.35018 -0.09645419 0.2556665 13.38248 -0.1798377 0.6996323 13.35066 -0.1173085 1.103845 13.29342 -0.05403731 1.44081 13.34933 0.005885439 0.7016811 13.35272 0.08201416 1.080068 13.20633 0.1175742 1.391696 13.35756  O_Gathering_Far
-0.1337383 0.04276085 13.35207 -0.196136 0.1343607 13.393 -0.3950914 0.3999816 13.43705 -0.4252688 0.6901559 13.33707 -0.05889885 0.1194813 13.40205 0.1789581 0.3406633 13.45333 0.2303934 0.6329548 13.36952 -0.112035 0.2665209 13.39178 -0.1929043 0.710375 13.35626 -0.1239322 1.108797 13.27213 -0.0495557 1.439749 13.34705 -0.007615907 0.7127078 13.36908 0.07557715 1.09745 13.24476 0.1126511 1.393504 13.42427  O_Gathering_Far
-0.1492749 0.06604564 13.36377 -0.2151523 0.1559259 13.40202 -0.4088987 0.424703 13.43368 -0.4372692 0.7104283 13.32114 -0.07933997 0.140184 13.42311 0.1598971 0.3552438 13.48263 0.2151246 0.6479266 13.40269 -0.1306454 0.2876133 13.40963 -0.2077464 0.7312164 13.36864 -0.1317428 1.117482 13.24375 -0.04363559 1.438099 13.34433 -0.02441124 0.7341588 13.39832 0.06727107 1.126036 13.3065 0.1038824 1.398314 13.52045  O_Gathering_Far
-0.1551335 0.1494645 13.40154 -0.2294025 0.2341775 13.43396 -0.412834 0.5075676 13.44901 -0.4218628 0.7650225 13.27947 -0.0993806 0.2183534 13.47847 0.1414786 0.4147118 13.54851 0.2084679 0.7077355 13.47956 -0.1493531 0.3659185 13.46183 -0.2233938 0.8090937 13.41909 -0.1461581 1.142933 13.18853 -0.03314791 1.434032 13.34072 -0.04824106 0.8139188 13.48073 0.04628958 1.207541 13.39993 0.0609525 1.424594 13.67181  O_Gathering_Far
-0.1479902 0.196545 13.40791 -0.2243315 0.2783617 13.44248 -0.4057347 0.5541356 13.45551 -0.3944975 0.7971721 13.266 -0.09476618 0.2630502 13.48847 0.144994 0.4547492 13.54574 0.2116358 0.7465311 13.4714 -0.1468176 0.4103057 13.47599 -0.2242703 0.8532269 13.44148 -0.1517824 1.155022 13.16901 -0.03100262 1.432571 13.33946 -0.05004839 0.8587393 13.50565 0.0517142 1.238382 13.37948 0.05809684 1.42867 13.67102  O_Gathering_Far
-0.1400928 0.2352327 13.40712 -0.2174982 0.3145475 13.4449 -0.4011371 0.5907527 13.45707 -0.373379 0.8192108 13.25178 -0.08741735 0.2997524 13.48959 0.1503661 0.4902955 13.5317 0.2142231 0.78058 13.44947 -0.1417699 0.4465182 13.48218 -0.2227711 0.8888941 13.45605 -0.1561764 1.163394 13.15474 -0.03109191 1.431509 13.33679 -0.04815732 0.8949486 13.5191 0.05747505 1.259437 13.35664 0.05795892 1.427467 13.66162  O_Gathering_Far
-0.1297491 0.2798831 13.40219 -0.2082412 0.3560516 13.44401 -0.4012369 0.6293031 13.45671 -0.3600464 0.8373455 13.23282 -0.07745682 0.3418967 13.48681 0.1563611 0.5334742 13.50957 0.2147156 0.8213971 13.41577 -0.1346428 0.4877688 13.48613 -0.2196496 0.9289366 13.47019 -0.1608726 1.171535 13.14115 -0.03203158 1.429999 13.33421 -0.04446791 0.9356229 13.53158 0.06375153 1.282905 13.33642 0.05912741 1.427715 13.65305  O_Gathering_Far
-0.1207247 0.3168164 13.39455 -0.2000449 0.3898271 13.44026 -0.4000131 0.6598395 13.45282 -0.3447299 0.8512601 13.21743 -0.06859659 0.3761722 13.48116 0.1613966 0.5699903 13.48751 0.2147747 0.8555191 13.38393 -0.1282579 0.5209262 13.48717 -0.2167847 0.9603901 13.48102 -0.1650501 1.176589 13.13294 -0.03379975 1.42847 13.33295 -0.04107742 0.9677207 13.54081 0.06904824 1.298935 13.32041 0.06132795 1.42876 13.64342  O_Gathering_Far
-0.1060823 0.3734318 13.37584 -0.1864713 0.4404761 13.42836 -0.3949417 0.703878 13.43964 -0.3135112 0.8713868 13.19384 -0.05392067 0.427586 13.46579 0.1684185 0.6271389 13.44618 0.2124909 0.9078864 13.32642 -0.1174458 0.5696607 13.48392 -0.2115339 1.004882 13.49517 -0.1713045 1.181179 13.12386 -0.03712879 1.425371 13.33132 -0.03496621 1.013373 13.55221 0.07482161 1.325202 13.305 0.06261237 1.42967 13.63694  O_Gathering_Far
-0.09442668 0.4174486 13.35467 -0.1756006 0.4785141 13.41298 -0.3910596 0.7340084 13.42649 -0.2918759 0.8876165 13.17814 -0.04222808 0.4662818 13.44761 0.1735761 0.6707945 13.40817 0.2105394 0.9470791 13.27624 -0.1089023 0.6049994 13.47696 -0.2078731 1.03525 13.50489 -0.1764911 1.182559 13.12032 -0.0402088 1.422437 13.33141 -0.03067879 1.04472 13.55979 0.07867457 1.343355 13.29661 0.06364907 1.430209 13.63347  O_Gathering_Far
-0.07762121 0.4809765 13.31428 -0.1598189 0.5310043 13.38111 -0.3847922 0.7716175 13.40697 -0.2648306 0.9122557 13.16012 -0.02539287 0.5198747 13.41182 0.17921 0.7327234 13.34518 0.2054045 1.001496 13.19626 -0.09669887 0.6509122 13.45972 -0.2036117 1.070724 13.51666 -0.1840193 1.182179 13.11946 -0.04478226 1.41777 13.33343 -0.02563385 1.081773 13.56866 0.08369853 1.366071 13.29005 0.06503333 1.430777 13.63168  O_Gathering_Far
-0.06274609 0.5372592 13.26857 -0.1458322 0.5745468 13.34234 -0.3801859 0.7972407 13.39272 -0.2504399 0.9326595 13.1479 -0.01067655 0.5645618 13.3701 0.1824979 0.7862715 13.28259 0.199691 1.047954 13.12033 -0.08624576 0.6847352 13.43641 -0.201686 1.091018 13.52485 -0.1905034 1.180428 13.12179 -0.04840086 1.413482 13.33666 -0.02323173 1.103842 13.57476 0.08844776 1.380872 13.28983 0.06616028 1.43067 13.63373  O_Gathering_Far
-0.05053208 0.5827426 13.22781 -0.1343457 0.6076892 13.30593 -0.3753312 0.8108743 13.38656 -0.2458289 0.9479157 13.14252 0.001241164 0.5988532 13.33192 0.1830449 0.8297225 13.23214 0.1927636 1.087071 13.06249 -0.0779541 0.7067204 13.41342 -0.2018936 1.097928 13.5308 -0.1957106 1.177886 13.12565 -0.05096255 1.40988 13.3399 -0.02329574 1.112983 13.57956 0.09414698 1.384995 13.29212 0.06735738 1.429003 13.63649  O_Gathering_Far
-0.0377423 0.639079 13.18475 -0.1217389 0.6483817 13.2662 -0.3683951 0.8221117 13.37979 -0.2420248 0.9656721 13.13787 0.01436491 0.6416528 13.29002 0.1815888 0.8810959 13.17512 0.1844297 1.129844 12.99285 -0.06863932 0.7316458 13.3878 -0.2029069 1.101201 13.53796 -0.2022052 1.173831 13.13139 -0.05388777 1.405447 13.34359 -0.0243725 1.119807 13.58572 0.1057817 1.382758 13.29534 0.07006712 1.425415 13.63907  O_Gathering_Far
-0.03239064 0.6666924 13.1662 -0.1161191 0.6682042 13.24852 -0.3644572 0.8257312 13.37632 -0.2408914 0.9739399 13.13575 0.02024318 0.6630808 13.27125 0.1792159 0.9070604 13.15193 0.1784123 1.152794 12.9656 -0.06438152 0.74332 13.37589 -0.2035827 1.101062 13.54132 -0.2051305 1.171306 13.13433 -0.05514674 1.403147 13.34511 -0.02518074 1.121446 13.58885 0.1124584 1.37887 13.29697 0.07169183 1.423059 13.63995  O_Gathering_Far
-0.02839623 0.6910362 13.15127 -0.1115917 0.6855767 13.23406 -0.3607775 0.8280011 13.37313 -0.2404076 0.9810578 13.13398 0.02500446 0.6823972 13.25571 0.1766237 0.9302241 13.13347 0.1731375 1.173443 12.9439 -0.06087087 0.7534842 13.36581 -0.2042547 1.100251 13.54417 -0.2075255 1.16886 13.13691 -0.05614827 1.401074 13.34628 -0.02601437 1.122112 13.59164 0.1184666 1.374254 13.29846 0.07321008 1.420747 13.64057  O_Gathering_Far
-0.0248854 0.7258055 13.13269 -0.1063661 0.7100228 13.21603 -0.3557366 0.8300751 13.36817 -0.2406818 0.9912967 13.13178 0.0305831 0.7113761 13.23553 0.1713294 0.9651583 13.11075 0.1647754 1.205398 12.91749 -0.05655495 0.7683647 13.35262 -0.2050308 1.099268 13.54768 -0.2103919 1.165246 13.14001 -0.05721049 1.39799 13.34747 -0.0270143 1.122652 13.59527 0.1258215 1.367662 13.30028 0.07525416 1.417519 13.64117  O_Gathering_Far
-0.0248699 0.7557513 13.119 -0.1035424 0.7305911 13.20291 -0.3519958 0.8307783 13.36349 -0.2412494 0.9985352 13.12961 0.0335684 0.7378945 13.21978 0.1645229 0.9973528 13.09415 0.1561031 1.235859 12.89883 -0.05366091 0.7814882 13.34242 -0.2053987 1.09893 13.55013 -0.2122387 1.162165 13.14205 -0.05759178 1.395216 13.34807 -0.02750979 1.122878 13.59792 0.1303398 1.362778 13.30138 0.07691212 1.414881 13.64149  O_Gathering_Far
-0.02811859 0.7801904 13.10941 -0.1029365 0.746751 13.19416 -0.3497483 0.8302041 13.35932 -0.2414895 1.002134 13.12731 0.03395082 0.7611992 13.20795 0.1562634 1.026165 13.08259 0.146746 1.264289 12.88686 -0.05209915 0.7924737 13.3351 -0.2053687 1.099566 13.55165 -0.2132365 1.159851 13.14314 -0.05738882 1.392898 13.34826 -0.02748005 1.123158 13.59961 0.1319235 1.360338 13.30172 0.07811554 1.413063 13.64168  O_Gathering_Far
-0.03256486 0.795399 13.10411 -0.1035247 0.7560441 13.18983 -0.3477688 0.8280181 13.35663 -0.241837 1.004099 13.12667 0.03273483 0.7772239 13.20087 0.148738 1.046668 13.07595 0.1386129 1.285591 12.88123 -0.05150674 0.7992768 13.33113 -0.2051139 1.100365 13.55199 -0.2135704 1.158739 13.14322 -0.05689518 1.391472 13.34806 -0.02720164 1.123536 13.60007 0.1333466 1.359364 13.30172 0.07930477 1.412064 13.64165  O_Gathering_Far
-0.03990517 0.8080059 13.09993 -0.1052685 0.7625605 13.18737 -0.3449582 0.8231027 13.35383 -0.2425941 1.005531 13.12722 0.02946265 0.7930832 13.19466 0.1388844 1.068527 13.07135 0.1277017 1.310807 12.88088 -0.05148701 0.8048559 13.32829 -0.2046293 1.101615 13.5516 -0.2135957 1.158246 13.14259 -0.05608843 1.390312 13.34756 -0.0266907 1.124109 13.59991 0.1349916 1.359266 13.30164 0.08082928 1.41146 13.64162  O_Gathering_Far
-0.045005 0.8109449 13.09846 -0.1067681 0.7630056 13.18741 -0.3428889 0.8188467 13.35238 -0.2435486 1.006004 13.1283 0.02661123 0.7993965 13.19219 0.1337719 1.078952 13.07159 0.121205 1.325813 12.88718 -0.05184434 0.8060692 13.32765 -0.204349 1.102275 13.551 -0.2134413 1.15846 13.14193 -0.05561719 1.390002 13.34725 -0.02644341 1.124315 13.59963 0.1358806 1.359618 13.30183 0.08161409 1.411406 13.64186  O_Gathering_Far
-0.04843203 0.8107549 13.09739 -0.1080323 0.7623368 13.18782 -0.341603 0.8157367 13.35164 -0.2443624 1.005706 13.12901 0.02430882 0.8025088 13.19086 0.133017 1.085503 13.07682 0.1121699 1.338892 12.90228 -0.05230967 0.8062587 13.32748 -0.2042208 1.102666 13.55036 -0.2134963 1.158786 13.14129 -0.05560331 1.389865 13.34707 -0.02638314 1.124366 13.59939 0.1362656 1.360474 13.30241 0.08196135 1.411705 13.64252  O_Gathering_Far
-0.04833661 0.8065928 13.09627 -0.1085532 0.7608602 13.1881 -0.3419851 0.8147552 13.35151 -0.2455224 1.004351 13.12823 0.02353592 0.8018605 13.19105 0.143801 1.086244 13.09351 0.107096 1.352507 12.94231 -0.05312971 0.8055357 13.32765 -0.2046012 1.10254 13.54954 -0.2140713 1.159084 13.14054 -0.05657599 1.389795 13.34704 -0.02683763 1.124117 13.5989 0.1358515 1.362748 13.30396 0.08151121 1.412877 13.64423  O_Gathering_Far
-0.04804133 0.8025359 13.09628 -0.1093299 0.7590101 13.18868 -0.3429769 0.8151245 13.35119 -0.2460363 1.003061 13.12672 0.02282985 0.7997465 13.19208 0.1522581 1.083002 13.1055 0.1109219 1.356274 12.96869 -0.05454616 0.8044016 13.32825 -0.2056556 1.102458 13.54871 -0.2144783 1.159558 13.13977 -0.05717842 1.389876 13.34685 -0.02787576 1.124045 13.59801 0.1359045 1.364589 13.30523 0.08118488 1.414052 13.64554  O_Gathering_Far
-0.04798822 0.7975904 13.0967 -0.1105791 0.756431 13.18948 -0.3442357 0.8156953 13.35075 -0.2464773 1.001461 13.12482 0.02171798 0.7966579 13.19355 0.1612631 1.077722 13.11952 0.1168466 1.357167 12.99688 -0.05665342 0.8027261 13.32909 -0.2073613 1.10229 13.54754 -0.2148395 1.160285 13.1387 -0.05773739 1.390044 13.34655 -0.02955805 1.123881 13.59675 0.1361827 1.366753 13.30702 0.08073707 1.415615 13.64729  O_Gathering_Far
-0.04810445 0.7925109 13.09729 -0.1120493 0.7535566 13.19024 -0.3455426 0.8162607 13.3502 -0.246781 0.999698 13.12281 0.02040996 0.7931548 13.19512 0.1696606 1.071484 13.13431 0.123789 1.355783 13.02397 -0.05909167 0.8007402 13.32992 -0.2095633 1.10188 13.54622 -0.2150441 1.161065 13.13751 -0.05821888 1.390245 13.34621 -0.0317627 1.123469 13.59544 0.1364721 1.368741 13.30918 0.08004887 1.417302 13.64934  O_Gathering_Far
-0.04830531 0.7875839 13.09771 -0.1136172 0.750635 13.19065 -0.3468487 0.8167318 13.34944 -0.2469372 0.9977522 13.12062 0.01899 0.7896054 13.19648 0.1771918 1.065145 13.1496 0.1317168 1.353414 13.04992 -0.06171457 0.7985572 13.33048 -0.2123057 1.101018 13.54486 -0.2150768 1.161738 13.13635 -0.05867837 1.390418 13.34592 -0.03455965 1.122618 13.59427 0.1365298 1.370138 13.31166 0.07897885 1.418925 13.6516  O_Gathering_Far
-0.04760937 0.7776647 13.09923 -0.1156096 0.7444388 13.19184 -0.3491943 0.8172202 13.34771 -0.2462776 0.9932446 13.11634 0.01722612 0.7822532 13.19971 0.1906348 1.052452 13.18276 0.1519245 1.347106 13.10039 -0.06600247 0.7939323 13.33195 -0.2178267 1.099157 13.54204 -0.2142238 1.162551 13.13395 -0.05970518 1.390827 13.34534 -0.04036383 1.120941 13.59238 0.1361103 1.372861 13.31707 0.07547678 1.422336 13.65637  O_Gathering_Far
-0.04653607 0.7703742 13.10052 -0.1161775 0.7394574 13.19281 -0.3503203 0.8166409 13.34665 -0.2457224 0.990007 13.11403 0.01677992 0.7765471 13.20197 0.1975648 1.043378 13.20342 0.1657192 1.341309 13.13044 -0.06802337 0.7900677 13.33303 -0.2208954 1.097294 13.54009 -0.2129993 1.162845 13.1324 -0.06020473 1.391222 13.34493 -0.04367064 1.119242 13.59119 0.135294 1.374431 13.32054 0.07278301 1.424561 13.6594  O_Gathering_Far
-0.04508642 0.7619176 13.102 -0.116294 0.7333096 13.19392 -0.350929 0.8151995 13.34585 -0.2452538 0.9865687 13.11224 0.01678129 0.7696459 13.20431 0.2033618 1.033208 13.22252 0.1803701 1.333859 13.15783 -0.06952111 0.78514 13.33416 -0.2234521 1.094625 13.53796 -0.2112081 1.163014 13.13084 -0.06046794 1.39175 13.34445 -0.04648427 1.116735 13.58988 0.1339554 1.375752 13.32388 0.06990708 1.426784 13.66232  O_Gathering_Far
-0.04359822 0.753009 13.10264 -0.1160053 0.7261106 13.19419 -0.3507201 0.8120269 13.34494 -0.2455 0.9831341 13.11094 0.01716306 0.7618037 13.20557 0.2073077 1.022857 13.23501 0.1911519 1.325012 13.17546 -0.07030438 0.7788604 13.33444 -0.2252829 1.09012 13.53643 -0.2096026 1.162929 13.13019 -0.06039337 1.392284 13.34421 -0.0485485 1.112284 13.58911 0.1315725 1.375042 13.32658 0.06750514 1.428076 13.66471  O_Gathering_Far
-0.04181538 0.7416716 13.10269 -0.1153629 0.7163473 13.19382 -0.3497828 0.806628 13.34378 -0.246431 0.9789785 13.10985 0.01790585 0.7513311 13.20618 0.21105 1.010103 13.24415 0.2019054 1.313153 13.18774 -0.07068019 0.7699642 13.33407 -0.2268852 1.083014 13.5351 -0.2078536 1.162579 13.13027 -0.06001614 1.392936 13.34418 -0.05041013 1.105124 13.58866 0.1277643 1.372301 13.32929 0.06498922 1.428824 13.6671  O_Gathering_Far
-0.039699 0.7268499 13.10291 -0.1145074 0.7033393 13.19353 -0.3483665 0.79892 13.34233 -0.2479301 0.9736461 13.1089 0.0188622 0.7375246 13.20699 0.2147666 0.9938791 13.25328 0.2130011 1.297497 13.19927 -0.07097058 0.7580711 13.33371 -0.2286955 1.073366 13.53398 -0.2059306 1.161754 13.13119 -0.05945627 1.393701 13.34431 -0.05253712 1.095362 13.58863 0.122612 1.367577 13.33245 0.06213697 1.429222 13.66978  O_Gathering_Far
-0.03747968 0.7098134 13.1033 -0.1135437 0.6881987 13.19337 -0.3465774 0.7895616 13.34071 -0.2498112 0.9676771 13.10829 0.01991816 0.7215627 13.20793 0.218151 0.9756372 13.2615 0.2235552 1.279463 13.20892 -0.07115828 0.7442036 13.3334 -0.230518 1.062006 13.53311 -0.204008 1.160512 13.1329 -0.05879978 1.394513 13.34464 -0.05470214 1.083835 13.58891 0.1166694 1.361263 13.3358 0.0591739 1.429252 13.67243  O_Gathering_Far
-0.03483395 0.6855013 13.10432 -0.1124422 0.6664387 13.19368 -0.344057 0.7758712 13.33837 -0.2527044 0.9596139 13.10816 0.02113153 0.6987278 13.20958 0.221951 0.9501249 13.27071 0.2360274 1.253842 13.21912 -0.07145558 0.7243226 13.33336 -0.2327926 1.04576 13.5321 -0.201528 1.158496 13.13601 -0.0577505 1.395621 13.34523 -0.05742208 1.067315 13.58939 0.1090135 1.351475 13.34048 0.05567904 1.42887 13.67576  O_Gathering_Far
-0.03201787 0.6545684 13.10611 -0.1112614 0.638561 13.19466 -0.3407563 0.7579317 13.33527 -0.2566951 0.9498103 13.10894 0.02241905 0.6696771 13.21194 0.2249391 0.9186736 13.28146 0.2480056 1.222022 13.23094 -0.0717427 0.6989442 13.3337 -0.2352826 1.024938 13.53098 -0.1988509 1.155575 13.14088 -0.05670921 1.397009 13.34625 -0.06041173 1.046246 13.58987 0.09991087 1.338619 13.34652 0.05179961 1.428086 13.67958  O_Gathering_Far
-0.02896826 0.607291 13.11028 -0.1103659 0.5959481 13.19761 -0.3360302 0.7305263 13.33002 -0.2628248 0.9356608 13.11169 0.02346392 0.6253284 13.21668 0.2283144 0.8713896 13.29478 0.2630987 1.173747 13.24504 -0.07267021 0.6603891 13.33533 -0.2386296 0.9937238 13.5291 -0.1947346 1.150615 13.14959 -0.05491583 1.399003 13.34815 -0.06444816 1.014583 13.59015 0.08788545 1.318743 13.35631 0.04713567 1.426649 13.68486  O_Gathering_Far
-0.0270779 0.5481439 13.11751 -0.1106678 0.5428371 13.20333 -0.3310164 0.695769 13.3236 -0.2696351 0.9153816 13.11597 0.02336009 0.5700505 13.22414 0.2299969 0.8136231 13.31041 0.2765268 1.114661 13.26229 -0.07455061 0.612851 13.33873 -0.2421453 0.9559913 13.52587 -0.1906052 1.144466 13.16201 -0.05320684 1.401567 13.35094 -0.06868266 0.9763896 13.58909 0.07517274 1.295284 13.36996 0.04277923 1.425155 13.69142  O_Gathering_Far
-0.02763651 0.4867526 13.12717 -0.1130089 0.4884602 13.21137 -0.3275848 0.6592318 13.31817 -0.2748208 0.8897531 13.12022 0.02127768 0.5132823 13.23347 0.2289625 0.755365 13.32597 0.2849519 1.055213 13.28058 -0.0776581 0.5649909 13.34341 -0.2449745 0.9195597 13.52007 -0.1858674 1.138773 13.17507 -0.05168788 1.404573 13.35401 -0.07207666 0.9396043 13.58492 0.06463535 1.274251 13.38561 0.03973087 1.424739 13.69863  O_Gathering_Far
-0.03119926 0.4244454 13.13975 -0.1178834 0.4343072 13.22203 -0.3255689 0.622648 13.31389 -0.2801175 0.862879 13.12593 0.01673915 0.4563509 13.24501 0.2249965 0.6977129 13.34206 0.2884367 0.9965956 13.30023 -0.08232717 0.5181893 13.34946 -0.2470118 0.8857353 13.51114 -0.1812423 1.134237 13.18788 -0.05054144 1.408078 13.35701 -0.07457016 0.9055344 13.57727 0.0558426 1.256231 13.40289 0.03789194 1.425766 13.70651  O_Gathering_Far
-0.03766976 0.3672734 13.15382 -0.1249782 0.3854877 13.23398 -0.3249168 0.589565 13.31081 -0.2858938 0.8391075 13.13386 0.01001676 0.4046118 13.25739 0.2187234 0.6457036 13.3573 0.2876279 0.9439151 13.31953 -0.0881906 0.4765559 13.35602 -0.2480015 0.8567804 13.50018 -0.1767544 1.130715 13.19941 -0.04982434 1.411577 13.35966 -0.07580815 0.8764321 13.567 0.04889192 1.241389 13.41982 0.03748711 1.427964 13.7136  O_Gathering_Far
-0.04885958 0.3018523 13.17079 -0.1359999 0.3303142 13.24811 -0.327026 0.5509104 13.30753 -0.298162 0.8132427 13.14798 -0.0005177687 0.3456346 13.2715 0.2094931 0.586083 13.37382 0.284099 0.8836905 13.34271 -0.09640507 0.4295852 13.36264 -0.2473684 0.8242567 13.48258 -0.1703923 1.126673 13.21204 -0.04885213 1.415642 13.3617 -0.07516031 0.8437548 13.54941 0.03997226 1.226422 13.4459 0.03574063 1.429475 13.72875  O_Gathering_Far
-0.06020431 0.2533337 13.18201 -0.1463746 0.2893115 13.25725 -0.3342875 0.5198926 13.30663 -0.3202755 0.7941753 13.16635 -0.01046555 0.3015386 13.27998 0.2017441 0.5404377 13.38457 0.2810501 0.8375827 13.36178 -0.1035428 0.3940024 13.36563 -0.245705 0.7982569 13.46619 -0.1652939 1.123112 13.22416 -0.04895864 1.418952 13.36422 -0.07311969 0.8175578 13.53209 0.03574683 1.20868 13.45743 0.03937312 1.43038 13.72591  O_Gathering_Far
-0.07663535 0.2049621 13.18927 -0.1601364 0.2484702 13.26354 -0.3456304 0.4880745 13.30554 -0.3501647 0.7739263 13.18989 -0.02349655 0.257251 13.28328 0.1926644 0.4939634 13.3871 0.2772735 0.7901558 13.37242 -0.1117747 0.3579824 13.36458 -0.2430267 0.7705337 13.44784 -0.1590774 1.117818 13.24067 -0.04908476 1.422137 13.36702 -0.06902115 0.7894932 13.51 0.0316291 1.183489 13.43901 0.04166361 1.419697 13.69465  O_Gathering_Far
-0.09586798 0.1655458 13.1968 -0.1751312 0.2162837 13.27113 -0.3602748 0.4627496 13.31228 -0.3785087 0.753589 13.21135 -0.03764324 0.2215838 13.28549 0.1825795 0.4566123 13.38474 0.2709723 0.7519445 13.37637 -0.1195947 0.3299949 13.36347 -0.2394702 0.7492535 13.43178 -0.1535597 1.113422 13.25692 -0.04939727 1.425229 13.36917 -0.06313662 0.7678939 13.4871 0.03187462 1.154811 13.37907 0.04573699 1.400764 13.62516  O_Gathering_Far
-0.108475 0.1434566 13.20188 -0.1843183 0.198841 13.27645 -0.3715756 0.4485214 13.32141 -0.3988505 0.7408475 13.22702 -0.04636739 0.2017664 13.28636 0.1761508 0.4362341 13.38016 0.2660049 0.7311779 13.37393 -0.1236181 0.3149688 13.3623 -0.2364068 0.7378253 13.42197 -0.1495997 1.110449 13.26644 -0.04915456 1.427054 13.36815 -0.05833582 0.7562398 13.4715 0.03248777 1.131711 13.32598 0.0496089 1.385205 13.56409  O_Gathering_Far
-0.1181678 0.1255268 13.20551 -0.1908723 0.1848755 13.28016 -0.3759312 0.43861 13.3216 -0.4139558 0.7360174 13.24942 -0.05266247 0.1856767 13.28605 0.1716544 0.4196956 13.3745 0.2626362 0.714322 13.3698 -0.1257564 0.3028713 13.36002 -0.2329545 0.7284107 13.41281 -0.1467167 1.109125 13.27793 -0.05060587 1.4293 13.3724 -0.0534418 0.7465632 13.45694 0.03285195 1.107906 13.27697 0.05473282 1.370275 13.50486  O_Gathering_Far
-0.125107 0.1105372 13.20844 -0.1949803 0.1733565 13.28296 -0.3774761 0.4306616 13.31946 -0.4279161 0.7312189 13.27226 -0.05666689 0.1722363 13.28528 0.1689933 0.4059395 13.36852 0.2607828 0.700329 13.36478 -0.1261123 0.2928493 13.35725 -0.2288439 0.7204946 13.40433 -0.1430852 1.106962 13.28658 -0.0508319 1.430747 13.37218 -0.0481572 0.7383439 13.44351 0.03259404 1.087839 13.23921 0.0590082 1.357819 13.45753  O_Gathering_Far
-0.1286901 0.09966123 13.21086 -0.1965365 0.1650344 13.28506 -0.3803045 0.4239696 13.32415 -0.4367972 0.724826 13.28671 -0.05822275 0.1624743 13.28492 0.1681444 0.3960812 13.36395 0.2602441 0.6903763 13.36043 -0.1250878 0.2855536 13.35513 -0.2248393 0.7146493 13.39802 -0.1401352 1.105331 13.29425 -0.05136846 1.431836 13.37292 -0.04338686 0.7322025 13.43363 0.03385605 1.075357 13.21757 0.06373443 1.352746 13.42592  O_Gathering_Far
-0.1306026 0.09049332 13.21321 -0.1967455 0.1580862 13.28695 -0.3827846 0.4179727 13.33043 -0.4428101 0.718694 13.29771 -0.05847726 0.1542724 13.28481 0.1683444 0.3878567 13.36002 0.2605772 0.6821095 13.35644 -0.1231963 0.2794592 13.35328 -0.2205643 0.7097563 13.39245 -0.137307 1.103909 13.30142 -0.05201725 1.432732 13.37405 -0.03851322 0.7270012 13.42503 0.03606208 1.066266 13.20201 0.06857796 1.350259 13.40085  O_Gathering_Far
-0.1311055 0.08142841 13.21614 -0.1955808 0.1513177 13.28921 -0.3850277 0.4116224 13.33838 -0.4473213 0.7119702 13.30647 -0.05739657 0.1462146 13.28517 0.1697609 0.3798001 13.3564 0.2620489 0.6740329 13.35261 -0.1200277 0.273544 13.3516 -0.2151163 0.7050467 13.3867 -0.1339006 1.102442 13.30888 -0.05261735 1.433647 13.37498 -0.03251694 0.7219083 13.41627 0.03954669 1.05798 13.18765 0.07419582 1.348273 13.3768  O_Gathering_Far
-0.1305726 0.07397103 13.21911 -0.1936623 0.1458632 13.29144 -0.3864094 0.4061097 13.34624 -0.4493992 0.7061341 13.3127 -0.05557678 0.1396509 13.28587 0.1717609 0.3732742 13.35355 0.2640058 0.6675159 13.34941 -0.1164908 0.2688149 13.35033 -0.2097577 0.7013206 13.38174 -0.130728 1.101203 13.31524 -0.05316119 1.434362 13.37575 -0.0267301 0.7178071 13.40877 0.04385914 1.052578 13.1778 0.07978936 1.348362 13.35799  O_Gathering_Far
-0.1296315 0.06705701 13.22271 -0.1913497 0.1409922 13.29416 -0.3866801 0.4012846 13.35352 -0.4501452 0.7010291 13.31841 -0.05338733 0.1336719 13.28709 0.1740486 0.3673612 13.35105 0.2661684 0.6616343 13.3464 -0.1126314 0.2646724 13.34936 -0.204172 0.6981385 13.3769 -0.1274703 1.100078 13.3209 -0.05367748 1.434996 13.37621 -0.02074496 0.7142144 13.40135 0.04988535 1.049825 13.17161 0.08628149 1.351582 13.34151  O_Gathering_Far
-0.1262301 0.05463517 13.23221 -0.185249 0.1328721 13.30132 -0.3845431 0.3934211 13.3681 -0.4477101 0.692637 13.32826 -0.04760353 0.1233073 13.29134 0.1797508 0.3572174 13.34723 0.271353 0.6516238 13.34104 -0.1036547 0.2580438 13.34839 -0.1920516 0.6933026 13.36756 -0.1208365 1.09836 13.32972 -0.05440454 1.436159 13.37611 -0.007915897 0.7084421 13.3867 0.06630595 1.050628 13.16806 0.10247 1.365412 13.31246  O_Gathering_Far
-0.1231243 0.04775107 13.24057 -0.1804312 0.1289881 13.30763 -0.3813104 0.3899963 13.37808 -0.4431836 0.6889482 13.33441 -0.04304044 0.1179457 13.29583 0.184045 0.352062 13.34596 0.2751097 0.6466032 13.3384 -0.09715258 0.2551662 13.34867 -0.1837702 0.6914577 13.36204 -0.11685 1.09791 13.33217 -0.05488781 1.437037 13.37492 0.0007549096 0.7059262 13.37762 0.07857741 1.054118 13.17 0.1146338 1.377954 13.29279  O_Gathering_Far
-0.1193481 0.04193842 13.24843 -0.1752896 0.1259058 13.31324 -0.3776236 0.3871064 13.38683 -0.4387169 0.6858491 13.3407 -0.03813324 0.1135756 13.30007 0.1885622 0.3478988 13.34505 0.2790484 0.6425795 13.33611 -0.09074031 0.2529547 13.34861 -0.1760327 0.6900401 13.35677 -0.1131674 1.097424 13.33106 -0.05484168 1.437385 13.37227 0.00876631 0.7038963 13.36937 0.0881715 1.062217 13.18042 0.1239497 1.392101 13.28598  O_Gathering_Far
-0.115678 0.03803837 13.25661 -0.1706388 0.1242497 13.31928 -0.3741511 0.3854488 13.39528 -0.4348367 0.6840663 13.34782 -0.0336691 0.1109015 13.3052 0.1925934 0.3454134 13.34598 0.2825157 0.6402265 13.3358 -0.0852239 0.2519698 13.34982 -0.1696153 0.6896161 13.35371 -0.1103235 1.097618 13.32935 -0.05495302 1.438084 13.37047 0.01536061 0.7029674 13.36406 0.09570344 1.06722 13.18723 0.1324766 1.403077 13.27147  O_Gathering_Far
-0.1106232 0.03362417 13.26685 -0.164652 0.1224293 13.32664 -0.3692145 0.3836768 13.40479 -0.4291135 0.6822194 13.35588 -0.02787177 0.1079134 13.31189 0.1977788 0.3426214 13.34803 0.2869657 0.6376022 13.33635 -0.07841824 0.2508268 13.35151 -0.1619071 0.689048 13.35024 -0.1069013 1.097695 13.32665 -0.05492882 1.438673 13.36797 0.02322413 0.7017906 13.35834 0.1023453 1.075087 13.20088 0.1419059 1.416 13.25972  O_Gathering_Far
-0.1047228 0.02952552 13.27792 -0.1580904 0.1208712 13.33439 -0.363337 0.3822998 13.41363 -0.4222745 0.6808344 13.36352 -0.02144913 0.1052452 13.31948 0.2035019 0.3401325 13.35138 0.2918809 0.6352909 13.33816 -0.07125102 0.2498308 13.3536 -0.1540024 0.6885308 13.34706 -0.1034283 1.097749 13.32345 -0.05485986 1.439189 13.36509 0.03123768 0.7006597 13.35342 0.1068875 1.083274 13.2182 0.1491782 1.42705 13.25394  O_Gathering_Far
-0.09856509 0.02583611 13.28977 -0.1516099 0.1195457 13.34255 -0.3569883 0.3815472 13.42105 -0.414964 0.6801723 13.37037 -0.01503049 0.1029381 13.32814 0.2092183 0.3379689 13.35659 0.2967841 0.6333025 13.34194 -0.06438534 0.2489283 13.35643 -0.1465338 0.6879985 13.34482 -0.100063 1.09774 13.32185 -0.05478768 1.439712 13.36283 0.03877361 0.6995432 13.35024 0.1102758 1.086811 13.22649 0.1532854 1.431465 13.25122  O_Gathering_Far
-0.09038971 0.02156556 13.30581 -0.1433282 0.1180911 13.35336 -0.3482779 0.3812864 13.42873 -0.4053822 0.6800898 13.3781 -0.006755574 0.1004055 13.34023 0.2166452 0.3355591 13.36505 0.3032214 0.6311003 13.34879 -0.05580727 0.2478188 13.36055 -0.1372366 0.6872544 13.3426 -0.09576999 1.097626 13.32138 -0.05473302 1.440367 13.36035 0.04813256 0.6980275 13.34747 0.1141053 1.088089 13.22956 0.155148 1.433319 13.24905  O_Gathering_Far
-0.08339314 0.0184269 13.31962 -0.136423 0.1170825 13.36246 -0.3406766 0.3814712 13.43376 -0.3973922 0.6804491 13.38373 0.0001844336 0.09867573 13.35077 0.2230211 0.3338298 13.37325 0.3089212 0.629512 13.356 -0.04877697 0.2469143 13.36409 -0.1295704 0.6865997 13.34098 -0.09216969 1.097471 13.32199 -0.05472664 1.440895 13.35848 0.05584361 0.6966535 13.34568 0.1172519 1.087789 13.22887 0.155492 1.4334 13.24726  O_Gathering_Far
-0.0772488 0.01609886 13.33122 -0.130452 0.1163528 13.36995 -0.3340439 0.3816587 13.43729 -0.3905513 0.6807944 13.38798 0.006203847 0.09749115 13.35962 0.2287633 0.3325258 13.38075 0.3142932 0.6282901 13.36308 -0.04277788 0.2461407 13.36693 -0.122958 0.6860366 13.33957 -0.08905368 1.097309 13.32283 -0.05473367 1.441305 13.35694 0.06249757 0.6953648 13.34412 0.1198791 1.08771 13.22934 0.1560048 1.433646 13.24581  O_Gathering_Far
-0.07194869 0.0144459 13.33992 -0.1253649 0.1157821 13.3754 -0.3284591 0.3816241 13.43959 -0.3847817 0.6809031 13.39094 0.01134409 0.09668112 13.36629 0.2338003 0.3315835 13.38679 0.3190862 0.6274031 13.36886 -0.03771494 0.2454611 13.36895 -0.1173012 0.6855717 13.33837 -0.08638994 1.097157 13.32364 -0.05471615 1.441594 13.35579 0.06819363 0.6941711 13.34276 0.1220475 1.087672 13.23024 0.1565403 1.433858 13.24484  O_Gathering_Far
-0.0678408 0.01334989 13.3448 -0.1215162 0.1152362 13.37826 -0.3243033 0.3813062 13.44028 -0.380449 0.6806842 13.39203 0.01525106 0.09612763 13.37008 0.2376952 0.331014 13.39055 0.3227275 0.6268852 13.37227 -0.03397075 0.2448776 13.36991 -0.1132118 0.6852195 13.33757 -0.08444671 1.097014 13.32442 -0.05466209 1.44175 13.35514 0.07231326 0.6932015 13.34184 0.1237393 1.087609 13.23138 0.1570095 1.433978 13.24441  O_Gathering_Far
-0.06181953 0.01191151 13.34867 -0.116057 0.1141561 13.38007 -0.3185034 0.3803264 13.4393 -0.3742384 0.6798173 13.39128 0.020826 0.09534419 13.37325 0.243368 0.3304008 13.39439 0.3278951 0.62636 13.37522 -0.02883725 0.2439182 13.3703 -0.10788 0.6847348 13.33663 -0.08188771 1.096781 13.3258 -0.05452959 1.441881 13.35462 0.0776874 0.691744 13.34077 0.1261456 1.087487 13.2338 0.1578183 1.434091 13.24431  O_Gathering_Far
-0.05434166 0.01023579 13.35105 -0.109601 0.1124882 13.38058 -0.311461 0.378752 13.43594 -0.3658773 0.6783186 13.38688 0.02747084 0.09449852 13.37558 0.2501789 0.3301147 13.39839 0.3336992 0.6262392 13.37743 -0.02311174 0.2426963 13.37027 -0.1024895 0.6842366 13.3356 -0.07927524 1.096513 13.3276 -0.0543171 1.441957 13.35442 0.08312525 0.6899377 13.33962 0.1281746 1.087482 13.23797 0.1590529 1.434248 13.24486  O_Gathering_Far
-0.05012999 0.009306669 13.35223 -0.1061761 0.1114247 13.38072 -0.3076123 0.3777018 13.4334 -0.3608347 0.6772678 13.38305 0.0310271 0.09417331 13.37686 0.2537826 0.3303419 13.40084 0.3364526 0.6266008 13.37847 -0.02033691 0.2420505 13.37027 -0.1002402 0.6840297 13.33502 -0.07819711 1.096397 13.32852 -0.0542352 1.441987 13.35435 0.08539779 0.6889614 13.33899 0.1288646 1.087575 13.2409 0.1598253 1.434374 13.24534  O_Gathering_Far
-0.04679952 0.008591056 13.35308 -0.1035824 0.1105272 13.38076 -0.3046438 0.3767738 13.43104 -0.3566984 0.6763052 13.37928 0.03373488 0.09401453 13.37783 0.2564908 0.3307577 13.40284 0.3383273 0.6271408 13.37909 -0.01839636 0.2415751 13.37024 -0.09889947 0.6839072 13.33459 -0.07756804 1.096327 13.32913 -0.05419944 1.442008 13.35428 0.08675434 0.6882342 13.33852 0.1292957 1.087684 13.24347 0.1604527 1.434486 13.24577  O_Gathering_Far
-0.04360763 0.007952809 13.3538 -0.1011624 0.1096576 13.38072 -0.3018374 0.375842 13.42857 -0.3526293 0.6753078 13.37521 0.03626569 0.09395039 13.3787 0.2589939 0.331331 13.40474 0.339918 0.6278402 13.37948 -0.01669065 0.2411673 13.3702 -0.0979024 0.683825 13.3342 -0.07710914 1.096282 13.32954 -0.05417816 1.442027 13.3542 0.0877641 0.6876034 13.3381 0.1296143 1.087804 13.24595 0.161039 1.434589 13.24619  O_Gathering_Far
-0.04092304 0.007464647 13.35429 -0.0991637 0.1089356 13.38062 -0.2994952 0.3750426 13.42637 -0.3491349 0.6744263 13.37148 0.03835561 0.09396517 13.37936 0.2610408 0.3319348 13.40628 0.3411234 0.6285509 13.37963 -0.01534824 0.2408683 13.37015 -0.09724765 0.6837826 13.33391 -0.0768147 1.096262 13.32973 -0.05417077 1.442046 13.35412 0.08842756 0.6871355 13.33778 0.1298162 1.087914 13.24797 0.1615161 1.434672 13.24652  O_Gathering_Far
-0.03693489 0.006838441 13.35488 -0.09621416 0.107916 13.38038 -0.2960177 0.3738743 13.42299 -0.3438724 0.673093 13.36567 0.04143031 0.09408748 13.38021 0.2640285 0.3329741 13.40846 0.3427654 0.6297414 13.37958 -0.01342051 0.2405034 13.37006 -0.09644644 0.6837534 13.33353 -0.07646035 1.096259 13.32978 -0.05416648 1.442078 13.354 0.0892386 0.6865579 13.33737 0.1300812 1.088062 13.25059 0.1621305 1.434771 13.24695  O_Gathering_Far
-0.034649 0.006533146 13.35514 -0.0945311 0.1073636 13.38021 -0.2940201 0.3732206 13.42101 -0.3408152 0.6723212 13.36222 0.04317887 0.09421003 13.38065 0.2657174 0.333639 13.40966 0.3436308 0.6304867 13.3794 -0.0123444 0.240337 13.37 -0.09607081 0.6837522 13.33334 -0.07629912 1.09627 13.32972 -0.05417166 1.442099 13.35392 0.08961846 0.6862921 13.33716 0.1302132 1.088134 13.25184 0.162422 1.434816 13.24715  O_Gathering_Far
-0.03124045 0.006155133 13.35543 -0.09202425 0.1065946 13.3799 -0.2910279 0.3722843 13.41801 -0.336209 0.671177 13.35694 0.04577364 0.09446299 13.38124 0.2682167 0.3347112 13.41137 0.3448207 0.6316661 13.3789 -0.01076035 0.2401503 13.36991 -0.09560375 0.6837659 13.3331 -0.07610969 1.096297 13.32955 -0.05419598 1.442136 13.35383 0.09009023 0.6859944 13.33688 0.1303769 1.088207 13.25319 0.1627183 1.434859 13.24735  O_Gathering_Far
-0.02866725 0.00593555 13.3556 -0.09013645 0.1060632 13.37963 -0.288754 0.3716165 13.41569 -0.3326826 0.6703262 13.35284 0.04771997 0.09471583 13.38165 0.2700903 0.3355886 13.41263 0.3456204 0.6326115 13.37833 -0.009583754 0.2400638 13.36983 -0.09533934 0.6837873 13.33294 -0.07601796 1.096327 13.32942 -0.05423562 1.442169 13.35377 0.09035708 0.6858599 13.3367 0.1304547 1.088229 13.25367 0.1627978 1.434874 13.2474  O_Gathering_Far
-0.02642576 0.005803704 13.35571 -0.08849625 0.1056474 13.37936 -0.2867621 0.3710773 13.41362 -0.3295741 0.6696068 13.34916 0.04940536 0.09499228 13.38199 0.2717161 0.3364123 13.41371 0.346232 0.6334819 13.37764 -0.008573575 0.2400391 13.36977 -0.09519188 0.6838146 13.33283 -0.07598774 1.09636 13.32932 -0.05429338 1.442203 13.35374 0.09050579 0.6858302 13.33655 0.1304699 1.088214 13.25352 0.1627134 1.434869 13.24733  O_Gathering_Far
-0.02435301 0.005698562 13.35578 -0.08698498 0.1052719 13.37909 -0.2849031 0.3705853 13.41164 -0.3266476 0.6689311 13.34565 0.05095299 0.095263 13.38229 0.2732143 0.3371863 13.41474 0.3466798 0.6342896 13.37683 -0.007651789 0.240027 13.36971 -0.09507595 0.6838379 13.33273 -0.07597665 1.096388 13.32926 -0.05436025 1.442232 13.35373 0.09062268 0.6858218 13.33642 0.1304665 1.088192 13.25327 0.1625945 1.434861 13.24725  O_Gathering_Far
-0.02257548 0.005620003 13.3558 -0.08569573 0.1049534 13.37882 -0.2832934 0.3701679 13.40984 -0.3240865 0.6683394 13.34249 0.05226882 0.09550512 13.38253 0.2744965 0.3378559 13.41565 0.3469332 0.6349777 13.37595 -0.006874306 0.2400228 13.36964 -0.09499185 0.6838542 13.33266 -0.07598142 1.096409 13.32924 -0.05443112 1.442256 13.35373 0.0907075 0.6858279 13.33632 0.1304479 1.088167 13.25297 0.1624568 1.434851 13.24717  O_Gathering_Far
-0.02091734 0.005550742 13.3558 -0.08450441 0.1046556 13.37852 -0.2817525 0.3697952 13.408 -0.3215803 0.6677843 13.33927 0.05347951 0.09573448 13.38277 0.2756977 0.3384687 13.4166 0.3469352 0.6355956 13.37483 -0.00616209 0.240019 13.36957 -0.09489505 0.6838661 13.33259 -0.07598589 1.096426 13.32923 -0.05451159 1.442276 13.35374 0.09080513 0.6858336 13.33621 0.1304281 1.088147 13.25268 0.1623097 1.434846 13.24709  O_Gathering_Far
-0.02001302 0.005514264 13.35578 -0.08386473 0.1044921 13.37831 -0.2808863 0.3696055 13.40686 -0.3201329 0.6674828 13.33731 0.05412628 0.09586084 13.38292 0.2763612 0.3387896 13.41722 0.3467346 0.635909 13.37395 -0.005783422 0.2400166 13.36952 -0.09482513 0.6838697 13.33255 -0.07598798 1.096433 13.32923 -0.05456785 1.442286 13.35375 0.09087558 0.6858376 13.33615 0.1304153 1.088136 13.25251 0.1622121 1.434845 13.24704  O_Gathering_Far
-0.01945035 0.005492091 13.35576 -0.08347784 0.1043915 13.37814 -0.2803306 0.3694984 13.40601 -0.3191829 0.6673048 13.33595 0.05451425 0.09594047 13.38304 0.2767895 0.3389692 13.41773 0.3463704 0.6360731 13.3731 -0.005554063 0.2400155 13.36949 -0.09475331 0.6838689 13.33253 -0.0759853 1.096436 13.32922 -0.05461774 1.442291 13.35375 0.09094782 0.6858419 13.3361 0.1304085 1.08813 13.25237 0.1621277 1.434848 13.247  O_Gathering_Far
-0.01909755 0.005478382 13.35574 -0.08325337 0.1043303 13.37795 -0.2799591 0.3694493 13.40527 -0.3185153 0.6672097 13.33485 0.05473443 0.09599102 13.38316 0.2770854 0.3390478 13.41827 0.3457486 0.6361234 13.37205 -0.005419893 0.2400154 13.36945 -0.09466545 0.6838641 13.3325 -0.07597773 1.096435 13.32923 -0.05467163 1.442293 13.35377 0.09103604 0.6858477 13.33605 0.1304056 1.088127 13.25223 0.1620384 1.434854 13.24696  O_Gathering_Far
-0.01884989 0.005469203 13.35572 -0.08310013 0.1042923 13.37779 -0.2797134 0.3694066 13.40472 -0.3181028 0.6671528 13.33415 0.05488094 0.09602273 13.38327 0.2773181 0.3390713 13.41877 0.3450937 0.636108 13.37102 -0.005317373 0.240015 13.36942 -0.09459476 0.6838608 13.33249 -0.07596825 1.096435 13.32923 -0.05470894 1.442295 13.35378 0.09110709 0.6858511 13.33601 0.1304068 1.088123 13.25213 0.1619726 1.434857 13.24693  O_Gathering_Far
-0.01873867 0.005465627 13.3557 -0.08303849 0.1042798 13.37767 -0.2796107 0.3693851 13.40441 -0.317949 0.6671398 13.33384 0.05493559 0.09603393 13.38336 0.277449 0.3390487 13.41913 0.3445306 0.636048 13.37018 -0.005265994 0.2400148 13.36941 -0.09454863 0.6838588 13.33248 -0.07595949 1.096434 13.32924 -0.05472867 1.442296 13.35379 0.09115346 0.6858526 13.33599 0.1304103 1.08812 13.25206 0.1619348 1.434859 13.24692  O_Gathering_Far
-0.0186222 0.005461216 13.35569 -0.08297633 0.1042674 13.37753 -0.2794849 0.3693753 13.40403 -0.3177412 0.6671349 13.33343 0.05498894 0.09604478 13.38346 0.2775922 0.339017 13.41956 0.3438033 0.6359609 13.36911 -0.005211754 0.2400143 13.36939 -0.09450422 0.6838569 13.33247 -0.07595156 1.096434 13.32925 -0.05474828 1.442297 13.3538 0.0911981 0.6858537 13.33596 0.1304125 1.088116 13.252 0.1618962 1.434859 13.2469  O_Gathering_Far
-0.01856164 0.005458951 13.35568 -0.082947 0.1042619 13.37745 -0.2794134 0.3693746 13.40379 -0.3176188 0.6671381 13.33318 0.0550123 0.09604967 13.38353 0.2776719 0.3389925 13.41983 0.3432488 0.635892 13.3683 -0.005183322 0.2400138 13.36938 -0.09448092 0.6838558 13.33247 -0.07594775 1.096434 13.32925 -0.05475901 1.442298 13.35381 0.09122153 0.6858541 13.33595 0.130413 1.088114 13.25196 0.1618749 1.434859 13.24689  O_Gathering_Far
-0.01852689 0.005457282 13.35568 -0.08293109 0.1042581 13.3774 -0.2793728 0.3693733 13.40365 -0.3175479 0.6671388 13.33304 0.05502458 0.09605277 13.38357 0.2777133 0.3389825 13.41997 0.3428138 0.6358473 13.36765 -0.005168838 0.2400135 13.36938 -0.09446959 0.683855 13.33247 -0.07594673 1.096434 13.32925 -0.05476568 1.442298 13.35382 0.09123297 0.6858542 13.33595 0.130412 1.088113 13.25194 0.1618628 1.434859 13.24689  O_Gathering_Far
-0.01850746 0.005456567 13.35568 -0.08292215 0.104256 13.37737 -0.2793498 0.3693726 13.40357 -0.3175081 0.6671392 13.33296 0.05503156 0.09605455 13.3836 0.2777365 0.3389775 13.42006 0.3424743 0.6358154 13.36714 -0.005160613 0.2400134 13.36938 -0.09446321 0.6838546 13.33247 -0.07594602 1.096434 13.32926 -0.05476908 1.442298 13.35382 0.09123935 0.6858543 13.33594 0.1304115 1.088112 13.25193 0.1618557 1.434859 13.24689  O_Gathering_Far
-0.01850532 0.005456448 13.35568 -0.08292077 0.1042558 13.37737 -0.2793474 0.3693726 13.40357 -0.3175047 0.6671392 13.33295 0.05503281 0.09605479 13.3836 0.2777394 0.3389772 13.42006 0.3423005 0.6358029 13.36686 -0.005159302 0.2400134 13.36938 -0.09446208 0.6838546 13.33247 -0.07594554 1.096434 13.32926 -0.0547692 1.442298 13.35382 0.09124048 0.6858544 13.33594 0.1304119 1.088112 13.25193 0.1618555 1.434859 13.24689  O_Gathering_Far
-0.01850448 0.005456328 13.35568 -0.08292018 0.1042558 13.37737 -0.2793465 0.3693725 13.40356 -0.3175035 0.6671394 13.33295 0.05503329 0.09605467 13.3836 0.2777406 0.3389771 13.42006 0.3422151 0.6357968 13.36672 -0.005158765 0.2400132 13.36938 -0.0944616 0.6838545 13.33247 -0.07594536 1.096434 13.32926 -0.05476914 1.442298 13.35382 0.09124096 0.6858543 13.33594 0.130412 1.088112 13.25193 0.1618554 1.434859 13.24689  O_Gathering_Far
