-0.03669612 0.001414895 1.902471 -0.1064585 0.09303176 1.937136 -0.3576117 0.3002059 2.014086 -0.515421 0.5055305 1.846618 0.03183498 0.09231353 1.93372 0.2865026 0.3103036 2.024397 0.4190856 0.5505487 1.883655 -0.03693936 0.2326341 1.922336 -0.1282688 0.6783187 1.890139 -0.1815188 1.084213 1.835468 -0.2168239 1.428407 1.804517 0.0574698 0.6772084 1.888914 0.0991322 1.076699 1.793652 0.1319621 1.418058 1.733284  S_DodgingRight_SoClose
-0.03828893 0.001843572 1.903826 -0.1081821 0.09356534 1.937945 -0.3592136 0.3003384 2.014788 -0.5171456 0.5056431 1.847411 0.03011902 0.09291279 1.934843 0.2848785 0.3110889 2.025066 0.417462 0.5507079 1.88326 -0.03870968 0.2331429 1.922698 -0.1289494 0.6790595 1.889324 -0.1822912 1.084715 1.832997 -0.2175329 1.429117 1.804368 0.05678656 0.6773245 1.888502 0.09754606 1.076999 1.793622 0.1299709 1.4185 1.73384  S_DodgingRight_SoClose
-0.04056476 0.002683997 1.905853 -0.1106784 0.09453189 1.939174 -0.3615971 0.3006005 2.015963 -0.5197521 0.5057362 1.84859 0.02763309 0.09401882 1.936542 0.2825035 0.3125054 2.026123 0.4148804 0.5511503 1.882494 -0.04131232 0.2340914 1.923293 -0.1300235 0.6803288 1.888218 -0.1835101 1.085566 1.829087 -0.2186484 1.43024 1.803799 0.0557036 0.6776986 1.887934 0.09518535 1.077608 1.793503 0.1271091 1.419309 1.734602  S_DodgingRight_SoClose
-0.04315202 0.003967166 1.909067 -0.1138597 0.09575927 1.941315 -0.3652777 0.299764 2.018949 -0.5241344 0.5034184 1.850435 0.02446462 0.09583151 1.93941 0.27974 0.3147463 2.028234 0.4106291 0.5510838 1.879516 -0.04501704 0.2354957 1.924727 -0.1322806 0.6820787 1.887488 -0.1861271 1.086127 1.821002 -0.220995 1.431104 1.799811 0.05342837 0.6783757 1.887437 0.09152795 1.078326 1.792612 0.1235405 1.420277 1.735229  S_DodgingRight_SoClose
-0.04517476 0.005284905 1.911925 -0.116465 0.09697878 1.94322 -0.3684316 0.2989056 2.021877 -0.5279883 0.5008614 1.851986 0.02186538 0.09763968 1.941989 0.2778905 0.3166324 2.030153 0.4075254 0.550024 1.875791 -0.04814528 0.2369013 1.926049 -0.1345264 0.6836761 1.886834 -0.1889983 1.086485 1.813671 -0.2237152 1.43171 1.796707 0.05116614 0.6792251 1.88698 0.08853997 1.079045 1.791321 0.1212014 1.421173 1.735379  S_DodgingRight_SoClose
-0.04756365 0.007480264 1.916488 -0.1199409 0.09888589 1.946272 -0.373078 0.2968026 2.027314 -0.5339337 0.4949771 1.854224 0.01838501 0.1006758 1.946188 0.2758274 0.3196393 2.033492 0.4022451 0.5465772 1.867293 -0.05262397 0.2391928 1.928295 -0.1387455 0.6859665 1.885776 -0.1950738 1.086348 1.801533 -0.2297433 1.431888 1.792947 0.04693081 0.6808994 1.886187 0.0845349 1.080042 1.787828 0.1196823 1.42234 1.734493  S_DodgingRight_SoClose
-0.04987369 0.009613872 1.920642 -0.1231534 0.1008546 1.948899 -0.3775584 0.295069 2.03145 -0.5399122 0.489676 1.855732 0.01515432 0.1034708 1.950082 0.274056 0.3221643 2.03653 0.3977698 0.542423 1.859653 -0.05649982 0.2413912 1.930256 -0.1425035 0.6880157 1.884366 -0.2011704 1.086063 1.79114 -0.2362474 1.431668 1.790213 0.04316064 0.6826254 1.885512 0.08155115 1.080917 1.784054 0.1193853 1.423273 1.732982  S_DodgingRight_SoClose
-0.05319409 0.01251376 1.9262 -0.1275338 0.1036919 1.952163 -0.3839779 0.2928754 2.035682 -0.5488365 0.4825037 1.856879 0.01072385 0.1070958 1.955402 0.2718655 0.3250123 2.04061 0.3923889 0.5350375 1.849644 -0.06136433 0.2443526 1.932747 -0.1473784 0.6905376 1.881779 -0.2101164 1.0854 1.778232 -0.2466546 1.430729 1.787569 0.03826531 0.6851041 1.884682 0.0786546 1.081856 1.778098 0.1205221 1.424173 1.729993  S_DodgingRight_SoClose
-0.06376205 0.0185504 1.937951 -0.1392132 0.1105301 1.957818 -0.4007919 0.291849 2.034649 -0.5693955 0.4720305 1.849676 -0.001222892 0.1139227 1.967006 0.2643528 0.3307943 2.046699 0.382359 0.5206046 1.834211 -0.07196246 0.250489 1.937091 -0.1548744 0.6956596 1.873607 -0.2285902 1.084618 1.755912 -0.2716268 1.428014 1.785923 0.03055187 0.6898134 1.882799 0.07494141 1.083286 1.766126 0.1233414 1.425436 1.723251  S_DodgingRight_SoClose
-0.07257001 0.02261555 1.945479 -0.1480873 0.1154865 1.960834 -0.413188 0.2932016 2.029252 -0.5825246 0.4675231 1.839397 -0.01046 0.1181785 1.974573 0.2581347 0.3342661 2.049217 0.3764127 0.5122027 1.826836 -0.07917784 0.2545363 1.939447 -0.1583451 0.6989726 1.8673 -0.2402525 1.084425 1.74364 -0.2890803 1.425694 1.786367 0.02675606 0.6926458 1.881409 0.07361735 1.084048 1.758887 0.1252163 1.426098 1.719043  S_DodgingRight_SoClose
-0.08395325 0.02621925 1.952334 -0.1585278 0.1205444 1.962646 -0.427242 0.2977786 2.016345 -0.5923206 0.4669844 1.818289 -0.02150611 0.1214921 1.981657 0.2502044 0.3370378 2.048311 0.3709026 0.5083557 1.822067 -0.08665578 0.2580254 1.94087 -0.1594841 0.7018332 1.860081 -0.251529 1.084866 1.73603 -0.3085917 1.423239 1.79008 0.02510877 0.694417 1.879369 0.0733927 1.084426 1.753016 0.1266811 1.426468 1.71539  S_DodgingRight_SoClose
-0.09647946 0.03064203 1.95942 -0.1697948 0.1263843 1.96439 -0.4416197 0.3028153 2.002333 -0.6019477 0.4662894 1.795745 -0.03366945 0.1255913 1.989019 0.2417093 0.3394771 2.047276 0.3652703 0.5034983 1.817202 -0.094761 0.2621279 1.942382 -0.1605292 0.7050714 1.852645 -0.2632782 1.085076 1.72769 -0.3289292 1.419835 1.793267 0.02335818 0.6965556 1.877433 0.07330664 1.084989 1.746941 0.128315 1.427005 1.711629  S_DodgingRight_SoClose
-0.1184479 0.03691328 1.968806 -0.1882342 0.1352541 1.966081 -0.4621074 0.3163924 1.975089 -0.5996209 0.4685004 1.74474 -0.05384622 0.130728 1.998587 0.2261543 0.3415999 2.043957 0.352754 0.5064946 1.81617 -0.1072162 0.267463 1.943772 -0.1605444 0.7089455 1.842311 -0.2793873 1.086223 1.723513 -0.3587362 1.415812 1.799329 0.02239748 0.6981497 1.872598 0.07486297 1.085474 1.739818 0.1317286 1.42746 1.70726  S_DodgingRight_SoClose
-0.1397564 0.04377711 1.976697 -0.2056267 0.1442734 1.967147 -0.4790864 0.3295007 1.948593 -0.5913641 0.4689813 1.697502 -0.07330482 0.136356 2.006713 0.2112217 0.3426837 2.040662 0.3408054 0.509106 1.815682 -0.119002 0.2728914 1.944913 -0.1603682 0.7126178 1.833435 -0.2936323 1.086961 1.720817 -0.3851418 1.41157 1.804056 0.02163203 0.6996632 1.868215 0.07646443 1.086108 1.733836 0.1349749 1.428048 1.70382  S_DodgingRight_SoClose
-0.1620632 0.05043459 1.982742 -0.223015 0.1532511 1.967994 -0.4930911 0.3454632 1.921715 -0.5659098 0.4689459 1.648664 -0.09271221 0.1410494 2.012822 0.1954549 0.3422796 2.04015 0.3232549 0.5151391 1.819037 -0.1303782 0.2776402 1.945937 -0.1604119 0.7156066 1.827389 -0.3049121 1.088404 1.723868 -0.406213 1.410836 1.804178 0.02120115 0.7001936 1.863175 0.07812651 1.086733 1.729944 0.1384406 1.428641 1.703322  S_DodgingRight_SoClose
-0.1911874 0.0603267 1.989243 -0.2454085 0.1656623 1.968401 -0.5077239 0.3646412 1.886274 -0.5263655 0.4636886 1.594813 -0.1181218 0.1481329 2.019666 0.1741148 0.3425174 2.039943 0.2998411 0.5230362 1.823818 -0.1453373 0.2842838 1.94706 -0.1607804 0.7196521 1.820564 -0.3177492 1.090473 1.728763 -0.4302635 1.410478 1.803671 0.02035518 0.7008949 1.857165 0.08042766 1.08749 1.725486 0.1434432 1.429228 1.703308  S_DodgingRight_SoClose
-0.2234072 0.07136261 1.993232 -0.2697685 0.1793083 1.968212 -0.5179935 0.3840812 1.84609 -0.4668871 0.4512793 1.549476 -0.1458351 0.1551536 2.024731 0.1479561 0.3441583 2.04668 0.2683776 0.5338953 1.835486 -0.1618631 0.2911731 1.948631 -0.162344 0.7241666 1.817895 -0.3259699 1.094865 1.737998 -0.4460465 1.41565 1.795903 0.01868083 0.7012128 1.852604 0.08349575 1.087551 1.722428 0.15066 1.428779 1.705117  S_DodgingRight_SoClose
-0.2555988 0.0833056 1.994286 -0.294165 0.1933495 1.966343 -0.5231252 0.4005134 1.806294 -0.4039776 0.4324017 1.523638 -0.1739989 0.1627845 2.027687 0.1208953 0.346073 2.057 0.2400939 0.5424842 1.851285 -0.1792615 0.2984989 1.949564 -0.1648849 0.7294485 1.817344 -0.3318279 1.100695 1.747479 -0.4566451 1.422153 1.78942 0.01588668 0.701852 1.849926 0.08569749 1.087257 1.71957 0.1574454 1.427742 1.706515  S_DodgingRight_SoClose
-0.2870222 0.09546661 1.991873 -0.3181092 0.2072649 1.962676 -0.5248678 0.4120356 1.767075 -0.344476 0.4056852 1.517023 -0.2019959 0.1703581 2.028196 0.09052356 0.3505054 2.071581 0.2088534 0.5524144 1.870746 -0.1971584 0.3060021 1.949922 -0.1682963 0.7356176 1.819836 -0.3350113 1.108232 1.757072 -0.4613569 1.430686 1.784173 0.01206543 0.7029855 1.849942 0.0865726 1.086608 1.716954 0.1629899 1.426187 1.707215  S_DodgingRight_SoClose
-0.3178181 0.1083926 1.986686 -0.3419648 0.22164 1.95777 -0.5261557 0.41982 1.731325 -0.2985958 0.3757354 1.527903 -0.2300833 0.1785799 2.026803 0.05952461 0.3547959 2.088694 0.1803192 0.5607988 1.893563 -0.2159951 0.3144449 1.950046 -0.1726704 0.743077 1.824295 -0.3401562 1.115435 1.762066 -0.4672 1.438104 1.782526 0.006986158 0.7051616 1.852357 0.08601739 1.086349 1.715049 0.1673469 1.424863 1.70857  S_DodgingRight_SoClose
-0.3519542 0.1240677 1.978022 -0.3686957 0.2386452 1.950809 -0.524173 0.42791 1.694795 -0.25974 0.3450444 1.559458 -0.2618774 0.1886963 2.023143 0.02300109 0.3594303 2.109568 0.1495506 0.5686713 1.921664 -0.2379821 0.3249778 1.949619 -0.1784401 0.7526205 1.830923 -0.3483359 1.123189 1.764672 -0.4760224 1.445624 1.784809 0.0001383592 0.7085969 1.85687 0.08362634 1.086609 1.713551 0.1703428 1.423835 1.711015  S_DodgingRight_SoClose
-0.3831522 0.1402196 1.966925 -0.3936799 0.2560213 1.943678 -0.5244869 0.4398719 1.669567 -0.2474371 0.3266885 1.595133 -0.291486 0.1989595 2.017417 -0.006919129 0.3558977 2.128203 0.1326832 0.5701638 1.95585 -0.2593092 0.3363544 1.949324 -0.1851081 0.7630472 1.838747 -0.3591887 1.129241 1.760181 -0.4854241 1.451506 1.789913 -0.00782804 0.7136794 1.863969 0.08006461 1.088074 1.713946 0.1711834 1.424146 1.714813  S_DodgingRight_SoClose
-0.4037631 0.1522113 1.958722 -0.4101634 0.2686348 1.938516 -0.5243837 0.4488102 1.65439 -0.246957 0.318261 1.62124 -0.3112665 0.2067004 2.012818 -0.02747415 0.3526305 2.13993 0.1216025 0.5699961 1.979828 -0.2735739 0.3446503 1.948799 -0.1896824 0.7704569 1.84417 -0.3670503 1.133171 1.757257 -0.4915977 1.455312 1.794504 -0.01335154 0.7175825 1.868934 0.077334 1.089512 1.714506 0.1710665 1.424849 1.717815  S_DodgingRight_SoClose
-0.4242795 0.1660366 1.949073 -0.4265885 0.283128 1.933174 -0.5290686 0.4679972 1.647471 -0.2580017 0.3213236 1.636647 -0.3308586 0.2154168 2.006579 -0.04502694 0.3419321 2.149737 0.1196763 0.5634594 2.012249 -0.2877192 0.3541248 1.947855 -0.1946114 0.7789997 1.850241 -0.3751912 1.137208 1.751994 -0.4968948 1.459235 1.798476 -0.01927636 0.7230647 1.875349 0.07567842 1.091779 1.715859 0.1716613 1.426462 1.720591  S_DodgingRight_SoClose
-0.4464027 0.1829387 1.937826 -0.4442969 0.300482 1.927112 -0.5353294 0.4933466 1.642761 -0.2743168 0.3292683 1.650394 -0.3521064 0.2263174 1.998791 -0.06538247 0.3292924 2.158594 0.116621 0.5530407 2.049434 -0.303123 0.3656017 1.946351 -0.2002498 0.7893032 1.857271 -0.3843117 1.142026 1.746445 -0.502192 1.463908 1.802753 -0.0260288 0.7300998 1.88264 0.0739416 1.094932 1.717393 0.1721942 1.428936 1.723383  S_DodgingRight_SoClose
-0.4595435 0.1941631 1.929583 -0.4548496 0.311921 1.922941 -0.5431111 0.5182821 1.647341 -0.2895404 0.3427656 1.649173 -0.3644733 0.2333018 1.992139 -0.07716207 0.3184304 2.1609 0.1168823 0.5423881 2.075495 -0.3122216 0.3730724 1.944355 -0.2040254 0.7963659 1.862368 -0.3894199 1.145483 1.7427 -0.505117 1.467297 1.803723 -0.03043662 0.7353379 1.887746 0.07408114 1.097065 1.718533 0.1740155 1.430571 1.724417  S_DodgingRight_SoClose
-0.47585 0.2083104 1.917609 -0.4680279 0.3261034 1.916758 -0.553274 0.5535803 1.657403 -0.3102107 0.3643855 1.642135 -0.3798698 0.2417443 1.981941 -0.09382533 0.3030429 2.162072 0.115364 0.5234971 2.109687 -0.3237126 0.382108 1.940786 -0.2090916 0.8049795 1.869331 -0.3956492 1.149339 1.738229 -0.5083669 1.471023 1.805221 -0.03630189 0.7416298 1.894472 0.07412083 1.099129 1.720104 0.1758845 1.432086 1.725744  S_DodgingRight_SoClose
-0.4882611 0.2196028 1.90427 -0.4782758 0.3372096 1.90943 -0.5625865 0.5903867 1.675185 -0.3301317 0.3942425 1.624197 -0.3914861 0.2479 1.969668 -0.1095163 0.2883297 2.160238 0.1119663 0.5019469 2.139806 -0.3327515 0.3890599 1.935411 -0.2136311 0.812109 1.876013 -0.399749 1.15284 1.735168 -0.5100991 1.474328 1.806879 -0.0414453 0.7468591 1.900427 0.07418664 1.100616 1.721852 0.1769964 1.433255 1.727286  S_DodgingRight_SoClose
-0.4969188 0.2291358 1.887088 -0.485845 0.3462868 1.899355 -0.5694859 0.6285782 1.702164 -0.3492091 0.4416997 1.594173 -0.3997958 0.2525128 1.95357 -0.1259993 0.2732071 2.156651 0.1058578 0.4762936 2.16678 -0.3396338 0.3948551 1.927713 -0.2177422 0.8186737 1.883335 -0.4020074 1.156396 1.73312 -0.5094782 1.47809 1.808202 -0.04594211 0.7518257 1.906086 0.07380588 1.10203 1.723272 0.1762472 1.434784 1.728624  S_DodgingRight_SoClose
-0.4971551 0.2327389 1.873513 -0.4866159 0.3493866 1.891302 -0.5733763 0.6495524 1.725735 -0.3610708 0.4897772 1.569191 -0.399982 0.2533985 1.940476 -0.1321077 0.2612814 2.150965 0.1078008 0.4530884 2.178504 -0.3403494 0.3969749 1.921004 -0.2193722 0.8220899 1.888505 -0.4030998 1.158042 1.73373 -0.5086325 1.480152 1.809766 -0.04737155 0.7549587 1.908771 0.07314457 1.103212 1.722763 0.1740543 1.436428 1.728447  S_DodgingRight_SoClose
-0.4949013 0.2328104 1.868114 -0.4850025 0.349218 1.888148 -0.574721 0.6551602 1.735932 -0.3653922 0.5123945 1.560128 -0.3977213 0.2527229 1.935137 -0.1312657 0.2556963 2.147349 0.112762 0.4413625 2.180257 -0.3388459 0.3969307 1.91819 -0.2194168 0.8228624 1.890705 -0.4036577 1.157536 1.733786 -0.5088826 1.480051 1.808523 -0.04714058 0.7560357 1.90959 0.07289751 1.103713 1.722201 0.1728003 1.437226 1.728212  S_DodgingRight_SoClose
-0.4884011 0.2307364 1.862466 -0.4798665 0.3469125 1.884762 -0.5759265 0.657155 1.746292 -0.3685131 0.5386591 1.551239 -0.3912096 0.250522 1.929328 -0.1237179 0.2488459 2.140802 0.1265434 0.4254973 2.176409 -0.334055 0.3956815 1.914785 -0.2183929 0.8230602 1.892829 -0.4042943 1.156706 1.73568 -0.5100257 1.479489 1.808519 -0.04548595 0.7573418 1.909735 0.07281794 1.104741 1.720733 0.1711351 1.438711 1.727477  S_DodgingRight_SoClose
-0.4816933 0.227949 1.858219 -0.4744495 0.3439456 1.882158 -0.5760611 0.6566942 1.754141 -0.37111 0.5586506 1.545598 -0.3845047 0.2479169 1.924887 -0.1150342 0.2426132 2.134604 0.1405397 0.4113253 2.170972 -0.3290134 0.3938831 1.912081 -0.217151 0.8225403 1.894295 -0.4045426 1.155631 1.737739 -0.5110295 1.478569 1.808771 -0.04363028 0.7580612 1.909608 0.07289083 1.105342 1.719288 0.1697169 1.439732 1.726776  S_DodgingRight_SoClose
-0.4691831 0.2222393 1.853477 -0.4641318 0.3380747 1.87911 -0.5742145 0.6523495 1.762885 -0.3735248 0.5815307 1.53969 -0.3720495 0.2431712 1.919747 -0.09718888 0.233523 2.124296 0.1661324 0.3904693 2.157972 -0.3194466 0.3903444 1.908687 -0.2145043 0.8210255 1.895611 -0.4041741 1.154117 1.741825 -0.5124829 1.477108 1.809796 -0.03991805 0.7590121 1.90886 0.07339682 1.106382 1.716773 0.1678199 1.441425 1.725638  S_DodgingRight_SoClose
-0.4410408 0.2085509 1.84718 -0.4407975 0.3242283 1.874972 -0.564704 0.639775 1.779914 -0.3812957 0.6146537 1.53326 -0.3444221 0.2324682 1.912776 -0.05594669 0.2139746 2.103391 0.2173849 0.3563855 2.114034 -0.2980818 0.3818891 1.904096 -0.2082366 0.8163034 1.896593 -0.4008261 1.150996 1.750085 -0.5140771 1.473497 1.812062 -0.03156118 0.7600031 1.907437 0.07574065 1.107127 1.711491 0.1648101 1.443573 1.722366  S_DodgingRight_SoClose
-0.4242289 0.2001655 1.844679 -0.4268645 0.315764 1.873336 -0.5564042 0.6316628 1.789477 -0.3868316 0.6282676 1.531909 -0.3281215 0.2260785 1.909991 -0.03162931 0.2040505 2.091154 0.2430232 0.3440292 2.082416 -0.2854751 0.3766522 1.90236 -0.2043401 0.812919 1.896455 -0.3974421 1.14938 1.754749 -0.5137554 1.47128 1.814124 -0.02659367 0.7599975 1.9068 0.07759126 1.10689 1.708774 0.1633468 1.444179 1.720188  S_DodgingRight_SoClose
-0.4045981 0.1906474 1.842916 -0.410634 0.3061409 1.872328 -0.5443775 0.6224598 1.800653 -0.3935442 0.6402619 1.53225 -0.3092721 0.2190144 1.907994 -0.003596587 0.1927702 2.077115 0.2689098 0.3329896 2.042718 -0.2709276 0.3707882 1.901374 -0.1996661 0.808924 1.895983 -0.3924204 1.147346 1.758539 -0.5124801 1.468516 1.814303 -0.0208243 0.7598736 1.906529 0.08006854 1.106436 1.706233 0.1617797 1.444732 1.717501  S_DodgingRight_SoClose
-0.3752024 0.1765609 1.84104 -0.386461 0.2916762 1.871663 -0.5235884 0.608498 1.817007 -0.4027744 0.6553738 1.53716 -0.2812372 0.2086198 1.905822 0.03662391 0.1758049 2.05585 0.3019566 0.3152181 1.983277 -0.2495436 0.3619825 1.900842 -0.1924538 0.8025191 1.895586 -0.3832838 1.143173 1.761 -0.5089688 1.463433 1.809069 -0.01227484 0.7589005 1.907183 0.08383586 1.105268 1.704216 0.1594051 1.445027 1.714279  S_DodgingRight_SoClose
-0.3439594 0.1615498 1.839212 -0.3608598 0.2759597 1.871198 -0.499267 0.5928998 1.833149 -0.41204 0.6683395 1.547129 -0.2516671 0.1975043 1.903739 0.07675059 0.1627247 2.032984 0.3258071 0.3062918 1.921343 -0.2272313 0.3522381 1.900622 -0.1845708 0.7948517 1.894966 -0.3718256 1.138554 1.763138 -0.5027537 1.457777 1.803496 -0.003294868 0.7566341 1.908383 0.08791257 1.103126 1.703375 0.1569308 1.444332 1.711324  S_DodgingRight_SoClose
-0.3201589 0.1497864 1.837957 -0.3417128 0.2632495 1.871338 -0.480541 0.5797701 1.843968 -0.4153441 0.6742261 1.557725 -0.2292611 0.1888447 1.902254 0.1054074 0.1603771 2.017539 0.3389773 0.3060606 1.878522 -0.2110656 0.3444616 1.900947 -0.1783001 0.7885941 1.895375 -0.3607658 1.134495 1.762585 -0.494225 1.453547 1.795269 0.003500478 0.7535852 1.910357 0.09077848 1.101155 1.705464 0.1554536 1.44327 1.710234  S_DodgingRight_SoClose
-0.2918616 0.1359173 1.836214 -0.3188814 0.2479659 1.871292 -0.4589192 0.5630029 1.856098 -0.4196657 0.6795606 1.573289 -0.2027548 0.1785887 1.900252 0.1381025 0.1592392 1.99906 0.3497032 0.3059968 1.829378 -0.192028 0.334901 1.901146 -0.1708945 0.7805502 1.895906 -0.3476092 1.129103 1.762273 -0.483212 1.448046 1.785951 0.01142366 0.749241 1.912679 0.09400083 1.098253 1.708289 0.1536272 1.441315 1.70936  S_DodgingRight_SoClose
-0.2660505 0.1228149 1.834957 -0.2984268 0.233041 1.871787 -0.444001 0.5444422 1.866132 -0.4230918 0.677385 1.588649 -0.1786361 0.1692002 1.898467 0.1659125 0.1691384 1.985707 0.3552531 0.3151205 1.790916 -0.1757448 0.3258272 1.901462 -0.1642412 0.7729697 1.897635 -0.3340646 1.124116 1.761875 -0.4686309 1.443993 1.777527 0.01841815 0.7439948 1.914885 0.09666719 1.095627 1.713303 0.1532962 1.439179 1.709641  S_DodgingRight_SoClose
-0.2406455 0.1109861 1.833503 -0.2781762 0.2191185 1.872084 -0.4299764 0.5261053 1.875759 -0.426512 0.674197 1.605269 -0.1550311 0.1609954 1.896462 0.1914588 0.1814513 1.972879 0.3580352 0.3240787 1.756051 -0.1598974 0.3175197 1.901548 -0.1579376 0.7659064 1.89946 -0.3210166 1.119541 1.7619 -0.4537033 1.440474 1.770243 0.02505036 0.7391951 1.91688 0.09894194 1.093553 1.718452 0.1526608 1.437496 1.710336  S_DodgingRight_SoClose
-0.2169534 0.100193 1.832476 -0.2593094 0.2059921 1.872728 -0.4224356 0.5058647 1.885253 -0.4319857 0.6667037 1.622294 -0.1330112 0.1539191 1.894509 0.212616 0.1998973 1.962866 0.3583589 0.3400164 1.729992 -0.1456664 0.3099383 1.901384 -0.1530151 0.7594011 1.90197 -0.3099125 1.115068 1.762474 -0.4385142 1.437747 1.766177 0.03037991 0.7347155 1.918046 0.09991659 1.092369 1.724005 0.1515113 1.436522 1.711962  S_DodgingRight_SoClose
-0.179332 0.08485508 1.830664 -0.2288954 0.1864672 1.87359 -0.4119366 0.4724873 1.899707 -0.4410205 0.6515694 1.650325 -0.09820347 0.144546 1.890895 0.2414417 0.2311021 1.947868 0.3584403 0.3669114 1.696927 -0.1232134 0.298918 1.900551 -0.1465176 0.7494493 1.906132 -0.2941111 1.108043 1.764 -0.414215 1.434001 1.764116 0.03757878 0.7285894 1.919358 0.1007505 1.091139 1.732355 0.1493263 1.435485 1.71463  S_DodgingRight_SoClose
-0.1587972 0.077407 1.829578 -0.2120449 0.1765019 1.87398 -0.4069049 0.4534202 1.907357 -0.4461685 0.6415542 1.66617 -0.07930885 0.140401 1.888647 0.2547009 0.2488958 1.940212 0.3582276 0.3834238 1.682746 -0.1110414 0.2934304 1.899802 -0.1436723 0.7441626 1.908533 -0.2864525 1.104193 1.765124 -0.4008065 1.432213 1.765287 0.04081186 0.7257302 1.91982 0.1008514 1.090767 1.736662 0.1480161 1.435151 1.716101  S_DodgingRight_SoClose
-0.1331663 0.06859434 1.828608 -0.1905455 0.164441 1.87485 -0.4000046 0.4291232 1.91665 -0.4523382 0.6268842 1.68587 -0.05564527 0.1358063 1.88577 0.2701754 0.2683893 1.931994 0.3629521 0.4063014 1.672231 -0.09561281 0.2867541 1.898684 -0.1410348 0.7371994 1.911265 -0.2773377 1.099003 1.766025 -0.3815232 1.430385 1.768293 0.04391076 0.7224854 1.920218 0.1000898 1.090271 1.741385 0.1456232 1.434663 1.717547  S_DodgingRight_SoClose
-0.1118542 0.06206441 1.827795 -0.1724174 0.1550915 1.875585 -0.3934008 0.4089117 1.924388 -0.4572766 0.6136942 1.702822 -0.03610985 0.1327677 1.883276 0.2817863 0.2841024 1.925811 0.3674804 0.4265964 1.666087 -0.08277152 0.2816441 1.897694 -0.139013 0.7314798 1.913524 -0.2695515 1.094825 1.766846 -0.3639687 1.4291 1.771257 0.04624464 0.7200093 1.920565 0.09922059 1.089851 1.745026 0.1433827 1.434205 1.718232  S_DodgingRight_SoClose
-0.09560923 0.05657518 1.8279 -0.1583215 0.1475226 1.876732 -0.3877789 0.3924867 1.930955 -0.4625551 0.6018025 1.717173 -0.02117406 0.1301028 1.881673 0.2901734 0.2945873 1.922823 0.3757404 0.4452564 1.667713 -0.07283638 0.2772338 1.896932 -0.1373591 0.7264262 1.914598 -0.2613364 1.091989 1.767736 -0.3450854 1.429061 1.774225 0.04808922 0.7174813 1.920117 0.09834214 1.089502 1.748423 0.1415398 1.433825 1.719725  S_DodgingRight_SoClose
-0.08181278 0.05240726 1.827866 -0.1462779 0.1415431 1.877598 -0.3825413 0.3787402 1.936547 -0.4667538 0.5914292 1.729715 -0.008600516 0.1282998 1.880202 0.2967475 0.3036747 1.920356 0.381881 0.4615937 1.669521 -0.06443803 0.2738148 1.896232 -0.135928 0.7223328 1.915522 -0.2542202 1.089754 1.76861 -0.328644 1.428972 1.776757 0.04964479 0.7155156 1.919742 0.09762247 1.089367 1.751406 0.1399328 1.433663 1.721113  S_DodgingRight_SoClose
-0.06984864 0.04735887 1.82935 -0.1357229 0.1351577 1.879458 -0.3777358 0.3647413 1.943146 -0.4729705 0.5795547 1.743414 0.002284305 0.1256124 1.879857 0.3010529 0.3114417 1.920976 0.3906889 0.479454 1.678403 -0.05716113 0.2697028 1.895781 -0.1340366 0.7177982 1.914999 -0.2437754 1.089219 1.771545 -0.3076563 1.430549 1.780842 0.05161669 0.7124612 1.917428 0.09786142 1.089139 1.755013 0.1396814 1.433422 1.723896  S_DodgingRight_SoClose
-0.05933664 0.04308641 1.830814 -0.1264245 0.1297331 1.881188 -0.3732373 0.3523282 1.949291 -0.47853 0.5684793 1.75616 0.01176067 0.1234349 1.879624 0.304201 0.3184574 1.922011 0.3977515 0.4959935 1.687845 -0.05083011 0.2662095 1.895347 -0.1322833 0.7139233 1.914277 -0.2337574 1.089177 1.774771 -0.2882734 1.432111 1.784692 0.05341532 0.7098007 1.915033 0.09826995 1.089048 1.758305 0.1396305 1.43333 1.726572  S_DodgingRight_SoClose
-0.05215625 0.03881097 1.833264 -0.1201196 0.1249176 1.883338 -0.3704226 0.3415536 1.955258 -0.4849468 0.5575659 1.767295 0.01812758 0.1209027 1.880361 0.3045537 0.3235375 1.92566 0.4039046 0.5101314 1.701123 -0.04668085 0.2627975 1.895028 -0.1305674 0.7104934 1.91222 -0.2226256 1.090941 1.780463 -0.2702351 1.43494 1.788931 0.05513902 0.7067857 1.911262 0.09942915 1.088704 1.760993 0.1406337 1.433024 1.729475  S_DodgingRight_SoClose
-0.04441146 0.03369343 1.837033 -0.1133989 0.1193861 1.886361 -0.3673357 0.3287482 1.963289 -0.4931213 0.5433158 1.780954 0.02485831 0.1178735 1.881899 0.3033951 0.3293594 1.931895 0.4099499 0.5269848 1.720484 -0.04242734 0.258794 1.894684 -0.1285826 0.7065947 1.908778 -0.2089399 1.093668 1.789231 -0.2501818 1.438555 1.794337 0.05710967 0.7030801 1.906031 0.1010543 1.08799 1.763495 0.1419514 1.432358 1.732097  S_DodgingRight_SoClose
-0.04035548 0.03056979 1.839969 -0.1099532 0.1161845 1.888551 -0.3657172 0.3210742 1.968807 -0.4985043 0.5338959 1.789414 0.02828624 0.1160219 1.883344 0.3015402 0.3327334 1.937029 0.4127068 0.5371603 1.734653 -0.040377 0.2564142 1.894513 -0.1274364 0.7043716 1.905955 -0.2004098 1.095735 1.796028 -0.238872 1.440976 1.797826 0.05823864 0.7007533 1.902321 0.1021776 1.087366 1.764467 0.1428142 1.431763 1.733047  S_DodgingRight_SoClose
-0.03760998 0.0282588 1.842763 -0.1076262 0.1139518 1.890556 -0.3641712 0.3160517 1.973382 -0.5021659 0.5271611 1.795906 0.03060104 0.1145834 1.885072 0.2999694 0.3345975 1.942099 0.4150799 0.5439031 1.747048 -0.03891162 0.2546706 1.894712 -0.1265672 0.7027172 1.903531 -0.1957174 1.096739 1.800868 -0.2338258 1.44202 1.799176 0.05910702 0.699052 1.8999 0.1024513 1.086822 1.765143 0.1424213 1.431233 1.733032  S_DodgingRight_SoClose
-0.03438376 0.02575576 1.846238 -0.1048825 0.1115676 1.89304 -0.3620726 0.3105866 1.978938 -0.5061939 0.5195524 1.80381 0.033327 0.1130775 1.887286 0.298007 0.3367702 1.948346 0.4174719 0.5518888 1.762452 -0.03714071 0.2528043 1.895041 -0.125538 0.7009114 1.900571 -0.190624 1.09777 1.80654 -0.22837 1.443041 1.800433 0.06013944 0.6972345 1.89712 0.1025959 1.086353 1.766019 0.1416207 1.430779 1.732916  S_DodgingRight_SoClose
-0.03200446 0.0240916 1.848799 -0.1027235 0.1100521 1.89493 -0.3598218 0.3080258 1.982442 -0.507755 0.5160388 1.80937 0.03547986 0.1119293 1.889139 0.2977571 0.33707 1.952937 0.4201768 0.5561365 1.773696 -0.03540866 0.2515049 1.895686 -0.1249347 0.6994128 1.898749 -0.1890024 1.097429 1.809009 -0.2271915 1.442597 1.800394 0.06075968 0.6961918 1.895788 0.1020637 1.086382 1.767534 0.1402738 1.430799 1.7334  S_DodgingRight_SoClose
-0.02759205 0.02048433 1.85425 -0.09856914 0.1068439 1.899093 -0.35502 0.3037672 1.98907 -0.5097804 0.5103481 1.820307 0.03962024 0.1092122 1.893148 0.2979445 0.336102 1.962281 0.424631 0.5624822 1.795527 -0.03185968 0.2485751 1.89739 -0.1242218 0.6958171 1.895624 -0.1861219 1.095888 1.813855 -0.2245669 1.440875 1.800449 0.0615023 0.6939632 1.893466 0.1011859 1.086306 1.771418 0.1383296 1.430505 1.734061  S_DodgingRight_SoClose
-0.02557199 0.01791072 1.858111 -0.09654914 0.1046326 1.902156 -0.3522343 0.3018073 1.992887 -0.5104786 0.5080451 1.826959 0.04163148 0.1070926 1.896047 0.2983182 0.3340777 1.968408 0.4264749 0.5644723 1.808413 -0.0300018 0.2464124 1.898882 -0.1244189 0.6930733 1.894178 -0.1844393 1.094378 1.817195 -0.2223677 1.439298 1.800887 0.06131579 0.6923387 1.892277 0.1007186 1.086082 1.774729 0.1374971 1.429926 1.733907  S_DodgingRight_SoClose
-0.0251842 0.01573503 1.861363 -0.0960943 0.1027964 1.90477 -0.3510639 0.3005487 1.995545 -0.5113056 0.5069413 1.83174 0.04207977 0.1052326 1.898506 0.297965 0.3318655 1.973103 0.4266118 0.5648422 1.817295 -0.02958028 0.2445568 1.90023 -0.1251815 0.6908476 1.893413 -0.1829458 1.093233 1.820447 -0.2198027 1.438153 1.80185 0.06055405 0.6907868 1.891451 0.1002565 1.085611 1.777692 0.1366123 1.429021 1.733023  S_DodgingRight_SoClose
-0.02550368 0.0140326 1.863872 -0.09638588 0.101357 1.906746 -0.3508334 0.2995998 1.997283 -0.512089 0.5062522 1.834805 0.04178681 0.1037649 1.90044 0.2972097 0.3300418 1.976601 0.4261715 0.5646332 1.8235 -0.02988551 0.243091 1.901275 -0.1258344 0.6892514 1.892857 -0.1820888 1.09239 1.822933 -0.2182031 1.43728 1.802417 0.05990036 0.689388 1.890822 0.1000791 1.085129 1.780468 0.1361282 1.428206 1.73307  S_DodgingRight_SoClose
-0.02622054 0.01245296 1.866197 -0.09709249 0.1000211 1.908549 -0.3510773 0.2987458 1.998683 -0.5129221 0.5057323 1.83722 0.04108139 0.1023967 1.902256 0.2961799 0.32829 1.979761 0.4253967 0.5641325 1.828812 -0.03059642 0.2417226 1.902245 -0.1264843 0.6878678 1.892363 -0.1814878 1.091651 1.825217 -0.2169686 1.436489 1.802818 0.05924948 0.6879686 1.890245 0.1000422 1.084603 1.783377 0.1358047 1.427376 1.733618  S_DodgingRight_SoClose
-0.02689592 0.01090288 1.868552 -0.09777729 0.09871459 1.91035 -0.3513527 0.2979043 1.999995 -0.513582 0.5052264 1.839351 0.04040076 0.1010504 1.904134 0.29521 0.3265426 1.98292 0.4246677 0.5635071 1.833948 -0.031274 0.2403749 1.903247 -0.1270224 0.6865197 1.891858 -0.181093 1.090861 1.827368 -0.2161196 1.435628 1.803223 0.05871095 0.6865448 1.889703 0.1000571 1.08402 1.786227 0.135416 1.426493 1.734171  S_DodgingRight_SoClose
-0.02789424 0.008441091 1.872524 -0.0988435 0.09665561 1.91332 -0.3519287 0.2965145 2.001932 -0.5143009 0.5043539 1.842103 0.0393491 0.09890747 1.907404 0.2937876 0.3236883 1.988144 0.4236273 0.5621694 1.84195 -0.03229712 0.2382284 1.904985 -0.1276036 0.6844124 1.890996 -0.1810049 1.089468 1.83056 -0.2158441 1.43407 1.803911 0.0581304 0.6842064 1.888905 0.1002178 1.082957 1.790772 0.1346386 1.424954 1.735086  S_DodgingRight_SoClose
-0.0281062 0.006856561 1.875406 -0.09908251 0.09537172 1.915491 -0.3519984 0.2957182 2.00318 -0.5141734 0.5037687 1.843425 0.03912248 0.09750581 1.909826 0.293382 0.3217691 1.991689 0.4233132 0.5610019 1.84681 -0.03243897 0.2368472 1.906319 -0.127824 0.6829204 1.89047 -0.1811239 1.088331 1.832368 -0.2160596 1.432815 1.804366 0.05791124 0.6828066 1.888482 0.09996034 1.082147 1.79276 0.1333742 1.42383 1.734589  S_DodgingRight_SoClose
-0.02821974 0.00573504 1.877594 -0.09921388 0.09447682 1.917138 -0.3520161 0.2951924 2.00411 -0.5140125 0.5033897 1.844365 0.03900035 0.09651732 1.911669 0.2931202 0.3203936 1.99436 0.4230931 0.5601681 1.850417 -0.03248994 0.2358721 1.907339 -0.1279693 0.6818444 1.89008 -0.181228 1.087503 1.833696 -0.2162567 1.431896 1.80471 0.05776687 0.681824 1.888173 0.09973176 1.081577 1.794152 0.1322913 1.423021 1.734123  S_DodgingRight_SoClose
-0.0284671 0.004552603 1.880121 -0.09942965 0.09356642 1.919093 -0.3522192 0.2947706 2.005046 -0.5138654 0.5028907 1.844846 0.03879394 0.09544861 1.913806 0.2929164 0.3187488 1.99731 0.4229722 0.5589007 1.854072 -0.03256021 0.2348433 1.908599 -0.1282288 0.6806604 1.889762 -0.1811164 1.086554 1.834732 -0.2159649 1.430884 1.804797 0.05750741 0.6808143 1.887872 0.0993454 1.08083 1.794916 0.1312441 1.422088 1.733492  S_DodgingRight_SoClose
-0.03032897 0.001732469 1.888095 -0.1010135 0.09161949 1.925446 -0.3538586 0.2945224 2.00789 -0.5142185 0.5017935 1.845314 0.0372345 0.09285092 1.920627 0.2917635 0.3139652 2.006561 0.4223512 0.5546809 1.864761 -0.03352056 0.2324373 1.912964 -0.1292075 0.6778662 1.889228 -0.1803526 1.084256 1.836257 -0.2140199 1.428483 1.803877 0.0565262 0.6782964 1.887136 0.0983934 1.078508 1.795041 0.1297196 1.419477 1.731747  S_DodgingRight_SoClose
-0.03147129 0.00118053 1.890754 -0.1019782 0.09139132 1.927605 -0.3547159 0.295042 2.008809 -0.514616 0.5018094 1.845142 0.03627868 0.09229481 1.92297 0.2910083 0.3125997 2.009806 0.4219386 0.553272 1.868249 -0.03415565 0.232002 1.914586 -0.1292866 0.6774225 1.889141 -0.1804875 1.083773 1.835917 -0.2142029 1.427984 1.803423 0.05644699 0.6776766 1.887012 0.0984825 1.077713 1.794237 0.1302105 1.418694 1.731201  S_DodgingRight_SoClose
-0.03405676 0.0009584427 1.896169 -0.1041455 0.09191394 1.931887 -0.3562678 0.2974218 2.010569 -0.5151152 0.503177 1.844617 0.03413149 0.09198737 1.927798 0.2890887 0.3107527 2.016667 0.4208921 0.5511938 1.875528 -0.03546761 0.2320093 1.917836 -0.1288776 0.6775029 1.888672 -0.181023 1.083615 1.834558 -0.2154586 1.427804 1.802589 0.05685868 0.6771647 1.886809 0.09884609 1.076837 1.792456 0.1312769 1.417969 1.730607  S_DodgingRight_SoClose
-0.03618316 0.001357913 1.899647 -0.1059855 0.09289396 1.934443 -0.3572609 0.2998648 2.011601 -0.5151986 0.5052387 1.844315 0.03230627 0.092273 1.930942 0.2870156 0.3103523 2.021397 0.419504 0.5506207 1.880606 -0.03657035 0.2325575 1.919733 -0.1281603 0.6782191 1.887907 -0.1812749 1.08414 1.833301 -0.2164731 1.428333 1.802223 0.05757828 0.6772054 1.886601 0.09928186 1.076717 1.791445 0.1320647 1.418048 1.730893  S_DodgingRight_SoClose
