-0.01850484 0.005456328 2.229696 -0.08292036 0.1042558 2.251386 -0.2793468 0.3693726 2.27758 -0.317504 0.6671394 2.206965 0.05503317 0.09605467 2.257617 0.2777403 0.3389771 2.294076 0.3422118 0.6357967 2.240729 -0.005158944 0.2400132 2.243397 -0.09446166 0.6838545 2.206484 -0.07594524 1.096434 2.203273 -0.05476902 1.442298 2.227837 0.0912409 0.6858543 2.20996 0.1304121 1.088112 2.125948 0.1618557 1.434859 2.120905  O_Gathering_SoClose
-0.02029864 0.005834103 2.229283 -0.08460365 0.1045028 2.251689 -0.2812511 0.3695577 2.278802 -0.3180136 0.6668409 2.205462 0.05335828 0.09617937 2.257563 0.2766126 0.3386292 2.294301 0.3403814 0.6353293 2.239465 -0.006745381 0.2401966 2.243563 -0.09599249 0.684041 2.206908 -0.07665013 1.096576 2.203006 -0.05479936 1.442373 2.227922 0.08971699 0.6860414 2.209999 0.13014 1.085197 2.112816 0.1602357 1.432056 2.118347  O_Gathering_SoClose
-0.02247827 0.006324053 2.228762 -0.08664469 0.1048311 2.252028 -0.2835511 0.3698126 2.280251 -0.3187608 0.6665142 2.203858 0.05132552 0.09635699 2.257474 0.2752198 0.3382391 2.294551 0.3381554 0.6347872 2.237959 -0.008666618 0.2404464 2.243742 -0.09784113 0.6842946 2.207395 -0.07747124 1.096771 2.202638 -0.05477713 1.442482 2.22799 0.08787526 0.6862959 2.210031 0.1297011 1.081794 2.099418 0.156648 1.428569 2.115814  O_Gathering_SoClose
-0.03258524 0.008209229 2.226382 -0.09612195 0.1059895 2.253188 -0.2939994 0.3706721 2.286063 -0.3238979 0.6650022 2.19898 0.04186406 0.09686065 2.256899 0.2682339 0.3363968 2.295399 0.327846 0.632221 2.231848 -0.01761947 0.2412624 2.24428 -0.1064439 0.6851249 2.209185 -0.08153664 1.097291 2.200629 -0.05505989 1.442585 2.227916 0.07928927 0.6871319 2.210016 0.1263959 1.07207 2.068571 0.1496143 1.416852 2.111398  O_Gathering_SoClose
-0.03985093 0.009578943 2.224858 -0.102925 0.1068437 2.25394 -0.301439 0.3713114 2.289875 -0.3286988 0.6642609 2.197435 0.03505578 0.0972594 2.256532 0.2629499 0.3352348 2.295978 0.3204819 0.6305051 2.228082 -0.02405457 0.241877 2.244653 -0.112609 0.6857478 2.210365 -0.08448295 1.097646 2.199244 -0.05527798 1.44262 2.227773 0.07312579 0.68776 2.210067 0.1231199 1.066859 2.054542 0.1452796 1.409746 2.110982  O_Gathering_SoClose
-0.04911492 0.01130736 2.223137 -0.1115895 0.1079139 2.254894 -0.3108939 0.3720926 2.294474 -0.335767 0.6637169 2.197293 0.02636929 0.09776342 2.256162 0.2559796 0.3338696 2.296813 0.3110814 0.628413 2.223927 -0.03225956 0.2426471 2.245173 -0.12046 0.6865251 2.211833 -0.08828311 1.098024 2.197415 -0.05560873 1.442555 2.227497 0.06526794 0.6885468 2.210227 0.1180601 1.062053 2.042568 0.1404136 1.402435 2.112488  O_Gathering_SoClose
-0.06459968 0.01387632 2.220666 -0.1260787 0.1094997 2.256175 -0.3264479 0.3732433 2.301259 -0.3501042 0.6640458 2.20135 0.01181372 0.09842956 2.255544 0.2437928 0.3316876 2.297606 0.2956673 0.6251089 2.218124 -0.04598795 0.2437415 2.24591 -0.1335272 0.6876373 2.21397 -0.0945131 1.098419 2.196346 -0.05614481 1.442273 2.227432 0.05217691 0.6896623 2.210591 0.1091467 1.057636 2.032396 0.1333686 1.393874 2.119601  O_Gathering_SoClose
-0.07772426 0.01570404 2.218915 -0.138388 0.1106325 2.256994 -0.339437 0.3740619 2.306228 -0.3644198 0.6654205 2.208281 -0.0005709957 0.09880459 2.255034 0.233002 0.3299096 2.297729 0.2828184 0.6225643 2.214207 -0.05765353 0.2444655 2.246437 -0.1445696 0.6883818 2.215523 -0.09965353 1.098534 2.197282 -0.05663202 1.441888 2.227793 0.04111059 0.6903968 2.211012 0.1015709 1.057045 2.031242 0.1282308 1.390056 2.129427  O_Gathering_SoClose
-0.08921598 0.01810324 2.218308 -0.1492991 0.1124539 2.25824 -0.3507916 0.3757272 2.310156 -0.3771187 0.6675333 2.213909 -0.01154999 0.0999763 2.25564 0.2230973 0.3293318 2.298411 0.2719947 0.6215151 2.212724 -0.06797318 0.2459342 2.247758 -0.154211 0.6898821 2.217481 -0.1042219 1.099165 2.193748 -0.05676005 1.441655 2.227249 0.03146203 0.6918671 2.21267 0.09548743 1.059864 2.036935 0.1245757 1.389039 2.146686  O_Gathering_SoClose
-0.1059543 0.02309024 2.21884 -0.1655257 0.1166379 2.260785 -0.3674014 0.3799373 2.314825 -0.3959731 0.6722512 2.220785 -0.02786057 0.103237 2.258343 0.2078938 0.3302133 2.300917 0.25667 0.6220978 2.214149 -0.08327805 0.249613 2.251105 -0.1682979 0.6936148 2.221183 -0.1110951 1.100796 2.182381 -0.05541519 1.440976 2.225414 0.01739903 0.6955458 2.217381 0.08743854 1.068788 2.055553 0.1203749 1.390321 2.18509  O_Gathering_SoClose
-0.119326 0.0304203 2.221126 -0.1797325 0.1231395 2.263188 -0.3808176 0.3871931 2.314291 -0.4105441 0.679006 2.219059 -0.04212533 0.1090264 2.264719 0.1946218 0.3336157 2.310334 0.2441873 0.625585 2.224301 -0.09655617 0.2557225 2.25654 -0.1799248 0.6996879 2.224707 -0.1173518 1.103871 2.167304 -0.054013 1.440804 2.223324 0.005797701 0.701738 2.226823 0.08197249 1.080167 2.080562 0.1175473 1.391705 2.231976  O_Gathering_SoClose
-0.1344451 0.04353559 2.226444 -0.1969619 0.135072 2.267298 -0.3957638 0.400799 2.310915 -0.425926 0.6908485 2.210571 -0.05975793 0.1201543 2.276773 0.1781631 0.3411219 2.328365 0.2297232 0.6334267 2.244676 -0.1128237 0.267211 2.266393 -0.1935539 0.7110571 2.230667 -0.1242948 1.109108 2.145034 -0.04936127 1.439708 2.220947 -0.008308811 0.7134094 2.244093 0.0752712 1.098466 2.121011 0.1124033 1.393645 2.301949  O_Gathering_SoClose
-0.143562 0.05519295 2.232215 -0.2078916 0.1458315 2.27172 -0.4040463 0.4132417 2.30868 -0.433799 0.701315 2.20268 -0.07133727 0.1304034 2.2876 0.1675162 0.3480645 2.343643 0.221167 0.6405404 2.261888 -0.1233892 0.2776878 2.275464 -0.2020512 0.7214046 2.236699 -0.1287091 1.113463 2.129526 -0.04620449 1.438809 2.219061 -0.01768444 0.7240585 2.259135 0.071153 1.113313 2.15429 0.1087451 1.395844 2.354318  O_Gathering_SoClose
-0.1504004 0.06899297 2.239287 -0.2166615 0.1586767 2.277244 -0.4098316 0.4277648 2.307688 -0.4376171 0.7127204 2.193077 -0.08105366 0.1428783 2.299563 0.1581761 0.357365 2.359885 0.2137024 0.6501202 2.280415 -0.1321998 0.2903354 2.285786 -0.2089673 0.7339111 2.244334 -0.1325126 1.118626 2.115014 -0.04309772 1.437989 2.21839 -0.02591894 0.7369316 2.27573 0.0661843 1.129313 2.186527 0.1022911 1.399105 2.403682  O_Gathering_SoClose
-0.1542902 0.08335316 2.247283 -0.2222944 0.1721542 2.283774 -0.4127951 0.442613 2.308891 -0.4366243 0.7227301 2.182107 -0.08772485 0.1561829 2.31158 0.1511863 0.3681669 2.37551 0.2079579 0.6613665 2.298598 -0.1382311 0.3037314 2.296484 -0.213659 0.7471784 2.253026 -0.1358976 1.123844 2.102522 -0.04093872 1.43747 2.217828 -0.03206353 0.7505685 2.291924 0.06097444 1.144832 2.212528 0.09391554 1.40411 2.442609  O_Gathering_SoClose
-0.1578103 0.1140679 2.263031 -0.2289658 0.2010846 2.296984 -0.4148001 0.4736986 2.314362 -0.4299448 0.7420754 2.163193 -0.09666435 0.185002 2.334064 0.1442858 0.388442 2.403328 0.207579 0.6816255 2.331622 -0.1463727 0.3326402 2.317288 -0.220009 0.7759194 2.271928 -0.1405951 1.132772 2.079771 -0.03551553 1.435363 2.214199 -0.04158799 0.7799784 2.323415 0.05170681 1.175701 2.251978 0.07652374 1.415494 2.503237  O_Gathering_SoClose
-0.1559155 0.1434704 2.273957 -0.2297309 0.228578 2.306473 -0.4134187 0.5018387 2.321717 -0.4237353 0.7610955 2.155023 -0.09940551 0.2126967 2.350066 0.1416223 0.4099349 2.42057 0.2083296 0.7030072 2.351554 -0.1492431 0.3602844 2.333229 -0.2230475 0.8034786 2.289771 -0.145143 1.140905 2.064717 -0.03319065 1.434059 2.213717 -0.04744891 0.8081858 2.350141 0.04662748 1.202525 2.272364 0.06284709 1.423371 2.541087  O_Gathering_SoClose
-0.1501011 0.1843814 2.28114 -0.2260822 0.2669314 2.314806 -0.4079327 0.5420281 2.328368 -0.4029969 0.7888927 2.143595 -0.09663622 0.2514675 2.361086 0.1435723 0.4439783 2.42273 0.2108426 0.7361339 2.350451 -0.1480272 0.3988311 2.34722 -0.224404 0.841845 2.31023 -0.1503 1.152078 2.047859 -0.03113441 1.432822 2.21416 -0.05025904 0.8471976 2.374622 0.04943021 1.231796 2.262596 0.05762799 1.428617 2.549724  O_Gathering_SoClose
-0.1442448 0.2158964 2.282112 -0.2211026 0.2965027 2.31828 -0.4027298 0.5729113 2.330678 -0.3821927 0.8091944 2.133558 -0.09126477 0.281448 2.363587 0.1475918 0.4723114 2.413396 0.21292 0.7634212 2.335347 -0.1444418 0.4284881 2.353547 -0.2236793 0.8711916 2.32319 -0.1541129 1.159446 2.03571 -0.03110735 1.432179 2.212233 -0.04923389 0.8769684 2.386727 0.05504908 1.2484 2.23987 0.05851521 1.428046 2.538138  O_Gathering_SoClose
-0.1366252 0.2502662 2.279727 -0.2144215 0.3285617 2.318805 -0.4008345 0.6040499 2.331076 -0.3684789 0.8257918 2.1192 -0.08412443 0.31398 2.362933 0.1525037 0.5046414 2.398668 0.2147417 0.7941899 2.312689 -0.1394154 0.460488 2.357667 -0.221761 0.902535 2.334861 -0.1576631 1.166269 2.023556 -0.03115813 1.430947 2.20961 -0.04698072 0.908797 2.397424 0.05908086 1.268563 2.225021 0.05732496 1.426951 2.535115  O_Gathering_SoClose
-0.1274187 0.2896327 2.274586 -0.2061327 0.3650316 2.317372 -0.4012297 0.6374306 2.330178 -0.3567783 0.8410038 2.102825 -0.07517795 0.3510138 2.3597 0.1576523 0.5430535 2.378147 0.2146857 0.8303908 2.281769 -0.1330064 0.4966307 2.360673 -0.21892 0.9374238 2.347165 -0.1619718 1.17306 2.012789 -0.03245364 1.42965 2.20788 -0.04359935 0.9442651 2.408136 0.06528707 1.287167 2.205737 0.05984564 1.428043 2.524127  O_Gathering_SoClose
-0.1151985 0.3385271 2.262425 -0.1949453 0.4094337 2.310654 -0.398241 0.6773071 2.322453 -0.3329552 0.8590963 2.082042 -0.06307547 0.3960642 2.350263 0.1641873 0.5919057 2.346667 0.2141345 0.8757378 2.236898 -0.1242012 0.5399569 2.360651 -0.2147989 0.9780416 2.360745 -0.1674162 1.178746 2.002908 -0.03496079 1.427388 2.206148 -0.03876195 0.9857993 2.419502 0.07147379 1.309023 2.187602 0.06195183 1.429177 2.514282  O_Gathering_SoClose
-0.1045785 0.3791088 2.247449 -0.1850742 0.4454528 2.300689 -0.3944279 0.7079713 2.312125 -0.3105607 0.8734155 2.065747 -0.05241643 0.4326445 2.337771 0.1691138 0.6328059 2.315593 0.2122701 0.913026 2.194273 -0.1163438 0.5743587 2.357258 -0.2110411 1.009031 2.370503 -0.1719668 1.181469 1.997257 -0.0375248 1.425012 2.205311 -0.03439085 1.017647 2.427267 0.07534094 1.327667 2.177768 0.062723 1.429731 2.510442  O_Gathering_SoClose
-0.0867763 0.4464856 2.211869 -0.1684088 0.5029199 2.274099 -0.3883145 0.7520674 2.29099 -0.2786232 0.8988215 2.04292 -0.03452174 0.4911678 2.306862 0.1763184 0.6993465 2.254615 0.2082383 0.9722863 2.114653 -0.1032785 0.6268803 2.344332 -0.2056601 1.052889 2.384641 -0.1799092 1.182579 1.993372 -0.04224728 1.420341 2.205956 -0.02807741 1.063044 2.438147 0.08103003 1.354351 2.166781 0.06439586 1.430563 2.506137  O_Gathering_SoClose
-0.07729684 0.4822005 2.187372 -0.1595148 0.5319786 2.254366 -0.3846655 0.7722666 2.280657 -0.2643999 0.9127282 2.033848 -0.02507089 0.5208715 2.285005 0.1793144 0.7338914 2.217867 0.2053259 1.002505 2.068621 -0.09646897 0.6517156 2.333291 -0.2035527 1.07128 2.390873 -0.1841647 1.182157 1.993501 -0.04486833 1.417679 2.207509 -0.02556221 1.082361 2.442817 0.08378763 1.366464 2.164013 0.06505348 1.430786 2.505714  O_Gathering_SoClose
-0.06882589 0.5143253 2.161649 -0.1515602 0.5570781 2.232773 -0.3814285 0.7880675 2.272506 -0.2546572 0.9248767 2.026905 -0.01667772 0.5465871 2.261651 0.1816607 0.7643807 2.181971 0.202835 1.028756 2.024612 -0.09050511 0.6716649 2.320426 -0.202294 1.084008 2.395618 -0.1879229 1.18132 1.994497 -0.04699181 1.415255 2.209174 -0.02400379 1.096008 2.446315 0.0862266 1.375874 2.1636 0.0656289 1.430918 2.506811  O_Gathering_SoClose
-0.06135337 0.5424298 2.138108 -0.1445247 0.5784106 2.212443 -0.3797822 0.7991277 2.265709 -0.2496237 0.9344456 2.021056 -0.009313745 0.5685463 2.239974 0.182656 0.7911892 2.150815 0.1989826 1.05228 1.987506 -0.08528809 0.6874956 2.308006 -0.2016197 1.092271 2.399583 -0.1910924 1.180191 1.99618 -0.04871724 1.41308 2.211043 -0.02313678 1.10531 2.449336 0.08899786 1.381719 2.16398 0.06627621 1.430556 2.507996  O_Gathering_SoClose
-0.05445431 0.5678263 2.115125 -0.1380595 0.5969514 2.191983 -0.3771505 0.8070719 2.262178 -0.2468705 0.9430736 2.017969 -0.002606792 0.5877054 2.218523 0.1833037 0.815253 2.121977 0.1956862 1.073595 1.954017 -0.08062987 0.6999245 2.29513 -0.2017019 1.096447 2.402949 -0.1940167 1.178839 1.998317 -0.05017946 1.411092 2.212894 -0.02312742 1.110699 2.452037 0.09198566 1.384387 2.165249 0.06688221 1.429717 2.509578  O_Gathering_SoClose
-0.04575787 0.6028684 2.085711 -0.1297311 0.6222981 2.165267 -0.3730531 0.8156587 2.258244 -0.2443278 0.9544163 2.014761 0.006041186 0.6141023 2.190485 0.1840626 0.8467125 2.082512 0.1926791 1.098833 1.905126 -0.0745918 0.7159436 2.278098 -0.2022145 1.099818 2.407501 -0.198057 1.176618 2.001719 -0.05208759 1.408359 2.215408 -0.02360563 1.116035 2.455848 0.09763707 1.385225 2.167334 0.06810166 1.427993 2.51164  O_Gathering_SoClose
-0.03799049 0.637866 2.059623 -0.121994 0.6475101 2.141014 -0.3685589 0.8219294 2.253958 -0.2420868 0.9653041 2.011975 0.01409812 0.6407204 2.164891 0.181697 0.8799324 2.050172 0.1847276 1.128779 1.868044 -0.06883185 0.7311286 2.262351 -0.2028811 1.101184 2.411829 -0.202073 1.173934 2.005281 -0.05383126 1.405548 2.217539 -0.02434246 1.11971 2.459602 0.1054971 1.382886 2.169286 0.06999816 1.425511 2.513046  O_Gathering_SoClose
-0.03363458 0.6600678 2.044527 -0.1174441 0.6634563 2.126688 -0.3654476 0.8249736 2.251178 -0.2411143 0.9719722 2.010262 0.01885911 0.6579129 2.149666 0.1798097 0.9008487 2.031312 0.1798145 1.147314 1.845949 -0.06538729 0.7405509 2.252733 -0.2034006 1.101213 2.414522 -0.2044321 1.171942 2.007618 -0.05484657 1.403699 2.218773 -0.02496032 1.121165 2.462088 0.1107913 1.380002 2.170577 0.07128097 1.423662 2.513769  O_Gathering_SoClose
-0.0286551 0.6891827 2.026367 -0.1119096 0.6842597 2.109126 -0.3610519 0.8278525 2.247393 -0.2404247 0.9805229 2.008126 0.02466698 0.6809013 2.13087 0.1768534 0.9284284 2.008816 0.1735575 1.171827 1.819473 -0.06112401 0.7527048 2.240567 -0.2042074 1.100312 2.417977 -0.2073577 1.16905 2.010743 -0.05608104 1.401236 2.220216 -0.02595447 1.122072 2.465453 0.1180332 1.374607 2.17237 0.07309778 1.420923 2.514545  O_Gathering_SoClose
-0.02595232 0.7124681 2.013482 -0.1082222 0.7007052 2.09664 -0.3576664 0.8294464 2.244159 -0.240456 0.9873343 2.006587 0.02860482 0.7000642 2.117016 0.1735636 0.9515029 1.992981 0.1680586 1.192799 1.801017 -0.05812101 0.7626132 2.231539 -0.2047484 1.099643 2.420395 -0.2093344 1.166643 2.012885 -0.05683885 1.399178 2.221084 -0.0266491 1.122519 2.467923 0.1231345 1.370242 2.173641 0.07446744 1.418749 2.515001  O_Gathering_SoClose
-0.02451818 0.7331291 2.003166 -0.1054689 0.7151051 2.086602 -0.3547124 0.83034 2.241064 -0.2408364 0.9933692 2.00535 0.03153731 0.7177014 2.105571 0.1699408 0.9728048 1.980474 0.1628723 1.212524 1.786595 -0.05575488 0.7715446 2.224021 -0.2051631 1.099091 2.422358 -0.2109266 1.164479 2.014601 -0.05737482 1.397328 2.22167 -0.02718787 1.122703 2.46999 0.1271765 1.36629 2.174625 0.07568373 1.416849 2.515272  O_Gathering_SoClose
-0.0248609 0.7556257 1.993065 -0.1035491 0.7305063 2.076975 -0.3520082 0.8307776 2.237522 -0.2412477 0.9985126 2.003632 0.03356161 0.7377793 2.093857 0.1645585 0.9972118 1.968227 0.1561449 1.235723 1.772916 -0.05367057 0.7814323 2.216472 -0.205398 1.098929 2.424136 -0.2122326 1.162178 2.016058 -0.05759172 1.395227 2.222087 -0.02750884 1.122877 2.471921 0.1303281 1.362794 2.17539 0.07690604 1.414891 2.515508  O_Gathering_SoClose
-0.02796618 0.7794217 1.983706 -0.1029343 0.7462565 2.068423 -0.3498276 0.8302551 2.23347 -0.2414804 1.002029 2.001388 0.03396996 0.7604353 2.082332 0.1565725 1.025209 1.956943 0.1470906 1.263323 1.761197 -0.0521395 0.7921276 2.209336 -0.2053755 1.099538 2.425629 -0.2132107 1.159918 2.017135 -0.05740337 1.392972 2.222279 -0.02748774 1.123147 2.473588 0.1318715 1.360404 2.175734 0.07806875 1.413118 2.515696  O_Gathering_SoClose
-0.03153209 0.7927745 1.978981 -0.1033223 0.7545307 2.06447 -0.3481638 0.8286076 2.231116 -0.2417525 1.003807 2.000705 0.03310235 0.7742895 2.076097 0.1502944 1.04283 1.951095 0.1402517 1.281505 1.756064 -0.05156795 0.7981063 2.205762 -0.2051762 1.100169 2.426007 -0.2135434 1.158892 2.017282 -0.05701439 1.39171 2.222143 -0.02727 1.123438 2.474064 0.1330707 1.359454 2.175751 0.07906659 1.412209 2.515675  O_Gathering_SoClose
-0.03662179 0.803461 1.97555 -0.1044445 0.7604116 2.062185 -0.3462755 0.8254526 2.229056 -0.2421931 1.004938 2.00089 0.03104611 0.7868699 2.071101 0.1430556 1.059643 1.946752 0.1324706 1.299973 1.75379 -0.05143378 0.8028653 2.203353 -0.2048521 1.101116 2.425838 -0.2136003 1.158372 2.016912 -0.05643729 1.390745 2.221794 -0.02691768 1.123908 2.474019 0.1342933 1.359275 2.175662 0.08016963 1.411684 2.515621  O_Gathering_SoClose
-0.04129903 0.8091599 1.973475 -0.1056584 0.7629119 2.061294 -0.3443912 0.8219947 2.227416 -0.2428252 1.005712 2.001495 0.02872665 0.7950723 2.067899 0.1373188 1.071619 1.945119 0.1259865 1.314949 1.755999 -0.05155806 0.8053359 2.202057 -0.2045471 1.101803 2.425475 -0.2135575 1.158272 2.016446 -0.05594532 1.3902 2.221487 -0.02661387 1.124172 2.473858 0.1352553 1.359316 2.175681 0.08106442 1.411412 2.515677  O_Gathering_SoClose
-0.04501436 0.8109484 1.972477 -0.106771 0.7630055 2.061423 -0.342885 0.8188388 2.226392 -0.2435505 1.006004 2.002317 0.02660556 0.799407 2.066206 0.1337643 1.078971 1.945607 0.1211899 1.325842 1.761213 -0.05184523 0.8060709 2.201671 -0.2043485 1.102276 2.425013 -0.2134411 1.15846 2.015946 -0.05561654 1.390001 2.221261 -0.02644299 1.124316 2.473648 0.1358822 1.359619 2.175846 0.0816154 1.411406 2.515877  O_Gathering_SoClose
-0.04761748 0.8112969 1.971678 -0.1076688 0.7627378 2.06164 -0.3418807 0.8165334 2.225751 -0.2441165 1.005911 2.002847 0.02492185 0.8020418 2.065129 0.132556 1.084101 1.948504 0.1151486 1.335149 1.770245 -0.05214761 0.8063689 2.201478 -0.2042281 1.102589 2.424585 -0.2134628 1.15866 2.015507 -0.05554334 1.389877 2.221113 -0.02636246 1.124378 2.473479 0.1362177 1.360131 2.176172 0.0819325 1.411563 2.516253  O_Gathering_SoClose
-0.04909621 0.8098072 1.971056 -0.1084002 0.7618222 2.062035 -0.3414243 0.8149707 2.225564 -0.2447001 1.005375 2.003082 0.02370335 0.802795 2.064706 0.1346464 1.086764 1.954657 0.1091091 1.343591 1.785862 -0.05254535 0.806074 2.201544 -0.2042571 1.102718 2.424107 -0.2135905 1.158923 2.015049 -0.05575864 1.389846 2.221053 -0.0264502 1.124328 2.473293 0.1362625 1.361013 2.176799 0.08194269 1.411958 2.516949  O_Gathering_SoClose
-0.0484737 0.8071871 1.970358 -0.1085015 0.7610734 2.062079 -0.3418487 0.8147215 2.225544 -0.2454122 1.004539 2.002438 0.02357246 0.8021281 2.064951 0.1422824 1.086585 1.965442 0.1069545 1.351474 1.811526 -0.0529807 0.8056682 2.201612 -0.2044907 1.102571 2.423666 -0.2139956 1.15904 2.014648 -0.05644975 1.389794 2.221061 -0.02672408 1.124146 2.473013 0.1358961 1.362454 2.177772 0.0815856 1.412705 2.518026  O_Gathering_SoClose
-0.04814444 0.8045359 1.970223 -0.108908 0.7599636 2.062379 -0.3424696 0.8149002 2.225381 -0.2458177 1.003697 2.001502 0.02321048 0.8008524 2.06555 0.1482951 1.084794 1.973854 0.1086002 1.354967 1.830552 -0.0538011 0.8049914 2.201937 -0.2050913 1.102492 2.423148 -0.2142922 1.159305 2.014171 -0.0569093 1.389825 2.220968 -0.02732383 1.12407 2.47249 0.1358415 1.363704 2.178627 0.08133455 1.41347 2.518921  O_Gathering_SoClose
-0.04801593 0.8018184 1.970333 -0.1094933 0.7586542 2.062808 -0.343161 0.8152093 2.225142 -0.246106 1.00283 2.00045 0.0226834 0.7993281 2.066301 0.1536302 1.082302 1.981527 0.1118292 1.356583 1.846891 -0.05482964 0.8041769 2.20238 -0.2058789 1.102441 2.422571 -0.2145386 1.159654 2.013638 -0.05726872 1.389897 2.22083 -0.02809499 1.12403 2.471849 0.1359341 1.364901 2.179481 0.0811251 1.414266 2.519785  O_Gathering_SoClose
-0.04797165 0.7988777 1.970567 -0.1102252 0.7571285 2.063279 -0.3439091 0.8155427 2.224873 -0.2463707 1.001875 1.99932 0.02203138 0.7975059 2.067166 0.1590408 1.079203 1.989895 0.1153938 1.35722 1.863776 -0.0560724 0.8031856 2.202875 -0.2068916 1.102335 2.421879 -0.2147542 1.16008 2.013004 -0.05760906 1.389994 2.220654 -0.02909539 1.123928 2.471111 0.1360863 1.366184 2.180542 0.08084776 1.415193 2.520828  O_Gathering_SoClose
-0.04806046 0.7945258 1.971082 -0.1114606 0.7547163 2.063993 -0.3450198 0.8160511 2.224462 -0.2466863 1.000434 1.997656 0.02093603 0.7945642 2.068526 0.1663676 1.074001 2.002326 0.1207026 1.356484 1.887337 -0.05810128 0.801564 2.203631 -0.2086067 1.102108 2.420769 -0.2149932 1.160773 2.012 -0.05802427 1.390167 2.220357 -0.03079574 1.123695 2.46995 0.1363962 1.368025 2.182282 0.08039464 1.416633 2.522501  O_Gathering_SoClose
-0.04816685 0.7909505 1.971438 -0.1125427 0.7526453 2.064402 -0.3459583 0.8164191 2.223985 -0.2468474 0.9991013 1.996143 0.01996441 0.7920464 2.069567 0.1721286 1.069503 2.013091 0.1262276 1.355136 1.906267 -0.05991099 0.8000706 2.204122 -0.2103917 1.10164 2.419809 -0.2150744 1.161288 2.011159 -0.05836795 1.390301 2.220133 -0.03260396 1.123232 2.469073 0.1365077 1.369223 2.183954 0.07974334 1.417816 2.524048  O_Gathering_SoClose
-0.0483108 0.7855601 1.971949 -0.1141752 0.7493948 2.06485 -0.3473487 0.8168776 2.223131 -0.2469243 0.9969027 1.993755 0.01848741 0.7881132 2.071074 0.1800988 1.062512 2.030015 0.1353949 1.352207 1.934188 -0.06271838 0.7976181 2.204733 -0.2134476 1.100621 2.41831 -0.2150035 1.161966 2.009888 -0.0588638 1.390494 2.219815 -0.03573922 1.122236 2.467849 0.1364965 1.37066 2.186737 0.0784253 1.419594 2.526562  O_Gathering_SoClose
-0.04736398 0.7758851 1.973565 -0.1158058 0.7432641 2.06609 -0.3494661 0.8171988 2.221477 -0.2460932 0.9924239 1.989706 0.01706119 0.7808936 2.074315 0.1925804 1.050218 2.062444 0.1554631 1.345798 1.9827 -0.06659357 0.7930393 2.206238 -0.2187049 1.098756 2.415565 -0.2139686 1.162636 2.007555 -0.05987273 1.390912 2.219258 -0.04130451 1.120586 2.466103 0.1359462 1.373298 2.192018 0.07476909 1.422921 2.531197  O_Gathering_SoClose
-0.04600398 0.7671986 1.975152 -0.1162798 0.737215 2.067302 -0.3506581 0.8162422 2.220338 -0.245496 0.9886884 1.987291 0.01672597 0.7740055 2.076956 0.2000232 1.039512 2.085323 0.1716316 1.338616 2.015787 -0.06868266 0.7883101 2.207532 -0.2219593 1.096429 2.413254 -0.2123282 1.162937 2.005752 -0.06033937 1.391419 2.218752 -0.04483364 1.118445 2.464668 0.1348778 1.375089 2.195891 0.071656 1.425482 2.534582  O_Gathering_SoClose
-0.04446523 0.7582564 1.976409 -0.1162158 0.7304354 2.068175 -0.3509336 0.8140891 2.219513 -0.2452659 0.9851359 1.985665 0.01690014 0.7664936 2.079002 0.2051657 1.028915 2.10258 0.1852594 1.330324 2.040444 -0.06992768 0.7826912 2.208416 -0.2242986 1.09298 2.411265 -0.2105088 1.163005 2.004472 -0.06047706 1.391972 2.218337 -0.04743151 1.115129 2.463505 0.1330938 1.375713 2.199101 0.06884892 1.427437 2.537398  O_Gathering_SoClose
-0.0430942 0.749911 1.976699 -0.1158421 0.7234823 2.06813 -0.3505032 0.8106439 2.218635 -0.2457094 0.9819816 1.984606 0.01735564 0.758971 2.0798 0.2084346 1.01933 2.111973 0.1943407 1.321803 2.053532 -0.07044517 0.776484 2.208383 -0.2257693 1.088257 2.41002 -0.209095 1.162861 2.004149 -0.0603085 1.392467 2.218199 -0.04910884 1.110415 2.462951 0.130572 1.37443 2.20139 0.0667692 1.428349 2.539428  O_Gathering_SoClose
-0.0413876 0.7387645 1.976729 -0.1151952 0.7138075 2.067756 -0.3495151 0.8051524 2.217502 -0.2467179 0.9779308 1.983648 0.01809581 0.7486257 2.080344 0.2118592 1.006891 2.120084 0.204287 1.310089 2.064244 -0.07074653 0.7676408 2.207995 -0.2272526 1.081133 2.40885 -0.2074506 1.162446 2.004412 -0.05990462 1.393094 2.218201 -0.05084066 1.103223 2.462631 0.1267669 1.371446 2.203951 0.06440981 1.428937 2.541671  O_Gathering_SoClose
-0.03838627 0.7170825 1.977112 -0.1139379 0.6946762 2.067415 -0.3473425 0.7935938 2.215418 -0.2489784 0.9701871 1.982509 0.0194868 0.7283797 2.081529 0.2168124 0.9833694 2.132226 0.2193052 1.287144 2.079128 -0.07108288 0.7501335 2.207518 -0.22977 1.066866 2.407471 -0.2047994 1.161065 2.006125 -0.05908714 1.394169 2.218503 -0.05381177 1.088767 2.462793 0.1191519 1.364027 2.208393 0.06037785 1.429277 2.545344  O_Gathering_SoClose
-0.03549538 0.6919628 1.978025 -0.1127127 0.6722336 2.067575 -0.3447317 0.7795399 2.213013 -0.2519423 0.9617244 1.982131 0.02083297 0.7048025 2.083134 0.221008 0.9568667 2.142516 0.2328937 1.260652 2.09077 -0.07137416 0.7296147 2.207358 -0.2322165 1.050083 2.406366 -0.2021667 1.15906 2.009131 -0.0580319 1.395337 2.219065 -0.05673079 1.071717 2.463272 0.110991 1.354157 2.213271 0.05656203 1.429012 2.548953  O_Gathering_SoClose
-0.03333787 0.6697863 1.979181 -0.1118273 0.6523052 2.068111 -0.3423978 0.7668387 2.210847 -0.2546379 0.9545716 1.982457 0.02180679 0.6839582 2.084763 0.2238397 0.9339483 2.15002 0.2428202 1.237465 2.098815 -0.07163118 0.7114376 2.207497 -0.234112 1.035214 2.405539 -0.2000811 1.157057 2.012384 -0.05713872 1.396315 2.219741 -0.05900715 1.056605 2.463696 0.1043269 1.344906 2.21751 0.05364366 1.428481 2.551717  O_Gathering_SoClose
-0.03115861 0.6442204 1.980811 -0.1108693 0.6291788 2.069115 -0.3395842 0.7517835 2.20817 -0.2581671 0.9466763 1.983458 0.02283605 0.6599722 2.086776 0.2253245 0.9084874 2.159319 0.2508378 1.211736 2.109382 -0.07177345 0.6904236 2.207901 -0.2360236 1.017882 2.404648 -0.1980843 1.154488 2.016738 -0.0565155 1.397465 2.220685 -0.06130127 1.039168 2.463983 0.09692772 1.334308 2.222612 0.05057414 1.427771 2.554822  O_Gathering_SoClose
-0.02952938 0.6181619 1.983185 -0.1104573 0.6057241 2.070796 -0.3370439 0.7368187 2.20524 -0.2614943 0.9390246 1.984985 0.02333637 0.6355145 2.089478 0.2275921 0.8822262 2.165996 0.2598031 1.184848 2.116127 -0.07238369 0.6691992 2.208862 -0.2378967 1.000782 2.40361 -0.1956608 1.151751 2.021512 -0.05534456 1.39854 2.221713 -0.06356327 1.021755 2.464186 0.09045137 1.323245 2.227993 0.04809423 1.426954 2.557687  O_Gathering_SoClose
-0.02813832 0.5879247 1.986455 -0.1103186 0.5785393 2.073284 -0.3343053 0.7192426 2.201907 -0.2651428 0.9293573 1.987021 0.0235755 0.6071985 2.092989 0.2292681 0.8522509 2.173874 0.2683023 1.154152 2.124515 -0.07322691 0.6447484 2.21033 -0.2398698 0.9812419 2.402178 -0.193256 1.148606 2.02749 -0.05424265 1.399843 2.223012 -0.06594352 1.001923 2.464012 0.08350606 1.31088 2.234635 0.0455608 1.426134 2.561016  O_Gathering_SoClose
-0.02713851 0.5525075 1.990917 -0.1105842 0.5467358 2.076851 -0.3313381 0.6983517 2.19805 -0.269183 0.9170128 1.989647 0.02342744 0.5741112 2.097556 0.2299782 0.8178216 2.183283 0.2757445 1.118951 2.135003 -0.07437943 0.6163143 2.212456 -0.2419135 0.9586941 2.400194 -0.1909004 1.144898 2.035091 -0.05330948 1.401363 2.224744 -0.06840377 0.9791203 2.463271 0.07602568 1.296909 2.242922 0.04305311 1.425226 2.564939  O_Gathering_SoClose
-0.02702646 0.5195265 1.995758 -0.1115057 0.517396 2.080846 -0.3292049 0.678781 2.194948 -0.2722395 0.9039191 1.992031 0.02263661 0.5435171 2.102311 0.2298326 0.7862822 2.191748 0.2810763 1.086739 2.144801 -0.07585166 0.5903696 2.214803 -0.243563 0.9387002 2.397489 -0.1884852 1.141753 2.042087 -0.05250327 1.402966 2.226343 -0.07038461 0.9589227 2.461535 0.0699733 1.285141 2.251095 0.04118027 1.424874 2.568733  O_Gathering_SoClose
-0.0276237 0.4871628 2.001115 -0.1129857 0.4888207 2.085328 -0.3276026 0.6594756 2.192215 -0.2747881 0.8899316 1.994204 0.0212989 0.5136595 2.107417 0.2289782 0.7557493 2.199883 0.2849118 1.055605 2.154467 -0.07763283 0.5653055 2.217392 -0.2449583 0.9197936 2.394132 -0.1858999 1.138808 2.048995 -0.05169741 1.404552 2.228002 -0.07205717 0.9398403 2.458977 0.06469889 1.274381 2.259519 0.03974696 1.424737 2.572598  O_Gathering_SoClose
-0.02915583 0.4535352 2.007506 -0.11529 0.4594553 2.090734 -0.3263483 0.6396438 2.189765 -0.2776168 0.8754554 1.997085 0.01916821 0.4828473 2.113341 0.2272326 0.72445 2.20847 0.2874705 1.023746 2.164909 -0.079953 0.5398211 2.220478 -0.2461627 0.9011547 2.389711 -0.1833644 1.136211 2.055976 -0.05103872 1.406411 2.22963 -0.07351826 0.9210553 2.455281 0.05973854 1.264306 2.268666 0.03860082 1.425172 2.576762  O_Gathering_SoClose
-0.03166358 0.4189647 2.015005 -0.1184366 0.4295911 2.097095 -0.3254544 0.6194526 2.187576 -0.2806113 0.8605212 2.000539 0.01621826 0.4513716 2.120136 0.2245068 0.6927004 2.21751 0.2885099 0.9915113 2.176038 -0.08281247 0.5141464 2.224067 -0.2471473 0.8828813 2.384223 -0.180837 1.133878 2.063009 -0.05045609 1.408395 2.23128 -0.07473998 0.9026632 2.450449 0.05513521 1.254756 2.278499 0.03778477 1.425899 2.581247  O_Gathering_SoClose
-0.03644316 0.3757745 2.025511 -0.1237034 0.3926792 2.106016 -0.324952 0.5944051 2.185213 -0.2850162 0.8425133 2.006454 0.01123049 0.412268 2.129391 0.2198599 0.6533821 2.228971 0.2880284 0.9516801 2.190557 -0.08717845 0.4826461 2.22895 -0.2479017 0.8609301 2.375981 -0.1774625 1.131193 2.071727 -0.04991571 1.411027 2.233277 -0.0756871 0.8805988 2.442741 0.04981156 1.243554 2.291356 0.0373685 1.427477 2.586763  O_Gathering_SoClose
-0.04385791 0.3300077 2.038218 -0.1311851 0.3541019 2.116797 -0.3253546 0.5681247 2.183187 -0.2908574 0.8243877 2.01512 0.004088538 0.3710921 2.140241 0.2132629 0.6120299 2.24141 0.2852238 0.9099109 2.206872 -0.09294651 0.4499804 2.234635 -0.2480744 0.8386595 2.365305 -0.1733874 1.128579 2.0808 -0.04936163 1.413964 2.235225 -0.07590978 0.8582374 2.43222 0.04468723 1.232276 2.305907 0.0377958 1.42979 2.592592  O_Gathering_SoClose
-0.04924254 0.2997195 2.045249 -0.136363 0.3285099 2.122465 -0.3272159 0.5495696 2.181407 -0.2988922 0.8123997 2.022581 -0.0008655022 0.3437008 2.145851 0.2092394 0.584089 2.248274 0.2840755 0.8816707 2.217466 -0.09665804 0.4280288 2.236746 -0.2472802 0.8231419 2.355838 -0.170143 1.126523 2.086423 -0.04880242 1.415766 2.235718 -0.07506786 0.8426331 2.422656 0.0395334 1.226037 2.321307 0.03546156 1.429382 2.603941  O_Gathering_SoClose
-0.05501906 0.2728817 2.051631 -0.141747 0.3058311 2.127616 -0.3308666 0.5324936 2.180844 -0.3104315 0.8018892 2.03213 -0.006039781 0.3193368 2.15082 0.2053993 0.5588244 2.254581 0.2831507 0.8560809 2.228168 -0.1004516 0.4084009 2.238589 -0.2464045 0.808944 2.346776 -0.1673487 1.124691 2.092554 -0.04874472 1.417558 2.2369 -0.07407169 0.8283356 2.413311 0.03681274 1.217375 2.331111 0.03687795 1.430569 2.606422  O_Gathering_SoClose
-0.06421165 0.2397282 2.058292 -0.149835 0.277769 2.133143 -0.3369175 0.5109812 2.180024 -0.3279511 0.7888619 2.046572 -0.01375572 0.2890798 2.155319 0.1989437 0.527565 2.26037 0.2790839 0.8246807 2.240266 -0.1057234 0.383835 2.239656 -0.245077 0.7904948 2.335268 -0.1636109 1.121747 2.102438 -0.04895167 1.419853 2.239039 -0.07221787 0.8097073 2.400477 0.03446855 1.202192 2.329929 0.04019405 1.428596 2.594421  O_Gathering_SoClose
-0.07293759 0.2142181 2.061759 -0.1571275 0.2561928 2.136133 -0.3429603 0.4941236 2.179139 -0.3441133 0.7782515 2.059232 -0.02065699 0.2656847 2.156699 0.1944428 0.5028825 2.261147 0.2777734 0.7993679 2.245123 -0.1100667 0.364754 2.2388 -0.2436431 0.7757239 2.325442 -0.1602406 1.118851 2.11124 -0.04894571 1.421489 2.240458 -0.07001929 0.7947459 2.388644 0.03199031 1.188891 2.320471 0.04098006 1.422557 2.578478  O_Gathering_SoClose
-0.08495097 0.186872 2.06659 -0.166749 0.2335685 2.140817 -0.3517264 0.4764107 2.181712 -0.3623977 0.7648621 2.073133 -0.02972929 0.2408444 2.158422 0.1883328 0.4767083 2.260669 0.2749033 0.7724684 2.249011 -0.1153769 0.3449951 2.238212 -0.2416133 0.7606668 2.314692 -0.1566735 1.115868 2.121839 -0.04923157 1.423542 2.242117 -0.06665449 0.7794924 2.37416 0.03149017 1.171575 2.290241 0.04316362 1.412123 2.541733  O_Gathering_SoClose
-0.09622268 0.1648909 2.070962 -0.1753977 0.2157588 2.145292 -0.3605841 0.4623256 2.186512 -0.3790693 0.753216 2.085771 -0.03789548 0.2209941 2.159539 0.1823955 0.4560015 2.25866 0.2708397 0.7513205 2.250373 -0.1197219 0.329541 2.237458 -0.2393958 0.7489077 2.30552 -0.1534515 1.113328 2.131204 -0.04939042 1.425274 2.243165 -0.06301562 0.7675422 2.360695 0.03189882 1.154227 2.251747 0.04584654 1.400383 2.497634  O_Gathering_SoClose
-0.1073329 0.1455033 2.07549 -0.183518 0.2004451 2.150044 -0.3706569 0.449802 2.194736 -0.3970251 0.7418771 2.099319 -0.04560481 0.2036022 2.1604 0.1767056 0.4381156 2.254774 0.2664384 0.7330927 2.248375 -0.1233158 0.3163533 2.236542 -0.2367611 0.7388886 2.297006 -0.1499249 1.110595 2.139309 -0.04903499 1.426804 2.241814 -0.05885641 0.757328 2.34712 0.03249808 1.134032 2.205162 0.04929407 1.386858 2.444002  O_Gathering_SoClose
-0.1151292 0.1311094 2.07829 -0.1888638 0.1891897 2.152929 -0.3752621 0.4414191 2.196702 -0.4091133 0.7368042 2.114793 -0.0507221 0.1906798 2.160134 0.1730315 0.424842 2.250373 0.2636552 0.7195706 2.2452 -0.125163 0.306607 2.234759 -0.2340959 0.731328 2.289678 -0.1479933 1.110092 2.149326 -0.05075304 1.428872 2.247293 -0.05504064 0.7495688 2.335591 0.03295596 1.115751 2.166563 0.05314728 1.375296 2.397813  O_Gathering_SoClose
-0.1211921 0.1195203 2.080631 -0.1927646 0.1802458 2.15527 -0.3762979 0.4355797 2.193902 -0.4194484 0.734809 2.133013 -0.05449859 0.1802905 2.159716 0.1703966 0.4141661 2.246155 0.2617402 0.7086874 2.241913 -0.1261273 0.2988499 2.232944 -0.2315024 0.7252433 2.283478 -0.1453537 1.108258 2.15521 -0.05067055 1.429857 2.246221 -0.05150525 0.7432899 2.325632 0.03257372 1.099664 2.135024 0.05625196 1.364798 2.359504  O_Gathering_SoClose
-0.1283924 0.100749 2.084633 -0.1964406 0.1658652 2.158865 -0.3799985 0.4246647 2.197524 -0.4359997 0.725518 2.15933 -0.05812429 0.1634504 2.158972 0.1681819 0.3970622 2.238439 0.2602603 0.6913639 2.234912 -0.1252449 0.2862834 2.229373 -0.2252841 0.7152369 2.272678 -0.1404393 1.105494 2.167439 -0.0512921 1.431728 2.246799 -0.04390524 0.7328225 2.30865 0.03366931 1.076503 2.093547 0.06320526 1.353115 2.302977  O_Gathering_SoClose
-0.1309259 0.08776224 2.088064 -0.1965613 0.1560401 2.161625 -0.383458 0.4161385 2.206553 -0.4443952 0.7167596 2.174596 -0.05831448 0.1518413 2.158894 0.1686242 0.3854206 2.232931 0.2608865 0.6796636 2.22931 -0.1223968 0.2776711 2.226789 -0.2190628 0.7083316 2.26476 -0.1363341 1.103469 2.177601 -0.05218117 1.433001 2.248322 -0.0368409 0.725469 2.296431 0.03695687 1.063663 2.071525 0.07014509 1.349578 2.267481  O_Gathering_SoClose
-0.1308535 0.07694316 2.091845 -0.1945033 0.1480168 2.164497 -0.385964 0.4082973 2.21707 -0.4487383 0.7084473 2.184254 -0.05637471 0.1422551 2.159541 0.1708997 0.3758594 2.228682 0.2631713 0.670095 2.224704 -0.1179798 0.2706734 2.224832 -0.2119737 0.7027766 2.257758 -0.1320318 1.1017 2.186738 -0.05294852 1.434089 2.249487 -0.0291162 0.7194196 2.285824 0.04193993 1.054498 2.055439 0.07744224 1.348003 2.239402  O_Gathering_SoClose
-0.1293534 0.06564307 2.097571 -0.190781 0.1400203 2.168816 -0.386612 0.4003266 2.229061 -0.4501333 0.7000089 2.193521 -0.0528479 0.1324627 2.161427 0.174596 0.3661704 2.224566 0.2666757 0.660454 2.219784 -0.1117418 0.2638556 2.223207 -0.202926 0.6975228 2.249892 -0.1267599 1.099864 2.196085 -0.05380176 1.435142 2.2503 -0.01941739 0.713505 2.273781 0.05145534 1.04958 2.044796 0.08787538 1.352657 2.212326  O_Gathering_SoClose
-0.1268184 0.05632198 2.104562 -0.1862316 0.133901 2.174079 -0.3850715 0.3943777 2.239899 -0.448428 0.6936562 2.200837 -0.0485336 0.1246688 2.164526 0.178855 0.3585393 2.221655 0.2705534 0.6529214 2.215735 -0.1050413 0.2588464 2.222427 -0.1938709 0.6938571 2.242875 -0.1217746 1.098545 2.202818 -0.05433271 1.435997 2.250267 -0.009831531 0.7091408 2.262812 0.06372084 1.050231 2.042242 0.09994765 1.362962 2.19102  O_Gathering_SoClose
-0.1238304 0.04908955 2.112825 -0.1814706 0.129716 2.180339 -0.3820544 0.390633 2.250098 -0.4441962 0.6896368 2.207173 -0.04402683 0.1189696 2.168893 0.1831272 0.3530424 2.220186 0.2743109 0.647554 2.212921 -0.09851186 0.2556934 2.222628 -0.1854655 0.691788 2.23718 -0.1176524 1.097991 2.205951 -0.05481647 1.436882 2.24929 -0.001012249 0.7063943 2.253464 0.07614912 1.053022 2.04299 0.1122158 1.375182 2.17011  O_Gathering_SoClose
-0.1197907 0.04249275 2.121465 -0.1758705 0.1261661 2.186542 -0.3780406 0.3873615 2.259793 -0.439189 0.6861247 2.21387 -0.038689 0.1139711 2.173512 0.1880559 0.3482698 2.219035 0.2786101 0.6429343 2.210251 -0.09144585 0.2531232 2.22253 -0.1768668 0.6901296 2.231247 -0.1135478 1.097426 2.205261 -0.05483631 1.437312 2.246542 0.007905917 0.7040513 2.244161 0.0871423 1.06151 2.053509 0.1228864 1.390607 2.161517  O_Gathering_SoClose
-0.1149369 0.03733313 2.1322 -0.1697329 0.1239589 2.194446 -0.3734361 0.3851606 2.270842 -0.4340245 0.6837621 2.223158 -0.03279589 0.1104234 2.180222 0.1933765 0.3449687 2.220245 0.2831875 0.6398074 2.209831 -0.0841739 0.2517951 2.224083 -0.1684109 0.6895385 2.227169 -0.109791 1.097648 2.202988 -0.05496524 1.438201 2.244122 0.01659329 0.7027941 2.237133 0.09695525 1.068281 2.062879 0.1340498 1.40507 2.143161  O_Gathering_SoClose
-0.1105473 0.03356588 2.141006 -0.1645653 0.1224059 2.200761 -0.3691403 0.3836542 2.278933 -0.4290272 0.6821961 2.230006 -0.02778731 0.1078745 2.186 0.1978542 0.3425852 2.222084 0.2870307 0.6375682 2.210379 -0.07832186 0.2508119 2.225554 -0.1617997 0.6890403 2.224213 -0.1068541 1.097696 2.200624 -0.05492769 1.43868 2.241945 0.02333321 0.7017745 2.232286 0.1024156 1.075215 2.075149 0.142021 1.416183 2.133626  O_Gathering_SoClose
-0.1064402 0.03064692 2.148688 -0.1599651 0.1212801 2.20615 -0.3650766 0.3826199 2.285241 -0.4242958 0.6811454 2.23541 -0.02329092 0.1059614 2.191225 0.2018619 0.3408028 2.22427 0.2904726 0.6359108 2.211474 -0.07327633 0.2500932 2.226958 -0.1562267 0.6886669 2.221907 -0.1044136 1.097726 2.198234 -0.05488006 1.439028 2.239869 0.02898665 0.7009712 2.228701 0.1056622 1.081421 2.088051 0.1473628 1.424647 2.129339  O_Gathering_SoClose
-0.1002931 0.02682292 2.160447 -0.1533972 0.1198987 2.21428 -0.358782 0.3817089 2.293156 -0.4170121 0.680303 2.242576 -0.0168079 0.1035477 2.199677 0.2076335 0.3385412 2.229005 0.2954233 0.6338269 2.214735 -0.06626056 0.2491778 2.229605 -0.1485637 0.6881558 2.219367 -0.1009834 1.097758 2.196192 -0.05480627 1.439578 2.23743 0.03672822 0.6998584 2.22498 0.1094763 1.08613 2.098862 0.1524858 1.430629 2.125666  O_Gathering_SoClose
-0.09424596 0.02350354 2.172175 -0.1471969 0.1187354 2.222258 -0.3524355 0.3812946 2.299433 -0.4098623 0.6800086 2.248643 -0.01062988 0.1015295 2.208449 0.2131608 0.3366331 2.234871 0.3001922 0.6320792 2.219327 -0.05979137 0.2483287 2.232585 -0.1415578 0.6876057 2.217584 -0.09778307 1.097685 2.195371 -0.05475197 1.44005 2.235476 0.04378488 0.6987469 2.222635 0.1122754 1.087932 2.103271 0.1546813 1.432915 2.124149  O_Gathering_SoClose
-0.08904777 0.02092361 2.182503 -0.1419964 0.1178811 2.22916 -0.3468195 0.3813161 2.303779 -0.4038408 0.6801518 2.253249 -0.005418522 0.1000422 2.216295 0.217854 0.3352088 2.240611 0.304279 0.6307816 2.22412 -0.05444459 0.2476431 2.235263 -0.1357573 0.6871289 2.216303 -0.09507619 1.0976 2.195486 -0.05472903 1.440474 2.234003 0.04962023 0.6977721 2.221145 0.1147202 1.088006 2.103321 0.1551845 1.43331 2.122715  O_Gathering_SoClose
-0.08492057 0.01906955 2.190641 -0.1379226 0.1172839 2.234525 -0.3423343 0.3814243 2.306753 -0.399122 0.6803637 2.256574 -0.0013241 0.09901822 2.222505 0.2216087 0.3341895 2.245431 0.307625 0.6298473 2.228341 -0.05029563 0.2471081 2.237356 -0.1312346 0.6867412 2.215355 -0.09295158 1.097507 2.195844 -0.05472348 1.440784 2.232903 0.0541692 0.6969616 2.220098 0.1165776 1.087803 2.102832 0.1553666 1.43333 2.121665  O_Gathering_SoClose
-0.08094828 0.01744747 2.198389 -0.1340366 0.1167799 2.23957 -0.338025 0.3815613 2.309298 -0.3946539 0.6806013 2.259541 0.00258811 0.09816921 2.228408 0.2252986 0.3332801 2.250282 0.3110442 0.6289958 2.232838 -0.04637073 0.2466083 2.239285 -0.1269253 0.6863755 2.214428 -0.09092472 1.097411 2.196312 -0.05473379 1.441069 2.231859 0.05850496 0.6961528 2.219071 0.1183101 1.08776 2.103008 0.1556872 1.433504 2.120664  O_Gathering_SoClose
-0.07610433 0.01571643 2.207213 -0.129348 0.1162256 2.245215 -0.332826 0.3816658 2.311867 -0.3892887 0.6808322 2.262685 0.007318335 0.09730029 2.235146 0.2298397 0.3323112 2.256096 0.3153028 0.6280904 2.238344 -0.04167507 0.2459937 2.241414 -0.1217337 0.6859326 2.213323 -0.08847605 1.097275 2.197011 -0.05472956 1.441369 2.230688 0.06373014 0.6951122 2.217845 0.120358 1.087697 2.103504 0.1561154 1.433689 2.119591  O_Gathering_SoClose
-0.07066463 0.01408863 2.215713 -0.1241498 0.1156313 2.250491 -0.3271381 0.3815651 2.313964 -0.3834113 0.6808771 2.265455 0.01257517 0.09650612 2.241674 0.2350238 0.3313876 2.262123 0.3202461 0.627221 2.244117 -0.03652112 0.2452883 2.243347 -0.1159775 0.6854621 2.212115 -0.08576433 1.097116 2.19788 -0.05470566 1.441652 2.22957 0.06952693 0.6938721 2.216466 0.1225663 1.087661 2.104569 0.1566811 1.433904 2.118685  O_Gathering_SoClose
-0.06598239 0.0128926 2.220274 -0.1198091 0.1149298 2.253019 -0.3224935 0.3810416 2.314181 -0.3785553 0.6804591 2.266078 0.01699038 0.09587896 2.245259 0.2394572 0.3307941 2.265863 0.3243563 0.6266894 2.247352 -0.03234301 0.2445878 2.244117 -0.1114842 0.6850636 2.211277 -0.08362065 1.096942 2.198846 -0.05462776 1.441799 2.228957 0.07405426 0.6927534 2.215507 0.1245322 1.087565 2.106059 0.1572372 1.434015 2.118332  O_Gathering_SoClose
-0.06205104 0.01196492 2.222575 -0.1162631 0.1142017 2.254036 -0.318725 0.380368 2.313385 -0.3744864 0.6798552 2.265369 0.02061488 0.09537256 2.24717 0.2431528 0.3304185 2.268274 0.3277044 0.6263732 2.249139 -0.02902721 0.2439556 2.244311 -0.1080705 0.684752 2.21068 -0.08197968 1.096789 2.199762 -0.05453573 1.441878 2.228653 0.07749535 0.6918001 2.214825 0.1260663 1.08749 2.107708 0.1577832 1.434087 2.118316  O_Gathering_SoClose
-0.05757467 0.01095688 2.224104 -0.1123388 0.1132436 2.254426 -0.3144747 0.3794754 2.311588 -0.3695752 0.6790192 2.263164 0.02464451 0.09482872 2.248619 0.2472899 0.3301436 2.270638 0.3313154 0.6261857 2.250558 -0.02547459 0.2432162 2.244301 -0.1046222 0.6844333 2.210057 -0.08030669 1.096621 2.20085 -0.05440215 1.44193 2.228504 0.08097292 0.6907104 2.214128 0.1274201 1.087458 2.110026 0.1584889 1.434171 2.118582  O_Gathering_SoClose
-0.05350087 0.01004839 2.225308 -0.1089053 0.1122822 2.25463 -0.3106855 0.378552 2.309482 -0.3648885 0.6781217 2.260211 0.02819158 0.09442377 2.249856 0.2509123 0.3301363 2.272886 0.3342796 0.6262854 2.251674 -0.02253161 0.2425641 2.244286 -0.1019946 0.6841909 2.209496 -0.07903694 1.096488 2.201809 -0.05429874 1.441964 2.228419 0.08362503 0.6897388 2.21351 0.1283316 1.087496 2.112543 0.1592057 1.434272 2.118962  O_Gathering_SoClose
-0.04993187 0.009263992 2.226297 -0.1060183 0.1113733 2.254743 -0.3074337 0.3776498 2.307281 -0.3605934 0.6772147 2.256859 0.03119131 0.09416127 2.250934 0.2539478 0.3303601 2.274976 0.3365728 0.6266258 2.252524 -0.02021389 0.2420216 2.244284 -0.1001474 0.6840214 2.209011 -0.07815306 1.096392 2.202578 -0.05423186 1.441988 2.22836 0.08549149 0.6889173 2.212981 0.1288945 1.08758 2.115065 0.1598622 1.43438 2.119377  O_Gathering_SoClose
-0.04752896 0.00874567 2.22692 -0.1041416 0.1107278 2.254773 -0.3052889 0.3769845 2.305599 -0.3576178 0.6765264 2.254181 0.0331501 0.09404111 2.251639 0.2559088 0.3306478 2.276415 0.3379403 0.6270024 2.252982 -0.01880143 0.241676 2.244267 -0.09915809 0.6839307 2.208695 -0.07768796 1.09634 2.203023 -0.0542045 1.442003 2.228312 0.08649243 0.6883893 2.212637 0.1292124 1.087657 2.116909 0.1603148 1.434461 2.119685  O_Gathering_SoClose
-0.04462872 0.008149385 2.227596 -0.1019326 0.1099333 2.254752 -0.302733 0.3761407 2.303391 -0.3539386 0.6756311 2.250561 0.03546037 0.09396136 2.252446 0.2582 0.3311318 2.278153 0.339425 0.6276006 2.253392 -0.01722602 0.2412912 2.244233 -0.09819971 0.6838475 2.208335 -0.07724558 1.096293 2.203448 -0.05418507 1.442021 2.228245 0.08746304 0.6877957 2.212246 0.1295206 1.087764 2.119188 0.160854 1.434557 2.12007  O_Gathering_SoClose
-0.04100178 0.007478595 2.228295 -0.09922199 0.1089567 2.254634 -0.299564 0.375066 2.300448 -0.3492384 0.6744525 2.245605 0.03829463 0.09396398 2.253351 0.2609814 0.3319159 2.280252 0.3410896 0.6285291 2.253647 -0.0153868 0.2408766 2.244167 -0.09726505 0.6837837 2.207932 -0.07682244 1.096263 2.203738 -0.05417077 1.442045 2.228141 0.08840992 0.6871485 2.211808 0.1298107 1.087911 2.121927 0.1615027 1.43467 2.12053  O_Gathering_SoClose
-0.03830604 0.007039666 2.228715 -0.09722589 0.1082587 2.254489 -0.2972136 0.3742725 2.29818 -0.3456921 0.6735538 2.241718 0.04037698 0.09403169 2.253952 0.2630079 0.3325976 2.281745 0.3422194 0.6293145 2.253657 -0.01407485 0.2406178 2.244107 -0.09669952 0.6837585 2.207667 -0.07657115 1.096257 2.203811 -0.05416636 1.442066 2.228057 0.08898254 0.68674 2.211518 0.129994 1.088012 2.123756 0.1619266 1.434739 2.120831  O_Gathering_SoClose
-0.03575746 0.006676078 2.229031 -0.09534697 0.1076277 2.254309 -0.2949897 0.373535 2.295992 -0.3423011 0.672695 2.237918 0.04233189 0.09414589 2.254458 0.2648998 0.3333112 2.283096 0.3432176 0.6301206 2.253519 -0.01286475 0.2404135 2.244044 -0.09624688 0.6837516 2.207447 -0.07637398 1.096264 2.203766 -0.05416809 1.442088 2.227973 0.08944048 0.6864147 2.211275 0.1301512 1.088101 2.125285 0.1622911 1.434796 2.121078  O_Gathering_SoClose
-0.03311471 0.006351352 2.229299 -0.09340183 0.1070095 2.254089 -0.292675 0.3727938 2.293686 -0.3387499 0.671806 2.233883 0.04434909 0.09431326 2.254942 0.2668456 0.3341088 2.284454 0.3441814 0.6310068 2.253228 -0.01162718 0.2402438 2.243974 -0.09584467 0.6837559 2.207242 -0.07620518 1.09628 2.203671 -0.05417989 1.442116 2.227893 0.08984692 0.6861432 2.211045 0.1302921 1.088171 2.126538 0.1625699 1.434838 2.121271  O_Gathering_SoClose
-0.0306807 0.006102204 2.229488 -0.09161328 0.1064748 2.253854 -0.2905345 0.3721355 2.291526 -0.3354454 0.6709902 2.230073 0.04619803 0.09451306 2.255346 0.2686249 0.3348972 2.285661 0.3450032 0.6318675 2.252809 -0.01050316 0.2401272 2.243906 -0.0955392 0.6837701 2.207079 -0.07608549 1.096303 2.203538 -0.05420266 1.442143 2.227826 0.09015538 0.6859577 2.210857 0.1303986 1.088216 2.127356 0.1627512 1.434865 2.121384  O_Gathering_SoClose
-0.02800016 0.005891323 2.229652 -0.08964781 0.1059357 2.253565 -0.2881625 0.3714525 2.289096 -0.3317617 0.6701106 2.225772 0.04822262 0.09479344 2.255767 0.2705747 0.3358289 2.286971 0.3458118 0.6328667 2.252154 -0.009281619 0.2400523 2.24383 -0.0952888 0.6837947 2.206923 -0.07600479 1.096336 2.203406 -0.0542507 1.442178 2.227773 0.09040804 0.6858439 2.210669 0.1304636 1.088227 2.127682 0.1627843 1.434874 2.121402  O_Gathering_SoClose
-0.02553735 0.005758643 2.229755 -0.08784769 0.1054875 2.253265 -0.2859677 0.3708676 2.286797 -0.328327 0.6693204 2.221689 0.05007019 0.09510839 2.256129 0.272359 0.3367449 2.288161 0.3464412 0.6338298 2.251328 -0.008176906 0.2400346 2.243758 -0.09514217 0.6838257 2.206802 -0.0759822 1.096373 2.203307 -0.05432061 1.442216 2.227747 0.09055586 0.6858275 2.210513 0.1304693 1.088204 2.127426 0.1626632 1.434865 2.121315  O_Gathering_SoClose
-0.02373962 0.00567019 2.229803 -0.08653919 0.1051615 2.253016 -0.28435 0.37044 2.285045 -0.3257713 0.6687275 2.218589 0.05140843 0.09534538 2.256385 0.2736567 0.337417 2.289059 0.3467847 0.6345281 2.250564 -0.007382138 0.2400247 2.243699 -0.09504609 0.6838437 2.206721 -0.07597695 1.096396 2.203268 -0.05438308 1.44224 2.227741 0.09065278 0.6858224 2.210402 0.1304614 1.088184 2.12719 0.1625506 1.434858 2.121243  O_Gathering_SoClose
-0.02207707 0.005599022 2.22982 -0.08533596 0.1048645 2.252751 -0.2828361 0.3700532 2.283332 -0.3233511 0.6681727 2.215577 0.05263509 0.09557402 2.256617 0.2748566 0.3380421 2.289932 0.3469671 0.6351672 2.249667 -0.006658358 0.2400219 2.243638 -0.09496616 0.6838582 2.206653 -0.07598309 1.096415 2.203254 -0.05445347 1.442262 2.227746 0.09073342 0.6858301 2.210301 0.1304417 1.088161 2.126893 0.162414 1.434849 2.121162  O_Gathering_SoClose
-0.02096568 0.005552649 2.229816 -0.08453886 0.1046642 2.252542 -0.2817985 0.3698055 2.282075 -0.3216563 0.6678005 2.213388 0.05344458 0.0957278 2.25678 0.2756625 0.338451 2.290585 0.3469405 0.6355783 2.24888 -0.006182535 0.2400191 2.243589 -0.09489827 0.6838658 2.206607 -0.07598583 1.096426 2.203244 -0.05450885 1.442276 2.227751 0.09080185 0.6858335 2.210229 0.1304285 1.088147 2.126701 0.1623143 1.434845 2.121108  O_Gathering_SoClose
-0.02012358 0.005518556 2.229799 -0.08394234 0.104512 2.252352 -0.2809933 0.3696281 2.281018 -0.320313 0.6675193 2.211575 0.05404802 0.09584534 2.256912 0.2762792 0.3387516 2.291148 0.3467732 0.6358725 2.248089 -0.005829377 0.2400168 2.243546 -0.09483515 0.6838694 2.206573 -0.07598786 1.096433 2.20324 -0.05456017 1.442284 2.227759 0.09086545 0.6858371 2.210171 0.1304169 1.088138 2.126544 0.1622254 1.434845 2.121064  O_Gathering_SoClose
-0.01938741 0.005489826 2.229775 -0.08343647 0.1043805 2.252124 -0.2802657 0.3694886 2.279912 -0.3190677 0.6672866 2.209781 0.05455532 0.09594965 2.257069 0.2768398 0.3389864 2.291825 0.3462914 0.636087 2.246969 -0.005529625 0.2400156 2.243498 -0.09474079 0.6838685 2.206538 -0.07598452 1.096436 2.203239 -0.05462585 1.442291 2.227771 0.09096034 0.6858429 2.210104 0.1304078 1.08813 2.126363 0.1621143 1.434849 2.121011  O_Gathering_SoClose
-0.01909165 0.005478024 2.229753 -0.08324967 0.1043292 2.251965 -0.2799529 0.3694484 2.279274 -0.3185043 0.6672082 2.208843 0.054738 0.09599185 2.257175 0.2770906 0.3390487 2.292293 0.3457356 0.6361235 2.246046 -0.005417628 0.2400154 2.243466 -0.09466384 0.6838639 2.206519 -0.07597749 1.096435 2.203243 -0.05467258 1.442293 2.227783 0.09103771 0.6858478 2.210061 0.1304056 1.088127 2.126246 0.1620367 1.434854 2.120977  O_Gathering_SoClose
-0.01853125 0.00545752 2.229695 -0.08293299 0.1042585 2.251419 -0.2793778 0.3693734 2.27768 -0.3175568 0.6671386 2.20707 0.05502315 0.09605241 2.257585 0.2777083 0.3389837 2.293971 0.3428783 0.6358536 2.241764 -0.005170567 0.2400135 2.243397 -0.09447096 0.6838551 2.206482 -0.07594685 1.096434 2.203268 -0.05476479 1.442298 2.227831 0.0912316 0.6858542 2.209962 0.1304121 1.088113 2.125959 0.1618641 1.434859 2.120905  O_Gathering_SoClose
-0.01850985 0.005456567 2.229695 -0.08292334 0.1042563 2.25139 -0.2793528 0.3693727 2.277594 -0.3175131 0.6671391 2.206979 0.0550306 0.09605443 2.257611 0.2777335 0.3389779 2.294062 0.3425353 0.6358205 2.241245 -0.005161686 0.2400134 2.243395 -0.09446411 0.6838546 2.206482 -0.07594626 1.096434 2.20327 -0.05476884 1.442298 2.227835 0.09123845 0.6858543 2.209959 0.1304116 1.088112 2.125949 0.1618568 1.434859 2.120903  O_Gathering_SoClose
-0.01850532 0.005456448 2.229695 -0.08292095 0.1042558 2.251385 -0.2793475 0.3693726 2.277579 -0.3175044 0.6671391 2.206963 0.05503257 0.09605479 2.257617 0.2777391 0.338977 2.294078 0.3423614 0.6358069 2.240971 -0.00515948 0.2400134 2.243396 -0.09446226 0.6838546 2.206483 -0.07594572 1.096434 2.203272 -0.05476938 1.442298 2.227836 0.0912403 0.6858544 2.209959 0.1304116 1.088112 2.125947 0.1618553 1.43486 2.120903  O_Gathering_SoClose
-0.01850502 0.005456328 2.229696 -0.08292048 0.1042558 2.251386 -0.2793472 0.3693725 2.277581 -0.3175045 0.6671392 2.206965 0.05503305 0.09605467 2.257617 0.2777399 0.3389771 2.294075 0.3422414 0.6357988 2.240777 -0.005159063 0.2400132 2.243396 -0.09446184 0.6838545 2.206484 -0.07594548 1.096434 2.203272 -0.0547692 1.442298 2.227837 0.09124078 0.6858543 2.20996 0.1304119 1.088112 2.125948 0.1618554 1.434859 2.120904  O_Gathering_SoClose
-0.01850454 0.005456328 2.229696 -0.08292018 0.1042558 2.251386 -0.2793464 0.3693727 2.277579 -0.317503 0.6671394 2.206964 0.05503329 0.09605467 2.257617 0.2777407 0.338977 2.294077 0.3422045 0.6357961 2.240718 -0.005158765 0.2400132 2.243397 -0.09446155 0.6838545 2.206484 -0.07594536 1.096434 2.203273 -0.0547692 1.442298 2.227837 0.09124102 0.6858543 2.20996 0.1304121 1.088112 2.125948 0.1618554 1.434859 2.120905  O_Gathering_SoClose
