-0.01850484 0.005456328 0.5298213 -0.08292036 0.1042558 0.5515112 -0.2793468 0.3693726 0.5777048 -0.317504 0.6671394 0.5070895 0.05503317 0.09605467 0.5577425 0.2777403 0.3389771 0.5942014 0.3422118 0.6357967 0.5408543 -0.005158944 0.2400132 0.5435213 -0.09446166 0.6838545 0.5066088 -0.07594524 1.096434 0.5033973 -0.05476902 1.442298 0.5279621 0.0912409 0.6858543 0.510085 0.1304121 1.088112 0.4260734 0.1618557 1.434859 0.4210299  O_Gathering_SoClose
-0.02250592 0.006329656 0.52888 -0.08667068 0.1048348 0.5521573 -0.2835802 0.3698155 0.5803932 -0.3187733 0.6665105 0.5039672 0.05129965 0.0963589 0.557598 0.2752012 0.3382342 0.5946792 0.3381272 0.6347805 0.5380667 -0.008691056 0.2404491 0.5438689 -0.09786467 0.6842973 0.5075253 -0.07748191 1.096773 0.5027579 -0.05477742 1.442483 0.5281152 0.08785184 0.6862986 0.510156 0.1296939 1.08176 0.3994187 0.156613 1.428533 0.4159173  O_Gathering_SoClose
-0.05280624 0.01197922 0.5226334 -0.1150417 0.1083301 0.5553764 -0.3146338 0.3723966 0.5963353 -0.3388427 0.6636317 0.4978293 0.02290423 0.09795749 0.5561551 0.2531401 0.3333479 0.5972341 0.3073687 0.6276021 0.5225471 -0.03553001 0.2429451 0.5455035 -0.1235818 0.6868263 0.5125178 -0.08979468 1.098154 0.496929 -0.05574093 1.442505 0.5275258 0.0621415 0.6888509 0.5104402 0.1159448 1.060589 0.3392104 0.1386902 1.39995 0.4138039  O_Gathering_SoClose
-0.07120053 0.01473439 0.5198106 -0.1322539 0.1100012 0.5566753 -0.3329941 0.3735725 0.6039633 -0.3572128 0.6646101 0.5048765 0.00560184 0.09854758 0.5553063 0.2384237 0.3307041 0.5977343 0.2891607 0.6237171 0.5160426 -0.05184249 0.2440364 0.5462207 -0.1390843 0.6879417 0.5148338 -0.09708785 1.098431 0.4972414 -0.05638037 1.442063 0.5278019 0.04660668 0.689963 0.5107936 0.1052838 1.056914 0.3310503 0.1306489 1.391592 0.4237593  O_Gathering_SoClose
-0.08538352 0.01725674 0.5185579 -0.1456625 0.1117915 0.5578936 -0.3469985 0.375115 0.6089529 -0.3728389 0.6667632 0.5120972 -0.007890148 0.09952986 0.5555123 0.226447 0.329438 0.5983795 0.2755542 0.6217512 0.5132569 -0.06453274 0.2453893 0.547388 -0.151002 0.6893231 0.5168899 -0.1027375 1.098944 0.495531 -0.05689643 1.441787 0.5276421 0.03467359 0.6913249 0.5121869 0.09748943 1.058574 0.3344635 0.1257516 1.389133 0.4401983  O_Gathering_SoClose
-0.1008065 0.02117574 0.5185536 -0.1604131 0.1149875 0.5600361 -0.362283 0.3781976 0.6139153 -0.3902293 0.670454 0.5195082 -0.02272932 0.1018664 0.5571584 0.2126869 0.3296169 0.5995263 0.2613802 0.6215523 0.5128831 -0.07847278 0.2481159 0.5498689 -0.1639309 0.6921088 0.5200561 -0.1088027 1.100063 0.4867529 -0.055746 1.441094 0.5262078 0.02174731 0.6940399 0.5154299 0.08972819 1.065475 0.3486418 0.1214588 1.389754 0.4714578  O_Gathering_SoClose
-0.1126953 0.02640951 0.5199369 -0.172528 0.1195587 0.5621389 -0.3741383 0.383158 0.6152643 -0.4033264 0.6753067 0.5208997 -0.03487984 0.1057972 0.5612148 0.2013747 0.3316189 0.6048998 0.2504266 0.6234974 0.5182666 -0.08982657 0.2523358 0.5536851 -0.1741117 0.6963276 0.5230774 -0.1143544 1.102231 0.4756821 -0.0551785 1.44103 0.5245446 0.01161798 0.6983026 0.5216144 0.08470239 1.074015 0.3670105 0.1191179 1.391065 0.5068058  O_Gathering_SoClose
-0.1293973 0.03834713 0.5242704 -0.1911102 0.1303211 0.5656179 -0.390877 0.3953665 0.6121062 -0.4211016 0.6862243 0.5141481 -0.05370621 0.1156737 0.5721635 0.1837981 0.3380443 0.6216463 0.2345657 0.6302418 0.5371026 -0.1072563 0.2626088 0.5625786 -0.1889363 0.7065055 0.5282472 -0.1217656 1.106998 0.452957 -0.05082433 1.440008 0.5218414 -0.003435357 0.708731 0.5375203 0.07753356 1.091567 0.4060525 0.1142683 1.392763 0.5768732  O_Gathering_SoClose
-0.1406447 0.05101013 0.5302175 -0.2043307 0.1419591 0.570228 -0.4014722 0.4087695 0.6095356 -0.4314589 0.6975913 0.5056595 -0.06751589 0.126696 0.5838665 0.1710386 0.3455226 0.6383651 0.223938 0.6379371 0.5559043 -0.1199143 0.2739066 0.5723413 -0.1992931 0.7176706 0.534623 -0.127323 1.111942 0.4348987 -0.04734735 1.439158 0.5197977 -0.0145695 0.7202146 0.5539173 0.07259341 1.108112 0.4428242 0.1101695 1.395026 0.636515  O_Gathering_SoClose
-0.1528227 0.07697833 0.543754 -0.2200732 0.1661588 0.5808982 -0.4117467 0.4360307 0.6082958 -0.4374875 0.7184873 0.4872044 -0.08503191 0.1502481 0.6063532 0.1540653 0.3633012 0.668722 0.2103128 0.6562909 0.5906347 -0.1358016 0.2977632 0.5918235 -0.2117812 0.7412667 0.5492176 -0.1344859 1.121617 0.4080318 -0.04185818 1.437733 0.5183266 -0.02952651 0.7444945 0.584916 0.06325944 1.138011 0.5016159 0.09770603 1.401697 0.7264065  O_Gathering_SoClose
-0.1577535 0.1125528 0.5624584 -0.2287688 0.1996611 0.5965031 -0.4147684 0.4722083 0.6141022 -0.4302323 0.7410856 0.463858 -0.09636252 0.1835765 0.6332058 0.1444677 0.3874599 0.7023209 0.2074241 0.6806684 0.6304206 -0.1460863 0.3312131 0.6164635 -0.2197631 0.774497 0.5710853 -0.1404994 1.132601 0.3812078 -0.03596286 1.43557 0.5152072 -0.04119365 0.7785244 0.6220587 0.05208387 1.174255 0.5506448 0.07731755 1.415008 0.8009433  O_Gathering_SoClose
-0.1549882 0.1505471 0.5759419 -0.2293341 0.2351893 0.608354 -0.4127228 0.5086073 0.6233672 -0.4214893 0.765735 0.4533204 -0.09936093 0.2193757 0.6530098 0.1414712 0.415583 0.7229375 0.2085063 0.7085939 0.6539787 -0.1493617 0.3669366 0.636423 -0.2234511 0.8101081 0.5938181 -0.1463284 1.143285 0.3622588 -0.03312413 1.434019 0.5150079 -0.04837076 0.8149535 0.6556643 0.04625638 1.208425 0.5742449 0.06065335 1.424801 0.8466824  O_Gathering_SoClose
-0.144733 0.2134966 0.5822805 -0.2215261 0.2942575 0.6182464 -0.4030423 0.5706275 0.6307052 -0.3835642 0.807802 0.4345511 -0.09172218 0.2791706 0.6636399 0.1472548 0.4701096 0.7143902 0.2127539 0.7613098 0.6368226 -0.1447562 0.4262404 0.6532844 -0.2237716 0.8689766 0.6224045 -0.1538339 1.158921 0.3367203 -0.03109245 1.432238 0.5125221 -0.04935293 0.8747196 0.6860183 0.05468114 1.247133 0.5414881 0.05851426 1.428138 0.8389276  O_Gathering_SoClose
-0.1365543 0.2505664 0.5798177 -0.214358 0.3288413 0.6189226 -0.4008334 0.6043115 0.6311969 -0.3683896 0.8259157 0.4191912 -0.08405636 0.3142641 0.6630386 0.1525461 0.5049305 0.6986436 0.2147481 0.7944636 0.6125864 -0.1393663 0.4607663 0.6578172 -0.2217387 0.9028061 0.6350774 -0.1576924 1.166325 0.3235797 -0.03116087 1.430936 0.5097107 -0.04695467 0.9090723 0.6976298 0.05911143 1.268748 0.5250419 0.05731215 1.42694 0.835235  O_Gathering_SoClose
-0.1280478 0.2870189 0.5751756 -0.2067023 0.3626286 0.6176971 -0.4012507 0.6352578 0.6304806 -0.3577013 0.8400224 0.4040245 -0.07579349 0.3485743 0.6601542 0.1573016 0.5404829 0.6797575 0.2146862 0.8279799 0.5840658 -0.1334486 0.4942623 0.6606764 -0.2191167 0.9351608 0.6465033 -0.161676 1.172664 0.313536 -0.03233628 1.429748 0.5080942 -0.0438333 0.9419594 0.7075857 0.06488533 1.28603 0.5070885 0.05966343 1.42796 0.825014  O_Gathering_SoClose
-0.1140223 0.3430859 0.5611075 -0.1938543 0.413525 0.6098799 -0.3978227 0.680897 0.6215228 -0.3303827 0.8607087 0.3802198 -0.06189464 0.4002162 0.6492094 0.1647505 0.5965239 0.6435107 0.2139369 0.8799748 0.5324219 -0.1233291 0.5439051 0.6605557 -0.2143661 0.9816626 0.6620177 -0.1679124 1.179132 0.3022641 -0.03521983 1.427144 0.5061187 -0.03825883 0.989513 0.7205509 0.07193877 1.311177 0.4864739 0.06204881 1.429252 0.8139008  O_Gathering_SoClose
-0.09978406 0.3971757 0.5392255 -0.1806146 0.4611455 0.5948223 -0.3928591 0.7205637 0.6070904 -0.3016112 0.8800108 0.3593849 -0.04761932 0.448603 0.6307696 0.1713179 0.6507366 0.600458 0.2116217 0.9291958 0.474202 -0.1128422 0.589029 0.6547683 -0.2095353 1.021779 0.6747016 -0.1741046 1.182173 0.2957653 -0.03880505 1.423827 0.5054592 -0.03262762 1.030793 0.730594 0.0769576 1.335192 0.4742035 0.06312682 1.429931 0.8089885  O_Gathering_SoClose
-0.08626215 0.4484335 0.5107807 -0.1679252 0.5045352 0.5732721 -0.3881218 0.7532296 0.5904993 -0.2777735 0.8995821 0.3424839 -0.03400544 0.492817 0.605913 0.1764841 0.7012513 0.5528291 0.208061 0.9739621 0.4123439 -0.1029031 0.6283012 0.6439465 -0.205524 1.053996 0.6851319 -0.1801398 1.182565 0.2934688 -0.04238818 1.420197 0.5061411 -0.02791671 1.064199 0.7385467 0.08118565 1.355052 0.4666928 0.06444092 1.430581 0.8061966  O_Gathering_SoClose
-0.07523732 0.4899825 0.4814924 -0.1575833 0.5381403 0.5495156 -0.383857 0.7763184 0.5787143 -0.2617573 0.9157225 0.3322076 -0.02302776 0.5271767 0.5797127 0.1799647 0.7412997 0.5094284 0.2048238 1.008891 0.3581623 -0.09501295 0.6567461 0.6304992 -0.2031981 1.074692 0.6922044 -0.1850859 1.181999 0.2937931 -0.04540507 1.417098 0.5080165 -0.02512882 1.085982 0.743832 0.08435293 1.368922 0.4638995 0.06518205 1.430841 0.8060201  O_Gathering_SoClose
-0.06082646 0.5443758 0.4365214 -0.1440307 0.5798553 0.5110644 -0.3796168 0.7998146 0.5654815 -0.2493406 0.9351179 0.3208827 -0.008799596 0.5700366 0.5385131 0.1827194 0.793034 0.4487365 0.1987319 1.053899 0.2850379 -0.0849282 0.6885114 0.6071972 -0.2016036 1.092703 0.6999754 -0.1913153 1.180099 0.2964524 -0.04883508 1.412928 0.5113105 -0.02311073 1.105826 0.7496709 0.08920778 1.38201 0.4641699 0.06631942 1.430509 0.8082222  O_Gathering_SoClose
-0.05094723 0.5811175 0.4033512 -0.1347418 0.6065177 0.4813455 -0.3755289 0.8104773 0.560882 -0.2459418 0.9473941 0.3168153 0.0008302499 0.5976342 0.5073947 0.1830853 0.8281516 0.4079698 0.1930897 1.085617 0.2385124 -0.07824121 0.7059826 0.5883745 -0.2018728 1.097777 0.7047356 -0.1955274 1.177994 0.2996439 -0.05087833 1.410014 0.5139273 -0.02327673 1.112743 0.7535313 0.09389319 1.384952 0.4661688 0.06730004 1.429087 0.810542  O_Gathering_SoClose
-0.04067067 0.6252529 0.3688458 -0.1247098 0.6384439 0.4496621 -0.37024 0.8199232 0.5556391 -0.2427983 0.9614424 0.3130726 0.01126398 0.6310797 0.4740375 0.1828163 0.8677472 0.361225 0.1879596 1.117456 0.1803282 -0.07087027 0.7257377 0.568076 -0.2026208 1.100917 0.7104281 -0.2006594 1.174968 0.3041185 -0.05322949 1.40658 0.5169424 -0.02404384 1.118601 0.7583765 0.1025348 1.384064 0.4687032 0.06927641 1.426483 0.8127126  O_Gathering_SoClose
-0.02822749 0.692282 0.3246912 -0.1113812 0.6864612 0.4075059 -0.3605942 0.8280992 0.5471019 -0.2403977 0.9814165 0.3080324 0.0252284 0.6834056 0.4290866 0.1764655 0.9314352 0.3067192 0.1728527 1.174534 0.1169981 -0.06070225 0.7540092 0.5394515 -0.2042857 1.100212 0.7184409 -0.2076366 1.168733 0.3111714 -0.0561925 1.400965 0.5204719 -0.02605383 1.12214 0.7659181 0.1187542 1.374019 0.4726762 0.07328506 1.420629 0.8147405  O_Gathering_SoClose
-0.02474145 0.7282753 0.3056253 -0.1060522 0.7117397 0.3889931 -0.355387 0.8301709 0.541932 -0.2407324 0.9920083 0.3057741 0.03091712 0.7134995 0.4083213 0.1708763 0.9677243 0.2834224 0.1641445 1.207784 0.08995235 -0.05627994 0.7694353 0.5258678 -0.2050778 1.099204 0.7220448 -0.2105769 1.164987 0.3143476 -0.05726997 1.397768 0.5216736 -0.02707557 1.12267 0.7696489 0.12629 1.367193 0.4745368 0.07539941 1.417292 0.8153423  O_Gathering_SoClose
-0.02529482 0.7608061 0.2910465 -0.1033018 0.7339922 0.3751057 -0.3515185 0.8307846 0.5367941 -0.2413092 0.9993876 0.3032678 0.03380384 0.7425727 0.391405 0.1630421 1.00309 0.265756 0.1543805 1.241423 0.07023942 -0.05328492 0.7837467 0.5149754 -0.205419 1.099006 0.7246274 -0.2124733 1.161665 0.3164624 -0.05758677 1.394739 0.5222801 -0.02753691 1.122928 0.7724522 0.1307513 1.362186 0.4756297 0.07714613 1.414485 0.8156871  O_Gathering_SoClose
-0.02913199 0.7848356 0.2818488 -0.1029827 0.7497076 0.366815 -0.349218 0.8298112 0.5326341 -0.2415602 1.002787 0.3011245 0.03378095 0.7658776 0.3799099 0.1542959 1.032047 0.2546848 0.1445522 1.270284 0.05910242 -0.05186508 0.7945582 0.5079397 -0.2053154 1.099739 0.7259787 -0.2133821 1.159458 0.3173918 -0.05728535 1.392453 0.5223831 -0.02742193 1.123231 0.7739743 0.1322996 1.359944 0.4758815 0.07843025 1.412725 0.8158225  O_Gathering_SoClose
-0.03424553 0.7990837 0.2770714 -0.1038896 0.7580935 0.3631667 -0.3471518 0.8269979 0.5300897 -0.2419779 1.004482 0.3008622 0.03207542 0.7815023 0.3733052 0.1463189 1.052349 0.2485536 0.1360508 1.291759 0.05443466 -0.05145298 0.8009185 0.5044369 -0.2050093 1.100684 0.7260813 -0.2135901 1.158554 0.3172392 -0.05670248 1.391141 0.5220898 -0.02708702 1.123698 0.7742022 0.1337571 1.359297 0.4758309 0.07967074 1.411882 0.8157681  O_Gathering_SoClose
-0.04294233 0.8101194 0.273137 -0.1061393 0.7630501 0.3614339 -0.3437229 0.8206264 0.5270804 -0.2431315 1.005874 0.3019756 0.02781691 0.7970995 0.3672312 0.1356231 1.074951 0.2452172 0.1240105 1.319689 0.05793989 -0.05166982 0.8057231 0.5019788 -0.2044571 1.102015 0.7254089 -0.2135005 1.158342 0.3163608 -0.05578641 1.390103 0.5215133 -0.0265343 1.124239 0.7738966 0.1355452 1.359418 0.4758619 0.08131684 1.411387 0.8158716  O_Gathering_SoClose
-0.04664413 0.8114343 0.2721037 -0.1072996 0.7629709 0.3616289 -0.3422432 0.8174198 0.5260652 -0.2438869 1.006017 0.302761 0.02558525 0.8012196 0.3656172 0.1327223 1.082286 0.2470249 0.1179148 1.33142 0.06586921 -0.05201201 0.8063456 0.5016383 -0.2042633 1.102481 0.7248982 -0.2134465 1.158558 0.3158191 -0.05553953 1.38991 0.521283 -0.02637593 1.124367 0.7736691 0.1361168 1.359875 0.4761194 0.08184339 1.411473 0.8161782  O_Gathering_SoClose
-0.04857657 0.8106005 0.27147 -0.1081048 0.7622406 0.3619999 -0.3415582 0.815585 0.5257648 -0.2444175 1.005652 0.3031758 0.02419014 0.8025708 0.3649653 0.1332109 1.08575 0.2515525 0.1115588 1.339692 0.0779165 -0.0523477 0.8062247 0.5016326 -0.2042235 1.102678 0.7244524 -0.2135072 1.158813 0.3153833 -0.05562375 1.389863 0.5212053 -0.02639197 1.124361 0.773517 0.1362693 1.360559 0.4766072 0.08196075 1.411742 0.8167228  O_Gathering_SoClose
-0.04915706 0.8093101 0.2709984 -0.1084823 0.7616487 0.3621939 -0.3414333 0.8147616 0.5256594 -0.2448738 1.005207 0.303141 0.02355965 0.8028233 0.3648075 0.1359934 1.087107 0.2569922 0.1081392 1.34576 0.09138143 -0.05264143 0.8060067 0.501675 -0.2042811 1.102713 0.7241238 -0.2136675 1.158957 0.3150724 -0.05588148 1.389828 0.52117 -0.02648549 1.124297 0.773362 0.1362122 1.361311 0.4771231 0.08190073 1.412104 0.8172969  O_Gathering_SoClose
-0.04856155 0.8074694 0.2705263 -0.1084903 0.7611625 0.3621949 -0.3417831 0.814703 0.5256728 -0.2453551 1.004628 0.3026532 0.02357383 0.8022516 0.3650235 0.1415082 1.086736 0.2645282 0.10694 1.350921 0.1092361 -0.05292134 0.8057246 0.5017194 -0.2044467 1.102589 0.7238377 -0.2139567 1.159024 0.3148154 -0.05638276 1.389794 0.5211872 -0.02667777 1.124163 0.773177 0.1359273 1.362311 0.4777983 0.08162577 1.412625 0.818045  O_Gathering_SoClose
-0.04816453 0.8048251 0.2703456 -0.1088521 0.760096 0.3624614 -0.342398 0.814872 0.5255293 -0.2457822 1.003789 0.3017362 0.02326139 0.8010036 0.3656005 0.1476982 1.085028 0.2731375 0.1083131 1.354707 0.1288246 -0.05369971 0.8050721 0.5020183 -0.2050167 1.102496 0.7233318 -0.2142633 1.159271 0.3143505 -0.05686734 1.389819 0.5211061 -0.02725075 1.124073 0.7726802 0.1358364 1.363573 0.4786633 0.08135594 1.413387 0.8189548  O_Gathering_SoClose
-0.04801069 0.8016499 0.2704691 -0.1095325 0.7585697 0.3629602 -0.3432043 0.8152289 0.5252508 -0.246122 1.002776 0.3005089 0.02264835 0.7992284 0.366474 0.1539498 1.082135 0.2821263 0.1120439 1.356647 0.1479944 -0.05489735 0.8041231 0.5025333 -0.2059329 1.102437 0.722658 -0.2145523 1.159678 0.3137282 -0.0572897 1.389902 0.5209459 -0.02814822 1.124026 0.771933 0.1359413 1.364974 0.4796623 0.08111037 1.414318 0.8199667  O_Gathering_SoClose
-0.04798971 0.7975136 0.2708448 -0.1106008 0.756389 0.3636369 -0.3442553 0.8157046 0.5248793 -0.2464834 1.001436 0.2989324 0.02169873 0.7966066 0.3677152 0.1613938 1.077632 0.2938808 0.1169348 1.357159 0.1714371 -0.05668883 0.8026983 0.5032424 -0.2073902 1.102287 0.7216643 -0.2148442 1.160298 0.3128194 -0.05774478 1.390047 0.520687 -0.02958648 1.123878 0.7708701 0.1361888 1.366786 0.4811848 0.08073021 1.41564 0.8214573  O_Gathering_SoClose
-0.04810188 0.7926004 0.2714151 -0.1120222 0.7536084 0.3643669 -0.345519 0.8162515 0.5243486 -0.2467772 0.9997318 0.2969884 0.02043428 0.7932178 0.3692282 0.1695164 1.071597 0.308174 0.1236478 1.355817 0.1976322 -0.05904625 0.8007777 0.504043 -0.209518 1.101892 0.720383 -0.2150423 1.161052 0.3116726 -0.05821006 1.390242 0.5203589 -0.03171675 1.123481 0.7695988 0.1364696 1.368711 0.4832791 0.08006592 1.417272 0.8234385  O_Gathering_SoClose
-0.04831259 0.7856527 0.2720622 -0.114152 0.749452 0.3649653 -0.3473267 0.8168717 0.5232705 -0.2469265 0.9969422 0.293919 0.01850821 0.7881819 0.3711718 0.1799677 1.062632 0.3298472 0.1352189 1.352264 0.2338513 -0.06267475 0.7976613 0.5048465 -0.2133964 1.100639 0.7184609 -0.2150082 1.161957 0.3100346 -0.05885516 1.39049 0.5199455 -0.03568606 1.122253 0.7679924 0.136499 1.370636 0.4868134 0.07845248 1.419563 0.8266438  O_Gathering_SoClose
-0.0473368 0.775693 0.2737235 -0.1158243 0.743135 0.3662394 -0.3494893 0.8171928 0.5215787 -0.2460746 0.9923373 0.2897657 0.01704593 0.7807451 0.3745002 0.1927777 1.049978 0.3631519 0.1558331 1.345651 0.2836756 -0.066653 0.7929401 0.5063909 -0.2187942 1.098709 0.7156371 -0.2139396 1.162644 0.307638 -0.059889 1.390922 0.5193723 -0.04140029 1.120544 0.7661961 0.1359263 1.373341 0.4922389 0.07469477 1.422982 0.831406  O_Gathering_SoClose
-0.04533259 0.7633346 0.2759427 -0.1163069 0.7343839 0.3679246 -0.3508894 0.8155397 0.52012 -0.2452926 0.9871303 0.2866386 0.01675101 0.7708361 0.378126 0.2025568 1.034885 0.3939303 0.1782067 1.335174 0.3280672 -0.06932698 0.7860298 0.5081614 -0.2230844 1.09517 0.7124189 -0.2115002 1.163003 0.3051857 -0.06044654 1.391661 0.5186623 -0.0460755 1.117258 0.7642025 0.1342383 1.375649 0.4975113 0.07035382 1.426472 0.8360132  O_Gathering_SoClose
-0.04279475 0.7480367 0.276831 -0.1157361 0.7218734 0.3681906 -0.350352 0.8097644 0.5185651 -0.245856 0.9812918 0.2845424 0.01747884 0.7572424 0.3800267 0.209075 1.017212 0.413669 0.1961736 1.319846 0.3557824 -0.07051139 0.7750192 0.5084442 -0.2260403 1.08709 0.7099136 -0.2087989 1.162809 0.304273 -0.06024818 1.392576 0.5183142 -0.04942326 1.10924 0.7629923 0.1299451 1.373999 0.5019692 0.06634332 1.428484 0.8399543  O_Gathering_SoClose
-0.04001437 0.7291075 0.2770118 -0.1146414 0.7053326 0.3677095 -0.3485967 0.8001282 0.5166878 -0.2476973 0.974456 0.2831572 0.0187145 0.7396338 0.3810104 0.2142517 0.9963284 0.426174 0.211441 1.29989 0.3718899 -0.07093839 0.7598965 0.5079011 -0.228434 1.074857 0.7082614 -0.2062054 1.161901 0.3051437 -0.05954037 1.39359 0.518412 -0.05222819 1.096873 0.7627438 0.1234165 1.368358 0.5061353 0.06256111 1.42919 0.8435434  O_Gathering_SoClose
-0.03596268 0.6963681 0.2779545 -0.1129048 0.6761794 0.3676332 -0.3451892 0.7820278 0.5135611 -0.2514239 0.9631759 0.2822584 0.02062084 0.7089427 0.382954 0.2203288 0.9614838 0.4410661 0.2306715 1.265303 0.3891886 -0.07131796 0.7332196 0.5074824 -0.2318122 1.053027 0.7066678 -0.2026129 1.159433 0.3086733 -0.05822704 1.39514 0.5190743 -0.05624632 1.074715 0.7633055 0.1123592 1.355962 0.512556 0.05718084 1.429096 0.8484944  O_Gathering_SoClose
-0.03227608 0.6576189 0.2800568 -0.1113757 0.6413217 0.3686785 -0.3410929 0.759731 0.5097326 -0.2562682 0.9507488 0.2829627 0.02229645 0.6725386 0.3858393 0.2247771 0.9217036 0.4544772 0.2470768 1.225083 0.4037999 -0.07172732 0.701452 0.5077938 -0.2350563 1.027007 0.7052263 -0.1990861 1.155883 0.314494 -0.05678062 1.396871 0.5202793 -0.06014023 1.048326 0.7639755 0.1007925 1.339881 0.520049 0.05216326 1.428171 0.8533477  O_Gathering_SoClose
-0.02861331 0.599447 0.285273 -0.1103369 0.5889015 0.3723978 -0.3353316 0.7259724 0.5033091 -0.2637617 0.9331325 0.286353 0.02351959 0.6179857 0.3917321 0.2287575 0.8636096 0.4709615 0.265321 1.165779 0.4213523 -0.07289533 0.6540555 0.5098528 -0.2391423 0.9886738 0.7028602 -0.1941056 1.149812 0.3252615 -0.05462573 1.399351 0.5226187 -0.06506662 1.009457 0.7642382 0.08609457 1.315561 0.532174 0.0464805 1.426453 0.8598655  O_Gathering_SoClose
-0.02699284 0.5358323 0.2934154 -0.1109775 0.5318735 0.3789262 -0.3301823 0.688483 0.4965581 -0.2708338 0.9106216 0.2910351 0.0230986 0.5586203 0.4000319 0.2299891 0.8018201 0.4877318 0.2786185 1.102603 0.4400977 -0.07508104 0.6031442 0.5137323 -0.2427764 0.9484887 0.6990441 -0.189733 1.143294 0.3387502 -0.05291466 1.402172 0.5256633 -0.0694413 0.9688098 0.7626327 0.07286067 1.29085 0.5471247 0.04204889 1.425026 0.8669609  O_Gathering_SoClose
-0.02763788 0.4867096 0.30132 -0.1130113 0.4884224 0.3855199 -0.327583 0.6592062 0.4923037 -0.2748242 0.8897343 0.2943624 0.02127548 0.5132426 0.4076165 0.2289608 0.7553247 0.500122 0.2849559 1.055172 0.4547294 -0.07766072 0.5649579 0.5175556 -0.2449762 0.9195351 0.6942037 -0.185864 1.138769 0.3492154 -0.05168704 1.404575 0.5281495 -0.07207875 0.9395795 0.7590593 0.06462868 1.274238 0.5597638 0.0397292 1.424739 0.8727773  O_Gathering_SoClose
-0.03016667 0.4379395 0.3109111 -0.1166111 0.4459476 0.3936418 -0.3258957 0.6305225 0.4888705 -0.2789424 0.8687108 0.2986883 0.0179338 0.4686271 0.4164575 0.2261118 0.7100846 0.5126561 0.288117 1.009152 0.4700106 -0.08118467 0.5281852 0.5221823 -0.2466432 0.8928263 0.6874751 -0.1822295 1.135136 0.3592805 -0.05076418 1.407302 0.5304993 -0.07411115 0.9126701 0.7533573 0.05761536 1.259923 0.573171 0.03819032 1.425471 0.8788904  O_Gathering_SoClose
-0.03454695 0.3905405 0.3218411 -0.1216863 0.4052352 0.4029087 -0.325055 0.6028997 0.4860772 -0.2834552 0.8485239 0.3042921 0.01314618 0.425602 0.4262041 0.2216395 0.6667767 0.5251187 0.2884464 0.9652388 0.4856018 -0.08555 0.4933215 0.5273103 -0.2476979 0.8682887 0.6790913 -0.178658 1.132067 0.3688825 -0.05007605 1.41009 0.5327219 -0.07543431 0.8879912 0.7457141 0.05153735 1.247326 0.5870951 0.03735532 1.426773 0.8851646  O_Gathering_SoClose
-0.03968797 0.3543645 0.3315839 -0.127039 0.3746017 0.4112166 -0.3249312 0.5822207 0.4843987 -0.2873128 0.8339853 0.3103098 0.008051174 0.3930018 0.4346546 0.2168852 0.6340622 0.5350202 0.2868618 0.9321521 0.4982761 -0.08980177 0.4673514 0.5318469 -0.2481093 0.8505341 0.671461 -0.175643 1.129999 0.3761262 -0.04967932 1.412416 0.5343918 -0.07593821 0.8701614 0.738345 0.04752447 1.238144 0.5978125 0.0377179 1.428724 0.8890699  O_Gathering_SoClose
-0.04505525 0.3232702 0.3400763 -0.132351 0.3484218 0.4183577 -0.3256131 0.5641093 0.4829673 -0.292206 0.8217273 0.3167609 0.002973514 0.3650163 0.4417914 0.2122846 0.605886 0.5432013 0.2848163 0.9037104 0.5093759 -0.09380357 0.445138 0.5354084 -0.2479834 0.8352892 0.6635584 -0.1727166 1.128149 0.3822349 -0.04925988 1.414378 0.535549 -0.07581155 0.8548507 0.7304591 0.04374607 1.230735 0.6087188 0.03758558 1.429881 0.8942899  O_Gathering_SoClose
-0.05042652 0.2932106 0.3466743 -0.1374787 0.3230038 0.4235858 -0.3278461 0.5454553 0.4810847 -0.3012586 0.8098298 0.3245386 -0.001933975 0.3377957 0.4469541 0.208477 0.5779856 0.5496939 0.2840284 0.875486 0.5198625 -0.09742711 0.4232728 0.5370883 -0.2469828 0.8197236 0.6535701 -0.1693639 1.126061 0.3876613 -0.04864631 1.416148 0.5358185 -0.0747547 0.8391925 0.720353 0.03813304 1.224846 0.6258482 0.0345154 1.429 0.907905  O_Gathering_SoClose
-0.05601327 0.2689054 0.352724 -0.142651 0.3024724 0.4285415 -0.331543 0.5299386 0.4809722 -0.3123927 0.8003278 0.3338994 -0.006907387 0.3157212 0.4516805 0.204718 0.5550742 0.5556315 0.2828496 0.8522938 0.5299362 -0.101075 0.4054821 0.5390009 -0.2462805 0.8068007 0.6455859 -0.1669529 1.1244 0.3937682 -0.04879228 1.417844 0.5373052 -0.07391141 0.8261757 0.7120317 0.03664048 1.215694 0.6316732 0.03748234 1.430775 0.9055108  O_Gathering_SoClose
-0.06229154 0.2461075 0.3574327 -0.1481876 0.2831848 0.4324549 -0.3356476 0.5151756 0.4804815 -0.3242463 0.7913552 0.3437251 -0.01219098 0.2949287 0.4549106 0.2002795 0.5336117 0.5597585 0.2800489 0.8307372 0.5383657 -0.1046973 0.3886162 0.5398496 -0.2453868 0.7941647 0.6377486 -0.1644258 1.122413 0.4005293 -0.04897193 1.419439 0.5388035 -0.07266586 0.8134212 0.7033094 0.03511544 1.205273 0.6309274 0.03989335 1.429581 0.8972186  O_Gathering_SoClose
-0.07704131 0.2040027 0.3635749 -0.160464 0.2476736 0.4378356 -0.3459248 0.4874511 0.4797529 -0.350796 0.773463 0.3645099 -0.02380542 0.2563787 0.4574803 0.192461 0.4930433 0.5612353 0.2771907 0.7892087 0.546698 -0.1119581 0.357286 0.5386971 -0.242959 0.7700024 0.6216081 -0.1589557 1.117713 0.4151734 -0.049098 1.422208 0.5412225 -0.06890963 0.7889553 0.6836494 0.03160687 1.182904 0.6122035 0.04173984 1.419363 0.8676089  O_Gathering_SoClose
-0.08877812 0.1792461 0.3681949 -0.1697275 0.2273555 0.4424499 -0.3546143 0.4715332 0.4832195 -0.3678612 0.7608914 0.3773712 -0.03253828 0.2339494 0.45897 0.1862891 0.4694908 0.5603331 0.2735375 0.7651 0.5499753 -0.1169273 0.3395993 0.5381278 -0.240915 0.7565748 0.6116956 -0.1555913 1.115038 0.4251517 -0.04926519 1.42416 0.5426787 -0.06548761 0.7753367 0.6697882 0.03156688 1.165938 0.5780596 0.04391136 1.40825 0.8278211  O_Gathering_SoClose
-0.09925334 0.1594627 0.3723429 -0.1776599 0.2114325 0.4467252 -0.363328 0.4587996 0.4887232 -0.3839267 0.7500161 0.3893441 -0.04003815 0.216115 0.4599761 0.1808202 0.4509617 0.5579542 0.2696662 0.7461768 0.5502785 -0.1207862 0.3258078 0.537414 -0.2387555 0.7460717 0.6033634 -0.1524937 1.112494 0.4334573 -0.04924939 1.425631 0.5428203 -0.06197266 0.7646568 0.6572517 0.03212114 1.149104 0.5399913 0.04681023 1.397042 0.7840379  O_Gathering_SoClose
-0.1076019 0.1450253 0.3757118 -0.1837074 0.2000704 0.4502715 -0.3708782 0.4495014 0.4950317 -0.3974563 0.7416301 0.3998374 -0.04578523 0.2031735 0.460523 0.1765739 0.4376762 0.5547632 0.2663352 0.7326455 0.5484041 -0.1233887 0.3160301 0.5366181 -0.23668 0.7386409 0.5968961 -0.1498467 1.110557 0.4396914 -0.04905711 1.42686 0.5420021 -0.05873637 0.7570747 0.6468738 0.0324976 1.133489 0.504074 0.04936935 1.386475 0.74274  O_Gathering_SoClose
-0.1165066 0.1286231 0.3790005 -0.1897858 0.1872672 0.453647 -0.3756281 0.4401578 0.4964689 -0.4112492 0.7364507 0.4186925 -0.051612 0.1884521 0.4602693 0.1723945 0.4225497 0.5497259 0.2631792 0.7172325 0.5447682 -0.1254555 0.304944 0.5346073 -0.2336109 0.730033 0.5885743 -0.1474174 1.109634 0.450559 -0.05065409 1.429049 0.5469168 -0.05435149 0.7482353 0.6336993 0.03294422 1.112239 0.4596747 0.05389341 1.3731 0.689371  O_Gathering_SoClose
-0.1240461 0.1131697 0.3819808 -0.1944146 0.1753708 0.456549 -0.3769504 0.4321735 0.4931959 -0.4254868 0.732518 0.4427489 -0.05611042 0.1745961 0.4594854 0.169342 0.4083427 0.5436815 0.261017 0.7027662 0.5398253 -0.1261911 0.2946056 0.5318445 -0.2296863 0.7218857 0.5799526 -0.1437933 1.107365 0.4591101 -0.05079905 1.430488 0.5463885 -0.04919587 0.739799 0.6200007 0.03247275 1.09123 0.4194273 0.05807408 1.359604 0.6398085  O_Gathering_SoClose
-0.1288705 0.09897518 0.3851618 -0.1965897 0.1645111 0.4593257 -0.3804978 0.4235288 0.4987091 -0.437289 0.7243851 0.4617251 -0.05827789 0.1618588 0.4590386 0.1681269 0.395463 0.5377911 0.2602392 0.6897544 0.5342697 -0.124982 0.2850937 0.5291322 -0.224553 0.7142789 0.57175 -0.1399412 1.105227 0.4689158 -0.05141769 1.431904 0.5471438 -0.04305438 0.7318114 0.6071395 0.03398134 1.074644 0.3904947 0.06407352 1.352524 0.5981597  O_Gathering_SoClose
-0.1311168 0.08193028 0.3900994 -0.1956837 0.1516901 0.4632148 -0.3849096 0.4119909 0.5120157 -0.4471293 0.7123609 0.4801716 -0.05749391 0.1466593 0.4592756 0.1696487 0.3802434 0.5307354 0.2619368 0.6744764 0.5269636 -0.1202394 0.2738688 0.5258349 -0.215451 0.7053047 0.5611619 -0.1341023 1.102524 0.4825886 -0.0525807 1.433596 0.5490688 -0.03288088 0.7221895 0.5909036 0.03931095 1.058403 0.3625349 0.07385297 1.348347 0.5522383  O_Gathering_SoClose
-0.1298941 0.06856382 0.3959864 -0.1919183 0.142038 0.4676503 -0.3867072 0.4023162 0.5260586 -0.4500934 0.7021251 0.4913548 -0.05392621 0.1349663 0.4609102 0.1734967 0.3686377 0.5257214 0.2656542 0.6629012 0.5212039 -0.1135403 0.2655554 0.5236958 -0.20546 0.6988087 0.5521253 -0.1282112 1.100312 0.4937991 -0.05354724 1.434844 0.5502619 -0.02212004 0.7149808 0.577155 0.04833366 1.050202 0.346794 0.08468165 1.350589 0.5191149  O_Gathering_SoClose
-0.127307 0.05783904 0.4033455 -0.1870611 0.1348555 0.4731959 -0.3854595 0.3952882 0.5381311 -0.4489209 0.6946245 0.4996866 -0.04931931 0.1259109 0.4640054 0.1780912 0.3597503 0.5221924 0.2698645 0.6541132 0.5164894 -0.1062253 0.259607 0.5226268 -0.1954372 0.6943988 0.5441612 -0.1226121 1.098748 0.5020541 -0.05429987 1.435884 0.5504931 -0.01148306 0.7098051 0.5647777 0.06159272 1.049903 0.3425244 0.09788163 1.360936 0.4948052  O_Gathering_SoClose
-0.1239957 0.04941821 0.4125232 -0.1817184 0.1298958 0.4801444 -0.3822304 0.390789 0.5497321 -0.4444403 0.6898059 0.5069956 -0.04426185 0.1192218 0.4687856 0.182908 0.3532841 0.5203646 0.2741201 0.6477888 0.5131696 -0.09883957 0.255824 0.522735 -0.1858771 0.6918696 0.5375746 -0.1178471 1.098009 0.5059966 -0.05479453 1.436841 0.5494903 -0.001441939 0.7065094 0.5540332 0.07554467 1.052794 0.3429316 0.1116136 1.374527 0.4711283  O_Gathering_SoClose
-0.1203813 0.0433116 0.4204906 -0.1766481 0.1265939 0.4859065 -0.3786007 0.3877783 0.5587085 -0.4398287 0.6865697 0.5130757 -0.03943316 0.1145799 0.4730614 0.1873745 0.3488468 0.5193213 0.2780167 0.6434903 0.5107421 -0.09239362 0.2534277 0.5227193 -0.1779904 0.6903272 0.5321759 -0.1140756 1.097503 0.5057615 -0.05485139 1.437285 0.5471658 0.006746309 0.7043358 0.5455049 0.08584835 1.060029 0.3515228 0.1216871 1.388401 0.4616827  O_Gathering_SoClose
-0.1134546 0.03596985 0.4354233 -0.1679507 0.1233926 0.4968122 -0.3719858 0.384612 0.573903 -0.432345 0.683189 0.5257777 -0.03107409 0.1094965 0.4823569 0.1949183 0.3441011 0.5209445 0.2845101 0.6389901 0.5100759 -0.08212845 0.2514423 0.5247153 -0.1660763 0.6893677 0.5262312 -0.1087475 1.097682 0.5024012 -0.05496184 1.438399 0.5435408 0.01897825 0.7024364 0.5354809 0.0991794 1.070428 0.3665036 0.1370493 1.40885 0.4391965  O_Gathering_SoClose
-0.1025491 0.02816427 0.4562324 -0.1557627 0.120381 0.5114187 -0.3611078 0.3819749 0.590597 -0.4196907 0.6805344 0.5402201 -0.0191528 0.1043856 0.4966158 0.2055458 0.3393261 0.5271848 0.2936338 0.6345478 0.5134338 -0.06876163 0.2495078 0.5286769 -0.15128 0.6883531 0.5202836 -0.1022081 1.097766 0.4968747 -0.0548331 1.439391 0.5383672 0.03398832 0.7002667 0.5262207 0.1082941 1.08492 0.3961285 0.1510723 1.429138 0.4266561  O_Gathering_SoClose
-0.09547822 0.02415037 0.4698943 -0.1484505 0.1189548 0.5207585 -0.3537469 0.3813432 0.598368 -0.4113146 0.6800306 0.5475806 -0.01188116 0.1019142 0.5067695 0.2120367 0.3370007 0.5337518 0.2992164 0.6324158 0.518453 -0.06109224 0.2484949 0.5321025 -0.1429695 0.6877155 0.5180615 -0.0984339 1.097699 0.4955958 -0.05476068 1.43995 0.535983 0.0423633 0.6989748 0.5232118 0.1116732 1.087678 0.4027556 0.154339 1.432566 0.4246458  O_Gathering_SoClose
-0.08971296 0.02123964 0.4813007 -0.1426559 0.1179844 0.5284032 -0.3475428 0.3813002 0.6033963 -0.4046039 0.6801198 0.5528163 -0.006080789 0.1002206 0.5154055 0.2172545 0.3353813 0.5399684 0.3037535 0.6309385 0.5235895 -0.0551189 0.2477301 0.5350412 -0.1364896 0.6871913 0.516579 -0.09541987 1.097613 0.495562 -0.05473087 1.440421 0.5343078 0.04888387 0.6978992 0.5214356 0.1144165 1.088052 0.4035801 0.15517 1.433319 0.4230112  O_Gathering_SoClose
-0.08427386 0.01879501 0.4920305 -0.1372868 0.1171976 0.535478 -0.3416327 0.3814425 0.6073192 -0.3983877 0.6803983 0.5572008 -0.0006847213 0.09887075 0.5235928 0.2222055 0.3340359 0.546327 0.3081701 0.6297044 0.5291632 -0.04965113 0.2470257 0.5377988 -0.1305289 0.6866812 0.5153278 -0.09262012 1.097492 0.4960316 -0.0547245 1.440831 0.5328559 0.05487933 0.6968315 0.5200523 0.1168645 1.087798 0.4029759 0.1554204 1.43336 0.4216245  O_Gathering_SoClose
-0.07988404 0.01704204 0.5005454 -0.1330024 0.1166543 0.541005 -0.3368744 0.3815985 0.6100367 -0.3934706 0.6806657 0.5604066 0.003630714 0.09796393 0.5300821 0.2262941 0.3330525 0.5517219 0.3119784 0.6287818 0.5342091 -0.0453317 0.246475 0.5399083 -0.1257802 0.6862781 0.5143079 -0.09038506 1.097384 0.4965867 -0.054736 1.441141 0.5317138 0.05965729 0.6959304 0.518927 0.1187647 1.087746 0.4032096 0.155774 1.433546 0.4205331  O_Gathering_SoClose
-0.07380633 0.01499104 0.5111917 -0.1271381 0.1159827 0.5477647 -0.330397 0.3816636 0.6130365 -0.3867817 0.6808926 0.5641464 0.009550469 0.09694552 0.5382212 0.2320249 0.3318949 0.5588793 0.3173864 0.6276972 0.541025 -0.03947167 0.2457017 0.5424408 -0.1192674 0.6857309 0.5129236 -0.08731584 1.09721 0.4974812 -0.0547242 1.441498 0.5303048 0.06621332 0.6945969 0.5173734 0.1212979 1.087682 0.404003 0.1563451 1.433784 0.4192847  O_Gathering_SoClose
-0.07051145 0.01404703 0.5160364 -0.1240056 0.1156124 0.5507349 -0.3269814 0.381556 0.6141242 -0.3832482 0.6808719 0.5656308 0.01272144 0.09648561 0.5419525 0.2351694 0.3313656 0.5623974 0.3203832 0.6272007 0.544381 -0.03638009 0.2452673 0.5435137 -0.1158221 0.6854491 0.5122083 -0.0856906 1.097111 0.4980329 -0.05470369 1.441658 0.5296696 0.06968339 0.6938363 0.5165552 0.1226285 1.087659 0.4047335 0.1566983 1.433909 0.4187917  O_Gathering_SoClose
-0.06553619 0.01278508 0.5206984 -0.1194023 0.1148516 0.5532869 -0.3220635 0.3809704 0.6142482 -0.3781023 0.6803965 0.5661739 0.01740547 0.09581959 0.5456265 0.2398799 0.3307446 0.566275 0.3247453 0.6266454 0.5477017 -0.03195802 0.2445167 0.5442723 -0.1110801 0.6850269 0.5113324 -0.083427 1.096925 0.4990734 -0.05461858 1.44181 0.5290397 0.07446148 0.6926454 0.5155519 0.1247199 1.087555 0.4063543 0.1572942 1.434024 0.418445  O_Gathering_SoClose
-0.06168894 0.01188147 0.5228742 -0.1159409 0.1141299 0.5542287 -0.3183784 0.3803023 0.6134037 -0.3740982 0.679795 0.5653733 0.02094497 0.09532773 0.5474471 0.2434896 0.3303906 0.5686096 0.3280028 0.6263521 0.5494074 -0.02873038 0.2438967 0.5444468 -0.1077731 0.6847247 0.5107516 -0.08183603 1.096775 0.4999727 -0.05452589 1.441883 0.5287579 0.07779516 0.691712 0.5148891 0.1261897 1.087485 0.4080023 0.1578378 1.434093 0.4184507  O_Gathering_SoClose
-0.05822841 0.01110208 0.5240554 -0.1129033 0.1133913 0.55453 -0.3150907 0.3796147 0.6120237 -0.3703079 0.679152 0.563691 0.02406354 0.0949043 0.5485643 0.2466921 0.3301708 0.5704306 0.3308041 0.6261988 0.5505065 -0.02597575 0.2433242 0.5444382 -0.1050932 0.6844769 0.51027 -0.08053558 1.096645 0.5008157 -0.05442194 1.441924 0.5286416 0.08049788 0.6908687 0.5143503 0.1272447 1.087459 0.4097832 0.1583814 1.434157 0.4186534  O_Gathering_SoClose
-0.05481879 0.01034236 0.5250419 -0.1099988 0.1126033 0.5546902 -0.3119026 0.3788631 0.6103338 -0.3664339 0.6784275 0.5613941 0.02705915 0.09454286 0.5495723 0.2497595 0.3301078 0.572256 0.3333628 0.6262186 0.551443 -0.0234472 0.2427719 0.5444092 -0.1027815 0.6842635 0.5098041 -0.0794162 1.096528 0.5016278 -0.05432848 1.441953 0.5285691 0.0828305 0.690051 0.5138344 0.1280784 1.087475 0.4118031 0.1589665 1.434235 0.4189504  O_Gathering_SoClose
-0.05165802 0.009640336 0.5259546 -0.1074022 0.1118184 0.5548228 -0.3089978 0.3780963 0.6085085 -0.3626859 0.6776675 0.5586871 0.02975185 0.09427667 0.5505432 0.2524955 0.3302248 0.5740861 0.3354981 0.6264318 0.5522627 -0.02130715 0.2422794 0.5444125 -0.1009924 0.6840986 0.5093683 -0.07855611 1.096436 0.5023474 -0.05426232 1.441978 0.5285143 0.08463754 0.6893086 0.513358 0.1286348 1.087536 0.413946 0.1595439 1.434327 0.4192957  O_Gathering_SoClose
-0.04809211 0.00886631 0.5269026 -0.1045761 0.1108817 0.5548948 -0.3057885 0.3771449 0.6061343 -0.3583232 0.6766938 0.5549673 0.03269591 0.09406483 0.5516008 0.2554558 0.3305694 0.5761999 0.3376339 0.6269025 0.553008 -0.01912068 0.2417555 0.5443963 -0.09936951 0.6839501 0.5088934 -0.07778643 1.096351 0.5030493 -0.05420903 1.442 0.528448 0.08627839 0.6885112 0.5128416 0.1291443 1.087637 0.4165896 0.1602081 1.434441 0.4197353  O_Gathering_SoClose
-0.04557781 0.008338332 0.527511 -0.1026524 0.1101912 0.5548905 -0.3035673 0.3764175 0.6042503 -0.3551478 0.6759275 0.5518988 0.03470774 0.09397984 0.5523151 0.2574559 0.3309608 0.5777162 0.3389526 0.6273919 0.5534023 -0.0177335 0.2414118 0.5443701 -0.09849624 0.6838717 0.5085739 -0.07738213 1.096307 0.5034522 -0.05419187 1.442015 0.5283927 0.08716275 0.6879823 0.5124949 0.1294255 1.087729 0.4185804 0.1606807 1.434527 0.4200715  O_Gathering_SoClose
-0.04321168 0.007878065 0.5280131 -0.1008656 0.1095506 0.5548428 -0.3014911 0.3757249 0.602393 -0.3521183 0.6751801 0.5488113 0.03657605 0.0939486 0.5529379 0.259299 0.3314134 0.5791053 0.340103 0.6279384 0.5536503 -0.01648764 0.2411207 0.5443348 -0.09779559 0.6838173 0.5082964 -0.07706062 1.096278 0.5037168 -0.05417619 1.44203 0.5283316 0.08787228 0.6875308 0.5121931 0.1296474 1.08782 0.4203938 0.1611111 1.434602 0.4203771  O_Gathering_SoClose
-0.04039733 0.007375002 0.5285214 -0.09877442 0.108797 0.5547298 -0.2990373 0.3748864 0.6000665 -0.3484451 0.6742512 0.5448664 0.03876217 0.09397471 0.5536164 0.2614373 0.3320633 0.5807174 0.3413482 0.6287001 0.5537876 -0.0150914 0.2408147 0.544279 -0.0971332 0.6837766 0.5079945 -0.07676373 1.096261 0.503889 -0.05416993 1.44205 0.5282472 0.08854349 0.6870511 0.511865 0.1298519 1.087935 0.4224848 0.1616033 1.434687 0.4207262  O_Gathering_SoClose
-0.03747229 0.00691545 0.528951 -0.09661035 0.1080493 0.5545591 -0.2964865 0.3740298 0.5975941 -0.344587 0.6732739 0.5406131 0.04101803 0.09406388 0.5542477 0.2636293 0.332824 0.5823177 0.3425539 0.6295719 0.5537523 -0.01367585 0.2405468 0.5442122 -0.0965427 0.6837547 0.507717 -0.07650225 1.096258 0.5039309 -0.05416612 1.442073 0.5281547 0.0891412 0.6866271 0.5115603 0.1300477 1.088042 0.4244064 0.162052 1.434759 0.4210414  O_Gathering_SoClose
-0.03501747 0.006579638 0.5292362 -0.09480231 0.1074507 0.5543751 -0.2943428 0.3733245 0.5954741 -0.3413098 0.6724453 0.5369219 0.04289748 0.09418786 0.5547222 0.2654459 0.3335291 0.5836056 0.3434949 0.6303642 0.5535778 -0.0125172 0.2403618 0.5441498 -0.09612827 0.6837519 0.507512 -0.07632349 1.096268 0.5038675 -0.05417041 1.442096 0.5280746 0.0895604 0.6863316 0.5113329 0.130193 1.088124 0.4258012 0.1623811 1.43481 0.4212645  O_Gathering_SoClose
-0.03165255 0.006195903 0.5295433 -0.09232704 0.1066842 0.5540761 -0.2913906 0.3723952 0.5925182 -0.3367694 0.671315 0.5317301 0.0454609 0.09442794 0.5553135 0.2679156 0.3345764 0.5853075 0.3446839 0.6315192 0.5531191 -0.01095025 0.2401692 0.5440582 -0.09565346 0.6837635 0.5072664 -0.07612877 1.096293 0.5037178 -0.05419157 1.442132 0.5279764 0.09004004 0.6860241 0.5110554 0.1303599 1.0882 0.4271978 0.1626903 1.434855 0.4214715  O_Gathering_SoClose
-0.02892403 0.005954027 0.5297269 -0.09032463 0.1061134 0.5537933 -0.2889815 0.3716804 0.5900654 -0.3330364 0.6704095 0.5273947 0.04752626 0.0946871 0.5557507 0.2699035 0.3354976 0.5866488 0.3455445 0.6325142 0.5525326 -0.009700401 0.2400694 0.543981 -0.09536092 0.6837847 0.5070976 -0.07602428 1.096323 0.5035733 -0.05423055 1.442165 0.527912 0.09033526 0.6858681 0.5108556 0.1304502 1.088229 0.427791 0.1627997 1.434874 0.4215382  O_Gathering_SoClose
-0.02665327 0.005815387 0.5298384 -0.08866249 0.1056886 0.5535311 -0.286965 0.3711312 0.5879754 -0.3298919 0.6696796 0.5236825 0.04923477 0.09496272 0.5560917 0.2715515 0.3363273 0.5877427 0.3461749 0.6333924 0.5518535 -0.008675499 0.2400404 0.5439166 -0.09520464 0.6838118 0.5069798 -0.07598959 1.096357 0.5034727 -0.05428694 1.442199 0.527882 0.09049292 0.6858311 0.5107073 0.1304698 1.088216 0.4276913 0.1627258 1.43487 0.4214834  O_Gathering_SoClose
-0.02446161 0.005703807 0.5299128 -0.08706395 0.1052915 0.5532449 -0.2850007 0.3706113 0.5858821 -0.3268017 0.6689674 0.5199746 0.05087217 0.09524858 0.5564088 0.273136 0.3371456 0.5888218 0.3466595 0.6342473 0.5510167 -0.007699652 0.2400275 0.5438484 -0.09508149 0.6838368 0.5068773 -0.07597683 1.096387 0.5034035 -0.05435656 1.442231 0.5278662 0.09061714 0.685822 0.5105704 0.1304671 1.088193 0.4274248 0.1626013 1.434861 0.421399  O_Gathering_SoClose
-0.02283196 0.005630851 0.5299391 -0.08588116 0.1049994 0.5530008 -0.2835272 0.3702275 0.5842503 -0.3244607 0.6684253 0.5170931 0.05207982 0.09546983 0.5566353 0.2743115 0.3377596 0.5896496 0.3469077 0.6348793 0.5502285 -0.006985707 0.2400233 0.5437912 -0.09500413 0.6838521 0.5068086 -0.07598023 1.096406 0.5033849 -0.05442004 1.442253 0.5278682 0.09069516 0.6858266 0.5104727 0.1304512 1.088171 0.4271549 0.1624784 1.434853 0.4213251  O_Gathering_SoClose
-0.02163569 0.005580425 0.5299457 -0.08501832 0.1047852 0.5527977 -0.2824272 0.369953 0.5829738 -0.3226883 0.6680252 0.5148596 0.05295797 0.09563482 0.556806 0.2751763 0.3382055 0.5903085 0.3469753 0.635332 0.5495046 -0.0064681 0.2400208 0.5437444 -0.09494035 0.6838615 0.506759 -0.07598405 1.096419 0.5033745 -0.05447416 1.442268 0.527872 0.09075947 0.6858313 0.5103978 0.1304371 1.088155 0.4269422 0.1623762 1.434847 0.4212664  O_Gathering_SoClose
-0.01917361 0.005481482 0.5298852 -0.08330052 0.1043433 0.5521387 -0.2800397 0.3694595 0.579585 -0.3186602 0.6672288 0.5092334 0.05468865 0.09598053 0.5572671 0.2770188 0.3390347 0.5922741 0.3459162 0.6361184 0.5464624 -0.005448801 0.2400155 0.5436009 -0.09468715 0.6838654 0.5066494 -0.07597987 1.096435 0.5033668 -0.05465881 1.442293 0.5279044 0.09101428 0.6858464 0.5101985 0.1304059 1.088128 0.4264063 0.1620596 1.434853 0.4211119  O_Gathering_SoClose
-0.0188642 0.00546968 0.5298589 -0.08310847 0.1042942 0.5519394 -0.2797269 0.3694093 0.5788993 -0.318124 0.6671552 0.5083264 0.05487325 0.09602118 0.5574034 0.2773026 0.3390725 0.5928658 0.3451504 0.6361129 0.5452417 -0.005323751 0.2400151 0.5435661 -0.09459995 0.683861 0.5066284 -0.07596903 1.096435 0.5033726 -0.0547065 1.442295 0.5279197 0.0911019 0.6858509 0.5101513 0.1304066 1.088124 0.4262747 0.1619771 1.434857 0.4210757  O_Gathering_SoClose
-0.01874344 0.005465627 0.5298418 -0.08304112 0.1042802 0.5518106 -0.2796154 0.3693858 0.5785621 -0.3179562 0.6671401 0.5079941 0.05493333 0.09603322 0.557495 0.2774434 0.3390497 0.5932554 0.3445564 0.6360507 0.5443605 -0.005268199 0.2400148 0.543548 -0.09455059 0.6838589 0.5066184 -0.07595967 1.096434 0.5033778 -0.05472765 1.442296 0.5279311 0.09115149 0.6858525 0.5101265 0.1304101 1.08812 0.4262036 0.1619362 1.434858 0.4210585  O_Gathering_SoClose
-0.01864116 0.00546205 0.5298299 -0.08298574 0.1042691 0.5516952 -0.2795074 0.3693755 0.5782379 -0.3177795 0.667134 0.5076498 0.05498137 0.09604323 0.5575827 0.2775665 0.3390251 0.5936149 0.3439555 0.6359811 0.543475 -0.005220933 0.2400144 0.5435342 -0.09451185 0.6838573 0.5066108 -0.07595305 1.096434 0.503383 -0.05474512 1.442297 0.5279416 0.09119047 0.6858537 0.5101069 0.1304123 1.088117 0.4261459 0.1619031 1.434859 0.4210447  O_Gathering_SoClose
-0.01858233 0.005459666 0.5298237 -0.08295713 0.1042639 0.5516123 -0.2794372 0.3693755 0.5780038 -0.3176596 0.6671376 0.5074047 0.05500408 0.09604776 0.5576504 0.2776462 0.338999 0.5938796 0.3434441 0.6359143 0.5427288 -0.00519268 0.2400138 0.5435265 -0.09448837 0.683856 0.5066079 -0.07594894 1.096434 0.5033878 -0.05475555 1.442297 0.5279492 0.09121402 0.6858538 0.510095 0.1304131 1.088114 0.4261106 0.1618822 1.434859 0.4210366  O_Gathering_SoClose
-0.01854257 0.005457997 0.5298208 -0.08293812 0.1042598 0.5515593 -0.2793913 0.3693738 0.5778512 -0.3175806 0.6671383 0.5072435 0.05501928 0.09605134 0.5576953 0.2776948 0.3389869 0.5940465 0.3430308 0.635869 0.542117 -0.005175216 0.2400136 0.5435222 -0.09447448 0.6838553 0.5066065 -0.07594697 1.096434 0.5033911 -0.05476246 1.442298 0.5279545 0.09122802 0.6858541 0.5100883 0.1304126 1.088113 0.4260896 0.1618683 1.434859 0.4210314  O_Gathering_SoClose
-0.01851837 0.005456924 0.5298198 -0.08292733 0.1042571 0.551526 -0.2793627 0.3693731 0.577752 -0.3175301 0.6671389 0.5071386 0.05502744 0.09605348 0.5577258 0.2777232 0.3389803 0.5941514 0.3426814 0.6358345 0.5415925 -0.005165322 0.2400134 0.5435208 -0.09446697 0.6838548 0.5066069 -0.07594661 1.096434 0.503394 -0.05476735 1.442298 0.5279583 0.09123559 0.6858543 0.510085 0.1304116 1.088112 0.4260782 0.1618595 1.434859 0.4210294  O_Gathering_SoClose
-0.01850526 0.005456448 0.5298203 -0.08292083 0.1042559 0.5515102 -0.2793473 0.3693725 0.5777043 -0.3175045 0.6671392 0.5070885 0.05503269 0.09605479 0.5577415 0.2777394 0.3389772 0.5942024 0.3423377 0.6358052 0.5410575 -0.005159421 0.2400134 0.5435208 -0.0944622 0.6838546 0.5066084 -0.07594566 1.096434 0.5033969 -0.05476932 1.442298 0.5279611 0.09124042 0.6858544 0.510084 0.1304118 1.088112 0.4260725 0.1618554 1.434859 0.421029  O_Gathering_SoClose
-0.0185049 0.005456328 0.5298208 -0.08292042 0.1042558 0.5515112 -0.279347 0.3693726 0.5777048 -0.3175044 0.6671393 0.50709 0.05503311 0.09605467 0.557742 0.2777401 0.3389772 0.594201 0.3422348 0.6357985 0.5408911 -0.005159004 0.2400132 0.5435213 -0.09446178 0.6838545 0.5066088 -0.07594542 1.096434 0.5033973 -0.05476914 1.442298 0.5279616 0.09124084 0.6858543 0.5100845 0.130412 1.088112 0.426073 0.1618555 1.434859 0.4210294  O_Gathering_SoClose
-0.01850436 0.005456328 0.5298213 -0.08292012 0.1042558 0.5515107 -0.2793464 0.3693726 0.5777034 -0.3175032 0.6671393 0.5070881 0.05503334 0.09605467 0.5577425 0.2777409 0.3389771 0.5942029 0.3422018 0.6357958 0.5408386 -0.005158706 0.2400132 0.5435213 -0.09446149 0.6838545 0.5066088 -0.07594524 1.096434 0.5033978 -0.05476914 1.442298 0.5279621 0.09124108 0.6858543 0.510085 0.1304121 1.088112 0.426073 0.1618554 1.434859 0.4210299  O_Gathering_SoClose
-0.01850484 0.005456448 0.5298213 -0.08292036 0.1042559 0.5515112 -0.2793468 0.3693727 0.5777048 -0.317504 0.6671394 0.5070895 0.05503317 0.09605467 0.5577425 0.2777403 0.3389771 0.5942014 0.3422119 0.6357968 0.5408548 -0.005158944 0.2400134 0.5435213 -0.09446166 0.6838546 0.5066088 -0.0759453 1.096434 0.5033973 -0.05476902 1.442298 0.5279621 0.0912409 0.6858544 0.510085 0.1304121 1.088112 0.4260734 0.1618557 1.434859 0.4210299  O_Gathering_SoClose
