-0.01850484 0.005456328 0.2844161 -0.08292036 0.1042558 0.306106 -0.2793468 0.3693726 0.3322996 -0.317504 0.6671394 0.2616843 0.05503317 0.09605467 0.3123373 0.2777403 0.3389771 0.3487962 0.3422118 0.6357967 0.2954491 -0.005158944 0.2400132 0.2981161 -0.09446166 0.6838545 0.2612036 -0.07594524 1.096434 0.2579921 -0.05476902 1.442298 0.2825569 0.0912409 0.6858543 0.2646798 0.1304121 1.088112 0.1806682 0.1618557 1.434859 0.1756247  O_Gathering_SoClose
-0.02341907 0.006506443 0.2832612 -0.0875278 0.1049482 0.3068703 -0.2845351 0.3699017 0.3355378 -0.3192065 0.6663875 0.258068 0.0504451 0.09641159 0.3121485 0.2745826 0.3380698 0.3493637 0.3371898 0.634558 0.2920965 -0.009499533 0.240531 0.2985238 -0.09864174 0.6843805 0.262298 -0.07783888 1.096831 0.2571863 -0.05479012 1.442506 0.28272 0.0870771 0.6863823 0.264758 0.1294331 1.080725 0.1502894 0.1555848 1.427394 0.1699003  O_Gathering_SoClose
-0.03463129 0.008596539 0.2806476 -0.09803776 0.1062285 0.3081225 -0.2960964 0.3708503 0.3418912 -0.325122 0.6647389 0.2530402 0.03994806 0.0969702 0.3115047 0.2667744 0.3360513 0.3502768 0.325773 0.6317172 0.2854289 -0.0194311 0.2414334 0.2991008 -0.1081815 0.6852984 0.2642421 -0.08236699 1.097393 0.2549456 -0.0551217 1.442598 0.2825989 0.07755293 0.6873068 0.2647375 0.1255661 1.070415 0.1187009 0.1484469 1.414669 0.1657494  O_Gathering_SoClose
-0.05070011 0.01159799 0.2775825 -0.1130718 0.1080936 0.3097695 -0.3125025 0.3722235 0.3499478 -0.3370664 0.6636688 0.2521538 0.02488162 0.09784758 0.3108238 0.254765 0.3336442 0.3516649 0.3094834 0.6280624 0.2779893 -0.03366385 0.2427759 0.299981 -0.1218012 0.6866553 0.2667955 -0.08893339 1.098081 0.2518586 -0.05566613 1.442535 0.2821726 0.06392474 0.6886784 0.2649821 0.1171543 1.061392 0.09570587 0.1396654 1.401336 0.1676725  O_Gathering_SoClose
-0.0647562 0.01389706 0.2753609 -0.126225 0.1095115 0.3109034 -0.3266034 0.3732511 0.3560408 -0.3502681 0.6640565 0.256143 0.01166655 0.09843242 0.310254 0.2436665 0.3316636 0.3523258 0.2955122 0.6250747 0.2727879 -0.04612659 0.2437485 0.3006338 -0.133659 0.6876444 0.2687072 -0.09457438 1.09842 0.2510823 -0.05615048 1.442269 0.2821573 0.05204477 0.6896695 0.2653116 0.109055 1.05761 0.08706224 0.1333013 1.393812 0.1744055  O_Gathering_SoClose
-0.09658234 0.01991022 0.2729963 -0.1563199 0.1139215 0.3139766 -0.3580916 0.3771251 0.3673271 -0.3854552 0.6692476 0.2723359 -0.01861499 0.101033 0.3110622 0.2165349 0.3293747 0.3535117 0.2652356 0.6213776 0.2671002 -0.07461207 0.2471772 0.3036093 -0.1603782 0.6911557 0.2737039 -0.1070708 1.099652 0.2443169 -0.05613581 1.441285 0.2812876 0.02529349 0.6931021 0.2688278 0.0917473 1.06314 0.0983609 0.1224933 1.389367 0.2161678  O_Gathering_SoClose
-0.1122851 0.02618563 0.2744626 -0.1720916 0.1193603 0.3166617 -0.3737262 0.3829361 0.3698791 -0.4028791 0.6751003 0.2755512 -0.03444211 0.1056207 0.3156136 0.2017818 0.3315154 0.3592032 0.2508097 0.6233911 0.2725471 -0.08941905 0.2521495 0.3081139 -0.1737549 0.6961424 0.2775663 -0.1141609 1.102136 0.2307414 -0.05521611 1.441032 0.2792047 0.01197322 0.6981137 0.2759188 0.08486773 1.073667 0.120839 0.119201 1.391022 0.2599591  O_Gathering_SoClose
-0.1381323 0.04780269 0.2832144 -0.2013157 0.1389982 0.323604 -0.3991987 0.4053377 0.3647689 -0.4292829 0.694697 0.2624277 -0.06431977 0.1238767 0.3354663 0.1739687 0.3436261 0.3887299 0.2262772 0.6359958 0.305735 -0.1169997 0.2710243 0.3244303 -0.1969542 0.7148244 0.2875603 -0.1261224 1.110755 0.1937727 -0.0482314 1.439418 0.2749375 -0.01198558 0.7172851 0.304356 0.07370497 1.104019 0.1881756 0.1111379 1.394426 0.3766168  O_Gathering_SoClose
-0.1513814 0.07193935 0.2955512 -0.2180137 0.1614321 0.3332118 -0.4106308 0.4308141 0.3625153 -0.437733 0.7149199 0.2456526 -0.08261107 0.1455868 0.3567137 0.1565797 0.3595375 0.4177936 0.2123725 0.6523734 0.3388084 -0.1336123 0.2930678 0.342656 -0.2100763 0.736617 0.3007749 -0.1332691 1.119766 0.1670879 -0.04262153 1.437901 0.2731384 -0.02731584 0.7397149 0.3337983 0.065098 1.132542 0.2469062 0.1006279 1.399981 0.4670471  O_Gathering_SoClose
-0.1554502 0.08993161 0.3057345 -0.224201 0.1783476 0.341575 -0.4135408 0.4493647 0.36454 -0.4353285 0.7268844 0.2318162 -0.09012859 0.162336 0.3716658 0.1484922 0.3733287 0.4370588 0.2056918 0.6667498 0.3613189 -0.1403994 0.3099102 0.3560437 -0.215333 0.7533022 0.3118299 -0.1372424 1.126096 0.1521386 -0.04004739 1.437152 0.2724351 -0.03443221 0.7568592 0.3538278 0.05869045 1.151746 0.2776979 0.08996357 1.406717 0.5127724  O_Gathering_SoClose
-0.1577239 0.1119241 0.3167604 -0.2286816 0.1990701 0.3508428 -0.4147513 0.4715877 0.3685383 -0.4303531 0.7406741 0.2186831 -0.0962321 0.1829847 0.3873891 0.1445431 0.3870566 0.4564422 0.2073533 0.6802768 0.3844613 -0.1459629 0.3306209 0.3706611 -0.2196579 0.7739066 0.3252777 -0.1404664 1.13254 0.136372 -0.03616343 1.435661 0.2702101 -0.04102741 0.7779212 0.376038 0.05224236 1.173655 0.3046283 0.07764633 1.414804 0.5545276  O_Gathering_SoClose
-0.1567479 0.1363846 0.3265122 -0.2299721 0.2219622 0.3592542 -0.4140205 0.495105 0.3747667 -0.4255733 0.7564927 0.2115167 -0.09922354 0.2060158 0.4015363 0.142005 0.4044152 0.472206 0.2082759 0.6975073 0.4028548 -0.1489498 0.3536259 0.3845686 -0.2225544 0.796841 0.3403944 -0.1438479 1.138457 0.1220397 -0.03317056 1.434075 0.2670707 -0.04634373 0.801398 0.3989652 0.04736247 1.196361 0.323953 0.06557985 1.421758 0.5887402  O_Gathering_SoClose
-0.1510973 0.1781937 0.3352517 -0.2268668 0.2611152 0.3685182 -0.409035 0.5358319 0.3823632 -0.4072348 0.7845672 0.2000583 -0.09744255 0.2455784 0.4148349 0.1429443 0.4385988 0.4785203 0.2104234 0.7309349 0.4071721 -0.14852 0.3929893 0.4003261 -0.2243819 0.8360404 0.3621415 -0.149568 1.150555 0.1051234 -0.03132604 1.432989 0.2692069 -0.05022435 0.8413112 0.4265069 0.04834666 1.228176 0.3215154 0.05749222 1.428358 0.6062802  O_Gathering_SoClose
-0.1449932 0.2122048 0.3368911 -0.2217519 0.2930483 0.3727487 -0.4032191 0.5693921 0.3852423 -0.3843246 0.8070394 0.1896042 -0.09196644 0.2779441 0.4181889 0.1470747 0.468927 0.4694446 0.2126656 0.7601749 0.3921345 -0.1449237 0.4250296 0.4076647 -0.2238194 0.8677825 0.3765038 -0.153682 1.158636 0.09179437 -0.03108357 1.432269 0.2672042 -0.04941581 0.8735074 0.4401606 0.05447658 1.246457 0.2969173 0.05850663 1.428188 0.5939115  O_Gathering_SoClose
-0.1358387 0.2535762 0.3340625 -0.2137168 0.3316432 0.3734344 -0.4008286 0.6069248 0.3857468 -0.3675038 0.827143 0.1724375 -0.08336829 0.3171097 0.4174265 0.1529721 0.5078329 0.4517225 0.2148065 0.7972102 0.3648795 -0.1388687 0.463555 0.4126495 -0.2215103 0.9055199 0.3905853 -0.1579865 1.166877 0.07716548 -0.03119211 1.430819 0.2640651 -0.04668848 0.9118277 0.4530281 0.05941446 1.270606 0.2786049 0.05718054 1.426828 0.5897921  O_Gathering_SoClose
-0.1258955 0.2959155 0.3280987 -0.2047531 0.3707925 0.3715357 -0.4011088 0.6426384 0.3843735 -0.3543946 0.8433748 0.154961 -0.07368736 0.3568608 0.4135464 0.1585114 0.5492371 0.4292201 0.214716 0.8361833 0.3312033 -0.1319358 0.5022986 0.4156326 -0.2184473 0.9428231 0.4037589 -0.1626878 1.17397 0.06606519 -0.03274892 1.429402 0.2623919 -0.04303799 0.9497705 0.4644617 0.06622727 1.289871 0.2575897 0.06025882 1.42823 0.577072  O_Gathering_SoClose
-0.1082457 0.3652287 0.3078645 -0.1884833 0.4332451 0.3593463 -0.3957118 0.6978396 0.370551 -0.317938 0.8684862 0.1257275 -0.05609004 0.4202389 0.3972954 0.1674279 0.6189057 0.3814162 0.2128627 0.900407 0.263955 -0.1190415 0.5627989 0.4135164 -0.2122755 0.9987696 0.4219855 -0.170366 1.180711 0.0535897 -0.03657911 1.425876 0.2601551 -0.03582964 1.007084 0.4794253 0.07406618 1.32152 0.2355884 0.0624611 1.429572 0.5664028  O_Gathering_SoClose
-0.09478305 0.4160975 0.2841309 -0.175935 0.4773647 0.3422598 -0.391182 0.7331342 0.3556646 -0.2925143 0.8871033 0.1073388 -0.04258726 0.465111 0.3769802 0.1734343 0.6694602 0.3381413 0.2106256 0.9458949 0.2065929 -0.1091648 0.6039518 0.4059638 -0.207982 1.034381 0.4333404 -0.176332 1.182545 0.04912651 -0.04011528 1.422531 0.260137 -0.03080658 1.043819 0.4883069 0.07856269 1.342821 0.2255529 0.06361313 1.43019 0.5622886  O_Gathering_SoClose
-0.06965064 0.511202 0.2189449 -0.1523363 0.5546731 0.2896856 -0.3816164 0.7867066 0.3280596 -0.2553358 0.9237944 0.0823611 -0.01749383 0.5441185 0.3187264 0.18148 0.7614181 0.2402004 0.2031493 1.026196 0.08358753 -0.09108488 0.6698141 0.3764704 -0.202398 1.082922 0.4498943 -0.187568 1.181421 0.0490793 -0.04679905 1.415492 0.2637151 -0.02413373 1.094823 0.5007051 0.08596404 1.375059 0.218304 0.06556202 1.43092 0.561395  O_Gathering_SoClose
-0.04853199 0.5910659 0.1497344 -0.1324247 0.6137307 0.2284855 -0.3744049 0.8129377 0.314391 -0.2452421 0.9506215 0.07053125 0.003239112 0.605149 0.2541555 0.1838231 0.8364669 0.150431 0.1934638 1.091214 -0.02310765 -0.07656513 0.7105618 0.3382314 -0.202036 1.098778 0.4606665 -0.1966857 1.177388 0.05524528 -0.05144135 1.409264 0.2692813 -0.02343015 1.114295 0.5092539 0.09546347 1.385221 0.2213877 0.06761874 1.428627 0.5657543  O_Gathering_SoClose
-0.03202919 0.6686651 0.0936693 -0.1157298 0.6696167 0.1760377 -0.3641589 0.825944 0.3047985 -0.240832 0.9745236 0.06433618 0.02065011 0.6646248 0.1986841 0.1790327 0.9089136 0.07909238 0.1779953 1.154433 -0.1075183 -0.06408505 0.7441424 0.3037852 -0.2036382 1.101007 0.4702939 -0.2053361 1.171114 0.06328428 -0.05523495 1.402982 0.2739519 -0.02524833 1.121518 0.5178112 0.1129575 1.378516 0.2258276 0.07181551 1.422876 0.5687379  O_Gathering_SoClose
-0.02435939 0.7432491 0.05318964 -0.1044277 0.7220795 0.1367987 -0.3533827 0.83061 0.2942132 -0.2410489 0.9959705 0.05938423 0.03264244 0.7265968 0.1549262 0.1677579 0.9835821 0.02950799 0.1600373 1.222674 -0.1651193 -0.05473677 0.7759649 0.275247 -0.2053029 1.098923 0.4779271 -0.2115815 1.16343 0.07003725 -0.05753015 1.396394 0.276605 -0.02737616 1.12277 0.5256237 0.12884 1.364541 0.229741 0.07626553 1.415937 0.5700969  O_Gathering_SoClose
-0.02719591 0.7752017 0.04000127 -0.1029475 0.7435209 0.1245493 -0.3502368 0.8304812 0.2889317 -0.241439 1.001462 0.05647504 0.03403493 0.7562851 0.1390461 0.1582015 1.020033 0.01355493 0.148908 1.258125 -0.1822273 -0.05236987 0.7902253 0.2652668 -0.2054049 1.099391 0.4801306 -0.2130613 1.160296 0.07171094 -0.05747102 1.393374 0.2769922 -0.02752136 1.123091 0.5280608 0.1316164 1.360769 0.2304243 0.07783206 1.413422 0.5703987  O_Gathering_SoClose
-0.03418199 0.7989548 0.03170717 -0.1038753 0.7580233 0.1177882 -0.347175 0.8270375 0.2847093 -0.2419726 1.004469 0.05545366 0.03210153 0.7813493 0.1279601 0.1464084 1.052144 0.003201365 0.1361464 1.291533 -0.1909438 -0.05145423 0.8008611 0.2590598 -0.2050133 1.100672 0.4806789 -0.2135896 1.15856 0.07183874 -0.05670957 1.391152 0.2766889 -0.02709149 1.123691 0.528798 0.1337423 1.359298 0.2304267 0.07965721 1.411888 0.5703634  O_Gathering_SoClose
-0.03910772 0.8071601 0.0289892 -0.1050551 0.7622264 0.1162184 -0.3452822 0.8237093 0.2828254 -0.2424766 1.005408 0.0558356 0.02986767 0.7917914 0.1239012 0.1398339 1.066597 0.0003165007 0.1287483 1.308332 -0.1908528 -0.0514584 0.804495 0.2572206 -0.2046796 1.101503 0.4804028 -0.213609 1.15825 0.07141054 -0.05617241 1.390393 0.2763432 -0.02673964 1.124068 0.5286702 0.1348321 1.359252 0.2303642 0.08068331 1.4115 0.5703439  O_Gathering_SoClose
-0.04551021 0.8111284 0.02705419 -0.1069259 0.7630013 0.1161655 -0.342687 0.818408 0.28097 -0.2436521 1.006022 0.05713785 0.02630355 0.7999679 0.1207083 0.1333866 1.079969 0.0005940199 0.1203494 1.327447 -0.182952 -0.05189196 0.8061588 0.2563418 -0.2043218 1.102339 0.4796637 -0.2134369 1.158488 0.07059276 -0.05558507 1.389974 0.2759479 -0.02642087 1.124333 0.5283364 0.1359583 1.359683 0.2305998 0.08168764 1.41142 0.5706381  O_Gathering_SoClose
-0.04839579 0.8107903 0.0261358 -0.1080147 0.7623596 0.1165422 -0.3416145 0.815774 0.2803763 -0.2443494 1.005718 0.05773675 0.0243379 0.8024924 0.1196088 0.1329759 1.085442 0.005420566 0.1123184 1.338701 -0.1693298 -0.05230079 0.8062665 0.2562164 -0.2042203 1.102663 0.4791049 -0.2134939 1.15878 0.07003343 -0.0555986 1.389865 0.2758058 -0.02638124 1.124367 0.5281328 0.1362644 1.360455 0.2311262 0.08196111 1.411696 0.5712341  O_Gathering_SoClose
-0.04914711 0.8092246 0.02556407 -0.1084882 0.761624 0.1167907 -0.3414414 0.8147405 0.2802528 -0.2449014 1.005179 0.05772007 0.02354862 0.802815 0.1194042 0.1362444 1.087135 0.01196134 0.1080122 1.346085 -0.1531202 -0.05265443 0.8059956 0.2562703 -0.2042852 1.102709 0.4787034 -0.2136813 1.158961 0.06965339 -0.05590461 1.389825 0.2757653 -0.02649127 1.124291 0.5279487 0.1362001 1.36136 0.2317513 0.08189066 1.412129 0.5719289  O_Gathering_SoClose
-0.04824571 0.8058068 0.02495754 -0.1086743 0.7605321 0.1169227 -0.3421626 0.8147928 0.2801965 -0.2456482 1.0041 0.05668962 0.02342422 0.8014957 0.1199569 0.1456004 1.085755 0.02477872 0.1074976 1.353638 -0.1231786 -0.05337058 0.8053367 0.2564753 -0.2047767 1.102515 0.478124 -0.2141597 1.159162 0.06912792 -0.05671464 1.389803 0.2757429 -0.02701412 1.124091 0.5274848 0.1358321 1.363122 0.2329534 0.08143432 1.413105 0.5732335  O_Gathering_SoClose
-0.04800836 0.8015745 0.02506864 -0.1095501 0.7585316 0.1175669 -0.3432238 0.8152378 0.279838 -0.2461292 1.002751 0.0550741 0.02263262 0.7991835 0.1210908 0.1540927 1.082059 0.03693378 0.1121397 1.356674 -0.09697258 -0.05492787 0.8040988 0.2571405 -0.2059574 1.102434 0.4772362 -0.2145581 1.159688 0.06830728 -0.05729876 1.389904 0.2755364 -0.0281723 1.124024 0.5265096 0.1359446 1.365007 0.2342829 0.08110358 1.41434 0.5745867  O_Gathering_SoClose
-0.04799901 0.7970558 0.02549493 -0.1107302 0.7561371 0.1183099 -0.3443719 0.8157593 0.2794336 -0.2465187 1.001287 0.05335462 0.02158423 0.7962992 0.122454 0.1621683 1.077089 0.04977405 0.1174653 1.357097 -0.07147563 -0.05690024 0.8025308 0.2579192 -0.207564 1.102268 0.4761432 -0.2148717 1.160372 0.06730926 -0.05778817 1.390065 0.2752498 -0.02975802 1.123858 0.5253409 0.136224 1.366986 0.235958 0.08068825 1.415792 0.5762252  O_Gathering_SoClose
-0.04809008 0.7931179 0.02595794 -0.1118693 0.753908 0.1189016 -0.3453839 0.8161993 0.2790121 -0.2467552 0.9999252 0.05180156 0.02057137 0.7935815 0.1236714 0.168675 1.072245 0.06121099 0.1228238 1.356008 -0.05050814 -0.05878798 0.8009936 0.2585658 -0.2092612 1.101959 0.4751161 -0.215032 1.16098 0.06638896 -0.05815945 1.390222 0.2749861 -0.03145627 1.123547 0.5243191 0.1364553 1.368537 0.2376322 0.08016302 1.417101 0.5778097  O_Gathering_SoClose
-0.04830585 0.7853414 0.02669513 -0.1142292 0.7492594 0.1195916 -0.3474002 0.8168909 0.2778171 -0.2469192 0.9968095 0.04838169 0.01843919 0.7879513 0.1258596 0.1804075 1.062228 0.08542717 0.1358133 1.352071 -0.01000464 -0.06282048 0.7975157 0.2594813 -0.2135681 1.100578 0.4729694 -0.2149916 1.161989 0.064556 -0.05888413 1.390503 0.2745222 -0.03586439 1.122196 0.5225233 0.1364908 1.370717 0.2415708 0.07836093 1.419666 0.5813841  O_Gathering_SoClose
-0.04715733 0.7744484 0.02853239 -0.1159324 0.7422901 0.1209925 -0.3496821 0.8171092 0.2759875 -0.2459747 0.9917765 0.04394519 0.01695867 0.7797757 0.1294807 0.1940032 1.048422 0.121385 0.1581823 1.344676 0.04357183 -0.06701688 0.7922856 0.2611655 -0.2193449 1.098393 0.4698991 -0.2137434 1.162696 0.06196725 -0.05998306 1.390987 0.273899 -0.04199259 1.120257 0.5205911 0.1357891 1.373608 0.2474426 0.07422717 1.423365 0.586533  O_Gathering_SoClose
-0.04507736 0.7618652 0.03074682 -0.1162934 0.7332695 0.1226648 -0.35093 0.8151859 0.2745832 -0.2452528 0.9865479 0.04097068 0.01678254 0.7696016 0.1330589 0.2033902 1.033146 0.1513561 0.1804466 1.333809 0.08670747 -0.06952791 0.7851065 0.2629026 -0.2234652 1.094604 0.4666857 -0.2111976 1.163014 0.05956876 -0.06046866 1.391753 0.273188 -0.04649894 1.116714 0.5186051 0.1339445 1.375755 0.252632 0.06989105 1.426794 0.5910696  O_Gathering_SoClose
-0.04369829 0.7536182 0.03136194 -0.1160348 0.7266217 0.1229385 -0.3507563 0.8122864 0.273743 -0.2454644 0.983363 0.0397476 0.01712771 0.7623562 0.1342553 0.2070753 1.023555 0.1630968 0.1905009 1.325638 0.1033038 -0.07027076 0.7793194 0.2631863 -0.2251802 1.090474 0.4652485 -0.209705 1.162941 0.05894363 -0.0604075 1.392248 0.2729582 -0.0484309 1.112638 0.5178789 0.1317618 1.375146 0.2551559 0.06765456 1.428014 0.5933026  O_Gathering_SoClose
-0.04167012 0.7406932 0.03143203 -0.115306 0.715493 0.1225265 -0.3496926 0.806133 0.2724136 -0.2465264 0.9786254 0.0385102 0.0179704 0.7504203 0.1349653 0.2113285 1.00902 0.1735324 0.2027227 1.312122 0.1173223 -0.0707026 0.7691822 0.2627715 -0.2270094 1.082381 0.4637407 -0.2077162 1.162536 0.05904663 -0.05997882 1.392989 0.2729124 -0.05055563 1.104484 0.5173792 0.1274279 1.372017 0.2582439 0.06479193 1.428864 0.5960201  O_Gathering_SoClose
-0.03835342 0.716828 0.03183782 -0.1139235 0.6944497 0.1221331 -0.3473155 0.7934533 0.2701143 -0.2490069 0.9700984 0.03722036 0.01950248 0.7281411 0.1362623 0.216862 0.9830973 0.187065 0.2194603 1.286874 0.1339873 -0.0710855 0.7499261 0.2622331 -0.2297968 1.066696 0.4621776 -0.2047712 1.161045 0.06087196 -0.05907754 1.394181 0.2732276 -0.05384372 1.088595 0.5175174 0.1190633 1.363931 0.2631625 0.06033399 1.429277 0.6001028  O_Gathering_SoClose
-0.03587107 0.6955146 0.03258598 -0.112867 0.6754152 0.1222399 -0.3451007 0.7815464 0.2680739 -0.2515247 0.9628939 0.03685081 0.0206625 0.7081407 0.1376075 0.2204622 0.9605881 0.1959718 0.231107 1.264402 0.144123 -0.0713288 0.7325213 0.2620763 -0.2318913 1.052457 0.4612283 -0.2025258 1.159362 0.06337917 -0.05818925 1.395179 0.2736911 -0.05634103 1.074134 0.517918 0.1120926 1.355615 0.2673143 0.0570596 1.42908 0.6032041  O_Gathering_SoClose
-0.03241174 0.6592139 0.03454959 -0.111435 0.6427638 0.1232103 -0.3412664 0.7606689 0.2644929 -0.2560469 0.9512438 0.03749835 0.02223273 0.6740348 0.1403083 0.224682 0.9232937 0.2084879 0.2465714 1.226689 0.1577281 -0.07171772 0.7027622 0.2623633 -0.2349363 1.028087 0.4598774 -0.1992105 1.156041 0.06881988 -0.05682049 1.396798 0.2748173 -0.05999641 1.049412 0.5185527 0.1012534 1.340538 0.2743238 0.05235412 1.428213 0.6077451  O_Gathering_SoClose
-0.02723531 0.5579273 0.04490507 -0.1104988 0.5515863 0.1309756 -0.3317551 0.7015586 0.2533311 -0.2686042 0.9190003 0.04395425 0.0234936 0.5791607 0.1515411 0.2299375 0.8230478 0.2365755 0.2747395 1.124291 0.1881026 -0.0741782 0.6206313 0.2668222 -0.2416194 0.9620807 0.4552706 -0.1912601 1.145446 0.08864295 -0.05343787 1.401117 0.2791971 -0.06805007 0.9825421 0.5181717 0.07710899 1.298964 0.2963399 0.04340442 1.425332 0.6190518  O_Gathering_SoClose
-0.02798997 0.4768395 0.05769622 -0.1136048 0.4797662 0.1416172 -0.3271758 0.6533515 0.2461375 -0.2756255 0.8854524 0.0497216 0.02073021 0.5041758 0.1638778 0.2285415 0.7460933 0.257212 0.2858579 1.045769 0.2123388 -0.07829021 0.5574156 0.2730106 -0.2453545 0.9139528 0.4476026 -0.1850946 1.13795 0.1058887 -0.05147193 1.405095 0.2832373 -0.07253449 0.9339504 0.512679 0.06312247 1.271162 0.3170036 0.03935983 1.424803 0.6285766  O_Gathering_SoClose
-0.03193353 0.4159192 0.07042253 -0.1187535 0.4269731 0.1524056 -0.3253956 0.6176776 0.2421139 -0.2808913 0.8592151 0.05560243 0.01591952 0.4486061 0.1754802 0.2242256 0.6899174 0.2730316 0.2885374 0.9886892 0.2317551 -0.08308773 0.5119039 0.279116 -0.247219 0.8813014 0.438413 -0.1806104 1.13368 0.1183456 -0.05041007 1.408572 0.2861441 -0.07482986 0.9010741 0.5046896 0.05474456 1.253942 0.3341073 0.03772875 1.425977 0.6363691  O_Gathering_SoClose
-0.03669671 0.3739654 0.0807184 -0.1239685 0.3911468 0.1611518 -0.3249424 0.5933733 0.239849 -0.2852022 0.8417858 0.06146848 0.0109783 0.4106375 0.184534 0.2196239 0.6517465 0.2841882 0.2879514 0.9500258 0.24591 -0.08738999 0.4813473 0.2838982 -0.2479244 0.8600431 0.4303254 -0.1773131 1.131091 0.1268095 -0.04989634 1.411144 0.288082 -0.07571475 0.8797081 0.4970988 0.04961296 1.243092 0.3466038 0.03738936 1.427578 0.6416692  O_Gathering_SoClose
-0.04277263 0.3361679 0.09127986 -0.130119 0.3592885 0.1701292 -0.325181 0.5717416 0.2381991 -0.289795 0.8268147 0.06851375 0.005108016 0.376639 0.1935786 0.2141771 0.6176226 0.2945403 0.2856301 0.915555 0.2593964 -0.09215139 0.4543874 0.2886847 -0.2481219 0.8416976 0.4216489 -0.1739812 1.128955 0.1343144 -0.04944901 1.413579 0.2897328 -0.07596032 0.861289 0.4885672 0.04547085 1.233719 0.3583616 0.03787245 1.429608 0.6461424  O_Gathering_SoClose
-0.05416219 0.2764 0.1054696 -0.1409615 0.3088027 0.1816081 -0.3302813 0.5347501 0.2355512 -0.3087235 0.8032664 0.08541191 -0.005284829 0.3225344 0.2048582 0.205981 0.5621446 0.3084458 0.2833752 0.8594384 0.2814087 -0.09990267 0.4109806 0.2930292 -0.2465057 0.8108295 0.4026455 -0.1676923 1.124939 0.1463283 -0.04870401 1.417306 0.2913693 -0.07419972 0.8302355 0.4692458 0.03695228 1.21883 0.3853244 0.03631582 1.430303 0.6619586  O_Gathering_SoClose
-0.06586359 0.2344463 0.1137484 -0.1512378 0.2732842 0.1884745 -0.3380252 0.507493 0.2344497 -0.33114 0.7867716 0.1038221 -0.01508574 0.2842314 0.2103842 0.1977894 0.5225548 0.3155907 0.2781907 0.8196729 0.2965955 -0.1065804 0.3798666 0.2942418 -0.2447995 0.7874296 0.3879904 -0.1629104 1.121167 0.1588877 -0.04892145 1.420188 0.2940429 -0.07181166 0.8066034 0.4528683 0.03390392 1.199579 0.3836025 0.04036774 1.427599 0.646686  O_Gathering_SoClose
-0.08079855 0.1955534 0.1196822 -0.1634717 0.2406898 0.1939048 -0.3486608 0.4819864 0.2351898 -0.3564285 0.7692904 0.1233705 -0.02664046 0.2487079 0.2126173 0.1905311 0.4849644 0.3156952 0.2762373 0.7809134 0.3025392 -0.1136175 0.3511916 0.293125 -0.2423299 0.765366 0.3728861 -0.1578566 1.1168 0.1730536 -0.04918478 1.422851 0.2963299 -0.06786017 0.7842588 0.4337538 0.03148933 1.177534 0.3571547 0.04241892 1.416079 0.6105808  O_Gathering_SoClose
-0.1107758 0.13914 0.1313065 -0.1858999 0.1954525 0.2059149 -0.3732167 0.4458797 0.2511057 -0.4024868 0.7389352 0.1596226 -0.04787598 0.1978885 0.2148994 0.1750719 0.4322563 0.3074864 0.265184 0.7271287 0.3016123 -0.1241622 0.3120335 0.2904023 -0.2355952 0.7355502 0.3484091 -0.1490158 1.110325 0.1980008 -0.04965083 1.427667 0.2984699 -0.0571808 0.7539084 0.3967084 0.03239413 1.126891 0.2441853 0.05020984 1.381665 0.4808725  O_Gathering_SoClose
-0.1190582 0.1238147 0.134571 -0.1914418 0.1835543 0.2092232 -0.3760499 0.4377553 0.2498492 -0.4154864 0.7357418 0.1808833 -0.05321399 0.1841416 0.2147001 0.1712714 0.4181181 0.3025931 0.2623596 0.7127137 0.2980307 -0.1258914 0.301725 0.2884668 -0.2325653 0.72751 0.3406166 -0.1463322 1.108866 0.2075518 -0.0506082 1.429451 0.3010172 -0.05291329 0.7456338 0.3841852 0.03277697 1.105533 0.2010654 0.0551702 1.368698 0.4279813  O_Gathering_SoClose
-0.1245236 0.112008 0.136835 -0.1946731 0.1744817 0.2113818 -0.3771634 0.4315139 0.2479118 -0.4265714 0.7319658 0.1989731 -0.05636446 0.1735549 0.2140478 0.1691815 0.4072815 0.2978219 0.2609092 0.7016893 0.2940224 -0.1261641 0.2938308 0.2862357 -0.2293207 0.7212725 0.3338898 -0.1434834 1.107189 0.2144107 -0.05081252 1.430602 0.3009542 -0.04874299 0.739158 0.3735551 0.03251394 1.089722 0.1713027 0.05847218 1.358785 0.3907999  O_Gathering_SoClose
-0.1282346 0.1013058 0.1392273 -0.1963861 0.1662908 0.2134804 -0.3798425 0.4250189 0.2519277 -0.435584 0.7258688 0.2133301 -0.05806867 0.1639503 0.2137116 0.1682055 0.3975648 0.2934006 0.260272 0.6918703 0.2898706 -0.1253202 0.2866572 0.2842072 -0.2255074 0.7155378 0.3277272 -0.1405937 1.105577 0.2217387 -0.05125467 1.431672 0.3014539 -0.04416643 0.7331397 0.3638819 0.03357961 1.077097 0.1492838 0.06293924 1.353314 0.35926  O_Gathering_SoClose
-0.1309474 0.08751357 0.1428608 -0.1965369 0.1558539 0.2164053 -0.3835204 0.4159677 0.2614774 -0.4445299 0.7165788 0.2295655 -0.05829219 0.1516198 0.2136215 0.1686565 0.385199 0.2875503 0.2609207 0.6794412 0.2839245 -0.122317 0.2775081 0.2814621 -0.2189199 0.7082017 0.3193234 -0.1362433 1.103429 0.2325219 -0.05219702 1.433025 0.3030661 -0.03668283 0.725329 0.350912 0.03704419 1.063428 0.125842 0.07029279 1.349517 0.3215355  O_Gathering_SoClose
-0.1307452 0.07571065 0.1470755 -0.1941645 0.1471199 0.2196006 -0.3861699 0.4073845 0.2731098 -0.4490374 0.7074816 0.2399906 -0.0560532 0.1411728 0.2143906 0.1712487 0.3747844 0.2829345 0.2635108 0.669022 0.2788938 -0.1173732 0.2698976 0.2793459 -0.2110664 0.7021672 0.3116525 -0.1314974 1.101494 0.2425069 -0.05303822 1.434204 0.3043298 -0.02813832 0.7187464 0.3392929 0.04269971 1.053658 0.1085986 0.07839514 1.348089 0.2910379  O_Gathering_SoClose
-0.1294307 0.06602073 0.1520594 -0.1909363 0.1402789 0.2233609 -0.3866343 0.4005815 0.2833718 -0.4501423 0.7002806 0.2479495 -0.05299519 0.1327852 0.2160562 0.1744471 0.3664877 0.2794164 0.2665381 0.6607684 0.2746714 -0.1119829 0.2640725 0.2779711 -0.2032623 0.6976859 0.3048872 -0.1269508 1.099921 0.2504948 -0.0537682 1.435103 0.3050007 -0.01977549 0.7136934 0.328926 0.05102565 1.049636 0.09972417 0.0874411 1.352356 0.2678961  O_Gathering_SoClose
-0.1267495 0.05611598 0.1594738 -0.1861155 0.1337733 0.2289442 -0.385013 0.3942574 0.2948827 -0.4483507 0.6935282 0.255731 -0.04842369 0.1245013 0.2193402 0.1789613 0.3583764 0.2763218 0.2706488 0.6527612 0.2703713 -0.1048766 0.2587458 0.2771405 -0.1936538 0.6937864 0.2974371 -0.1216605 1.09852 0.2576531 -0.05433862 1.436014 0.3049706 -0.009602828 0.709053 0.3172792 0.06402124 1.050277 0.0969404 0.1002395 1.363249 0.2452139  O_Gathering_SoClose
-0.124057 0.04954147 0.1669587 -0.1818107 0.1299635 0.2346195 -0.3822956 0.3908478 0.3041428 -0.4445309 0.6898693 0.2614774 -0.04434935 0.1193166 0.2232937 0.1828262 0.3533748 0.2749795 0.274049 0.6478767 0.2678112 -0.09896187 0.2558731 0.2773231 -0.186031 0.6919003 0.2922705 -0.1179197 1.098016 0.2605594 -0.05478565 1.436824 0.3041123 -0.001602693 0.7065526 0.3087944 0.07531758 1.052711 0.09746349 0.1113873 1.374284 0.2260646  O_Gathering_SoClose
-0.1197431 0.04242849 0.1762718 -0.1758082 0.1261328 0.2413214 -0.3779957 0.387329 0.3146085 -0.4391381 0.6860899 0.2686623 -0.03862939 0.1139237 0.2282766 0.1881104 0.3482249 0.2737416 0.2786574 0.642891 0.2649416 -0.09137033 0.2530996 0.2772444 -0.1767776 0.6901145 0.2859024 -0.1135062 1.09742 0.2599477 -0.05483524 1.437315 0.3012203 0.007997947 0.7040292 0.2987837 0.08724399 1.061631 0.1084045 0.1229805 1.390784 0.2162446  O_Gathering_SoClose
-0.1148291 0.03723192 0.187148 -0.1696019 0.1239172 0.2493314 -0.3733316 0.3851193 0.3257817 -0.4339052 0.6837186 0.278066 -0.03266953 0.1103549 0.2350887 0.1934897 0.3449048 0.2750033 0.2832843 0.6397472 0.2645553 -0.08402269 0.2517697 0.278839 -0.1682378 0.6895269 0.2818092 -0.1097144 1.097652 0.2576536 -0.05496661 1.438217 0.2987889 0.01677032 0.7027687 0.2917184 0.09713002 1.068436 0.1178421 0.134275 1.405354 0.1975578  O_Gathering_SoClose
-0.109765 0.03297412 0.197204 -0.1636745 0.1221701 0.2565249 -0.368373 0.3834275 0.3349289 -0.428133 0.6819629 0.285808 -0.02691929 0.1074809 0.2417101 0.1986285 0.3422185 0.2771767 0.2876954 0.6372259 0.2652563 -0.07733499 0.250661 0.2805313 -0.1607033 0.6889612 0.2784613 -0.1063735 1.097698 0.2548641 -0.05491827 1.438745 0.2962574 0.02444716 0.701611 0.2862595 0.1031119 1.076518 0.1324419 0.1431726 1.418032 0.1873163  O_Gathering_SoClose
-0.1041229 0.02914214 0.207806 -0.1574423 0.1207331 0.2639245 -0.3627226 0.3822026 0.3431696 -0.4215611 0.6807432 0.2929782 -0.020811 0.1050023 0.2490348 0.2040702 0.3399041 0.2805523 0.2923686 0.6350802 0.2671784 -0.07055454 0.249741 0.282586 -0.1532383 0.6884831 0.2755212 -0.1030863 1.097756 0.2519673 -0.05485211 1.439247 0.2935747 0.03201022 0.700551 0.2817558 0.1073097 1.083786 0.1480983 0.149761 1.427709 0.1822032  O_Gathering_SoClose
-0.09756653 0.02528036 0.2204336 -0.1505842 0.1193486 0.272601 -0.3559457 0.3814694 0.3508466 -0.4137824 0.6801137 0.3001121 -0.01400892 0.1025976 0.2583236 0.2101309 0.3376484 0.2862862 0.2975696 0.633009 0.2714194 -0.06331365 0.248786 0.2856616 -0.1453746 0.6879065 0.2732557 -0.09953503 1.097727 0.2504367 -0.05477802 1.439788 0.2912406 0.03994121 0.69936 0.2785844 0.110721 1.087132 0.1559995 0.1536659 1.431864 0.1797336  O_Gathering_SoClose
-0.08817802 0.02051747 0.2389559 -0.1411359 0.1177491 0.2850274 -0.3458732 0.3813397 0.359147 -0.4028445 0.6801971 0.308688 -0.004553957 0.09981465 0.2723387 0.2186392 0.3349873 0.2963413 0.30497 0.6305794 0.2797102 -0.05356584 0.2475296 0.2904352 -0.1348021 0.6870471 0.2708262 -0.0946276 1.097581 0.2502779 -0.05472712 1.440542 0.2884897 0.05058076 0.6976047 0.2756504 0.1151147 1.087942 0.1578559 0.1551998 1.433292 0.1772121  O_Gathering_SoClose
-0.08191018 0.01782501 0.2512468 -0.1349737 0.1168963 0.2930835 -0.3390677 0.3815252 0.3634375 -0.3957278 0.6805407 0.3135689 0.001643913 0.09836257 0.2817086 0.2244006 0.3334919 0.3038105 0.3102038 0.629195 0.2864345 -0.04731403 0.2467283 0.2935456 -0.1279635 0.6864635 0.2693704 -0.09141366 1.097435 0.2509025 -0.05473111 1.441002 0.2868274 0.05746033 0.6963512 0.2740353 0.1178966 1.087772 0.1576704 0.1556106 1.433465 0.1756209  O_Gathering_SoClose
-0.07416253 0.01509976 0.2652062 -0.1274797 0.1160201 0.3019966 -0.3307716 0.3816664 0.3674797 -0.3871681 0.6808858 0.3185438 0.009205239 0.09699833 0.2923712 0.2316848 0.3319577 0.3130668 0.3170606 0.6277568 0.2952265 -0.03981159 0.2457471 0.2969016 -0.1196487 0.6857617 0.267599 -0.08749513 1.09722 0.2520212 -0.05472515 1.441479 0.2849764 0.06582941 0.6946776 0.2720608 0.1211537 1.087684 0.1585335 0.1563088 1.433769 0.1739424  O_Gathering_SoClose
-0.07024471 0.01397502 0.2709693 -0.1237548 0.1155788 0.3055309 -0.3267097 0.3815387 0.3687748 -0.3829649 0.6808611 0.3203086 0.01297589 0.09644973 0.2968096 0.2354223 0.3313278 0.3172482 0.3206203 0.6271662 0.2992119 -0.03613524 0.2452302 0.2981776 -0.1155533 0.6854262 0.2667493 -0.08556305 1.097102 0.2526764 -0.05470053 1.441669 0.2842196 0.06995423 0.6937736 0.2710885 0.122737 1.087655 0.1593984 0.1567285 1.433918 0.173355  O_Gathering_SoClose
-0.06610851 0.01292312 0.274906 -0.1199244 0.1149514 0.3076962 -0.3226154 0.3810612 0.368915 -0.3786832 0.680476 0.3208035 0.0168729 0.09589565 0.299908 0.2393377 0.3308082 0.3205003 0.3242461 0.6267015 0.3020061 -0.03245227 0.2446077 0.2988275 -0.1115992 0.6850739 0.2660173 -0.08367567 1.096947 0.2535371 -0.05463026 1.441796 0.2836889 0.07393838 0.6927838 0.2702497 0.1244785 1.087568 0.1607312 0.1572209 1.434013 0.1730565  O_Gathering_SoClose
-0.06246601 0.012061 0.277078 -0.1166333 0.1142823 0.3086666 -0.3191224 0.3804415 0.3682164 -0.374929 0.6799224 0.3202127 0.02023579 0.09542406 0.3017043 0.2427666 0.3304511 0.3227452 0.3273615 0.6263982 0.3036841 -0.0293691 0.2440225 0.2990135 -0.1084149 0.6847835 0.2654618 -0.08214609 1.096805 0.2543844 -0.05454723 1.441871 0.2833985 0.07714815 0.6919008 0.2696146 0.1259215 1.087495 0.1622385 0.1577208 1.434079 0.1730279  O_Gathering_SoClose
-0.0593761 0.01135826 0.2783269 -0.1139019 0.1136457 0.3090743 -0.3161763 0.3798532 0.3671349 -0.371581 0.6793774 0.3189358 0.02303685 0.09504187 0.3028349 0.2456355 0.3302318 0.3244447 0.3298894 0.6262367 0.304778 -0.02687149 0.2435149 0.2990516 -0.1059483 0.6845562 0.2650207 -0.0809509 1.096687 0.2551287 -0.05445663 1.441912 0.2832636 0.07963534 0.691148 0.2691187 0.1269187 1.087464 0.1637558 0.1581967 1.434135 0.1731638  O_Gathering_SoClose
-0.05432699 0.01023257 0.2797846 -0.1095888 0.1124847 0.3093108 -0.3114475 0.3787487 0.3646635 -0.3658604 0.6783153 0.3156065 0.02748342 0.0944972 0.3043202 0.2501918 0.3301151 0.3271307 0.3337094 0.6262399 0.3061723 -0.02310149 0.242694 0.2990044 -0.1024807 0.6842358 0.2643307 -0.07927088 1.096513 0.2563375 -0.05431656 1.441957 0.2831539 0.08313413 0.6899343 0.2683543 0.1281775 1.087482 0.166715 0.1590555 1.434249 0.1735948  O_Gathering_SoClose
-0.05124835 0.009550452 0.2806619 -0.1070717 0.1117135 0.3094295 -0.3086249 0.3779919 0.3628477 -0.3621912 0.6775625 0.3128904 0.03009536 0.09424722 0.305261 0.2528428 0.3302523 0.3289217 0.3357585 0.6264731 0.3069538 -0.02104322 0.2422172 0.2990068 -0.1007841 0.6840794 0.2639073 -0.07845663 1.096425 0.2570299 -0.05425499 1.44198 0.2831024 0.084848 0.6892145 0.2678922 0.1286972 1.087546 0.1688331 0.1596193 1.43434 0.1739391  O_Gathering_SoClose
-0.04678772 0.008588433 0.2818216 -0.1035734 0.1105238 0.3094934 -0.3046333 0.3767703 0.3597668 -0.3566832 0.6763017 0.3080047 0.03374429 0.09401381 0.3065718 0.2565003 0.3307593 0.3315834 0.3383335 0.6271428 0.3078231 -0.0183898 0.2415733 0.2989792 -0.09889542 0.6839067 0.2633203 -0.07756631 1.096326 0.2578663 -0.05419962 1.442007 0.2830156 0.08675845 0.6882315 0.2672538 0.129297 1.087684 0.1722177 0.1604548 1.434486 0.1745046  O_Gathering_SoClose
-0.04228089 0.007705808 0.2827863 -0.1001712 0.1092991 0.3094066 -0.3006786 0.3754479 0.3562287 -0.3509103 0.6748762 0.3021268 0.03730233 0.09395015 0.3077644 0.2600113 0.3316168 0.3342394 0.3405274 0.628179 0.308309 -0.01601831 0.2410144 0.2989124 -0.09756033 0.6838012 0.2627877 -0.07695465 1.09627 0.2583836 -0.05417357 1.442036 0.2828997 0.0881107 0.6873648 0.2666758 0.1297198 1.087858 0.1756967 0.1612793 1.434631 0.1750907  O_Gathering_SoClose
-0.04002092 0.007312059 0.2831777 -0.09849571 0.1086982 0.3093055 -0.2987094 0.3747747 0.3543452 -0.3479507 0.6741255 0.298921 0.03905316 0.09398258 0.308297 0.2617209 0.3321567 0.3355235 0.3415079 0.6288081 0.3083881 -0.01490788 0.2407771 0.2988657 -0.09705262 0.6837726 0.2625512 -0.07672815 1.096259 0.2584971 -0.05416964 1.442052 0.2828306 0.08862515 0.686992 0.2664183 0.1298775 1.08795 0.1773423 0.1616641 1.434697 0.1753644  O_Gathering_SoClose
-0.03749917 0.006919742 0.283542 -0.0966302 0.1080563 0.3091558 -0.2965098 0.3740381 0.3522118 -0.3446225 0.6732833 0.2952474 0.04099735 0.09406292 0.3088373 0.2636094 0.332817 0.3368982 0.3425432 0.6295637 0.3083481 -0.01368867 0.2405493 0.2988075 -0.09654765 0.6837552 0.2623142 -0.07650433 1.096258 0.2585257 -0.054166 1.442073 0.2827505 0.08913626 0.686631 0.2661575 0.1300461 1.088042 0.1789845 0.1620481 1.434759 0.1756338  O_Gathering_SoClose
-0.03456001 0.006522059 0.2838792 -0.09446554 0.1073427 0.3089327 -0.2939422 0.3731955 0.3496708 -0.3406958 0.6722913 0.2908205 0.04324688 0.09421551 0.3094019 0.265783 0.3336658 0.3384365 0.3436632 0.6305166 0.3081263 -0.01230262 0.2403313 0.2987322 -0.09605704 0.6837524 0.2620705 -0.07629333 1.09627 0.2584471 -0.0541722 1.4421 0.2826556 0.08963241 0.6862829 0.2658876 0.1302179 1.088136 0.1806215 0.1624312 1.434817 0.1758941  O_Gathering_SoClose
-0.03206335 0.006237626 0.2841061 -0.09262888 0.1067742 0.3087105 -0.291752 0.372506 0.3474773 -0.3373274 0.6714526 0.2869686 0.04514887 0.09439385 0.3098401 0.2676155 0.3344429 0.3396991 0.3445452 0.6313732 0.3077849 -0.01113979 0.2401885 0.2986649 -0.09570478 0.6837609 0.2618889 -0.07614897 1.096289 0.2583359 -0.05418793 1.442127 0.2825826 0.08998819 0.6860551 0.2656816 0.130342 1.088193 0.1816548 0.1626594 1.434851 0.1760472  O_Gathering_SoClose
-0.02901862 0.00596118 0.2843159 -0.09039395 0.1061321 0.3083986 -0.2890653 0.3717045 0.344746 -0.3331664 0.6704405 0.282142 0.04745485 0.09467709 0.3103307 0.2698348 0.3354644 0.3411974 0.3455166 0.6324788 0.3071517 -0.009743435 0.2400718 0.2985786 -0.0953692 0.6837838 0.2616976 -0.07602666 1.096322 0.2581729 -0.05422841 1.442164 0.2825092 0.09032692 0.6858716 0.265457 0.1304481 1.088229 0.1823782 0.1627996 1.434874 0.176133  O_Gathering_SoClose
-0.02631323 0.005797982 0.2844466 -0.088414 0.1056274 0.3080839 -0.2866618 0.371051 0.3422517 -0.329417 0.6695708 0.2777113 0.04948964 0.09500706 0.3107365 0.2717976 0.3364546 0.3425015 0.3462598 0.6335261 0.306331 -0.008523209 0.2400388 0.2985014 -0.09518556 0.6838163 0.2615589 -0.07598709 1.096362 0.2580546 -0.05429683 1.442205 0.2824739 0.09051211 0.6858301 0.2652811 0.1304699 1.088213 0.1822437 0.1627072 1.434869 0.1760653  O_Gathering_SoClose
-0.02440582 0.005701184 0.2845091 -0.08702336 0.1052814 0.3078316 -0.2849506 0.3705977 0.340422 -0.3267229 0.6689485 0.2744726 0.05091371 0.09525573 0.3110117 0.2731762 0.3371664 0.3434442 0.34667 0.6342691 0.3055876 -0.007675035 0.2400272 0.2984413 -0.09507863 0.6838373 0.2614697 -0.07597665 1.096388 0.2579974 -0.05435834 1.442231 0.282461 0.09062 0.6858218 0.2651619 0.1304667 1.088192 0.182012 0.1625977 1.434861 0.1759914  O_Gathering_SoClose
-0.02253263 0.005618215 0.2845362 -0.08566473 0.1049458 0.3075475 -0.2832541 0.370158 0.3385347 -0.3240236 0.6683249 0.2711419 0.05230041 0.09551108 0.3112715 0.2745275 0.3378721 0.3444031 0.346937 0.6349942 0.3046573 -0.006855709 0.2400228 0.298375 -0.09498976 0.6838546 0.261391 -0.07598148 1.09641 0.2579778 -0.05443291 1.442256 0.2824639 0.09070964 0.6858281 0.2650493 0.1304473 1.088167 0.1816949 0.162453 1.434851 0.1759046  O_Gathering_SoClose
-0.02062462 0.005538583 0.28453 -0.08429627 0.1046026 0.3071889 -0.2814742 0.3697326 0.3363789 -0.3211181 0.6676861 0.2673897 0.05369039 0.09577525 0.3115515 0.2759112 0.3385743 0.3455223 0.3468941 0.6356999 0.3033069 -0.006038709 0.240018 0.2982925 -0.09487478 0.6838675 0.2613133 -0.07598685 1.096429 0.2579621 -0.05452846 1.442279 0.2824734 0.09082557 0.6858347 0.2649263 0.130424 1.088143 0.1813596 0.1622803 1.434845 0.1758112  O_Gathering_SoClose
-0.01972459 0.00550282 0.2845086 -0.08366375 0.1044403 0.3069648 -0.2806056 0.3695476 0.3351902 -0.3196591 0.6673893 0.265386 0.05432852 0.09590137 0.3117059 0.2765773 0.3388859 0.3461856 0.3466021 0.6359995 0.3023165 -0.005664093 0.240016 0.2982424 -0.09479491 0.68387 0.2612752 -0.07598738 1.096435 0.2579588 -0.05458985 1.442289 0.2824839 0.09090598 0.6858394 0.2648586 0.1304116 1.088133 0.1811775 0.1621744 1.434846 0.1757587  O_Gathering_SoClose
-0.01928954 0.005485654 0.2844886 -0.08337335 0.1043633 0.3067974 -0.2801631 0.3694743 0.3344349 -0.3188837 0.667259 0.2642034 0.05461754 0.0959636 0.3118194 0.2769201 0.3390104 0.3466815 0.3461414 0.6361047 0.3014282 -0.005492313 0.2400154 0.2982081 -0.09471838 0.6838672 0.2612513 -0.07598262 1.096436 0.2579602 -0.0546398 1.442292 0.2824944 0.09098293 0.6858442 0.2648104 0.130407 1.088129 0.1810473 0.1620911 1.43485 0.1757201  O_Gathering_SoClose
-0.01899259 0.005474448 0.2844657 -0.08318715 0.1043131 0.3066272 -0.2798517 0.3694327 0.333784 -0.3183288 0.6671832 0.2632736 0.05479862 0.09600532 0.3119339 0.277178 0.3390652 0.3471836 0.3455236 0.6361284 0.3004202 -0.00537811 0.2400154 0.2981762 -0.09463827 0.6838627 0.2612323 -0.07597469 1.096435 0.257964 -0.05468718 1.442294 0.2825068 0.09106334 0.6858492 0.2647666 0.1304053 1.088126 0.1809272 0.1620118 1.434856 0.1756853  O_Gathering_SoClose
-0.01882307 0.005468249 0.284448 -0.08308487 0.1042889 0.3064951 -0.2796888 0.3694011 0.3333873 -0.3180655 0.6671488 0.2628106 0.05489482 0.09602559 0.3120259 0.277348 0.3390678 0.3475794 0.3449768 0.6360972 0.2995762 -0.005305273 0.2400149 0.2981552 -0.09458439 0.6838603 0.2612199 -0.07596616 1.096434 0.2579688 -0.05471329 1.442295 0.2825178 0.09111752 0.6858514 0.264738 0.1304075 1.088123 0.1808466 0.161964 1.434858 0.1756648  O_Gathering_SoClose
-0.01868962 0.005463958 0.2844299 -0.0830112 0.1042742 0.3063487 -0.2795609 0.3693787 0.3329986 -0.3178687 0.6671349 0.262421 0.05495979 0.09603894 0.3121318 0.2775057 0.3390399 0.3480247 0.3442734 0.6360203 0.2985352 -0.005243702 0.2400147 0.2981356 -0.09453039 0.6838581 0.2612089 -0.07595621 1.096434 0.257975 -0.05473677 1.442297 0.2825311 0.09117176 0.6858532 0.2647108 0.1304112 1.088119 0.1807688 0.161919 1.434859 0.1756457  O_Gathering_SoClose
-0.01858716 0.005459905 0.2844189 -0.08295952 0.1042644 0.3062137 -0.279443 0.3693756 0.3326176 -0.3176694 0.6671375 0.2620195 0.05500217 0.0960474 0.3122395 0.2776398 0.3390011 0.3484534 0.343489 0.6359199 0.2973894 -0.005194945 0.240014 0.2981218 -0.09449027 0.6838562 0.2612027 -0.07594906 1.096434 0.2579821 -0.05475448 1.442297 0.2825431 0.09121217 0.6858539 0.2646908 0.1304131 1.088115 0.1807083 0.161884 1.434859 0.1756319  O_Gathering_SoClose
-0.01854585 0.005458236 0.2844161 -0.08293961 0.1042601 0.3061589 -0.2793952 0.3693739 0.3324589 -0.3175874 0.6671382 0.2618521 0.05501809 0.09605098 0.3122863 0.2776909 0.3389878 0.348627 0.3430717 0.6358731 0.2967724 -0.005176587 0.2400136 0.2981175 -0.09447555 0.6838554 0.2612017 -0.07594715 1.096434 0.2579859 -0.05476193 1.442298 0.2825488 0.09122689 0.6858541 0.2646836 0.1304127 1.088113 0.1806864 0.1618695 1.434859 0.1756271  O_Gathering_SoClose
-0.01851289 0.005456805 0.2844146 -0.08292477 0.1042565 0.3061136 -0.2793562 0.3693728 0.3323249 -0.3175189 0.6671391 0.261711 0.05502941 0.0960542 0.3123273 0.2777297 0.3389789 0.3487695 0.3425921 0.6358259 0.2960523 -0.005163057 0.2400134 0.2981151 -0.09446518 0.6838548 0.2612017 -0.0759462 1.096434 0.2579898 -0.05476789 1.442298 0.282554 0.09123738 0.6858543 0.2646793 0.1304113 1.088112 0.1806701 0.1618576 1.434859 0.1756238  O_Gathering_SoClose
-0.01850526 0.005456448 0.2844151 -0.08292083 0.1042559 0.306105 -0.2793474 0.3693725 0.3322991 -0.3175045 0.6671393 0.2616833 0.05503269 0.09605479 0.3123363 0.2777394 0.3389772 0.3487972 0.3423356 0.6358052 0.2956485 -0.005159421 0.2400134 0.2981156 -0.0944622 0.6838546 0.2612027 -0.07594566 1.096434 0.2579917 -0.05476932 1.442298 0.2825559 0.09124042 0.6858544 0.2646788 0.1304118 1.088112 0.1806673 0.1618554 1.434859 0.1756238  O_Gathering_SoClose
-0.01850454 0.005456328 0.2844156 -0.08292024 0.1042558 0.3061055 -0.2793465 0.3693725 0.3322986 -0.3175035 0.6671393 0.2616833 0.05503329 0.09605467 0.3123373 0.2777406 0.338977 0.3487967 0.3422186 0.6357971 0.2954601 -0.005158825 0.2400132 0.2981161 -0.09446166 0.6838545 0.2612036 -0.07594536 1.096434 0.2579921 -0.0547692 1.442298 0.2825564 0.09124096 0.6858543 0.2646793 0.130412 1.088112 0.1806678 0.1618554 1.434859 0.1756247  O_Gathering_SoClose
-0.01850442 0.005456328 0.2844161 -0.08292012 0.1042558 0.3061055 -0.2793463 0.3693726 0.3322982 -0.3175031 0.6671394 0.2616829 0.05503334 0.09605467 0.3123373 0.2777408 0.338977 0.3487977 0.3422033 0.6357961 0.2954358 -0.005158706 0.2400132 0.2981161 -0.09446155 0.6838545 0.2612036 -0.07594536 1.096434 0.2579921 -0.05476932 1.442298 0.2825569 0.09124108 0.6858543 0.2646798 0.1304121 1.088112 0.1806678 0.1618554 1.434859 0.1756247  O_Gathering_SoClose
