-0.000624461 -1.442432E-05 0.1723493 -0.06979303 0.09525096 0.1951827 -0.4182072 0.1404331 0.1948708 -0.7266022 0.1404334 0.1948704 0.0685441 0.09525084 0.1954945 0.4169262 0.140432 0.1958054 0.7253161 0.1404322 0.195804 -0.0006244014 0.2351424 0.1815137 -0.09336059 0.6801612 0.1444901 -0.1013278 1.092915 0.1565517 -0.09894632 1.440007 0.1705335 0.09234674 0.6800331 0.1482719 0.1003121 1.092748 0.1457127 0.09770389 1.440058 0.1705436  O_Hello_SoClose
-0.05972813 -0.01473033 0.1666316 -0.1348842 0.07820797 0.1763877 -0.3900543 0.2924694 0.2006272 -0.5639457 0.5448161 0.1661237 0.0008530189 0.08232546 0.2027644 0.2603566 0.3002001 0.1763867 0.4412859 0.5482365 0.1472849 -0.06875925 0.2202228 0.1765383 -0.1666483 0.6626182 0.1244172 -0.1615019 1.072264 0.1767515 -0.1483276 1.416018 0.2250508 0.01493968 0.6679851 0.1631283 0.02876635 1.080551 0.1645344 0.01297577 1.420383 0.2387837  O_Hello_SoClose
-0.0870779 -0.01371491 0.1487974 -0.1644812 0.07776964 0.1533188 -0.3499879 0.3155807 0.1996673 -0.4354481 0.6092263 0.1599635 -0.03182487 0.08357537 0.1921238 0.1671178 0.3322718 0.1625861 0.2669066 0.6222472 0.1300157 -0.101229 0.2208143 0.1621588 -0.2019278 0.6625058 0.109424 -0.1959052 1.068213 0.186499 -0.1820859 1.408345 0.2557267 -0.02477227 0.6700627 0.1647447 -0.009445591 1.082396 0.1769828 -0.03896175 1.416459 0.2706774  O_Hello_SoClose
-0.08508466 -0.01142347 0.1274918 -0.1628797 0.07957041 0.1345071 -0.3502232 0.3154885 0.1847433 -0.4371434 0.6084793 0.1434058 -0.03005008 0.08510602 0.1727551 0.1733503 0.3333195 0.1439475 0.2885998 0.6170318 0.1074866 -0.1002351 0.2226692 0.1463016 -0.2032217 0.6649771 0.1042289 -0.1964485 1.070099 0.1842583 -0.1819666 1.409705 0.2558988 -0.02581559 0.6720934 0.1587995 -0.01225136 1.084088 0.1807112 -0.04099498 1.418928 0.2718357  O_Hello_SoClose
-0.08290504 -0.009521723 0.1047906 -0.1610731 0.08087492 0.1147574 -0.3502071 0.3146707 0.1698312 -0.4384772 0.6071653 0.1278456 -0.02793209 0.08613253 0.1519469 0.1814903 0.333195 0.1231354 0.3168924 0.6073592 0.08307779 -0.09901814 0.2239527 0.129546 -0.2045202 0.6666408 0.09939659 -0.1969173 1.071551 0.1804188 -0.1818138 1.410282 0.2559637 -0.02666525 0.6732994 0.1525453 -0.0144497 1.08484 0.1823596 -0.04263852 1.419589 0.2739886  O_Hello_SoClose
-0.08144777 -0.00843215 0.08827722 -0.1598459 0.08146596 0.100655 -0.3500983 0.3136379 0.1597627 -0.4392165 0.6059121 0.1180333 -0.02638618 0.08652973 0.1367124 0.1884038 0.3321995 0.1075085 0.3401543 0.5974 0.06573522 -0.09817325 0.2244753 0.1175541 -0.205546 0.6672484 0.09668338 -0.1972524 1.072588 0.1754607 -0.1817351 1.410194 0.255802 -0.02723197 0.673583 0.1483115 -0.0152512 1.084869 0.1815318 -0.04305593 1.419323 0.2743505  O_Hello_SoClose
-0.08071546 -0.007730842 0.07724035 -0.1592306 0.08177483 0.0915674 -0.3501167 0.3128011 0.1537923 -0.4398862 0.6049837 0.1128262 -0.02544735 0.08672631 0.1264213 0.1952894 0.3303479 0.09695089 0.3615638 0.5866396 0.05485809 -0.0977798 0.2247158 0.1097993 -0.2065221 0.6674283 0.09589612 -0.1977368 1.072865 0.174117 -0.1818382 1.409961 0.256503 -0.02774177 0.6735668 0.1459106 -0.01516776 1.08478 0.1798128 -0.04280392 1.418806 0.2742079  O_Hello_SoClose
-0.08011864 -0.007157207 0.06669176 -0.1587249 0.08193409 0.08296907 -0.3502124 0.3118213 0.1482385 -0.440613 0.603928 0.1081265 -0.02461366 0.08680463 0.1165503 0.2027066 0.3278098 0.08682811 0.3843023 0.5736035 0.04544199 -0.09747611 0.2247965 0.1024545 -0.2075315 0.6673468 0.09542167 -0.1983246 1.072713 0.1739572 -0.1820518 1.409526 0.2574214 -0.0282772 0.6733323 0.1437286 -0.01496284 1.084503 0.1778616 -0.04249374 1.418068 0.2739033  O_Hello_SoClose
-0.0802847 -0.006796122 0.05820072 -0.1589224 0.0818336 0.07669485 -0.3511065 0.3106524 0.144832 -0.4423836 0.6026829 0.1061791 -0.02435677 0.08673108 0.1084021 0.2159977 0.3212156 0.07917535 0.4231435 0.5467125 0.04248607 -0.0978397 0.2246466 0.0970453 -0.2093483 0.6668888 0.09701145 -0.1995942 1.070644 0.1833915 -0.1825394 1.408999 0.2601947 -0.0294358 0.6728687 0.1428074 -0.01402108 1.084176 0.1743001 -0.04170851 1.417067 0.2726129  O_Hello_SoClose
-0.08278815 -0.007881165 0.06421888 -0.1613247 0.08078659 0.0829581 -0.3540903 0.3100286 0.1496438 -0.4450638 0.6022872 0.1120108 -0.02652328 0.08587146 0.1136173 0.2322076 0.3082041 0.08535087 0.47008 0.5025947 0.05827034 -0.1001568 0.2237073 0.1022695 -0.2118741 0.665896 0.1013163 -0.2008073 1.070038 0.1857036 -0.1826281 1.409065 0.2592191 -0.03162001 0.67214 0.1457123 -0.01316725 1.083744 0.1711162 -0.04149036 1.416221 0.2706383  O_Hello_SoClose
-0.08580999 -0.008992314 0.07425296 -0.1641943 0.07999897 0.0920738 -0.3572343 0.3102498 0.1557449 -0.4471607 0.6028737 0.1184353 -0.0293902 0.08515835 0.1227087 0.2420608 0.2970227 0.09490383 0.4984075 0.4673032 0.07502115 -0.1027791 0.2230009 0.1099452 -0.2137189 0.6653524 0.1044768 -0.2019903 1.069818 0.1872081 -0.183321 1.408843 0.2606095 -0.0334628 0.6717306 0.1488456 -0.01297389 1.083453 0.1704916 -0.04155705 1.415763 0.2704939  O_Hello_SoClose
-0.090156 -0.0103265 0.08790481 -0.1683167 0.07915056 0.1042117 -0.3615929 0.3108138 0.1636165 -0.4499479 0.6039039 0.126212 -0.03355853 0.08438897 0.1350344 0.2525515 0.2818551 0.1071552 0.5278098 0.4204307 0.09557807 -0.1065222 0.2222311 0.1200274 -0.2161677 0.6647648 0.1076025 -0.203464 1.069564 0.1885422 -0.1840518 1.408744 0.2610215 -0.03598122 0.6713006 0.1522306 -0.01312427 1.083098 0.1696652 -0.04182587 1.415284 0.2700456  O_Hello_SoClose
-0.09474306 -0.01148212 0.1016945 -0.1726634 0.0784955 0.116309 -0.3660222 0.3115894 0.1713203 -0.4529394 0.605067 0.1335872 -0.03796796 0.08382809 0.1473893 0.2614075 0.2655634 0.1190385 0.5513437 0.370582 0.1155218 -0.1104598 0.2216271 0.1299037 -0.2186825 0.6642306 0.1098408 -0.2049344 1.069291 0.1892904 -0.1847106 1.408664 0.2606386 -0.03859011 0.6709492 0.1548203 -0.01347469 1.082759 0.1684417 -0.04218761 1.414796 0.2693113  O_Hello_SoClose
-0.1003838 -0.01254106 0.1176633 -0.1780175 0.078004 0.130144 -0.3711287 0.3127688 0.1800674 -0.4570182 0.6064891 0.1418723 -0.04337988 0.08352995 0.1614398 0.2707594 0.2433956 0.1314114 0.5734654 0.3021022 0.1365918 -0.1153362 0.2211751 0.1408137 -0.2219277 0.6636227 0.1109656 -0.2068757 1.068882 0.189154 -0.1856414 1.408383 0.2595919 -0.04192243 0.6706735 0.1562418 -0.01407079 1.082425 0.165646 -0.04275207 1.414055 0.267857  O_Hello_SoClose
-0.1061866 -0.01309812 0.1334952 -0.1836184 0.07792675 0.1434916 -0.3755575 0.3143655 0.1885637 -0.462249 0.6078135 0.1500877 -0.04905013 0.08389628 0.1750039 0.2807831 0.2114534 0.1418208 0.5885547 0.1969506 0.1548852 -0.1205953 0.2211618 0.1507381 -0.2259621 0.6629891 0.1095179 -0.20968 1.068258 0.1874069 -0.1875285 1.407714 0.2577862 -0.04605953 0.6707194 0.1550902 -0.01469724 1.0823 0.1596645 -0.04321907 1.412938 0.2650851  O_Hello_SoClose
-0.1079352 -0.01264584 0.1401871 -0.1854444 0.07850564 0.1482409 -0.376325 0.315572 0.1909417 -0.4636512 0.6089131 0.1530913 -0.05117599 0.08489406 0.1809281 0.2882781 0.1811224 0.146459 0.5818191 0.08801055 0.1628345 -0.1224719 0.221824 0.1541613 -0.2273871 0.6630622 0.1060547 -0.211449 1.068129 0.185058 -0.1897317 1.407368 0.256605 -0.04791759 0.6713985 0.153201 -0.01411335 1.082812 0.1535248 -0.04241131 1.412276 0.2626146  O_Hello_SoClose
-0.1056615 -0.01226723 0.1415008 -0.1833615 0.07882321 0.148312 -0.3741112 0.3157444 0.1900796 -0.4603305 0.609426 0.1523322 -0.04950676 0.0854702 0.1826047 0.2933 0.1633307 0.1479625 0.5665402 0.02117109 0.1632842 -0.1206207 0.222231 0.1545213 -0.2254218 0.6631901 0.1036843 -0.2111475 1.068102 0.1837949 -0.1909559 1.407195 0.2564701 -0.04654704 0.6718833 0.1529773 -0.01261531 1.08328 0.1506995 -0.04130511 1.412056 0.2617444  O_Hello_SoClose
-0.1018525 -0.01201701 0.1437072 -0.1797501 0.07898676 0.1493119 -0.3707552 0.3156546 0.1900023 -0.455674 0.6096171 0.151502 -0.04630576 0.08594143 0.1851095 0.2978973 0.1494344 0.1491703 0.547924 -0.03069961 0.1611174 -0.1172812 0.2225037 0.1557387 -0.2220984 0.6631354 0.1021708 -0.2099437 1.068067 0.1825289 -0.1916514 1.407186 0.2555898 -0.04381136 0.6722519 0.1534756 -0.01079659 1.083705 0.1490558 -0.04022853 1.412024 0.2612547  O_Hello_SoClose
-0.09765951 -0.01185274 0.1466669 -0.1757319 0.07906246 0.1511711 -0.3671707 0.3154778 0.1907061 -0.4510741 0.609575 0.1510247 -0.04263584 0.08635473 0.1881779 0.3018698 0.1382115 0.1499647 0.5281559 -0.0711782 0.1573809 -0.1135244 0.2226933 0.1575845 -0.2184496 0.6629508 0.1012233 -0.2084161 1.068002 0.1812724 -0.1920068 1.407241 0.2542218 -0.04066006 0.6725327 0.1541437 -0.009020193 1.084072 0.1480139 -0.03927807 1.41208 0.2609004  O_Hello_SoClose
-0.09275673 -0.01174617 0.1507152 -0.170996 0.07906985 0.1542104 -0.363141 0.3152193 0.1924409 -0.4467419 0.60916 0.1510018 -0.03814356 0.08678579 0.1919988 0.3057484 0.1281775 0.1485995 0.5060541 -0.1063049 0.1484998 -0.1090514 0.2228336 0.16018 -0.214305 0.6625924 0.1006278 -0.2065306 1.067819 0.180034 -0.1920974 1.407239 0.2525572 -0.03686224 0.6727602 0.1545929 -0.007299645 1.084436 0.1473597 -0.03854219 1.412201 0.2606839  O_Hello_SoClose
-0.08944277 -0.0116905 0.1528476 -0.1677857 0.07905519 0.1558064 -0.3603846 0.3150334 0.19318 -0.4437837 0.6088388 0.1503958 -0.03504781 0.08704221 0.1939391 0.3079328 0.121662 0.1458248 0.4891785 -0.1277705 0.1396745 -0.1060074 0.2229037 0.1614465 -0.2115498 0.6623412 0.1000627 -0.2052353 1.067646 0.1792034 -0.1920701 1.407152 0.251563 -0.03426967 0.6728834 0.1544884 -0.006207032 1.084659 0.1469463 -0.03802047 1.41226 0.2605842  O_Hello_SoClose
-0.08499084 -0.01164472 0.1547655 -0.1634623 0.07900453 0.1572288 -0.3566367 0.3147653 0.1934909 -0.4397701 0.6083398 0.1486539 -0.03079705 0.08732891 0.1955417 0.310187 0.1133001 0.1391562 0.4640497 -0.1535237 0.1238016 -0.1018897 0.2229595 0.162382 -0.2079335 0.6619983 0.09904087 -0.2034713 1.067344 0.1780976 -0.1918998 1.406911 0.2504414 -0.0307558 0.6730053 0.1537074 -0.00485806 1.084928 0.1464404 -0.03730671 1.412308 0.2605327  O_Hello_SoClose
-0.08114271 -0.01166618 0.1540836 -0.1597199 0.07889318 0.1564821 -0.3531039 0.3145016 0.1918105 -0.4353394 0.6079546 0.1445855 -0.02701728 0.08744538 0.1946152 0.3109193 0.1054283 0.1277455 0.4343742 -0.1760076 0.1021122 -0.09831397 0.2229309 0.161301 -0.2049637 0.6617279 0.0973047 -0.2019667 1.066996 0.1768235 -0.1916412 1.406517 0.2495784 -0.02773164 0.6730453 0.1517314 -0.004059834 1.085127 0.146119 -0.03685598 1.41224 0.2608789  O_Hello_SoClose
-0.07785349 -0.01173532 0.1520075 -0.1565162 0.07874525 0.1545738 -0.3498932 0.3142411 0.1891202 -0.4309543 0.6076248 0.1394962 -0.02372192 0.08744943 0.1923517 0.3104109 0.09819281 0.1147903 0.4023741 -0.1941348 0.08026731 -0.09524439 0.2228475 0.1591657 -0.2025097 0.6615072 0.09525716 -0.2006735 1.066632 0.1755379 -0.1913243 1.406042 0.2489356 -0.02514581 0.6730291 0.1492099 -0.003566546 1.085251 0.1459154 -0.03652452 1.412107 0.2613581  O_Hello_SoClose
-0.07596891 -0.0118984 0.1475714 -0.1546661 0.07853472 0.1506933 -0.3475837 0.3140212 0.1847709 -0.4270732 0.6074488 0.1329144 -0.02170102 0.08723152 0.187867 0.3082803 0.09273899 0.09969652 0.3692659 -0.2065589 0.05719984 -0.09344898 0.2226597 0.1552967 -0.2012421 0.6613933 0.09279859 -0.1999473 1.066236 0.1745013 -0.1910238 1.405406 0.2490543 -0.0236337 0.6728983 0.145944 -0.003672166 1.085215 0.1460809 -0.03633652 1.411984 0.2618512  O_Hello_SoClose
-0.07453547 -0.01211166 0.1428226 -0.1532471 0.07828605 0.146551 -0.3455404 0.3138014 0.1801733 -0.4235049 0.6072729 0.1262888 -0.02010481 0.08693802 0.1830958 0.3054777 0.0879432 0.08506525 0.3344031 -0.215269 0.03679407 -0.09205692 0.2224207 0.1512097 -0.2003026 0.6612688 0.09031808 -0.1993331 1.065801 0.1735481 -0.19064 1.404705 0.2493271 -0.02244042 0.6727054 0.1426228 -0.003907962 1.08507 0.1464962 -0.0361769 1.411886 0.2622474  O_Hello_SoClose
-0.07363074 -0.01243842 0.1367825 -0.1523262 0.07793713 0.1413049 -0.3436167 0.3135508 0.1744164 -0.4198796 0.6070848 0.1184758 -0.01896576 0.08647513 0.1770734 0.3014539 0.08351243 0.06843507 0.2923079 -0.220253 0.0160197 -0.09112136 0.2220612 0.1460994 -0.1997717 0.6611087 0.08740652 -0.1988301 1.065234 0.1725911 -0.1900887 1.403788 0.2499121 -0.02159707 0.6723807 0.1386732 -0.004429026 1.084731 0.1474098 -0.03604368 1.411817 0.2625755  O_Hello_SoClose
-0.0736271 -0.01292777 0.1311363 -0.1522553 0.07746696 0.1363844 -0.3422172 0.3133099 0.1693181 -0.4174541 0.6069841 0.112729 -0.01868133 0.08584714 0.1713847 0.2970555 0.08068693 0.05336034 0.2456114 -0.2185633 -0.0005575418 -0.09096085 0.2215513 0.1412276 -0.1997678 0.6608101 0.0844363 -0.1983847 1.064545 0.1714457 -0.1891642 1.402768 0.2501477 -0.02128731 0.6718614 0.1346768 -0.005354924 1.084111 0.1488055 -0.03637425 1.411697 0.2627062  O_Hello_SoClose
-0.07414602 -0.01354373 0.1271285 -0.1526761 0.07690299 0.1329221 -0.3412563 0.3130614 0.16651 -0.4161036 0.6070625 0.1111134 -0.0188971 0.08514893 0.1671628 0.2927235 0.07920134 0.04087865 0.1989668 -0.2097508 -0.01223242 -0.09124862 0.2209373 0.1375626 -0.2000564 0.6603345 0.08185375 -0.1978959 1.063774 0.1702093 -0.1878991 1.401752 0.2498611 -0.02128194 0.6712028 0.1310791 -0.006385727 1.0833 0.1499861 -0.03689406 1.411447 0.2623991  O_Hello_SoClose
-0.07497786 -0.01416314 0.1255683 -0.1534152 0.07634521 0.1316489 -0.340819 0.3128313 0.1666111 -0.4157858 0.6072737 0.1137799 -0.01946603 0.08453166 0.1652325 0.28905 0.07897389 0.032493 0.1606679 -0.1967016 -0.0187465 -0.09186451 0.2203406 0.1358427 -0.2006313 0.6597573 0.08020675 -0.1975786 1.063037 0.1692637 -0.1867224 1.400889 0.2493366 -0.02161287 0.6705495 0.1285542 -0.007310851 1.082507 0.1506938 -0.03741882 1.411084 0.2619528  O_Hello_SoClose
-0.07593136 -0.01472318 0.1260103 -0.1542979 0.07584083 0.1321729 -0.3407586 0.3126221 0.1689333 -0.4161121 0.6075288 0.1193413 -0.0202124 0.08404291 0.1652039 0.2860049 0.07954061 0.02743709 0.1312402 -0.1825927 -0.02194321 -0.09265791 0.2198145 0.1357578 -0.2014214 0.6591452 0.07944143 -0.1974996 1.062369 0.1687139 -0.1858249 1.400185 0.2488278 -0.022207 0.6699671 0.1270508 -0.008080943 1.08183 0.1509908 -0.03788237 1.410655 0.2615961  O_Hello_SoClose
-0.07702897 -0.01524401 0.1282772 -0.1553634 0.07535124 0.1343879 -0.3410335 0.3123711 0.1731237 -0.4171412 0.6076176 0.1268128 -0.02115737 0.08366108 0.1668986 0.2831665 0.08068454 0.0247978 0.107794 -0.1682166 -0.02416241 -0.09369616 0.2193303 0.1372112 -0.2026202 0.6584605 0.07965505 -0.1977532 1.061725 0.1687001 -0.1852149 1.399581 0.2485083 -0.02323215 0.6694392 0.1265692 -0.008746846 1.081253 0.1511182 -0.03816299 1.410201 0.2614635  O_Hello_SoClose
-0.07873367 -0.01599085 0.1329569 -0.1570627 0.07462049 0.1388963 -0.3416031 0.3119351 0.180519 -0.4190791 0.6075326 0.1389607 -0.02269701 0.08316815 0.1706775 0.2789613 0.08266556 0.02266729 0.07773681 -0.1460456 -0.02533448 -0.0954241 0.2186304 0.1405085 -0.2047648 0.6573638 0.08075845 -0.1984031 1.060757 0.1691207 -0.1845206 1.398732 0.2482046 -0.02514587 0.6686822 0.1266984 -0.009722991 1.080466 0.1511964 -0.03845988 1.409551 0.2613095  O_Hello_SoClose
-0.08031939 -0.01665258 0.1383332 -0.1587028 0.07392776 0.1440243 -0.3421904 0.3114498 0.1879152 -0.4212182 0.6071631 0.1502889 -0.02422432 0.08277917 0.1752404 0.2751053 0.08444929 0.02247369 0.05475952 -0.1261362 -0.02449334 -0.09718184 0.217996 0.1445326 -0.2071253 0.6562694 0.08255327 -0.1993005 1.059835 0.170009 -0.1841254 1.397957 0.2482184 -0.0273423 0.6680147 0.1277379 -0.01067231 1.079813 0.151142 -0.03864799 1.409002 0.2611402  O_Hello_SoClose
-0.08095501 -0.01691592 0.1403574 -0.1593759 0.07363951 0.1459268 -0.3423854 0.3112464 0.1903943 -0.4220054 0.6069636 0.1540688 -0.02487354 0.0826205 0.1770028 0.2735605 0.08481491 0.02269065 0.04695298 -0.1191518 -0.02368844 -0.09792243 0.2177374 0.1460727 -0.2081282 0.6558264 0.08326137 -0.1997567 1.059442 0.170432 -0.1841042 1.397606 0.2483681 -0.02831004 0.6677521 0.1282586 -0.01108353 1.079566 0.1509746 -0.03876064 1.408728 0.2611302  O_Hello_SoClose
-0.08162914 -0.01721358 0.1421231 -0.1600916 0.07331395 0.147559 -0.3425375 0.3110204 0.1925277 -0.422727 0.6067483 0.1575679 -0.02557562 0.08242261 0.1785387 0.2718992 0.0848037 0.02281225 0.03904762 -0.1123004 -0.02229273 -0.09870927 0.2174422 0.1473845 -0.2091682 0.6553517 0.08377159 -0.2002561 1.058994 0.1707648 -0.1841343 1.397177 0.2485231 -0.02932982 0.6674551 0.1286405 -0.01151959 1.079289 0.1505297 -0.03892313 1.408347 0.2610635  O_Hello_SoClose
-0.08208375 -0.01746821 0.142403 -0.1605785 0.07303739 0.1477379 -0.3425115 0.3108383 0.1927885 -0.4229834 0.6065881 0.1586741 -0.02608172 0.08221054 0.1787819 0.2707582 0.08383894 0.02263725 0.03425719 -0.1092817 -0.02067673 -0.09924303 0.2171855 0.1474999 -0.2098111 0.6550166 0.08353841 -0.2006281 1.058612 0.1707214 -0.1842769 1.396748 0.2486352 -0.03000025 0.6672084 0.1284932 -0.01180832 1.079067 0.149587 -0.03912727 1.407871 0.2608966  O_Hello_SoClose
-0.08209281 -0.0175786 0.140169 -0.1605794 0.072932 0.1455377 -0.3424102 0.3107554 0.190298 -0.4226982 0.6065428 0.1560758 -0.02612297 0.08203423 0.1767768 0.2708468 0.0823679 0.02158964 0.03545978 -0.1123662 -0.02055371 -0.09921937 0.2170699 0.145605 -0.2096276 0.6550182 0.0821718 -0.200638 1.058471 0.1700324 -0.1844655 1.396478 0.2485431 -0.02987532 0.6671098 0.1273874 -0.01158534 1.078969 0.1483926 -0.0390018 1.407432 0.2606791  O_Hello_SoClose
-0.08206533 -0.0176475 0.1381744 -0.1605424 0.07286906 0.1435813 -0.3423204 0.3107057 0.1880788 -0.4224231 0.6065249 0.1536978 -0.02612035 0.08190346 0.1749877 0.271003 0.08115101 0.02067888 0.03687455 -0.1152947 -0.02051985 -0.0991575 0.216996 0.1439232 -0.209417 0.6550528 0.08098257 -0.2006196 1.058383 0.1694263 -0.1846231 1.396277 0.2484525 -0.02971469 0.6670491 0.1264213 -0.01136677 1.078906 0.1474088 -0.03887288 1.407086 0.2604994  O_Hello_SoClose
-0.08197652 -0.01763594 0.1325811 -0.1604188 0.07290101 0.1381515 -0.3425348 0.310649 0.1819276 -0.421984 0.6065069 0.1463836 -0.02608464 0.08172226 0.1699914 0.2721052 0.07855809 0.01863563 0.04542883 -0.1267345 -0.02107918 -0.09895514 0.21699 0.1393007 -0.2087857 0.6553791 0.07794321 -0.2005594 1.05839 0.1678814 -0.1850891 1.395995 0.2482413 -0.02921103 0.6670754 0.1239618 -0.01090275 1.078894 0.1457313 -0.03870199 1.406527 0.2603248  O_Hello_SoClose
-0.08211176 -0.01755726 0.1273612 -0.1605193 0.07300174 0.1330599 -0.3430745 0.3106488 0.1759413 -0.42162 0.6065462 0.1387552 -0.02627937 0.08161426 0.1653508 0.2732162 0.07592714 0.01737249 0.05618997 -0.139793 -0.02095234 -0.09897725 0.217049 0.1349891 -0.2083672 0.6557497 0.07508886 -0.2006413 1.058475 0.1663417 -0.1856458 1.395814 0.2478966 -0.02892928 0.6671528 0.1217102 -0.01063512 1.078919 0.1444572 -0.03864656 1.406137 0.2601789  O_Hello_SoClose
-0.08239697 -0.01744592 0.1228589 -0.1607728 0.07313478 0.1286472 -0.3437821 0.3106827 0.170586 -0.4213084 0.6066182 0.1316065 -0.02662413 0.08156025 0.161364 0.2741745 0.07346594 0.01675975 0.06757738 -0.1525406 -0.019889 -0.09916036 0.217141 0.1312684 -0.2081404 0.6561101 0.07260072 -0.2008192 1.058598 0.1649288 -0.1862193 1.395713 0.2474774 -0.02883468 0.6672509 0.1197904 -0.0105298 1.07896 0.1435412 -0.03867684 1.405888 0.2600483  O_Hello_SoClose
-0.08303981 -0.01732099 0.1202544 -0.1613889 0.07328212 0.1260527 -0.3449001 0.3107535 0.1668414 -0.4212392 0.6066974 0.1256455 -0.02731387 0.0815773 0.1591028 0.2748446 0.07107902 0.01795852 0.08004166 -0.1652039 -0.01846325 -0.09971897 0.2172548 0.1291279 -0.2083661 0.6563977 0.07114589 -0.2012246 1.058773 0.1639766 -0.1868341 1.395771 0.2470406 -0.02916698 0.6673568 0.1187814 -0.01068269 1.07902 0.1431798 -0.03876941 1.405857 0.2599567  O_Hello_SoClose
-0.08396177 -0.01714623 0.1174968 -0.1622744 0.07348883 0.1232899 -0.3464762 0.3108594 0.1624621 -0.4211669 0.6067833 0.1182154 -0.02828793 0.08162737 0.1567363 0.2755716 0.06784415 0.02027643 0.0980012 -0.1817253 -0.01561511 -0.1005301 0.2174177 0.1268791 -0.2087598 0.65676 0.06963289 -0.2018183 1.059038 0.1629018 -0.1876771 1.395923 0.2464603 -0.02968882 0.6675014 0.1177973 -0.01091413 1.079115 0.1428016 -0.03888677 1.40588 0.2598065  O_Hello_SoClose
-0.08479302 -0.01698577 0.116587 -0.163068 0.0736835 0.1223544 -0.3479599 0.3109725 0.1599358 -0.4212191 0.6067897 0.1126841 -0.02913235 0.08171427 0.1560291 0.2761369 0.06477869 0.02386796 0.11713 -0.1968237 -0.01335394 -0.1012549 0.2175759 0.1262077 -0.2091626 0.6570392 0.06928241 -0.202387 1.059345 0.1624421 -0.1884637 1.396233 0.2460278 -0.03016536 0.6676328 0.1177515 -0.01104341 1.079242 0.1425689 -0.03890906 1.406005 0.2596024  O_Hello_SoClose
-0.08518396 -0.01685357 0.1166295 -0.1634185 0.07385051 0.1223987 -0.3489019 0.311079 0.1587127 -0.4211955 0.6067442 0.1090807 -0.0295053 0.08179128 0.1561841 0.2766759 0.06219566 0.02737081 0.1355613 -0.2092566 -0.01142037 -0.1015372 0.2177095 0.1264013 -0.2091823 0.657266 0.06969869 -0.2026875 1.059642 0.1625742 -0.1890643 1.396578 0.2460173 -0.03021781 0.6677369 0.1183156 -0.01089017 1.079375 0.1424817 -0.03880779 1.406105 0.2595972  O_Hello_SoClose
-0.08533411 -0.01668835 0.117587 -0.163504 0.07406926 0.1233877 -0.3497971 0.3112252 0.15812 -0.4210802 0.6066216 0.1055168 -0.02959738 0.08188915 0.1572269 0.2774912 0.05875409 0.03258884 0.163382 -0.2247937 -0.00845015 -0.1015184 0.2178801 0.127508 -0.2088197 0.657553 0.07105672 -0.2028767 1.060075 0.1633357 -0.1898006 1.397126 0.2463998 -0.02986531 0.6678602 0.1197461 -0.01037286 1.079574 0.1424416 -0.03853939 1.406212 0.2597536  O_Hello_SoClose
-0.08479373 -0.01659977 0.1191982 -0.1629061 0.07420325 0.1250657 -0.3497858 0.311331 0.1591395 -0.4208823 0.6065324 0.1052045 -0.0289738 0.08193684 0.1588234 0.2784737 0.05668414 0.03652036 0.1857268 -0.2342399 -0.006672502 -0.1008324 0.2179765 0.1291755 -0.2079072 0.6577241 0.07287776 -0.2026344 1.060399 0.1645287 -0.1901644 1.397586 0.2471293 -0.02891652 0.6679153 0.1214575 -0.009528918 1.079735 0.1422476 -0.03819732 1.406198 0.2599243  O_Hello_SoClose
-0.08389501 -0.01650918 0.1218628 -0.1619267 0.07435846 0.1278008 -0.3496607 0.3114526 0.1613315 -0.420823 0.6064193 0.1062135 -0.02795563 0.08198333 0.1614293 0.2800617 0.05410624 0.04245508 0.2182861 -0.244588 -0.00304091 -0.09973048 0.2180806 0.1318439 -0.2064967 0.6579137 0.07562721 -0.2021854 1.060824 0.1662887 -0.1905741 1.398226 0.2481335 -0.0274509 0.6679595 0.1240343 -0.008264227 1.079925 0.1419133 -0.03770803 1.406096 0.2602075  O_Hello_SoClose
-0.08300059 -0.01647115 0.1244892 -0.1609678 0.0744499 0.1304573 -0.3494268 0.3115252 0.1640018 -0.4210523 0.6063499 0.1087235 -0.02696208 0.08200157 0.1639642 0.2816285 0.05242002 0.04772222 0.2454375 -0.250209 0.0007084608 -0.09867422 0.2181331 0.1343845 -0.2052031 0.6580119 0.07807529 -0.2016887 1.061137 0.1678127 -0.1907756 1.398739 0.2489246 -0.02610819 0.6679615 0.1263202 -0.007145269 1.080043 0.14158 -0.03729377 1.405923 0.260497  O_Hello_SoClose
-0.08219366 -0.01646638 0.1276678 -0.1601044 0.07450855 0.1335515 -0.3492851 0.3115833 0.1674021 -0.4216428 0.6063139 0.1125783 -0.02608721 0.08201623 0.1670216 0.2836843 0.05117631 0.05452859 0.2737235 -0.2533765 0.007066131 -0.09772305 0.2181582 0.1373061 -0.2039972 0.6580387 0.08053052 -0.2011301 1.061411 0.1691722 -0.1907837 1.399243 0.2494 -0.02488617 0.6679333 0.1287268 -0.006050451 1.080111 0.1413211 -0.03687451 1.40573 0.2607778  O_Hello_SoClose
-0.08137439 -0.01649845 0.1320018 -0.1592204 0.07454407 0.1376933 -0.3492774 0.3116261 0.1721443 -0.4227401 0.6062681 0.1183223 -0.02520667 0.08201706 0.1711854 0.286552 0.05002761 0.06438434 0.3097746 -0.253951 0.01788509 -0.0967354 0.218155 0.1411942 -0.2026739 0.6580052 0.08356273 -0.200441 1.0617 0.1707419 -0.1906518 1.399829 0.2497782 -0.02356849 0.66786 0.1317881 -0.004734559 1.080127 0.1409982 -0.03634159 1.405462 0.2610234  O_Hello_SoClose
-0.08131967 -0.01662004 0.1381763 -0.1590909 0.07451093 0.1434592 -0.3501206 0.3116243 0.1791939 -0.4254025 0.6061884 0.1275014 -0.0251181 0.08197236 0.1771172 0.2908978 0.04988277 0.08114374 0.358373 -0.2482023 0.03995121 -0.09648041 0.218076 0.1465791 -0.2019372 0.6578307 0.0873574 -0.1998705 1.061952 0.1725429 -0.1902602 1.400446 0.2500218 -0.02289156 0.6676815 0.135805 -0.003334565 1.079992 0.1404012 -0.03573887 1.405148 0.2606977  O_Hello_SoClose
-0.08247189 -0.01686525 0.1439255 -0.1601676 0.07434416 0.1489609 -0.3517939 0.3114617 0.1866759 -0.4292459 0.6058885 0.1374663 -0.02621142 0.08176124 0.1826948 0.2953283 0.051368 0.1013097 0.4066482 -0.2346047 0.07078397 -0.09743468 0.2178613 0.1518177 -0.2024692 0.65758 0.09158742 -0.1996927 1.06235 0.173612 -0.1899524 1.400952 0.250604 -0.02344833 0.6673788 0.1401366 -0.002486927 1.079646 0.1399397 -0.03558246 1.404855 0.2599057  O_Hello_SoClose
-0.0843278 -0.01727879 0.1474298 -0.1619657 0.0739634 0.1527561 -0.3533972 0.3110737 0.1924938 -0.4320293 0.6054319 0.1447691 -0.02795677 0.08124065 0.1863106 0.2984521 0.05409503 0.1194319 0.4458842 -0.216259 0.1027921 -0.09914927 0.2174401 0.1558031 -0.2040273 0.6573337 0.09658515 -0.1985527 1.063845 0.1693391 -0.1890589 1.401402 0.25082 -0.024931 0.6669388 0.1448945 -0.002231343 1.07909 0.1404542 -0.03573285 1.404556 0.2596081  O_Hello_SoClose
-0.08691697 -0.01772976 0.1488818 -0.1645344 0.07348108 0.1549863 -0.3547134 0.3107264 0.1952418 -0.432162 0.605327 0.1470784 -0.03046106 0.080513 0.1883353 0.3002003 0.05940866 0.1337274 0.4770002 -0.1932635 0.1320094 -0.1016962 0.2169271 0.1589054 -0.2066374 0.6572298 0.102929 -0.1976513 1.065545 0.1643513 -0.187789 1.40165 0.2515868 -0.0274484 0.6664832 0.1509627 -0.00258307 1.078454 0.1428865 -0.03617672 1.404514 0.2603792  O_Hello_SoClose
-0.08846895 -0.01775813 0.1505498 -0.166127 0.07340837 0.1567987 -0.3551834 0.3108931 0.1954402 -0.4307055 0.6057154 0.1456035 -0.03209416 0.08040452 0.1903175 0.3007487 0.06459713 0.1390742 0.4866862 -0.1813952 0.1434788 -0.1033463 0.2168671 0.1611542 -0.2083869 0.6572724 0.106181 -0.1993597 1.065073 0.1709226 -0.1875013 1.402491 0.2526716 -0.02925591 0.666469 0.1544412 -0.003523631 1.07838 0.1460475 -0.03718797 1.405294 0.2611207  O_Hello_SoClose
-0.0888174 -0.01766849 0.151399 -0.1665027 0.07347858 0.1575936 -0.3552563 0.3110263 0.1955832 -0.4301787 0.6059015 0.1451577 -0.03249435 0.08050907 0.191203 0.3009239 0.06645143 0.1402067 0.4878328 -0.1787781 0.1458634 -0.1037612 0.216953 0.1619891 -0.2088758 0.6573309 0.1069368 -0.2004496 1.064458 0.1758684 -0.1876401 1.402859 0.2532924 -0.02977995 0.6665736 0.1553186 -0.003995879 1.078491 0.1474103 -0.03765194 1.405839 0.2612466  O_Hello_SoClose
-0.08884309 -0.01742387 0.1520208 -0.1665751 0.07368863 0.1581358 -0.3551424 0.3112372 0.1955503 -0.4295115 0.6061546 0.144555 -0.0325943 0.08079028 0.1918396 0.3012141 0.06830788 0.1402611 0.4870194 -0.1777468 0.1464227 -0.1039036 0.2171935 0.1625394 -0.2091836 0.6575082 0.1072978 -0.2023771 1.063195 0.1844109 -0.1884951 1.403131 0.2545894 -0.03012679 0.6668468 0.1558055 -0.004584117 1.078801 0.1490849 -0.03821067 1.40671 0.2613014  O_Hello_SoClose
-0.0871747 -0.01680398 0.1478328 -0.1650532 0.07416368 0.1542348 -0.3540093 0.311285 0.192149 -0.4281915 0.6060613 0.140077 -0.03106777 0.08139277 0.1878937 0.3020014 0.06780291 0.1347083 0.4777937 -0.1855508 0.1383661 -0.102615 0.2177585 0.1590017 -0.2086441 0.6580495 0.105018 -0.202387 1.063547 0.1831673 -0.1889796 1.403328 0.2541813 -0.02957932 0.6675491 0.1534647 -0.00554709 1.079642 0.1510781 -0.03924225 1.407446 0.2635792  O_Hello_SoClose
-0.08550291 -0.01641321 0.1446003 -0.1634617 0.0744772 0.1511191 -0.3528486 0.3113605 0.1891707 -0.4276551 0.6057951 0.1360692 -0.02947275 0.08179343 0.1847447 0.3028716 0.06658065 0.1308001 0.4718886 -0.1913654 0.1320099 -0.1011522 0.2181238 0.1560138 -0.207596 0.6583734 0.1025113 -0.2021822 1.063529 0.1824769 -0.1892917 1.403257 0.2538394 -0.02852522 0.6679857 0.1509141 -0.005106671 1.080118 0.149577 -0.03862713 1.407455 0.2634839  O_Hello_SoClose
-0.08416598 -0.01611531 0.1423982 -0.1621868 0.07472324 0.148898 -0.3519599 0.3114476 0.1868376 -0.4273833 0.605599 0.1330436 -0.02821497 0.08212364 0.1825737 0.303504 0.06562197 0.1276435 0.4667524 -0.1960136 0.1265563 -0.09997325 0.2184101 0.1538309 -0.206686 0.6585957 0.1003374 -0.2018327 1.063575 0.1812271 -0.1894289 1.403153 0.2533854 -0.02763937 0.6683202 0.1488069 -0.004583402 1.080474 0.1477441 -0.03802298 1.407346 0.2630013  O_Hello_SoClose
-0.08265637 -0.01579082 0.1402563 -0.1607462 0.07499743 0.1466297 -0.3509968 0.3115684 0.1842374 -0.4272143 0.6053957 0.1297945 -0.02681373 0.08250761 0.180437 0.3041362 0.06454504 0.1240233 0.4603886 -0.2013004 0.1200451 -0.09863655 0.2187295 0.1515507 -0.2055979 0.6588136 0.09771955 -0.201236 1.063719 0.1790045 -0.1894849 1.402995 0.2526788 -0.02660726 0.6686866 0.146365 -0.003856404 1.080857 0.1451367 -0.03725694 1.407114 0.2621359  O_Hello_SoClose
-0.08157293 -0.01556814 0.1389269 -0.1597161 0.07518888 0.1450871 -0.3503727 0.3116695 0.1822022 -0.4272423 0.6052765 0.1274894 -0.02583222 0.08280623 0.1790632 0.3043658 0.06376529 0.1204494 0.4539631 -0.2058202 0.113469 -0.09768407 0.2189577 0.1499175 -0.2047917 0.6589234 0.09541452 -0.2001576 1.064274 0.174436 -0.1892618 1.402786 0.2516683 -0.02587054 0.6689438 0.1442856 -0.00336252 1.081127 0.142876 -0.03679876 1.406882 0.2612537  O_Hello_SoClose
-0.08004408 -0.01524448 0.1372188 -0.1582632 0.07547212 0.1429991 -0.3495275 0.3118391 0.179243 -0.427359 0.6051503 0.1243037 -0.02446072 0.08325946 0.1772555 0.3044513 0.06264615 0.1147636 0.4432064 -0.2125165 0.1030611 -0.09634118 0.2192945 0.1476406 -0.20363 0.6590608 0.0918988 -0.1982656 1.065259 0.1663889 -0.1888865 1.402318 0.2499183 -0.02482514 0.6693164 0.1411451 -0.002682609 1.081518 0.1394829 -0.03618781 1.406535 0.2598552  O_Hello_SoClose
-0.07908396 -0.0149262 0.1367491 -0.1573419 0.07577801 0.1421889 -0.3489652 0.3121339 0.1775597 -0.4273221 0.6053854 0.1230501 -0.02358781 0.0837009 0.1766032 0.3039921 0.06197023 0.1095465 0.4322077 -0.21804 0.09344232 -0.09547554 0.2196336 0.1465386 -0.2028412 0.6592162 0.08951032 -0.1979839 1.065197 0.1652135 -0.1890147 1.402131 0.2492894 -0.02410565 0.6696618 0.1389679 -0.002357526 1.081887 0.1378697 -0.03584461 1.406598 0.2590679  O_Hello_SoClose
-0.07806472 -0.0144043 0.1364769 -0.1563514 0.07629967 0.141488 -0.3483059 0.3127129 0.1755589 -0.4271232 0.605979 0.1217965 -0.02262984 0.08439493 0.1759886 0.3024898 0.06085598 0.1013001 0.4126975 -0.2262852 0.07874954 -0.09452693 0.2201879 0.1453212 -0.2019583 0.6595119 0.08645427 -0.1984337 1.06459 0.1669186 -0.1893779 1.402026 0.2489456 -0.02326928 0.6702017 0.1360277 -0.002221031 1.082464 0.136638 -0.03550486 1.406913 0.2585925  O_Hello_SoClose
-0.07782535 -0.01387572 0.1365188 -0.1560926 0.07686031 0.1412491 -0.3480195 0.3134477 0.174075 -0.4267167 0.6068688 0.1209868 -0.02235161 0.08505273 0.175651 0.2997757 0.05965519 0.0925802 0.3890203 -0.2341539 0.06401432 -0.0942394 0.2207495 0.1445402 -0.2016198 0.6598824 0.08417213 -0.1994176 1.063733 0.1706265 -0.1896467 1.402006 0.2490462 -0.02290307 0.6707142 0.1336144 -0.002652509 1.083003 0.1369938 -0.03544627 1.407458 0.2590646  O_Hello_SoClose
-0.07840107 -0.01349771 0.1361378 -0.1566064 0.07729781 0.1407455 -0.3481647 0.3141414 0.1724676 -0.4261714 0.6077783 0.1195544 -0.02282713 0.08548057 0.1750005 0.2962308 0.05848014 0.08407485 0.3632466 -0.2406565 0.05045259 -0.09465937 0.2211548 0.1436633 -0.2018212 0.6602228 0.08244169 -0.1993009 1.063914 0.1696318 -0.189245 1.402041 0.2486433 -0.02304981 0.6710493 0.1316875 -0.003531797 1.083338 0.1380581 -0.03559951 1.407931 0.2599558  O_Hello_SoClose
-0.07967012 -0.01307714 0.1326398 -0.1577509 0.07782352 0.1372846 -0.3483651 0.3150346 0.1680111 -0.4245809 0.6091855 0.115343 -0.02398126 0.08578682 0.1716288 0.291489 0.05751836 0.0719589 0.3253927 -0.2464086 0.03216684 -0.09560411 0.2215906 0.1403745 -0.2021131 0.6608653 0.07949674 -0.1991725 1.064306 0.1678246 -0.1887757 1.402144 0.2480205 -0.02335696 0.6713953 0.1288613 -0.004315836 1.083651 0.1381286 -0.03536282 1.408095 0.2606848  O_Hello_SoClose
-0.08053343 -0.01299751 0.129145 -0.1585703 0.07793891 0.1338328 -0.3485951 0.3152653 0.1642889 -0.4237914 0.609731 0.1119159 -0.02486859 0.0857445 0.168476 0.2891171 0.05734193 0.06515634 0.3038748 -0.2477514 0.0226754 -0.09634553 0.2216617 0.1373805 -0.2024674 0.661137 0.07727945 -0.1979008 1.065653 0.1604689 -0.1881529 1.402024 0.2466878 -0.0238093 0.6714484 0.1270441 -0.004596336 1.083682 0.1369365 -0.03531341 1.407852 0.2602986  O_Hello_SoClose
-0.08131675 -0.01293218 0.125945 -0.1593144 0.07803583 0.1306714 -0.3488005 0.3154612 0.1608857 -0.4230804 0.6102076 0.1087846 -0.02567582 0.08569765 0.1655897 0.2869044 0.05718505 0.05897987 0.2840337 -0.2479571 0.01443279 -0.09702043 0.2217176 0.1346391 -0.2027928 0.6613739 0.07525051 -0.1967345 1.066795 0.1538099 -0.1874902 1.401741 0.2454613 -0.02422593 0.6714861 0.1253818 -0.004850013 1.083698 0.1358365 -0.03527282 1.407614 0.2599367  O_Hello_SoClose
-0.08220963 -0.01280618 0.1202825 -0.1602109 0.07815671 0.1250476 -0.3488543 0.3155931 0.1551107 -0.422177 0.6106644 0.1034945 -0.02671985 0.08565187 0.1605614 0.2843255 0.05766344 0.04997575 0.2532544 -0.2456739 0.003872752 -0.0979095 0.2218095 0.1298608 -0.2033541 0.6617227 0.07180679 -0.1959934 1.06779 0.1468395 -0.1872241 1.401207 0.243946 -0.02499912 0.671598 0.1227335 -0.005008383 1.083771 0.1335748 -0.03547285 1.407121 0.2591318  O_Hello_SoClose
-0.08289872 -0.01270103 0.1157078 -0.1609354 0.07823086 0.1204852 -0.3487995 0.3156283 0.1503028 -0.4216218 0.6109105 0.09918725 -0.02758102 0.08563066 0.1565284 0.2821231 0.05838299 0.04240835 0.2242248 -0.2410139 -0.003567338 -0.09868114 0.2218781 0.1260194 -0.2039929 0.6619655 0.06905448 -0.1957527 1.068344 0.1422914 -0.1871725 1.400729 0.2428907 -0.02583347 0.6717017 0.1206878 -0.005156619 1.083834 0.1317862 -0.03573243 1.406795 0.2583135  O_Hello_SoClose
-0.08344238 -0.01262105 0.1119703 -0.1615366 0.07826161 0.1167411 -0.3486694 0.3155843 0.1462435 -0.4212947 0.6110054 0.09565198 -0.02830939 0.08561838 0.1532601 0.2801921 0.05925715 0.03592765 0.1968462 -0.2343158 -0.008488297 -0.09936748 0.2219204 0.122898 -0.2046861 0.6621215 0.06683099 -0.195896 1.06858 0.1395563 -0.1873177 1.400344 0.2421855 -0.02670841 0.6717901 0.1190995 -0.00530122 1.08388 0.1303643 -0.03603802 1.406587 0.2574991  O_Hello_SoClose
-0.08389555 -0.01255977 0.1113328 -0.1620262 0.0782944 0.116053 -0.3485606 0.3156198 0.1450971 -0.4214899 0.6110828 0.09519231 -0.02885453 0.08566892 0.1527709 0.2784471 0.0599606 0.03244197 0.1747663 -0.2274743 -0.009221673 -0.09991269 0.221969 0.1223992 -0.2052926 0.6621745 0.0664829 -0.1966671 1.068289 0.1411232 -0.1876 1.400459 0.24239 -0.02739422 0.6718646 0.1190165 -0.005583329 1.083929 0.1304492 -0.03638957 1.406692 0.2574261  O_Hello_SoClose
-0.08466081 -0.01248729 0.112265 -0.1628048 0.07835996 0.1168965 -0.348508 0.3157951 0.1451782 -0.4219998 0.6113093 0.09641588 -0.02966051 0.08576226 0.1537074 0.2756442 0.0607487 0.02887857 0.1456648 -0.2164742 -0.007960916 -0.1007117 0.2220436 0.1232361 -0.2060997 0.6622175 0.06708562 -0.1982346 1.067436 0.1465234 -0.1880566 1.400899 0.2433366 -0.02824037 0.671946 0.1197447 -0.006134553 1.083984 0.131564 -0.0368077 1.407067 0.2577547  O_Hello_SoClose
-0.08535503 -0.01242542 0.1146535 -0.1634742 0.07844722 0.119203 -0.348566 0.3160653 0.1468047 -0.4225734 0.6116174 0.09906375 -0.03030269 0.08587301 0.1559104 0.2732125 0.06117117 0.02744663 0.1255469 -0.2076072 -0.005072236 -0.1013427 0.2221254 0.1252846 -0.2066651 0.6622399 0.06854904 -0.1998289 1.066366 0.1534604 -0.1885095 1.401387 0.2446035 -0.02876697 0.6720048 0.1210703 -0.006691379 1.084031 0.1333212 -0.0370448 1.40758 0.2583917  O_Hello_SoClose
-0.08651046 -0.01235735 0.119141 -0.1645461 0.07858932 0.1236433 -0.3490615 0.3165609 0.1503991 -0.4232369 0.6122702 0.1039079 -0.03125952 0.08602536 0.1599292 0.2699902 0.06159878 0.02722204 0.1066741 -0.1984783 -0.0009237528 -0.1022866 0.2222375 0.1290945 -0.2074414 0.662256 0.07131326 -0.2014302 1.065168 0.1618675 -0.1886608 1.401925 0.2461618 -0.02937929 0.6720454 0.1232709 -0.007599099 1.084065 0.1362675 -0.0370823 1.408564 0.2590631  O_Hello_SoClose
-0.08872668 -0.0123409 0.1245722 -0.1666141 0.07873166 0.1290969 -0.3506976 0.3171767 0.1552657 -0.4234607 0.61352 0.1106142 -0.03316049 0.08610427 0.1647767 0.2654876 0.06244695 0.02727067 0.08579107 -0.1870309 0.003301501 -0.1041296 0.2223095 0.133778 -0.2089166 0.6622736 0.07492435 -0.202076 1.064907 0.1666526 -0.1878011 1.402494 0.2473072 -0.03061645 0.6719903 0.1260728 -0.009302778 1.083971 0.1409563 -0.03771971 1.409862 0.2602662  O_Hello_SoClose
-0.09006022 -0.01232731 0.1254886 -0.1678677 0.07880914 0.1301016 -0.3519801 0.3174042 0.1562923 -0.4226054 0.614305 0.111915 -0.03437654 0.08606303 0.165665 0.2639405 0.06322932 0.02721488 0.08003004 -0.1831316 0.00297296 -0.1052595 0.2223337 0.1347574 -0.2097317 0.6623974 0.07608926 -0.2020644 1.065263 0.1667279 -0.187221 1.402757 0.2476662 -0.03137837 0.6719547 0.1270822 -0.01017032 1.083886 0.1434044 -0.0384023 1.41038 0.2611002  O_Hello_SoClose
-0.09136735 -0.01226521 0.1244715 -0.1690994 0.07892764 0.1292409 -0.3533311 0.3175681 0.1555465 -0.421434 0.6150303 0.1109852 -0.03561662 0.08599496 0.164873 0.262958 0.06427598 0.02620876 0.07759072 -0.1808052 0.0001591444 -0.1063714 0.2223891 0.1342181 -0.2104468 0.6626614 0.07641447 -0.2022262 1.065541 0.1669406 -0.186915 1.402974 0.2480482 -0.0321062 0.6719623 0.1274995 -0.01077692 1.083836 0.1450599 -0.03897164 1.4108 0.2614549  O_Hello_SoClose
-0.09250985 -0.0121702 0.1225108 -0.1701783 0.07906711 0.1274599 -0.3545009 0.3176972 0.1538166 -0.4203124 0.6156108 0.1088294 -0.03672669 0.08593273 0.1632479 0.2623613 0.06537426 0.02470577 0.0775692 -0.1798465 -0.003982186 -0.107348 0.2224667 0.1329082 -0.2110341 0.6629794 0.07624996 -0.2024478 1.065773 0.1671232 -0.1867998 1.403133 0.2484726 -0.03273885 0.672001 0.1275424 -0.01116578 1.083822 0.1460332 -0.03937243 1.411066 0.2616328  O_Hello_SoClose
-0.09346865 -0.01204491 0.1199487 -0.1710864 0.07922494 0.1250905 -0.3554003 0.3178098 0.1513327 -0.4194496 0.6159933 0.1055964 -0.03767965 0.08588874 0.1610836 0.26204 0.06647837 0.02280414 0.07974966 -0.1802006 -0.009198308 -0.1081733 0.222566 0.1310943 -0.2115045 0.6633276 0.07573688 -0.2026829 1.065987 0.1671818 -0.1868273 1.403225 0.2489928 -0.03327398 0.6720681 0.1273025 -0.01136176 1.083844 0.1463794 -0.03959582 1.411146 0.2618116  O_Hello_SoClose
-0.09482436 -0.01176226 0.1159018 -0.1723693 0.07955337 0.1213216 -0.3564071 0.3181093 0.1468233 -0.4185108 0.6163203 0.09864748 -0.0390207 0.08593273 0.1575807 0.2617956 0.06848454 0.01972282 0.08805878 -0.183393 -0.01871789 -0.1093386 0.2228087 0.1280893 -0.2121763 0.6639108 0.07455528 -0.2030831 1.06638 0.166809 -0.1870171 1.403436 0.2493252 -0.03402988 0.6722556 0.1264757 -0.01161842 1.083976 0.14616 -0.03975598 1.411041 0.2622832  O_Hello_SoClose
-0.09537922 -0.01155972 0.1143931 -0.1728932 0.07977831 0.1198763 -0.356775 0.3183421 0.1447958 -0.4183398 0.6163539 0.0947336 -0.03956763 0.08606017 0.1562365 0.261962 0.06947708 0.01888883 0.09615572 -0.1871129 -0.02323353 -0.1098127 0.2230008 0.1268719 -0.2124452 0.6642107 0.0738343 -0.2033041 1.066632 0.1662897 -0.1872242 1.403636 0.2490157 -0.03433202 0.6724206 0.1258906 -0.01172124 1.084132 0.1455277 -0.03964428 1.41101 0.2622293  O_Hello_SoClose
-0.09580742 -0.01134801 0.1133898 -0.1732969 0.08001053 0.1188811 -0.3570523 0.3185916 0.143195 -0.4183561 0.6163145 0.09113348 -0.03998892 0.08623219 0.1553167 0.262272 0.0703274 0.01861894 0.1056373 -0.1913972 -0.02687991 -0.110177 0.2232101 0.1259898 -0.2126483 0.6644799 0.0731405 -0.203514 1.066889 0.1656488 -0.1874718 1.403872 0.2484707 -0.03456048 0.6726075 0.125296 -0.0118026 1.084323 0.1446894 -0.03943328 1.411017 0.2619733  O_Hello_SoClose
-0.09589617 -0.01112938 0.1137089 -0.1733754 0.08024371 0.1191024 -0.3572098 0.3188574 0.1430806 -0.4184515 0.6163018 0.08937967 -0.04007046 0.08648562 0.1555456 0.2631116 0.07075119 0.0201515 0.1175876 -0.196857 -0.02794278 -0.1102393 0.2234428 0.1260761 -0.2126529 0.6646722 0.07277954 -0.2036468 1.067111 0.1651753 -0.1877461 1.40411 0.2479552 -0.03456954 0.6728304 0.1249455 -0.01181172 1.084568 0.1438688 -0.03913717 1.411061 0.2617797  O_Hello_SoClose
-0.09593271 -0.01088607 0.1143197 -0.1734032 0.08050191 0.1195825 -0.3573659 0.3191543 0.1432408 -0.4185765 0.6162838 0.08778989 -0.04009883 0.0867821 0.156021 0.2641321 0.07113826 0.02221143 0.1316168 -0.202705 -0.02832425 -0.1102537 0.2237046 0.1263574 -0.2126232 0.6648688 0.07243907 -0.2037834 1.067347 0.1646775 -0.1880606 1.404372 0.2473849 -0.03454069 0.6730829 0.1245993 -0.01181178 1.084847 0.1429552 -0.03878359 1.411115 0.2615718  O_Hello_SoClose
-0.09557103 -0.01060641 0.1160873 -0.1730496 0.08078599 0.1211523 -0.3574486 0.3194708 0.1449841 -0.4184934 0.6163758 0.08816469 -0.0397285 0.08717513 0.1575106 0.2661316 0.07155323 0.02643287 0.1515904 -0.209794 -0.02674925 -0.1099134 0.2240127 0.1275285 -0.2123598 0.6650249 0.07252443 -0.203786 1.067555 0.1645616 -0.1883196 1.404621 0.2471517 -0.03425334 0.6733937 0.1245779 -0.01162748 1.085202 0.1420559 -0.03834454 1.411203 0.2614597  O_Hello_SoClose
-0.09518145 -0.01034164 0.1179084 -0.1726698 0.08105302 0.1227769 -0.3575225 0.3197639 0.1468409 -0.4183483 0.616476 0.0887922 -0.03933064 0.08755445 0.1590484 0.2681122 0.07194757 0.03072965 0.1716449 -0.2157372 -0.02436984 -0.1095498 0.2243044 0.1287483 -0.2120849 0.6651587 0.07265413 -0.2037744 1.067739 0.1644958 -0.18856 1.404845 0.2469691 -0.03395234 0.6736864 0.1245927 -0.01143323 1.085537 0.1411976 -0.03790567 1.41128 0.2613567  O_Hello_SoClose
-0.09436862 -0.01003575 0.1211709 -0.1719001 0.08133698 0.1257595 -0.3576547 0.3199973 0.1508421 -0.4185449 0.6166196 0.09240329 -0.03854195 0.08803511 0.1619262 0.2715466 0.07280123 0.03831613 0.2015947 -0.2220974 -0.01865685 -0.1088487 0.2246404 0.1311797 -0.2116407 0.6652396 0.07357156 -0.2036337 1.067939 0.1649169 -0.1886904 1.405152 0.2469991 -0.03348063 0.6740426 0.1253694 -0.01097326 1.08596 0.1402463 -0.03751413 1.411492 0.2609609  O_Hello_SoClose
-0.09361558 -0.009737611 0.124689 -0.1711964 0.0816077 0.12898 -0.3579739 0.3201673 0.155372 -0.419039 0.6167777 0.09705579 -0.03783284 0.08850515 0.1650885 0.2754049 0.07399678 0.04728878 0.2353671 -0.2263184 -0.01026261 -0.1082229 0.2249639 0.1338857 -0.2112733 0.6653032 0.07477176 -0.2035224 1.068144 0.1655129 -0.1888092 1.405485 0.2471122 -0.03310494 0.6743847 0.1264933 -0.01048051 1.086364 0.1393222 -0.03724525 1.411693 0.2605337  O_Hello_SoClose
-0.09295623 -0.009419918 0.1291732 -0.1706039 0.08188534 0.1330899 -0.3587817 0.3202229 0.1616086 -0.4204139 0.6169595 0.1045445 -0.03726957 0.0890038 0.1692637 0.2807173 0.07619143 0.0607208 0.2814152 -0.227118 0.004977584 -0.1077341 0.2253022 0.1375326 -0.2110528 0.6653578 0.07679737 -0.2034756 1.068411 0.1666049 -0.1889241 1.405942 0.2474464 -0.03292583 0.6747468 0.1286062 -0.009836538 1.086784 0.138388 -0.03724412 1.411898 0.2600344  O_Hello_SoClose
-0.0933895 -0.009189963 0.1331733 -0.1710727 0.0820998 0.1367315 -0.3604762 0.3201673 0.1678675 -0.4235055 0.6169957 0.1128429 -0.03786967 0.08928347 0.1733731 0.2868782 0.08029544 0.07920206 0.3354677 -0.2201911 0.0296911 -0.1082538 0.225536 0.1412686 -0.2114622 0.6655115 0.07977045 -0.2037784 1.068841 0.1683196 -0.1891763 1.406607 0.2481636 -0.03352294 0.6749907 0.1322044 -0.009108646 1.087027 0.1380209 -0.03761325 1.41188 0.2601098  O_Hello_SoClose
-0.09569906 -0.009120584 0.1342448 -0.1733319 0.08221686 0.1376728 -0.3630011 0.3201634 0.1711463 -0.4270669 0.6171003 0.1179346 -0.04034648 0.08915937 0.1751422 0.2908514 0.0853889 0.09692705 0.381626 -0.2065247 0.05629718 -0.1104309 0.2255855 0.1431187 -0.2129279 0.6658669 0.08262861 -0.2048223 1.06946 0.1699299 -0.1899348 1.407436 0.248825 -0.03530053 0.6750112 0.1361679 -0.008563502 1.08694 0.1378959 -0.0379223 1.411529 0.260486  O_Hello_SoClose
-0.09922157 -0.009196043 0.132883 -0.1767757 0.08220625 0.1363653 -0.3661614 0.3200763 0.1720361 -0.4306223 0.6172237 0.1205033 -0.04403685 0.08876228 0.1747669 0.29196 0.09038174 0.1110057 0.4174015 -0.1896591 0.08025014 -0.1137558 0.2254663 0.1431335 -0.2153633 0.666235 0.08472717 -0.2049362 1.071305 0.1646284 -0.1903682 1.408109 0.2484411 -0.03808884 0.6748412 0.139511 -0.008457227 1.086569 0.1371478 -0.03834061 1.410839 0.2604517  O_Hello_SoClose
-0.1029078 -0.009235263 0.1307906 -0.1803928 0.08222115 0.1343869 -0.3692453 0.3200536 0.1717714 -0.4338908 0.6173601 0.1213998 -0.04787032 0.08841074 0.1735882 0.2912067 0.09499967 0.1208686 0.4436593 -0.1721576 0.09874237 -0.1172753 0.2253746 0.1423916 -0.2181226 0.6665926 0.08609903 -0.2048346 1.073088 0.1579307 -0.1907577 1.408377 0.247692 -0.04115741 0.6746876 0.1419495 -0.008600218 1.086159 0.1360167 -0.03872923 1.410137 0.2600244  O_Hello_SoClose
-0.107603 -0.009156227 0.1284512 -0.1850339 0.08234167 0.1321582 -0.3730803 0.3201642 0.1711515 -0.4381612 0.6175255 0.1216716 -0.05272011 0.08819544 0.172109 0.2888301 0.100889 0.1293248 0.4689775 -0.1490426 0.1157044 -0.1218473 0.2253944 0.1413311 -0.22204 0.6670132 0.08704698 -0.2051983 1.074703 0.1509203 -0.1913521 1.408281 0.2468804 -0.04537241 0.6746398 0.1438974 -0.009191794 1.085735 0.134148 -0.03937529 1.409436 0.2588662  O_Hello_SoClose
-0.1115063 -0.008964181 0.1277608 -0.1889252 0.08254492 0.1314405 -0.3763461 0.3203968 0.1713647 -0.4423482 0.6176387 0.1223906 -0.05670444 0.08830106 0.1717118 0.2861956 0.106223 0.1342558 0.4857169 -0.1287743 0.1257757 -0.1257283 0.2255675 0.141003 -0.2256943 0.6673002 0.08722961 -0.2063716 1.075393 0.1477393 -0.1918909 1.408134 0.2464718 -0.04915927 0.6747906 0.1445078 -0.01011865 1.08556 0.1323684 -0.04020558 1.409096 0.2575368  O_Hello_SoClose
-0.1156767 -0.008626461 0.1287555 -0.1930857 0.08289802 0.132255 -0.3800035 0.3208883 0.1727184 -0.4476885 0.6178768 0.1245106 -0.06085209 0.08873105 0.1724733 0.283075 0.1127349 0.1379026 0.4995519 -0.1068513 0.1330003 -0.1298721 0.2259355 0.1414798 -0.2298118 0.6675569 0.08675277 -0.2082484 1.075739 0.1458877 -0.1922478 1.408082 0.2457179 -0.05325858 0.6751577 0.1439604 -0.01146041 1.08562 0.1306418 -0.04128782 1.408905 0.2565187  O_Hello_SoClose
-0.1192669 -0.008205533 0.1300124 -0.1966148 0.08337665 0.1333483 -0.3832131 0.3216456 0.173879 -0.4526315 0.6184406 0.1269611 -0.0642827 0.08928525 0.1732301 0.28041 0.1198969 0.1396083 0.5088777 -0.08721292 0.1360849 -0.1332976 0.2264112 0.1418804 -0.2331143 0.66788 0.08571613 -0.2098861 1.076002 0.144636 -0.1921936 1.408013 0.2452811 -0.05642114 0.675595 0.142475 -0.01273875 1.085871 0.1294755 -0.0421978 1.408841 0.2562436  O_Hello_SoClose
-0.1213975 -0.007881045 0.1306709 -0.1986575 0.0837785 0.1339225 -0.3851229 0.3223126 0.1743258 -0.4556054 0.6190604 0.1287135 -0.06623952 0.08967412 0.1735204 0.278889 0.1254001 0.1401004 0.5137258 -0.07446265 0.1367916 -0.1351966 0.2267786 0.14195 -0.2347366 0.6681868 0.08482683 -0.210603 1.0763 0.1434454 -0.1919176 1.407908 0.2452315 -0.05792187 0.6758938 0.1412066 -0.01353477 1.086123 0.1291426 -0.04278783 1.40883 0.256627  O_Hello_SoClose
-0.1229986 -0.007585287 0.1325363 -0.2000865 0.08422697 0.1355528 -0.3863449 0.3232325 0.1753248 -0.4572665 0.6200598 0.1309255 -0.06760173 0.09002924 0.17494 0.2778929 0.1311972 0.1414927 0.5171444 -0.06334698 0.1375359 -0.1363534 0.2271399 0.1429518 -0.235169 0.6685117 0.08430946 -0.2104705 1.076787 0.1415485 -0.1911826 1.407912 0.2447847 -0.05826036 0.6761071 0.1404094 -0.01377855 1.086343 0.128939 -0.0431004 1.408795 0.2570518  O_Hello_SoClose
-0.1243368 -0.007281899 0.135394 -0.2012333 0.08470225 0.1380366 -0.3872744 0.3242431 0.1769179 -0.4583911 0.6211758 0.1335486 -0.06870221 0.0904206 0.1772808 0.2770084 0.1372108 0.1435698 0.519868 -0.05278015 0.1383809 -0.1372 0.2275176 0.1446947 -0.23516 0.6688055 0.08402097 -0.2100814 1.077286 0.139603 -0.1903023 1.407976 0.2441324 -0.05818693 0.6763055 0.1399297 -0.01375542 1.086552 0.1286477 -0.04327075 1.408763 0.2573198  O_Hello_SoClose
-0.1251508 -0.007024765 0.1393241 -0.2018648 0.08512533 0.1414384 -0.3877139 0.3251994 0.1792053 -0.4587268 0.6222428 0.1364287 -0.06932466 0.09080422 0.1806568 0.2764235 0.1426932 0.1463121 0.5214956 -0.04437053 0.1391548 -0.1375488 0.2278489 0.1472863 -0.2346304 0.6689774 0.08409297 -0.2094704 1.077681 0.1379756 -0.1894352 1.408105 0.2432946 -0.05764554 0.6764449 0.1399692 -0.01339201 1.086697 0.1282223 -0.04323564 1.408726 0.2572769  O_Hello_SoClose
-0.1258124 -0.006763458 0.1434377 -0.2023634 0.08553326 0.1449951 -0.3880694 0.3260897 0.1816477 -0.4589783 0.6232219 0.1393179 -0.06982271 0.09120595 0.1842135 0.2757919 0.14817 0.1490048 0.5226446 -0.03643465 0.1395639 -0.1377957 0.2281743 0.1500272 -0.2340796 0.6690982 0.08423889 -0.208902 1.077997 0.1366056 -0.1886409 1.4082 0.242575 -0.05709521 0.6765777 0.1401147 -0.01300494 1.08683 0.1277531 -0.04316727 1.408702 0.2571219  O_Hello_SoClose
-0.1262836 -0.00644815 0.1494902 -0.2026692 0.08599555 0.1502222 -0.3883171 0.3270745 0.1853741 -0.4590937 0.6242678 0.1432518 -0.07015155 0.09175289 0.1895055 0.2749839 0.1554815 0.1524957 0.5231143 -0.02715623 0.1391114 -0.1378487 0.228557 0.1541342 -0.2332819 0.6690962 0.08463466 -0.2082635 1.0782 0.1354584 -0.1878657 1.408235 0.2419208 -0.0563312 0.6767178 0.1405982 -0.0124288 1.086951 0.126995 -0.04300086 1.408689 0.2566012  O_Hello_SoClose
-0.1267069 -0.006124973 0.1548818 -0.2029432 0.08644485 0.1548775 -0.3885367 0.3279765 0.1886886 -0.4591988 0.6252229 0.1467479 -0.07044582 0.0922761 0.1942185 0.2740318 0.1620233 0.1555532 0.5232336 -0.01884675 0.1385559 -0.1378949 0.2289262 0.1577939 -0.2325625 0.6690975 0.08499324 -0.2076789 1.078377 0.1344455 -0.1871273 1.408262 0.2413467 -0.05564169 0.6768436 0.141034 -0.01190047 1.087056 0.126325 -0.04282789 1.408674 0.2561454  O_Hello_SoClose
-0.1267782 -0.005769014 0.1614536 -0.2029114 0.0868814 0.1605681 -0.3885935 0.3287848 0.1928667 -0.4592215 0.6260121 0.1507353 -0.07044278 0.09291148 0.1999758 0.2725677 0.1713215 0.1579865 0.5219598 -0.008568406 0.1345872 -0.1377071 0.229311 0.1622919 -0.2318194 0.6689305 0.08554494 -0.2071609 1.07833 0.1341094 -0.1864797 1.408167 0.2411317 -0.05494021 0.6769727 0.1416754 -0.01129751 1.087137 0.125419 -0.04253415 1.408616 0.2555078  O_Hello_SoClose
-0.1268347 -0.004894614 0.1754183 -0.2027556 0.08789384 0.1726879 -0.3886047 0.3305129 0.2018431 -0.459167 0.6276522 0.1589864 -0.07033806 0.09435666 0.2121986 0.2673412 0.1927706 0.1616791 0.5157575 0.01437294 0.1220807 -0.1372306 0.2301844 0.1718796 -0.2302182 0.668515 0.08683813 -0.2060121 1.07816 0.1335224 -0.1850708 1.407953 0.2406296 -0.05341296 0.6772001 0.1431054 -0.009917779 1.087229 0.1234034 -0.04172144 1.408401 0.2541131  O_Hello_SoClose
-0.1267352 -0.004207611 0.185202 -0.2025203 0.08864629 0.1812137 -0.3884661 0.3316983 0.2082618 -0.4589807 0.6287172 0.1645015 -0.07012646 0.09542799 0.2207502 0.2612004 0.2097406 0.1626166 0.507113 0.03159904 0.1087941 -0.1367903 0.230821 0.1786307 -0.2290772 0.6681533 0.08787763 -0.2051642 1.077963 0.1332525 -0.1840924 1.407797 0.2402066 -0.05230634 0.6773095 0.1441783 -0.008846683 1.087208 0.1218613 -0.04095052 1.408148 0.2530664  O_Hello_SoClose
-0.1267009 -0.003598809 0.1934069 -0.2023439 0.08932912 0.1885427 -0.38816 0.3327934 0.2142519 -0.4587256 0.6296281 0.1693386 -0.06989281 0.09631038 0.2278522 0.2527563 0.2267506 0.1610287 0.495445 0.05000865 0.09053886 -0.1363924 0.2313645 0.1844057 -0.2280958 0.6678768 0.08922184 -0.2044758 1.077862 0.133139 -0.183418 1.407661 0.2402066 -0.05124424 0.677336 0.1452178 -0.007810099 1.087098 0.1204761 -0.0402054 1.407748 0.2523173  O_Hello_SoClose
-0.1266389 -0.003031731 0.2001394 -0.2021596 0.08995712 0.1945843 -0.3878317 0.3337595 0.2192615 -0.4584593 0.6304241 0.173334 -0.06964843 0.09708667 0.2336639 0.2440455 0.2407676 0.1595529 0.4830433 0.0652442 0.07484233 -0.1360172 0.2318604 0.1891602 -0.2272399 0.6676781 0.09039867 -0.2038597 1.07781 0.1330589 -0.1828174 1.407565 0.2402643 -0.05030338 0.6773648 0.1460866 -0.006883545 1.087001 0.1193146 -0.03950624 1.407394 0.2517213  O_Hello_SoClose
-0.1264731 -0.002569675 0.2069401 -0.201837 0.09052932 0.2011079 -0.3869865 0.3347692 0.2258242 -0.4580134 0.6310314 0.1779546 -0.06910346 0.09767556 0.2394222 0.2292532 0.2595251 0.1552371 0.4655655 0.09328341 0.04741991 -0.1354419 0.232254 0.1942867 -0.2263251 0.6675205 0.09281766 -0.203313 1.07788 0.1334432 -0.1823658 1.407649 0.240621 -0.04907243 0.6772554 0.1474828 -0.005736573 1.08675 0.1185063 -0.03898744 1.406887 0.2513779  O_Hello_SoClose
-0.1261914 -0.001845956 0.2132734 -0.2013962 0.09137869 0.2073964 -0.3858967 0.3360597 0.2326969 -0.4574296 0.6318131 0.1824936 -0.06837963 0.09847367 0.2447256 0.2148562 0.2732121 0.1503304 0.4436253 0.1120254 0.02076185 -0.1347494 0.2329139 0.1992253 -0.2254218 0.6677396 0.09569919 -0.202806 1.078331 0.134137 -0.1819205 1.408192 0.2410473 -0.04776601 0.6774277 0.1490482 -0.004575891 1.08679 0.1180538 -0.0386006 1.406757 0.2511386  O_Hello_SoClose
-0.1256302 -0.001602411 0.2172793 -0.20071 0.09175873 0.2119998 -0.3844214 0.3367789 0.2392477 -0.4563984 0.631898 0.186036 -0.06730942 0.09865797 0.2479714 0.1981989 0.2857867 0.1439685 0.4212944 0.1408656 -0.01201451 -0.1338752 0.2331491 0.2029098 -0.2247471 0.6679725 0.09954965 -0.2025176 1.078768 0.135991 -0.1815635 1.408986 0.2417759 -0.04654269 0.6774052 0.1510834 -0.003680272 1.086732 0.1191849 -0.03869919 1.406919 0.2514809  O_Hello_SoClose
-0.1246043 -0.001901627 0.219468 -0.1995857 0.09160995 0.2156585 -0.3822881 0.3368679 0.2465533 -0.4538809 0.6312553 0.1889504 -0.0656157 0.09816289 0.2495164 0.17743 0.2974454 0.1352118 0.3923348 0.1877635 -0.05685627 -0.1326426 0.2329055 0.2059134 -0.2243465 0.6681935 0.1052793 -0.202608 1.079121 0.1405014 -0.1812225 1.410195 0.2434887 -0.04532556 0.6771533 0.1539906 -0.003456814 1.086657 0.123053 -0.03917043 1.407934 0.252489  O_Hello_SoClose
-0.1236334 -0.002804637 0.2179612 -0.1985798 0.09079075 0.2159451 -0.3804525 0.3360426 0.2505897 -0.4502577 0.630056 0.18902 -0.06412809 0.09698391 0.2479085 0.1617043 0.3041152 0.127798 0.3671699 0.2420331 -0.09363806 -0.1316605 0.2321045 0.2063011 -0.2244283 0.668213 0.1103004 -0.2030798 1.079092 0.1463174 -0.1810667 1.411186 0.2458295 -0.0447133 0.6766656 0.1564807 -0.004375679 1.086565 0.128939 -0.03980641 1.409672 0.2538184  O_Hello_SoClose
-0.1228717 -0.004125357 0.2135671 -0.1978143 0.08949482 0.2134556 -0.3789977 0.3345704 0.2515873 -0.4457262 0.62857 0.1866335 -0.06298713 0.09532928 0.2438668 0.1499094 0.3083868 0.1215667 0.3428974 0.304733 -0.1189467 -0.1309814 0.2308962 0.2045254 -0.2247891 0.6680204 0.1143306 -0.2037436 1.078701 0.152717 -0.1810471 1.411852 0.2484707 -0.04453073 0.6759565 0.1584381 -0.006163104 1.086371 0.1362628 -0.04031919 1.411738 0.2554988  O_Hello_SoClose
-0.122687 -0.005718589 0.2060646 -0.1976445 0.08787549 0.2076834 -0.3783412 0.3326671 0.2483891 -0.440979 0.6271032 0.1813711 -0.06262003 0.09334314 0.2372764 0.1422665 0.3117256 0.1174334 0.3218124 0.3747504 -0.1252505 -0.1308963 0.2293998 0.2001776 -0.2253735 0.6676513 0.1163787 -0.2045915 1.077986 0.158429 -0.1813288 1.412087 0.2506737 -0.04482846 0.6750515 0.1593932 -0.008955283 1.086021 0.1445278 -0.04057781 1.413631 0.2581915  O_Hello_SoClose
-0.1229556 -0.007027388 0.1986583 -0.197925 0.08653092 0.2014092 -0.3783212 0.3310839 0.2434605 -0.4375119 0.626172 0.1761774 -0.062878 0.0916791 0.2309569 0.1375368 0.314894 0.1166471 0.3043814 0.4307564 -0.1153942 -0.1312024 0.2281418 0.1954736 -0.2258068 0.6673112 0.1167787 -0.205156 1.077359 0.1615976 -0.1815868 1.412016 0.251726 -0.045229 0.6742447 0.1597337 -0.01137774 1.08556 0.1509613 -0.04057668 1.414793 0.2605108  O_Hello_SoClose
-0.1236957 -0.008869767 0.1857642 -0.198702 0.08460772 0.1899036 -0.3787613 0.3287638 0.233179 -0.4325254 0.6253198 0.1678222 -0.06378822 0.08923733 0.220138 0.1324296 0.3201048 0.1189975 0.2760935 0.5076421 -0.07923186 -0.1319926 0.2263166 0.186869 -0.2263687 0.6668409 0.1158479 -0.2058167 1.076494 0.1641883 -0.1819431 1.411628 0.2524432 -0.04598431 0.6730178 0.1597208 -0.01498596 1.084652 0.1597413 -0.0405275 1.415935 0.2638887  O_Hello_SoClose
-0.1246762 -0.01069605 0.1660136 -0.1998133 0.08260012 0.1716155 -0.3795771 0.3260602 0.2157396 -0.4261205 0.6254903 0.1584443 -0.06531851 0.08650196 0.2037586 0.1292118 0.3267987 0.1279215 0.2407725 0.5796895 -0.008844018 -0.1331943 0.224375 0.1732086 -0.2270038 0.6665694 0.1125754 -0.2063543 1.075996 0.1627592 -0.1822218 1.410791 0.2522219 -0.0472254 0.6716824 0.1589988 -0.01854329 1.083407 0.1669782 -0.04066275 1.416136 0.267228  O_Hello_SoClose
-0.124989 -0.01137161 0.1533641 -0.2002381 0.08177078 0.1599363 -0.3797973 0.3246988 0.2047971 -0.4227978 0.6258258 0.1539944 -0.06599806 0.08522272 0.1931771 0.1275349 0.329684 0.1328305 0.2233902 0.6053458 0.03319728 -0.1337414 0.2235417 0.1644009 -0.2274176 0.666624 0.1104063 -0.2066148 1.076063 0.1604208 -0.1822553 1.410326 0.2517918 -0.04800634 0.671078 0.1582946 -0.0198587 1.082783 0.1688079 -0.04078988 1.415797 0.2683629  O_Hello_SoClose
-0.1248791 -0.01166689 0.1436003 -0.2002179 0.08133328 0.1510953 -0.3795877 0.3237796 0.1969994 -0.4207123 0.6260622 0.1518158 -0.06610487 0.08444345 0.1848787 0.1258367 0.3312181 0.1339387 0.2125931 0.616779 0.0562681 -0.1338382 0.2230784 0.1576403 -0.2276253 0.66676 0.1090282 -0.2067867 1.076276 0.1583976 -0.1822332 1.410043 0.2515119 -0.04839663 0.6707124 0.1576394 -0.0202003 1.082397 0.1688031 -0.04073242 1.415303 0.2688001  O_Hello_SoClose
-0.1246487 -0.01180756 0.1360673 -0.2000568 0.08107305 0.1443108 -0.3792949 0.3231113 0.1911572 -0.4193886 0.6261646 0.1504291 -0.06602614 0.08391714 0.1784424 0.1243025 0.3322022 0.1340903 0.2053511 0.6232723 0.07233512 -0.1337718 0.2227809 0.1524285 -0.2276902 0.6668759 0.1080254 -0.2068414 1.07648 0.1566504 -0.1821447 1.409794 0.2513393 -0.04857967 0.6704382 0.1570996 -0.02025597 1.082111 0.1683763 -0.04068331 1.414823 0.2690381  O_Hello_SoClose
-0.1243535 -0.01184893 0.1311525 -0.199807 0.08094668 0.1399206 -0.3789747 0.32269 0.1875104 -0.4186686 0.6261843 0.1497878 -0.0658149 0.08361912 0.1742166 0.1231453 0.3327975 0.133552 0.2007615 0.6264983 0.08044851 -0.1335865 0.2226242 0.1490372 -0.2276303 0.6669636 0.1074356 -0.2068031 1.076653 0.1553482 -0.1820329 1.409606 0.2512773 -0.04857497 0.670274 0.1567286 -0.02009462 1.081943 0.1677245 -0.04064343 1.414426 0.2691168  O_Hello_SoClose
-0.1240415 -0.01182568 0.1279668 -0.1995281 0.08091319 0.1370453 -0.3787096 0.3224169 0.1852845 -0.4183132 0.6261389 0.1493405 -0.06557058 0.08347821 0.1714844 0.1225122 0.3331547 0.1328543 0.1981617 0.6282411 0.08483779 -0.133354 0.2225688 0.1468152 -0.227474 0.6670527 0.1069649 -0.2067188 1.076792 0.1544784 -0.1819587 1.409308 0.2519149 -0.04846833 0.6702049 0.1564478 -0.01991509 1.081874 0.1672653 -0.04086147 1.414004 0.269729  O_Hello_SoClose
