-0.000624461 -1.442432E-05 1.175224 -0.06979303 0.09525096 1.198058 -0.4182072 0.1404331 1.197746 -0.7266022 0.1404334 1.197745 0.0685441 0.09525084 1.198369 0.4169262 0.140432 1.19868 0.7253161 0.1404322 1.198679 -0.0006244014 0.2351424 1.184389 -0.09336059 0.6801612 1.147365 -0.1013278 1.092915 1.159427 -0.09894632 1.440007 1.173408 0.09234674 0.6800331 1.151147 0.1003121 1.092748 1.148588 0.09770389 1.440058 1.173418  O_Hello_SoClose
-0.08151464 -0.00847888 1.091924 -0.1599025 0.08144355 1.104189 -0.3501035 0.3136927 1.163109 -0.4391851 0.6059762 1.121367 -0.02645747 0.0865159 1.140299 0.188084 0.3322544 1.111116 0.3390679 0.5978982 1.069384 -0.09821235 0.224457 1.12099 -0.2054995 0.6672301 1.099685 -0.197235 1.072549 1.178568 -0.1817353 1.41021 1.258686 -0.02720658 0.6735792 1.151385 -0.01521455 1.084878 1.184446 -0.04303704 1.419346 1.27721  O_Hello_SoClose
-0.0809394 -0.00794065 1.08361 -0.15942 0.08169305 1.097312 -0.35011 0.3130862 1.158541 -0.4396747 0.6052958 1.117319 -0.02574073 0.08667791 1.132558 0.1930656 0.3309944 1.103179 0.3546811 0.5902523 1.061106 -0.09790049 0.2246575 1.115125 -0.2062114 0.6674003 1.098996 -0.1975762 1.07281 1.177372 -0.1817963 1.410062 1.259139 -0.02758114 0.6735979 1.149536 -0.01520805 1.084831 1.183262 -0.04289178 1.418999 1.277142  O_Hello_SoClose
-0.08013396 -0.007101655 1.068648 -0.1587451 0.08194125 1.085164 -0.3503084 0.3117142 1.150744 -0.440805 0.6038124 1.110788 -0.02458374 0.08681309 1.118544 0.2041517 0.3271697 1.088873 0.3885718 0.5709188 1.047886 -0.0975145 0.2247987 1.104744 -0.2077302 0.6673205 1.098465 -0.1984721 1.07252 1.17785 -0.1821183 1.409505 1.260601 -0.02840344 0.6733032 1.146503 -0.01485757 1.084489 1.18036 -0.04239921 1.417982 1.276648  O_Hello_SoClose
-0.08023845 -0.006836772 1.062665 -0.1588729 0.08188319 1.080735 -0.3509226 0.3109058 1.148332 -0.4420359 0.60295 1.109395 -0.0243933 0.0867722 1.112807 0.2134088 0.3226359 1.083479 0.4156574 0.5523568 1.045689 -0.09775935 0.2247057 1.100926 -0.2089952 0.6670146 1.099559 -0.1993638 1.071086 1.184459 -0.1824684 1.409153 1.262557 -0.02920757 0.6729907 1.145843 -0.01419876 1.084271 1.17788 -0.04184369 1.417293 1.275758  O_Hello_SoClose
-0.08076255 -0.006978512 1.062137 -0.1593823 0.08165085 1.080708 -0.3516859 0.3105365 1.148606 -0.4429211 0.6026086 1.110167 -0.02476458 0.08658767 1.112188 0.2193629 0.3188043 1.083103 0.433065 0.5383639 1.048041 -0.09828691 0.2244853 1.100869 -0.2098611 0.6667111 1.10075 -0.1998359 1.070543 1.186739 -0.1825484 1.409047 1.262829 -0.02987306 0.6727456 1.146241 -0.01384131 1.084122 1.176504 -0.04165272 1.416926 1.275073  O_Hello_SoClose
-0.08159672 -0.007340193 1.06401 -0.1601844 0.08128905 1.082718 -0.3527 0.3102921 1.150191 -0.4438655 0.6024357 1.112132 -0.02547513 0.08629501 1.113793 0.2252074 0.3143115 1.085052 0.4500483 0.5229828 1.053316 -0.0990669 0.2241611 1.102542 -0.2107572 0.6663575 1.102274 -0.2002531 1.070325 1.187567 -0.1825533 1.40909 1.26239 -0.03063653 0.6724883 1.147224 -0.01351885 1.083976 1.175302 -0.04156153 1.416628 1.27432  O_Hello_SoClose
-0.08244775 -0.007758975 1.065971 -0.1610011 0.0808723 1.084813 -0.3537354 0.3099997 1.151834 -0.4448293 0.6022161 1.114166 -0.02619998 0.08594859 1.115475 0.2310601 0.3093951 1.087201 0.4666997 0.5063943 1.059458 -0.09986053 0.2237829 1.104285 -0.2116638 0.6659507 1.103835 -0.2006702 1.070056 1.188407 -0.1825466 1.409083 1.261935 -0.03140984 0.6721793 1.148234 -0.01318352 1.083767 1.174057 -0.04147867 1.416263 1.273525  O_Hello_SoClose
-0.08406143 -0.008345246 1.071307 -0.1625345 0.08045912 1.089661 -0.3554164 0.3101282 1.155085 -0.4459438 0.6025426 1.117586 -0.027732 0.08557582 1.12031 0.2364352 0.3036236 1.09215 0.482396 0.4880564 1.067815 -0.1012634 0.223416 1.108369 -0.2126563 0.6656783 1.105523 -0.2013131 1.069957 1.189216 -0.1829265 1.408983 1.262684 -0.03240142 0.6719791 1.149907 -0.01309632 1.083638 1.173736 -0.04152618 1.416045 1.273461  O_Hello_SoClose
-0.08758275 -0.009602785 1.08289 -0.165876 0.07958245 1.100132 -0.3590463 0.3104165 1.162036 -0.4483518 0.6032412 1.124812 -0.03107969 0.08477974 1.130794 0.24704 0.2904584 1.103235 0.5123456 0.4468943 1.087574 -0.10431 0.2226229 1.117157 -0.2147562 0.6650553 1.108937 -0.2026308 1.069685 1.190803 -0.1836685 1.408739 1.263993 -0.03451262 0.6715049 1.153346 -0.01292769 1.083271 1.173003 -0.04161934 1.415506 1.273227  O_Hello_SoClose
-0.08999912 -0.01028359 1.090298 -0.1681681 0.07917595 1.106662 -0.361438 0.310789 1.16622 -0.4498502 0.6038633 1.128826 -0.03340749 0.08441186 1.137475 0.2522264 0.2823905 1.109604 0.5269149 0.4220692 1.09775 -0.1063876 0.2222544 1.122551 -0.2160824 0.6647829 1.110384 -0.2034143 1.069571 1.19138 -0.1840296 1.408745 1.263903 -0.03589247 0.6713135 1.154999 -0.01311324 1.083109 1.172569 -0.04181413 1.415299 1.27294  O_Hello_SoClose
-0.09244089 -0.01093686 1.097824 -0.1704804 0.07879448 1.113291 -0.3638447 0.3111817 1.170451 -0.4513802 0.6044978 1.132892 -0.03575645 0.08406997 1.144256 0.2571292 0.2738855 1.116405 0.5401419 0.3961872 1.109297 -0.1084785 0.2219011 1.128024 -0.2173974 0.6644924 1.111835 -0.2041771 1.06944 1.191945 -0.1843635 1.408733 1.263788 -0.03726218 0.6711056 1.156658 -0.01326327 1.082917 1.172106 -0.04197768 1.415061 1.272625  O_Hello_SoClose
-0.09444563 -0.01141763 1.10373 -0.1723809 0.078529 1.118455 -0.3657486 0.311533 1.173733 -0.4527289 0.6049951 1.136025 -0.0376824 0.08385253 1.149523 0.260868 0.2666626 1.121295 0.5499504 0.3739976 1.117423 -0.1102026 0.2216572 1.132201 -0.2185114 0.6642623 1.112645 -0.2048319 1.069311 1.192163 -0.1846613 1.408677 1.263563 -0.03841428 0.6709649 1.157607 -0.0134397 1.082776 1.171449 -0.04215429 1.414832 1.272254  O_Hello_SoClose
-0.09681027 -0.01190877 1.110422 -0.1746248 0.07828236 1.124265 -0.3679204 0.3119956 1.17741 -0.4544003 0.6055804 1.139506 -0.03995143 0.08367872 1.155429 0.2650057 0.2577753 1.126363 0.5603533 0.3465097 1.125689 -0.1122444 0.2214332 1.136805 -0.2198615 0.6640097 1.113203 -0.2056359 1.069148 1.192166 -0.1850413 1.408574 1.26316 -0.03980235 0.6708401 1.158298 -0.01370399 1.082637 1.170384 -0.04240654 1.41454 1.271698  O_Hello_SoClose
-0.09880053 -0.0122782 1.116096 -0.176511 0.07811487 1.129186 -0.369742 0.3124176 1.180512 -0.4558021 0.6061045 1.142444 -0.04185901 0.08357334 1.160432 0.2682091 0.2500465 1.13091 0.5678721 0.3228432 1.133581 -0.1139571 0.221276 1.140703 -0.2209811 0.6637996 1.113662 -0.2062939 1.069013 1.192151 -0.1853412 1.408489 1.2628 -0.04095409 0.6707391 1.158868 -0.01390074 1.082515 1.169464 -0.04259495 1.414287 1.271209  O_Hello_SoClose
-0.07377051 -0.01238668 1.140594 -0.1524688 0.07799232 1.144994 -0.3439139 0.3135928 1.178185 -0.4204372 0.6071193 1.122562 -0.01914178 0.08654773 1.180882 0.3021112 0.08419991 1.073856 0.2988839 -0.2197596 1.021869 -0.09126632 0.222118 1.149767 -0.1998552 0.6611353 1.090735 -0.1989104 1.065324 1.175617 -0.1901773 1.403933 1.2527 -0.02172844 0.6724325 1.142162 -0.004353447 1.084789 1.150146 -0.03607122 1.411834 1.265402  O_Hello_SoClose
-0.0736147 -0.012851 1.134851 -0.1522538 0.07754052 1.139992 -0.342418 0.3133488 1.172948 -0.4177997 0.6070011 1.116437 -0.01871137 0.08594465 1.175106 0.2977362 0.08108974 1.058454 0.2526316 -0.219183 1.004544 -0.09097378 0.2216311 1.144829 -0.1997613 0.6608585 1.087757 -0.1984512 1.064652 1.174497 -0.1893085 1.402925 1.252995 -0.02132599 0.6719433 1.138151 -0.005214376 1.084213 1.151469 -0.03632651 1.411722 1.265565  O_Hello_SoClose
-0.07382636 -0.01325953 1.131336 -0.1524036 0.07715833 1.136937 -0.3415769 0.3131628 1.170064 -0.4164621 0.6069834 1.113768 -0.01871024 0.08545542 1.171499 0.2945015 0.07955635 1.048515 0.2186477 -0.2145126 0.9949049 -0.09104083 0.2212157 1.141719 -0.1998772 0.6605703 1.085731 -0.1981123 1.064113 1.173621 -0.1885031 1.402176 1.252963 -0.0212255 0.6715069 1.135385 -0.005926175 1.083671 1.152414 -0.03662584 1.41157 1.265498  O_Hello_SoClose
-0.07431374 -0.01369393 1.129309 -0.1528192 0.0767678 1.135202 -0.3410915 0.3130056 1.169028 -0.4159117 0.607101 1.114099 -0.0189961 0.08498752 1.169277 0.2917796 0.07901216 1.04129 0.1888582 -0.2069007 0.9887027 -0.09135835 0.2207903 1.139769 -0.200151 0.6602095 1.084205 -0.1977849 1.063595 1.172801 -0.1875869 1.40153 1.252612 -0.02131335 0.6710425 1.133208 -0.006622238 1.083101 1.153089 -0.03702436 1.411376 1.265156  O_Hello_SoClose
-0.07491361 -0.01412535 1.128412 -0.1533557 0.07637906 1.134487 -0.3408228 0.312845 1.169327 -0.4157596 0.6072555 1.116276 -0.0194159 0.08456445 1.168108 0.2892512 0.07893372 1.035712 0.1627021 -0.197578 0.9844183 -0.09181117 0.220376 1.138722 -0.2005783 0.6597983 1.083133 -0.1975846 1.063081 1.172175 -0.1867838 1.400936 1.252244 -0.02157329 0.6705885 1.13153 -0.007258696 1.082552 1.153547 -0.03738664 1.411112 1.264851  O_Hello_SoClose
-0.07566343 -0.01456583 1.128765 -0.1540498 0.07598269 1.134905 -0.3407759 0.3126818 1.171164 -0.4160323 0.6074595 1.120666 -0.02000217 0.08418047 1.16809 0.2868706 0.07938695 1.031723 0.1393455 -0.1867524 0.9816173 -0.09243445 0.2199626 1.138659 -0.2011985 0.6593174 1.082533 -0.1975198 1.062557 1.171746 -0.1860736 1.400383 1.251849 -0.02203856 0.6701312 1.130349 -0.007865114 1.082021 1.153786 -0.03775482 1.410777 1.264573  O_Hello_SoClose
-0.07704191 -0.01524997 1.131184 -0.1553761 0.07534575 1.137293 -0.3410375 0.3123679 1.176052 -0.4171546 0.6076179 1.129779 -0.02116869 0.08365691 1.169798 0.2831345 0.08069921 1.02765 0.1075452 -0.1680497 0.9786934 -0.09370874 0.2193248 1.140108 -0.2026351 0.6584523 1.082535 -0.1977572 1.061717 1.171576 -0.1852089 1.399575 1.25138 -0.02324514 0.6694332 1.129442 -0.008754237 1.081247 1.153994 -0.03816579 1.410195 1.264337  O_Hello_SoClose
-0.07816903 -0.01574886 1.133891 -0.1564819 0.07487094 1.139913 -0.3413794 0.3121089 1.180662 -0.4182711 0.6076541 1.137671 -0.02216093 0.08331144 1.171912 0.2803035 0.08196175 1.025671 0.08644505 -0.1530565 0.9778198 -0.0948063 0.2188598 1.141934 -0.2039386 0.6577542 1.08299 -0.1981057 1.061083 1.171685 -0.1846919 1.399001 1.25109 -0.02438454 0.6689216 1.12922 -0.009394808 1.080701 1.154056 -0.03840415 1.409737 1.264244  O_Hello_SoClose
-0.07912336 -0.01615536 1.137174 -0.1574639 0.0744499 1.143054 -0.341755 0.3118162 1.185276 -0.4196253 0.6074483 1.144713 -0.02306776 0.08307183 1.174686 0.2780238 0.08314908 1.025461 0.07183565 -0.1411129 0.9775294 -0.09585153 0.2184739 1.144385 -0.2053376 0.6570949 1.084079 -0.1986109 1.060533 1.172209 -0.1844051 1.398547 1.251069 -0.02567439 0.6685176 1.129819 -0.009951336 1.080304 1.154078 -0.03849969 1.409423 1.26414  O_Hello_SoClose
-0.08003668 -0.01653254 1.140299 -0.1584042 0.07405829 1.146043 -0.3421013 0.3115423 1.18966 -0.4208598 0.607252 1.151447 -0.02393739 0.08285236 1.177326 0.2757892 0.08426988 1.025266 0.05833979 -0.129263 0.9781083 -0.09685419 0.2181134 1.146716 -0.2066818 0.6564685 1.085111 -0.1991025 1.06001 1.172698 -0.1841421 1.398113 1.251032 -0.02691601 0.6681338 1.130385 -0.01049135 1.079925 1.154083 -0.03860031 1.409123 1.264022  O_Hello_SoClose
-0.08123975 -0.01703048 1.144136 -0.1596774 0.07351363 1.149651 -0.3424721 0.3111578 1.194374 -0.4223509 0.6068771 1.158639 -0.02516435 0.08255231 1.180663 0.2728636 0.08497834 1.025662 0.04351516 -0.1159834 0.9796394 -0.09825419 0.2176245 1.149635 -0.2085774 0.6556305 1.086452 -0.1999615 1.059269 1.173494 -0.1840956 1.397451 1.251308 -0.02874361 0.6676367 1.131365 -0.0112683 1.079457 1.153773 -0.03881161 1.408607 1.263998  O_Hello_SoClose
-0.08171533 -0.01726365 1.145051 -0.1601839 0.07325971 1.150468 -0.3425323 0.3109843 1.195452 -0.4227762 0.606716 1.160651 -0.02567158 0.08238065 1.18146 0.2716828 0.08461893 1.025653 0.03813108 -0.1117325 0.9808854 -0.09881048 0.2173917 1.150281 -0.2092902 0.6552863 1.086602 -0.2003267 1.05892 1.173632 -0.1841611 1.397094 1.25142 -0.02945708 0.6674066 1.131487 -0.01157443 1.079245 1.153225 -0.03896264 1.408255 1.263907  O_Hello_SoClose
-0.08212166 -0.01749241 1.145222 -0.1606188 0.07301152 1.15055 -0.3425058 0.3108209 1.195597 -0.4229942 0.6065741 1.16155 -0.02612506 0.08218741 1.181606 0.2706669 0.08370769 1.025461 0.0339069 -0.1091379 0.9823374 -0.09928636 0.2171608 1.150318 -0.2098579 0.6549897 1.086346 -0.2006592 1.058576 1.173568 -0.1842954 1.396704 1.251516 -0.03005133 0.6671852 1.131317 -0.01182411 1.079046 1.152342 -0.03913919 1.407816 1.26375  O_Hello_SoClose
-0.08210133 -0.0175544 1.143684 -0.1605911 0.07295418 1.149041 -0.3424384 0.3107735 1.193885 -0.4227853 0.6065508 1.159714 -0.02612363 0.0820781 1.180226 0.2707949 0.08276033 1.024757 0.03500452 -0.1114211 0.9823202 -0.09923904 0.2170955 1.14902 -0.2096951 0.6550088 1.085428 -0.2006439 1.058501 1.173101 -0.1844152 1.396544 1.251447 -0.02992688 0.667131 1.130572 -0.01165549 1.07899 1.151583 -0.03904245 1.407544 1.263612  O_Hello_SoClose
-0.08207814 -0.01761627 1.14198 -0.1605597 0.07289743 1.147369 -0.3423625 0.3107278 1.191988 -0.4225517 0.6065323 1.157682 -0.02612154 0.08196354 1.178697 0.2709312 0.08171749 1.023979 0.03621574 -0.1139321 0.9823335 -0.09918635 0.2170295 1.147582 -0.2095151 0.6550358 1.084412 -0.200628 1.058423 1.172584 -0.1845493 1.39637 1.25137 -0.02978943 0.6670766 1.129747 -0.01146863 1.078935 1.150742 -0.03893326 1.407247 1.263458  O_Hello_SoClose
-0.08197086 -0.01763391 1.135117 -0.160411 0.07290411 1.140697 -0.3425485 0.3106467 1.18443 -0.4219572 0.6065068 1.148814 -0.02608226 0.08171237 1.172563 0.2721715 0.07840335 1.021388 0.04596426 -0.1274273 0.9817833 -0.09894268 0.2169908 1.141895 -0.2087474 0.6553999 1.080634 -0.2005557 1.058392 1.170663 -0.1851175 1.395979 1.251103 -0.02918045 0.6670779 1.126688 -0.01087521 1.078894 1.148507 -0.03869234 1.406494 1.26319  O_Hello_SoClose
-0.08206277 -0.01757514 1.131007 -0.1604757 0.07298028 1.13669 -0.342952 0.310644 1.179732 -0.4216681 0.6065351 1.142857 -0.0262203 0.08162463 1.168908 0.2730422 0.07634866 1.020352 0.05426319 -0.1375602 0.9818405 -0.09894602 0.2170342 1.138501 -0.2084065 0.6556885 1.078389 -0.2006114 1.058455 1.169457 -0.1855484 1.395832 1.250841 -0.02894614 0.6671363 1.124913 -0.01065384 1.078912 1.147488 -0.03864209 1.40618 1.263075  O_Hello_SoClose
-0.08225714 -0.01750207 1.127943 -0.1606485 0.0730679 1.133687 -0.3434364 0.3106647 1.176089 -0.4214674 0.6065813 1.137984 -0.02645491 0.08158541 1.166196 0.2737168 0.07467341 1.019936 0.06196387 -0.1463511 0.9823416 -0.09907036 0.2170947 1.13597 -0.208251 0.6559328 1.076697 -0.2007311 1.058538 1.168498 -0.185937 1.395763 1.25056 -0.02888022 0.6672024 1.123608 -0.01058052 1.07894 1.146867 -0.03866092 1.40601 1.262989  O_Hello_SoClose
-0.08247261 -0.01742506 1.12509 -0.1608433 0.07315946 1.130887 -0.3439347 0.310692 1.172646 -0.4212704 0.6066321 1.133325 -0.02670924 0.08155656 1.163671 0.2743177 0.07304311 1.01966 0.06964137 -0.1547383 0.9832243 -0.09921961 0.217159 1.133612 -0.2081342 0.6561677 1.075118 -0.2008668 1.058623 1.167591 -0.1863222 1.395707 1.250278 -0.02884958 0.6672687 1.122397 -0.01053051 1.078969 1.146297 -0.03868685 1.40586 1.262903  O_Hello_SoClose
-0.08351295 -0.0172323 1.121491 -0.1618441 0.07338643 1.127289 -0.3456999 0.3108044 1.167269 -0.4211859 0.6067504 1.124545 -0.02781854 0.08159649 1.160561 0.2752293 0.06944215 1.021808 0.08885629 -0.1736259 0.9859275 -0.1001361 0.2173363 1.130657 -0.2085614 0.6565899 1.0731 -0.2015243 1.058899 1.166228 -0.1872625 1.395824 1.249605 -0.02943389 0.6674307 1.121031 -0.0108128 1.079063 1.145845 -0.03884153 1.405854 1.262764  O_Hello_SoClose
-0.08393149 -0.01715207 1.120405 -0.1622456 0.07348168 1.126199 -0.3464219 0.310855 1.165429 -0.4211636 0.6067827 1.121293 -0.02825723 0.08162415 1.159636 0.2755479 0.06795609 1.02302 0.09731562 -0.1811528 0.9872078 -0.1005037 0.2174119 1.129778 -0.2087452 0.6567498 1.07252 -0.2017976 1.059026 1.165793 -0.1876484 1.395912 1.24935 -0.02967159 0.6674966 1.120673 -0.01090954 1.07911 1.145684 -0.03888599 1.405875 1.262689  O_Hello_SoClose
-0.08433704 -0.01707339 1.119963 -0.1626327 0.07357705 1.125744 -0.3471485 0.310912 1.164196 -0.4211989 0.6067885 1.118576 -0.02866922 0.08166683 1.159294 0.2758484 0.06645596 1.024779 0.1065861 -0.1887072 0.9880856 -0.1008572 0.2174896 1.129453 -0.208941 0.6568868 1.072352 -0.2020749 1.059177 1.165572 -0.1880325 1.396064 1.249143 -0.02990334 0.6675613 1.120654 -0.01097159 1.079173 1.145574 -0.03889595 1.405937 1.262592  O_Hello_SoClose
-0.08481364 -0.0169816 1.119439 -0.1630877 0.07368839 1.125205 -0.3479966 0.3109752 1.162747 -0.4212192 0.6067898 1.115422 -0.02915333 0.08171654 1.158886 0.2761489 0.06470275 1.026832 0.1176129 -0.1971836 0.9895972 -0.1012729 0.21758 1.129066 -0.2091727 0.6570461 1.072148 -0.2024012 1.059353 1.165305 -0.1884835 1.396241 1.248892 -0.03017722 0.6676362 1.120625 -0.01104681 1.079245 1.145438 -0.03890983 1.406009 1.262472  O_Hello_SoClose
-0.08515714 -0.01687419 1.119403 -0.1633992 0.07382357 1.125169 -0.348786 0.3110603 1.161678 -0.4212036 0.6067568 1.112415 -0.02948473 0.08177865 1.158946 0.2765746 0.06261027 1.029628 0.1323527 -0.2072572 0.9912075 -0.10153 0.2176882 1.129156 -0.2092163 0.6572307 1.072423 -0.2026599 1.05959 1.165367 -0.1889752 1.396513 1.248852 -0.03024994 0.6677211 1.121029 -0.0109453 1.079351 1.145357 -0.03883825 1.40609 1.262452  O_Hello_SoClose
-0.08527379 -0.01667798 1.120641 -0.1634373 0.07408476 1.126449 -0.3497956 0.3112377 1.161108 -0.421059 0.6066126 1.108357 -0.02952777 0.08189499 1.16028 0.2776031 0.05852473 1.0359 0.165835 -0.2259144 0.9945868 -0.1014419 0.2178913 1.130568 -0.208718 0.6575726 1.074134 -0.2028493 1.060112 1.166344 -0.1898402 1.397178 1.249356 -0.02975963 0.6678669 1.122811 -0.01027857 1.079593 1.145296 -0.03850118 1.406212 1.262648  O_Hello_SoClose
-0.08465032 -0.01657832 1.122502 -0.1627472 0.07423675 1.128387 -0.3497836 0.3113567 1.162285 -0.4208267 0.606506 1.107996 -0.02880804 0.08194733 1.162123 0.2787271 0.05612922 1.040445 0.1917783 -0.2365117 0.9967917 -0.1006499 0.2179998 1.132494 -0.2076642 0.6577676 1.076238 -0.2025708 1.060483 1.167721 -0.1902631 1.397707 1.250198 -0.02866386 0.6679277 1.124788 -0.009305043 1.079774 1.145069 -0.03810654 1.40619 1.262843  O_Hello_SoClose
-0.08418982 -0.01652575 1.123872 -0.1622427 0.07432437 1.1298 -0.3497381 0.3114239 1.163326 -0.420746 0.606438 1.108261 -0.02828304 0.08197331 1.163468 0.2795347 0.05465698 1.043596 0.2094162 -0.2422872 0.998741 -0.1000784 0.2180593 1.133881 -0.2069227 0.6578773 1.077695 -0.2023499 1.060716 1.168661 -0.1905095 1.398052 1.250746 -0.02789317 0.6679548 1.126155 -0.00863455 1.079879 1.144895 -0.03784303 1.406144 1.262987  O_Hello_SoClose
-0.08351617 -0.01649082 1.12585 -0.1615206 0.07439947 1.131801 -0.3495614 0.3114861 1.165337 -0.4209207 0.6063925 1.110151 -0.02753483 0.08199346 1.165378 0.2807312 0.05339491 1.04756 0.2297474 -0.2472199 1.001346 -0.09928314 0.2181051 1.135795 -0.205949 0.6579576 1.079539 -0.2019747 1.060959 1.169809 -0.1906587 1.398447 1.251344 -0.02688239 0.6679627 1.127878 -0.007789476 1.079979 1.144648 -0.0375335 1.406028 1.263205  O_Hello_SoClose
-0.08267747 -0.01646364 1.128411 -0.1606215 0.07447731 1.134376 -0.3493508 0.3115478 1.167961 -0.4211805 0.6063257 1.112699 -0.02660571 0.08200526 1.167848 0.2822671 0.05184162 1.05275 0.2557405 -0.2517302 1.00537 -0.09829281 0.2181467 1.138253 -0.204731 0.6580372 1.081864 -0.2014965 1.061246 1.171235 -0.1908285 1.398926 1.252056 -0.02562176 0.6679558 1.130062 -0.006731732 1.080076 1.144338 -0.03713743 1.40585 1.263478  O_Hello_SoClose
-0.08197986 -0.01646984 1.131482 -0.159876 0.07451999 1.137329 -0.3492556 0.3115957 1.171297 -0.4218463 0.606305 1.116667 -0.02585809 0.08201861 1.1708 0.284299 0.05087996 1.059458 0.2816429 -0.2538338 1.012055 -0.09747122 0.218161 1.14103 -0.2036728 0.6580369 1.084084 -0.2009678 1.061481 1.172404 -0.1907633 1.399379 1.25237 -0.02456103 0.6679208 1.13228 -0.005749388 1.080121 1.144131 -0.03675596 1.405671 1.263728  O_Hello_SoClose
-0.0815507 -0.01648116 1.133363 -0.1594173 0.07453847 1.139138 -0.3491958 0.3116143 1.17334 -0.4222539 0.6062796 1.119097 -0.02539806 0.08201909 1.172606 0.2855105 0.05028057 1.063576 0.2974645 -0.2542541 1.016456 -0.09696572 0.2181618 1.14273 -0.2030216 0.6580287 1.085442 -0.2006414 1.061615 1.173117 -0.1907211 1.399646 1.252558 -0.0239083 0.6678911 1.133636 -0.005144937 1.080134 1.143999 -0.03651391 1.405545 1.263879  O_Hello_SoClose
-0.08132903 -0.01652062 1.136304 -0.159158 0.0745424 1.141899 -0.349447 0.3116344 1.176627 -0.4233131 0.6062621 1.123281 -0.02515392 0.08201325 1.17543 0.287571 0.04995334 1.071003 0.3210487 -0.2532068 1.025424 -0.09664427 0.2181431 1.145311 -0.2024718 0.6579708 1.087305 -0.2002956 1.061763 1.174034 -0.1905594 1.39998 1.252702 -0.02338062 0.6678255 1.135583 -0.004400117 1.080108 1.143738 -0.03619401 1.405396 1.263842  O_Hello_SoClose
-0.08125381 -0.01656115 1.138572 -0.1590555 0.07453454 1.144014 -0.3497136 0.3116387 1.179183 -0.4242257 0.60624 1.126594 -0.02506684 0.08200204 1.177608 0.2891383 0.0498265 1.076981 0.3387924 -0.2513715 1.033179 -0.09649573 0.2181185 1.147283 -0.2021458 0.65791 1.088683 -0.2000588 1.061856 1.174695 -0.190406 1.400211 1.252773 -0.02307717 0.6677643 1.137044 -0.003862185 1.080066 1.143519 -0.03595231 1.405278 1.263748  O_Hello_SoClose
-0.08164112 -0.01668489 1.142991 -0.1593881 0.07447326 1.148164 -0.3506501 0.3115931 1.184493 -0.4266452 0.606117 1.133622 -0.02542548 0.08192623 1.181865 0.2924022 0.05028594 1.090416 0.374246 -0.244572 1.052144 -0.09673731 0.2180231 1.151178 -0.2020455 0.6577549 1.091525 -0.1998563 1.062027 1.175989 -0.1901917 1.400608 1.25308 -0.02301489 0.6675974 1.14003 -0.003039701 1.079902 1.143087 -0.03567801 1.405063 1.263308  O_Hello_SoClose
-0.08201729 -0.01676869 1.14531 -0.1597349 0.07442188 1.150351 -0.3512748 0.3115431 1.187394 -0.4281345 0.6060117 1.137511 -0.02578459 0.08186448 1.184103 0.2940733 0.0507499 1.098138 0.3927297 -0.2394184 1.063879 -0.09703563 0.2179531 1.153239 -0.2021649 0.6576574 1.093068 -0.1998278 1.062109 1.176664 -0.1900976 1.400794 1.253291 -0.02315233 0.6674898 1.141641 -0.00267343 1.079779 1.142852 -0.03559516 1.404946 1.262981  O_Hello_SoClose
-0.08855002 -0.01725078 1.154127 -0.1663236 0.0738225 1.160296 -0.3549417 0.3112676 1.197777 -0.4291123 0.6061987 1.146572 -0.03234623 0.08096528 1.194005 0.3013657 0.06859827 1.141753 0.4846439 -0.1793563 1.147406 -0.1037175 0.2173533 1.164785 -0.2091976 0.6576525 1.109802 -0.2026067 1.063172 1.187808 -0.1886886 1.40322 1.257437 -0.03014539 0.667044 1.158316 -0.005034788 1.079044 1.15295 -0.03871338 1.407065 1.264826  O_Hello_SoClose
-0.08829658 -0.01712406 1.153476 -0.1660998 0.07392097 1.159689 -0.3547689 0.3112879 1.197236 -0.4288333 0.6062154 1.145859 -0.03212379 0.08109188 1.193397 0.3014911 0.06870174 1.140717 0.4828814 -0.1806462 1.145958 -0.1035406 0.2174702 1.164243 -0.2091667 0.6577604 1.10947 -0.2027151 1.063188 1.187967 -0.1888119 1.403276 1.257396 -0.03011612 0.6671879 1.157983 -0.005313439 1.079218 1.153553 -0.03901879 1.407283 1.265289  O_Hello_SoClose
-0.0877081 -0.01695788 1.152023 -0.1655509 0.07404649 1.158336 -0.3543706 0.3112848 1.196076 -0.4284978 0.6061327 1.144334 -0.03156988 0.08124804 1.192018 0.30176 0.06822824 1.139072 0.4802254 -0.1832374 1.143488 -0.1030552 0.2176198 1.163001 -0.2088927 0.6579106 1.108642 -0.2025431 1.063375 1.186957 -0.1888983 1.403303 1.257218 -0.02983473 0.6673759 1.157121 -0.005436404 1.07944 1.153763 -0.03913621 1.407369 1.2659  O_Hello_SoClose
-0.0871949 -0.01681018 1.150758 -0.165072 0.07415879 1.157156 -0.3540229 0.3112848 1.195064 -0.4282029 0.6060638 1.143005 -0.03108679 0.08138704 1.190816 0.3019923 0.06781876 1.137639 0.4778868 -0.1854637 1.141326 -0.1026317 0.2177529 1.161919 -0.2086535 0.6580439 1.107921 -0.2023929 1.06354 1.186077 -0.1889764 1.403327 1.257062 -0.02958898 0.6675423 1.15637 -0.005542798 1.079634 1.153946 -0.03923826 1.407443 1.266433  O_Hello_SoClose
-0.08655678 -0.01665676 1.149479 -0.1644662 0.07428086 1.15593 -0.3535813 0.3113093 1.193911 -0.4279766 0.6059643 1.141458 -0.03047906 0.08154213 1.189575 0.3023205 0.0673461 1.136107 0.4755598 -0.1877714 1.138866 -0.1020775 0.2178955 1.160752 -0.2082669 0.6581728 1.106972 -0.2023006 1.063562 1.185704 -0.1890945 1.403308 1.256923 -0.02919935 0.6677139 1.155401 -0.005414231 1.079823 1.153478 -0.03905187 1.407459 1.266489  O_Hello_SoClose
-0.08586745 -0.01649785 1.148168 -0.1638092 0.07440889 1.154664 -0.3531021 0.3113425 1.192691 -0.4277663 0.6058536 1.139814 -0.02982084 0.08170605 1.188296 0.3026818 0.06684494 1.134516 0.4731656 -0.1901309 1.136263 -0.1014723 0.2180444 1.159533 -0.2078281 0.6583036 1.105935 -0.2022233 1.063541 1.185473 -0.1892242 1.403275 1.256786 -0.02875845 0.6678914 1.154346 -0.005213184 1.080016 1.152807 -0.03877453 1.407456 1.266404  O_Hello_SoClose
-0.08447032 -0.01617992 1.145706 -0.1624772 0.07466888 1.152231 -0.3521537 0.3114243 1.190237 -0.4274173 0.6056404 1.136574 -0.0284975 0.08204699 1.18588 0.3033729 0.06583905 1.131253 0.4680123 -0.1949253 1.130752 -0.1002427 0.2183465 1.157166 -0.2069051 0.6585524 1.103741 -0.2019527 1.063546 1.18455 -0.1894188 1.403184 1.256402 -0.02784727 0.6682469 1.152174 -0.004729731 1.080397 1.151145 -0.0381739 1.407393 1.266051  O_Hello_SoClose
-0.08321171 -0.01591063 1.143919 -0.1612762 0.0748961 1.150339 -0.3513513 0.3115237 1.188069 -0.4272764 0.6054707 1.133864 -0.02732925 0.08236587 1.184098 0.3039071 0.06494141 1.128226 0.462752 -0.1993768 1.125308 -0.09912835 0.2186116 1.155264 -0.2059984 0.6587331 1.101557 -0.2014555 1.063666 1.182697 -0.1894629 1.403053 1.255814 -0.02698712 0.6685515 1.150138 -0.004124207 1.080716 1.14897 -0.03754209 1.4072 1.265329  O_Hello_SoClose
-0.08170609 -0.01559532 1.141954 -0.1598425 0.07516539 1.148147 -0.3504458 0.311656 1.185336 -0.4272307 0.6052895 1.130647 -0.02595155 0.08276796 1.182098 0.3043511 0.06386185 1.123816 0.4548585 -0.205227 1.117251 -0.09780084 0.2189294 1.152993 -0.2048923 0.6589123 1.098596 -0.2003258 1.064182 1.178033 -0.1893017 1.402819 1.254696 -0.02596097 0.6689123 1.147434 -0.003421945 1.081094 1.14605 -0.03685025 1.406914 1.264251  O_Hello_SoClose
-0.08084951 -0.01541972 1.140976 -0.159029 0.07531786 1.14696 -0.3499744 0.3117434 1.183671 -0.4273017 0.6052071 1.128836 -0.02518366 0.08301485 1.181069 0.3044314 0.06323719 1.120669 0.4490385 -0.2089915 1.111466 -0.09704952 0.219112 1.151705 -0.2042444 0.6589852 1.09663 -0.1992408 1.064764 1.173395 -0.1890607 1.402581 1.25371 -0.02537833 0.6691157 1.145679 -0.003039105 1.081308 1.14413 -0.03651349 1.40671 1.263464  O_Hello_SoClose
-0.08181904 -0.01285672 1.125631 -0.1598188 0.07810831 1.13038 -0.3488306 0.315541 1.160509 -0.4225728 0.6104706 1.10868 -0.0262631 0.08567667 1.165634 0.2854629 0.0574584 1.056782 0.26671 -0.2469764 1.011262 -0.09752046 0.2217742 1.134824 -0.2031082 0.6615758 1.076187 -0.1963219 1.067366 1.152758 -0.1873539 1.401462 1.247485 -0.02466027 0.6715552 1.126767 -0.004939122 1.083745 1.137439 -0.03538595 1.407343 1.262359  O_Hello_SoClose
-0.08267038 -0.01274502 1.120183 -0.1606824 0.07820785 1.124963 -0.3488559 0.3156348 1.154913 -0.4217511 0.6108618 1.103582 -0.02727406 0.08562565 1.160802 0.2829214 0.05800164 1.048045 0.2359308 -0.2432371 1.001661 -0.09839217 0.2218496 1.130231 -0.2037014 0.6618875 1.07288 -0.1956956 1.068227 1.146355 -0.1871071 1.400879 1.246069 -0.02546494 0.6716519 1.124242 -0.005097313 1.083801 1.135271 -0.03560416 1.406872 1.261536  O_Hello_SoClose
-0.08310013 -0.01266742 1.117175 -0.1611584 0.078246 1.121951 -0.3487505 0.315616 1.151652 -0.4215017 0.6109489 1.100728 -0.02785151 0.08562958 1.158172 0.2814128 0.05871236 1.042858 0.2139885 -0.2387571 0.9973582 -0.09893577 0.2218977 1.127719 -0.2042496 0.6620284 1.071092 -0.1958018 1.06844 1.144122 -0.1872273 1.400589 1.245499 -0.02615814 0.6717392 1.122964 -0.005208774 1.083856 1.134124 -0.03584478 1.406721 1.260882  O_Hello_SoClose
-0.08352511 -0.01260805 1.114729 -0.1616261 0.07826936 1.119491 -0.3486489 0.3155931 1.148908 -0.4213361 0.6110201 1.098441 -0.02840905 0.08562934 1.156046 0.2798758 0.05938876 1.038162 0.1927621 -0.2331566 0.9941992 -0.09946714 0.2219311 1.125682 -0.204797 0.662133 1.069642 -0.1960367 1.068529 1.14272 -0.1873676 1.400368 1.245099 -0.02683393 0.6718056 1.12196 -0.005352838 1.083891 1.133255 -0.03610251 1.406608 1.260362  O_Hello_SoClose
-0.08392344 -0.01255679 1.114169 -0.1620563 0.07829559 1.118885 -0.348554 0.315621 1.147901 -0.4214993 0.6110872 1.09804 -0.02888803 0.08567131 1.155615 0.2783386 0.06000268 1.035104 0.1734288 -0.2270138 0.9936312 -0.09994619 0.2219713 1.125243 -0.2053299 0.662177 1.069336 -0.1967145 1.06827 1.144094 -0.1876178 1.400465 1.245277 -0.02743636 0.6718684 1.121886 -0.005600734 1.083931 1.133329 -0.03641097 1.406697 1.260296  O_Hello_SoClose
-0.0842921 -0.01252341 1.113867 -0.1624489 0.07831037 1.118543 -0.3484837 0.3156465 1.147191 -0.4216348 0.6111565 1.097893 -0.02931838 0.08570004 1.155406 0.2769178 0.06050873 1.032548 0.1567819 -0.2208514 0.9937118 -0.1003757 0.2219967 1.125018 -0.2057982 0.6622019 1.069179 -0.197371 1.06798 1.145648 -0.1878553 1.400566 1.245499 -0.02795844 0.6719106 1.121907 -0.005839331 1.083954 1.133497 -0.03667716 1.40679 1.260281  O_Hello_SoClose
-0.08483963 -0.01247048 1.115755 -0.1629774 0.07838321 1.120365 -0.34852 0.3158658 1.148469 -0.4221617 0.6113858 1.09997 -0.02982651 0.08579171 1.15715 0.275019 0.06086206 1.03137 0.1403346 -0.2142453 0.9955858 -0.1008748 0.2220657 1.126639 -0.2062461 0.6622242 1.070338 -0.1986523 1.067164 1.151211 -0.1881664 1.401042 1.246549 -0.02837734 0.6719623 1.122963 -0.006277962 1.083997 1.134894 -0.03687082 1.4072 1.260797  O_Hello_SoClose
-0.08527009 -0.0124321 1.117227 -0.1633931 0.07843685 1.121785 -0.3485509 0.3160318 1.149464 -0.4225132 0.6115765 1.101606 -0.03022627 0.08586025 1.15851 0.2734949 0.06112576 1.030453 0.1276958 -0.2086095 0.9974393 -0.1012675 0.2221161 1.127902 -0.2065991 0.6622379 1.071239 -0.1996549 1.066488 1.155552 -0.188464 1.401337 1.247337 -0.02870767 0.671999 1.123784 -0.00662343 1.084027 1.135981 -0.03702251 1.407516 1.261196  O_Hello_SoClose
-0.08569394 -0.01240575 1.118846 -0.1637886 0.07848859 1.123382 -0.3487112 0.3162109 1.150736 -0.4227813 0.6118063 1.10336 -0.03058319 0.08591747 1.159966 0.2722796 0.0612998 1.030253 0.1199617 -0.205012 0.9989208 -0.1016193 0.2221583 1.129279 -0.2068924 0.6622449 1.072236 -0.2003021 1.066024 1.158805 -0.1885296 1.401567 1.247946 -0.02894597 0.6720172 1.124592 -0.00695811 1.084042 1.137061 -0.03705673 1.407872 1.261465  O_Hello_SoClose
-0.08616368 -0.01237822 1.120671 -0.1642244 0.07854629 1.125188 -0.3489126 0.3164124 1.152197 -0.4230509 0.6120718 1.10533 -0.03097223 0.08597934 1.1616 0.2709698 0.06147385 1.030162 0.1122862 -0.2013006 1.000606 -0.1020031 0.2222037 1.130828 -0.2072081 0.6622514 1.07336 -0.2009533 1.065536 1.162223 -0.1885908 1.401786 1.24858 -0.02919499 0.6720336 1.125487 -0.007327182 1.084056 1.138259 -0.03707198 1.408272 1.261738  O_Hello_SoClose
-0.08742748 -0.01234055 1.124622 -0.1654004 0.07866025 1.129121 -0.34967 0.3168497 1.155533 -0.4234391 0.612792 1.109886 -0.03203766 0.08608007 1.165129 0.267941 0.06193626 1.030082 0.0965084 -0.1930974 1.004135 -0.1030456 0.2222806 1.134199 -0.208056 0.6622604 1.075863 -0.2019097 1.064865 1.167767 -0.1884173 1.402184 1.249669 -0.02988528 0.6720344 1.12745 -0.008314474 1.084041 1.141177 -0.03729049 1.409163 1.262438  O_Hello_SoClose
-0.08833598 -0.01234174 1.126781 -0.1662484 0.07871008 1.131293 -0.3503675 0.3170887 1.15751 -0.4235343 0.6132985 1.112634 -0.03281693 0.08610356 1.167051 0.2661383 0.06227052 1.030137 0.08851977 -0.1886522 1.005768 -0.103802 0.2223016 1.136058 -0.208664 0.6622598 1.077293 -0.202043 1.064866 1.169159 -0.1879781 1.402406 1.250044 -0.03039537 0.6720031 1.128547 -0.009019418 1.083993 1.143059 -0.03756789 1.409671 1.26292  O_Hello_SoClose
-0.08946006 -0.01233399 1.127952 -0.1673035 0.07877386 1.132525 -0.3514029 0.3173014 1.158706 -0.4229882 0.6139518 1.11419 -0.03382919 0.08608103 1.168141 0.264638 0.06287658 1.030115 0.08261676 -0.1848941 1.005983 -0.1047509 0.2223222 1.137192 -0.2093647 0.6623414 1.078441 -0.2020689 1.065103 1.16957 -0.1874848 1.40264 1.25038 -0.03103523 0.6719703 1.129504 -0.009780092 1.083924 1.145179 -0.03809969 1.410148 1.2636  O_Hello_SoClose
-0.09053086 -0.01231647 1.128445 -0.1683104 0.07884181 1.133098 -0.3524444 0.3174769 1.159309 -0.4222662 0.6145754 1.114982 -0.03481172 0.08604491 1.168643 0.2634602 0.06354082 1.02995 0.07840677 -0.1819354 1.005433 -0.1056588 0.2223462 1.137789 -0.2100088 0.6624591 1.079272 -0.2020826 1.065379 1.169647 -0.1870461 1.402844 1.250672 -0.03164492 0.6719477 1.130241 -0.01044558 1.08386 1.147049 -0.03862641 1.41055 1.264211  O_Hello_SoClose
-0.09106199 -0.01228428 1.127748 -0.1688114 0.07889605 1.132475 -0.3530073 0.3175344 1.158746 -0.4217409 0.6148631 1.11426 -0.03532277 0.08601284 1.168075 0.2631414 0.06400704 1.0294 0.07788856 -0.1812192 1.003909 -0.1061112 0.2223731 1.137347 -0.2102868 0.6625875 1.079283 -0.2021735 1.065482 1.169754 -0.1869626 1.402927 1.250831 -0.03193764 0.6719568 1.130326 -0.0106558 1.083845 1.147612 -0.03884713 1.410709 1.264287  O_Hello_SoClose
-0.09224884 -0.01220345 1.126083 -0.1699311 0.07902503 1.130979 -0.3542559 0.3176672 1.157367 -0.4205411 0.6155085 1.112597 -0.03646735 0.08594537 1.166712 0.2624483 0.06507444 1.0281 0.07698114 -0.1797402 1.000314 -0.1071234 0.2224401 1.136277 -0.2109063 0.6628844 1.079264 -0.2023839 1.065715 1.169982 -0.1867924 1.403107 1.251206 -0.03259341 0.6719823 1.130483 -0.01111249 1.083815 1.148813 -0.03931062 1.411044 1.264459  O_Hello_SoClose
-0.09284197 -0.01212788 1.124498 -0.1704928 0.07912087 1.129514 -0.3548127 0.3177353 1.155831 -0.4200171 0.6157418 1.110576 -0.03705673 0.08591664 1.165373 0.2622505 0.0657562 1.026921 0.07832177 -0.1799763 0.997084 -0.1076338 0.2225003 1.135155 -0.2111969 0.6630998 1.078947 -0.2025292 1.065847 1.170019 -0.1868095 1.403165 1.251528 -0.03292398 0.6720242 1.130335 -0.01123343 1.083829 1.149028 -0.03945033 1.411094 1.26457  O_Hello_SoClose
-0.09331886 -0.01206517 1.123224 -0.1709445 0.07919967 1.128336 -0.3552599 0.3177916 1.154596 -0.4195866 0.6159325 1.108971 -0.0375307 0.08589494 1.164297 0.2620904 0.0663054 1.025976 0.07940723 -0.1801494 0.994491 -0.1080443 0.22255 1.134253 -0.2114309 0.663273 1.078692 -0.202646 1.065954 1.170048 -0.1868229 1.403211 1.251787 -0.03319023 0.6720576 1.130216 -0.01133095 1.083841 1.1492 -0.03956107 1.411133 1.264658  O_Hello_SoClose
-0.09379481 -0.01200008 1.121952 -0.1713953 0.07928085 1.127159 -0.3557053 0.31785 1.153361 -0.4191495 0.6161259 1.107385 -0.03800384 0.08587575 1.163221 0.2619303 0.06685615 1.025035 0.08050616 -0.1803117 0.9919018 -0.1084542 0.2226015 1.133352 -0.2116648 0.6634465 1.078437 -0.2027628 1.06606 1.170076 -0.1868365 1.403257 1.252044 -0.03345637 0.6720914 1.130095 -0.01142834 1.083852 1.149371 -0.03966979 1.411172 1.264747  O_Hello_SoClose
-0.0946918 -0.01179338 1.119185 -0.1722439 0.07951784 1.124577 -0.356317 0.3180758 1.150169 -0.4185953 0.6162956 1.102274 -0.03888981 0.08592498 1.160811 0.2618136 0.06827497 1.02291 0.08707841 -0.1830139 0.9851488 -0.1092247 0.2227817 1.131271 -0.2121104 0.663851 1.07756 -0.2030417 1.066339 1.169734 -0.1869936 1.403413 1.25218 -0.03395591 0.6722344 1.129446 -0.0115938 1.08396 1.149078 -0.03974472 1.411058 1.265106  O_Hello_SoClose
-0.09524266 -0.01162732 1.117589 -0.1727645 0.0797044 1.123069 -0.3566867 0.3182621 1.148183 -0.4183349 0.6163636 1.098762 -0.03943334 0.08600557 1.159406 0.2618611 0.06920493 1.021851 0.09316368 -0.1856743 0.9808363 -0.1096967 0.2229342 1.13003 -0.2123808 0.6641247 1.076931 -0.2032376 1.06655 1.16937 -0.1871457 1.403561 1.252065 -0.03425948 0.6723611 1.128956 -0.01169573 1.084072 1.148671 -0.03971116 1.411008 1.265186  O_Hello_SoClose
-0.09559397 -0.01145351 1.116764 -0.1730956 0.0798949 1.122251 -0.3569141 0.3184676 1.146867 -0.4183479 0.6163358 1.095799 -0.03977887 0.08614647 1.158649 0.2621188 0.06990433 1.021627 0.1008953 -0.1893057 0.9777921 -0.1099954 0.2231059 1.129304 -0.2125468 0.6643458 1.076361 -0.2034091 1.066761 1.168843 -0.187348 1.403755 1.251617 -0.03444634 0.6725144 1.128467 -0.01176159 1.084228 1.147982 -0.03953842 1.411013 1.264976  O_Hello_SoClose
-0.09587835 -0.01126361 1.116246 -0.1733622 0.08010113 1.121711 -0.3571262 0.3186932 1.145865 -0.4183844 0.6163064 1.093127 -0.04005704 0.08632207 1.158157 0.2625422 0.07053816 1.021896 0.1100124 -0.1934068 0.9752897 -0.1102336 0.2232982 1.128794 -0.2126713 0.6645632 1.075839 -0.2035739 1.06698 1.168322 -0.1875755 1.403964 1.251142 -0.03458754 0.6726906 1.128009 -0.01181368 1.084412 1.147243 -0.03932742 1.41103 1.264766  O_Hello_SoClose
-0.09589826 -0.01111412 1.116623 -0.1733769 0.08025992 1.122008 -0.3572195 0.3188759 1.145966 -0.4184595 0.6163007 1.092154 -0.04007201 0.08650422 1.15845 0.2631765 0.07077551 1.023157 0.1184625 -0.197242 0.9748977 -0.11024 0.2234592 1.128969 -0.2126508 0.6646845 1.075633 -0.2036552 1.067125 1.168019 -0.1877657 1.404126 1.250795 -0.03456752 0.6728463 1.127799 -0.01181148 1.084585 1.146686 -0.03911511 1.411065 1.264642  O_Hello_SoClose
-0.09592538 -0.01093209 1.117079 -0.1733975 0.08045316 1.122367 -0.3573359 0.3190981 1.146086 -0.4185527 0.6162881 1.090966 -0.04009305 0.08672607 1.158806 0.2639404 0.07106507 1.024696 0.1289376 -0.2016412 0.9745969 -0.1102505 0.2236551 1.129179 -0.2126283 0.6648318 1.075379 -0.2037572 1.067302 1.167647 -0.1880006 1.404323 1.250368 -0.0345457 0.6730353 1.12754 -0.01181118 1.084795 1.146004 -0.03885118 1.411105 1.264487  O_Hello_SoClose
-0.09583984 -0.01078844 1.11772 -0.1733117 0.08060205 1.122919 -0.3574021 0.3192669 1.146593 -0.4185696 0.6163064 1.090614 -0.04000298 0.08691466 1.159335 0.2647606 0.07128513 1.026398 0.1382042 -0.2051841 0.974893 -0.1101644 0.2238115 1.129569 -0.2125502 0.6649294 1.075305 -0.2037965 1.067425 1.167475 -0.1881583 1.404464 1.250145 -0.03446142 0.6731899 1.127437 -0.01176266 1.084969 1.145507 -0.03863476 1.411144 1.264398  O_Hello_SoClose
-0.09553133 -0.01057994 1.119146 -0.173011 0.08081257 1.124191 -0.3574557 0.3195002 1.148047 -0.4184804 0.6163856 1.091103 -0.03968803 0.08721304 1.16054 0.2663331 0.07159257 1.02974 0.153592 -0.2104388 0.9763349 -0.1098764 0.2240419 1.130526 -0.2123318 0.6650385 1.075413 -0.2037845 1.067573 1.16743 -0.1883436 1.404643 1.250009 -0.0342227 0.6734233 1.127455 -0.01160769 1.085236 1.144845 -0.03830109 1.411211 1.264325  O_Hello_SoClose
-0.09488539 -0.01022887 1.12197 -0.1723894 0.08115792 1.126737 -0.3575701 0.3198529 1.151169 -0.4184274 0.6165296 1.092972 -0.03904335 0.087731 1.16297 0.269373 0.072258 1.036354 0.182472 -0.2182981 0.9804095 -0.1092943 0.2244287 1.132508 -0.2119227 0.6651908 1.075863 -0.2037229 1.067814 1.167525 -0.1886076 1.404959 1.249857 -0.03378014 0.6738186 1.12775 -0.0112658 1.085694 1.143729 -0.03776411 1.41136 1.264091  O_Hello_SoClose
-0.0940982 -0.009936571 1.125134 -0.171644 0.08142853 1.129629 -0.3576994 0.3200674 1.155053 -0.4185939 0.6166645 1.096491 -0.03827963 0.08819234 1.16576 0.2726699 0.07308519 1.043741 0.2117147 -0.2237426 0.986451 -0.1086156 0.224749 1.134865 -0.2114932 0.6652615 1.07675 -0.203587 1.068001 1.167928 -0.1887336 1.40525 1.24988 -0.03332404 0.6741565 1.128501 -0.0108199 1.086094 1.142797 -0.03737966 1.411556 1.263698  O_Hello_SoClose
-0.09374444 -0.009797931 1.126767 -0.1713131 0.08155453 1.131124 -0.3578413 0.3201474 1.157149 -0.4188074 0.6167374 1.098625 -0.03794555 0.08841133 1.167226 0.2744503 0.07363021 1.047881 0.2273728 -0.2256657 0.9903468 -0.1083206 0.2248994 1.136117 -0.2113189 0.6652904 1.077299 -0.2035339 1.068095 1.168198 -0.1887896 1.405403 1.249928 -0.03314499 0.6743153 1.129011 -0.01059119 1.086282 1.142363 -0.0372477 1.411649 1.263498  O_Hello_SoClose
-0.09348224 -0.009676933 1.128386 -0.1710757 0.08166087 1.132609 -0.3581105 0.3201844 1.159381 -0.4192749 0.6168166 1.101281 -0.03771607 0.08860052 1.168725 0.2763791 0.07437348 1.052531 0.2436335 -0.226841 0.9950689 -0.1081217 0.2250289 1.137424 -0.2112259 0.6653146 1.078006 -0.2035104 1.068193 1.168581 -0.1888293 1.405568 1.250046 -0.03306315 0.6744547 1.129736 -0.01036517 1.086447 1.142024 -0.0372415 1.411738 1.263314  O_Hello_SoClose
-0.09320556 -0.009554267 1.130088 -0.170825 0.0817678 1.134169 -0.358392 0.3202097 1.161729 -0.4197526 0.6168893 1.104079 -0.03747378 0.08879471 1.170299 0.2783587 0.07515001 1.05746 0.2607577 -0.227428 1.000528 -0.1079115 0.2251598 1.138795 -0.2111265 0.6653336 1.078744 -0.2034835 1.068291 1.168977 -0.1888687 1.405736 1.250163 -0.03297566 0.6745951 1.130494 -0.01012467 1.086611 1.141658 -0.03723184 1.411821 1.263111  O_Hello_SoClose
