0.007710533 0.04648197 3.581306 -0.06559919 0.13478 3.616095 -0.2009753 0.3573321 3.485774 0.008096354 0.1605715 3.373161 0.07259424 0.1410798 3.616475 0.2964558 0.387725 3.626616 0.2564494 0.2583421 3.349552 -0.002943737 0.2782933 3.620456 -0.116036 0.719675 3.640576 -0.176069 1.128138 3.629241 -0.2163983 1.470653 3.670844 0.06950237 0.7275754 3.644405 0.1470762 1.097419 3.478268 0.2039463 1.427325 3.38248  SA_HookPunch_Close
0.00132467 0.04526329 3.584255 -0.07113503 0.13392 3.619756 -0.2071259 0.3540084 3.488004 0.00175138 0.1554568 3.378209 0.06707992 0.1396122 3.618542 0.2946533 0.3831631 3.621493 0.2501197 0.2460666 3.348866 -0.007807536 0.277168 3.622977 -0.1187268 0.719102 3.642805 -0.1764471 1.127832 3.629303 -0.2148409 1.4707 3.669819 0.06687404 0.7262135 3.644623 0.1445258 1.096546 3.479616 0.2021191 1.425622 3.381432  SA_HookPunch_Close
-0.003545387 0.0435158 3.586691 -0.07530098 0.1324388 3.62298 -0.2130671 0.3500203 3.490384 -0.004956586 0.1497899 3.382193 0.06290169 0.1377279 3.61993 0.2935358 0.3782305 3.615088 0.2433778 0.2345296 3.346874 -0.01152734 0.2755114 3.624967 -0.1208247 0.7178454 3.644889 -0.176137 1.12686 3.629977 -0.2125688 1.470155 3.668645 0.06480534 0.7243824 3.644358 0.1424455 1.095852 3.481921 0.2005124 1.424422 3.382333  SA_HookPunch_Close
-0.009790046 0.04067969 3.590478 -0.08054177 0.1298904 3.628131 -0.2222082 0.3434262 3.494677 -0.01580398 0.1406413 3.387985 0.05757614 0.1347349 3.622028 0.2918294 0.3707553 3.604992 0.2324987 0.2184438 3.343485 -0.01630859 0.272771 3.628067 -0.1236176 0.715588 3.648324 -0.1755176 1.124985 3.631738 -0.2091578 1.46893 3.667007 0.06198074 0.7214368 3.643791 0.1395778 1.094392 3.484773 0.1981567 1.421967 3.38225  SA_HookPunch_Close
-0.02174 0.03426087 3.599603 -0.09007971 0.1237974 3.64146 -0.2450408 0.3267269 3.507956 -0.04535739 0.1167338 3.402424 0.047399 0.1279559 3.626642 0.28756 0.3523909 3.578081 0.2028241 0.1837937 3.334156 -0.0254613 0.2663813 3.63554 -0.1291606 0.7100464 3.656997 -0.1741314 1.120135 3.637507 -0.2018681 1.465518 3.662305 0.05582311 0.7147107 3.640847 0.1338962 1.092638 3.494291 0.1931162 1.41834 3.386314  SA_HookPunch_Close
-0.02863656 0.03004432 3.606388 -0.09495591 0.1197498 3.652153 -0.2627629 0.3142285 3.522148 -0.07010679 0.09809637 3.41595 0.04139759 0.1235511 3.62912 0.2819414 0.339874 3.553703 0.1760214 0.158138 3.328187 -0.03066306 0.2621692 3.641022 -0.1321842 0.7062665 3.664274 -0.1734277 1.116673 3.643284 -0.1977418 1.462883 3.658162 0.05155488 0.7103212 3.637347 0.1297397 1.092351 3.501908 0.187633 1.416591 3.388927  SA_HookPunch_Close
-0.03223471 0.02755141 3.610319 -0.09704344 0.1174146 3.658743 -0.2741407 0.3065999 3.533589 -0.08675103 0.08664608 3.425825 0.03816219 0.1210783 3.629704 0.2765017 0.332181 3.535769 0.1570748 0.1408021 3.325494 -0.03331314 0.259766 3.64407 -0.1335823 0.7040479 3.669345 -0.1731959 1.114568 3.647457 -0.195957 1.461114 3.655303 0.04885294 0.7078294 3.634637 0.1269177 1.092335 3.506322 0.1827788 1.415768 3.390052  SA_HookPunch_Close
-0.03693108 0.02418327 3.615623 -0.099066 0.1143084 3.668181 -0.2909078 0.2955612 3.553643 -0.1121638 0.07009792 3.442627 0.03367611 0.1178854 3.6294 0.2645327 0.321053 3.506548 0.126792 0.1144612 3.32365 -0.03673325 0.2566098 3.648039 -0.1351789 0.701079 3.677297 -0.1728163 1.111687 3.653645 -0.1939671 1.458409 3.650435 0.04442402 0.7045672 3.630051 0.1230642 1.092405 3.512575 0.1748822 1.415089 3.392415  SA_HookPunch_Close
-0.04068194 0.02152407 3.619813 -0.09960888 0.1118799 3.676551 -0.3064236 0.2853934 3.576677 -0.1373013 0.05481112 3.461191 0.02967836 0.1155906 3.627477 0.2471633 0.311362 3.475813 0.09585787 0.08936858 3.324387 -0.0394157 0.2542341 3.651001 -0.1361379 0.6987544 3.685394 -0.1722756 1.109328 3.65897 -0.192651 1.455822 3.644812 0.03948398 0.7021583 3.625005 0.1200183 1.092651 3.518077 0.1675255 1.415554 3.396733  SA_HookPunch_Close
-0.04260127 0.02026641 3.622008 -0.0988137 0.1106898 3.68174 -0.3157212 0.2790451 3.594562 -0.1548189 0.04485118 3.474682 0.02738144 0.114681 3.625206 0.2314238 0.3064361 3.454122 0.0741079 0.07416844 3.326028 -0.04060576 0.2531703 3.652553 -0.1361891 0.6975992 3.691332 -0.1721788 1.10798 3.661892 -0.1928381 1.454107 3.640829 0.03590234 0.7011638 3.621522 0.1178662 1.092755 3.519828 0.1630947 1.416398 3.399589  SA_HookPunch_Close
-0.04463945 0.01941812 3.624183 -0.09749834 0.1098942 3.687184 -0.3243332 0.273103 3.615668 -0.1735716 0.03467345 3.491049 0.02465601 0.1142145 3.6224 0.2110583 0.3018328 3.431129 0.05020465 0.05916202 3.329436 -0.04178445 0.2525233 3.654114 -0.1357741 0.6968287 3.698021 -0.1724935 1.106842 3.664626 -0.194328 1.45238 3.636322 0.03173603 0.7006097 3.617848 0.1155979 1.092873 3.520378 0.159289 1.417549 3.402378  SA_HookPunch_Close
-0.04664908 0.01932728 3.626223 -0.09454487 0.1097692 3.693377 -0.3333518 0.2657967 3.64579 -0.1959999 0.02357614 3.513233 0.02131547 0.1146659 3.617947 0.1801631 0.2982781 3.403467 0.01995887 0.04372132 3.33535 -0.04260556 0.2526629 3.655634 -0.1341381 0.6966784 3.706894 -0.1741348 1.105834 3.667314 -0.1992835 1.450415 3.631187 0.02635797 0.7009764 3.613491 0.111803 1.093358 3.517891 0.155969 1.419882 3.405289  SA_HookPunch_Close
-0.04785542 0.02011335 3.627158 -0.09091704 0.1104082 3.697773 -0.3366085 0.2627991 3.673901 -0.2129978 0.01836884 3.53219 0.01857902 0.1159369 3.613409 0.1504204 0.2978007 3.382866 -0.006328089 0.03562272 3.340475 -0.0425934 0.2535957 3.656506 -0.1314072 0.6972617 3.714752 -0.1770915 1.10515 3.668769 -0.2065985 1.448947 3.628681 0.02230521 0.7021914 3.61059 0.1065123 1.09398 3.511522 0.1533676 1.422178 3.405039  SA_HookPunch_Close
-0.04873596 0.02159417 3.627618 -0.08722465 0.1117144 3.701101 -0.3364488 0.2617755 3.699434 -0.2259595 0.01599598 3.54946 0.01593884 0.1178607 3.60914 0.1221607 0.2985806 3.367373 -0.029101 0.03068376 3.346027 -0.04237352 0.2551867 3.657001 -0.1283535 0.6985049 3.721513 -0.1803997 1.10495 3.669861 -0.2142793 1.44805 3.627328 0.01875933 0.7040565 3.608249 0.1009345 1.095187 3.504965 0.151014 1.424688 3.404125  SA_HookPunch_Close
-0.04929326 0.02456677 3.627173 -0.08148353 0.1143199 3.704164 -0.3301795 0.2646414 3.732528 -0.239481 0.01914513 3.569393 0.01251455 0.1214442 3.602918 0.08407535 0.3024532 3.351773 -0.0591564 0.0293473 3.353266 -0.04149334 0.2582387 3.656953 -0.1233323 0.7009954 3.7298 -0.1858835 1.104899 3.670435 -0.2254051 1.447326 3.627362 0.0147229 0.7075343 3.605705 0.09169437 1.097669 3.494919 0.147436 1.428763 3.402627  SA_HookPunch_Close
-0.04949496 0.02764499 3.626 -0.07670169 0.117022 3.705448 -0.3208136 0.2703959 3.75674 -0.2482681 0.02727294 3.581423 0.009720581 0.1250031 3.597723 0.0551643 0.3075063 3.343491 -0.08066069 0.03103781 3.358364 -0.04064194 0.2613249 3.656283 -0.11911 0.7035977 3.73536 -0.1904996 1.105113 3.670063 -0.233686 1.447174 3.627597 0.01183875 0.7109617 3.603832 0.08411588 1.100462 3.487777 0.1454087 1.432528 3.402788  SA_HookPunch_Close
-0.04971872 0.03297365 3.623803 -0.07015775 0.1217966 3.706048 -0.3038501 0.2809242 3.78663 -0.2587241 0.04282892 3.59589 0.005659537 0.1309788 3.590702 0.01749344 0.3161342 3.336943 -0.1072697 0.03556526 3.365573 -0.03945975 0.2666268 3.654836 -0.1130993 0.70822 3.741832 -0.1971655 1.106042 3.669409 -0.2446451 1.447722 3.628492 0.008158581 0.7167089 3.601382 0.07370467 1.105459 3.478988 0.143562 1.438136 3.403528  SA_HookPunch_Close
-0.05014388 0.04282105 3.618923 -0.06087426 0.1307573 3.704124 -0.2702814 0.3032712 3.824162 -0.2744665 0.08033538 3.611113 -0.0007160138 0.1417729 3.58004 -0.03166465 0.3334018 3.336363 -0.1405402 0.04708946 3.37208 -0.03793864 0.2763672 3.651091 -0.1043181 0.7169474 3.748506 -0.2074114 1.108572 3.667409 -0.2588004 1.450137 3.630446 0.003129976 0.7270352 3.597328 0.06032725 1.115002 3.468433 0.145022 1.446951 3.40611  SA_HookPunch_Close
-0.05053071 0.05508733 3.61246 -0.05170522 0.1421603 3.69919 -0.2267273 0.3311374 3.8575 -0.2931101 0.1381358 3.626304 -0.007303221 0.1550157 3.568804 -0.07372992 0.3551235 3.344633 -0.1713498 0.06427324 3.375951 -0.03646259 0.2885201 3.645457 -0.09520678 0.7280678 3.752141 -0.2185645 1.112441 3.664878 -0.2715628 1.454329 3.633612 -0.001733763 0.739713 3.592051 0.04747667 1.126789 3.457315 0.1486235 1.456128 3.406787  SA_HookPunch_Close
-0.05042587 0.06382108 3.607605 -0.045916 0.1503884 3.694606 -0.1943402 0.3504325 3.875422 -0.3064055 0.1867449 3.639296 -0.01093422 0.164312 3.561491 -0.09495108 0.3704499 3.353507 -0.1898324 0.0780021 3.37751 -0.03528551 0.297166 3.640903 -0.08948885 0.7360951 3.752522 -0.2261026 1.11532 3.662525 -0.2787955 1.457626 3.63562 -0.004533572 0.7486444 3.587821 0.03897842 1.135039 3.449223 0.1510731 1.461912 3.406366  SA_HookPunch_Close
-0.04949073 0.07701576 3.599908 -0.03773574 0.1629637 3.686763 -0.1443251 0.3739549 3.89648 -0.3204744 0.2673707 3.666874 -0.01499121 0.178156 3.551156 -0.1174293 0.3928136 3.368878 -0.2135459 0.09999812 3.380065 -0.03316758 0.3102136 3.633496 -0.08183531 0.7483547 3.750711 -0.2370582 1.119965 3.659133 -0.2878535 1.46304 3.63931 -0.007951422 0.7620335 3.580842 0.02641525 1.147608 3.437473 0.1536444 1.47016 3.405518  SA_HookPunch_Close
-0.04654304 0.09196103 3.590854 -0.02868764 0.1775429 3.677302 -0.08642803 0.3963277 3.910444 -0.3236854 0.3699317 3.715201 -0.01644681 0.1933713 3.54042 -0.127756 0.4170871 3.385914 -0.2328181 0.1271678 3.382277 -0.02967541 0.3249886 3.624392 -0.07481085 0.7626448 3.744711 -0.2500553 1.125405 3.653777 -0.2976585 1.469339 3.642938 -0.01008831 0.7770103 3.571199 0.01331242 1.162049 3.424225 0.1561682 1.478994 3.404591  SA_HookPunch_Close
-0.0440862 0.09981692 3.585802 -0.02385919 0.1853436 3.672099 -0.05571298 0.4059353 3.914007 -0.3156821 0.4261105 3.749336 -0.01577203 0.2011712 3.534908 -0.1271967 0.4291394 3.392716 -0.2393713 0.142059 3.382418 -0.02733026 0.3327507 3.619185 -0.07197134 0.7703089 3.739908 -0.2568028 1.128617 3.650314 -0.301894 1.473019 3.645026 -0.01057856 0.7848114 3.565202 0.00687881 1.169729 3.417089 0.1574469 1.483431 3.404131  SA_HookPunch_Close
-0.04038302 0.1067288 3.581166 -0.01923965 0.1923455 3.667583 -0.03000538 0.4134109 3.915027 -0.3037671 0.4736017 3.786422 -0.01282845 0.2078229 3.530264 -0.1200153 0.4388098 3.393023 -0.2397515 0.1549578 3.379032 -0.02429615 0.3395702 3.614291 -0.07047419 0.7772024 3.733921 -0.262211 1.132213 3.645721 -0.3045411 1.477005 3.646454 -0.00982116 0.7915988 3.558949 0.002526896 1.176533 3.410366 0.1587466 1.487659 3.403752  SA_HookPunch_Close
-0.03283517 0.1168498 3.574142 -0.0120251 0.2026979 3.661156 0.007096307 0.4230375 3.912806 -0.2721933 0.5375452 3.849617 -0.005156858 0.2173181 3.523765 -0.1006972 0.4510474 3.383332 -0.2321966 0.1725826 3.36691 -0.0185201 0.3494908 3.606838 -0.06981407 0.7874107 3.722843 -0.2693211 1.138513 3.636247 -0.30685 1.483671 3.647698 -0.006930573 0.8013471 3.548622 -0.002024455 1.186163 3.399303 0.161136 1.493748 3.403557  SA_HookPunch_Close
-0.02565966 0.1235466 3.569363 -0.006740851 0.2096136 3.657116 0.03108783 0.4279425 3.909166 -0.2398602 0.5748422 3.898433 0.003290074 0.2234073 3.519834 -0.07962863 0.4568889 3.367434 -0.2188629 0.1821803 3.351517 -0.01330016 0.3559828 3.601675 -0.07073294 0.7942097 3.713202 -0.2732008 1.143675 3.626858 -0.3070699 1.488789 3.647432 -0.003091795 0.8076043 3.54073 -0.003521068 1.192052 3.390386 0.1627001 1.497735 3.403651  SA_HookPunch_Close
-0.01908968 0.1278316 3.56659 -0.003091438 0.2140708 3.654979 0.04470553 0.430068 3.906197 -0.2149573 0.5941553 3.933732 0.01188173 0.2271929 3.518082 -0.0585718 0.4576675 3.348167 -0.2018589 0.1849046 3.334987 -0.008690102 0.360082 3.598498 -0.07257675 0.7985826 3.705083 -0.2743225 1.14822 3.617749 -0.3056243 1.493057 3.645701 0.001408713 0.811449 3.535194 -0.003059609 1.195179 3.383094 0.1631094 1.500488 3.403645  SA_HookPunch_Close
-0.006999357 0.1331921 3.561866 0.002205746 0.2195587 3.651008 0.06035538 0.4291677 3.900387 -0.1712594 0.6153598 3.982816 0.02829953 0.2320051 3.515725 -0.01501618 0.4518983 3.309541 -0.1643153 0.1821162 3.303901 -0.0005177091 0.3651226 3.593176 -0.07679854 0.8036759 3.690537 -0.2734726 1.155843 3.601809 -0.3012491 1.499583 3.643581 0.01071485 0.8161992 3.527178 -0.00137089 1.197986 3.370664 0.1609461 1.50435 3.402943  SA_HookPunch_Close
0.02288105 0.1343951 3.546479 0.008930223 0.219821 3.633405 0.0528173 0.4068829 3.886387 -0.1179392 0.6181261 4.032422 0.06987019 0.2343254 3.510063 0.1399312 0.4013674 3.232723 -0.03923069 0.1504331 3.238833 0.01764955 0.3658401 3.577341 -0.09011386 0.8016491 3.652878 -0.2632343 1.1676 3.571123 -0.2870919 1.505911 3.646295 0.03627493 0.8179944 3.517747 0.01478966 1.191722 3.343766 0.1560094 1.506277 3.392344  SA_HookPunch_Close
0.03768976 0.1279312 3.533993 0.009824114 0.2121288 3.616602 0.02580191 0.3877194 3.875014 -0.1342012 0.6018825 4.028769 0.09022142 0.2295022 3.505374 0.2424301 0.3652691 3.232741 0.03744765 0.1354766 3.215947 0.02574541 0.3592153 3.565096 -0.09704952 0.7924681 3.629753 -0.2549728 1.168198 3.562956 -0.2830508 1.502639 3.652593 0.04886897 0.81277 3.516628 0.03110142 1.182982 3.334885 0.1550386 1.504497 3.385037  SA_HookPunch_Close
0.0514436 0.1163021 3.518522 0.009487407 0.1988987 3.594066 -0.01580815 0.3653307 3.854793 -0.1820074 0.5753968 4.007625 0.1089948 0.219631 3.500227 0.3413619 0.3319778 3.272046 0.1191418 0.129777 3.202495 0.03308435 0.3473541 3.549965 -0.1024251 0.7780639 3.602686 -0.2434164 1.163913 3.560061 -0.2815899 1.494673 3.659127 0.06058379 0.8023285 3.517008 0.05171855 1.170851 3.331222 0.1537522 1.50067 3.376569  SA_HookPunch_Close
0.05893018 0.1057873 3.506001 0.007423 0.18721 3.574526 -0.05653695 0.3483146 3.831832 -0.2376893 0.5511978 3.977193 0.1196858 0.2101352 3.49701 0.3920399 0.3203522 3.319862 0.1746105 0.1347784 3.204142 0.03687539 0.3366727 3.537999 -0.1043818 0.7664398 3.581665 -0.2287275 1.159624 3.558877 -0.2757948 1.4884 3.660685 0.06846555 0.7922065 3.518725 0.0690657 1.161826 3.334919 0.1541255 1.497157 3.374488  SA_HookPunch_Close
0.06644155 0.09525204 3.493645 0.006605761 0.175688 3.553854 -0.09734045 0.3312151 3.801757 -0.2957422 0.526497 3.934457 0.129347 0.2002735 3.494969 0.4287133 0.3104029 3.375567 0.2277576 0.1397631 3.215557 0.04117443 0.3259631 3.526227 -0.1037905 0.7552761 3.560809 -0.2146405 1.153129 3.560552 -0.2714203 1.480001 3.663531 0.07595648 0.7816288 3.522104 0.08571984 1.150383 3.336823 0.1543271 1.49066 3.364252  SA_HookPunch_Close
0.07285936 0.08282113 3.477094 0.004908221 0.1626308 3.525807 -0.1507262 0.311233 3.752224 -0.3740932 0.4977404 3.854351 0.1368032 0.1877871 3.492518 0.4448065 0.3081224 3.444935 0.2802059 0.1456053 3.240977 0.04505928 0.313375 3.511494 -0.09979592 0.7435215 3.537315 -0.1925739 1.145013 3.565097 -0.2570417 1.471426 3.664957 0.08413114 0.7681418 3.529178 0.1063505 1.137309 3.345807 0.1575566 1.48154 3.357252  SA_HookPunch_Close
0.07887556 0.07008743 3.456641 0.005142765 0.1504967 3.491765 -0.2071539 0.2899882 3.681011 -0.4562873 0.4661437 3.725837 0.1415582 0.1732991 3.488913 0.4360906 0.3081733 3.517827 0.3259804 0.1500509 3.277042 0.05024572 0.3004884 3.494772 -0.08974569 0.7328014 3.515193 -0.1698323 1.13358 3.574666 -0.2369307 1.459823 3.673345 0.0931436 0.7526287 3.540882 0.1282833 1.122391 3.360759 0.1637537 1.468654 3.351181  SA_HookPunch_Close
0.08440723 0.06075454 3.43805 0.008546488 0.1426561 3.461332 -0.2460658 0.2755662 3.605416 -0.5026515 0.445591 3.586368 0.1435819 0.1612798 3.484909 0.4097643 0.3075893 3.572613 0.3548928 0.1507401 3.312821 0.05557372 0.2908382 3.480601 -0.07845692 0.7253731 3.499399 -0.1543046 1.121962 3.586227 -0.2199814 1.447917 3.686794 0.09880157 0.7392051 3.553154 0.145563 1.108921 3.375596 0.1731149 1.454675 3.344892  SA_HookPunch_Close
0.09119715 0.05236757 3.41839 0.01583012 0.1369718 3.432286 -0.2793814 0.2614961 3.514205 -0.5258776 0.4118189 3.405807 0.1455328 0.1481826 3.479071 0.3772682 0.3111126 3.610071 0.3723041 0.1554588 3.343892 0.06421073 0.2816437 3.467925 -0.06220089 0.7183358 3.490959 -0.1450377 1.108778 3.59711 -0.2121781 1.433854 3.699536 0.1069529 0.7248148 3.567422 0.1614081 1.09787 3.399292 0.1849099 1.441441 3.347771  SA_HookPunch_Close
0.1001185 0.04562843 3.400136 0.02676661 0.1331191 3.406406 -0.292873 0.2497543 3.406521 -0.4925481 0.3721634 3.205889 0.1478348 0.1360098 3.473275 0.3415255 0.3144727 3.635725 0.3805276 0.1581881 3.372745 0.07415952 0.2733947 3.457567 -0.04608105 0.7115098 3.486261 -0.1386866 1.096394 3.604002 -0.2096971 1.419904 3.708753 0.1131304 0.7106077 3.581929 0.1736852 1.086877 3.423316 0.1987988 1.426413 3.350292  SA_HookPunch_Close
0.1070002 0.04133832 3.390008 0.03494151 0.130327 3.39378 -0.2868899 0.2409575 3.323593 -0.4281146 0.329299 3.064057 0.1502673 0.1275865 3.470133 0.3233239 0.3180546 3.644038 0.3788043 0.1609408 3.384535 0.08168925 0.2674617 3.453358 -0.03554855 0.7059487 3.48682 -0.1314589 1.091146 3.600833 -0.2096125 1.412344 3.707595 0.1183564 0.7010933 3.590701 0.1797523 1.080576 3.440279 0.2074317 1.416952 3.354645  SA_HookPunch_Close
0.1133957 0.03825855 3.381425 0.04214938 0.1283095 3.383575 -0.2635274 0.2319753 3.243355 -0.3319168 0.2859006 2.947513 0.1520525 0.1206257 3.467238 0.3081183 0.3203286 3.648444 0.3742133 0.1633899 3.391333 0.08791025 0.2625474 3.45011 -0.02700768 0.7012206 3.487595 -0.1251282 1.087207 3.596963 -0.2091711 1.406856 3.703898 0.1223959 0.6931072 3.59766 0.1840772 1.075529 3.454997 0.2158901 1.408755 3.3591  SA_HookPunch_Close
0.1194828 0.03583479 3.37424 0.04722096 0.1257496 3.376805 -0.2095719 0.220989 3.152666 -0.1794917 0.2389916 2.846269 0.1535404 0.1141407 3.464547 0.3016424 0.3175818 3.64946 0.363459 0.1683133 3.386778 0.09277739 0.2576163 3.448055 -0.01994072 0.6964315 3.48904 -0.1183126 1.084357 3.591076 -0.2057887 1.404234 3.694521 0.1276734 0.6862693 3.601326 0.1886886 1.072598 3.469301 0.2252564 1.4037 3.3679  SA_HookPunch_Close
0.1224068 0.03605151 3.36982 0.04885365 0.1254617 3.372067 -0.1512645 0.2090379 3.096971 -0.04418341 0.2093191 2.807764 0.1527475 0.112165 3.462436 0.303797 0.3097632 3.649901 0.3536716 0.1693324 3.379909 0.09359886 0.2562866 3.445711 -0.017229 0.6955702 3.487231 -0.1148898 1.085043 3.583918 -0.202984 1.406057 3.68323 0.1289123 0.6840576 3.6013 0.1921129 1.071395 3.47332 0.2320606 1.401906 3.371269  SA_HookPunch_Close
0.1267002 0.03868306 3.360697 0.05346449 0.1278338 3.360105 -0.05700902 0.2053872 3.051634 0.147227 0.1909075 2.821014 0.1509609 0.1125989 3.457057 0.3074297 0.2948607 3.65037 0.3398202 0.1633506 3.373313 0.09433456 0.2574455 3.438023 -0.01376872 0.697797 3.477626 -0.1098587 1.088469 3.570992 -0.1972523 1.410862 3.666378 0.1261748 0.6833633 3.598907 0.1950794 1.070025 3.471832 0.2373899 1.401103 3.372607  SA_HookPunch_Close
0.1319241 0.04135072 3.35539 0.06093724 0.1307399 3.351674 -0.01493268 0.212571 3.04101 0.220064 0.1856545 2.843122 0.1522402 0.1148313 3.454377 0.30648 0.2902209 3.652299 0.3371991 0.1566761 3.376026 0.09723587 0.259907 3.432538 -0.01081203 0.7007324 3.468166 -0.107113 1.090908 3.563371 -0.1949824 1.412949 3.659509 0.1219503 0.6848028 3.597093 0.1954044 1.069406 3.46637 0.2371558 1.401079 3.368914  SA_HookPunch_Close
0.1373038 0.04355407 3.352711 0.06860997 0.1331159 3.346557 0.005639212 0.2216766 3.036627 0.2483763 0.1832876 2.850314 0.1547721 0.1170727 3.453589 0.3042207 0.2908016 3.654851 0.3393669 0.1521698 3.381629 0.1008247 0.2621599 3.429326 -0.008227153 0.7030992 3.460584 -0.1058148 1.09226 3.558593 -0.195281 1.413229 3.656817 0.118128 0.6866885 3.595738 0.1958062 1.068912 3.460554 0.2369533 1.400821 3.363646  SA_HookPunch_Close
0.1445173 0.04606748 3.351898 0.07775696 0.1354619 3.34329 0.02071496 0.2324866 3.033551 0.2618813 0.1833438 2.847724 0.1589253 0.1199856 3.454237 0.3018547 0.2943404 3.659256 0.3458016 0.1507866 3.389875 0.1055976 0.2648057 3.427169 -0.005242212 0.7056974 3.451963 -0.1055741 1.093297 3.553326 -0.1985257 1.412345 3.654531 0.1143247 0.6897746 3.593214 0.1971055 1.069108 3.453011 0.2367668 1.401644 3.357642  SA_HookPunch_Close
0.1550189 0.04946971 3.35316 0.08992536 0.1382504 3.341649 0.03232725 0.2467943 3.031128 0.2628429 0.1877046 2.834969 0.1655998 0.1242681 3.456605 0.2989745 0.3018303 3.666548 0.3582459 0.1537255 3.402623 0.1125357 0.2684363 3.425798 -0.0009375046 0.7090633 3.440717 -0.106805 1.094033 3.54638 -0.2065422 1.409673 3.651728 0.1104278 0.6947719 3.588687 0.2002425 1.070148 3.442299 0.236893 1.403935 3.350151  SA_HookPunch_Close
0.1657298 0.0527575 3.356974 0.1003319 0.1404241 3.343127 0.03584768 0.256591 3.02995 0.2545716 0.193647 2.821851 0.1731076 0.1287427 3.460193 0.2975315 0.310776 3.675241 0.374407 0.1652434 3.414444 0.11964 0.2719842 3.425951 0.003898339 0.712293 3.43102 -0.1099428 1.094216 3.539416 -0.2186932 1.405911 3.647552 0.1099824 0.700358 3.583025 0.2055977 1.072256 3.431522 0.2373524 1.407833 3.344186  SA_HookPunch_Close
0.1730084 0.05496812 3.360131 0.1064669 0.1417525 3.345221 0.03604193 0.2597934 3.029923 0.2528269 0.1935945 2.820807 0.1789643 0.1317366 3.462613 0.2980035 0.3183907 3.67907 0.3853305 0.1759499 3.419862 0.1250706 0.2743621 3.426518 0.00796135 0.7144659 3.426389 -0.113233 1.093982 3.535267 -0.2295176 1.402753 3.643949 0.1132017 0.7041757 3.579098 0.2109654 1.074764 3.425769 0.2385444 1.411883 3.343074  SA_HookPunch_Close
0.1827614 0.05611885 3.364053 0.1143999 0.1417097 3.348856 0.03679558 0.2606684 3.032898 0.2590289 0.1879511 2.831821 0.1881589 0.1336181 3.46561 0.301548 0.3286479 3.678229 0.3971094 0.1848174 3.422719 0.1332141 0.2754914 3.428161 0.0130737 0.7149087 3.424056 -0.1184284 1.091358 3.53161 -0.2434616 1.397153 3.638986 0.1204688 0.7069831 3.5754 0.2168294 1.077812 3.421764 0.2398327 1.416323 3.343476  SA_HookPunch_Close
0.1907241 0.05506551 3.367983 0.1208028 0.139502 3.35406 0.03552314 0.2594937 3.040877 0.2639911 0.1734669 2.852438 0.1976406 0.1331961 3.468923 0.3109804 0.336257 3.671958 0.4048894 0.1859593 3.419578 0.1405837 0.2742381 3.431492 0.01557513 0.7122961 3.426354 -0.1219612 1.087257 3.531534 -0.2480587 1.393719 3.635719 0.1278717 0.7072241 3.574223 0.2161834 1.08115 3.42328 0.23757 1.419769 3.344998  SA_HookPunch_Close
0.1941343 0.05417228 3.370368 0.1234666 0.1380383 3.357334 0.03283783 0.2594571 3.046745 0.2634166 0.1653752 2.86484 0.2024257 0.1328734 3.470806 0.3179983 0.339123 3.668782 0.4084304 0.1864494 3.416558 0.1438865 0.2733586 3.433571 0.01595999 0.7105694 3.428214 -0.1231339 1.085234 3.532396 -0.2473655 1.393134 3.634562 0.1311367 0.7071264 3.573898 0.213692 1.083565 3.425972 0.2351251 1.422089 3.347298  SA_HookPunch_Close
0.1973949 0.05293965 3.373667 0.1257052 0.1361171 3.361802 0.02794261 0.2600569 3.055306 0.2605623 0.156064 2.881579 0.2077518 0.1326298 3.473128 0.3280152 0.3420262 3.665474 0.4124726 0.1886677 3.411599 0.1470319 0.2722844 3.436263 0.01521577 0.708365 3.430943 -0.1240892 1.083121 3.534514 -0.2445706 1.393255 3.634389 0.1342744 0.7070079 3.573508 0.2106158 1.086054 3.428942 0.2330637 1.424125 3.348618  SA_HookPunch_Close
0.1998039 0.05188072 3.376585 0.1272279 0.134482 3.365756 0.02335437 0.2607887 3.063168 0.2571269 0.1482219 2.896475 0.2120221 0.1325196 3.475041 0.3369318 0.3442858 3.662727 0.4155974 0.1911603 3.406858 0.1493328 0.2714082 3.43858 0.01413144 0.7064867 3.433477 -0.1247042 1.081505 3.536726 -0.2415499 1.393681 3.634537 0.1365456 0.7069229 3.573177 0.2080977 1.087939 3.431364 0.2316891 1.425456 3.349064  SA_HookPunch_Close
0.2022422 0.05062532 3.38077 0.1280673 0.1323072 3.371582 0.01686128 0.2632332 3.075688 0.251886 0.141173 2.917663 0.2171412 0.1327255 3.477426 0.3495111 0.3477991 3.658211 0.4196003 0.1968421 3.398589 0.1512849 0.270375 3.44186 0.01105477 0.7039535 3.437581 -0.1255386 1.079873 3.540544 -0.2367444 1.394938 3.63563 0.1384606 0.7069475 3.572712 0.2070617 1.08878 3.431639 0.2305132 1.426285 3.349248  SA_HookPunch_Close
0.2043106 0.04957116 3.384367 0.1286808 0.1303849 3.376806 0.011665 0.2663345 3.087739 0.2470279 0.1361372 2.936873 0.2215535 0.1329592 3.479302 0.3603406 0.3511682 3.653254 0.4226696 0.2020978 3.390581 0.1528235 0.2694579 3.444752 0.008092957 0.7016471 3.441522 -0.1262808 1.078513 3.543945 -0.2326505 1.396092 3.636155 0.1399084 0.7069331 3.572282 0.2062825 1.08945 3.432001 0.2294662 1.427091 3.350093  SA_HookPunch_Close
0.2066221 0.0483942 3.388669 0.1290636 0.1280015 3.383468 0.006267922 0.2706493 3.103883 0.2419103 0.1317403 2.96146 0.2267537 0.1333671 3.481269 0.3730843 0.3560017 3.645361 0.4257258 0.2091897 3.379317 0.1542822 0.2683302 3.448372 0.003814297 0.6986845 3.446939 -0.127314 1.077058 3.548 -0.2279439 1.397697 3.635969 0.1411795 0.7068989 3.571699 0.2054418 1.090279 3.432798 0.2279269 1.428459 3.352944  SA_HookPunch_Close
0.2085617 0.04735529 3.393155 0.1291375 0.1256959 3.390784 0.001225607 0.275613 3.122203 0.2365202 0.1286322 2.987516 0.2317614 0.1339175 3.483185 0.3851942 0.3611337 3.635663 0.4275702 0.2164921 3.366614 0.1554629 0.2672731 3.452457 -0.0008453559 0.6956573 3.453547 -0.1282951 1.075905 3.552255 -0.2236118 1.399516 3.635106 0.1422281 0.7069318 3.571464 0.2039164 1.091025 3.43337 0.22544 1.429622 3.355031  SA_HookPunch_Close
0.2101393 0.04611766 3.399548 0.1284743 0.1227444 3.401772 -0.004923565 0.2847371 3.151479 0.2273352 0.1257938 3.025382 0.2378383 0.1348746 3.485614 0.4001828 0.3679703 3.619666 0.4272914 0.2263223 3.347075 0.1563869 0.2659904 3.458712 -0.007662399 0.6915842 3.464568 -0.1293203 1.074939 3.558445 -0.2181315 1.402352 3.633195 0.1432817 0.707112 3.571696 0.2015914 1.091959 3.434233 0.2218007 1.43113 3.358058  SA_HookPunch_Close
0.2085365 0.0449928 3.40841 0.1248057 0.1197869 3.417376 -0.01300101 0.2970262 3.193718 0.2118589 0.1225263 3.074994 0.2422548 0.1364949 3.488537 0.4149438 0.3753403 3.595737 0.4202246 0.2364241 3.320457 0.1550231 0.2649885 3.467815 -0.01692454 0.6874428 3.481839 -0.129576 1.075643 3.566604 -0.2108303 1.407419 3.629821 0.1436177 0.7079344 3.572986 0.1993067 1.093057 3.435208 0.2185053 1.433103 3.362764  SA_HookPunch_Close
0.206143 0.04473054 3.412258 0.1217671 0.1189662 3.424208 -0.01681207 0.3025068 3.212833 0.2035912 0.1220131 3.094715 0.242291 0.1372677 3.489601 0.4195518 0.3779424 3.584821 0.4148209 0.2390434 3.309523 0.1531307 0.264876 3.471825 -0.02078675 0.6864525 3.489861 -0.129949 1.076552 3.570366 -0.2085017 1.409903 3.628507 0.1434488 0.708548 3.573766 0.1989791 1.093423 3.435235 0.2181969 1.43386 3.364655  SA_HookPunch_Close
0.2030826 0.04475081 3.415995 0.1182019 0.118564 3.430838 -0.02172242 0.3056023 3.229555 0.1949144 0.1195275 3.113141 0.2414281 0.1381844 3.490568 0.4231301 0.3803414 3.574058 0.4085984 0.2408035 3.299427 0.1507269 0.2650807 3.475735 -0.02430521 0.6860878 3.497795 -0.130709 1.077756 3.574275 -0.2071954 1.412395 3.627571 0.1431976 0.709416 3.574607 0.1990468 1.093848 3.434978 0.2185275 1.434649 3.366251  SA_HookPunch_Close
0.1994915 0.04487264 3.419222 0.1143087 0.1184826 3.436537 -0.02671592 0.3082904 3.243836 0.1866872 0.118113 3.128081 0.2396615 0.1389689 3.491348 0.4254044 0.3820785 3.56477 0.4023648 0.2416157 3.291194 0.147982 0.265437 3.479096 -0.02717702 0.6862565 3.504678 -0.1316604 1.078981 3.578335 -0.2068642 1.414425 3.628294 0.1429094 0.7103283 3.575337 0.1992159 1.094248 3.434486 0.2189178 1.435432 3.367756  SA_HookPunch_Close
0.195618 0.04514551 3.422385 0.1102398 0.1186308 3.442093 -0.0315877 0.3109058 3.257628 0.1785414 0.1168886 3.142257 0.237469 0.1398209 3.492103 0.4269978 0.3836639 3.555696 0.3957706 0.242112 3.283497 0.1450424 0.265964 3.482373 -0.02981917 0.6867455 3.511359 -0.1327301 1.080337 3.582563 -0.2069908 1.416403 3.629664 0.1425579 0.7113795 3.576019 0.1994001 1.094706 3.433774 0.2193784 1.436265 3.369075  SA_HookPunch_Close
0.1901056 0.04560018 3.426471 0.1046757 0.1191124 3.448975 -0.03838454 0.313625 3.273561 0.1685943 0.1159755 3.158661 0.2339209 0.1408879 3.493232 0.4279369 0.3852236 3.545577 0.3873824 0.2426618 3.27514 0.1409463 0.2668225 3.486483 -0.03284542 0.6878139 3.519379 -0.1342666 1.082284 3.587803 -0.2078945 1.41884 3.632328 0.1420147 0.7128837 3.576798 0.1995588 1.095426 3.432738 0.2199977 1.437444 3.370657  SA_HookPunch_Close
0.1846479 0.04621243 3.430402 0.09930457 0.1198456 3.455416 -0.04485164 0.315994 3.287781 0.159617 0.1154413 3.173419 0.2301691 0.1419981 3.494416 0.4280772 0.3865309 3.5367 0.3793302 0.2431805 3.268039 0.1369245 0.2678485 3.490355 -0.03546457 0.6891758 3.526675 -0.1358287 1.084328 3.592681 -0.2091771 1.421185 3.635355 0.141404 0.7144931 3.577449 0.1996316 1.096242 3.431571 0.2206351 1.438655 3.3719  SA_HookPunch_Close
0.172282 0.04731584 3.43924 0.08744664 0.1215062 3.468952 -0.05986498 0.3191624 3.31446 0.1418482 0.11555 3.200612 0.2209059 0.1439949 3.49759 0.4260279 0.3882079 3.52186 0.36337 0.2448266 3.256115 0.1277293 0.2699571 3.498624 -0.04087691 0.6922812 3.541015 -0.1389543 1.08868 3.602851 -0.2113894 1.426062 3.642856 0.1392508 0.7177982 3.578491 0.1988841 1.098011 3.429207 0.221768 1.441012 3.373757  SA_HookPunch_Close
0.1512118 0.04775751 3.455016 0.06759335 0.1231823 3.491401 -0.08729784 0.3192506 3.352287 0.1135577 0.1157835 3.236677 0.2034926 0.1456274 3.504241 0.4180079 0.3889478 3.505081 0.339473 0.2470212 3.242796 0.1113709 0.2720882 3.512645 -0.05055801 0.6961477 3.562899 -0.1436714 1.094454 3.619964 -0.2128666 1.433297 3.652699 0.1326099 0.7215992 3.580314 0.1943484 1.099943 3.427187 0.2223319 1.443266 3.376253  SA_HookPunch_Close
0.1313423 0.04736853 3.470945 0.04917004 0.1240983 3.512476 -0.1135006 0.3170618 3.383459 0.08691867 0.1154156 3.263966 0.1857744 0.145927 3.512523 0.4070288 0.3883101 3.496354 0.3189208 0.2463975 3.23712 0.09536727 0.2731194 3.526593 -0.06040142 0.6988469 3.582015 -0.1473437 1.098778 3.637434 -0.2125786 1.439272 3.659383 0.1236667 0.7236939 3.583776 0.1853434 1.100988 3.428056 0.2190817 1.443815 3.37727  SA_HookPunch_Close
0.1204199 0.04698145 3.480097 0.03919806 0.1244172 3.523907 -0.1279033 0.315787 3.399427 0.07165207 0.1153531 3.276498 0.1757832 0.1456554 3.518366 0.3993116 0.3876871 3.494493 0.3080207 0.2438227 3.237445 0.0865062 0.2733581 3.534829 -0.06604521 0.7000094 3.592112 -0.1479646 1.10089 3.648311 -0.2098341 1.44241 3.662828 0.1180365 0.7243087 3.587112 0.1766642 1.101676 3.430395 0.212632 1.443871 3.376951  SA_HookPunch_Close
0.1040776 0.04614747 3.494599 0.02433594 0.1246802 3.541116 -0.1488207 0.3143793 3.422708 0.04872473 0.1155022 3.294134 0.1606835 0.1446695 3.528991 0.3852404 0.3867508 3.495201 0.2923082 0.2371206 3.242064 0.07331152 0.2733189 3.548092 -0.07425629 0.701509 3.60684 -0.1508116 1.104171 3.657605 -0.2092262 1.446529 3.664892 0.1095862 0.7246361 3.593854 0.1612506 1.102831 3.436682 0.1991645 1.443756 3.376845  SA_HookPunch_Close
0.08686526 0.0448184 3.510483 0.008466201 0.1247041 3.558478 -0.1684288 0.3151009 3.444937 0.0272025 0.117267 3.311904 0.144603 0.14294 3.542001 0.365846 0.3870828 3.501716 0.2774942 0.2293093 3.251904 0.05935361 0.2728124 3.562376 -0.08262877 0.7029017 3.620335 -0.1565303 1.107445 3.65852 -0.2124552 1.450217 3.665849 0.1009923 0.7243159 3.602271 0.1462466 1.103884 3.446439 0.1847299 1.443303 3.3789  SA_HookPunch_Close
0.07453509 0.04361081 3.522641 -0.003024204 0.124606 3.570717 -0.1801156 0.3179629 3.459754 0.01453747 0.1205571 3.324667 0.1330268 0.1416142 3.55233 0.3499919 0.3883898 3.510257 0.2677079 0.2268031 3.260811 0.04907246 0.2723316 3.572676 -0.08936886 0.7037737 3.628165 -0.1612668 1.109379 3.657994 -0.2146611 1.452491 3.66784 0.09420766 0.7239764 3.60834 0.1399083 1.103916 3.453548 0.1798963 1.441877 3.379849  SA_HookPunch_Close
0.06885572 0.04300988 3.528814 -0.008322401 0.1245517 3.576647 -0.184717 0.3200889 3.466715 0.009480016 0.1227927 3.330813 0.1277158 0.1410273 3.557689 0.3424191 0.3892485 3.515629 0.2633601 0.2269919 3.265576 0.04426469 0.2721125 3.577739 -0.09279113 0.7041547 3.631392 -0.1638183 1.110173 3.657451 -0.2160039 1.453435 3.66848 0.0908124 0.7238468 3.611305 0.1379785 1.103728 3.456808 0.1789214 1.440867 3.379939  SA_HookPunch_Close
0.06434275 0.04251528 3.534191 -0.01251535 0.1245301 3.581537 -0.1874137 0.3226106 3.4723 0.006274777 0.125308 3.335683 0.1235773 0.1405609 3.562588 0.3365829 0.3900669 3.521619 0.2598817 0.2287852 3.270204 0.04047157 0.2719507 3.58207 -0.09566872 0.7044817 3.633479 -0.16621 1.110762 3.656612 -0.2175103 1.454104 3.669181 0.0880347 0.7237744 3.613925 0.137179 1.103353 3.4593 0.1791101 1.439734 3.379693  SA_HookPunch_Close
0.05913718 0.0420028 3.540513 -0.01735572 0.1245823 3.587162 -0.1901351 0.3258113 3.47863 0.003052073 0.1285728 3.341213 0.118834 0.1400665 3.568459 0.3300684 0.3910388 3.529273 0.2560044 0.2315588 3.275926 0.0361283 0.2718244 3.587141 -0.0989518 0.7049339 3.635666 -0.1691273 1.111453 3.655468 -0.219515 1.45485 3.670089 0.08490069 0.7237352 3.617057 0.1364436 1.102871 3.462129 0.1795836 1.438343 3.379393  SA_HookPunch_Close
0.05599381 0.04173374 3.54449 -0.02029399 0.1246934 3.590508 -0.1912967 0.3280963 3.482253 0.001804369 0.1311002 3.344368 0.116012 0.1397812 3.572334 0.3265695 0.3916135 3.535121 0.2540368 0.2342613 3.280006 0.03356369 0.2717991 3.590304 -0.1008271 0.7053094 3.63665 -0.1711771 1.111889 3.654505 -0.2212839 1.45525 3.670819 0.08317043 0.7237405 3.619135 0.1362217 1.102487 3.463764 0.1801378 1.437413 3.379241  SA_HookPunch_Close
0.05069073 0.04141843 3.551148 -0.02532445 0.1250607 3.595858 -0.1926791 0.3321601 3.487545 0.0008271505 0.1357025 3.349461 0.1112409 0.139378 3.579059 0.3213198 0.3924607 3.546315 0.2515203 0.239801 3.287611 0.02928038 0.2718904 3.595561 -0.1037248 0.7061607 3.637901 -0.1743514 1.112823 3.652478 -0.2239181 1.456092 3.672056 0.08055903 0.7238205 3.622764 0.1358814 1.101785 3.466284 0.1809808 1.435877 3.379128  SA_HookPunch_Close
0.04775574 0.04135191 3.554772 -0.02814255 0.1253921 3.598634 -0.1931442 0.3345294 3.490017 0.0008803774 0.1384275 3.352155 0.1085931 0.1392295 3.582849 0.3189676 0.3926909 3.55311 0.250609 0.2432274 3.292165 0.02693732 0.2720445 3.598403 -0.1051656 0.7067793 3.63837 -0.1759152 1.113481 3.651144 -0.2251536 1.456677 3.672719 0.07928963 0.7239328 3.624821 0.135735 1.101394 3.467531 0.1814298 1.435078 3.379129  SA_HookPunch_Close
0.04460688 0.04142618 3.558376 -0.03119443 0.1258978 3.601186 -0.1933296 0.3369762 3.491532 0.001935737 0.141302 3.354818 0.1057618 0.1391526 3.586884 0.3170579 0.3927193 3.561192 0.2505912 0.2471644 3.297563 0.02447172 0.2723286 3.601218 -0.1064976 0.7076151 3.638533 -0.1769897 1.11442 3.649275 -0.2255984 1.457553 3.673167 0.07815386 0.7241236 3.627006 0.1358593 1.100871 3.468466 0.1822065 1.434175 3.378974  SA_HookPunch_Close
0.03883173 0.04193175 3.564316 -0.03674678 0.1271462 3.605192 -0.1935953 0.3412926 3.492938 0.004635768 0.146456 3.359332 0.1005933 0.1392953 3.593906 0.3138279 0.3927597 3.576134 0.2514889 0.2542086 3.307765 0.02003761 0.2731456 3.605919 -0.1086474 0.7094481 3.638584 -0.1782472 1.116489 3.645514 -0.2255648 1.459486 3.673587 0.07631011 0.7247084 3.630878 0.1366708 1.099961 3.469801 0.1843628 1.432593 3.37854  SA_HookPunch_Close
0.03593786 0.04236877 3.566906 -0.03949432 0.1279238 3.606848 -0.1937696 0.3433422 3.492977 0.006232278 0.148953 3.361373 0.09801777 0.1395065 3.597178 0.3122649 0.3927958 3.583509 0.2523383 0.2574967 3.31294 0.01786216 0.2736964 3.608018 -0.1095875 0.7105035 3.638528 -0.1785529 1.117681 3.643512 -0.2251976 1.4606 3.673594 0.07549216 0.725115 3.632733 0.1374134 1.099536 3.47032 0.1858745 1.43184 3.378268  SA_HookPunch_Close
0.03268464 0.04295027 3.569345 -0.04255466 0.128858 3.608339 -0.1940572 0.3455046 3.492414 0.007844763 0.1513759 3.36335 0.09512062 0.1398088 3.600411 0.3104413 0.3927821 3.591033 0.2533801 0.260219 3.318497 0.01543893 0.2743729 3.61004 -0.1105371 0.711738 3.638498 -0.1786857 1.119074 3.641326 -0.2245943 1.46191 3.673419 0.07465084 0.7256002 3.634649 0.1385834 1.099132 3.470973 0.1880531 1.431079 3.37817  SA_HookPunch_Close
0.02775218 0.04401016 3.572577 -0.04716073 0.1304207 3.610233 -0.1945338 0.3487269 3.491019 0.01011689 0.1547704 3.366093 0.09071101 0.1404204 3.604882 0.3075269 0.3927999 3.601713 0.2549774 0.2635247 3.326703 0.01178368 0.2755407 3.61278 -0.1118663 0.7137348 3.638485 -0.1786491 1.121306 3.638084 -0.2235092 1.464005 3.673003 0.07344116 0.7264441 3.637399 0.1406683 1.09866 3.472053 0.1917995 1.430071 3.378245  SA_HookPunch_Close
0.0224237 0.04503655 3.575234 -0.05207716 0.1319689 3.611824 -0.1954119 0.3518903 3.489268 0.01112934 0.1573453 3.368436 0.08592995 0.140957 3.608584 0.3044564 0.3922125 3.610413 0.2560562 0.2643042 3.334005 0.007879095 0.2766594 3.615089 -0.1130489 0.715737 3.638769 -0.1782591 1.123548 3.635254 -0.2220036 1.466151 3.67245 0.07234301 0.7271589 3.639735 0.142838 1.098343 3.473432 0.1957037 1.429261 3.378849  SA_HookPunch_Close
0.01841702 0.04560149 3.577094 -0.05575935 0.132919 3.612936 -0.1960754 0.3540057 3.487939 0.01170339 0.1589241 3.370131 0.08232202 0.1411499 3.611196 0.3020922 0.3914924 3.616573 0.2567253 0.2643173 3.339314 0.004948692 0.2772828 3.616724 -0.1138949 0.7170114 3.639025 -0.1778843 1.12499 3.633229 -0.2208282 1.467515 3.672041 0.07154144 0.7274612 3.641413 0.1444577 1.097911 3.474519 0.1986241 1.428464 3.379395  SA_HookPunch_Close
0.01346715 0.04608274 3.579078 -0.0603104 0.133857 3.614399 -0.1982444 0.3556913 3.486888 0.01021858 0.1598406 3.371592 0.07783075 0.1411915 3.613705 0.2994785 0.3898766 3.621443 0.256705 0.2618381 3.344169 0.001301961 0.2778294 3.618478 -0.1148928 0.7183338 3.63971 -0.1770836 1.126545 3.631328 -0.2188128 1.469066 3.67148 0.07059516 0.7276033 3.642847 0.1457301 1.097727 3.476215 0.2011676 1.427973 3.380755  SA_HookPunch_Close
0.00854017 0.0464319 3.580987 -0.06483738 0.1346551 3.615853 -0.2005862 0.3571048 3.485935 0.008402364 0.1604766 3.372936 0.07334955 0.1411039 3.616077 0.2968917 0.388047 3.625871 0.2564912 0.2588595 3.348774 -0.002331955 0.2782348 3.620173 -0.115872 0.7194917 3.640451 -0.176217 1.127921 3.629541 -0.2167437 1.470438 3.670934 0.06965978 0.7275894 3.64418 0.1468822 1.097474 3.477971 0.2035446 1.42743 3.382229  SA_HookPunch_Close
