-0.05253534 0.07408905 7.735064 -0.1198014 0.1726139 7.741652 -0.3331397 0.4095793 7.80744 -0.3188202 0.6178765 7.580471 0.01844867 0.1680971 7.743597 0.2413782 0.3977767 7.811028 0.2266836 0.6078271 7.585712 -0.04571066 0.2997118 7.687825 -0.1226021 0.7163768 7.519033 -0.1432705 1.112082 7.402567 -0.1615023 1.456203 7.358719 0.06297894 0.7111923 7.524893 0.1266775 1.10212 7.408612 0.1781379 1.444861 7.375016  SA_DodgeSlap_Close
-0.05274455 0.0734421 7.734168 -0.1198538 0.1720486 7.74042 -0.3341219 0.4093639 7.804096 -0.316801 0.6172922 7.576999 0.0183741 0.1673793 7.743338 0.24099 0.3968539 7.812661 0.227653 0.6072688 7.587601 -0.04524855 0.2992301 7.687508 -0.1217111 0.7159677 7.518932 -0.1421652 1.112076 7.403804 -0.160206 1.45608 7.358975 0.06384303 0.7112288 7.525916 0.1280657 1.101711 7.40843 0.1793457 1.444429 7.37434  SA_DodgeSlap_Close
-0.05297283 0.07256842 7.733159 -0.119904 0.1712661 7.73904 -0.3351783 0.4089589 7.800352 -0.3145159 0.6164815 7.573163 0.01829095 0.1664246 7.74304 0.2405419 0.3956666 7.81447 0.2287137 0.6064888 7.589706 -0.0447347 0.2985381 7.687154 -0.1207207 0.7153558 7.518821 -0.1409541 1.111906 7.405185 -0.1587612 1.455779 7.359268 0.0647939 0.7111114 7.527058 0.1296297 1.101088 7.408239 0.1807186 1.44378 7.373597  SA_DodgeSlap_Close
-0.05495993 0.07135892 7.731813 -0.1216136 0.1702211 7.736877 -0.3377227 0.4085499 7.79546 -0.313291 0.6150072 7.567675 0.01647921 0.1650177 7.743246 0.2382979 0.3933731 7.819121 0.2302981 0.6046866 7.59465 -0.04525207 0.2975613 7.686935 -0.1181585 0.7144468 7.517614 -0.1384755 1.112146 7.408082 -0.1561647 1.455773 7.360315 0.06716271 0.710477 7.529524 0.1330124 1.099764 7.409012 0.1840047 1.442251 7.372266  SA_DodgeSlap_Close
-0.05728505 0.07008886 7.730407 -0.1237002 0.1690713 7.734383 -0.3406416 0.408056 7.789751 -0.3126779 0.6122509 7.560339 0.01421602 0.1635865 7.743672 0.235205 0.3910685 7.824861 0.231863 0.6026179 7.600495 -0.04606984 0.2964956 7.686662 -0.1151058 0.7133648 7.515832 -0.1355069 1.112546 7.411847 -0.1528239 1.45592 7.362163 0.06986858 0.7096632 7.532333 0.1369143 1.098226 7.410155 0.1879606 1.440416 7.370811  SA_DodgeSlap_Close
-0.06019728 0.0688442 7.728797 -0.1264447 0.1678514 7.7311 -0.3443227 0.4075577 7.782035 -0.3130286 0.6068769 7.548797 0.01113017 0.162268 7.744488 0.2303959 0.3889532 7.832842 0.2334605 0.6002265 7.608212 -0.04737739 0.2954165 7.686197 -0.1110095 0.7121028 7.512895 -0.131578 1.11342 7.41752 -0.1479098 1.456544 7.365817 0.07327922 0.7087317 7.535871 0.1418765 1.096488 7.412003 0.1932326 1.438205 7.369108  SA_DodgeSlap_Close
-0.06277226 0.06773734 7.727468 -0.1289567 0.1665976 7.727565 -0.3481186 0.4070346 7.772161 -0.3139037 0.5981165 7.532526 0.008073645 0.161296 7.74578 0.2243333 0.3878205 7.842163 0.2348036 0.5983307 7.61704 -0.048645 0.2944067 7.685664 -0.1064344 0.7108102 7.509535 -0.1268842 1.114305 7.42381 -0.1407218 1.457016 7.368754 0.07679708 0.7078633 7.53985 0.1472413 1.094758 7.414338 0.1991106 1.435859 7.367354  SA_DodgeSlap_Close
-0.0648223 0.06688237 7.726449 -0.1309896 0.165473 7.724138 -0.3514445 0.4065574 7.761506 -0.3147494 0.5873419 7.514366 0.005319254 0.1607286 7.747261 0.2177603 0.387614 7.851467 0.2357156 0.5970641 7.625828 -0.04973833 0.2935884 7.685081 -0.1018954 0.7096645 7.506195 -0.1223245 1.115069 7.430008 -0.1321222 1.457304 7.371242 0.07999243 0.7071831 7.543774 0.1523649 1.093254 7.416831 0.2049208 1.433662 7.36576  SA_DodgeSlap_Close
-0.06665336 0.06620729 7.725923 -0.1327559 0.1644673 7.721079 -0.3546292 0.4062397 7.749689 -0.3157017 0.5744624 7.494164 0.002668219 0.1604288 7.74903 0.2106782 0.3880701 7.860578 0.2361714 0.5963852 7.634615 -0.05077664 0.2928848 7.684622 -0.09742938 0.7086571 7.503175 -0.1181085 1.115669 7.436176 -0.1221037 1.457335 7.373551 0.0828826 0.7065603 7.547725 0.1573518 1.091791 7.419447 0.2107987 1.431445 7.364436  SA_DodgeSlap_Close
-0.06918673 0.06567037 7.726738 -0.1350841 0.1631762 7.717315 -0.3594931 0.4060647 7.726316 -0.317495 0.5456598 7.45455 -0.001441522 0.1607994 7.75297 0.1976567 0.3909894 7.875053 0.2356852 0.5972282 7.648948 -0.05241285 0.292076 7.684284 -0.09062491 0.7074484 7.499055 -0.1115019 1.116535 7.446261 -0.09964065 1.456906 7.377847 0.08674933 0.7057093 7.554163 0.1648855 1.08962 7.424122 0.2200788 1.427987 7.363218  SA_DodgeSlap_Close
-0.07258175 0.06574988 7.729172 -0.1378564 0.1625057 7.714872 -0.3636509 0.4061959 7.697664 -0.3148864 0.5095305 7.411218 -0.006398721 0.161813 7.75795 0.1830804 0.3949583 7.888882 0.2342205 0.5989979 7.663367 -0.05448274 0.2916179 7.684547 -0.08405642 0.7065444 7.495791 -0.1058921 1.11698 7.455283 -0.07294314 1.456026 7.387197 0.08999635 0.7048633 7.560632 0.1720209 1.087287 7.428618 0.2291681 1.42439 7.362711  SA_DodgeSlap_Close
-0.07631896 0.06641781 7.732587 -0.1407184 0.1625481 7.714025 -0.3657688 0.4059001 7.66917 -0.3079536 0.4722923 7.373608 -0.01132326 0.1632665 7.76295 0.1698334 0.3992115 7.899645 0.2322055 0.601341 7.67524 -0.05665068 0.291572 7.685281 -0.07897632 0.7060761 7.49378 -0.1016303 1.117207 7.46164 -0.04807363 1.455 7.400801 0.09218527 0.7041622 7.565902 0.1775243 1.085225 7.432066 0.2362902 1.421385 7.362851  SA_DodgeSlap_Close
-0.08122502 0.06758785 7.736498 -0.1443204 0.1631974 7.713554 -0.3652009 0.4045988 7.635865 -0.2935723 0.4297388 7.336959 -0.01729153 0.1650782 7.768302 0.1557353 0.4034548 7.910109 0.2296555 0.6036941 7.687523 -0.05917452 0.2918313 7.686273 -0.0738049 0.705772 7.492226 -0.09736066 1.117321 7.466785 -0.02552037 1.453693 7.418138 0.09431465 0.7035638 7.571172 0.1831747 1.083011 7.435057 0.2436177 1.41835 7.363345  SA_DodgeSlap_Close
-0.09104769 0.07040262 7.743449 -0.1514547 0.1656543 7.714396 -0.3568574 0.3992429 7.580362 -0.2566684 0.3607559 7.291245 -0.02805023 0.1683133 7.776857 0.1352649 0.4088355 7.924299 0.2252564 0.6065359 7.705391 -0.06374566 0.2929083 7.688816 -0.06697707 0.7057366 7.491708 -0.09022211 1.117555 7.470724 -0.003090424 1.452319 7.438868 0.0971988 0.7028562 7.578538 0.1912387 1.079472 7.438109 0.2536689 1.414212 7.36531  SA_DodgeSlap_Close
-0.09888618 0.07278848 7.74737 -0.1570189 0.1679926 7.714334 -0.3431211 0.3916001 7.538616 -0.2197815 0.3093518 7.268191 -0.03646664 0.1706945 7.782135 0.1209368 0.4116116 7.933776 0.2215789 0.6076926 7.718073 -0.06708364 0.2940198 7.690469 -0.06232504 0.705971 7.491934 -0.08536606 1.117892 7.472824 0.004700141 1.452422 7.447309 0.09933229 0.7026854 7.583354 0.1970883 1.076991 7.439332 0.2606359 1.411584 7.366825  SA_DodgeSlap_Close
-0.1081913 0.07565665 7.750283 -0.1635841 0.1711164 7.713476 -0.3195728 0.3790834 7.493595 -0.1704307 0.2536364 7.254582 -0.04627649 0.1731746 7.78677 0.1061528 0.4130536 7.943416 0.2171837 0.607614 7.731465 -0.07084684 0.2955406 7.692048 -0.05779068 0.7065223 7.49287 -0.08020143 1.118502 7.474285 0.00460686 1.454205 7.446268 0.1017382 0.7028052 7.58794 0.2034394 1.074343 7.43955 0.2677505 1.409153 7.368738  SA_DodgeSlap_Close
-0.1175178 0.07866848 7.751783 -0.1700595 0.1743809 7.711553 -0.2909031 0.3631824 7.455544 -0.1234746 0.1999347 7.254483 -0.05615894 0.1757584 7.790051 0.09136643 0.4144515 7.951592 0.2121126 0.6075275 7.743634 -0.07467119 0.2972277 7.692831 -0.05349384 0.7073463 7.49363 -0.07521956 1.119389 7.475651 0.004138606 1.456232 7.445436 0.1039802 0.7031088 7.592045 0.209751 1.071936 7.439786 0.2748236 1.406991 7.370853  SA_DodgeSlap_Close
-0.1280541 0.08152616 7.748163 -0.1769785 0.1778812 7.704472 -0.244197 0.3401997 7.413909 -0.05601845 0.1458988 7.265776 -0.0681759 0.1777743 7.789907 0.07281382 0.4133949 7.960129 0.2031911 0.6051371 7.756804 -0.07861535 0.2990922 7.691305 -0.048856 0.7088054 7.494611 -0.07103746 1.120837 7.476933 -0.00453095 1.459949 7.441522 0.1070926 0.7039995 7.5954 0.2166685 1.070021 7.439117 0.2817278 1.405898 7.374293  SA_DodgeSlap_Close
-0.1365669 0.084059 7.744028 -0.1824221 0.1809421 7.697832 -0.2043068 0.3195726 7.390071 -0.009666843 0.1038136 7.286771 -0.07792209 0.1795969 7.788469 0.05770232 0.41266 7.965347 0.1956626 0.6033026 7.766031 -0.08189093 0.300776 7.689226 -0.04515932 0.7102836 7.495111 -0.06741916 1.122339 7.478086 -0.01074634 1.463005 7.440555 0.109519 0.7048239 7.597806 0.222438 1.068706 7.438927 0.2876243 1.405226 7.377667  SA_DodgeSlap_Close
-0.1428239 0.08548248 7.737292 -0.1857509 0.1826352 7.688661 -0.1637157 0.3014656 7.37364 0.03865566 0.07837951 7.307414 -0.08657144 0.180672 7.78508 0.04103561 0.4122543 7.969242 0.1846135 0.601695 7.772768 -0.08425103 0.301928 7.685879 -0.04195557 0.7117777 7.495562 -0.0648986 1.123815 7.479011 -0.01522688 1.465445 7.440344 0.1118903 0.7056341 7.599463 0.2266107 1.068316 7.439135 0.2913959 1.405604 7.381802  SA_DodgeSlap_Close
-0.1491913 0.08686829 7.728589 -0.1887691 0.1843512 7.677588 -0.1193759 0.281358 7.363218 0.08534177 0.05224419 7.336665 -0.09576105 0.1816413 7.779958 0.02269949 0.4114906 7.971791 0.172272 0.5996408 7.778577 -0.08661358 0.3030562 7.681347 -0.0385115 0.713524 7.495965 -0.06225596 1.125559 7.480532 -0.01983402 1.46816 7.441822 0.1144545 0.7064812 7.6011 0.2309992 1.068192 7.439898 0.2952739 1.406359 7.387364  SA_DodgeSlap_Close
-0.1513044 0.08702719 7.722867 -0.1886778 0.1841506 7.669887 -0.09133975 0.2713708 7.360843 0.1194698 0.04639506 7.353578 -0.1007776 0.1822051 7.77669 0.00853713 0.413444 7.972406 0.1612005 0.6000824 7.780146 -0.08743952 0.3034023 7.67829 -0.03619937 0.7145711 7.49628 -0.06081144 1.126583 7.481604 -0.02201824 1.469651 7.443227 0.1159925 0.7068872 7.602488 0.2334713 1.068179 7.441025 0.2974671 1.406747 7.390784  SA_DodgeSlap_Close
-0.1529594 0.08696508 7.716024 -0.187738 0.1835908 7.660878 -0.06030367 0.2609019 7.361068 0.1569538 0.04244566 7.374617 -0.1060551 0.1827095 7.772521 -0.007819159 0.415934 7.971993 0.1483062 0.600623 7.780632 -0.08804838 0.3036559 7.674557 -0.03361164 0.7157816 7.496663 -0.05939714 1.127759 7.483091 -0.02453737 1.471329 7.445433 0.1176808 0.7073332 7.604091 0.2360271 1.068328 7.442598 0.299613 1.407348 7.394947  SA_DodgeSlap_Close
-0.1519955 0.08645213 7.713475 -0.185615 0.182387 7.657096 -0.04772411 0.2584926 7.362308 0.1763103 0.0475415 7.3827 -0.1073264 0.182973 7.771148 -0.01627604 0.4189326 7.971061 0.1414798 0.6025993 7.780053 -0.08755772 0.3035144 7.673024 -0.03201536 0.7162887 7.496822 -0.05871813 1.128236 7.484138 -0.02536128 1.472057 7.447419 0.1182924 0.7076157 7.605606 0.237061 1.068215 7.443541 0.3004073 1.407379 7.396602  SA_DodgeSlap_Close
-0.1489644 0.08527374 7.709215 -0.1804523 0.1797332 7.650674 -0.02712832 0.2555522 7.364889 0.2101596 0.06123066 7.397155 -0.1087125 0.1834333 7.768898 -0.03183947 0.4250389 7.968478 0.1290393 0.6070101 7.778454 -0.08602075 0.3031592 7.670409 -0.02872573 0.7172097 7.49709 -0.05726502 1.129086 7.486226 -0.02654891 1.473384 7.451734 0.1191948 0.708351 7.609084 0.2390503 1.067709 7.445072 0.3019726 1.407071 7.399006  SA_DodgeSlap_Close
-0.146735 0.08465362 7.707573 -0.177292 0.1783452 7.648258 -0.02117942 0.2561274 7.365393 0.2227268 0.07118964 7.403013 -0.1085421 0.1836596 7.768185 -0.03874735 0.4279861 7.967175 0.123657 0.6100586 7.778551 -0.08487944 0.3030416 7.669507 -0.02654461 0.7175974 7.497051 -0.05562643 1.129457 7.48704 -0.02591274 1.474011 7.454272 0.119229 0.7091122 7.611854 0.2407885 1.066656 7.445152 0.3038211 1.405964 7.398841  SA_DodgeSlap_Close
-0.1448504 0.084203 7.705873 -0.1746169 0.177381 7.646093 -0.01661603 0.2566725 7.365383 0.2317488 0.07892263 7.408132 -0.1083109 0.1837809 7.767336 -0.04412035 0.4298111 7.966191 0.1194679 0.6123681 7.779064 -0.08385263 0.303044 7.668708 -0.02456181 0.7179614 7.496979 -0.05386375 1.12982 7.487558 -0.02548735 1.474639 7.456447 0.1191221 0.710005 7.614423 0.2425767 1.065514 7.444789 0.305727 1.404784 7.398356  SA_DodgeSlap_Close
-0.1437663 0.08403218 7.704275 -0.1730394 0.177097 7.64446 -0.01442419 0.2571131 7.364623 0.2353843 0.0824492 7.411482 -0.1080999 0.1837575 7.766426 -0.04687236 0.4299934 7.965976 0.1173105 0.6134995 7.780305 -0.08318029 0.3032123 7.668146 -0.02307497 0.7182358 7.496847 -0.05206321 1.13012 7.487567 -0.02522652 1.475182 7.457811 0.1188623 0.7109551 7.61644 0.2442451 1.064387 7.443904 0.3075022 1.403643 7.397516  SA_DodgeSlap_Close
-0.1425183 0.08384621 7.702461 -0.1712708 0.1768032 7.64264 -0.01202433 0.2575878 7.363733 0.2392213 0.08627689 7.415072 -0.1078109 0.1837128 7.765368 -0.04978571 0.4301046 7.965703 0.1149534 0.6146952 7.781606 -0.08241819 0.3034049 7.667499 -0.02147214 0.7185634 7.496721 -0.0501288 1.130475 7.487665 -0.02508513 1.475804 7.459476 0.1185281 0.7120247 7.618617 0.2461231 1.063108 7.442936 0.3095455 1.402347 7.396653  SA_DodgeSlap_Close
-0.1415901 0.08377326 7.699718 -0.1699805 0.1770352 7.640235 -0.009027107 0.2574247 7.362274 0.2409055 0.08561695 7.41816 -0.1076215 0.1833695 7.763557 -0.05150286 0.4284285 7.966202 0.1128794 0.6146948 7.783479 -0.08185486 0.303816 7.666717 -0.02025072 0.7190441 7.496768 -0.04810087 1.131008 7.487563 -0.02647207 1.476729 7.461425 0.117959 0.7135138 7.62074 0.248227 1.061785 7.441461 0.3117976 1.401062 7.395656  SA_DodgeSlap_Close
-0.1408768 0.0837214 7.697758 -0.1690365 0.1772004 7.638533 -0.006957514 0.257341 7.361217 0.2420363 0.08521748 7.420236 -0.1074256 0.1831193 7.762251 -0.05263023 0.4272121 7.966519 0.111426 0.6146873 7.784741 -0.08143686 0.3041046 7.666144 -0.0194212 0.7193977 7.496808 -0.04671202 1.131398 7.487573 -0.02749161 1.477374 7.462976 0.1175311 0.7145669 7.622196 0.2497187 1.060824 7.440437 0.3134162 1.400127 7.395006  SA_DodgeSlap_Close
-0.1393806 0.08363819 7.694438 -0.1673879 0.1775323 7.635592 -0.002122266 0.2566766 7.360003 0.2441828 0.08223093 7.423328 -0.1069386 0.1826609 7.759917 -0.05440883 0.4247332 7.967425 0.1086136 0.6145312 7.787134 -0.08075599 0.3046609 7.665155 -0.0186886 0.7201303 7.496996 -0.04485462 1.13219 7.487172 -0.03053538 1.478574 7.465097 0.1167375 0.7164247 7.624069 0.2518428 1.05957 7.438594 0.3154387 1.399078 7.394573  SA_DodgeSlap_Close
-0.1384247 0.08358562 7.692687 -0.1664257 0.1776958 7.634045 0.0006231238 0.256284 7.359472 0.2454004 0.0804497 7.424847 -0.1065451 0.1824106 7.758661 -0.05524753 0.4233657 7.967928 0.1070851 0.6144786 7.788405 -0.08034764 0.3049618 7.664618 -0.01845436 0.7205535 7.497105 -0.04399912 1.132644 7.486915 -0.03247605 1.479223 7.466326 0.116284 0.7174343 7.624922 0.2528436 1.058998 7.4376 0.3163014 1.398652 7.394523  SA_DodgeSlap_Close
-0.1374212 0.08352506 7.691778 -0.165567 0.1776924 7.6332 0.002869742 0.2560265 7.359612 0.2468914 0.07954025 7.426047 -0.1060279 0.1823075 7.757983 -0.05587516 0.422744 7.968269 0.1059642 0.6148114 7.789321 -0.0799834 0.3051646 7.664297 -0.01859824 0.7208732 7.497094 -0.04369269 1.132977 7.486347 -0.03465359 1.479696 7.466895 0.1159008 0.7181331 7.625172 0.253179 1.058975 7.437063 0.3163448 1.398824 7.395105  SA_DodgeSlap_Close
-0.136397 0.08345807 7.690886 -0.1647022 0.1776839 7.632383 0.005018311 0.2557973 7.359735 0.2483143 0.07867277 7.427126 -0.1054663 0.1821929 7.757315 -0.05638961 0.4221022 7.968599 0.1049108 0.6151192 7.790187 -0.07960068 0.3053557 7.66398 -0.01876668 0.7211902 7.497093 -0.04343079 1.133306 7.485842 -0.03679983 1.480144 7.467583 0.1155287 0.7188153 7.625393 0.2534595 1.058965 7.436509 0.3163181 1.399006 7.395657  SA_DodgeSlap_Close
-0.1357983 0.08349419 7.690991 -0.1643221 0.1776656 7.632479 0.006087976 0.2558658 7.360471 0.2495477 0.07918835 7.428441 -0.1051112 0.1822844 7.757419 -0.05659859 0.4223034 7.968777 0.1047043 0.6155272 7.790591 -0.0794823 0.3055062 7.664098 -0.01917581 0.7213503 7.497035 -0.04346935 1.133471 7.485179 -0.03800718 1.480348 7.467263 0.115261 0.7191254 7.625189 0.2533593 1.059152 7.436207 0.3160835 1.399294 7.395996  SA_DodgeSlap_Close
-0.135139 0.08353984 7.691236 -0.1639324 0.177637 7.632712 0.007134097 0.2559952 7.36137 0.2509068 0.07996631 7.429899 -0.1046916 0.1824024 7.757633 -0.05672226 0.4226152 7.968964 0.104614 0.6159945 7.790977 -0.07935981 0.305666 7.664285 -0.01969145 0.7215152 7.496972 -0.04358153 1.13364 7.484438 -0.03929679 1.480549 7.466836 0.114974 0.7194303 7.624887 0.2531601 1.059401 7.435869 0.3157395 1.399649 7.396336  SA_DodgeSlap_Close
-0.1346487 0.08360922 7.691725 -0.1637422 0.1776358 7.633234 0.007685976 0.2563652 7.362367 0.2519807 0.08114564 7.431111 -0.1043032 0.1825339 7.758055 -0.05648897 0.4230744 7.969079 0.1048868 0.6163726 7.79104 -0.0793194 0.3058077 7.664627 -0.02032779 0.7216343 7.496949 -0.04380004 1.133761 7.483706 -0.04029809 1.480682 7.466166 0.1147066 0.7196299 7.624476 0.2527743 1.059736 7.435615 0.315208 1.400076 7.396647  SA_DodgeSlap_Close
-0.1341818 0.08375025 7.692854 -0.1637762 0.177677 7.63448 0.007714944 0.2573059 7.364017 0.2531275 0.08356309 7.432528 -0.1037656 0.1827514 7.759021 -0.05555723 0.4239986 7.969133 0.1058824 0.6167945 7.790608 -0.07938837 0.3059902 7.665387 -0.02147917 0.7217392 7.496984 -0.04430745 1.133864 7.482621 -0.04135619 1.480773 7.464747 0.1143345 0.7197574 7.623682 0.251895 1.060373 7.435369 0.3141144 1.400828 7.397072  SA_DodgeSlap_Close
-0.1340099 0.0838567 7.693702 -0.164001 0.1777555 7.635497 0.007253962 0.2581167 7.36513 0.2534127 0.085168 7.43297 -0.1033845 0.1828662 7.759742 -0.05433009 0.4245236 7.969184 0.1069543 0.6168813 7.790047 -0.07952093 0.306109 7.665981 -0.02239118 0.7218106 7.497109 -0.04470305 1.133936 7.481963 -0.04207866 1.480836 7.463867 0.1140719 0.7197942 7.623107 0.2511624 1.060853 7.435256 0.3133048 1.401349 7.397188  SA_DodgeSlap_Close
-0.1339471 0.08396018 7.694528 -0.1643362 0.1778595 7.636538 0.006519275 0.2589663 7.366141 0.2533481 0.08660376 7.433031 -0.1030246 0.1829487 7.760442 -0.05281977 0.4249343 7.969234 0.1081882 0.6168275 7.789351 -0.0796967 0.3062133 7.666574 -0.02330838 0.7218757 7.497293 -0.04510109 1.134001 7.481416 -0.04274575 1.480893 7.46312 0.1138247 0.7197946 7.62256 0.2504056 1.061322 7.435187 0.3125238 1.401829 7.397182  SA_DodgeSlap_Close
-0.1338613 0.0840565 7.695399 -0.1646882 0.1779619 7.637654 0.005663114 0.2599201 7.367211 0.2532137 0.08817589 7.433016 -0.1026041 0.1830177 7.761174 -0.0510969 0.4253207 7.969289 0.1095354 0.6167395 7.788567 -0.07987438 0.3063141 7.667202 -0.02430568 0.7219492 7.497511 -0.04555289 1.134073 7.480868 -0.04347913 1.480955 7.462368 0.1135593 0.7197863 7.62197 0.2495725 1.061816 7.435103 0.3116737 1.40233 7.397135  SA_DodgeSlap_Close
-0.1338425 0.08412063 7.696363 -0.1652262 0.1780684 7.638944 0.004043477 0.2612748 7.368316 0.2523598 0.09001744 7.432483 -0.1020882 0.1830263 7.761933 -0.04847292 0.4254247 7.969502 0.1111895 0.616428 7.787485 -0.08017318 0.3064033 7.667873 -0.02549492 0.7220803 7.497896 -0.04602997 1.134202 7.480337 -0.04411338 1.481067 7.461483 0.1132386 0.7197214 7.621383 0.248604 1.062305 7.43506 0.310842 1.402755 7.396743  SA_DodgeSlap_Close
-0.1337954 0.08417714 7.69723 -0.1656864 0.1781647 7.640117 0.002513127 0.2623209 7.369176 0.2514688 0.0914222 7.431804 -0.1015876 0.1830305 7.762611 -0.04605715 0.4255065 7.969675 0.1126943 0.6161453 7.786483 -0.08042018 0.3064842 7.668481 -0.02657406 0.7222065 7.498261 -0.04649065 1.134324 7.47989 -0.04472737 1.481172 7.460735 0.1129517 0.7196685 7.620849 0.2477142 1.062754 7.435013 0.3100705 1.403147 7.396387  SA_DodgeSlap_Close
-0.1336625 0.08419335 7.698471 -0.1662691 0.1782203 7.641735 -0.0002797674 0.2642919 7.370159 0.2496266 0.09398282 7.430568 -0.1008271 0.1830028 7.76352 -0.04260914 0.4254931 7.970013 0.1146293 0.6157911 7.78517 -0.08073632 0.3065435 7.669269 -0.02797465 0.7223569 7.498767 -0.04701112 1.134457 7.479124 -0.04529599 1.48127 7.459341 0.1126181 0.7195143 7.620122 0.2464888 1.063323 7.434979 0.3089469 1.403636 7.39582  SA_DodgeSlap_Close
-0.1333259 0.08414936 7.700568 -0.1671525 0.178231 7.644449 -0.00561188 0.268079 7.371679 0.245916 0.09882879 7.428209 -0.09943621 0.1829081 7.764989 -0.03665302 0.4253238 7.970599 0.1177505 0.6152176 7.78297 -0.08121167 0.3065838 7.670535 -0.0302497 0.7225876 7.499636 -0.04784755 1.134638 7.477735 -0.04609982 1.481379 7.456724 0.1121106 0.7191789 7.618898 0.2444208 1.064227 7.434943 0.3069918 1.404406 7.394804  SA_DodgeSlap_Close
-0.1329955 0.08404994 7.701877 -0.1675728 0.1781634 7.646135 -0.0100439 0.2715275 7.372332 0.2425589 0.1031876 7.426748 -0.09840821 0.1827838 7.765852 -0.03299741 0.4251121 7.970926 0.1196906 0.6148453 7.781738 -0.0813515 0.30652 7.671259 -0.03148566 0.7226303 7.500069 -0.04837839 1.134635 7.476793 -0.04654149 1.48132 7.454892 0.1119684 0.7188437 7.618002 0.2432435 1.064759 7.434937 0.3057269 1.404904 7.394381  SA_DodgeSlap_Close
-0.13254 0.0839144 7.703462 -0.1680468 0.1780696 7.648211 -0.0155956 0.2758176 7.373251 0.2382805 0.1085556 7.424999 -0.09709255 0.1826143 7.766879 -0.02843438 0.4248208 7.971255 0.1220898 0.6143737 7.780162 -0.08149277 0.3064307 7.672139 -0.03301023 0.7226824 7.500616 -0.04909335 1.13462 7.475653 -0.04717926 1.481235 7.452664 0.1117903 0.7184244 7.616875 0.2417908 1.06541 7.434929 0.3041694 1.405515 7.39388  SA_DodgeSlap_Close
-0.1319942 0.08373821 7.705239 -0.1685018 0.1779606 7.650576 -0.02256445 0.2813514 7.374244 0.2327931 0.1154653 7.423048 -0.09551255 0.1823792 7.768008 -0.02340917 0.4244312 7.971537 0.1247854 0.6137919 7.778443 -0.08151905 0.306281 7.67313 -0.03461305 0.722627 7.501122 -0.04999975 1.134482 7.474415 -0.04802076 1.481015 7.450232 0.1116464 0.7179253 7.615523 0.2402545 1.066098 7.434861 0.3024292 1.406192 7.393409  SA_DodgeSlap_Close
-0.1313447 0.08352017 7.707211 -0.1689284 0.1778387 7.653248 -0.03110884 0.2882254 7.37549 0.2258977 0.1239662 7.421031 -0.0936421 0.1820741 7.769228 -0.01787387 0.4239323 7.971742 0.1278058 0.6130884 7.776545 -0.08141904 0.3060683 7.674226 -0.03630469 0.7224609 7.501583 -0.05111734 1.134216 7.473072 -0.04909114 1.480655 7.447577 0.1115334 0.7173408 7.613918 0.2386317 1.066828 7.434731 0.3005076 1.40694 7.392979  SA_DodgeSlap_Close
-0.130501 0.08323574 7.709549 -0.1693535 0.1776865 7.656487 -0.04200939 0.2967892 7.377304 0.2171652 0.1348169 7.418547 -0.0913047 0.181666 7.770636 -0.01127212 0.4232614 7.971871 0.1314584 0.6121679 7.774269 -0.08121286 0.3057835 7.675544 -0.03832762 0.7221978 7.502099 -0.05257497 1.13382 7.471457 -0.05051647 1.480138 7.44437 0.1113381 0.7166594 7.611968 0.2367226 1.067671 7.434562 0.2982837 1.407794 7.39243  SA_DodgeSlap_Close
-0.1295258 0.08288419 7.712149 -0.1697037 0.1775209 7.660172 -0.05575971 0.3071945 7.379537 0.2066383 0.1491373 7.415213 -0.08858649 0.1811342 7.772172 -0.00430326 0.4223961 7.971959 0.1355586 0.6109678 7.772 -0.08080731 0.3054 7.677057 -0.04050545 0.7216985 7.502503 -0.05432383 1.13316 7.469591 -0.05217366 1.479327 7.44065 0.1109996 0.7159682 7.609811 0.234726 1.068518 7.434301 0.2959994 1.408626 7.391641  SA_DodgeSlap_Close
-0.1285803 0.08255684 7.714382 -0.1699333 0.1773688 7.66343 -0.06819294 0.3164551 7.382424 0.1967666 0.1616392 7.413017 -0.08609013 0.1806355 7.773416 0.002023833 0.4215657 7.971848 0.1392473 0.6098613 7.769811 -0.0804017 0.3050494 7.678347 -0.04247371 0.7212673 7.502879 -0.05598794 1.132573 7.467958 -0.05382053 1.4786 7.437381 0.1106626 0.7153514 7.607835 0.2329429 1.069278 7.43409 0.2939999 1.40937 7.390994  SA_DodgeSlap_Close
-0.1268543 0.08186281 7.717469 -0.1699735 0.1769973 7.668304 -0.09054063 0.3309084 7.386642 0.1809305 0.1859851 7.406844 -0.08196186 0.1796105 7.775002 0.01171662 0.4198807 7.971571 0.1457136 0.6074684 7.766729 -0.07953458 0.304353 7.680224 -0.04559342 0.7204026 7.503322 -0.05867765 1.131468 7.465528 -0.05618433 1.47725 7.432324 0.1097296 0.7145781 7.60502 0.2299602 1.070426 7.433788 0.2906752 1.410472 7.389848  SA_DodgeSlap_Close
-0.1252006 0.08120942 7.719918 -0.1698314 0.17664 7.672425 -0.1104879 0.3433211 7.392212 0.1661241 0.207386 7.402938 -0.07824086 0.1786495 7.77608 0.02033599 0.4182782 7.970954 0.1514489 0.6052689 7.763714 -0.07869296 0.3037167 7.681701 -0.04837088 0.7196703 7.50372 -0.06116472 1.130513 7.463476 -0.0584843 1.476073 7.42805 0.1088336 0.7139162 7.602489 0.2273266 1.071438 7.433547 0.2877956 1.411443 7.38896  SA_DodgeSlap_Close
-0.1228764 0.08026695 7.721897 -0.1691256 0.1760015 7.67634 -0.1343309 0.355436 7.39819 0.1494736 0.2347945 7.395333 -0.0739346 0.1773779 7.77671 0.02963706 0.4162922 7.96999 0.1578763 0.6026393 7.760386 -0.07752107 0.3029065 7.683013 -0.05149005 0.7188933 7.504198 -0.06385027 1.129504 7.461526 -0.06111471 1.47486 7.42417 0.1076251 0.7133313 7.599869 0.2242545 1.072439 7.433006 0.2843902 1.412441 7.387954  SA_DodgeSlap_Close
-0.1206536 0.07936561 7.723475 -0.168358 0.1753941 7.679819 -0.1565282 0.3663979 7.406175 0.1326019 0.2602221 7.390745 -0.06988035 0.1761544 7.776972 0.03839793 0.4143391 7.968685 0.1638945 0.6001032 7.756914 -0.07638375 0.3021364 7.684044 -0.05441127 0.7181967 7.504638 -0.0664473 1.128581 7.459753 -0.06372438 1.473744 7.42065 0.1064499 0.7127903 7.597352 0.2214138 1.07339 7.432564 0.2813 1.41339 7.387163  SA_DodgeSlap_Close
-0.1170599 0.07803619 7.724517 -0.1665336 0.1743317 7.683198 -0.1851703 0.377427 7.416506 0.1099862 0.2956177 7.380487 -0.06456022 0.1745123 7.776679 0.04883679 0.4118643 7.966761 0.1708358 0.5976551 7.752979 -0.07456784 0.3011386 7.684945 -0.05790297 0.7174733 7.505276 -0.06934516 1.127576 7.457739 -0.06711875 1.472594 7.417349 0.1049199 0.7123583 7.594518 0.2178129 1.074405 7.43148 0.2771597 1.414485 7.38597  SA_DodgeSlap_Close
-0.1131107 0.07670093 7.725124 -0.164389 0.173272 7.686416 -0.2156094 0.3880893 7.431411 0.08247347 0.3341926 7.373538 -0.05884371 0.17284 7.775844 0.06000068 0.409246 7.964115 0.1782351 0.5951543 7.748331 -0.07254778 0.3001786 7.685586 -0.06160049 0.7168609 7.505923 -0.07244043 1.126641 7.455551 -0.07082312 1.471518 7.413944 0.1032303 0.712045 7.591416 0.2140374 1.075598 7.430311 0.2728723 1.415768 7.384812  SA_DodgeSlap_Close
-0.1077066 0.07511687 7.724959 -0.1610644 0.1719203 7.689287 -0.2496541 0.3971522 7.451937 0.04544689 0.3823459 7.363598 -0.05185769 0.1709356 7.774199 0.0733961 0.4063081 7.960098 0.1864563 0.5934548 7.742617 -0.06972919 0.29915 7.685933 -0.06563084 0.7162753 7.506615 -0.07577591 1.125628 7.452747 -0.07546763 1.47043 7.41049 0.1011898 0.7121054 7.588193 0.2096929 1.076876 7.428277 0.267553 1.417288 7.383338  SA_DodgeSlap_Close
-0.1013995 0.07349932 7.724088 -0.1570418 0.1705495 7.69208 -0.2859505 0.4046234 7.481828 -0.004281504 0.4378451 7.360723 -0.04383508 0.1689433 7.771572 0.08926322 0.4030656 7.954188 0.1958146 0.5920351 7.735004 -0.06641142 0.2981771 7.685908 -0.07014559 0.7158 7.507306 -0.07955526 1.124589 7.449191 -0.08097397 1.469343 7.406567 0.09877653 0.7124366 7.584478 0.2048672 1.078386 7.42564 0.2616288 1.419109 7.381667  SA_DodgeSlap_Close
-0.09672938 0.07252014 7.723301 -0.1540303 0.1697451 7.694108 -0.3092216 0.4078273 7.50734 -0.04625038 0.4786099 7.362621 -0.03798811 0.1676804 7.769389 0.1018614 0.4008483 7.948668 0.2025313 0.591789 7.728414 -0.0639836 0.2976683 7.685863 -0.0733218 0.7155457 7.507787 -0.08223747 1.123817 7.446063 -0.0853316 1.468583 7.403631 0.09695376 0.7129021 7.581954 0.2015366 1.0793 7.423151 0.2574418 1.420299 7.380231  SA_DodgeSlap_Close
-0.0918719 0.07167482 7.722275 -0.1509463 0.1691126 7.696443 -0.3314387 0.4097342 7.539317 -0.09621619 0.5215425 7.374161 -0.03175984 0.1664817 7.766621 0.1163861 0.3984554 7.941338 0.2096858 0.5918328 7.719968 -0.06156103 0.2973163 7.685728 -0.07700728 0.7154214 7.508329 -0.08537899 1.122999 7.442111 -0.09046666 1.467805 7.400196 0.09475924 0.7135101 7.578999 0.1977272 1.08037 7.420207 0.2527954 1.421668 7.378601  SA_DodgeSlap_Close
-0.08846293 0.07126391 7.721692 -0.1489264 0.1689116 7.698808 -0.3455101 0.4104125 7.567087 -0.1376742 0.5534159 7.389713 -0.02715049 0.1657366 7.764366 0.1288508 0.3965605 7.934245 0.2149405 0.5922941 7.712026 -0.06005613 0.2972649 7.685836 -0.0802099 0.7154443 7.508892 -0.08815067 1.122295 7.438294 -0.09510617 1.467163 7.397163 0.09277131 0.7140332 7.576546 0.1944655 1.081184 7.417606 0.2489787 1.422713 7.377175  SA_DodgeSlap_Close
-0.08574156 0.07105398 7.721246 -0.1473602 0.1688983 7.701151 -0.3554338 0.4104004 7.592857 -0.1732675 0.5783222 7.409213 -0.0232986 0.1652126 7.762245 0.1400593 0.3949564 7.927096 0.2191236 0.5928752 7.704203 -0.05897788 0.2973471 7.685976 -0.08333568 0.7155765 7.509507 -0.0908979 1.121682 7.434703 -0.09938346 1.466607 7.394342 0.09080131 0.7144902 7.574134 0.1911435 1.082068 7.415321 0.2452246 1.423797 7.376026  SA_DodgeSlap_Close
-0.08291058 0.07111061 7.721436 -0.145982 0.1692885 7.705625 -0.3642122 0.410671 7.629121 -0.2160979 0.6050249 7.440982 -0.01865767 0.1647788 7.759526 0.1561985 0.3928 7.915435 0.223488 0.594088 7.691695 -0.05831436 0.2977332 7.686726 -0.08855407 0.7159666 7.510925 -0.09555881 1.120759 7.429264 -0.1059331 1.465755 7.389971 0.08747353 0.7149282 7.57021 0.1851708 1.083653 7.412411 0.2388297 1.425651 7.37491  SA_DodgeSlap_Close
-0.08053242 0.07137978 7.7224 -0.1446275 0.1697804 7.710193 -0.3676813 0.4107062 7.658413 -0.243085 0.6181654 7.467248 -0.01470332 0.1647582 7.757434 0.169703 0.3917478 7.904067 0.2260819 0.5954935 7.679538 -0.05778049 0.2981589 7.687449 -0.09349118 0.7163817 7.512342 -0.1004432 1.119915 7.424664 -0.1119895 1.46491 7.385692 0.08439727 0.7150168 7.565778 0.178454 1.085771 7.410542 0.2318589 1.427977 7.374609  SA_DodgeSlap_Close
-0.07833241 0.07169247 7.72349 -0.1431967 0.1702818 7.714649 -0.3683678 0.4106044 7.684906 -0.2634632 0.6268682 7.49169 -0.0111203 0.1648443 7.755435 0.1817641 0.3910183 7.892551 0.2277301 0.5968937 7.667592 -0.05730323 0.2985725 7.688105 -0.09825169 0.7167857 7.513803 -0.1055597 1.119034 7.420436 -0.1180515 1.464005 7.381543 0.08131744 0.7149692 7.561271 0.1717075 1.08793 7.409173 0.225041 1.430297 7.374704  SA_DodgeSlap_Close
-0.07536934 0.07210922 7.725404 -0.1408109 0.1707397 7.719082 -0.3667699 0.4104493 7.705568 -0.2750516 0.6274118 7.506514 -0.007073564 0.1653101 7.754041 0.19222 0.3916854 7.881448 0.2287682 0.5985245 7.655647 -0.05608926 0.2989026 7.688467 -0.1023438 0.7169837 7.514759 -0.1108188 1.1182 7.417146 -0.1241506 1.463099 7.37789 0.07873888 0.7146477 7.556052 0.1646285 1.090374 7.408213 0.2178913 1.432806 7.374285  SA_DodgeSlap_Close
-0.0725057 0.07248425 7.727056 -0.1383929 0.1711619 7.723174 -0.3640244 0.4102587 7.725123 -0.2852298 0.6278651 7.521294 -0.003309889 0.1657188 7.752503 0.2016867 0.3922474 7.870367 0.2292939 0.6000028 7.644137 -0.05495064 0.2991902 7.688723 -0.1062351 0.717154 7.515748 -0.1160666 1.117333 7.414086 -0.1302142 1.462161 7.374501 0.07609399 0.7142983 7.551096 0.1580761 1.092539 7.407513 0.2113825 1.435013 7.374076  SA_DodgeSlap_Close
-0.06851082 0.07290626 7.729144 -0.1348429 0.1715573 7.727607 -0.3593813 0.4100566 7.744504 -0.2940119 0.6259614 7.53422 0.001418428 0.1663125 7.7509 0.2114858 0.3935406 7.857892 0.2295315 0.6018146 7.631174 -0.05308996 0.2994177 7.688762 -0.1100556 0.7171459 7.516504 -0.1218806 1.116341 7.411252 -0.1369015 1.461053 7.370976 0.07341273 0.7137674 7.545305 0.1508202 1.094988 7.407166 0.2038635 1.437519 7.3739  SA_DodgeSlap_Close
-0.06274323 0.07343972 7.731741 -0.1295417 0.1720498 7.733373 -0.351039 0.4098475 7.77 -0.3046407 0.6227604 7.551773 0.007889049 0.1670814 7.748385 0.223887 0.395303 7.840144 0.2290008 0.6041713 7.613314 -0.05044411 0.2996403 7.688596 -0.1151417 0.7170293 7.517569 -0.1300729 1.114871 7.407688 -0.1463197 1.459406 7.366388 0.06949945 0.7129027 7.537372 0.1413295 1.097997 7.407192 0.194037 1.440591 7.374037  SA_DodgeSlap_Close
-0.05820094 0.07375932 7.733366 -0.1252661 0.1723237 7.737195 -0.3436545 0.4097075 7.786998 -0.3113623 0.6205763 7.564289 0.0126843 0.1675799 7.746384 0.2320654 0.3964963 7.827358 0.2282722 0.6058918 7.600987 -0.04829792 0.2997103 7.688313 -0.1184791 0.7167708 7.518173 -0.1358799 1.113678 7.405317 -0.1529852 1.458032 7.362872 0.06671293 0.712193 7.531757 0.1345689 1.100012 7.407679 0.1867034 1.442675 7.374326  SA_DodgeSlap_Close
-0.0540391 0.0740099 7.734648 -0.1212661 0.1725434 7.740502 -0.3360695 0.4096097 7.802097 -0.3169422 0.6185914 7.576115 0.0169418 0.1679721 7.744368 0.2390012 0.3974601 7.815403 0.2271782 0.6073367 7.589757 -0.04638789 0.2997216 7.687969 -0.1215116 0.71649 7.518793 -0.1412923 1.112519 7.403275 -0.159219 1.456702 7.359797 0.06399806 0.7114713 7.5267 0.1287143 1.101605 7.408332 0.1803494 1.444325 7.3748  SA_DodgeSlap_Close
