-0.0111063 0.04955614 10.55362 -0.07766221 0.1420635 10.59095 -0.213819 0.361618 10.4571 -0.03916393 0.1275629 10.358 0.06062885 0.1387728 10.58953 0.341184 0.3130859 10.51368 0.2420103 0.1322926 10.28437 -0.005138857 0.2807903 10.59695 -0.08703481 0.728498 10.62634 -0.1502734 1.136115 10.64693 -0.1983908 1.474847 10.70709 0.09863754 0.7234629 10.62774 0.1763226 1.097103 10.47038 0.2331914 1.427564 10.37652  A_Kick_Far
-0.01176278 0.04709995 10.55598 -0.07729118 0.1397387 10.59463 -0.2229168 0.3595957 10.46549 -0.04028849 0.1345187 10.36016 0.06090524 0.1366907 10.58918 0.3427071 0.3089644 10.50776 0.2430877 0.1450254 10.26629 -0.004898233 0.2786292 10.59771 -0.08629118 0.726494 10.6271 -0.1503516 1.133982 10.64771 -0.1985598 1.473405 10.70376 0.09935816 0.7214119 10.62394 0.175756 1.096908 10.47041 0.232284 1.42814 10.3791  A_Kick_Far
-0.01227264 0.04355741 10.55956 -0.07618253 0.1363463 10.60027 -0.2359099 0.3565345 10.47957 -0.04231856 0.1468334 10.36272 0.06163867 0.1336865 10.58863 0.3447053 0.302964 10.49835 0.2450885 0.1659092 10.24067 -0.004209859 0.2754831 10.59898 -0.08489321 0.7235826 10.62855 -0.1498933 1.130912 10.64934 -0.1981455 1.471339 10.69889 0.1005032 0.718381 10.61842 0.1749699 1.095537 10.46805 0.2309787 1.42728 10.37828  A_Kick_Far
-0.01007543 0.03733456 10.56231 -0.07096462 0.1299399 10.60732 -0.2545724 0.3505138 10.50647 -0.04583709 0.1770588 10.36001 0.0654508 0.128337 10.58439 0.3472374 0.2940842 10.47632 0.2484959 0.2069429 10.19746 -0.0006217788 0.2696618 10.59892 -0.08041446 0.7181501 10.63025 -0.1447744 1.125533 10.65196 -0.1915938 1.467874 10.6878 0.1038788 0.7125748 10.60774 0.174257 1.093347 10.46469 0.228644 1.426597 10.37964  A_Kick_Far
-0.006718798 0.03284276 10.5625 -0.06523202 0.1250902 10.61091 -0.265051 0.3453357 10.52763 -0.05127899 0.2036618 10.35635 0.06954964 0.1244268 10.57975 0.3487808 0.2884365 10.45857 0.2525203 0.239472 10.16971 0.003402846 0.2653034 10.59786 -0.07582514 0.7140834 10.63122 -0.1405355 1.121563 10.64987 -0.1870133 1.464718 10.67741 0.1071224 0.7081144 10.59966 0.1736046 1.091663 10.46228 0.2259821 1.426044 10.38046  A_Kick_Far
-0.00362937 0.02889097 10.56253 -0.05984513 0.1208369 10.61384 -0.2726567 0.3403586 10.54782 -0.05916141 0.2288238 10.35524 0.0730563 0.1209782 10.57544 0.3494254 0.2833172 10.44257 0.2576757 0.2683057 10.14853 0.007036583 0.2614639 10.59676 -0.07161991 0.7105076 10.63192 -0.1369928 1.118 10.64777 -0.1835729 1.461652 10.66795 0.109754 0.7041551 10.59237 0.1733858 1.089969 10.46007 0.2243737 1.425246 10.38109  A_Kick_Far
0.0004971792 0.0247252 10.56152 -0.05304573 0.1162556 10.61606 -0.2775986 0.3348402 10.57019 -0.07029317 0.2570566 10.35552 0.07741506 0.1172556 10.57006 0.3503192 0.278 10.4254 0.2658449 0.2992702 10.12957 0.01180698 0.2573127 10.59514 -0.06587331 0.7066984 10.63271 -0.1374639 1.113453 10.6334 -0.1886048 1.456532 10.65224 0.1133913 0.6997436 10.58457 0.172901 1.088316 10.45858 0.2212871 1.424623 10.38239  A_Kick_Far
0.006090837 0.01946342 10.55976 -0.04357884 0.1104724 10.61834 -0.2805965 0.3272156 10.60116 -0.08863162 0.2953862 10.3619 0.08296652 0.1125448 10.56249 0.3505403 0.2709397 10.40248 0.2809726 0.3373493 10.10947 0.01830508 0.2520584 10.59256 -0.0578237 0.7019219 10.63324 -0.1402195 1.106179 10.61422 -0.1963041 1.448516 10.63249 0.1180052 0.6940814 10.57388 0.1730002 1.086025 10.45658 0.2183278 1.423571 10.38408  A_Kick_Far
0.01125057 0.01486146 10.55723 -0.03444694 0.1054324 10.61936 -0.278689 0.3205384 10.6296 -0.106524 0.3282913 10.37385 0.08788259 0.1082735 10.55483 0.3509423 0.2642606 10.38251 0.3003332 0.3684891 10.09671 0.02471931 0.24739 10.58956 -0.04902868 0.697844 10.63317 -0.1455799 1.097389 10.59297 -0.2024109 1.439367 10.61523 0.1229439 0.6888053 10.56356 0.1730959 1.084094 10.45569 0.2142053 1.422815 10.38622  A_Kick_Far
0.01606007 0.0103879 10.55423 -0.02516572 0.1005646 10.61974 -0.2733092 0.3136915 10.65901 -0.1252326 0.3603281 10.39254 0.0922078 0.1040269 10.54661 0.350934 0.2572744 10.36306 0.3258648 0.3944876 10.08802 0.03113194 0.242819 10.58605 -0.03962873 0.6939399 10.63248 -0.1514249 1.086946 10.57229 -0.2025018 1.4296 10.59785 0.1276868 0.6835004 10.55249 0.1736943 1.082024 10.4552 0.2102955 1.421911 10.38898  A_Kick_Far
0.02026589 0.005001187 10.55023 -0.01481078 0.09484529 10.61946 -0.2623652 0.305832 10.69388 -0.145563 0.3927869 10.42203 0.09576388 0.09854746 10.53641 0.3521909 0.2478157 10.344 0.3662065 0.4166819 10.08633 0.0383261 0.2372104 10.58139 -0.02724294 0.6893396 10.63087 -0.1542978 1.073466 10.54794 -0.1842311 1.418514 10.57477 0.1333105 0.6766878 10.53833 0.1744942 1.07921 10.45658 0.2036363 1.420618 10.39462  A_Kick_Far
0.02112831 0.001310468 10.54805 -0.009583635 0.091169 10.61926 -0.2545426 0.3008089 10.71427 -0.1583669 0.4084588 10.44175 0.09636994 0.09439766 10.53037 0.3549659 0.2402726 10.33735 0.3977555 0.4238786 10.0933 0.04207917 0.2333044 10.5784 -0.01909713 0.6862355 10.6289 -0.1491356 1.067047 10.53591 -0.1585483 1.413441 10.56033 0.136274 0.6717862 10.52814 0.1737997 1.076245 10.45459 0.1985034 1.418772 10.39704  A_Kick_Far
0.02104004 -0.003498197 10.54635 -0.003404303 0.0865742 10.61971 -0.242645 0.2945307 10.74026 -0.174135 0.4250739 10.46939 0.09606124 0.08856404 10.52359 0.3608499 0.2276599 10.33465 0.4447081 0.4241484 10.11225 0.04678531 0.2280996 10.57508 -0.00754015 0.6822206 10.62585 -0.1378169 1.059275 10.51892 -0.1171698 1.405756 10.53301 0.1398555 0.6649883 10.51414 0.1722495 1.071535 10.45031 0.1921208 1.415572 10.4004  A_Kick_Far
0.01612444 -0.007776856 10.54762 -0.002897067 0.08317745 10.62182 -0.2370251 0.2923431 10.7543 -0.193196 0.4287974 10.48123 0.09214492 0.08216941 10.52131 0.3684379 0.2130386 10.3479 0.4824744 0.4178917 10.14756 0.04849841 0.2231742 10.57386 0.002991633 0.6787404 10.62153 -0.114733 1.058753 10.5106 -0.07495259 1.403842 10.51277 0.1426328 0.6577883 10.50085 0.1671564 1.064754 10.43619 0.1892957 1.409868 10.39552  A_Kick_Far
0.004304903 -0.01266086 10.55354 -0.00663559 0.08021903 10.62781 -0.2357631 0.2921826 10.76868 -0.2350073 0.4243197 10.49003 0.08318003 0.0725652 10.52287 0.3767638 0.1863421 10.38433 0.5275995 0.4010723 10.22233 0.04948427 0.216516 10.57476 0.02167292 0.6744554 10.61355 -0.07398407 1.058929 10.49691 -0.02061854 1.4016 10.47686 0.1486426 0.6458195 10.48104 0.15838 1.05202 10.40817 0.1908203 1.397517 10.3794  A_Kick_Far
-0.01013194 -0.01422465 10.56154 -0.01507793 0.0806905 10.63485 -0.2415629 0.2985252 10.77096 -0.2777496 0.4095762 10.48553 0.07240869 0.06568205 10.52875 0.3771399 0.1592754 10.42404 0.5486177 0.3761632 10.28744 0.04786314 0.2123898 10.57798 0.03891488 0.6718999 10.60569 -0.03588794 1.060709 10.48818 0.01496746 1.40237 10.45137 0.1556046 0.6350747 10.46594 0.1505228 1.038959 10.38076 0.1952641 1.383543 10.35822  A_Kick_Far
-0.02737205 -0.01138175 10.57049 -0.02767239 0.08534753 10.64266 -0.252421 0.3096138 10.76928 -0.3209305 0.3925375 10.48025 0.05930449 0.06291234 10.53745 0.3693899 0.1398972 10.45954 0.5514372 0.3572849 10.33827 0.0436699 0.2117723 10.58377 0.05747356 0.6718194 10.59975 -0.005765958 1.062463 10.48155 0.03479071 1.403852 10.43172 0.1667918 0.6256609 10.45685 0.1419637 1.02264 10.34642 0.2036469 1.364806 10.3273  A_Kick_Far
-0.04432122 -0.006456494 10.57872 -0.04022388 0.09188211 10.64967 -0.2629368 0.3224254 10.76568 -0.3614484 0.3757032 10.47834 0.0462174 0.06209719 10.54585 0.3583065 0.1224267 10.49276 0.5494869 0.3381531 10.38314 0.03937395 0.2125047 10.58921 0.07608445 0.6716474 10.59359 0.02324583 1.063788 10.47523 0.05314263 1.404323 10.41346 0.1782295 0.6165107 10.44858 0.1318031 1.004282 10.31485 0.2095885 1.343401 10.30086  A_Kick_Far
-0.06949322 0.004750013 10.58701 -0.06043689 0.1045382 10.6568 -0.2788623 0.3422951 10.76477 -0.4081573 0.3656484 10.48576 0.02547659 0.06630969 10.55534 0.3395067 0.1077328 10.51899 0.5419188 0.3150023 10.41328 0.02952774 0.2175317 10.59614 0.09929068 0.6730859 10.58663 0.04546436 1.065342 10.4691 0.06127848 1.405212 10.39902 0.194992 0.605634 10.44244 0.1346519 0.977811 10.27437 0.2441527 1.308332 10.27067  A_Kick_Far
-0.08897369 0.01943696 10.59483 -0.07533185 0.1202743 10.66361 -0.289151 0.3645204 10.76466 -0.4447388 0.3625596 10.4984 0.009694355 0.07432914 10.56463 0.3245782 0.09862471 10.54129 0.5373693 0.2960949 10.43722 0.02392347 0.2254674 10.60341 0.1254174 0.6749312 10.58152 0.06824584 1.067492 10.46662 0.07119454 1.406708 10.3918 0.2148833 0.5962116 10.43904 0.1149333 0.9382808 10.23071 0.2329742 1.265819 10.22497  A_Kick_Far
-0.1159934 0.04455471 10.60349 -0.09651898 0.1458964 10.67172 -0.2984716 0.400196 10.77614 -0.4739612 0.3844845 10.52303 -0.01387362 0.09180033 10.57487 0.30433 0.09529603 10.55078 0.5306073 0.2732872 10.44022 0.01284726 0.2414193 10.61294 0.1579282 0.678463 10.57562 0.08718808 1.069743 10.46395 0.07276149 1.407808 10.38535 0.2404609 0.584112 10.43855 0.1043711 0.8752619 10.17948 0.2491864 1.191786 10.17005  A_Kick_Far
-0.1480909 0.08154523 10.61176 -0.1210421 0.1824255 10.68007 -0.2999921 0.4505044 10.79928 -0.4845489 0.4361016 10.55263 -0.04338853 0.1204329 10.58382 0.2779221 0.1001501 10.54666 0.5180507 0.2501261 10.42439 -0.002098186 0.2665485 10.62248 0.1948003 0.6818025 10.56707 0.1097303 1.072504 10.46368 0.07522257 1.408918 10.38425 0.2666619 0.5692495 10.43796 0.09283037 0.7865309 10.13305 0.2859693 1.074939 10.10536  A_Kick_Far
-0.1749505 0.1165489 10.61935 -0.1401527 0.2156883 10.68833 -0.2856166 0.4951202 10.83378 -0.4596087 0.503526 10.57929 -0.06963782 0.1493974 10.58949 0.2511272 0.111222 10.52871 0.499554 0.2343572 10.3937 -0.01609091 0.291106 10.6295 0.2211445 0.6829535 10.5584 0.1285724 1.074374 10.46461 0.07560225 1.408507 10.38573 0.2808352 0.5570115 10.43561 0.0893103 0.7175514 10.10705 0.3430263 0.9467602 10.04118  A_Kick_Far
-0.1894095 0.1342484 10.62513 -0.1494616 0.231708 10.6945 -0.2692542 0.515005 10.85928 -0.4288919 0.5449737 10.59712 -0.08449803 0.1642941 10.59266 0.2333802 0.118071 10.51585 0.4849754 0.2270576 10.37469 -0.02422987 0.3031224 10.6332 0.2307245 0.6822379 10.55362 0.1388933 1.075062 10.46513 0.07569237 1.407393 10.38616 0.2825029 0.5513103 10.43246 0.09779228 0.6974089 10.09344 0.3868189 0.8671884 9.999167  A_Kick_Far
-0.2014311 0.1501584 10.63071 -0.1566866 0.2458411 10.70025 -0.2520184 0.5299863 10.88186 -0.3971331 0.5784762 10.61409 -0.09707032 0.1777555 10.59562 0.2171292 0.1247162 10.50488 0.4709624 0.2216802 10.35903 -0.03080039 0.3137593 10.63637 0.2383984 0.6813346 10.5491 0.1471563 1.075249 10.46495 0.07567193 1.406031 10.38655 0.282868 0.5467041 10.4291 0.109543 0.6826251 10.07998 0.4193483 0.7931176 9.9657  A_Kick_Far
-0.2173155 0.168804 10.64097 -0.165044 0.2613143 10.7101 -0.2237878 0.5419327 10.91452 -0.346882 0.6165582 10.64178 -0.1143092 0.1932379 10.60088 0.1924784 0.1314675 10.49312 0.4500193 0.2150295 10.34549 -0.03973852 0.3250675 10.641 0.2435728 0.6795066 10.54423 0.151376 1.073899 10.46342 0.07270028 1.403262 10.38594 0.278022 0.5424844 10.42364 0.1543705 0.6769735 10.05347 0.4722537 0.7059829 9.914346  A_Kick_Far
-0.2381135 0.1974447 10.65825 -0.1745575 0.2843678 10.72561 -0.1795528 0.5526248 10.956 -0.274926 0.6538019 10.68073 -0.1377835 0.2173564 10.61031 0.1556662 0.1421019 10.48149 0.4191475 0.2072405 10.33507 -0.05127768 0.3423545 10.64828 0.2488246 0.6787302 10.53853 0.1545482 1.073325 10.46119 0.06840552 1.401213 10.38541 0.2691783 0.5402572 10.41642 0.2245866 0.6507791 10.0212 0.5217195 0.5877678 9.850932  A_Kick_Far
-0.2541226 0.2243158 10.6761 -0.1802329 0.3052062 10.74043 -0.1375605 0.5564269 10.98674 -0.2152181 0.6725329 10.71179 -0.1571272 0.2403396 10.62044 0.1217171 0.1518624 10.47626 0.3912964 0.2000712 10.33446 -0.06017045 0.3584566 10.65504 0.2516735 0.6800272 10.53464 0.1541612 1.07418 10.45908 0.06396182 1.401335 10.38487 0.25988 0.542214 10.41038 0.2873187 0.6070109 10.00362 0.5493252 0.4974923 9.802111  A_Kick_Far
-0.2665208 0.2466987 10.69082 -0.1844979 0.3220809 10.75147 -0.1080532 0.5584432 11.00454 -0.1872384 0.6827048 10.73362 -0.1727695 0.2596116 10.62859 0.09240712 0.1593947 10.47319 0.3662053 0.1960998 10.33611 -0.0678222 0.3717743 10.6595 0.2516632 0.6829212 10.53286 0.1499689 1.076227 10.45841 0.06051834 1.404034 10.38619 0.2519939 0.5466542 10.40663 0.3396229 0.5603334 10.00347 0.5762411 0.446887 9.774586  A_Kick_Far
-0.272271 0.2680174 10.70562 -0.1830575 0.3378928 10.76213 -0.07537352 0.5584836 11.01826 -0.1577786 0.6893967 10.75147 -0.182134 0.2782302 10.63733 0.06882812 0.1674728 10.47121 0.3455435 0.1917734 10.33726 -0.0700929 0.3844379 10.66409 0.2559808 0.6855126 10.53104 0.1496313 1.077886 10.45819 0.06118305 1.406433 10.38813 0.2491412 0.5507483 10.4034 0.3623439 0.5157698 10.00797 0.5573421 0.4116461 9.738926  A_Kick_Far
-0.2768659 0.2835255 10.71522 -0.1832761 0.3497176 10.76857 -0.05731849 0.5618079 11.02347 -0.1478222 0.6958357 10.76088 -0.1891649 0.2916437 10.64315 0.05176922 0.1739968 10.46852 0.328536 0.1917483 10.33365 -0.07266115 0.3937207 10.66674 0.2575797 0.6879997 10.52973 0.1469101 1.079276 10.45742 0.0615892 1.408904 10.38857 0.2475668 0.5534718 10.40205 0.3934512 0.4873413 10.02159 0.5606168 0.4033159 9.727919  A_Kick_Far
-0.2827756 0.3099854 10.7287 -0.1831993 0.3706149 10.77699 -0.03116457 0.57328 11.02487 -0.1355495 0.7081348 10.76791 -0.1986512 0.3141091 10.65167 0.02744438 0.187158 10.46361 0.3021047 0.1962742 10.32367 -0.07567959 0.4094781 10.66989 0.261126 0.6919988 10.5259 0.1426948 1.080975 10.45347 0.06263061 1.412123 10.38561 0.2477039 0.5562909 10.39979 0.4443556 0.444121 10.05461 0.56718 0.4079928 9.730791  A_Kick_Far
-0.2873083 0.3286905 10.73462 -0.1849078 0.38648 10.78021 -0.02031581 0.5907153 11.01783 -0.1354355 0.7193031 10.76226 -0.2044724 0.328945 10.65593 0.0150968 0.1977322 10.45917 0.2853561 0.2056143 10.31084 -0.07789753 0.4200816 10.67084 0.2634813 0.6938215 10.52195 0.1390661 1.080519 10.44738 0.06267186 1.412399 10.37887 0.2503514 0.5549908 10.39925 0.4849499 0.4233937 10.08612 0.597981 0.4465024 9.757585  A_Kick_Far
-0.2906398 0.3437334 10.73543 -0.1883515 0.4023577 10.78101 -0.02420316 0.6266381 10.99822 -0.1464953 0.7318397 10.73538 -0.2059145 0.3386641 10.65947 0.01828183 0.2074493 10.4596 0.279261 0.2211443 10.29587 -0.07804774 0.4282252 10.67282 0.2673388 0.6941579 10.52014 0.1401689 1.079381 10.44264 0.06234457 1.410636 10.37274 0.257565 0.550054 10.40335 0.463891 0.4589958 10.0576 0.6007376 0.4238268 9.739349  A_Kick_Far
-0.291884 0.3502929 10.73054 -0.1909579 0.4112076 10.77705 -0.03324084 0.6551906 10.97479 -0.160052 0.7373643 10.70595 -0.2047188 0.3414212 10.6584 0.02667441 0.2124747 10.45913 0.2773828 0.2375541 10.2813 -0.07703768 0.4312967 10.67141 0.2708097 0.6932517 10.51837 0.1436562 1.078227 10.43962 0.06347837 1.408805 10.36917 0.2646491 0.5456623 10.40576 0.4417928 0.4889694 10.03724 0.6202279 0.4320314 9.743693  A_Kick_Far
-0.2916305 0.3541918 10.72325 -0.1925725 0.4179758 10.77085 -0.04300843 0.6802125 10.94778 -0.1732393 0.7389745 10.67448 -0.2019211 0.3421676 10.65551 0.03687771 0.216359 10.45813 0.2753799 0.2526863 10.26603 -0.0749204 0.4330037 10.66851 0.2748865 0.6922941 10.5163 0.1483784 1.077362 10.43698 0.06530185 1.407146 10.36616 0.2724762 0.5418154 10.40744 0.4167247 0.5164595 10.02149 0.6354226 0.4485868 9.759171  A_Kick_Far
-0.2906061 0.3537148 10.71315 -0.1938092 0.4205339 10.76193 -0.05532895 0.6978459 10.92104 -0.189133 0.7362779 10.64586 -0.1985186 0.3398036 10.64969 0.04711219 0.2171167 10.45576 0.2698799 0.2678862 10.24863 -0.07280086 0.4323423 10.66314 0.2783295 0.6916072 10.51476 0.1532443 1.077092 10.4352 0.06812353 1.406274 10.36402 0.2799473 0.5395285 10.40813 0.4018312 0.5380453 10.01373 0.6565992 0.4661026 9.787536  A_Kick_Far
-0.2846326 0.3504047 10.69579 -0.1918459 0.4222534 10.74622 -0.07190798 0.7196553 10.87519 -0.2114037 0.725845 10.60021 -0.1889809 0.3342826 10.63949 0.066346 0.2166696 10.45179 0.2564892 0.2850857 10.21884 -0.06564508 0.4298614 10.65372 0.2870456 0.6905269 10.51293 0.1638285 1.076622 10.43341 0.07531638 1.404783 10.36165 0.2954736 0.5364469 10.40954 0.3610859 0.5720302 10.00354 0.6574019 0.5091865 9.831798  A_Kick_Far
-0.27641 0.3398468 10.67325 -0.1885198 0.4167143 10.72557 -0.09317569 0.7290713 10.82879 -0.2412054 0.7051567 10.55931 -0.1774249 0.3236437 10.62383 0.08693601 0.2107687 10.44428 0.2232732 0.2972856 10.18154 -0.05764053 0.4233825 10.63974 0.2948436 0.6909439 10.5132 0.1730968 1.07739 10.43313 0.08409078 1.405317 10.36091 0.3123502 0.5366216 10.41132 0.3200139 0.6027566 10.00393 0.652345 0.5782575 9.902912  A_Kick_Far
-0.2659245 0.3210659 10.6482 -0.1837801 0.4025807 10.70295 -0.1156696 0.7242366 10.78817 -0.2712086 0.673508 10.52674 -0.1639691 0.3070723 10.60486 0.1087768 0.2018095 10.43227 0.1663618 0.3017516 10.14626 -0.04903613 0.4118993 10.62359 0.2991681 0.6926969 10.51617 0.1769366 1.078668 10.43456 0.09139426 1.407671 10.36306 0.3282673 0.5398195 10.41477 0.2807725 0.6341505 10.01571 0.6204866 0.7083946 9.997539  A_Kick_Far
-0.255188 0.295316 10.62611 -0.1789198 0.3804755 10.68359 -0.1342952 0.7063597 10.76274 -0.2897561 0.6378067 10.50537 -0.1509878 0.2853324 10.58712 0.1289979 0.1914757 10.41877 0.1050427 0.2979586 10.13034 -0.04180829 0.3954986 10.60932 0.2969115 0.6939086 10.52093 0.1759659 1.079314 10.43485 0.09734376 1.409931 10.36284 0.3384908 0.5437503 10.41981 0.2654614 0.6783316 10.03645 0.5532034 0.8662819 10.09238  A_Kick_Far
-0.2408075 0.2600657 10.60384 -0.1715594 0.3486707 10.66455 -0.1489845 0.676421 10.74648 -0.2934623 0.5968514 10.48589 -0.1347399 0.2560546 10.56861 0.1525788 0.1815611 10.40268 0.04779978 0.2895049 10.13348 -0.03329889 0.3725431 10.59487 0.2875821 0.6948599 10.52671 0.1733567 1.080906 10.43454 0.1047507 1.413388 10.3609 0.344536 0.549724 10.42575 0.262943 0.7516389 10.07507 0.4539846 1.021752 10.18365  A_Kick_Far
-0.2180123 0.2121413 10.57863 -0.1582713 0.3044734 10.64321 -0.158831 0.632105 10.73589 -0.2762535 0.549731 10.46288 -0.1105508 0.216949 10.5473 0.1838842 0.1766534 10.38373 0.008219497 0.2794456 10.15205 -0.02066116 0.3415159 10.57816 0.267581 0.6964606 10.53311 0.1688789 1.085575 10.43604 0.1137834 1.420218 10.36086 0.3447619 0.5613695 10.43164 0.2584891 0.8495253 10.14893 0.3590225 1.166209 10.2531  A_Kick_Far
-0.1957044 0.1741719 10.55963 -0.1443347 0.2690039 10.6272 -0.1630741 0.5946674 10.7303 -0.2535949 0.5151458 10.44642 -0.08785538 0.186885 10.53126 0.2091328 0.1800779 10.37032 -0.004042311 0.2735289 10.16802 -0.00882308 0.3177572 10.56555 0.2465615 0.6981527 10.53804 0.1642454 1.090491 10.43869 0.1213426 1.426718 10.36264 0.339701 0.5739689 10.43603 0.2549382 0.9131876 10.2166 0.3081222 1.249786 10.28816  A_Kick_Far
-0.1550075 0.1208029 10.53224 -0.1177484 0.2180502 10.6043 -0.1672569 0.5366325 10.7221 -0.2168754 0.4626893 10.42684 -0.04793064 0.1469792 10.50832 0.2438178 0.1981726 10.35113 -0.006869299 0.2696042 10.18633 0.0115964 0.2863247 10.54818 0.2083318 0.7003109 10.54662 0.1557982 1.097229 10.44528 0.1345789 1.435265 10.3681 0.3239222 0.5967401 10.44457 0.2598603 0.9836839 10.31583 0.2615883 1.331701 10.32719  A_Kick_Far
-0.1329776 0.09895909 10.51883 -0.1028284 0.1965941 10.59298 -0.1682262 0.5100336 10.71621 -0.2002704 0.4377273 10.41813 -0.02690868 0.1319044 10.49712 0.2579394 0.2113776 10.34154 -0.005682869 0.2683514 10.192 0.0223362 0.2743808 10.53984 0.1890117 0.7009868 10.55023 0.1509902 1.099839 10.45 0.1406021 1.438616 10.37387 0.31403 0.6083549 10.44878 0.2644384 1.008687 10.36116 0.2468109 1.356214 10.34841  A_Kick_Far
-0.09697174 0.07318151 10.50089 -0.07792906 0.1703726 10.57791 -0.1693919 0.4741549 10.70371 -0.180167 0.3983094 10.40498 0.006802516 0.116693 10.48264 0.2756408 0.2374241 10.32799 -0.0003683995 0.2675781 10.19377 0.03947021 0.2624054 10.53007 0.1613575 0.7031122 10.55693 0.1409124 1.103608 10.45814 0.1448767 1.442969 10.38403 0.2983955 0.6267846 10.45745 0.2699923 1.035489 10.40688 0.2391178 1.380256 10.36906  A_Kick_Far
-0.06686465 0.05823433 10.48699 -0.05676673 0.1542262 10.56609 -0.1710755 0.4484568 10.68985 -0.1662534 0.3675126 10.39231 0.03441699 0.1099778 10.47193 0.2867542 0.2608265 10.31803 0.005982535 0.2651658 10.19055 0.05365093 0.2567631 10.52325 0.1423745 0.7046318 10.5621 0.1215346 1.104899 10.46247 0.1391707 1.446517 10.40197 0.2871235 0.6402818 10.4651 0.2658359 1.050494 10.42416 0.233447 1.394308 10.37955  A_Kick_Far
-0.0403292 0.0480293 10.47499 -0.0379766 0.1424133 10.55568 -0.1713158 0.4272597 10.6756 -0.1529979 0.3413852 10.37997 0.05826779 0.1067106 10.46294 0.2939244 0.2814901 10.30993 0.01214703 0.2618153 10.18616 0.06575705 0.2534091 10.51747 0.1264366 0.7052228 10.56611 0.1016594 1.105003 10.46542 0.1317624 1.448033 10.41962 0.2769783 0.6510192 10.47176 0.2608578 1.061886 10.43526 0.2312319 1.405875 10.39008  A_Kick_Far
-0.01861904 0.04236853 10.46505 -0.02310924 0.1349894 10.54694 -0.1734546 0.4107571 10.65952 -0.1429873 0.3190759 10.36664 0.07741822 0.1066462 10.45623 0.2980942 0.2994089 10.30427 0.01890893 0.2572097 10.18026 0.07495828 0.2524774 10.51347 0.1148982 0.7060326 10.5702 0.08244927 1.105364 10.46992 0.1191196 1.449341 10.43815 0.2696913 0.6591027 10.47888 0.255256 1.069364 10.43551 0.2318103 1.414299 10.39407  A_Kick_Far
0.004695253 0.03807819 10.45446 -0.007293029 0.128402 10.5374 -0.1753546 0.3932456 10.64007 -0.1302427 0.2956878 10.35101 0.09759916 0.1081102 10.44952 0.3011649 0.3182513 10.29913 0.02757092 0.2511318 10.17365 0.08435287 0.2523154 10.50935 0.1024532 0.7065726 10.57447 0.0611045 1.105539 10.47603 0.1022614 1.450106 10.46011 0.2615326 0.6672353 10.48702 0.2491407 1.076467 10.4343 0.2327046 1.422328 10.39745  A_Kick_Far
0.02676709 0.03674138 10.44359 0.006408887 0.1243205 10.52718 -0.179897 0.376439 10.61369 -0.1160672 0.2722012 10.33055 0.1162063 0.1120639 10.44393 0.3029183 0.3371326 10.29652 0.03976985 0.2428271 10.16628 0.09180845 0.253907 10.50585 0.09046592 0.7077801 10.57956 0.03659185 1.106904 10.48806 0.07107718 1.45256 10.49062 0.2539074 0.6747599 10.49772 0.243134 1.081065 10.42558 0.2349046 1.427648 10.39301  A_Kick_Far
0.0400817 0.03724623 10.43695 0.01381512 0.1229564 10.52051 -0.1840674 0.3660995 10.59237 -0.1048913 0.2572244 10.31491 0.1272059 0.1154331 10.44163 0.3046008 0.3482771 10.29749 0.05143078 0.2363501 10.16154 0.09556516 0.255581 10.50413 0.08233608 0.7088161 10.58255 0.01985921 1.108985 10.5017 0.03857501 1.455581 10.51567 0.2488378 0.6793545 10.50567 0.240419 1.083517 10.42209 0.2366035 1.430336 10.39127  A_Kick_Far
0.05473175 0.03898752 10.43018 0.02139791 0.1224679 10.51318 -0.188199 0.3547409 10.56486 -0.08939271 0.2404618 10.296 0.1390177 0.119998 10.4404 0.3070115 0.3601553 10.30062 0.06810971 0.2284702 10.15679 0.09912015 0.2580837 10.50277 0.072679 0.710309 10.58566 -0.0006969403 1.111622 10.52133 -0.007634087 1.458098 10.54541 0.2427136 0.6845463 10.51548 0.2383357 1.086082 10.4198 0.2390501 1.433041 10.39037  A_Kick_Far
0.06211694 0.0407356 10.42833 0.02414747 0.1230413 10.5104 -0.1918761 0.3486567 10.54462 -0.07726364 0.2291211 10.28446 0.1448417 0.1227232 10.4428 0.3108115 0.3654819 10.30703 0.08296813 0.222913 10.15581 0.1001258 0.2598848 10.50393 0.0651979 0.7114968 10.58732 -0.01212875 1.114975 10.54488 -0.0441939 1.460143 10.56734 0.2376701 0.6880413 10.52247 0.2365157 1.087972 10.42021 0.2393335 1.434809 10.38949  A_Kick_Far
0.0695345 0.04288304 10.42712 0.0268959 0.1239454 10.50802 -0.1939653 0.3426142 10.52395 -0.0634921 0.2178518 10.27391 0.1504844 0.1257855 10.4459 0.3146302 0.3708519 10.31408 0.09876557 0.2176524 10.15585 0.1009464 0.2619699 10.50547 0.05730386 0.7128637 10.58887 -0.02499537 1.117114 10.56929 -0.07721762 1.460175 10.58529 0.2320754 0.6917884 10.52961 0.2347203 1.090003 10.42088 0.2398367 1.436707 10.38897  A_Kick_Far
0.07433797 0.04487062 10.42805 0.02789302 0.1250196 10.50761 -0.1957912 0.3382285 10.50577 -0.05023031 0.2076743 10.26728 0.1539601 0.1280781 10.45073 0.3200278 0.3737187 10.32309 0.1148827 0.2135695 10.15764 0.100672 0.2637409 10.50822 0.04915484 0.7140387 10.58983 -0.03386978 1.118548 10.59715 -0.09514026 1.460478 10.59918 0.225845 0.6952534 10.5357 0.2319586 1.091946 10.42168 0.2390595 1.438445 10.38798  A_Kick_Far
0.07855935 0.04699779 10.42918 0.02858468 0.1262511 10.50735 -0.1963909 0.3341557 10.48883 -0.03731958 0.1984129 10.26216 0.1567657 0.130475 10.45549 0.3245684 0.3766346 10.33182 0.1298403 0.2101074 10.1602 0.100041 0.2656147 10.51089 0.04120405 0.7152802 10.59052 -0.04376684 1.118144 10.62301 -0.1018994 1.460422 10.61119 0.2195308 0.6986541 10.54128 0.2292254 1.093873 10.42248 0.2383387 1.440173 10.38725  A_Kick_Far
0.08100595 0.04914451 10.43158 0.02747615 0.127388 10.50801 -0.1969449 0.3303432 10.47096 -0.02360503 0.1883721 10.25905 0.1577783 0.1327761 10.46186 0.3308414 0.378242 10.34319 0.1468371 0.207687 10.16387 0.09741254 0.2674114 10.51457 0.03089787 0.7164744 10.59125 -0.05205361 1.117278 10.64648 -0.08710913 1.462323 10.62675 0.2107864 0.7019677 10.54731 0.2246944 1.095311 10.42284 0.2364972 1.441313 10.38554  A_Kick_Far
0.08404787 0.05250347 10.43573 0.02546771 0.1291499 10.50917 -0.1946568 0.3254709 10.44574 -0.002746029 0.1746213 10.25726 0.1584416 0.136474 10.47174 0.3413894 0.3798687 10.36109 0.1727687 0.2055867 10.17057 0.09269197 0.2702274 10.52007 0.01536568 0.718338 10.59204 -0.06651627 1.115688 10.66939 -0.07071899 1.462764 10.65544 0.1972331 0.7067159 10.55612 0.2178872 1.097085 10.42349 0.2339922 1.442496 10.38251  A_Kick_Far
0.08694239 0.05653226 10.44471 0.02216722 0.131129 10.51301 -0.1848073 0.3225344 10.41869 0.02496179 0.159994 10.26157 0.1577953 0.1414989 10.48782 0.3597481 0.3785409 10.38933 0.2102677 0.2050809 10.18276 0.08477522 0.2738186 10.52916 -0.005101962 0.7207811 10.59442 -0.08612876 1.118233 10.67214 -0.1061186 1.465034 10.67025 0.1788301 0.7120383 10.57004 0.2096833 1.09821 10.42749 0.2323555 1.442316 10.37927  A_Kick_Far
0.08527566 0.0578624 10.4509 0.01810475 0.1322517 10.51609 -0.1801368 0.3244903 10.41119 0.03347101 0.1560231 10.26593 0.1545716 0.143551 10.49643 0.3664044 0.3761271 10.40348 0.2257233 0.2034578 10.19017 0.07889886 0.2755212 10.53394 -0.01501731 0.7221439 10.5958 -0.09342049 1.120322 10.67249 -0.1194216 1.466716 10.67552 0.1696147 0.7142487 10.57708 0.2057046 1.099 10.43194 0.2316969 1.4423 10.37981  A_Kick_Far
0.07747211 0.05895853 10.4635 0.007711248 0.1344708 10.52355 -0.1759666 0.3308275 10.40715 0.03765102 0.1513488 10.27576 0.1450453 0.1456199 10.51121 0.3704241 0.3706682 10.42568 0.2428437 0.1956619 10.20614 0.06741728 0.2780342 10.54267 -0.02960901 0.7244297 10.59905 -0.1041607 1.123884 10.67289 -0.1369106 1.469534 10.68418 0.1556927 0.7174839 10.58825 0.1995812 1.099819 10.43893 0.2305789 1.441407 10.37889  A_Kick_Far
0.06269284 0.05883062 10.48062 -0.008519514 0.1373075 10.53478 -0.1754187 0.3398232 10.40975 0.03102358 0.144877 10.28939 0.1294068 0.1461661 10.52886 0.3665468 0.362625 10.44925 0.2516881 0.1773908 10.23108 0.05245562 0.2803463 10.55383 -0.04410235 0.7268628 10.6041 -0.1158385 1.128948 10.66539 -0.1596618 1.472493 10.69241 0.1415048 0.7205485 10.60069 0.1946648 1.099994 10.44707 0.2316947 1.439301 10.37817  A_Kick_Far
0.05598458 0.05859005 10.4876 -0.01551293 0.1384628 10.53945 -0.1757584 0.3432744 10.41157 0.02654924 0.1418482 10.29492 0.1225631 0.146113 10.53574 0.3637453 0.3591249 10.45804 0.2531123 0.1687764 10.24209 0.04635497 0.2811471 10.55827 -0.04940752 0.7277407 10.60627 -0.1201174 1.130826 10.66192 -0.1669414 1.473385 10.69561 0.1362358 0.7216193 10.6055 0.1931301 1.099816 10.45014 0.2325823 1.438118 10.37774  A_Kick_Far
0.04593499 0.0581696 10.49764 -0.0257505 0.1400812 10.5462 -0.1766782 0.3479543 10.41475 0.01910819 0.1375614 10.30291 0.1124605 0.1459457 10.54543 0.359218 0.3538568 10.4701 0.253712 0.156348 10.25806 0.0375218 0.2822092 10.56456 -0.05685912 0.7289071 10.60936 -0.1258928 1.13324 10.65757 -0.175313 1.474446 10.70012 0.1287744 0.7230549 10.6121 0.1908718 1.099451 10.45439 0.2337986 1.436234 10.37704  A_Kick_Far
0.03950139 0.05784571 10.50382 -0.03216044 0.1410385 10.5504 -0.1775692 0.3506613 10.41708 0.01386173 0.1349522 10.30785 0.1060936 0.1457658 10.55126 0.3561302 0.3504416 10.47709 0.2531538 0.1486619 10.26784 0.03206118 0.2827904 10.56837 -0.06130598 0.7295506 10.61127 -0.1292299 1.13454 10.65537 -0.1794038 1.475003 10.70272 0.1242936 0.7238553 10.61596 0.1894559 1.099148 10.45686 0.2344849 1.434956 10.37653  A_Kick_Far
0.03337814 0.05749071 10.50959 -0.03816448 0.1418761 10.55438 -0.1787213 0.3530353 10.41955 0.008620398 0.1326717 10.31254 0.100107 0.145537 10.55658 0.3532235 0.3471147 10.48337 0.2521771 0.1418706 10.27657 0.02698393 0.2832612 10.57189 -0.06535153 0.7300785 10.61307 -0.1321903 1.135632 10.65349 -0.1826681 1.475439 10.70504 0.1202043 0.7245224 10.61937 0.1880738 1.098847 10.45913 0.2350271 1.433744 10.37614  A_Kick_Far
0.02709468 0.05700016 10.51537 -0.04419307 0.1425903 10.55849 -0.1804983 0.3551977 10.4225 0.002847211 0.1305891 10.31742 0.09408237 0.1451685 10.56173 0.350349 0.343523 10.48921 0.2506224 0.1357007 10.28434 0.0219505 0.2835889 10.57538 -0.0692067 0.7304735 10.61492 -0.1349397 1.136532 10.65194 -0.1853727 1.47578 10.70709 0.116306 0.7250362 10.62247 0.1865748 1.098527 10.46132 0.2353286 1.432544 10.37586  A_Kick_Far
0.01760395 0.05616677 10.52406 -0.05315046 0.1435243 10.56482 -0.1838566 0.3581475 10.42746 -0.006188137 0.1278509 10.32497 0.08511163 0.1445037 10.56927 0.3462336 0.3379117 10.49769 0.2479456 0.1275927 10.29468 0.01452173 0.2839261 10.58058 -0.07477413 0.7309106 10.6177 -0.1388696 1.137647 10.64983 -0.1888362 1.476149 10.70977 0.1106797 0.7256456 10.62669 0.1842498 1.098054 10.4645 0.2356079 1.430784 10.37562  A_Kick_Far
0.01101728 0.05537522 10.53013 -0.05920027 0.1439267 10.56949 -0.1872679 0.3598307 10.43165 -0.01286857 0.1264077 10.33063 0.07905509 0.1438304 10.57426 0.3437866 0.3336879 10.50309 0.2459456 0.1236413 10.29959 0.009569841 0.2839119 10.58417 -0.07830988 0.7309849 10.61965 -0.1413815 1.138114 10.64868 -0.1908223 1.476265 10.711 0.1071307 0.7258198 10.62896 0.1825228 1.097758 10.46654 0.2354849 1.429698 10.37566  A_Kick_Far
0.00438066 0.0543673 10.53642 -0.06515454 0.1440985 10.57457 -0.1918045 0.3612092 10.43662 -0.01987235 0.1254076 10.33689 0.07310279 0.1429576 10.57914 0.3417289 0.3290247 10.50808 0.2440004 0.1212617 10.30219 0.004737096 0.2836702 10.58783 -0.08162193 0.7308552 10.62161 -0.1438292 1.138317 10.64767 -0.192635 1.476265 10.71157 0.1038364 0.7257749 10.6306 0.1807535 1.097486 10.46837 0.2352142 1.428713 10.37579  A_Kick_Far
-0.004480405 0.0524354 10.54537 -0.07277243 0.1437199 10.58242 -0.2007007 0.3623258 10.44526 -0.02989851 0.1251681 10.34682 0.06551094 0.1412624 10.5854 0.339979 0.3217174 10.51352 0.2419976 0.122244 10.29971 -0.001362307 0.2827611 10.59285 -0.0854551 0.7301637 10.62422 -0.1470461 1.137934 10.64668 -0.1949884 1.475981 10.71071 0.1000937 0.7251481 10.63115 0.1783132 1.097181 10.47028 0.234485 1.427683 10.37615  A_Kick_Far
-0.008245094 0.05078804 10.55003 -0.0755543 0.1427668 10.58724 -0.208158 0.3619059 10.45189 -0.0351613 0.1264737 10.35314 0.06275143 0.1398448 10.58774 0.340609 0.3169917 10.51366 0.2418635 0.1280071 10.29086 -0.003494961 0.2816384 10.59518 -0.08633946 0.7292169 10.62543 -0.148858 1.136904 10.64681 -0.196883 1.475349 10.70864 0.09929962 0.7241977 10.62923 0.1771707 1.097155 10.47035 0.2337161 1.42764 10.37638  A_Kick_Far
-0.01105498 0.04957783 10.55356 -0.07762448 0.1420758 10.59089 -0.2137175 0.3616225 10.45701 -0.03909228 0.1275419 10.35791 0.06066712 0.1387919 10.5895 0.3411742 0.313157 10.51368 0.2420054 0.1322153 10.28449 -0.005109293 0.2808052 10.59692 -0.08702217 0.7285108 10.62632 -0.1502478 1.136129 10.64693 -0.1983632 1.474856 10.70712 0.09864981 0.7234759 10.62777 0.1763376 1.097104 10.47039 0.2332003 1.427565 10.37652  A_Kick_Far
