-0.0111063 0.04955614 2.501609 -0.07766221 0.1420635 2.538943 -0.213819 0.361618 2.40509 -0.03916393 0.1275629 2.305987 0.06062885 0.1387728 2.537524 0.341184 0.3130859 2.46167 0.2420103 0.1322926 2.232361 -0.005138857 0.2807903 2.544943 -0.08703481 0.728498 2.574327 -0.1502734 1.136115 2.594918 -0.1983908 1.474847 2.655078 0.09863754 0.7234629 2.575731 0.1763226 1.097103 2.418373 0.2331914 1.427564 2.324513  A_Kick_SoClose
-0.00965385 0.03671277 2.510373 -0.07022731 0.1292728 2.555847 -0.2561536 0.3498335 2.457287 -0.04638801 0.1805614 2.307445 0.06599338 0.1277968 2.531784 0.3474858 0.2932914 2.421907 0.248964 0.2113656 2.141397 -9.976136E-05 0.2690617 2.546794 -0.07981639 0.7175899 2.578386 -0.144187 1.124989 2.599756 -0.190918 1.467464 2.634419 0.1043183 0.7119639 2.554631 0.174153 1.093124 2.412351 0.2282643 1.426533 2.327746  A_Kick_SoClose
-0.00621484 0.03218961 2.510504 -0.06436215 0.1243862 2.559394 -0.2664151 0.3445401 2.478857 -0.05238257 0.2077136 2.303996 0.07013787 0.1238575 2.527041 0.3489355 0.2876022 2.403938 0.253252 0.244244 2.113991 0.00399925 0.2646689 2.545674 -0.07513945 0.7134921 2.579342 -0.1399369 1.120979 2.597522 -0.1864061 1.464229 2.623858 0.1075736 0.7074622 2.546462 0.1735445 1.091398 2.409915 0.2256656 1.425933 2.328568  A_Kick_SoClose
-0.001763327 0.02697384 2.510091 -0.05678866 0.1187285 2.562888 -0.2751706 0.3378794 2.505858 -0.06388478 0.2415408 2.302918 0.07505758 0.119264 2.521013 0.3499212 0.2808958 2.38278 0.2610823 0.2825731 2.087468 0.009195583 0.2595537 2.544044 -0.06902961 0.7087527 2.580309 -0.1370349 1.116025 2.589207 -0.1857623 1.459419 2.608706 0.1114355 0.7021294 2.536835 0.1730965 1.089229 2.407391 0.2228499 1.424986 2.329676  A_Kick_SoClose
0.005293922 0.02019811 2.508086 -0.04495452 0.1112769 2.566101 -0.2805508 0.3282511 2.544811 -0.08596562 0.2902431 2.308592 0.08218415 0.1132209 2.51161 0.3504365 0.2719612 2.353567 0.2784304 0.3321604 2.059806 0.01733609 0.2528002 2.540966 -0.05911056 0.7025795 2.581195 -0.1396395 1.10735 2.565378 -0.1952004 1.449798 2.583175 0.1172526 0.6949054 2.523414 0.1730266 1.086327 2.404747 0.218965 1.42369 2.331785  A_Kick_SoClose
0.009733932 0.01618063 2.506003 -0.03716795 0.1068794 2.567111 -0.2795953 0.3225256 2.569115 -0.101125 0.3185543 2.317639 0.08647229 0.1094965 2.505116 0.350942 0.266225 2.336435 0.2941558 0.3598644 2.048144 0.02282782 0.2487291 2.538477 -0.05163972 0.6990084 2.58124 -0.1437353 1.100167 2.547107 -0.2007845 1.442176 2.568296 0.1215369 0.6903273 2.514636 0.1729747 1.08467 2.40395 0.2152732 1.423054 2.333559  A_Kick_SoClose
0.01947917 0.005980015 2.498991 -0.01681153 0.09588838 2.567546 -0.2648642 0.3073391 2.635162 -0.1419253 0.3866264 2.363672 0.09513928 0.09954619 2.486362 0.3520636 0.2496603 2.295661 0.3580926 0.4134519 2.034432 0.03695776 0.2382332 2.530296 -0.02962635 0.6901697 2.579226 -0.1534533 1.076223 2.500459 -0.1879306 1.420814 2.52771 0.1323055 0.6779463 2.489058 0.1741881 1.079769 2.404279 0.2047082 1.420892 2.341418  A_Kick_SoClose
0.02097328 -0.0002841949 2.495307 -0.007854385 0.089643 2.567225 -0.2513746 0.298795 2.670034 -0.1636498 0.4134808 2.397529 0.09617932 0.09249687 2.476088 0.3567313 0.2365762 2.284312 0.4118831 0.4251139 2.046581 0.04338058 0.2315958 2.525212 -0.01571379 0.6848949 2.575844 -0.1447795 1.065244 2.479663 -0.1443377 1.411873 2.50251 0.1373177 0.6696022 2.471686 0.173066 1.074736 2.401028 0.1961371 1.417747 2.345723  A_Kick_SoClose
0.01882859 -0.005839229 2.494765 -0.002669556 0.08464754 2.568686 -0.2385956 0.2934762 2.696501 -0.1828444 0.4281237 2.424712 0.09427293 0.0852015 2.469999 0.3648193 0.2202783 2.28827 0.4656235 0.421561 2.07749 0.04793205 0.225451 2.522267 -0.001881106 0.6803297 2.571696 -0.1268226 1.058349 2.461853 -0.0951402 1.404198 2.469498 0.1414017 0.6612075 2.455052 0.1699316 1.0681 2.391586 0.1903017 1.412773 2.346496  A_Kick_SoClose
0.01242478 -0.01027107 2.497241 -0.002918167 0.08134556 2.571739 -0.2344647 0.2906493 2.711189 -0.2086235 0.4298486 2.437213 0.08923896 0.07802057 2.468621 0.373217 0.2012203 2.307656 0.5066398 0.4092689 2.123215 0.04960086 0.2201027 2.52145 0.01039984 0.6766046 2.566354 -0.09799229 1.058346 2.451902 -0.04780475 1.401999 2.444308 0.1444444 0.6529501 2.439965 0.1632188 1.060026 2.374084 0.1887605 1.405591 2.33973  A_Kick_SoClose
0.00489481 -0.01256204 2.501214 -0.006285829 0.08023179 2.575514 -0.2355127 0.2919587 2.716569 -0.2332574 0.4248799 2.438299 0.08361645 0.07287228 2.470631 0.3766294 0.1873553 2.330725 0.526625 0.401863 2.167655 0.04955425 0.2167019 2.522613 0.02097906 0.6745563 2.561844 -0.07549451 1.058824 2.445201 -0.0220239 1.401517 2.4258 0.1483469 0.6462551 2.42964 0.1586704 1.052544 2.357348 0.1906482 1.398063 2.328333  A_Kick_SoClose
-0.008519931 -0.01413155 2.508612 -0.01414703 0.08056283 2.582047 -0.2409476 0.2977351 2.718724 -0.2729884 0.4113153 2.433802 0.07362039 0.06639135 2.47606 0.3773933 0.1624979 2.367537 0.5465618 0.3794515 2.228189 0.0480351 0.2128117 2.525617 0.0369633 0.6721962 2.554608 -0.04025046 1.060592 2.437299 0.01088174 1.402415 2.402422 0.1548533 0.6362845 2.415634 0.1514681 1.040438 2.33166 0.1947364 1.385163 2.308404  A_Kick_SoClose
-0.02286444 -0.01239944 2.516208 -0.0242999 0.08388233 2.58868 -0.2494886 0.306483 2.717971 -0.3099916 0.3969826 2.429429 0.06275065 0.06335616 2.483142 0.3717966 0.1445218 2.398711 0.5515036 0.3619641 2.274096 0.04483845 0.2117218 2.530219 0.05264862 0.671766 2.549224 -0.01318393 1.062012 2.431118 0.0302846 1.403486 2.384433 0.1637519 0.6280226 2.406942 0.1443107 1.027128 2.303305 0.2016059 1.370002 2.283239  A_Kick_SoClose
-0.03803275 -0.008487701 2.523726 -0.03559164 0.08926809 2.59514 -0.2591323 0.3174825 2.715197 -0.3465337 0.381937 2.426555 0.05109777 0.06224155 2.490777 0.3628066 0.1289079 2.428427 0.5505337 0.3455189 2.314661 0.04095014 0.2121345 2.535258 0.069093 0.6717854 2.543982 0.01227112 1.063372 2.425636 0.04606857 1.404322 2.368324 0.173986 0.6199592 2.399714 0.1358208 1.011358 2.274199 0.2076925 1.351681 2.25801  A_Kick_SoClose
-0.05239914 -0.003309608 2.529878 -0.04650233 0.09560859 2.600351 -0.2679536 0.328724 2.712764 -0.3780709 0.3704853 2.427742 0.03971739 0.06278813 2.497268 0.3522731 0.1162117 2.452072 0.5473962 0.3297852 2.345219 0.03666051 0.2136263 2.539552 0.08410718 0.6718872 2.539011 0.0331095 1.064292 2.420722 0.05831285 1.404463 2.35498 0.1836334 0.6126833 2.393784 0.1303341 0.9956821 2.249303 0.2174504 1.332636 2.238299  A_Kick_SoClose
-0.07843153 0.01091957 2.538699 -0.06734352 0.1112034 2.608039 -0.2837596 0.3518729 2.713013 -0.4249274 0.3637793 2.439084 0.01824071 0.06953585 2.507658 0.3328355 0.1033229 2.477047 0.5398778 0.306345 2.372072 0.02682252 0.2208126 2.547546 0.1107441 0.6739768 2.532462 0.05532302 1.066293 2.41588 0.065327 1.405897 2.343472 0.2037792 0.6014295 2.388995 0.127061 0.9614348 2.202142 0.2413524 1.29032 2.197656  A_Kick_SoClose
-0.09813438 0.02755606 2.546177 -0.08243571 0.1286583 2.614694 -0.2926161 0.3763437 2.715812 -0.45642 0.3678793 2.454652 0.001872318 0.0796839 2.516556 0.3177157 0.09661305 2.494535 0.5353516 0.2878985 2.388947 0.02055033 0.2304465 2.554912 0.1370916 0.6761757 2.527536 0.07479139 1.068123 2.413211 0.07072325 1.406857 2.336289 0.2241196 0.5920656 2.386635 0.1101338 0.917607 2.159846 0.2360606 1.242169 2.152777  A_Kick_SoClose
-0.1214681 0.05034196 2.552834 -0.1007974 0.1517284 2.620979 -0.3001462 0.4080243 2.726376 -0.4792676 0.3900812 2.475974 -0.01872669 0.09602225 2.52455 0.3001034 0.09522438 2.499857 0.5289584 0.2689097 2.387772 0.01052566 0.2451853 2.562551 0.1645974 0.6790217 2.522151 0.09129615 1.070131 2.411538 0.07363947 1.40797 2.332629 0.2455228 0.5815004 2.386349 0.101946 0.8610128 2.118652 0.252523 1.174821 2.108721  A_Kick_SoClose
-0.1439162 0.07629752 2.558568 -0.1179343 0.177346 2.626775 -0.3011061 0.4434012 2.742686 -0.4863452 0.4266926 2.496689 -0.03940115 0.1161427 2.530734 0.2816124 0.09872651 2.496746 0.5201705 0.2527544 2.376455 3.417028E-05 0.2628267 2.569179 0.1903387 0.6813212 2.516179 0.1070345 1.072046 2.411444 0.07532342 1.408732 2.332004 0.2637621 0.5710877 2.385952 0.09396531 0.7987518 2.086382 0.2787029 1.093015 2.063388  A_Kick_SoClose
-0.1685611 0.1095821 2.564885 -0.1359186 0.2093577 2.633679 -0.2916078 0.486366 2.770792 -0.4709128 0.4853642 2.519881 -0.06312524 0.1436138 2.536129 0.2585491 0.1089106 2.482044 0.5053367 0.2378962 2.349519 -0.01239829 0.2864335 2.575862 0.217212 0.6832877 2.508136 0.1244402 1.074147 2.412234 0.07573785 1.409 2.333652 0.2801027 0.5595209 2.384734 0.08512451 0.7255448 2.06097 0.3210332 0.9762853 2.008777  A_Kick_SoClose
-0.1872391 0.1314001 2.572234 -0.148092 0.229136 2.64155 -0.2719864 0.5120157 2.803375 -0.4340056 0.5387416 2.542333 -0.08225529 0.1618794 2.540163 0.2361378 0.1168829 2.46585 0.4873101 0.2280843 2.325668 -0.02303068 0.3011768 2.580636 0.2292159 0.6823441 2.50241 0.1372447 1.074944 2.413073 0.07563783 1.407563 2.334058 0.2822493 0.5521717 2.380985 0.09661634 0.7006363 2.043491 0.3808721 0.8803332 1.953182  A_Kick_SoClose
-0.2054587 0.1544844 2.581206 -0.1588681 0.2494284 2.650681 -0.2454662 0.5331224 2.838137 -0.385469 0.5884911 2.568988 -0.1013938 0.1812946 2.54489 0.2111048 0.126072 2.449973 0.4659129 0.2198476 2.303743 -0.03308455 0.3163193 2.585529 0.2396595 0.6807511 2.496024 0.1481873 1.074773 2.412632 0.07496174 1.405207 2.334368 0.2817039 0.5455006 2.375853 0.1204547 0.6822017 2.02129 0.43393 0.7734315 1.900219  A_Kick_SoClose
-0.2261031 0.1813197 2.595192 -0.1692909 0.2717046 2.663879 -0.2047964 0.5479541 2.88066 -0.3133672 0.6354713 2.605595 -0.1241065 0.2039059 2.55208 0.177587 0.1370975 2.434068 0.4369914 0.2120426 2.285081 -0.04454873 0.3329759 2.591588 0.2468213 0.6790735 2.488562 0.1540257 1.073804 2.41013 0.07088186 1.402305 2.33366 0.2750508 0.5407865 2.367809 0.1814559 0.6683944 1.986548 0.4947118 0.6459424 1.836167  A_Kick_SoClose
-0.2450151 0.207844 2.61344 -0.1772627 0.2924291 2.679701 -0.1632886 0.5545676 2.917178 -0.2514719 0.6626357 2.642128 -0.1459123 0.2261429 2.562396 0.1419235 0.1455023 2.427386 0.4080107 0.2042644 2.282994 -0.0551546 0.348464 2.599138 0.2498255 0.6789775 2.485291 0.1543641 1.073395 2.408504 0.0666938 1.400989 2.333205 0.2653436 0.5407035 2.362242 0.2509964 0.6355734 1.960749 0.5353568 0.5528383 1.777604  A_Kick_SoClose
-0.2666757 0.2470317 2.639013 -0.1845392 0.3223318 2.699605 -0.1076088 0.558461 2.952755 -0.1868198 0.6828337 2.681896 -0.1729761 0.2599025 2.576698 0.09199311 0.159521 2.421135 0.3658472 0.1960434 2.284115 -0.06791721 0.3719767 2.607543 0.2516731 0.6829716 2.480808 0.1499148 1.076265 2.406376 0.06047298 1.404081 2.334191 0.2518894 0.5467287 2.354557 0.3402929 0.5595909 1.95154 0.5765076 0.4461035 1.722256  A_Kick_SoClose
-0.2743176 0.274375 2.657624 -0.183271 0.3427494 2.712859 -0.06802158 0.5599279 2.968579 -0.1537819 0.6920786 2.703459 -0.1851557 0.283709 2.587767 0.06174238 0.1700666 2.418113 0.3384925 0.1917425 2.283786 -0.07124738 0.3882321 2.613246 0.2565767 0.6865159 2.478592 0.1484581 1.078442 2.405936 0.06130298 1.407442 2.336387 0.2484325 0.5518463 2.350924 0.3756581 0.5042794 1.96111 0.5595801 0.4082466 1.68147  A_Kick_SoClose
-0.2789058 0.292443 2.668445 -0.1829395 0.3564816 2.719912 -0.04673527 0.5634106 2.97374 -0.1417705 0.6993748 2.713759 -0.1926938 0.2994298 2.594265 0.04229094 0.1780396 2.414909 0.3190276 0.1917939 2.279513 -0.07376043 0.3990957 2.615966 0.258725 0.6894792 2.476615 0.1455574 1.080113 2.40469 0.06199672 1.41033 2.336515 0.2468976 0.5550961 2.348933 0.4092642 0.4704815 1.978958 0.5591885 0.3985426 1.673025  A_Kick_SoClose
-0.2838893 0.3144094 2.67824 -0.1836241 0.3743732 2.725874 -0.02856462 0.5774083 2.971412 -0.1354782 0.7107952 2.714731 -0.2000696 0.3176291 2.600786 0.02448489 0.1896472 2.410642 0.2981411 0.1984481 2.26873 -0.07622574 0.4120123 2.618219 0.2616793 0.6924786 2.473074 0.1418329 1.08093 2.400156 0.06266339 1.412262 2.332149 0.2483224 0.556043 2.347741 0.4545458 0.4390975 2.009807 0.5737968 0.4162459 1.683456  A_Kick_SoClose
-0.2867679 0.3263381 2.681993 -0.1846785 0.3844459 2.727879 -0.02148704 0.588219 2.966982 -0.1352767 0.7178404 2.71133 -0.2038097 0.3271139 2.603443 0.01644172 0.1963762 2.407707 0.2873413 0.2043009 2.26055 -0.07765423 0.4187644 2.618751 0.2631572 0.6936257 2.470476 0.1394628 1.08061 2.396198 0.06267823 1.41242 2.327785 0.2499463 0.5552301 2.347295 0.4808314 0.4252192 2.030762 0.5942239 0.4421654 1.701972  A_Kick_SoClose
-0.2888031 0.3353791 2.683221 -0.186449 0.393533 2.728801 -0.02212815 0.6068572 2.95776 -0.1403602 0.7252271 2.698689 -0.2051262 0.3332882 2.605679 0.01659294 0.202089 2.407539 0.2829204 0.2126855 2.252421 -0.07798772 0.4237511 2.61988 0.2651366 0.694104 2.469283 0.139553 1.08018 2.393464 0.062571 1.411802 2.324367 0.2534934 0.5529397 2.349122 0.4769712 0.4391652 2.021225 0.596764 0.4328965 1.694333  A_Kick_SoClose
-0.2906784 0.3439127 2.683412 -0.1883917 0.4025475 2.728995 -0.02424465 0.6270581 2.945937 -0.1466267 0.7319714 2.683024 -0.2059308 0.3387786 2.607491 0.01831605 0.207563 2.407583 0.2791743 0.2213211 2.243669 -0.07804798 0.4283195 2.620825 0.2673883 0.6941546 2.468099 0.1401826 1.079358 2.390565 0.06233879 1.410605 2.320638 0.2576547 0.5499871 2.351384 0.4635684 0.4594221 2.005261 0.600885 0.4237536 1.687267  A_Kick_SoClose
-0.2919192 0.3514014 2.676576 -0.1915096 0.4131156 2.723414 -0.03614603 0.6624879 2.915507 -0.1639436 0.7380919 2.645212 -0.2040222 0.3416169 2.605649 0.02956446 0.2135479 2.406898 0.2770257 0.242079 2.225093 -0.07653253 0.4317636 2.618661 0.271867 0.6929635 2.465836 0.1449357 1.077977 2.386919 0.06397386 1.408345 2.31638 0.2667646 0.5445501 2.354261 0.4352456 0.4968959 1.980434 0.6253055 0.4361488 1.695066  A_Kick_SoClose
-0.2916242 0.354504 2.666247 -0.1936548 0.4197892 2.714433 -0.04934905 0.6898738 2.882214 -0.1813592 0.7382107 2.607725 -0.2007086 0.3414153 2.600657 0.0415596 0.2171654 2.404854 0.2726984 0.2605768 2.205369 -0.0742899 0.4330324 2.613848 0.2762513 0.6920509 2.463276 0.1503921 1.077298 2.383787 0.06622358 1.406763 2.312777 0.275823 0.5406529 2.355666 0.4107667 0.5270873 1.965782 0.6497398 0.455611 1.722819  A_Kick_SoClose
-0.2877227 0.352181 2.652276 -0.1929973 0.4216542 2.701967 -0.06426643 0.7102611 2.845316 -0.2010265 0.7315589 2.569725 -0.1937048 0.3369763 2.592576 0.05727204 0.2169877 2.40188 0.2640037 0.2780117 2.181329 -0.06920581 0.4310905 2.606429 0.2828377 0.6908767 2.461832 0.158851 1.076716 2.382271 0.07191266 1.405358 2.310786 0.2879827 0.5376657 2.356944 0.381003 0.5566822 1.955212 0.6586793 0.4877827 1.756726  A_Kick_SoClose
-0.2798359 0.3437274 2.629878 -0.1900754 0.4187186 2.681542 -0.0856397 0.7260121 2.794789 -0.2305767 0.7135073 2.522862 -0.1820563 0.3275068 2.577843 0.07905759 0.2128609 2.395222 0.2367831 0.2947434 2.143186 -0.06092088 0.4256952 2.593161 0.291779 0.6906033 2.461283 0.1696089 1.076939 2.38132 0.08089556 1.404969 2.309211 0.3058651 0.5363386 2.358787 0.3360722 0.5922422 1.950908 0.6571797 0.5520229 1.822376  A_Kick_SoClose
-0.273919 0.3373606 2.615399 -0.1872877 0.4154648 2.668123 -0.0978521 0.7308044 2.764482 -0.2478595 0.6992907 2.496878 -0.174167 0.3212008 2.567727 0.09224851 0.2094902 2.390229 0.2137799 0.2976203 2.120845 -0.05528848 0.4219586 2.584011 0.2969603 0.691318 2.460995 0.1754063 1.077823 2.380912 0.08613344 1.405671 2.308662 0.3167391 0.5369809 2.359553 0.3090182 0.6089873 1.953155 0.6470926 0.5953147 1.870896  A_Kick_SoClose
-0.2690738 0.3267286 2.603146 -0.1853102 0.4070455 2.657193 -0.1096483 0.7266703 2.746481 -0.2633474 0.68287 2.482728 -0.1678771 0.3119452 2.558253 0.1026668 0.2043855 2.383904 0.1836711 0.3016386 2.102684 -0.05151502 0.4153354 2.576132 0.2982735 0.6920453 2.463169 0.1763201 1.078206 2.38204 0.0894772 1.406791 2.310178 0.3240476 0.5386058 2.361712 0.2910599 0.6258875 1.959596 0.6339304 0.6695799 1.917421  A_Kick_SoClose
-0.2612369 0.3136804 2.586706 -0.1813078 0.3967733 2.642371 -0.1232088 0.7207684 2.722023 -0.2809004 0.660693 2.463891 -0.1583098 0.3007923 2.545438 0.1173079 0.1986681 2.375217 0.1427561 0.2997398 2.084973 -0.04534666 0.4075354 2.565302 0.300438 0.6938906 2.465295 0.17781 1.079609 2.383088 0.09398647 1.40918 2.312162 0.3340264 0.5418445 2.364026 0.2669868 0.6443586 1.969818 0.5962213 0.7566555 1.985376  A_Kick_SoClose
-0.2519105 0.2875482 2.568194 -0.1773049 0.3735931 2.626461 -0.1386848 0.7001631 2.70528 -0.2930132 0.6277922 2.448273 -0.1471843 0.2788671 2.530248 0.1346602 0.1887008 2.362763 0.08870859 0.2956022 2.077167 -0.0397381 0.3905187 2.553456 0.2955916 0.6942042 2.470197 0.1754785 1.079527 2.382598 0.09921367 1.410643 2.310351 0.3407087 0.5449756 2.369218 0.2638941 0.6929603 1.991589 0.5263575 0.9084305 2.068618  A_Kick_SoClose
-0.2439186 0.2679247 2.555972 -0.1732124 0.3558773 2.616023 -0.1467159 0.6834399 2.696507 -0.2947159 0.6050715 2.437543 -0.1381649 0.2625777 2.520085 0.1477625 0.1832881 2.3539 0.05730965 0.2909455 2.079432 -0.03502856 0.3777483 2.545541 0.2902874 0.6947992 2.473473 0.1739921 1.080499 2.382446 0.1032698 1.412633 2.309241 0.3439661 0.5483835 2.372563 0.2629243 0.7341458 2.012941 0.471211 0.9925777 2.118191  A_Kick_SoClose
-0.2344023 0.2458682 2.543717 -0.167898 0.3356351 2.605614 -0.1526583 0.6636022 2.690177 -0.2905092 0.5819477 2.426668 -0.1278031 0.2443483 2.509716 0.1619076 0.1787993 2.344347 0.03102984 0.2853804 2.086246 -0.0295742 0.3632234 2.537451 0.2827535 0.6951088 2.476529 0.172532 1.081907 2.382649 0.107972 1.415107 2.308601 0.3457432 0.552497 2.375555 0.2609046 0.7830908 2.043844 0.416928 1.072043 2.159651  A_Kick_SoClose
-0.2244416 0.2249954 2.532804 -0.1620895 0.316389 2.596385 -0.156886 0.6442906 2.685684 -0.2827812 0.5614951 2.416606 -0.1172409 0.2273345 2.500494 0.1756067 0.1768219 2.336152 0.01451095 0.2810299 2.094712 -0.02406613 0.3497443 2.530221 0.2739347 0.6959192 2.479331 0.1705142 1.084062 2.383288 0.1118096 1.418186 2.308531 0.3457564 0.5577169 2.378122 0.259112 0.8254397 2.076095 0.376157 1.13324 2.189264  A_Kick_SoClose
-0.2121738 0.2016835 2.521163 -0.1546442 0.2947522 2.586565 -0.1600627 0.6220421 2.682048 -0.2703605 0.5402087 2.405923 -0.104541 0.2085618 2.490659 0.190976 0.1768397 2.327827 0.003371553 0.2773329 2.104645 -0.01745336 0.3348711 2.522457 0.2623648 0.6969118 2.482274 0.1677597 1.086931 2.384756 0.1158056 1.422073 2.309559 0.3439656 0.564558 2.38066 0.2563687 0.8687596 2.115723 0.3418418 1.192145 2.212491  A_Kick_SoClose
-0.1914149 0.1674082 2.504433 -0.141633 0.2626274 2.57253 -0.1637575 0.5877185 2.677553 -0.2492105 0.5089711 2.391889 -0.08357058 0.1816367 2.47658 0.2134187 0.1814342 2.316124 -0.004949136 0.2730236 2.11856 -0.006669922 0.3136109 2.511486 0.2422082 0.6984019 2.487067 0.1632783 1.091305 2.387205 0.1228113 1.427758 2.310817 0.3381496 0.5764455 2.384971 0.2555176 0.9230212 2.176499 0.3024159 1.262015 2.240777  A_Kick_SoClose
-0.1318255 0.09788918 2.466071 -0.1020872 0.1955278 2.540328 -0.1684431 0.5086551 2.663664 -0.1997234 0.4361748 2.365544 -0.02582185 0.1312292 2.444481 0.2585336 0.2122763 2.288911 -0.005610092 0.2683388 2.139949 0.022819 0.2738588 2.48738 0.1878724 0.7010761 2.498392 0.1504794 1.099976 2.398115 0.1406045 1.438767 2.321978 0.3133654 0.6090252 2.397003 0.2654376 1.00999 2.311366 0.2479924 1.357513 2.298282  A_Kick_SoClose
-0.09075777 0.06953752 2.446022 -0.07348506 0.1665533 2.523473 -0.1697109 0.4684007 2.649819 -0.176705 0.3924755 2.350998 0.01254852 0.1147134 2.428351 0.2783224 0.2417626 2.273967 0.0006907154 0.2672347 2.142148 0.04252608 0.2607676 2.476506 0.1570923 0.7032563 2.505922 0.1395487 1.104073 2.407876 0.145881 1.443562 2.334521 0.2958893 0.6296426 2.406837 0.2695015 1.039119 2.361716 0.235485 1.383066 2.319386  A_Kick_SoClose
-0.05490206 0.05330205 2.429555 -0.04829715 0.148631 2.509391 -0.1712168 0.4387697 2.631678 -0.1603891 0.3556068 2.334905 0.04522439 0.1082107 2.415812 0.2902573 0.2701517 2.262268 0.008666711 0.2638304 2.136684 0.05915811 0.2550738 2.468598 0.1350871 0.7049789 2.511922 0.1126545 1.105007 2.411678 0.1360649 1.447369 2.357693 0.2825464 0.6452564 2.416055 0.2637542 1.055824 2.377527 0.232383 1.399656 2.332325  A_Kick_SoClose
-0.0121753 0.04094982 2.410176 -0.01865648 0.1329858 2.492381 -0.1737885 0.4059169 2.602679 -0.1396286 0.3126682 2.310711 0.08303829 0.1068356 2.402317 0.2990759 0.3045629 2.250669 0.02103932 0.2557336 2.126508 0.07765706 0.2522963 2.460296 0.1114677 0.7061666 2.519308 0.07680871 1.105343 2.419151 0.1154182 1.449465 2.391523 0.2674395 0.6613926 2.428922 0.253625 1.071471 2.383665 0.2319994 1.416674 2.343476  A_Kick_SoClose
0.006111162 0.03794539 2.401722 -0.006422384 0.1281041 2.484719 -0.1757439 0.3921585 2.586376 -0.129439 0.2941372 2.297663 0.09880669 0.1083281 2.397123 0.3013129 0.3195041 2.246936 0.02830114 0.2506098 2.121149 0.08483817 0.2524005 2.457102 0.1016904 0.7066599 2.522803 0.05954011 1.105657 2.424827 0.1003051 1.450324 2.410099 0.2610643 0.66773 2.435706 0.248713 1.076797 2.381712 0.2328153 1.422708 2.345099  A_Kick_SoClose
0.01943346 0.03701341 2.395074 0.001825767 0.1255447 2.478505 -0.1787477 0.3819859 2.570485 -0.1211623 0.2798389 2.285253 0.1100749 0.1106194 2.393672 0.3024622 0.33101 2.245337 0.03552093 0.2456213 2.116669 0.08935691 0.2533153 2.454975 0.09447153 0.7074145 2.525929 0.04476722 1.106561 2.432194 0.08160062 1.451966 2.428638 0.2565174 0.6723035 2.442204 0.2449747 1.079662 2.376406 0.2340644 1.426021 2.342285  A_Kick_SoClose
0.0338725 0.03675961 2.388153 0.01065465 0.1233698 2.471818 -0.1813852 0.3710179 2.551948 -0.1105941 0.264609 2.271282 0.1221017 0.1136757 2.390437 0.3035045 0.3430179 2.244266 0.04482736 0.2397842 2.111853 0.09401967 0.2546334 2.452821 0.08638288 0.7081988 2.5291 0.02826263 1.10754 2.441217 0.05784329 1.453552 2.449847 0.2512785 0.6771507 2.449432 0.241541 1.082354 2.37121 0.2357865 1.429107 2.339949  A_Kick_SoClose
0.04967888 0.03828526 2.38036 0.01878758 0.122551 2.463612 -0.1870475 0.3586271 2.522488 -0.09511451 0.246208 2.250425 0.1349788 0.1183561 2.38865 0.306147 0.3561502 2.247391 0.06206163 0.2311909 2.106281 0.09792347 0.2571726 2.45115 0.07608165 0.7097815 2.532617 0.006509261 1.110771 2.462318 0.0087166 1.457508 2.483354 0.2449193 0.6827399 2.460062 0.2389905 1.085211 2.368492 0.238155 1.432129 2.338573  A_Kick_SoClose
0.05765291 0.03963399 2.377371 0.02247794 0.1226563 2.46003 -0.1898645 0.3523197 2.504835 -0.08475141 0.235926 2.239295 0.1413456 0.1210363 2.389284 0.3085467 0.3622512 2.251113 0.07394166 0.2262204 2.104279 0.0995322 0.2587638 2.451188 0.06973203 0.710758 2.534318 -0.005046649 1.113108 2.478665 -0.02252184 1.459217 2.502685 0.240755 0.6859086 2.466236 0.2375925 1.086818 2.367923 0.2391206 1.433729 2.337955  A_Kick_SoClose
0.06400128 0.04124069 2.375934 0.02485796 0.1232375 2.457739 -0.1925346 0.3471217 2.487453 -0.07396112 0.2262896 2.229679 0.146295 0.1234708 2.391479 0.3117373 0.3668561 2.256695 0.08682121 0.2215608 2.103703 0.1003616 0.2603867 2.452254 0.06326844 0.7118267 2.535711 -0.01527898 1.115615 2.498837 -0.05291907 1.460292 2.520162 0.236331 0.6889598 2.472245 0.2360795 1.088469 2.368343 0.2394588 1.435275 2.337324  A_Kick_SoClose
0.07125421 0.04354727 2.375396 0.0272748 0.1242939 2.455842 -0.1947472 0.3410704 2.465539 -0.0589029 0.2142439 2.219432 0.1517595 0.1265587 2.395546 0.3165881 0.3718289 2.265188 0.1044389 0.2161726 2.104352 0.1008953 0.2625643 2.454407 0.05448093 0.713258 2.537213 -0.02790968 1.117836 2.527072 -0.08474199 1.460347 2.5385 0.2299462 0.6929851 2.479746 0.2337675 1.090671 2.369136 0.2395615 1.437304 2.336579  A_Kick_SoClose
0.07672288 0.04602349 2.376645 0.02830817 0.1256785 2.455444 -0.1962571 0.3359554 2.444316 -0.04309462 0.2024844 2.212294 0.1555773 0.1293832 2.40135 0.3226184 0.375315 2.275912 0.1232302 0.2115989 2.106957 0.1003664 0.2647587 2.457694 0.04476639 0.7147133 2.53823 -0.0391948 1.118532 2.559579 -0.1001105 1.460481 2.553768 0.222387 0.6971285 2.486818 0.2304549 1.093006 2.370115 0.2386581 1.439395 2.335546  A_Kick_SoClose
0.08009739 0.04826176 2.378618 0.02797289 0.1269127 2.455751 -0.1968543 0.3318558 2.426054 -0.02907507 0.1923306 2.20813 0.1574618 0.131835 2.407319 0.3284127 0.3775849 2.286612 0.1401073 0.2085978 2.110291 0.09853072 0.2666749 2.461122 0.0350556 0.715986 2.539016 -0.04860465 1.117782 2.585224 -0.09456478 1.461661 2.567652 0.2143448 0.7006365 2.492958 0.2265305 1.094736 2.370727 0.2372348 1.44086 2.334232  A_Kick_SoClose
0.08502568 0.05354357 2.385427 0.02487232 0.1296394 2.457783 -0.1929206 0.3241329 2.386159 0.004266279 0.1704409 2.205594 0.1585918 0.1376753 2.423261 0.3455922 0.3799634 2.315473 0.1817305 0.205296 2.121192 0.0910628 0.2710932 2.470047 0.01039739 0.7188912 2.540446 -0.07143746 1.115733 2.62041 -0.07399122 1.462948 2.609963 0.1928244 0.7081077 2.507195 0.2157845 1.097446 2.371946 0.2333806 1.442604 2.329473  A_Kick_SoClose
0.08626504 0.05518007 2.389021 0.02358253 0.1304398 2.459316 -0.1889965 0.322861 2.375041 0.01557668 0.1644293 2.207242 0.1584051 0.1397051 2.429747 0.3530469 0.3794926 2.326809 0.1969086 0.2050939 2.126035 0.08791669 0.2725461 2.473724 0.002122717 0.7198749 2.541413 -0.0794528 1.116676 2.621843 -0.08810227 1.4639 2.61594 0.1854044 0.7102754 2.512826 0.2124661 1.09791 2.373506 0.2326958 1.442553 2.32812  A_Kick_SoClose
0.08683367 0.05629551 2.392069 0.02241303 0.1310078 2.460714 -0.1855548 0.3225926 2.368089 0.02335896 0.1607493 2.209126 0.1579136 0.1411872 2.434767 0.3586203 0.3787049 2.335483 0.2079757 0.2050864 2.129892 0.08532144 0.2735981 2.476565 -0.003858967 0.7206255 2.54225 -0.08498554 1.117968 2.62043 -0.1031222 1.464865 2.617743 0.1799687 0.711735 2.517152 0.2101592 1.09816 2.375137 0.2324017 1.44236 2.327394  A_Kick_SoClose
0.08624406 0.05733263 2.396094 0.02006318 0.1317474 2.462671 -0.1820761 0.323423 2.362045 0.03018363 0.1575538 2.211909 0.1561974 0.1426967 2.440652 0.363759 0.3772875 2.345318 0.2192724 0.2043318 2.134809 0.08159329 0.2747852 2.479847 -0.0107172 0.7215406 2.543191 -0.09042262 1.119426 2.620062 -0.1146396 1.465961 2.621049 0.1736355 0.7133068 2.522028 0.207448 1.098619 2.377825 0.2319966 1.442278 2.32739  A_Kick_SoClose
0.08492048 0.05806959 2.399938 0.01739522 0.1324483 2.464621 -0.179402 0.3248855 2.358186 0.03466733 0.1554778 2.214719 0.1539729 0.1438762 2.445828 0.3673533 0.3757095 2.353777 0.2280799 0.2031369 2.139473 0.07791872 0.275802 2.482716 -0.01657872 0.7223749 2.544027 -0.0945103 1.120655 2.620669 -0.1211383 1.466994 2.624476 0.168147 0.7146041 2.526207 0.2050459 1.099072 2.380515 0.2315523 1.442211 2.32759  A_Kick_SoClose
0.08293326 0.05853951 2.403762 0.01446094 0.1331366 2.466808 -0.1777019 0.3266597 2.356231 0.03692474 0.1539005 2.217677 0.1513485 0.144682 2.450506 0.3692919 0.3741262 2.361001 0.2343392 0.2011987 2.144233 0.0744458 0.2766477 2.48544 -0.02136312 0.7231175 2.544999 -0.09797095 1.121778 2.620999 -0.1267579 1.467906 2.627367 0.1636129 0.7156832 2.529829 0.2030181 1.099265 2.382467 0.231119 1.441849 2.326838  A_Kick_SoClose
0.07697995 0.05899799 2.412179 0.007110314 0.1345904 2.471957 -0.1758031 0.3311905 2.355058 0.03770598 0.1511235 2.224301 0.1444783 0.1457051 2.459967 0.37051 0.3703575 2.374815 0.2435842 0.1951604 2.155041 0.06679197 0.2781583 2.491117 -0.03033922 0.7245466 2.547214 -0.1047067 1.124069 2.620876 -0.1377777 1.469673 2.632627 0.1549863 0.7176449 2.536805 0.1992764 1.099868 2.387315 0.2305377 1.441364 2.326892  A_Kick_SoClose
0.07105286 0.05895746 2.419238 0.0005121995 0.135748 2.47659 -0.1755105 0.3349626 2.355956 0.03532 0.1484947 2.229909 0.1381591 0.1459587 2.467299 0.3691729 0.3670872 2.384598 0.2476901 0.1878328 2.165021 0.06065388 0.2791244 2.495746 -0.03638963 0.7255628 2.549296 -0.1096334 1.126198 2.617865 -0.1478899 1.470996 2.635872 0.1490936 0.7189269 2.541985 0.1971909 1.09998 2.390695 0.2309095 1.440569 2.326583  A_Kick_SoClose
0.06265356 0.05882883 2.428648 -0.008560641 0.1373141 2.482801 -0.1754211 0.3398436 2.357746 0.03099753 0.1448586 2.237414 0.1293667 0.1461656 2.476888 0.3665304 0.3626044 2.397295 0.2516975 0.1773397 2.179132 0.05241962 0.2803507 2.501845 -0.04413364 0.7268679 2.552106 -0.1158638 1.128959 2.61336 -0.1597071 1.472499 2.64042 0.1414738 0.7205546 2.54871 0.1946557 1.099993 2.395082 0.2316999 1.439294 2.326158  A_Kick_SoClose
0.05368252 0.05852079 2.437953 -0.0178958 0.1388619 2.48901 -0.1758652 0.3444223 2.360198 0.0249876 0.1408463 2.244775 0.1202204 0.146104 2.486059 0.3627608 0.3579364 2.409024 0.2535062 0.165868 2.193902 0.04427804 0.2814226 2.507761 -0.05120901 0.7280386 2.554986 -0.1215392 1.131449 2.608726 -0.1691998 1.473658 2.64472 0.1344382 0.7219848 2.555108 0.1926066 1.099752 2.399185 0.2328986 1.437701 2.325598  A_Kick_SoClose
0.04754474 0.05825841 2.444066 -0.02413897 0.1398441 2.493125 -0.1764495 0.3472611 2.362168 0.02041008 0.1382343 2.249644 0.1140567 0.1459957 2.491949 0.3599819 0.3547162 2.416338 0.2538092 0.1582941 2.203617 0.03889574 0.2820642 2.511586 -0.05573819 0.7287441 2.556872 -0.1250407 1.132907 2.606112 -0.1742102 1.474296 2.64746 0.1299007 0.7228535 2.559115 0.1912286 1.099525 2.401758 0.2336338 1.436546 2.325168  A_Kick_SoClose
0.0405093 0.05789328 2.450851 -0.03115938 0.1408875 2.497741 -0.1774318 0.3502438 2.364707 0.01468797 0.1353526 2.255074 0.1070898 0.1457918 2.498341 0.3566175 0.3509746 2.423983 0.2532588 0.1498561 2.214286 0.03291352 0.2826991 2.515766 -0.0606126 0.7294505 2.558968 -0.1287143 1.13434 2.603705 -0.178796 1.47492 2.6503 0.1249936 0.7237303 2.563346 0.1896767 1.099196 2.404459 0.2343745 1.435159 2.324593  A_Kick_SoClose
0.03355243 0.05750501 2.457416 -0.03799681 0.1418564 2.502253 -0.1786715 0.3529745 2.36746 0.0087799 0.1327307 2.260399 0.1002744 0.1455476 2.504425 0.3533027 0.3472143 2.431201 0.2522179 0.1420424 2.224342 0.027124 0.283252 2.519783 -0.06524406 0.7300674 2.561012 -0.132113 1.135606 2.601528 -0.1825889 1.475429 2.652972 0.1203128 0.7245079 2.567278 0.1881157 1.098855 2.407058 0.2350192 1.433776 2.324138  A_Kick_SoClose
0.02276959 0.05668986 2.467314 -0.04832486 0.1430928 2.509279 -0.1817019 0.3566546 2.372527 -0.001145942 0.1292058 2.268728 0.08994372 0.144932 2.513237 0.3483439 0.3410603 2.441212 0.2494605 0.1314856 2.23773 0.01850386 0.2838178 2.525747 -0.07184248 0.7307405 2.564172 -0.1367977 1.137129 2.598871 -0.1870775 1.475989 2.656489 0.1136361 0.7253874 2.572575 0.1855483 1.098301 2.410811 0.235547 1.4317 2.323673  A_Kick_SoClose
0.01501002 0.05584872 2.474445 -0.05553488 0.1436796 2.51465 -0.1852047 0.3588119 2.377107 -0.008818431 0.1272765 2.275191 0.08272566 0.1442349 2.519228 0.3452775 0.3362494 2.4478 0.2471598 0.126044 2.244598 0.01256998 0.2839195 2.529988 -0.07616793 0.7309406 2.566461 -0.139861 1.137835 2.597367 -0.1896348 1.476199 2.658244 0.1092808 0.7257148 2.575572 0.1835694 1.097939 2.413293 0.2355599 1.430359 2.323621  A_Kick_SoClose
0.00642504 0.05480373 2.482379 -0.06338386 0.1441725 2.520799 -0.189845 0.3609378 2.382699 -0.01758234 0.1255111 2.282663 0.07486488 0.1433355 2.525681 0.3421359 0.3306617 2.454772 0.2445545 0.121174 2.250574 0.006154018 0.2838613 2.534666 -0.08072077 0.7309941 2.568995 -0.1431084 1.138374 2.595902 -0.1921142 1.47631 2.659713 0.1047166 0.7258962 2.578403 0.1813134 1.097553 2.415898 0.2353677 1.428951 2.323698  A_Kick_SoClose
-0.0006565283 0.05331635 2.489434 -0.06951635 0.1439321 2.526915 -0.1966157 0.3618981 2.389316 -0.0255069 0.1251714 2.290373 0.06875612 0.1420376 2.530707 0.3406858 0.3249561 2.459285 0.2427578 0.1214402 2.249295 0.001239853 0.2832031 2.538659 -0.08384983 0.7305094 2.571073 -0.1456213 1.138165 2.595064 -0.1939158 1.476144 2.65919 0.1016562 0.725469 2.57905 0.1793745 1.09731 2.417502 0.2348351 1.428107 2.323985  A_Kick_SoClose
-0.004695637 0.05233979 2.493627 -0.07293169 0.1436639 2.53068 -0.2011275 0.3622999 2.39362 -0.03019951 0.1252385 2.295167 0.06535424 0.1411805 2.533525 0.3399925 0.3214821 2.461533 0.2419878 0.1226006 2.247183 -0.001483304 0.282696 2.540973 -0.08550458 0.7301089 2.572276 -0.1471479 1.137875 2.594678 -0.1950935 1.475945 2.658578 0.1000508 0.7250936 2.579028 0.178247 1.09718 2.418277 0.2344389 1.427681 2.324153  A_Kick_SoClose
-0.007857008 0.05095601 2.497531 -0.0752679 0.1428632 2.534732 -0.2073902 0.3619466 2.399188 -0.03461878 0.1263322 2.300479 0.06303771 0.13999 2.535483 0.3405263 0.3175137 2.461647 0.2418646 0.1274338 2.239747 -0.00327353 0.2817533 2.542924 -0.08624659 0.7293141 2.573292 -0.1486684 1.13701 2.594786 -0.1966827 1.475415 2.65684 0.09938563 0.7242961 2.57742 0.177287 1.09716 2.418336 0.2337911 1.427647 2.32435  A_Kick_SoClose
-0.01087849 0.04965341 2.501321 -0.07749461 0.1421187 2.538646 -0.2133688 0.3616396 2.40467 -0.03884552 0.1274726 2.305599 0.06079866 0.138858 2.53738 0.3411405 0.3134004 2.461669 0.2419885 0.1319484 2.232871 -0.00500725 0.2808576 2.544801 -0.0869786 0.7285552 2.574255 -0.1501594 1.136178 2.594908 -0.1982683 1.474888 2.6552 0.09869225 0.7235216 2.57585 0.1763894 1.097108 2.418372 0.233231 1.427571 2.324503  A_Kick_SoClose
