-0.05253534 0.07408905 0.3456973 -0.1198014 0.1726139 0.3522862 -0.3331397 0.4095793 0.4180735 -0.3188202 0.6178765 0.1911048 0.01844867 0.1680971 0.3542308 0.2413782 0.3977767 0.4216622 0.2266836 0.6078271 0.1963462 -0.04571066 0.2997118 0.2984585 -0.1226021 0.7163768 0.1296672 -0.1432705 1.112082 0.01320064 -0.1615023 1.456203 -0.03064692 0.06297894 0.7111923 0.1355265 0.1266775 1.10212 0.01924598 0.1781379 1.444861 -0.01435053  SA_DodgeSlap_SoClose
-0.05283139 0.07312953 0.3444217 -0.1198737 0.1717706 0.3505334 -0.3345256 0.4092296 0.4133176 -0.3159426 0.6170042 0.186179 0.01834269 0.1670364 0.3538593 0.2408227 0.3964237 0.4239787 0.228056 0.6069921 0.1990288 -0.04505436 0.2989864 0.2980078 -0.1213368 0.7157544 0.1295241 -0.1417053 1.112031 0.01495922 -0.1596605 1.455985 -0.03028023 0.06420358 0.7112026 0.1369804 0.1286541 1.101495 0.01899087 0.1798607 1.444204 -0.01530707  SA_DodgeSlap_SoClose
-0.05346004 0.07223725 0.3434147 -0.1203154 0.1709795 0.349079 -0.33585 0.4088473 0.409602 -0.3140933 0.616094 0.1822628 0.01785644 0.1660421 0.3537058 0.2399895 0.3950599 0.4263171 0.2291609 0.6060243 0.2016367 -0.04482637 0.2982738 0.2977141 -0.1200562 0.715113 0.1291584 -0.1402843 1.111968 0.01659048 -0.1580559 1.455775 -0.02982724 0.06541617 0.7109641 0.1383418 0.1305214 1.10075 0.0190438 0.1815673 1.443394 -0.01612628  SA_DodgeSlap_SoClose
-0.05487965 0.07140791 0.3424991 -0.1215443 0.1702638 0.3475951 -0.3376232 0.4085679 0.4062823 -0.3133352 0.615068 0.1785206 0.0165533 0.1650747 0.3538698 0.2383901 0.3934659 0.4295696 0.2302382 0.6047609 0.2050871 -0.04522912 0.2976016 0.2975768 -0.1182609 0.7144848 0.1282963 -0.1385711 1.11214 0.01860178 -0.156266 1.455776 -0.02909243 0.06706943 0.7105055 0.1400594 0.1328777 1.09982 0.01961315 0.1838716 1.442316 -0.01704705  SA_DodgeSlap_SoClose
-0.05668626 0.07033694 0.3413581 -0.1231303 0.1693141 0.345673 -0.3398728 0.4081488 0.4019312 -0.3125689 0.6133136 0.1733059 0.01484002 0.1638495 0.354133 0.2361486 0.3914928 0.4338688 0.2315138 0.6030952 0.2095755 -0.04580198 0.2967091 0.2973861 -0.1159167 0.7136127 0.1270698 -0.1363554 1.112331 0.0213331 -0.1538369 1.455755 -0.02794421 0.06916852 0.7098444 0.1422619 0.1359245 1.098561 0.02041471 0.1869359 1.440837 -0.0182215  SA_DodgeSlap_SoClose
-0.05977468 0.0690279 0.3396701 -0.1260493 0.1680317 0.3422192 -0.3437944 0.4076341 0.3938092 -0.3129968 0.6076781 0.161126 0.0115834 0.1624627 0.3550047 0.2311173 0.3892645 0.4423097 0.2332394 0.6005802 0.2177085 -0.04718701 0.2955766 0.2969002 -0.1116201 0.7122912 0.1239542 -0.1321273 1.11331 0.02732122 -0.1486218 1.456471 -0.02408469 0.0727836 0.7088715 0.1459793 0.1411404 1.096751 0.0223645 0.1924367 1.438542 -0.02000296  SA_DodgeSlap_SoClose
-0.06401698 0.06721652 0.3374966 -0.130201 0.1659147 0.3361415 -0.3501702 0.4067478 0.3763856 -0.3144926 0.5916662 0.1321729 0.006415503 0.160948 0.3573197 0.2204078 0.3876884 0.4584388 0.2353872 0.5975606 0.2329758 -0.04930959 0.2939082 0.2959546 -0.1037148 0.7101154 0.1181425 -0.1240557 1.114797 0.03818023 -0.1355706 1.457217 -0.01917374 0.07874103 0.7074478 0.1528453 0.1503255 1.093853 0.02647293 0.202579 1.434548 -0.02297127  SA_DodgeSlap_SoClose
-0.06660174 0.06622005 0.3365358 -0.1327054 0.1644956 0.331787 -0.3545108 0.4062397 0.3608006 -0.3156297 0.5750321 0.1056441 0.002750712 0.1604228 0.3595775 0.2109389 0.3880117 0.470899 0.2361725 0.5963702 0.2449468 -0.05074237 0.2929031 0.2952589 -0.09756856 0.7086836 0.1138943 -0.1182638 1.115646 0.0466007 -0.1225363 1.457339 -0.01585734 0.08279778 0.7065799 0.158224 0.157194 1.091837 0.02998388 0.2106097 1.431516 -0.02490532  SA_DodgeSlap_SoClose
-0.06908326 0.06568813 0.3373455 -0.1349944 0.1632251 0.3281063 -0.3593298 0.4060779 0.3379019 -0.3174845 0.5468662 0.06672847 -0.00127135 0.1607807 0.3634537 0.1981974 0.3908678 0.4851254 0.2357201 0.5971895 0.2590111 -0.05234788 0.2921056 0.2949384 -0.09090249 0.7074941 0.1098536 -0.111735 1.116509 0.05649078 -0.1005983 1.456933 -0.01178467 0.08660187 0.7057397 0.1645406 0.1645847 1.089705 0.03456867 0.2196981 1.428127 -0.02610028  SA_DodgeSlap_SoClose
-0.07283746 0.0657897 0.3400606 -0.1380579 0.1625025 0.3254594 -0.363878 0.4062127 0.3063077 -0.3145157 0.5070037 0.01905811 -0.006736619 0.1619079 0.3689526 0.1821641 0.3952501 0.500307 0.2340974 0.599154 0.2748502 -0.05463491 0.2916089 0.2952451 -0.08370106 0.7065067 0.1062869 -0.1055665 1.116998 0.06637228 -0.07121347 1.455966 -0.001413941 0.09015818 0.7048078 0.1716446 0.1724109 1.087137 0.03950059 0.2296649 1.424176 -0.02664101  SA_DodgeSlap_SoClose
-0.07696359 0.0665518 0.3437451 -0.1411946 0.1625737 0.3244766 -0.365887 0.4057388 0.2749971 -0.3064646 0.4658035 -0.02159798 -0.01217072 0.1635317 0.3743681 0.167572 0.3999453 0.5119756 0.2318152 0.6017594 0.2878145 -0.05701194 0.2915814 0.2959975 -0.07811736 0.706012 0.1040648 -0.1009904 1.117237 0.07331026 -0.04391078 1.454783 0.0143317 0.09253098 0.7040634 0.1773924 0.1784399 1.084893 0.04325855 0.2374984 1.420889 -0.02650607  SA_DodgeSlap_SoClose
-0.08457743 0.06849968 0.3497041 -0.1467842 0.1639947 0.324591 -0.3633293 0.4033639 0.226807 -0.2814007 0.40623 -0.07049239 -0.02097349 0.1661416 0.3820742 0.1486612 0.4052728 0.525946 0.2282546 0.6046232 0.3045219 -0.060746 0.2921541 0.2978815 -0.0714169 0.7057126 0.1026891 -0.09481733 1.117365 0.07882059 -0.01738535 1.453233 0.03556812 0.09536286 0.7032704 0.1844209 0.1859759 1.081746 0.04676664 0.2470882 1.416881 -0.02532923  SA_DodgeSlap_SoClose
-0.09256451 0.07087481 0.3550075 -0.1525342 0.1660653 0.3250707 -0.3548504 0.3979751 0.1830124 -0.2507451 0.3501222 -0.1033083 -0.02970461 0.1688446 0.3886503 0.132166 0.4096822 0.5368589 0.2245039 0.6070061 0.3185896 -0.0644419 0.2931086 0.2997621 -0.06596051 0.7057663 0.1022557 -0.08919398 1.117617 0.08192241 3.056652E-06 1.452096 0.05290878 0.09760018 0.7027854 0.190236 0.1924529 1.078967 0.04918945 0.2551974 1.413613 -0.02376807  SA_DodgeSlap_SoClose
-0.1044512 0.07447922 0.3598865 -0.1609546 0.1698405 0.3245476 -0.3296356 0.3845336 0.1213464 -0.1898354 0.2758355 -0.1311375 -0.04233674 0.1721547 0.3956932 0.112065 0.4124517 0.5503858 0.2190092 0.607621 0.3368996 -0.06931953 0.2949059 0.3021334 -0.05957387 0.706267 0.1031555 -0.08226262 1.118221 0.08434284 0.004602568 1.453473 0.05724227 0.1008064 0.7027371 0.1967891 0.2008971 1.07538 0.05008304 0.2648903 1.410105 -0.02141201  SA_DodgeSlap_SoClose
-0.1150963 0.07791519 0.3623556 -0.1684024 0.1735433 0.322986 -0.2992761 0.3677024 0.07593477 -0.1365074 0.2134354 -0.1357623 -0.05354367 0.175137 0.4000715 0.09530838 0.4142387 0.5601557 0.2136299 0.6076789 0.3511456 -0.07370292 0.2967891 0.303408 -0.05459396 0.7071 0.1040581 -0.07641856 1.119132 0.08595169 0.004754918 1.455612 0.05652606 0.103367 0.7029934 0.2016953 0.2081269 1.072513 0.05041969 0.2730576 1.407471 -0.01911318  SA_DodgeSlap_SoClose
-0.125101 0.08069479 0.3599776 -0.1750572 0.1768688 0.3172115 -0.2576617 0.3469315 0.03480232 -0.07383804 0.1608107 -0.1285235 -0.06480525 0.1771827 0.4007677 0.07801767 0.4136726 0.5686182 0.2057334 0.6057913 0.363964 -0.07749264 0.2985448 0.3024844 -0.05013917 0.7083538 0.1050142 -0.07224064 1.120384 0.08719575 -0.002218707 1.458906 0.05293596 0.1062398 0.7037358 0.2051433 0.2147107 1.070525 0.04989183 0.2797495 1.406176 -0.01611197  SA_DodgeSlap_SoClose
-0.1368213 0.08413768 0.3545212 -0.1825824 0.1810367 0.3082541 -0.2030969 0.3189282 0.0001205206 -0.00840096 0.1025753 -0.101823 -0.07821439 0.1796539 0.3990434 0.05724706 0.412639 0.576116 0.1954327 0.6032485 0.3769249 -0.08198927 0.3008285 0.2997869 -0.04504804 0.7103315 0.1057562 -0.06730746 1.122388 0.08875692 -0.01092271 1.463098 0.05118835 0.1095914 0.7048499 0.2085088 0.2226139 1.06867 0.04956043 0.2878051 1.405209 -0.01158822  SA_DodgeSlap_SoClose
-0.1448341 0.08591866 0.3453645 -0.1867425 0.1831672 0.2959646 -0.1499273 0.2953091 -0.01977694 0.05392595 0.07025886 -0.07366431 -0.08944277 0.1809871 0.394277 0.03535189 0.4120575 0.5808543 0.1807842 0.6010942 0.3853577 -0.0850039 0.3022865 0.2952002 -0.04088948 0.7123048 0.1063308 -0.06407665 1.124339 0.09005296 -0.0166655 1.466274 0.05123746 0.1126848 0.7058994 0.210616 0.2279742 1.068249 0.04994667 0.2926082 1.405807 -0.005957723  SA_DodgeSlap_SoClose
-0.1504497 0.08702731 0.3363913 -0.1889433 0.1843905 0.2844547 -0.1054495 0.2760546 -0.02769959 0.1016928 0.04817295 -0.04411519 -0.09834085 0.181932 0.388965 0.01592411 0.4122138 0.5828489 0.1670954 0.5996942 0.3902282 -0.08709787 0.3032689 0.2904748 -0.03737197 0.7140515 0.1067466 -0.06150429 1.126078 0.09168708 -0.02097885 1.468925 0.05312431 0.1152308 0.7066954 0.212387 0.2322695 1.068177 0.05102956 0.2964052 1.406558 -0.0002838373  SA_DodgeSlap_SoClose
-0.1523522 0.08699417 0.3294262 -0.1881721 0.1838105 0.2751092 -0.07242797 0.2651656 -0.02863753 0.1426204 0.04418087 -0.02339041 -0.1040003 0.1825217 0.3848852 -0.001378221 0.4149855 0.5829257 0.1533572 0.6004568 0.3911918 -0.0878381 0.3035572 0.2867087 -0.03463362 0.7152889 0.1071404 -0.0599368 1.12728 0.09309042 -0.02350883 1.470651 0.05509841 0.117011 0.7071483 0.2140945 0.235035 1.06824 0.05258071 0.2988003 1.407075 0.003873706  SA_DodgeSlap_SoClose
-0.1522967 0.08658969 0.3246292 -0.1861673 0.1826987 0.2685288 -0.05039094 0.2588626 -0.02739012 0.1719625 0.04601419 -0.008363843 -0.1071102 0.1829156 0.3820504 -0.01438944 0.41819 0.5819434 0.1430084 0.6020876 0.3908619 -0.0877059 0.3035597 0.2839798 -0.03238187 0.7161821 0.1074222 -0.05886332 1.128137 0.09452617 -0.02519212 1.471903 0.05757558 0.1181692 0.707551 0.2158722 0.2368461 1.068251 0.05396259 0.3002476 1.407386 0.006895423  SA_DodgeSlap_SoClose
-0.1503871 0.08577251 0.3215135 -0.1827346 0.1808466 0.2637905 -0.03470556 0.2562999 -0.02546179 0.1971712 0.05483413 0.001964927 -0.1083327 0.1832517 0.380392 -0.02560006 0.4225581 0.5802335 0.133975 0.6050404 0.3896021 -0.08674709 0.3032968 0.2820424 -0.03019653 0.7168452 0.1076492 -0.05805079 1.128748 0.09604347 -0.02630697 1.472845 0.06050003 0.118907 0.7079632 0.2180613 0.2380885 1.068079 0.05522525 0.3011325 1.40739 0.008943915  SA_DodgeSlap_SoClose
-0.1480352 0.08501065 0.3191508 -0.1791283 0.1791437 0.2602752 -0.02459691 0.255796 -0.02426827 0.2155518 0.06541789 0.01026142 -0.1086524 0.1835313 0.3792342 -0.03478579 0.4263012 0.5785888 0.1267466 0.6083152 0.3891619 -0.08554678 0.30311 0.2806619 -0.02779726 0.7173715 0.1077045 -0.05655597 1.129242 0.09719217 -0.02625297 1.473648 0.06342781 0.1192153 0.7086723 0.2208999 0.2397889 1.067264 0.05574119 0.3027535 1.406603 0.009566188  SA_DodgeSlap_SoClose
-0.1458537 0.08441889 0.3175882 -0.1760574 0.1778206 0.2579926 -0.0189396 0.2563466 -0.02377188 0.2273628 0.07504761 0.01589286 -0.1084507 0.1837415 0.3785394 -0.04133252 0.4290786 0.5772508 0.1216363 0.6111899 0.3891524 -0.0844243 0.3029957 0.2797946 -0.02572428 0.7177508 0.1076783 -0.05503438 1.129603 0.09800994 -0.02572702 1.474254 0.06590688 0.1192296 0.7094046 0.2235245 0.2414449 1.066252 0.05581462 0.3045286 1.40554 0.009420753  SA_DodgeSlap_SoClose
-0.1439598 0.08406222 0.3151902 -0.1733179 0.1771466 0.2553796 -0.01480464 0.2570353 -0.02460778 0.2347557 0.08182728 0.02153671 -0.1081406 0.1837622 0.3772215 -0.04639653 0.4299636 0.5766519 0.1176869 0.6133025 0.3907274 -0.08329944 0.303183 0.27888 -0.02333312 0.7181867 0.1075038 -0.05237446 1.130066 0.09819353 -0.02526603 1.475087 0.06819713 0.1189104 0.7107887 0.2267245 0.2439517 1.064587 0.05469167 0.3071871 1.403845 0.008293033  SA_DodgeSlap_SoClose
-0.1421555 0.08381677 0.3119935 -0.170757 0.1768965 0.2523049 -0.01080642 0.2575157 -0.02621615 0.2399124 0.08599722 0.02697265 -0.1077468 0.1835759 0.3752779 -0.05049477 0.429435 0.5765456 0.1141149 0.6146963 0.3930076 -0.08219491 0.3035709 0.2778214 -0.02097301 0.7187543 0.1073726 -0.04930244 1.130687 0.09824121 -0.02563648 1.476178 0.0708617 0.118304 0.7126248 0.2301158 0.2469701 1.062579 0.05297124 0.3104477 1.401834 0.006873965  SA_DodgeSlap_SoClose
-0.1411172 0.08373857 0.3090395 -0.1693506 0.177146 0.2497276 -0.007635219 0.2573657 -0.0277983 0.2416689 0.08534312 0.03019512 -0.1074959 0.1832026 0.3733176 -0.05226682 0.4276162 0.5770515 0.1119038 0.6146906 0.3949646 -0.08157651 0.3040097 0.2769684 -0.01969145 0.7192799 0.1074275 -0.04716567 1.131269 0.09819543 -0.02715163 1.477163 0.07308185 0.1176744 0.7142197 0.232354 0.2492267 1.061143 0.05140674 0.3128801 1.400437 0.005849242  SA_DodgeSlap_SoClose
-0.1401559 0.08367932 0.3067049 -0.1682105 0.1773642 0.2476748 -0.004612548 0.2570591 -0.02881157 0.2431255 0.08393347 0.03251445 -0.1072077 0.1828918 0.3717126 -0.05357031 0.4260007 0.5775808 0.110022 0.614625 0.3965763 -0.08109473 0.3043817 0.2762784 -0.01897697 0.719755 0.1075233 -0.04571186 1.131786 0.09802902 -0.02891014 1.477976 0.07469928 0.1171343 0.7155036 0.2338451 0.2508478 1.060148 0.05014884 0.3145299 1.399539 0.005356193  SA_DodgeSlap_SoClose
-0.1389544 0.08361483 0.3042082 -0.1669449 0.1776201 0.2454652 -0.0008325409 0.2564852 -0.02965891 0.2447171 0.08134818 0.03468359 -0.1067745 0.1825356 0.3699344 -0.05481289 0.4240537 0.5783018 0.1078852 0.6144764 0.3983768 -0.08056866 0.3048055 0.2755274 -0.01854895 0.7203301 0.1076883 -0.04441873 1.132405 0.09770954 -0.03139524 1.478884 0.0763315 0.1165267 0.7169083 0.2351416 0.252353 1.059266 0.04873931 0.3158991 1.398836 0.005130649  SA_DodgeSlap_SoClose
-0.1376234 0.08353794 0.3025917 -0.165739 0.1776937 0.2439994 0.002429085 0.256076 -0.02978051 0.2465992 0.07971883 0.03645122 -0.1061351 0.1823292 0.3687519 -0.05575935 0.4228702 0.5788358 0.1061825 0.6147472 0.3997759 -0.08005773 0.3051254 0.2749943 -0.01856743 0.7208098 0.1077288 -0.04375027 1.132911 0.09708917 -0.03422097 1.479603 0.07740486 0.1159764 0.7179951 0.2357582 0.2531166 1.058979 0.04780567 0.316342 1.398789 0.005625606  SA_DodgeSlap_SoClose
-0.1365031 0.0834651 0.3016099 -0.1647914 0.1776848 0.2430991 0.004801707 0.2558196 -0.02964318 0.2481709 0.07876003 0.0376538 -0.105526 0.1822052 0.3680166 -0.05634181 0.4221691 0.5791992 0.1050158 0.6150886 0.4007329 -0.07964091 0.3053364 0.2746462 -0.01874833 0.7211577 0.1077265 -0.0434557 1.133273 0.0965246 -0.03658066 1.480099 0.07814062 0.1155663 0.7187459 0.2360047 0.2534332 1.058965 0.04720056 0.3163241 1.398987 0.00623548  SA_DodgeSlap_SoClose
-0.135494 0.08351672 0.3017391 -0.1641421 0.1776532 0.2432207 0.006583707 0.2559246 -0.02847207 0.2501881 0.07955062 0.0397681 -0.1049207 0.1823416 0.368153 -0.05666802 0.4224532 0.5794977 0.1046561 0.6157476 0.4014071 -0.07942806 0.3055822 0.2748188 -0.01941441 0.7214273 0.1076373 -0.04351727 1.13355 0.09546077 -0.0386068 1.480442 0.07768619 0.1151259 0.7192686 0.2356833 0.2532717 1.059268 0.04668605 0.31593 1.399459 0.006791472  SA_DodgeSlap_SoClose
-0.1346826 0.08359706 0.3022684 -0.1637375 0.1776319 0.2437686 0.007680135 0.2562915 -0.02713263 0.2518869 0.08095479 0.0416249 -0.1043417 0.1825154 0.3686107 -0.05655573 0.4229984 0.5797085 0.104811 0.6163382 0.4017056 -0.07931177 0.3057926 0.2751998 -0.02023808 0.7216263 0.107581 -0.04376284 1.133753 0.09442842 -0.04021768 1.480675 0.07691753 0.1147365 0.7196195 0.2351717 0.2528408 1.059686 0.04626548 0.3152905 1.400017 0.007245421  SA_DodgeSlap_SoClose
-0.1343627 0.08370078 0.3030714 -0.1637686 0.1776638 0.2446507 0.007713871 0.2569556 -0.02595389 0.2527102 0.08266616 0.04265678 -0.1039755 0.1826746 0.3692979 -0.05592166 0.4236637 0.5797471 0.1055048 0.6166416 0.4014066 -0.0793687 0.3059249 0.2757391 -0.02104853 0.7217001 0.107601 -0.04411088 1.133826 0.09364593 -0.04095368 1.480739 0.07588947 0.1144713 0.7197112 0.2346128 0.2522291 1.060136 0.04609954 0.3145299 1.400548 0.007552028  SA_DodgeSlap_SoClose
-0.1340297 0.0838058 0.3039521 -0.1638396 0.1777048 0.2456521 0.007585363 0.2577249 -0.02470839 0.2534365 0.08450603 0.04355609 -0.1035389 0.1828243 0.3700498 -0.05500911 0.4243265 0.5797919 0.1063911 0.6169021 0.4009932 -0.07943313 0.3060582 0.2763394 -0.02197198 0.7217807 0.1076626 -0.0445296 1.133905 0.0928601 -0.04178397 1.480809 0.07486236 0.1141865 0.7197928 0.2339896 0.2515036 1.060638 0.04591501 0.3136552 1.401129 0.007820487  SA_DodgeSlap_SoClose
-0.1339342 0.08397603 0.3052949 -0.1643891 0.1778759 0.2473415 0.006397204 0.2591053 -0.02306139 0.253336 0.08683848 0.04366958 -0.1029627 0.1829609 0.371189 -0.05256824 0.424999 0.5798744 0.1083914 0.6168174 0.3998688 -0.07972352 0.3062296 0.277305 -0.0234593 0.7218863 0.1079572 -0.0451691 1.134012 0.09196317 -0.04285858 1.480902 0.07363737 0.1137844 0.7197943 0.2331027 0.25028 1.061398 0.0458082 0.3123935 1.401907 0.007813811  SA_DodgeSlap_SoClose
-0.1338581 0.08408391 0.3064913 -0.1649499 0.1780093 0.2488998 0.004924433 0.2606686 -0.02155221 0.2528697 0.08920407 0.04349124 -0.1023643 0.183019 0.3721684 -0.04985325 0.4253688 0.5800246 0.1103217 0.6165878 0.3986858 -0.08002155 0.3063533 0.2781533 -0.02487348 0.7220073 0.1083239 -0.0457773 1.134131 0.09124124 -0.04377691 1.481004 0.07256973 0.1134046 0.7197513 0.2323221 0.2491116 1.062045 0.04571521 0.311279 1.402528 0.007580638  SA_DodgeSlap_SoClose
-0.1337867 0.08418405 0.3079866 -0.1657503 0.1781774 0.2509178 0.002294617 0.2624693 -0.02006829 0.2513411 0.09162188 0.04233825 -0.1015142 0.1830298 0.373341 -0.04571049 0.425516 0.5803307 0.1129087 0.6161038 0.3969716 -0.08045392 0.3064947 0.2792014 -0.0267282 0.7222242 0.1089481 -0.04655854 1.13434 0.09046161 -0.04481779 1.481187 0.07126558 0.1129108 0.7196605 0.2314061 0.2475862 1.062817 0.0456394 0.3099589 1.403203 0.006968856  SA_DodgeSlap_SoClose
-0.1336285 0.08418977 0.3093537 -0.1663777 0.178223 0.2526873 -0.0009040664 0.2647374 -0.0190326 0.2491957 0.09455407 0.04092777 -0.1006694 0.1829938 0.3743299 -0.04191725 0.4254767 0.5807232 0.114995 0.6157254 0.395552 -0.08079569 0.3065494 0.2800516 -0.02824078 0.722384 0.1095003 -0.04710184 1.134479 0.08959043 -0.0453792 1.481284 0.06966054 0.112559 0.7194752 0.2306136 0.2462481 1.063429 0.04560983 0.3087197 1.403727 0.006334186  SA_DodgeSlap_SoClose
-0.1334169 0.08416307 0.3106989 -0.1669472 0.1782309 0.2544259 -0.004318578 0.267164 -0.01806271 0.2468222 0.09765971 0.03941858 -0.09978269 0.1829346 0.3752731 -0.03810732 0.4253711 0.5811042 0.1169939 0.6153593 0.3941487 -0.08110289 0.3065764 0.2808632 -0.02969734 0.7225318 0.1100549 -0.04763214 1.134596 0.08869779 -0.04588608 1.481355 0.06797874 0.1122344 0.7192606 0.2298306 0.244925 1.064008 0.04558742 0.3074692 1.40422 0.005683303  SA_DodgeSlap_SoClose
-0.1329069 0.08402348 0.3128346 -0.1676728 0.1781451 0.2571906 -0.0111684 0.2723999 -0.01685917 0.2416981 0.104284 0.03702104 -0.09814464 0.1827506 0.3766974 -0.03207539 0.4250554 0.581633 0.1201775 0.6147506 0.3920568 -0.0813825 0.3065025 0.2820729 -0.03179477 0.7226406 0.1108121 -0.04851822 1.134632 0.08719289 -0.04666231 1.481304 0.0650686 0.1119331 0.7187585 0.2284082 0.2429487 1.064891 0.04556835 0.3054098 1.405029 0.004911304  SA_DodgeSlap_SoClose
-0.1319197 0.0837127 0.3161119 -0.1685561 0.1779463 0.2615303 -0.02358226 0.2821754 -0.01499379 0.2319806 0.1164929 0.03342521 -0.09529148 0.1823436 0.3787917 -0.02275036 0.4243735 0.5822018 0.1251465 0.6137085 0.3888544 -0.08150886 0.3062558 0.2838959 -0.03481499 0.7226065 0.1118101 -0.05012939 1.13445 0.08488643 -0.04814176 1.480972 0.06054485 0.111634 0.7178552 0.2259663 0.2400602 1.066186 0.04547822 0.3021978 1.406282 0.003988624  SA_DodgeSlap_SoClose
-0.1310629 0.08342791 0.3186334 -0.1690847 0.1777869 0.2649664 -0.03461562 0.2910194 -0.01325428 0.2230194 0.1273739 0.03092515 -0.09286462 0.1819447 0.3803376 -0.01559774 0.4237179 0.5824226 0.1290381 0.6127962 0.3863758 -0.08136879 0.3059795 0.2852973 -0.03699736 0.7223957 0.1124099 -0.05159597 1.134107 0.08316696 -0.04956559 1.480507 0.05714405 0.1114809 0.7171027 0.2238897 0.2379717 1.067124 0.04531562 0.2997347 1.407242 0.003448367  SA_DodgeSlap_SoClose
-0.1297064 0.08294797 0.3223261 -0.1696484 0.1775508 0.2701496 -0.05328957 0.3053387 -0.01030457 0.2085601 0.1466035 0.0263747 -0.08907793 0.1812313 0.3825425 -0.005556745 0.4225554 0.5825933 0.1348239 0.611185 0.3830527 -0.08088355 0.3054693 0.2874259 -0.04011456 0.7217865 0.1130637 -0.05400292 1.133278 0.08055437 -0.05186347 1.479472 0.05194223 0.1110628 0.7160917 0.2208341 0.2350826 1.068367 0.04498041 0.296404 1.408478 0.002410769  SA_DodgeSlap_SoClose
-0.1274485 0.08209944 0.3270949 -0.1699793 0.1771235 0.2773155 -0.08299659 0.3260691 -0.004421353 0.1863968 0.1778375 0.01928699 -0.08336119 0.1799612 0.3851422 0.008440332 0.4204623 0.5823492 0.1435325 0.6082848 0.3784441 -0.07983522 0.3045894 0.2902488 -0.04454092 0.7206899 0.1138066 -0.05775521 1.131838 0.07697046 -0.05535934 1.477704 0.04464471 0.110051 0.7148374 0.2166103 0.2309621 1.070038 0.04451644 0.2917835 1.4101 0.0008491278  SA_DodgeSlap_SoClose
-0.1232018 0.0803988 0.3322748 -0.1692307 0.1760907 0.2864441 -0.1310319 0.3537821 0.007839084 0.1518699 0.2310095 0.00685966 -0.07453291 0.1775562 0.3872775 0.02834536 0.4165734 0.5807837 0.1569858 0.6030082 0.3715037 -0.07768635 0.3030195 0.2934779 -0.05105833 0.7189988 0.1147655 -0.06347303 1.129642 0.0724262 -0.06074075 1.475027 0.03533351 0.1077951 0.7134119 0.2108692 0.2246776 1.072299 0.04371107 0.2848556 1.412302 -0.001282334  SA_DodgeSlap_SoClose
-0.1202139 0.07919085 0.334339 -0.1681751 0.1752683 0.291026 -0.1605452 0.3682292 0.01835382 0.1294834 0.264932 0.0004466772 -0.06913881 0.1759254 0.3876108 0.0399517 0.4139796 0.5790533 0.1649485 0.5996753 0.3669275 -0.07615964 0.3019938 0.2948378 -0.05493037 0.7180781 0.1153549 -0.0669034 1.128421 0.07008207 -0.06420873 1.473554 0.03070915 0.1062328 0.712703 0.2075456 0.220901 1.073551 0.04309738 0.2807347 1.413555 -0.002348065  SA_DodgeSlap_SoClose
-0.1168939 0.07797778 0.3351859 -0.1664454 0.1742847 0.2939743 -0.1864598 0.3778948 0.02767885 0.1088972 0.2972362 -0.009280801 -0.06431966 0.1744399 0.3872885 0.0493048 0.4117538 0.5772966 0.1711462 0.5975493 0.3634299 -0.07448344 0.3010958 0.2956136 -0.05805854 0.7174444 0.1159385 -0.06947426 1.127534 0.06828344 -0.06727301 1.472546 0.0278405 0.1048502 0.7123426 0.2050241 0.2176525 1.074452 0.04206455 0.2769754 1.414536 -0.003447652  SA_DodgeSlap_SoClose
-0.1101232 0.07580316 0.3357595 -0.162577 0.1725099 0.2987407 -0.2348819 0.3934966 0.05297124 0.06248995 0.3610191 -0.02201331 -0.05494456 0.1717601 0.3856429 0.0674838 0.4075868 0.5726155 0.1828604 0.5941331 0.3558367 -0.07099645 0.2995871 0.2964691 -0.06387793 0.7165138 0.1169566 -0.0743231 1.12606 0.06463611 -0.07341276 1.470889 0.02261388 0.1020915 0.7120467 0.2002376 0.2115931 1.076307 0.03983963 0.2698942 1.416606 -0.005383611  SA_DodgeSlap_SoClose
-0.1018015 0.07358909 0.3347691 -0.1572971 0.1706235 0.3025254 -0.2838551 0.4042721 0.0904268 -0.000860257 0.4342978 -0.02840006 -0.04433904 0.1690569 0.3823708 0.08818056 0.4032605 0.5652598 0.1952346 0.5920606 0.3461746 -0.06661914 0.2982259 0.296532 -0.06987284 0.7158276 0.1178945 -0.07932775 1.12466 0.06008852 -0.08059876 1.469413 0.01745403 0.09893097 0.7124017 0.1953224 0.2051537 1.078313 0.03648603 0.2619914 1.419013 -0.007573724  SA_DodgeSlap_SoClose
-0.09423368 0.0720433 0.3333248 -0.1523884 0.1693572 0.3057011 -0.3207808 0.4088428 0.1330489 -0.07018583 0.4999554 -0.02189648 -0.0348656 0.1670477 0.3786415 0.1086274 0.3996968 0.5559901 0.2061071 0.5916968 0.3352231 -0.06267886 0.2974404 0.2963399 -0.07504021 0.715461 0.1186379 -0.0837125 1.123437 0.05495727 -0.08767138 1.468214 0.01268852 0.09594567 0.7131988 0.1911658 0.1997413 1.079845 0.03241861 0.2552107 1.420991 -0.00989449  SA_DodgeSlap_SoClose
-0.08564191 0.0710541 0.3318933 -0.1473148 0.1689105 0.3119444 -0.3557991 0.4104321 0.2047256 -0.1747861 0.5792838 0.02079427 -0.02313416 0.1651959 0.3727936 0.1406284 0.3948798 0.5373505 0.2192853 0.5929154 0.3144168 -0.05895422 0.2973588 0.2966403 -0.08351485 0.7155885 0.1201905 -0.09105109 1.121651 0.04515207 -0.09960555 1.466578 0.004825473 0.09068997 0.7145039 0.1846346 0.1909387 1.082122 0.0258559 0.2450031 1.423861 -0.01337779  SA_DodgeSlap_SoClose
-0.08191715 0.07118177 0.3322519 -0.1454456 0.1694651 0.3179821 -0.3662286 0.4105777 0.2525595 -0.2293845 0.6124969 0.0638541 -0.01702051 0.1646987 0.3691829 0.1618719 0.3921863 0.5214919 0.2247815 0.5946028 0.2974957 -0.05808834 0.2978979 0.2976235 -0.09052436 0.7161303 0.1221055 -0.09744273 1.120411 0.03794086 -0.1083861 1.465423 -0.001058698 0.08621706 0.7150411 0.1792263 0.18271 1.084373 0.02210796 0.2362462 1.426461 -0.01474106  SA_DodgeSlap_SoClose
-0.07830279 0.07169664 0.3341421 -0.1431747 0.1702873 0.3253344 -0.3683604 0.4106019 0.2958111 -0.2636427 0.6269195 0.1025537 -0.01107655 0.1648474 0.3660501 0.1818932 0.391018 0.5030555 0.2277454 0.5969111 0.2780889 -0.05729334 0.2985767 0.2987455 -0.09830253 0.7167891 0.124452 -0.1056199 1.119024 0.0310272 -0.1181218 1.463995 -0.007866979 0.08128496 0.714967 0.1718496 0.1716276 1.087956 0.01979434 0.2249605 1.430325 -0.01466286  SA_DodgeSlap_SoClose
-0.07451759 0.07222414 0.3365496 -0.140103 0.1708676 0.330952 -0.3660747 0.4103973 0.3220552 -0.2781771 0.6275498 0.1214904 -0.005939526 0.1654364 0.3642377 0.1950979 0.3918619 0.4888252 0.228973 0.5989744 0.2628578 -0.05574683 0.2989917 0.2991866 -0.1035063 0.7170368 0.1256803 -0.1123614 1.117949 0.02685869 -0.1259352 1.462827 -0.01249802 0.07796885 0.7145482 0.1652044 0.1626516 1.091038 0.01861703 0.2159158 1.433485 -0.01516163  SA_DodgeSlap_SoClose
-0.06873183 0.0728842 0.3396691 -0.1350422 0.1715372 0.3380097 -0.3596605 0.4100658 0.3541368 -0.2935769 0.6260853 0.144194 0.001163738 0.1662804 0.3616227 0.2109821 0.3934673 0.4691967 0.2295313 0.6017187 0.2424992 -0.05319379 0.2994071 0.2993983 -0.1098576 0.7171487 0.1270999 -0.1215696 1.116395 0.02202833 -0.136544 1.461113 -0.01820767 0.07355626 0.7137981 0.1562489 0.1511998 1.094862 0.01780975 0.2042587 1.43739 -0.01546204  SA_DodgeSlap_SoClose
-0.06292753 0.07342565 0.3423036 -0.1297132 0.1720377 0.3438472 -0.3513187 0.4098537 0.3799328 -0.3043544 0.6228493 0.161908 0.007691162 0.1670594 0.3590959 0.2235415 0.3952513 0.4512914 0.2290201 0.6040981 0.224449 -0.05053256 0.2996361 0.2992395 -0.1150057 0.7170388 0.1281799 -0.1298393 1.114918 0.01842153 -0.146052 1.45946 -0.02283061 0.06960858 0.7129298 0.1482352 0.1416118 1.097909 0.01781166 0.1943434 1.4405 -0.0153352  SA_DodgeSlap_SoClose
-0.05386464 0.07401943 0.3453311 -0.1210967 0.1725518 0.3512706 -0.3357348 0.4096059 0.4133543 -0.3171637 0.6185084 0.1872514 0.01711746 0.1679869 0.3549131 0.2392804 0.3974977 0.4255317 0.2271233 0.6073946 0.1999215 -0.04630898 0.2997208 0.2985867 -0.1216382 0.7164772 0.129455 -0.141521 1.112469 0.0138253 -0.1594828 1.456645 -0.02969515 0.06388088 0.7114394 0.1371239 0.1284758 1.101666 0.01899707 0.1800906 1.444389 -0.01454222  SA_DodgeSlap_SoClose
