-0.05253534 0.07408905 2.018727 -0.1198014 0.1726139 2.025317 -0.3331397 0.4095793 2.091104 -0.3188202 0.6178765 1.864135 0.01844867 0.1680971 2.027261 0.2413782 0.3977767 2.094693 0.2266836 0.6078271 1.869377 -0.04571066 0.2997118 1.971489 -0.1226021 0.7163768 1.802698 -0.1432705 1.112082 1.686231 -0.1615023 1.456203 1.642383 0.06297894 0.7111923 1.808557 0.1266775 1.10212 1.692276 0.1781379 1.444861 1.65868  SA_DodgeSlap_SoClose
-0.05279438 0.07326567 2.017614 -0.1198653 0.1718918 2.023786 -0.3343541 0.4092898 2.086951 -0.3163096 0.61713 1.859829 0.01835616 0.1671854 2.026938 0.2408945 0.3966103 2.096717 0.2278842 0.607113 1.87172 -0.04513715 0.299093 1.971095 -0.1214964 0.7158483 1.802572 -0.1419012 1.112053 1.687767 -0.1598933 1.456029 1.642703 0.06404991 0.7112166 1.809827 0.1284027 1.10159 1.692052 0.1796405 1.444303 1.657843  SA_DodgeSlap_SoClose
-0.05336658 0.07228899 2.016504 -0.1202343 0.1710238 2.022206 -0.3357329 0.4088626 2.082849 -0.3141418 0.6161581 1.855538 0.01794173 0.1661028 2.026725 0.2400927 0.3951616 2.099134 0.2290886 0.6061041 1.874442 -0.04480002 0.298315 1.970754 -0.1201732 0.7151513 1.802246 -0.1403984 1.111953 1.689489 -0.1581735 1.455771 1.643154 0.06530721 0.7109911 1.81126 0.1303683 1.100807 1.692037 0.1814194 1.44346 1.656964  SA_DodgeSlap_SoClose
-0.05487339 0.07141185 2.015533 -0.1215389 0.1702673 2.020632 -0.3376152 0.4085696 2.079328 -0.3133387 0.615073 1.851568 0.01655914 0.1650794 2.0269 0.2383971 0.3934734 2.102586 0.2302334 0.6047668 1.878102 -0.04522733 0.2976048 1.970608 -0.118269 0.714488 1.80133 -0.1385786 1.112139 1.691623 -0.1562739 1.455776 1.643935 0.06706209 0.7105079 1.813082 0.1328671 1.099824 1.692641 0.183861 1.442321 1.655987  SA_DodgeSlap_SoClose
-0.05630724 0.07050145 2.014593 -0.1227724 0.1694726 2.019114 -0.3393869 0.4082099 2.075927 -0.312524 0.6139426 1.84776 0.01522924 0.1640261 2.027061 0.236724 0.3917786 2.105888 0.2312845 0.6034018 1.881633 -0.04563872 0.2968498 1.970471 -0.1164231 0.7137715 1.800467 -0.1368888 1.112203 1.69366 -0.1544623 1.455661 1.644648 0.06872614 0.7099609 1.814847 0.1353004 1.098777 1.693219 0.1862953 1.441105 1.655023  SA_DodgeSlap_SoClose
-0.05877469 0.06945968 2.013259 -0.1251097 0.1684549 2.016387 -0.3425364 0.4078104 2.06951 -0.3128949 0.609545 1.838139 0.01264848 0.1629198 2.027758 0.232792 0.3899963 2.112591 0.2327015 0.6014086 1.888072 -0.04673747 0.2959515 1.970092 -0.1130429 0.7127305 1.797993 -0.1334554 1.113028 1.698394 -0.1503075 1.456275 1.647685 0.0716119 0.7091967 1.817783 0.1394207 1.097359 1.694757 0.1905957 1.439319 1.65362  SA_DodgeSlap_SoClose
-0.06270336 0.06776619 2.011164 -0.128887 0.1666353 2.01134 -0.3480025 0.4070499 2.056173 -0.3138646 0.598465 1.816794 0.008164184 0.1613153 2.029393 0.2245447 0.3878284 2.125515 0.2347686 0.5983732 1.900413 -0.04860817 0.2944342 1.969346 -0.1065818 0.7108483 1.79331 -0.1270461 1.114275 1.70727 -0.1410007 1.457002 1.652344 0.0766892 0.7078862 1.823385 0.1470729 1.094807 1.697919 0.1989238 1.43593 1.65107  SA_DodgeSlap_SoClose
-0.06553869 0.06658792 2.009728 -0.1316796 0.165081 2.006556 -0.3525411 0.4063857 2.041323 -0.3148928 0.5833924 1.791605 0.00432785 0.1605378 2.031426 0.2153307 0.387556 2.138393 0.2359733 0.5966244 1.912631 -0.05011861 0.2933062 1.968518 -0.1002356 0.7092628 1.788686 -0.1208528 1.11528 1.715889 -0.1289785 1.45735 1.655924 0.08110131 0.7069508 1.82885 0.1542094 1.092713 1.701389 0.2070721 1.43285 1.64885  SA_DodgeSlap_SoClose
-0.06807606 0.0658803 2.010091 -0.1340977 0.163717 2.002655 -0.357586 0.4061795 2.020207 -0.3171128 0.5584774 1.755113 0.0003745128 0.1606145 2.034979 0.2034197 0.3896954 2.152565 0.2359952 0.5968323 1.926429 -0.05170677 0.2924073 1.968139 -0.09360366 0.7079548 1.7845 -0.1141623 1.116216 1.725553 -0.1097591 1.457149 1.659075 0.08512242 0.7060542 1.835046 0.1616295 1.090548 1.705761 0.2160028 1.429497 1.647409  SA_DodgeSlap_SoClose
-0.07172792 0.06562328 2.011956 -0.1371774 0.162522 1.998679 -0.3627982 0.4060967 1.988025 -0.3159965 0.5179467 1.704465 -0.005269093 0.1614993 2.040349 0.1861543 0.3939793 2.169835 0.2346147 0.5984794 1.944146 -0.05397038 0.2916532 1.967979 -0.08525519 0.7066761 1.779917 -0.1070206 1.116912 1.737402 -0.0787342 1.456221 1.668531 0.08944006 0.7050567 1.843009 0.1707 1.087797 1.711439 0.2274954 1.425112 1.646323  SA_DodgeSlap_SoClose
-0.07641916 0.06643867 2.016334 -0.1407928 0.1625521 1.997661 -0.3657918 0.4058774 1.952085 -0.3077272 0.4712846 1.656352 -0.01145504 0.1633079 2.046737 0.1694814 0.3993258 2.183575 0.2321454 0.6014059 1.959206 -0.05670707 0.2915734 1.968958 -0.07884251 0.706066 1.777389 -0.1015291 1.117212 1.745466 -0.04742322 1.454967 1.684904 0.09223957 0.7041466 1.8497 0.1776671 1.085173 1.715817 0.2364782 1.421308 1.646516  SA_DodgeSlap_SoClose
-0.08041541 0.06737578 2.019507 -0.1437207 0.1630116 1.997101 -0.3654846 0.404796 1.924403 -0.2964126 0.435398 1.625404 -0.01640044 0.1648278 2.051171 0.1574596 0.4030185 2.192453 0.2299758 0.6034765 1.969603 -0.05879335 0.2917609 1.969683 -0.07439302 0.7057944 1.77593 -0.09799449 1.117317 1.750101 -0.02756272 1.453804 1.700207 0.09404959 0.7036436 1.854186 0.1824883 1.083327 1.718456 0.2427709 1.418714 1.646838  SA_DodgeSlap_SoClose
-0.0953099 0.07174313 2.029586 -0.1544762 0.1668394 1.998117 -0.3506804 0.3954148 1.841818 -0.2395432 0.3311663 1.561411 -0.03268681 0.1697953 2.06366 0.1267006 0.41111 2.213228 0.2231265 0.6077823 1.996142 -0.06567673 0.2934917 1.973325 -0.06417374 0.7058405 1.775175 -0.08739547 1.117743 1.755897 0.004833 1.451772 1.731555 0.09831519 0.702688 1.865113 0.1946117 1.078078 1.722941 0.2578932 1.412579 1.64978  SA_DodgeSlap_SoClose
-0.1165017 0.07838809 2.035609 -0.169377 0.1740484 1.995738 -0.2949117 0.3651915 1.743718 -0.1299432 0.2053875 1.537913 -0.0550224 0.1755486 2.073571 0.09310891 0.4144908 2.234333 0.2128798 0.6077033 2.025938 -0.07428841 0.2970544 1.976543 -0.05395411 0.7072331 1.777188 -0.07564925 1.119277 1.759189 0.004806595 1.455908 1.729519 0.1036873 0.7030407 1.875336 0.2090833 1.072152 1.723507 0.2741444 1.40714 1.654238  SA_DodgeSlap_SoClose
-0.1371173 0.08422995 2.027387 -0.1827686 0.1811475 1.981036 -0.2016883 0.3181769 1.672479 -0.00693707 0.1011362 1.572115 -0.07855438 0.1797208 2.072001 0.05671682 0.4126153 2.249302 0.1951648 0.6031862 2.050256 -0.08210371 0.3008902 1.97273 -0.0449184 0.710388 1.778799 -0.0671771 1.122445 1.76183 -0.0111271 1.463206 1.72422 0.1096757 0.7048807 1.881619 0.2228189 1.068628 1.722591 0.2880158 1.40519 1.661572  SA_DodgeSlap_SoClose
-0.1480892 0.08662713 2.013889 -0.188274 0.184047 1.963286 -0.1271933 0.2849753 1.648177 0.07761891 0.05686569 1.614628 -0.09414892 0.1814795 2.064632 0.02594985 0.4116529 2.255131 0.1744573 0.6000293 2.061316 -0.0862103 0.3028622 1.965877 -0.0391237 0.7132047 1.779564 -0.06272183 1.125239 1.763882 -0.01902239 1.46767 1.725088 0.113999 0.7063327 1.884482 0.2302237 1.068194 1.723387 0.2945947 1.406203 1.669961  SA_DodgeSlap_SoClose
-0.151593 0.08702195 2.005476 -0.1885612 0.1840625 1.952135 -0.08633463 0.269721 1.644367 0.1256724 0.04579091 1.640386 -0.1016355 0.1822942 2.059737 0.005915003 0.4138637 2.256082 0.1591187 0.6001977 2.063955 -0.087552 0.3034458 1.961383 -0.03578452 0.7147584 1.780004 -0.06057392 1.126765 1.76548 -0.02240132 1.469913 1.72719 0.116262 0.7069557 1.886411 0.2338904 1.068188 1.724924 0.2978304 1.406825 1.675079  SA_DodgeSlap_SoClose
-0.152482 0.08667529 1.997984 -0.1865088 0.1828935 1.94206 -0.0520613 0.2590981 1.645442 0.1692296 0.04507148 1.663622 -0.106973 0.1828789 2.055247 -0.01320688 0.4177223 2.255121 0.143968 0.6017631 2.063994 -0.08779649 0.3035876 1.957211 -0.03261189 0.7161157 1.780432 -0.05895643 1.128076 1.767405 -0.02509044 1.471806 1.73031 0.1180917 0.7075107 1.888672 0.2367099 1.068274 1.72686 0.3001452 1.407392 1.679713  SA_DodgeSlap_SoClose
-0.1509088 0.08598793 1.99536 -0.1836588 0.1813308 1.93805 -0.0387762 0.2569762 1.647026 0.1907047 0.05249739 1.672214 -0.1080282 0.1831691 2.053869 -0.02268873 0.4214379 2.253764 0.1363099 0.6042979 2.063012 -0.08701234 0.303367 1.955582 -0.03076349 0.7166694 1.780617 -0.05824802 1.128587 1.768667 -0.02598981 1.472598 1.732751 0.118716 0.7078532 1.890524 0.2377761 1.068119 1.727929 0.3009195 1.407382 1.681439  SA_DodgeSlap_SoClose
-0.1492008 0.08534193 1.99306 -0.1807906 0.179886 1.934607 -0.02778415 0.2554896 1.648501 0.2087513 0.0601573 1.680184 -0.1087252 0.1834078 2.052639 -0.03107415 0.4247098 2.25227 0.1296342 0.6066701 2.062092 -0.08614074 0.3031719 1.954171 -0.02896641 0.7171688 1.780761 -0.05745159 1.129047 1.769807 -0.02663164 1.473316 1.735129 0.1191882 0.7082686 1.892441 0.2388591 1.067824 1.728727 0.3017715 1.407192 1.68269  SA_DodgeSlap_SoClose
-0.1468846 0.08469415 1.991344 -0.1775023 0.1784356 1.932078 -0.0215653 0.2560897 1.649023 0.2219225 0.07053065 1.686292 -0.1085563 0.1836451 2.051897 -0.03830097 0.427797 2.250931 0.1240056 0.609863 2.062217 -0.08495645 0.3030493 1.95323 -0.026686 0.7175716 1.780717 -0.05572973 1.129433 1.770647 -0.02594761 1.47397 1.737767 0.1192283 0.7090622 1.895339 0.2406755 1.066725 1.728812 0.3036996 1.406037 1.682515  SA_DodgeSlap_SoClose
-0.1447564 0.08418787 1.989397 -0.1744783 0.1773556 1.929612 -0.01641987 0.2567111 1.648981 0.2320754 0.07923257 1.692097 -0.1082943 0.1837791 2.05092 -0.04436771 0.4298285 2.249839 0.1192759 0.6124691 2.062842 -0.08379386 0.303059 1.952323 -0.02442877 0.7179849 1.780631 -0.05370198 1.129846 1.77122 -0.02546094 1.474687 1.740227 0.1191005 0.7100891 1.898269 0.2427238 1.065415 1.728374 0.3058819 1.404684 1.681944  SA_DodgeSlap_SoClose
-0.1432233 0.08394933 1.987162 -0.1722643 0.1769607 1.927337 -0.01337872 0.257329 1.64791 0.2371057 0.08417797 1.696735 -0.1079792 0.1837434 2.049642 -0.04817371 0.4300714 2.249517 0.1162736 0.6140411 2.06454 -0.08284752 0.3032935 1.951532 -0.02236567 0.7183745 1.780452 -0.05121199 1.13027 1.771266 -0.02513067 1.475448 1.742182 0.1187241 0.7114159 1.901063 0.2450597 1.063832 1.72715 0.3083839 1.40308 1.680797  SA_DodgeSlap_SoClose
-0.1421296 0.08381486 1.984947 -0.1707209 0.176903 1.925268 -0.01072226 0.257511 1.646773 0.2399597 0.08597863 1.70009 -0.1077416 0.1835665 2.048257 -0.05054311 0.4293882 2.24959 0.1140567 0.6146966 2.06609 -0.08217917 0.3035825 1.95083 -0.02093862 0.7187679 1.780404 -0.04924534 1.130702 1.771268 -0.02567528 1.476205 1.743946 0.1182881 0.7126667 1.903206 0.2470293 1.062543 1.72596 0.310511 1.401798 1.679876  SA_DodgeSlap_SoClose
-0.1414 0.08375919 1.982848 -0.1697253 0.1770803 1.923434 -0.008457704 0.2573993 1.645652 0.2412191 0.08550227 1.7024 -0.1075731 0.1833019 2.046867 -0.05181817 0.4280989 2.249956 0.1124811 0.6146935 2.067493 -0.08174239 0.303895 1.950226 -0.02002136 0.7191396 1.780442 -0.04771785 1.131114 1.771223 -0.02674703 1.476906 1.745498 0.1178442 0.7138014 1.904805 0.2486342 1.061525 1.724844 0.3122377 1.400808 1.679138  SA_DodgeSlap_SoClose
-0.1406341 0.08370411 1.980791 -0.16873 0.1772543 1.921649 -0.006254418 0.2573212 1.644571 0.2424106 0.08505666 1.704555 -0.107352 0.1830367 2.04549 -0.05297802 0.4268066 2.25029 0.1109515 0.614679 2.06881 -0.08130227 0.304198 1.949622 -0.01918004 0.7195154 1.780488 -0.04628794 1.131528 1.771235 -0.02786259 1.477582 1.747137 0.1173887 0.7149051 1.906303 0.250185 1.060523 1.723773 0.3139169 1.399839 1.678488  SA_DodgeSlap_SoClose
-0.1396805 0.08365428 1.978723 -0.1677034 0.1774687 1.919805 -0.003062231 0.2568187 1.643878 0.2437876 0.08287346 1.706454 -0.1070475 0.1827497 2.044024 -0.05410109 0.4252182 2.25091 0.109145 0.6145684 2.07035 -0.08088736 0.3045555 1.949005 -0.01879458 0.7199869 1.780619 -0.04517571 1.132036 1.770913 -0.02991657 1.478348 1.748352 0.1168888 0.7160751 1.907411 0.2514687 1.05979 1.722608 0.3150986 1.399253 1.678293  SA_DodgeSlap_SoClose
-0.1385082 0.08359051 1.976428 -0.1664977 0.177696 1.917781 0.0004292895 0.2563071 1.643123 0.2452715 0.08052838 1.708404 -0.1065865 0.1824189 2.042382 -0.05518917 0.4234174 2.251562 0.1071829 0.6144497 2.07199 -0.08037733 0.3049443 1.948308 -0.01844333 0.7205266 1.780769 -0.04402731 1.132616 1.770629 -0.03229169 1.479182 1.749947 0.1163169 0.7173749 1.908563 0.2528125 1.059 1.721308 0.316294 1.398639 1.678136  SA_DodgeSlap_SoClose
-0.1370908 0.08350396 1.97515 -0.1652868 0.1776901 1.916595 0.003577607 0.2559491 1.643318 0.2473605 0.07925427 1.710074 -0.1058503 0.1822714 2.04143 -0.05605422 0.4225379 2.252041 0.105615 0.6149141 2.073271 -0.07986109 0.3052279 1.947857 -0.0186504 0.7209764 1.780756 -0.04360287 1.133084 1.769841 -0.03535376 1.479844 1.750769 0.1157787 0.7183563 1.908911 0.2532758 1.05897 1.720549 0.3163433 1.398882 1.678952  SA_DodgeSlap_SoClose
-0.1361298 0.08346605 1.974525 -0.1645184 0.1776775 1.916024 0.005520241 0.2558047 1.643654 0.2488224 0.07878757 1.711304 -0.1053117 0.1822166 2.040969 -0.0564966 0.4221282 2.252344 0.1047703 0.6152765 2.074043 -0.0795366 0.3054191 1.947662 -0.01891421 0.7212648 1.780737 -0.04342512 1.133384 1.769249 -0.0373442 1.480242 1.751183 0.115414 0.7189645 1.909003 0.253446 1.059027 1.720036 0.3162397 1.399114 1.679472  SA_DodgeSlap_SoClose
-0.1355435 0.08351338 1.974751 -0.1641714 0.1776553 1.916233 0.006504493 0.2559148 1.64449 0.2500854 0.07949197 1.712688 -0.1049521 0.1823326 2.041167 -0.05665807 0.4224294 2.252514 0.1046633 0.6157123 2.074409 -0.07943712 0.3055701 1.947835 -0.01937561 0.7214149 1.780672 -0.04350893 1.133538 1.768547 -0.03850953 1.480427 1.750749 0.1151476 0.7192456 1.908736 0.2532863 1.059249 1.719742 0.3159555 1.399432 1.679796  SA_DodgeSlap_SoClose
-0.1347395 0.08357608 1.975145 -0.1637292 0.1776248 1.916632 0.00766887 0.2561666 1.645671 0.251727 0.0806309 1.714449 -0.1044059 0.1824833 2.04151 -0.05666647 0.4228681 2.252731 0.1046838 0.6162785 2.07479 -0.07929806 0.3057662 1.948127 -0.02008627 0.7216123 1.780609 -0.04370115 1.133739 1.767613 -0.04008321 1.480662 1.750151 0.1147874 0.7196015 1.908306 0.252953 1.059601 1.719324 0.31543 1.399917 1.680215  SA_DodgeSlap_SoClose
-0.134453 0.0836736 1.975884 -0.1637624 0.1776558 1.917441 0.007708745 0.2567743 1.646759 0.25249 0.08220065 1.715416 -0.1040796 0.1826328 2.042142 -0.05610196 0.4234864 2.252767 0.1053128 0.6165607 2.07452 -0.07935582 0.3058897 1.948623 -0.0208268 0.7216797 1.780624 -0.04401277 1.133806 1.766884 -0.04074965 1.480721 1.749192 0.1145427 0.7196866 1.907796 0.2523988 1.060013 1.719177 0.314741 1.400403 1.680502  SA_DodgeSlap_SoClose
-0.1340357 0.08378661 1.97684 -0.1637791 0.1776861 1.918506 0.007706599 0.2575806 1.648147 0.2534444 0.08426225 1.716566 -0.103594 0.1828083 2.04296 -0.05525682 0.4242526 2.252812 0.1061846 0.6169095 2.074138 -0.07939963 0.3060392 1.949268 -0.02181797 0.7217699 1.780664 -0.04446725 1.133894 1.765989 -0.04167728 1.4808 1.748028 0.1142289 0.7197924 1.907111 0.2516284 1.060559 1.718954 0.3137833 1.401048 1.68085  SA_DodgeSlap_SoClose
-0.1339058 0.08400834 1.978602 -0.1644971 0.177909 1.920724 0.006142991 0.2593926 1.650306 0.2533091 0.08732402 1.716705 -0.1028318 0.1829852 2.044453 -0.05204348 0.4251314 2.252918 0.108813 0.6167961 2.072657 -0.07977758 0.3062626 1.950535 -0.02377234 0.7219086 1.781053 -0.04531167 1.134034 1.764816 -0.04309432 1.480921 1.746428 0.1137011 0.7197937 1.905945 0.2500182 1.061557 1.718811 0.3121223 1.40207 1.680839  SA_DodgeSlap_SoClose
-0.1338559 0.08409131 1.979619 -0.1650036 0.178021 1.92206 0.004755454 0.2607851 1.651575 0.2527719 0.08936048 1.716451 -0.1023121 0.1830208 2.045275 -0.04958914 0.4253801 2.253077 0.110488 0.6165574 2.071608 -0.08005123 0.3063631 1.951251 -0.02499275 0.7220212 1.781393 -0.04582505 1.134145 1.764219 -0.04384045 1.481016 1.745512 0.1133727 0.7197455 1.905294 0.2490144 1.062095 1.718742 0.3111956 1.402572 1.680572  SA_DodgeSlap_SoClose
-0.1338044 0.08416867 1.98076 -0.1656165 0.1781499 1.923599 0.002751188 0.2621584 1.652707 0.251608 0.09120393 1.715576 -0.1016673 0.1830304 2.046171 -0.04643456 0.4254947 2.253314 0.1124603 0.6161894 2.070304 -0.08038317 0.3064718 1.952051 -0.02640627 0.7221867 1.781868 -0.0464171 1.134305 1.763621 -0.04462926 1.481156 1.744512 0.1129962 0.7196766 1.904596 0.2478532 1.062684 1.718685 0.3101915 1.403086 1.680107  SA_DodgeSlap_SoClose
-0.1336872 0.08419526 1.981947 -0.1661866 0.1782179 1.925159 0.0001899768 0.2639562 1.653693 0.2499502 0.09355235 1.714437 -0.1009447 0.1830089 2.047052 -0.04312853 0.4255044 2.253619 0.1143543 0.6158399 2.069022 -0.08069091 0.3065383 1.95282 -0.02777462 0.7223362 1.782356 -0.04694394 1.13444 1.762914 -0.04523508 1.481259 1.743243 0.1126624 0.7195434 1.903893 0.2466694 1.063242 1.718645 0.309117 1.403568 1.679573  SA_DodgeSlap_SoClose
-0.1335038 0.08417487 1.983212 -0.1667319 0.1782291 1.926785 -0.002998753 0.2662281 1.654589 0.247743 0.09646273 1.713034 -0.1001303 0.1829594 2.047942 -0.03958509 0.4254153 2.253994 0.1162215 0.6155021 2.067727 -0.08098768 0.3065672 1.953581 -0.02913402 0.7224748 1.782869 -0.04742072 1.134552 1.762069 -0.0456805 1.481328 1.741651 0.1123603 0.7193437 1.903165 0.2454378 1.063785 1.718628 0.3079545 1.40403 1.678965  SA_DodgeSlap_SoClose
-0.1332374 0.08412361 1.984603 -0.1672764 0.1782141 1.92859 -0.0068361 0.2690287 1.655527 0.2449973 0.1000335 1.711456 -0.09915142 0.1828753 2.0489 -0.03562067 0.4252678 2.25436 0.1182989 0.6151134 2.066286 -0.08125614 0.3065684 1.954406 -0.03060327 0.7226021 1.783424 -0.04799442 1.13464 1.761133 -0.04622124 1.481366 1.739872 0.1120668 0.7190872 1.902312 0.2440854 1.064378 1.718604 0.3066346 1.404547 1.678342  SA_DodgeSlap_SoClose
-0.1328308 0.08400071 1.986138 -0.1677555 0.1781293 1.930576 -0.01211677 0.2731344 1.656323 0.2409699 0.1052052 1.70975 -0.0979213 0.1827222 2.049905 -0.03129701 0.4250066 2.254723 0.120588 0.6146704 2.06482 -0.08140771 0.3064876 1.955254 -0.0320553 0.7226494 1.783935 -0.04863791 1.13463 1.760027 -0.04676722 1.481289 1.737716 0.111903 0.7186869 1.901246 0.2427006 1.065003 1.718597 0.3051434 1.405134 1.677855  SA_DodgeSlap_SoClose
-0.1322466 0.08382571 1.988066 -0.1683059 0.1780096 1.933123 -0.01903479 0.2784823 1.657505 0.235592 0.1118697 1.707635 -0.09627526 0.1825012 2.051142 -0.02569268 0.4246278 2.255078 0.1235296 0.6140794 2.062867 -0.0815504 0.3063674 1.956328 -0.03391181 0.7226988 1.7846 -0.04955838 1.134592 1.758649 -0.04761444 1.481164 1.735018 0.1116873 0.7181687 1.899847 0.2409311 1.065792 1.718581 0.3032384 1.405878 1.677262  SA_DodgeSlap_SoClose
-0.1313887 0.08353484 1.990749 -0.1689025 0.1778469 1.936739 -0.0305516 0.2877799 1.659061 0.2263526 0.1234202 1.704817 -0.09376512 0.1820945 2.052815 -0.01823531 0.4239658 2.255396 0.1276095 0.6131346 2.060336 -0.08142655 0.3060824 1.957819 -0.0361946 0.7224714 1.785216 -0.05104236 1.134233 1.756822 -0.04901753 1.480678 1.731411 0.1115414 0.7173787 1.897687 0.238737 1.066781 1.718403 0.3006316 1.406892 1.67667  SA_DodgeSlap_SoClose
-0.1305538 0.08325529 1.993062 -0.1693305 0.1776958 1.93994 -0.04123281 0.2961954 1.660871 0.2177471 0.133992 1.702428 -0.09145699 0.1816955 2.054207 -0.01166533 0.4233087 2.255523 0.1312258 0.6122354 2.058056 -0.08123438 0.3058051 1.95912 -0.03820435 0.7222269 1.78574 -0.05247877 1.133858 1.755228 -0.05042766 1.480184 1.728248 0.1113562 0.7166988 1.895752 0.2368365 1.067623 1.718241 0.2984154 1.407746 1.676141  SA_DodgeSlap_SoClose
-0.1297201 0.08295274 1.995321 -0.1696441 0.1775531 1.94313 -0.05310206 0.3051976 1.662691 0.2087054 0.1464103 1.699446 -0.08911525 0.1812385 2.055552 -0.005651696 0.4225675 2.255623 0.1347683 0.6112015 2.056114 -0.08088927 0.3054743 1.960436 -0.04008488 0.7217932 1.786088 -0.05397872 1.133286 1.75361 -0.05184023 1.479483 1.725023 0.1110677 0.7161011 1.893894 0.2351096 1.068356 1.718013 0.2964346 1.408467 1.675451  SA_DodgeSlap_SoClose
-0.128764 0.08261955 1.997631 -0.1698958 0.1773977 1.946481 -0.06583677 0.3147098 1.665476 0.1986625 0.159302 1.697037 -0.08656614 0.1807313 2.056854 0.0008220245 0.4217266 2.255546 0.1385492 0.6100729 2.0539 -0.08048122 0.3051161 1.961771 -0.04210029 0.7213476 1.786471 -0.05566643 1.132684 1.751927 -0.05349747 1.478737 1.721658 0.1107289 0.7154678 1.891876 0.2332794 1.069134 1.717792 0.2943742 1.409229 1.674776  SA_DodgeSlap_SoClose
-0.127612 0.08216536 1.999838 -0.1699775 0.1771588 1.94989 -0.0808938 0.3247141 1.668186 0.1878984 0.1755534 1.692872 -0.08375005 0.1800584 2.058027 0.00752862 0.4206222 2.25541 0.1429244 0.608511 2.051768 -0.07991765 0.3046553 1.963104 -0.04424767 0.7207711 1.786795 -0.05750082 1.131942 1.750228 -0.05513446 1.477831 1.718148 0.1101394 0.7149102 1.889906 0.2312423 1.069931 1.717574 0.2920949 1.409997 1.673985  SA_DodgeSlap_SoClose
-0.1257832 0.08144033 2.002826 -0.1699187 0.1767738 1.95477 -0.1037788 0.3393223 1.673979 0.1710454 0.200105 1.688036 -0.07948695 0.1789823 2.059434 0.01749475 0.4188263 2.254854 0.149545 0.6060121 2.048388 -0.07898872 0.3039343 1.964903 -0.04744677 0.7199091 1.78725 -0.06033919 1.130825 1.747796 -0.05770652 1.476456 1.71307 0.1091471 0.7141253 1.886982 0.2282084 1.07111 1.717307 0.2887599 1.411126 1.672914  SA_DodgeSlap_SoClose
-0.1238323 0.08065426 2.00479 -0.1694289 0.1762635 1.958431 -0.1246043 0.3505391 1.679098 0.1564548 0.223629 1.681778 -0.07569622 0.1779013 2.06016 0.02583339 0.4171151 2.2541 0.1552525 0.6037222 2.045455 -0.07800572 0.3032387 1.966167 -0.05021773 0.7192063 1.787668 -0.06274347 1.129913 1.745978 -0.06002132 1.475353 1.709401 0.1081234 0.7135692 1.88461 0.2255034 1.072028 1.716883 0.2857674 1.412032 1.672009  SA_DodgeSlap_SoClose
-0.1217584 0.07981384 2.006392 -0.1687499 0.1756959 1.961784 -0.1455683 0.3610212 1.685596 0.1410932 0.2476746 1.676361 -0.07188891 0.1767639 2.060546 0.03405567 0.4153172 2.253045 0.1609162 0.6013678 2.042341 -0.07695054 0.3025188 1.967222 -0.05296443 0.7185376 1.788085 -0.06515156 1.129035 1.744289 -0.06241493 1.474294 1.706043 0.1070377 0.7130571 1.88227 0.222816 1.072917 1.71644 0.2828178 1.412919 1.671201  SA_DodgeSlap_SoClose
-0.1186944 0.07862449 2.007797 -0.1673928 0.1748066 1.965436 -0.1724371 0.3727343 1.69528 0.1203769 0.2797006 1.668593 -0.06693052 0.1752353 2.060538 0.04423274 0.4129565 2.251333 0.1677848 0.598698 2.038403 -0.07539557 0.3015716 1.968251 -0.0563672 0.7177736 1.788657 -0.0680782 1.128003 1.742292 -0.06560706 1.47308 1.702423 0.1056027 0.7125263 1.87943 0.2194033 1.073952 1.715648 0.278994 1.413993 1.670163  SA_DodgeSlap_SoClose
-0.1157967 0.07759631 2.008426 -0.1658579 0.1739795 1.967927 -0.1949633 0.3809438 1.704458 0.1015465 0.3079418 1.661326 -0.06273066 0.1739663 2.060133 0.05239912 0.4110245 2.24965 0.1731972 0.5968533 2.035221 -0.07392447 0.3008186 1.96885 -0.05908589 0.7172601 1.789153 -0.07032876 1.127262 1.740712 -0.06829445 1.472235 1.699926 0.1043867 0.712244 1.877205 0.2165964 1.074771 1.714765 0.2757672 1.414881 1.669247  SA_DodgeSlap_SoClose
-0.1121561 0.07640362 2.008833 -0.1638313 0.1730279 1.970707 -0.2222389 0.3901341 1.718767 0.07590981 0.3430722 1.655521 -0.05754314 0.1724743 2.059249 0.06252022 0.4086741 2.247093 0.1798408 0.5947157 2.030925 -0.07205479 0.2999766 1.96935 -0.06239692 0.7167411 1.789725 -0.07310484 1.126444 1.738704 -0.07168357 1.471299 1.696901 0.1028446 0.7120198 1.874428 0.2132053 1.075854 1.713653 0.2718931 1.416058 1.668211  SA_DodgeSlap_SoClose
-0.107134 0.0749588 2.008566 -0.1607029 0.1717848 1.973218 -0.2531082 0.3979623 1.738036 0.04124351 0.3873936 1.646642 -0.05112658 0.1707443 2.057652 0.07479961 0.4060071 2.243289 0.1873094 0.593296 2.025646 -0.06942777 0.2990506 1.969608 -0.06604575 0.716224 1.790346 -0.07612137 1.12553 1.736111 -0.07595484 1.470326 1.693801 0.1009746 0.7121236 1.871518 0.2092448 1.077016 1.711721 0.2670034 1.417455 1.666855  SA_DodgeSlap_SoClose
-0.1003885 0.07327819 2.00762 -0.1563968 0.170367 1.97621 -0.2911574 0.4054552 1.770723 -0.01302521 0.4467428 1.644053 -0.04256843 0.1686612 2.054807 0.09198673 0.4025784 2.236729 0.1972722 0.5919739 2.017301 -0.06588785 0.2980584 1.96959 -0.07083122 0.7157348 1.791083 -0.08012937 1.124416 1.732191 -0.08191721 1.469171 1.689596 0.09838702 0.7125282 1.867611 0.2041472 1.078573 1.708772 0.260719 1.419356 1.665018  SA_DodgeSlap_SoClose
-0.08881764 0.07130253 2.005433 -0.1491403 0.1689289 1.982235 -0.3441466 0.4104012 1.847762 -0.133294 0.5501646 1.671368 -0.02762918 0.1658102 2.048285 0.1275526 0.3967541 2.218691 0.2144006 0.5922412 1.99655 -0.06021277 0.2972661 1.9695 -0.07987194 0.7154375 1.792502 -0.08785228 1.122367 1.722365 -0.09461795 1.467228 1.681145 0.09298398 0.7139742 1.860474 0.1948105 1.081094 1.701548 0.2493799 1.422599 1.660991  SA_DodgeSlap_SoClose
-0.0822386 0.07113659 2.005092 -0.1456265 0.1693926 1.990348 -0.3657781 0.4105294 1.921778 -0.2260977 0.6111436 1.73376 -0.01756511 0.1646855 2.042458 0.1600273 0.3922882 2.196049 0.22445 0.5943962 1.972205 -0.0581607 0.2978379 1.970542 -0.08983891 0.7160727 1.794938 -0.09676991 1.120521 1.711583 -0.1075716 1.465537 1.672578 0.08662714 0.715046 1.852906 0.1836969 1.084047 1.695364 0.2372729 1.426105 1.658303  SA_DodgeSlap_SoClose
-0.07678299 0.07191348 2.008182 -0.1419644 0.1705236 2.00066 -0.3676931 0.4105275 1.979452 -0.2696791 0.6271776 1.783076 -0.008983416 0.1650922 2.038394 0.1873251 0.3913748 2.170449 0.2283375 0.5977594 1.944999 -0.05666469 0.298749 1.971973 -0.1004041 0.7168919 1.797961 -0.1082917 1.118604 1.702361 -0.1212229 1.463538 1.663276 0.07998635 0.7148058 1.842193 0.1679638 1.089234 1.692303 0.2212455 1.431638 1.658123  SA_DodgeSlap_SoClose
-0.07362352 0.0723418 2.010098 -0.1393496 0.171 2.005262 -0.365234 0.4103386 2.001196 -0.2813687 0.627692 1.799127 -0.004762514 0.1655649 2.03679 0.198062 0.3920391 2.1584 0.2291437 0.5994374 1.932294 -0.05539088 0.2990822 1.972298 -0.1047218 0.7170906 1.799018 -0.1139973 1.117679 1.698932 -0.1278258 1.462535 1.659473 0.07714529 0.71444 1.836686 0.160602 1.091717 1.691426 0.2138785 1.434177 1.657801  SA_DodgeSlap_SoClose
-0.06620698 0.07313001 2.013906 -0.1327485 0.1717622 2.013638 -0.3562884 0.4099654 2.038519 -0.2984304 0.6246719 1.824834 0.004043953 0.1666358 2.033607 0.2166159 0.3942785 2.13451 0.2294406 0.6027889 1.907654 -0.05201982 0.2995193 1.972385 -0.1121093 0.7171103 1.800581 -0.1251404 1.115768 1.693452 -0.1406495 1.46041 1.652768 0.07188471 0.7134368 1.825765 0.1469323 1.096256 1.690779 0.199827 1.438815 1.657566  SA_DodgeSlap_SoClose
-0.05538861 0.07393348 2.017917 -0.1225718 0.1724759 2.023114 -0.3386136 0.4096388 2.080916 -0.3151942 0.6192338 1.855907 0.01557531 0.1678522 2.028704 0.23681 0.3971615 2.102969 0.2275773 0.6068825 1.877056 -0.04700146 0.2997239 1.971754 -0.1205307 0.7165862 1.802249 -0.1395272 1.112902 1.687587 -0.1571839 1.457141 1.644442 0.06489535 0.7117133 1.811995 0.1305776 1.101115 1.691764 0.1823722 1.443817 1.65829  SA_DodgeSlap_SoClose
