-0.03669612 0.001414895 9.221974 -0.1064585 0.09303176 9.256639 -0.3576117 0.3002059 9.333589 -0.515421 0.5055305 9.166121 0.03183498 0.09231353 9.253223 0.2865026 0.3103036 9.343901 0.4190856 0.5505487 9.203158 -0.03693936 0.2326341 9.241839 -0.1282688 0.6783187 9.209642 -0.1815188 1.084213 9.154972 -0.2168239 1.428407 9.124021 0.0574698 0.6772084 9.208418 0.0991322 1.076699 9.113155 0.1319621 1.418058 9.052788  S_DodgingRight_Far
-0.0383902 0.001875043 9.223415 -0.1082916 0.09360361 9.2575 -0.3593151 0.3003514 9.334336 -0.5172548 0.5056548 9.166965 0.03001 0.09295511 9.254418 0.2847753 0.311143 9.344612 0.4173591 0.5507219 9.202739 -0.03882198 0.2331793 9.242225 -0.1289925 0.6791106 9.208776 -0.1823401 1.084751 9.152345 -0.2175779 1.429165 9.123862 0.05674322 0.677336 9.207979 0.09744526 1.077023 9.113125 0.1298445 1.418532 9.053379  S_DodgingRight_Far
-0.03992323 0.002417684 9.224713 -0.109948 0.09424496 9.258273 -0.3608495 0.3006098 9.335008 -0.5189072 0.5058914 9.167722 0.02836026 0.09365976 9.255493 0.2832162 0.3120213 9.345251 0.4158041 0.5509938 9.202363 -0.04052107 0.2337945 9.24257 -0.1296424 0.6799425 9.207994 -0.1830732 1.085348 9.149977 -0.2182481 1.429945 9.123721 0.05608793 0.6775697 9.207587 0.09592618 1.07743 9.113099 0.1279449 1.419072 9.053907  S_DodgingRight_Far
-0.0426812 0.0037117 9.227992 -0.1132825 0.09551442 9.260433 -0.3646137 0.2998904 9.337915 -0.5233434 0.5038135 9.169607 0.02503999 0.09548104 9.258398 0.2801805 0.3143711 9.347367 0.4112466 0.5511898 9.199574 -0.0443459 0.2352197 9.243973 -0.1318713 0.6817416 9.207123 -0.1856536 1.086013 9.141959 -0.2205782 1.430938 9.120029 0.05384143 0.6782319 9.20703 0.09218843 1.078175 9.112274 0.1241768 1.420083 9.054622  S_DodgingRight_Far
-0.04495142 0.005096197 9.230997 -0.1161379 0.09681606 9.262435 -0.367987 0.2991225 9.340866 -0.5274191 0.5014315 9.171279 0.0221919 0.09737062 9.261094 0.2780811 0.3163607 9.349344 0.4080054 0.5503452 9.196128 -0.0477231 0.2367015 9.245339 -0.1341274 0.6834751 9.206437 -0.1884221 1.086497 9.134326 -0.2231206 1.431685 9.116569 0.0515665 0.6790822 9.206558 0.08891959 1.078965 9.111156 0.1213514 1.421074 9.054964  S_DodgingRight_Far
-0.04688428 0.006822944 9.234704 -0.1189565 0.0983125 9.264915 -0.3717766 0.2973602 9.345285 -0.5322692 0.4966108 9.173097 0.0193726 0.09978271 9.264509 0.2764182 0.3187648 9.352049 0.403773 0.5475574 9.18914 -0.05135695 0.2385126 9.247168 -0.1375545 0.685289 9.205581 -0.193362 1.086386 9.124456 -0.2280897 1.431854 9.113509 0.04812666 0.6803964 9.205916 0.08566369 1.079732 9.108318 0.1200985 1.421988 9.054252  S_DodgingRight_Far
-0.04871313 0.008650541 9.238152 -0.121599 0.09991145 9.26722 -0.3752458 0.2959311 9.349386 -0.5367049 0.4922833 9.174788 0.01671811 0.1022396 9.267673 0.2748197 0.3211541 9.354595 0.3996138 0.5449234 9.182961 -0.05475585 0.2403947 9.248856 -0.1407452 0.6871593 9.204769 -0.1979418 1.086284 9.115311 -0.2324336 1.431918 9.110679 0.04492255 0.6817984 9.205311 0.08264382 1.080613 9.105675 0.1190068 1.422972 9.05356  S_DodgingRight_Far
-0.05166743 0.01114798 9.243172 -0.125529 0.1023588 9.270182 -0.3810655 0.2938331 9.353261 -0.5447895 0.4857504 9.175864 0.01275583 0.1054012 9.272486 0.2728802 0.3236969 9.35824 0.3949021 0.5384512 9.17359 -0.05914078 0.2429647 9.25112 -0.1451592 0.6893557 9.202465 -0.2060644 1.085706 9.103616 -0.2419889 1.431194 9.108289 0.04049583 0.6839411 9.204567 0.07996388 1.081404 9.100311 0.1200144 1.423743 9.050841  S_DodgingRight_Far
-0.05516164 0.01435161 9.248912 -0.1300953 0.1054789 9.273543 -0.3876377 0.2917644 9.357613 -0.5539172 0.4784435 9.177032 0.008117395 0.1093471 9.277963 0.2705385 0.3267227 9.362524 0.3890552 0.5306112 9.163809 -0.06419854 0.246204 9.253674 -0.1501853 0.6921144 9.199775 -0.2151925 1.085003 9.090289 -0.2523816 1.430053 9.105505 0.03543909 0.6866593 9.203695 0.07702054 1.082488 9.094178 0.1211394 1.424765 9.047833  S_DodgingRight_Far
-0.0643553 0.01884961 9.258019 -0.1398319 0.1108849 9.277567 -0.4016683 0.2918782 9.353898 -0.5704195 0.4716196 9.168632 -0.001862509 0.1142449 9.287076 0.2639315 0.3310595 9.366446 0.3819188 0.5199121 9.153097 -0.0724849 0.2507895 9.256786 -0.1551745 0.6959056 9.192666 -0.2294625 1.084591 9.07443 -0.2728854 1.427853 9.105405 0.03023286 0.6900349 9.202213 0.07481863 1.083345 9.08507 0.1234881 1.425487 9.042428  S_DodgingRight_Far
-0.07428007 0.0231303 9.266039 -0.1496689 0.1162302 9.280624 -0.4153635 0.293889 9.346806 -0.5840644 0.467448 9.155691 -0.01211898 0.1186498 9.295165 0.2569284 0.3347186 9.368589 0.3755582 0.5116618 9.145604 -0.08030878 0.2550451 9.259168 -0.158529 0.6993972 9.18569 -0.2419851 1.084508 9.061999 -0.292076 1.425369 9.106483 0.02650447 0.6929011 9.200588 0.07357372 1.084096 9.077486 0.1254347 1.426146 9.037983  S_DodgingRight_Far
-0.09017973 0.02836001 9.275418 -0.1641558 0.1234127 9.283049 -0.4345237 0.3002824 9.328858 -0.5972486 0.4666517 9.126499 -0.0275511 0.1234728 9.304875 0.2459553 0.3383256 9.367301 0.3680519 0.5060178 9.139099 -0.09069954 0.2600313 9.261132 -0.1600286 0.703431 9.175825 -0.2574517 1.085004 9.051383 -0.3188457 1.42163 9.111279 0.02423175 0.6954558 9.197872 0.0733306 1.084687 9.069452 0.127491 1.426718 9.032991  S_DodgingRight_Far
-0.1064907 0.03344047 9.283401 -0.178283 0.1304089 9.284768 -0.4513991 0.3089112 9.309534 -0.6019809 0.4674304 9.092038 -0.04289709 0.1278971 9.313081 0.2346167 0.3405906 9.365372 0.3595594 0.5046066 9.136041 -0.1005084 0.2645711 9.262578 -0.1606107 0.7068892 9.167273 -0.2708602 1.085631 9.044903 -0.3428848 1.418034 9.115574 0.02284552 0.6973377 9.194735 0.07395823 1.085207 9.063022 0.1298626 1.427212 9.029026  S_DodgingRight_Far
-0.1275242 0.03978121 9.291845 -0.1957103 0.1390697 9.286091 -0.4696967 0.3219157 9.283253 -0.5971063 0.4688452 9.043908 -0.06217484 0.1331018 9.321727 0.2197817 0.3422101 9.361935 0.3478141 0.5075909 9.135303 -0.1122907 0.2697756 9.263778 -0.160471 0.7105379 9.157822 -0.285685 1.086553 9.041595 -0.370416 1.413914 9.121155 0.0220532 0.6988204 9.190212 0.07554807 1.085725 9.056621 0.1331229 1.427691 9.025125  S_DodgingRight_Far
-0.1496486 0.04660499 9.298971 -0.2133624 0.14818 9.287089 -0.4855926 0.3367221 9.256206 -0.5805167 0.4694284 8.994507 -0.08189581 0.1383234 9.329001 0.204234 0.3424757 9.360005 0.332911 0.5118712 9.13673 -0.124034 0.2749431 9.264901 -0.1603729 0.7139276 9.150232 -0.2987281 1.087613 9.041642 -0.3946614 1.411282 9.123549 0.02146037 0.6998891 9.185462 0.07719775 1.086377 9.05158 0.1364905 1.428311 9.023066  S_DodgingRight_Far
-0.1752094 0.05482352 9.305469 -0.2331723 0.1588215 9.287759 -0.5002659 0.3543133 9.225311 -0.5494791 0.4672503 8.942591 -0.1042072 0.1442413 9.335641 0.1861403 0.3421462 9.359106 0.3133474 0.5183603 9.14031 -0.1371322 0.2806426 9.265927 -0.1604917 0.7174277 9.143418 -0.3112132 1.089217 9.045285 -0.4179843 1.410278 9.123985 0.02087505 0.7005414 9.179785 0.07912178 1.087132 9.047277 0.1405649 1.428991 9.022675  S_DodgingRight_Far
-0.2118176 0.0671761 9.311465 -0.2610265 0.1742581 9.287914 -0.5147909 0.3774436 9.179967 -0.4882872 0.4564843 8.883053 -0.1358268 0.1524347 9.342559 0.1568062 0.3441263 9.363679 0.2778713 0.5312397 9.150522 -0.1558678 0.2885932 9.267669 -0.1617282 0.7224876 9.138382 -0.3231204 1.093202 9.054133 -0.4405954 1.413813 9.118029 0.01935388 0.7010656 9.173764 0.0824032 1.087491 9.042984 0.1480326 1.428923 9.023876  S_DodgingRight_Far
-0.2521591 0.08208168 9.313984 -0.2915269 0.1919092 9.286191 -0.5229326 0.3988663 9.130073 -0.4112767 0.4347776 8.844851 -0.1709504 0.1620444 9.347074 0.1241506 0.3456616 9.374812 0.2434315 0.5414089 9.168512 -0.1773066 0.2977318 9.268984 -0.1644971 0.7288045 9.136568 -0.3314409 1.099913 9.065981 -0.456068 1.421225 9.109576 0.01630755 0.7017488 9.16942 0.0856104 1.087358 9.039395 0.1568489 1.427937 9.02602  S_DodgingRight_Far
-0.2881131 0.09592235 9.311273 -0.3189349 0.2077744 9.282036 -0.5249605 0.4122899 9.085209 -0.3427098 0.4045981 8.836546 -0.2029725 0.1706491 9.347699 0.08944871 0.3506829 9.391563 0.2077447 0.5527649 9.190882 -0.1977805 0.30628 9.269426 -0.168409 0.7358422 9.139426 -0.335109 1.108507 9.076925 -0.4615007 1.430985 9.103519 0.01193483 0.7030319 9.169445 0.08660717 1.086596 9.036379 0.1631874 1.426141 9.026769  S_DodgingRight_Far
-0.3243503 0.1112326 9.304665 -0.3470992 0.2247645 9.276043 -0.5260509 0.4215297 9.043726 -0.2900531 0.3695948 8.852114 -0.2361372 0.1803925 9.345727 0.05272223 0.3556151 9.412324 0.174592 0.5623218 9.218612 -0.2201915 0.316378 9.269548 -0.1737792 0.7448605 9.145063 -0.3416697 1.116888 9.081955 -0.4688046 1.439531 9.102254 0.00568785 0.7057828 9.172741 0.08561744 1.086344 9.034222 0.1680102 1.424613 9.028421  S_DodgingRight_Far
-0.3499753 0.1231006 9.298075 -0.367153 0.2376121 9.270753 -0.5243804 0.4275006 9.016373 -0.2615727 0.3467051 8.876689 -0.2600232 0.1880647 9.342902 0.02518566 0.3591355 9.42791 0.1513919 0.5682191 9.2396 -0.2367034 0.3243369 9.269176 -0.1781071 0.7520515 9.150041 -0.3478426 1.122728 9.083983 -0.4754801 1.445184 9.104103 0.0005397965 0.7083844 9.176118 0.08378626 1.086573 9.033126 0.1702024 1.423875 9.030334  S_DodgingRight_Far
-0.3734804 0.1349778 9.290043 -0.3859306 0.2504349 9.265477 -0.5244911 0.4360523 8.996655 -0.2498155 0.3318201 8.902864 -0.2822586 0.1956055 9.338847 0.002498286 0.3571608 9.442007 0.137894 0.5699125 9.2645 -0.2526484 0.3326809 9.268969 -0.1829967 0.759715 9.155766 -0.3556615 1.127399 9.081132 -0.4824977 1.449714 9.107574 -0.005294664 0.7120031 9.181205 0.08126952 1.087535 9.033265 0.1710779 1.423961 9.033034  S_DodgingRight_Far
-0.4034525 0.1520132 9.27837 -0.4099146 0.2684244 9.258101 -0.5243101 0.4485265 8.974 -0.2468077 0.3182238 8.940516 -0.3109716 0.2065774 9.332415 -0.02722089 0.3527912 9.45928 0.1216183 0.5700763 9.298848 -0.2733611 0.3445133 9.268316 -0.189609 0.7703317 9.163583 -0.3669302 1.13311 9.076843 -0.4915149 1.455252 9.113952 -0.01326351 0.7175035 9.188342 0.07735617 1.08948 9.033989 0.1710524 1.424828 9.037277  S_DodgingRight_Far
-0.4320067 0.1716229 9.264875 -0.4327696 0.2888916 9.250648 -0.5307402 0.4754492 8.964429 -0.2627748 0.3228166 8.962107 -0.3382973 0.2190099 9.323647 -0.05207608 0.3378673 9.472728 0.1184517 0.5603436 9.344163 -0.2930932 0.3579168 9.266982 -0.1965131 0.7823597 9.172071 -0.3783735 1.13873 9.069591 -0.4987957 1.460706 9.119624 -0.02156745 0.7252685 9.197292 0.07495369 1.092731 9.035866 0.1717075 1.427184 9.041137  S_DodgingRight_Far
-0.4533619 0.1889098 9.252958 -0.4498872 0.306591 9.244393 -0.5394966 0.5066344 8.964594 -0.2823584 0.3364407 8.969235 -0.3586435 0.2300568 9.314781 -0.07151328 0.3236638 9.47942 0.1169158 0.5478408 9.382758 -0.3079324 0.3696253 9.264797 -0.202241 0.7931358 9.17947 -0.3870087 1.143983 9.063963 -0.5037593 1.46583 9.122765 -0.02835218 0.7329673 9.204846 0.07403024 1.096176 9.037513 0.1731875 1.429913 9.043463  S_DodgingRight_Far
-0.4678124 0.2011163 9.24393 -0.4614833 0.3189083 9.239879 -0.5478179 0.533627 8.97013 -0.2992038 0.3511608 8.967983 -0.3723064 0.2375311 9.307425 -0.08502589 0.3110943 9.481435 0.1163649 0.5338604 9.411283 -0.3179854 0.3774956 9.262609 -0.2064366 0.8004289 9.185099 -0.3926713 1.147136 9.059856 -0.5068843 1.468901 9.123861 -0.03325669 0.7382483 9.210472 0.0741051 1.097932 9.038705 0.1750381 1.43114 9.044454  S_DodgingRight_Far
-0.4773497 0.2097236 9.235492 -0.4692676 0.3275127 9.235367 -0.5544552 0.5582241 8.978902 -0.3125856 0.3678936 8.959383 -0.381268 0.2425407 9.299967 -0.09566681 0.3013632 9.48144 0.1150951 0.5212027 9.432919 -0.3248021 0.3830217 9.259642 -0.209642 0.8059378 9.189646 -0.3961577 1.149869 9.057367 -0.5085953 1.471532 9.124931 -0.03692339 0.7423601 9.2147 0.0741296 1.099419 9.039828 0.1760251 1.432335 9.045456  S_DodgingRight_Far
-0.4872178 0.218688 9.224888 -0.4774153 0.3363239 9.229544 -0.5618438 0.5874375 8.993085 -0.3284349 0.3916596 8.945139 -0.3905056 0.2474197 9.290207 -0.1081575 0.2896351 9.479959 0.1123573 0.5039793 9.456847 -0.3319897 0.388528 9.255368 -0.2132508 0.8115789 9.194958 -0.3994138 1.152623 9.054934 -0.5099674 1.474129 9.126249 -0.04101286 0.7464899 9.219434 0.07418199 1.100569 9.041217 0.1769079 1.433233 9.046677  S_DodgingRight_Far
-0.4926356 0.2242875 9.216336 -0.4820354 0.3417295 9.224632 -0.5660258 0.6081468 9.005861 -0.3387695 0.4136326 8.930853 -0.3956553 0.2503097 9.282236 -0.1169635 0.2816414 9.478366 0.1094967 0.4908795 9.472075 -0.3361429 0.3919873 9.251657 -0.215569 0.8153467 9.198806 -0.4009948 1.154634 9.05363 -0.5100811 1.476171 9.127032 -0.04358367 0.7493298 9.222563 0.07406165 1.101435 9.04205 0.1768683 1.434076 9.047438  S_DodgingRight_Far
-0.4973328 0.229569 9.205652 -0.4862128 0.3466846 9.218302 -0.5698037 0.6304186 9.023262 -0.3502606 0.4445149 8.91214 -0.4001969 0.2526894 9.272185 -0.1268885 0.2723345 9.475906 0.1054639 0.4747684 9.487618 -0.3399712 0.3950871 9.246786 -0.2179502 0.81894 9.203227 -0.4021002 1.156508 9.052525 -0.5094138 1.478217 9.127767 -0.04616837 0.7520117 9.225881 0.07378091 1.10203 9.042843 0.1761836 1.434796 9.048187  S_DodgingRight_Far
-0.4979763 0.2317038 9.199095 -0.4870072 0.3485888 9.214417 -0.5717686 0.641403 9.03453 -0.3560774 0.4669018 8.899866 -0.400806 0.2534209 9.265891 -0.1304639 0.2666917 9.47341 0.1057145 0.4639188 9.49404 -0.3407048 0.39639 9.243596 -0.2188709 0.8208134 9.20577 -0.4026466 1.157489 9.052633 -0.5089874 1.479382 9.128461 -0.04703478 0.7536616 9.227324 0.07350023 1.102664 9.042737 0.1752686 1.435623 9.048204  S_DodgingRight_Far
-0.4970472 0.2328358 9.192227 -0.4865632 0.3494487 9.210337 -0.573578 0.6505177 9.046655 -0.3617737 0.4927976 8.887372 -0.3998733 0.2533578 9.259211 -0.1323215 0.2605313 9.47007 0.1080641 0.4516089 9.498504 -0.3403012 0.3970087 9.240106 -0.2194353 0.8222083 9.208299 -0.4031588 1.158065 9.053312 -0.5085877 1.480203 9.129375 -0.04741327 0.7550812 9.228397 0.07309581 1.103238 9.042204 0.1738897 1.436488 9.047915  S_DodgingRight_Far
-0.4931921 0.2323467 9.186135 -0.4836542 0.3486992 9.206765 -0.5750534 0.655842 9.058151 -0.3660702 0.5193222 8.877055 -0.3960096 0.2522252 9.253117 -0.1292869 0.2539693 9.465155 0.1164155 0.4372797 9.498799 -0.3375876 0.39669 9.236801 -0.2191501 0.8230135 9.210771 -0.4038229 1.157419 9.053789 -0.509174 1.480009 9.128024 -0.04670624 0.7564744 9.229135 0.07288523 1.104076 9.041319 0.172379 1.437708 9.047524  S_DodgingRight_Far
-0.4867426 0.230077 9.180528 -0.4785523 0.3461843 9.203399 -0.5762079 0.6574096 9.068456 -0.3695409 0.5453166 8.868877 -0.3895473 0.2498312 9.247347 -0.1217831 0.24698 9.4586 0.1300109 0.4213074 9.494851 -0.3328304 0.3952221 9.233418 -0.2181273 0.8229517 9.212872 -0.4044597 1.156331 9.055667 -0.5103315 1.479176 9.128026 -0.04506234 0.7575223 9.229275 0.07278378 1.104854 9.039865 0.170684 1.438943 9.046794  S_DodgingRight_Far
-0.475423 0.2251828 9.175355 -0.4692816 0.3411074 9.200143 -0.5751597 0.6546974 9.078028 -0.3720964 0.5702211 8.861841 -0.3782597 0.2456344 9.241822 -0.1060762 0.2381206 9.448991 0.1534739 0.4009256 9.484099 -0.3242165 0.3922164 9.229888 -0.2158248 0.8219103 9.214458 -0.404354 1.155007 9.059288 -0.5117436 1.477982 9.128776 -0.04176323 0.7586623 9.228733 0.07315929 1.105987 9.037522 0.1687883 1.440706 9.045701  S_DodgingRight_Far
-0.4630838 0.2192198 9.170767 -0.4590904 0.3349608 9.197189 -0.5731357 0.6497506 9.086613 -0.3752781 0.5920217 8.857206 -0.3659906 0.2406391 9.236852 -0.08849154 0.2289727 9.438738 0.1782339 0.3804712 9.470522 -0.3147892 0.3883651 9.226616 -0.2132042 0.8199627 9.215735 -0.4039458 1.153075 9.063326 -0.5131876 1.476054 9.129844 -0.03812103 0.7591667 9.228035 0.07361992 1.106509 9.034978 0.1668607 1.441868 9.044369  S_DodgingRight_Far
-0.4430228 0.2095412 9.167063 -0.4424444 0.3252305 9.19473 -0.5654774 0.6407482 9.098271 -0.380648 0.612673 8.853002 -0.3463579 0.2332367 9.2327 -0.0588396 0.2153425 9.424372 0.21399 0.3585548 9.436969 -0.2995812 0.3825132 9.223878 -0.2086846 0.8166898 9.216063 -0.4011092 1.151242 9.069017 -0.5140046 1.47379 9.131394 -0.03214626 0.7599858 9.227036 0.07554908 1.10713 9.031343 0.1649924 1.443482 9.04208  S_DodgingRight_Far
-0.426215 0.201139 9.164379 -0.4285048 0.3167416 9.192962 -0.5576112 0.6325688 9.107872 -0.386216 0.6270539 8.851551 -0.3300324 0.2268 9.229717 -0.03448276 0.204985 9.412046 0.2403925 0.344666 9.405939 -0.28695 0.3772445 9.221986 -0.2048126 0.8133085 9.216035 -0.3979711 1.149484 9.07373 -0.5139166 1.471479 9.133308 -0.02718238 0.7599941 9.226361 0.07734241 1.106921 9.028573 0.1635087 1.444104 9.040009  S_DodgingRight_Far
-0.4041763 0.1904463 9.162388 -0.4102849 0.3059363 9.191816 -0.5441172 0.6222585 9.120403 -0.3937005 0.6405203 8.851798 -0.3088678 0.2188655 9.227461 -0.002996309 0.1924609 9.39631 0.2694833 0.3325977 9.361367 -0.2706157 0.3706634 9.220862 -0.1995658 0.8088368 9.215485 -0.3923171 1.147282 9.078093 -0.5124603 1.46844 9.133741 -0.02070145 0.7598694 9.226034 0.08012195 1.106425 9.025692 0.1617462 1.444742 9.036958  S_DodgingRight_Far
-0.3773353 0.1775836 9.160651 -0.3882053 0.2927361 9.191183 -0.5252338 0.6095135 9.135395 -0.4021738 0.6544739 8.856214 -0.283262 0.2093709 9.225452 0.03380318 0.176721 9.376862 0.3000099 0.3158779 9.30705 -0.2510718 0.362626 9.220347 -0.1929918 0.803002 9.21513 -0.3840723 1.143452 9.080383 -0.5093668 1.463784 9.128988 -0.01289503 0.7590126 9.226602 0.08355887 1.105375 9.023788 0.1595796 1.445028 9.034008  S_DodgingRight_Far
-0.3545627 0.1666474 9.159394 -0.3695594 0.2813306 9.190913 -0.5075696 0.598341 9.147223 -0.408823 0.663999 8.862537 -0.261684 0.2012978 9.224002 0.06338622 0.1670927 9.360407 0.3186798 0.3091764 9.261706 -0.2347888 0.3556089 9.220245 -0.1872473 0.7975746 9.214694 -0.3756951 1.140231 9.081844 -0.5049434 1.4598 9.124785 -0.006321354 0.7575305 9.227494 0.08652391 1.103971 9.023135 0.1577522 1.444705 9.031762  S_DodgingRight_Far
-0.3322242 0.1557288 9.158094 -0.3514198 0.2697024 9.190762 -0.489715 0.586652 9.158168 -0.4133843 0.671603 8.871699 -0.2406085 0.1932164 9.22251 0.09102298 0.1612537 9.344812 0.3327689 0.3059999 9.219465 -0.2192332 0.3484179 9.22028 -0.1814746 0.7918048 9.21465 -0.366383 1.136609 9.082388 -0.4986407 1.455737 9.118983 7.273448E-05 0.7551907 9.228846 0.08937235 1.102182 9.023844 0.1562427 1.443847 9.030253  S_DodgingRight_Far
-0.3039444 0.1418418 9.156499 -0.3286351 0.2545348 9.190846 -0.4681017 0.5703108 9.170487 -0.4178893 0.6775191 8.88572 -0.214056 0.1829755 9.220648 0.1243282 0.1594404 9.326447 0.3457741 0.3059369 9.169587 -0.2001244 0.3390373 9.220596 -0.17405 0.7840731 9.215169 -0.3532466 1.131478 9.081854 -0.4880811 1.450441 9.109347 0.008061009 0.7512087 9.231201 0.09263928 1.099573 9.026526 0.1543825 1.442252 9.029173  S_DodgingRight_Far
-0.2712026 0.1253269 9.154742 -0.302522 0.2359395 9.191219 -0.4470183 0.548097 9.183667 -0.4224389 0.6778414 8.904974 -0.1834365 0.17098 9.218352 0.1605017 0.1670369 9.307881 0.3543753 0.3134396 9.117925 -0.178987 0.3275782 9.220922 -0.1655624 0.7744437 9.216798 -0.3367586 1.125075 9.081431 -0.47157 1.444767 9.098667 0.01703151 0.7450045 9.233954 0.09614821 1.096114 9.0318 0.1533833 1.439574 9.029067  S_DodgingRight_Far
-0.2420307 0.1116549 9.153057 -0.2792739 0.2199159 9.191544 -0.4303928 0.5273015 9.1947 -0.4261826 0.6746138 8.923796 -0.1563247 0.1614432 9.216073 0.1901481 0.1804006 9.292975 0.3579716 0.3230828 9.077148 -0.160732 0.3179843 9.221059 -0.1582272 0.7663 9.21882 -0.32167 1.119812 9.081376 -0.4545943 1.44064 9.089993 0.02473594 0.7394705 9.236319 0.09888162 1.093633 9.037635 0.1527192 1.437562 9.029753  S_DodgingRight_Far
-0.217863 0.1005847 9.152027 -0.260037 0.206478 9.192214 -0.4227397 0.5066338 9.204399 -0.4317818 0.6670035 8.941136 -0.1338529 0.1541705 9.214094 0.2118473 0.1991735 9.282752 0.3583696 0.3394415 9.050458 -0.1462113 0.3102164 9.220899 -0.1532031 0.7596428 9.221379 -0.3103367 1.115234 9.081956 -0.4390961 1.437848 9.085835 0.03017684 0.7348794 9.237507 0.09988083 1.092409 9.043296 0.1515601 1.436553 9.031402  S_DodgingRight_Far
-0.1970568 0.0920198 9.150874 -0.2433248 0.1956692 9.192565 -0.4156403 0.489089 9.212502 -0.4363564 0.6597891 8.956494 -0.1146586 0.1487893 9.212174 0.2285807 0.2160149 9.274155 0.3578719 0.3521221 9.029485 -0.1337721 0.3040713 9.220635 -0.1489763 0.7542322 9.223605 -0.3007516 1.11151 9.082567 -0.4258057 1.435601 9.082611 0.0347416 0.7312807 9.238522 0.1006331 1.091621 9.048215 0.1503437 1.435923 9.032959  S_DodgingRight_Far
-0.1750486 0.08322728 9.149966 -0.2253925 0.184328 9.193196 -0.410953 0.4684955 9.220819 -0.4421193 0.6495255 8.973102 -0.09424745 0.1436144 9.209949 0.2443507 0.2347893 9.265758 0.3584681 0.3704101 9.013391 -0.1206695 0.2977315 9.219907 -0.1459241 0.7483252 9.226134 -0.2925109 1.107226 9.083735 -0.4114167 1.433623 9.083865 0.03825762 0.7279711 9.238954 0.1007745 1.091046 9.052751 0.1490646 1.435401 9.034432  S_DodgingRight_Far
-0.1461075 0.07296979 9.148553 -0.2014649 0.1704683 9.193867 -0.4035794 0.44145 9.231492 -0.4492621 0.6345713 8.995432 -0.06760029 0.1380373 9.206741 0.262472 0.2589048 9.255479 0.3599416 0.394336 8.996129 -0.1034326 0.2900916 9.218781 -0.1422439 0.7407603 9.229424 -0.281887 1.101669 9.085136 -0.3916447 1.431254 9.086073 0.04247423 0.7240769 9.239545 0.1005936 1.09052 9.058589 0.1469315 1.434914 9.036369  S_DodgingRight_Far
-0.1195793 0.06440604 9.147561 -0.1790189 0.1584605 9.194798 -0.395895 0.4162984 9.241047 -0.4554037 0.6186398 9.016049 -0.04318027 0.1338376 9.203676 0.2777078 0.2784954 9.247417 0.3655716 0.4190089 8.98734 -0.08743255 0.2834982 9.217563 -0.1397559 0.7335883 9.232248 -0.2725389 1.096303 9.086025 -0.3707445 1.429495 9.089636 0.04539712 0.7209385 9.239985 0.09955259 1.090002 9.063173 0.1442108 1.434373 9.03744  S_DodgingRight_Far
-0.1040192 0.05933106 9.147376 -0.1656301 0.151363 9.195665 -0.3907631 0.4009497 9.247064 -0.4598741 0.6079924 9.0292 -0.02888827 0.1314029 9.202029 0.2859173 0.2891268 9.243874 0.3716175 0.4355224 8.986331 -0.07797311 0.2794591 9.216842 -0.1382173 0.7290057 9.233541 -0.2655985 1.093432 9.086769 -0.3549058 1.429093 9.092198 0.04713829 0.718755 9.239848 0.09879549 1.089655 9.066157 0.1425041 1.433994 9.038444  S_DodgingRight_Far
-0.08918951 0.05459344 9.147393 -0.1527261 0.1447011 9.196645 -0.385394 0.3860835 9.25305 -0.4645234 0.5970266 9.042458 -0.01531128 0.1292232 9.2005 0.2933007 0.2987987 9.241154 0.3786666 0.4527847 8.987963 -0.06892453 0.2756169 9.216116 -0.1367007 0.7245083 9.234541 -0.2580694 1.090922 9.087621 -0.3375247 1.429016 9.094895 0.04880973 0.7165576 9.239461 0.09799857 1.089423 9.069299 0.140789 1.433734 9.039852  S_DodgingRight_Far
-0.07602446 0.04989028 9.148108 -0.1411767 0.1383833 9.198017 -0.3802726 0.3719114 9.259239 -0.4698266 0.5856864 9.055799 -0.003322644 0.1269314 9.199557 0.2988862 0.3074038 9.24017 0.3863097 0.4701662 8.99325 -0.06091158 0.2717688 9.215526 -0.1350118 0.7200916 9.234771 -0.2491813 1.089477 9.089532 -0.318509 1.429759 9.098244 0.05060365 0.7139927 9.238124 0.09773041 1.089227 9.072649 0.1398121 1.433516 9.041958  S_DodgingRight_Far
-0.06551717 0.04567647 9.149358 -0.1318911 0.1329836 9.19961 -0.3758846 0.3597827 9.265053 -0.4750907 0.5752506 9.067976 0.00620194 0.1247723 9.199205 0.3025032 0.3143076 9.240687 0.3935479 0.4860463 9.001269 -0.05453799 0.2683239 9.215112 -0.133354 0.7162482 9.234322 -0.2399659 1.089058 9.092119 -0.3000211 1.431071 9.101816 0.05232121 0.7114429 9.236103 0.09796305 1.089115 9.07584 0.1395881 1.433394 9.044422  S_DodgingRight_Far
-0.05305181 0.03931904 9.152468 -0.1209062 0.1254944 9.202578 -0.3707895 0.3428749 9.274014 -0.4841683 0.5589178 9.085393 0.01733609 0.1211954 9.199779 0.3045268 0.3228904 9.244717 0.4032048 0.5083433 9.018942 -0.04719583 0.2632028 9.214575 -0.1307792 0.7109025 9.231982 -0.2240261 1.090723 9.099257 -0.2725056 1.434596 9.10791 0.05492713 0.7071442 9.231237 0.09927978 1.088736 9.080161 0.1405026 1.433052 9.048616  S_DodgingRight_Far
-0.0432509 0.03276515 9.157379 -0.1124125 0.1184374 9.206493 -0.3668933 0.3265188 9.284363 -0.494687 0.5405995 9.102854 0.02584149 0.1173114 9.201821 0.30289 0.3303005 9.252881 0.4108358 0.5298579 9.044005 -0.04183738 0.2580848 9.214143 -0.1282511 0.7059327 9.227479 -0.2065174 1.094269 9.110672 -0.2470157 1.439257 9.114847 0.05743672 0.7023897 9.224478 0.1013721 1.087793 9.083277 0.142192 1.432169 9.051872  S_DodgingRight_Far
-0.03824524 0.02879131 9.161584 -0.1081645 0.1144606 9.209574 -0.364555 0.3171923 9.29179 -0.5013254 0.5287244 9.113871 0.03006567 0.1149141 9.204144 0.3003532 0.3341767 9.260362 0.4145325 0.5423392 9.063548 -0.03925453 0.2550706 9.214157 -0.126773 0.7030982 9.223622 -0.1967513 1.096522 9.11924 -0.2348866 1.441803 9.118417 0.05890079 0.6994426 9.219963 0.1024117 1.086945 9.084491 0.1425616 1.431353 9.052571  S_DodgingRight_Far
-0.0325651 0.02448761 9.167703 -0.1032324 0.1104136 9.213991 -0.3603564 0.3086307 9.301124 -0.5073977 0.5168686 9.127563 0.03497257 0.1122046 9.208209 0.2978204 0.3370063 9.271366 0.4195685 0.5551483 9.090547 -0.03581719 0.2518167 9.21504 -0.1250779 0.699773 9.218683 -0.1893823 1.097521 9.127932 -0.2274747 1.442715 9.119907 0.0606127 0.6964444 9.215608 0.1021907 1.086384 9.086683 0.1406004 1.430803 9.052792  S_DodgingRight_Far
-0.02927784 0.02210689 9.171286 -0.1002344 0.1082433 9.216648 -0.3571695 0.3050951 9.305953 -0.5094029 0.5120194 9.135322 0.03796079 0.1105207 9.210802 0.2974828 0.337212 9.27771 0.4229022 0.5607325 9.106208 -0.03338919 0.2499191 9.215967 -0.1242682 0.6975569 9.216193 -0.1871848 1.096834 9.131376 -0.225747 1.441877 9.11988 0.06144311 0.6949071 9.213779 0.101445 1.086313 9.08886 0.1386812 1.430705 9.053432  S_DodgingRight_Far
-0.02674661 0.01966858 9.174984 -0.09773414 0.1061381 9.219567 -0.3539534 0.3030835 9.309876 -0.5099686 0.509487 9.142054 0.04045238 0.1085511 9.213573 0.2981667 0.3355396 9.283809 0.4254445 0.5633243 9.119434 -0.03109233 0.2478939 9.217356 -0.1241933 0.6949334 9.2146 -0.1855969 1.095389 9.134355 -0.2239711 1.440346 9.120001 0.06153579 0.6934769 9.212566 0.1010494 1.08628 9.09195 0.1380931 1.430384 9.053637  S_DodgingRight_Far
-0.02557306 0.0179168 9.177607 -0.09655045 0.1046377 9.221654 -0.3522376 0.3018107 9.312386 -0.5104762 0.5080479 9.146451 0.04163023 0.1070976 9.215546 0.2983191 0.3340838 9.2879 0.4264743 0.5644712 9.127892 -0.03000305 0.2464175 9.218384 -0.1244168 0.6930795 9.213686 -0.1844436 1.094381 9.136691 -0.2223749 1.439301 9.12039 0.061318 0.6923429 9.211784 0.1007199 1.086083 9.094227 0.1374992 1.429928 9.053415  S_DodgingRight_Far
-0.02515183 0.01555705 9.181135 -0.09605657 0.1026461 9.224489 -0.3509673 0.300446 9.315268 -0.5113702 0.5068521 9.151637 0.04211702 0.1050802 9.218212 0.2979345 0.3316848 9.292993 0.4266177 0.5648712 9.137528 -0.02954529 0.2444044 9.219846 -0.1252435 0.6906642 9.212855 -0.1828236 1.093136 9.14022 -0.2195884 1.438055 9.121436 0.06049194 0.6906588 9.210889 0.100218 1.08557 9.097441 0.1365293 1.428944 9.052457  S_DodgingRight_Far
-0.02590661 0.01314223 9.184684 -0.09678309 0.1006038 9.227264 -0.350971 0.2991174 9.317575 -0.5125595 0.5059564 9.155666 0.04139026 0.1029936 9.220965 0.2966336 0.3290541 9.297881 0.4257424 0.5643488 9.145988 -0.03028504 0.2423202 9.221325 -0.1261997 0.6884727 9.212085 -0.1817523 1.091976 9.14372 -0.2175165 1.436838 9.122147 0.05953451 0.6885893 9.210003 0.1000579 1.084836 9.101606 0.1359599 1.427742 9.052879  S_DodgingRight_Far
-0.02661632 0.01159215 9.18699 -0.09748261 0.09929383 9.229052 -0.3512105 0.2982852 9.31896 -0.5133744 0.5054598 9.158059 0.04069193 0.1016517 9.222767 0.2956016 0.3273362 9.301014 0.424947 0.5638688 9.151258 -0.0309888 0.2409751 9.222287 -0.1268429 0.6871099 9.211594 -0.1811519 1.09124 9.145988 -0.2162629 1.436046 9.122544 0.05889042 0.6871906 9.20943 0.1000232 1.084306 9.104495 0.135578 1.426909 9.053439  S_DodgingRight_Far
-0.02733378 0.009807944 9.189794 -0.09824495 0.09779692 9.231154 -0.3516025 0.2972848 9.320349 -0.5138926 0.5048355 9.160061 0.03993954 0.1000955 9.22507 0.2945934 0.3252735 9.304709 0.4242264 0.5629007 9.156949 -0.03172294 0.2394204 9.223513 -0.1272784 0.6855843 9.210987 -0.1810573 1.090243 9.148268 -0.2160069 1.434939 9.123029 0.05845531 0.6855084 9.20886 0.1001264 1.08355 9.107717 0.1351159 1.425815 9.054066  S_DodgingRight_Far
-0.02794246 0.008326054 9.192223 -0.09889488 0.09655976 9.23297 -0.3519565 0.2964505 9.321532 -0.5143356 0.5043149 9.161741 0.03929831 0.09880757 9.227068 0.2937174 0.3235545 9.307903 0.4235741 0.5621095 9.161844 -0.03234647 0.2381281 9.224574 -0.1276314 0.6843135 9.21046 -0.181 1.089403 9.15022 -0.2158294 1.433996 9.123449 0.05810269 0.6840962 9.208372 0.1002257 1.082907 9.110498 0.1345923 1.424881 9.054639  S_DodgingRight_Far
-0.02808986 0.007022262 9.1946 -0.09906356 0.095505 9.234761 -0.3519955 0.2957984 9.322553 -0.514196 0.5038283 9.162796 0.03914006 0.09765232 9.229069 0.2934184 0.3219715 9.310813 0.4233426 0.5611271 9.1658 -0.03243152 0.2369915 9.225679 -0.1278029 0.6830788 9.210032 -0.1811089 1.088454 9.151684 -0.2160312 1.43295 9.123823 0.05793216 0.6829516 9.208032 0.09999301 1.082232 9.112066 0.1335235 1.423949 9.054163  S_DodgingRight_Far
-0.02822147 0.005718589 9.197134 -0.09921591 0.09446383 9.23667 -0.3520163 0.295185 9.32363 -0.51401 0.5033845 9.163885 0.0389985 0.09650278 9.231203 0.2931161 0.3203732 9.313907 0.4230892 0.5601559 9.169978 -0.03249077 0.2358578 9.226861 -0.1279715 0.6818285 9.20958 -0.1812295 1.087491 9.153222 -0.2162596 1.431883 9.124221 0.05776467 0.6818095 9.207674 0.09972824 1.081569 9.113679 0.1322742 1.42301 9.053622  S_DodgingRight_Far
-0.02852545 0.004318237 9.200159 -0.09947847 0.09338999 9.239015 -0.3522713 0.2946999 9.324741 -0.5138363 0.5027908 9.164421 0.03874697 0.09523606 9.233763 0.2928775 0.3184085 9.317431 0.4229521 0.5586275 9.174324 -0.03257553 0.23464 9.228375 -0.1282882 0.6804221 9.209208 -0.1810809 1.086362 9.15443 -0.2158759 1.430681 9.124305 0.05744799 0.6806163 9.207316 0.09925748 1.080676 9.114539 0.1310325 1.4219 9.052859  S_DodgingRight_Far
-0.02911196 0.002911091 9.203705 -0.0999742 0.09236789 9.241804 -0.3527962 0.2943975 9.326005 -0.5138117 0.5022057 9.164768 0.03826286 0.09395242 9.236778 0.2924633 0.3162509 9.321545 0.4226533 0.5568657 9.179209 -0.03282372 0.2334274 9.230239 -0.1286998 0.6790022 9.208881 -0.1807929 1.08521 9.155437 -0.2151491 1.429467 9.124125 0.05703564 0.6793982 9.206946 0.0987481 1.079657 9.114986 0.1299458 1.420697 9.052011  S_DodgingRight_Far
-0.03118919 0.001292229 9.209604 -0.10174 0.09142339 9.246578 -0.3545045 0.29489 9.328089 -0.5145183 0.5017823 9.164691 0.03651478 0.09240782 9.241898 0.2911962 0.3129119 9.328511 0.4220426 0.5535946 9.186894 -0.03399889 0.2320856 9.233692 -0.1292671 0.6775088 9.208669 -0.1804545 1.083869 9.155507 -0.2141582 1.428084 9.12304 0.05646642 0.6778064 9.206549 0.09846021 1.077886 9.113941 0.1300891 1.418864 9.050841  S_DodgingRight_Far
-0.03344045 0.0008796453 9.214443 -0.1036306 0.0916568 9.250431 -0.3559355 0.2967066 9.329686 -0.5150351 0.502691 9.164262 0.03464182 0.09193623 9.2462 0.2895672 0.3110398 9.334585 0.4211536 0.5515486 9.193359 -0.03516696 0.2318796 9.236609 -0.1290315 0.6773479 9.208316 -0.1808738 1.083531 9.154444 -0.2150801 1.427725 9.122274 0.056704 0.677169 9.206356 0.09874375 1.076925 9.112382 0.1310283 1.418009 9.050192  S_DodgingRight_Far
-0.03541462 0.001216054 9.217924 -0.1053189 0.09254444 9.253053 -0.3569082 0.2989918 9.330747 -0.5151759 0.5044905 9.163926 0.03296806 0.09217322 9.249336 0.2877812 0.3104827 9.339222 0.4200262 0.5508113 9.198304 -0.03616993 0.2323643 9.238576 -0.128426 0.6779644 9.207699 -0.1811935 1.083953 9.15326 -0.2161176 1.428145 9.121854 0.05731215 0.6771985 9.206184 0.09912135 1.076764 9.111301 0.1317827 1.418023 9.050278  S_DodgingRight_Far
