-0.05253534 0.07408905 2.683593 -0.1198014 0.1726139 2.690183 -0.3331397 0.4095793 2.75597 -0.3188202 0.6178765 2.529001 0.01844867 0.1680971 2.692127 0.2413782 0.3977767 2.759559 0.2266836 0.6078271 2.534243 -0.04571066 0.2997118 2.636355 -0.1226021 0.7163768 2.467564 -0.1432705 1.112082 2.351097 -0.1615023 1.456203 2.307249 0.06297894 0.7111923 2.473423 0.1266775 1.10212 2.357142 0.1781379 1.444861 2.323546  SA_DodgeSlap_SoClose
-0.05276374 0.07337523 2.682614 -0.1198583 0.1719893 2.688836 -0.3342113 0.4093363 2.752315 -0.3166124 0.6172307 2.525208 0.01836719 0.1673057 2.691843 0.2409535 0.3967612 2.761342 0.2277422 0.6072098 2.536305 -0.04520575 0.2991784 2.636009 -0.1216286 0.7159227 2.467453 -0.1420637 1.112068 2.352449 -0.1600858 1.456061 2.30753 0.0639226 0.711225 2.474541 0.128195 1.101665 2.356944 0.1794587 1.444382 2.322809  SA_DodgeSlap_SoClose
-0.05326579 0.0723443 2.681434 -0.1201467 0.1710712 2.687177 -0.3356062 0.4088787 2.747949 -0.3141936 0.6162266 2.520669 0.0180337 0.1661677 2.691579 0.240204 0.3952707 2.76377 0.2290107 0.6061896 2.539064 -0.04477165 0.2983592 2.635629 -0.1202993 0.7151921 2.467173 -0.1405216 1.111936 2.354212 -0.1583001 1.455766 2.307966 0.06518956 0.7110198 2.476006 0.1302031 1.100868 2.356863 0.1812601 1.443531 2.321894  SA_DodgeSlap_SoClose
-0.05542086 0.07107234 2.680042 -0.1220109 0.1699718 2.68492 -0.3382942 0.4084409 2.7429 -0.3130335 0.6146521 2.514983 0.01605292 0.1646856 2.691827 0.2377651 0.3928357 2.768711 0.2306394 0.6042557 2.544311 -0.04538385 0.297325 2.635421 -0.1175679 0.7142236 2.465866 -0.1379284 1.112176 2.357267 -0.1555827 1.455746 2.309077 0.06769831 0.7103086 2.478618 0.13379 1.099437 2.357728 0.1847776 1.441871 2.32049  SA_DodgeSlap_SoClose
-0.05828242 0.0696696 2.678396 -0.1246453 0.1686606 2.681806 -0.341913 0.4078939 2.735676 -0.3128318 0.610449 2.504952 0.01316889 0.1631422 2.692485 0.2335999 0.3903533 2.77611 0.232429 0.6018118 2.551637 -0.04651664 0.2961334 2.635036 -0.1137319 0.712943 2.463355 -0.1341236 1.112877 2.362302 -0.151138 1.456166 2.311934 0.07103552 0.7093534 2.482054 0.1385854 1.097651 2.359311 0.1897112 1.43969 2.318772  SA_DodgeSlap_SoClose
-0.06089083 0.06853986 2.676929 -0.1270915 0.1675529 2.678826 -0.3451846 0.4074291 2.728679 -0.3130671 0.6055468 2.49453 0.01038219 0.1619461 2.693206 0.2291946 0.3884388 2.783291 0.233815 0.5996411 2.558621 -0.04769019 0.2951512 2.634611 -0.1099953 0.7117899 2.460727 -0.1306928 1.113586 2.367422 -0.1467427 1.45665 2.31523 0.07409258 0.7084987 2.48527 0.1430964 1.096048 2.360981 0.1945625 1.437637 2.317212  SA_DodgeSlap_SoClose
-0.06310312 0.06759846 2.675841 -0.1292904 0.166416 2.675555 -0.3486736 0.4069592 2.719005 -0.3140827 0.5964285 2.478147 0.007637041 0.1612025 2.694553 0.223309 0.3877836 2.79219 0.2349673 0.598126 2.566969 -0.04882191 0.2942739 2.634106 -0.1057221 0.7106259 2.457527 -0.1261147 1.114444 2.373325 -0.1393735 1.457078 2.317646 0.07731499 0.7077522 2.489002 0.1480535 1.09452 2.363263 0.2000156 1.435517 2.315631  SA_DodgeSlap_SoClose
-0.06495266 0.06682837 2.67491 -0.1311159 0.1654016 2.672442 -0.3516466 0.4065262 2.709341 -0.3147815 0.5866305 2.46173 0.005140023 0.1606933 2.695882 0.2173236 0.3876026 2.80059 0.2357648 0.5969837 2.574926 -0.04980753 0.2935367 2.63357 -0.1015963 0.7095913 2.454511 -0.122052 1.11511 2.378939 -0.131556 1.457314 2.319951 0.08019449 0.7071404 2.492559 0.1526982 1.093156 2.365522 0.2053072 1.433516 2.314186  SA_DodgeSlap_SoClose
-0.06737141 0.06603444 2.674723 -0.1334444 0.1640807 2.668562 -0.3561956 0.4062223 2.691574 -0.3165494 0.5664555 2.431073 0.001514988 0.1605158 2.698737 0.2070308 0.3888868 2.813374 0.2361148 0.5966029 2.587293 -0.05124955 0.2926365 2.633091 -0.09549533 0.7082952 2.450515 -0.1160374 1.115966 2.387605 -0.1159683 1.457258 2.32285 0.08403672 0.7062959 2.498115 0.159528 1.091156 2.369323 0.2134249 1.43046 2.312614  SA_DodgeSlap_SoClose
-0.06943028 0.06562936 2.675326 -0.1352935 0.1630627 2.665472 -0.3598658 0.4060322 2.672604 -0.3175003 0.5428096 2.399466 -0.00184284 0.1608447 2.701849 0.1963807 0.3912768 2.824895 0.235598 0.5973207 2.598815 -0.0525652 0.2920083 2.632763 -0.08997105 0.7073422 2.447199 -0.1109645 1.116593 2.39574 -0.09737395 1.456841 2.327034 0.08709337 0.7056395 2.503295 0.165592 1.089422 2.373092 0.2209765 1.427657 2.311633  SA_DodgeSlap_SoClose
-0.0731089 0.06583273 2.678225 -0.1382708 0.1625004 2.663305 -0.3641052 0.4062241 2.642099 -0.3141041 0.5043173 2.354027 -0.007095082 0.1620097 2.707236 0.1811933 0.3955601 2.839034 0.2339639 0.5993207 2.613643 -0.0547959 0.2916006 2.633207 -0.08332525 0.7064677 2.444036 -0.1052269 1.117018 2.404748 -0.06938027 1.4559 2.337313 0.09032781 0.7047502 2.50994 0.1728225 1.08698 2.377658 0.2301904 1.423951 2.31127  SA_DodgeSlap_SoClose
-0.0798407 0.06722724 2.683899 -0.1432937 0.1628815 2.66188 -0.3656441 0.4049112 2.592757 -0.2984011 0.4394084 2.293766 -0.01576744 0.164652 2.715463 0.1586878 0.4027091 2.856368 0.2301994 0.6033235 2.633333 -0.05852238 0.2917129 2.634365 -0.07481335 0.7058124 2.440825 -0.09844975 1.117315 2.414718 -0.02903156 1.453883 2.363953 0.09385838 0.7037026 2.518587 0.1819983 1.083553 2.383131 0.2421673 1.418976 2.311581  SA_DodgeSlap_SoClose
-0.08842228 0.06960845 2.69029 -0.1495725 0.1649623 2.6628 -0.3599069 0.4011745 2.543078 -0.2668392 0.3791982 2.249884 -0.02518289 0.1674136 2.723285 0.1406639 0.4073807 2.869339 0.226516 0.6057414 2.649369 -0.0625342 0.2925824 2.636757 -0.06875609 0.7057062 2.440382 -0.09204255 1.117462 2.41825 -0.008673294 1.452696 2.381622 0.09647985 0.7030017 2.525184 0.1891218 1.080371 2.385851 0.251013 1.415271 2.313332  SA_DodgeSlap_SoClose
-0.09609799 0.07197058 2.694788 -0.1550374 0.1670911 2.662967 -0.3490971 0.3946269 2.502268 -0.2351614 0.3263425 2.223945 -0.03352026 0.1699907 2.729016 0.1254257 0.4112178 2.879049 0.2227933 0.6077595 2.662265 -0.06598435 0.2936051 2.63838 -0.06375997 0.705865 2.440137 -0.08694534 1.117771 2.420895 0.004798429 1.451914 2.396283 0.09854479 0.7026849 2.530406 0.19516 1.077835 2.387818 0.2584985 1.412356 2.314801  SA_DodgeSlap_SoClose
-0.1065264 0.0751282 2.698377 -0.1624152 0.1705449 2.662216 -0.3241422 0.3815753 2.449586 -0.1789882 0.2634839 2.204449 -0.04452316 0.1727167 2.734563 0.1087804 0.4127821 2.890347 0.2180054 0.6076135 2.677709 -0.0701649 0.2952542 2.640348 -0.05857895 0.7064033 2.44125 -0.08111726 1.118371 2.42256 0.004598396 1.453876 2.394937 0.1013284 0.7027717 2.535685 0.2023086 1.0748 2.388033 0.2664765 1.409573 2.316916  SA_DodgeSlap_SoClose
-0.1199102 0.07929111 2.699636 -0.1716453 0.1751485 2.658579 -0.2806577 0.3582196 2.393364 -0.1072251 0.1874528 2.203978 -0.05888645 0.1761928 2.738714 0.08715184 0.4141943 2.902285 0.2101224 0.6069697 2.695354 -0.07554959 0.297629 2.641118 -0.05242197 0.7076396 2.442423 -0.07429634 1.119676 2.424463 0.00206341 1.457078 2.392794 0.1047072 0.7032989 2.541383 0.2113078 1.071472 2.388124 0.2763542 1.406718 2.320102  SA_DodgeSlap_SoClose
-0.1302192 0.08215058 2.695746 -0.178377 0.1786391 2.651395 -0.2341848 0.3351249 2.355582 -0.04351268 0.1350719 2.218723 -0.07064973 0.1782209 2.738182 0.06898953 0.4131991 2.910119 0.2013055 0.6046637 2.707787 -0.07944416 0.2995051 2.639378 -0.047918 0.7091563 2.443291 -0.07013892 1.121192 2.425745 -0.006172998 1.460718 2.389628 0.1077123 0.7041996 2.544564 0.2181166 1.069667 2.387568 0.2831999 1.405708 2.323627  SA_DodgeSlap_SoClose
-0.1389953 0.08464944 2.690289 -0.1837795 0.1816399 2.643177 -0.1894677 0.3128022 2.331792 0.008265333 0.09363258 2.242496 -0.0811616 0.1800458 2.735936 0.05166437 0.4125255 2.915479 0.1917821 0.6027297 2.717253 -0.08281074 0.3012366 2.636641 -0.043954 0.7108269 2.443812 -0.06643353 1.122876 2.426928 -0.01248364 1.463926 2.388874 0.1103959 0.705128 2.546988 0.2240575 1.068503 2.387478 0.2891236 1.405296 2.327608  SA_DodgeSlap_SoClose
-0.1450934 0.08597493 2.682919 -0.1868679 0.1832362 2.633421 -0.1481356 0.2945035 2.317647 0.05585982 0.06920421 2.265363 -0.08981483 0.1810272 2.731977 0.03461285 0.4120293 2.918865 0.1802868 0.6010138 2.723498 -0.08510058 0.3023324 2.63292 -0.04075084 0.7123742 2.444243 -0.06396995 1.124408 2.428006 -0.01685177 1.466382 2.389181 0.1127882 0.7059337 2.548579 0.2281512 1.068242 2.38787 0.2927648 1.405835 2.332155  SA_DodgeSlap_SoClose
-0.1501903 0.08702385 2.675104 -0.1890034 0.1844586 2.623478 -0.1095499 0.2774262 2.310555 0.09644599 0.0487113 2.29151 -0.09762768 0.181847 2.72731 0.01807042 0.4118434 2.920645 0.1688165 0.5995641 2.727925 -0.08699207 0.3032277 2.628806 -0.03771387 0.7139032 2.444594 -0.06171171 1.125934 2.429436 -0.02068703 1.468717 2.390835 0.1150086 0.7066402 2.550067 0.2319146 1.068184 2.388752 0.2960863 1.406512 2.337138  SA_DodgeSlap_SoClose
-0.1518817 0.08701396 2.669239 -0.1884284 0.1839705 2.615532 -0.08118425 0.2680295 2.309171 0.131998 0.04518294 2.30859 -0.1025146 0.182382 2.723946 0.003215568 0.4142869 2.920928 0.1569811 0.6003042 2.728943 -0.08766256 0.3034887 2.62565 -0.03535805 0.7149532 2.444932 -0.06033371 1.126954 2.430575 -0.02280335 1.470184 2.392385 0.1165393 0.7070267 2.551542 0.2343177 1.068203 2.390039 0.2981964 1.406912 2.340608  SA_DodgeSlap_SoClose
-0.1526441 0.08675098 2.663137 -0.186809 0.1830659 2.60737 -0.0535423 0.2593096 2.310138 0.1668 0.044245 2.327574 -0.1068502 0.1828456 2.720258 -0.01215796 0.4173059 2.920112 0.1448203 0.6014729 2.728945 -0.08787553 0.3036121 2.622254 -0.03281597 0.7160569 2.445279 -0.05904023 1.128021 2.432138 -0.02500234 1.471721 2.394915 0.1180229 0.7074751 2.553333 0.2365881 1.068295 2.391608 0.3000525 1.407398 2.34439  SA_DodgeSlap_SoClose
-0.1509184 0.08599174 2.660241 -0.1836758 0.1813396 2.602939 -0.03885154 0.2569889 2.311882 0.1905845 0.05245459 2.337029 -0.1080225 0.1831675 2.718743 -0.02263485 0.4214169 2.918638 0.1363531 0.6042836 2.727885 -0.08701722 0.3033682 2.620458 -0.03077404 0.7166661 2.445481 -0.05825172 1.128584 2.433525 -0.02598409 1.472594 2.397604 0.1187124 0.7078511 2.55538 0.2377701 1.068119 2.392789 0.3009154 1.407381 2.346295  SA_DodgeSlap_SoClose
-0.1493613 0.08538842 2.65805 -0.1810208 0.1799902 2.599657 -0.02823274 0.2554466 2.313332 0.2077859 0.05942619 2.344617 -0.1087332 0.1833903 2.717556 -0.03055076 0.4244845 2.917222 0.1300406 0.6064371 2.726938 -0.08622228 0.3031805 2.619103 -0.0291311 0.7171409 2.445631 -0.05757974 1.129019 2.434618 -0.02668957 1.47327 2.399812 0.1191833 0.7082123 2.557097 0.2387285 1.067902 2.393587 0.3016345 1.407274 2.347571  SA_DodgeSlap_SoClose
-0.1469681 0.08471692 2.65627 -0.1776197 0.1784862 2.597031 -0.02178167 0.2560687 2.313869 0.2214711 0.0701623 2.350943 -0.1085641 0.1836373 2.716789 -0.03805057 0.4276909 2.915848 0.1242011 0.609753 2.727084 -0.08499943 0.3030539 2.618129 -0.02676527 0.7175571 2.445584 -0.05578772 1.129419 2.435482 -0.02596734 1.473947 2.402538 0.1192277 0.7090343 2.560105 0.2406121 1.066764 2.393675 0.3036318 1.406078 2.347386  SA_DodgeSlap_SoClose
-0.1450176 0.08423007 2.654656 -0.1748639 0.1774265 2.594883 -0.0169671 0.2566034 2.314031 0.2311628 0.0783695 2.356123 -0.1083397 0.183784 2.716008 -0.04367683 0.4297796 2.914751 0.1198113 0.6121873 2.727391 -0.08395724 0.3030174 2.617325 -0.02479999 0.7179193 2.445531 -0.0541542 1.129774 2.436095 -0.02553658 1.474554 2.404773 0.11916 0.7098547 2.56263 0.2423141 1.06569 2.393462 0.3054515 1.404962 2.347026  SA_DodgeSlap_SoClose
-0.1436532 0.08401477 2.652643 -0.1728772 0.1770682 2.592824 -0.01420365 0.2571582 2.313075 0.2357481 0.08281112 2.360348 -0.1080756 0.1837547 2.714863 -0.04714749 0.4300102 2.914482 0.1170922 0.6136136 2.728957 -0.08311085 0.3032293 2.616619 -0.02292536 0.7182647 2.445365 -0.05188326 1.130151 2.436103 -0.02520476 1.475238 2.406487 0.118834 0.7110519 2.565173 0.244416 1.064271 2.392346 0.3076863 1.403525 2.345965  SA_DodgeSlap_SoClose
-0.142194 0.08381975 2.650005 -0.170811 0.1768866 2.590302 -0.01093291 0.2575227 2.311741 0.2398409 0.08602536 2.364738 -0.1077542 0.1835901 2.71325 -0.0504217 0.429505 2.914421 0.1142022 0.6146962 2.730824 -0.08221851 0.3035535 2.615751 -0.02102463 0.7187341 2.445267 -0.04938797 1.130665 2.436142 -0.02557854 1.476139 2.408678 0.1183276 0.712562 2.567923 0.2468818 1.062635 2.39093 0.3103533 1.401888 2.344812  SA_DodgeSlap_SoClose
-0.141419 0.0837605 2.647767 -0.1697507 0.1770757 2.588346 -0.008514149 0.2574016 2.310546 0.2411881 0.08551335 2.367209 -0.1075781 0.1833085 2.711768 -0.051787 0.4281317 2.914813 0.1125208 0.6146934 2.732324 -0.0817536 0.303887 2.615107 -0.02004401 0.71913 2.445307 -0.0477557 1.131103 2.436089 -0.02671955 1.476888 2.410323 0.1178556 0.7137728 2.569632 0.2485937 1.06155 2.389738 0.3121938 1.400833 2.344022  SA_DodgeSlap_SoClose
-0.1403785 0.08369076 2.645088 -0.1684511 0.1773137 2.586006 -0.005366428 0.2571785 2.309247 0.242799 0.08444905 2.36996 -0.107277 0.182959 2.709954 -0.05330197 0.4263734 2.91533 0.1104487 0.6146504 2.734107 -0.08119152 0.3042973 2.614319 -0.019069 0.7196442 2.445389 -0.04597525 1.131667 2.436004 -0.02842681 1.477795 2.412315 0.1172518 0.7152279 2.571479 0.2505439 1.06032 2.388319 0.3142494 1.399677 2.343299  SA_DodgeSlap_SoClose
-0.1390185 0.0836184 2.642233 -0.1670112 0.1776071 2.583474 -0.001023514 0.2565132 2.308281 0.2446385 0.08147907 2.372474 -0.1067998 0.1825545 2.707922 -0.05475442 0.4241554 2.916162 0.107993 0.6144846 2.736183 -0.08059691 0.3047842 2.613462 -0.01856921 0.7203002 2.445576 -0.04448311 1.132373 2.435619 -0.03126756 1.478838 2.414136 0.1165581 0.7168364 2.572973 0.2522777 1.059311 2.386708 0.3158313 1.398872 2.343038  SA_DodgeSlap_SoClose
-0.1378912 0.08355415 2.640728 -0.1659676 0.1776947 2.582119 0.001836495 0.256143 2.308079 0.2462061 0.07995832 2.374034 -0.1062745 0.1823571 2.706828 -0.05559758 0.4230361 2.916642 0.1064775 0.6146595 2.737432 -0.08015542 0.3050718 2.612976 -0.01852803 0.7207246 2.445627 -0.04382954 1.132822 2.435133 -0.03364382 1.479478 2.415144 0.1160777 0.7178099 2.573589 0.2530299 1.058984 2.385845 0.3163336 1.398743 2.343368  SA_DodgeSlap_SoClose
-0.1367881 0.08348441 2.639752 -0.1650311 0.1776878 2.58122 0.004213588 0.2558813 2.30822 0.2477817 0.07899761 2.37526 -0.1056844 0.1822377 2.706098 -0.0562071 0.4223483 2.917005 0.1053029 0.6150055 2.738393 -0.07974808 0.3052845 2.61263 -0.01869999 0.7210703 2.445622 -0.04352508 1.133182 2.434556 -0.03598843 1.479977 2.415838 0.1156686 0.7185583 2.573842 0.2533592 1.058968 2.385251 0.3163362 1.398936 2.343981  SA_DodgeSlap_SoClose
-0.1359539 0.08348155 2.639461 -0.1644143 0.1776714 2.580953 0.005825179 0.2558367 2.308777 0.249211 0.07900119 2.376601 -0.1052063 0.1822536 2.705896 -0.05655424 0.4222229 2.917261 0.1047334 0.6154108 2.739022 -0.07950847 0.3054661 2.612581 -0.01905314 0.7213105 2.445582 -0.04344736 1.133431 2.433896 -0.03769712 1.480299 2.415909 0.1153321 0.7190506 2.573789 0.2534014 1.059093 2.384815 0.3161585 1.39921 2.344439  SA_DodgeSlap_SoClose
-0.135072 0.08354366 2.639789 -0.1638927 0.1776338 2.581266 0.007234948 0.256009 2.309988 0.2510397 0.08004451 2.378568 -0.1046476 0.1824132 2.706184 -0.0567296 0.4226445 2.917512 0.1046077 0.6160399 2.739543 -0.0793464 0.3056813 2.612833 -0.0197436 0.7215316 2.445496 -0.04359434 1.133657 2.432897 -0.03942577 1.480569 2.415329 0.1149461 0.7194603 2.573386 0.253138 1.059427 2.384364 0.3157022 1.399685 2.344898  SA_DodgeSlap_SoClose
-0.1345021 0.08365846 2.640629 -0.1637582 0.1776514 2.582174 0.007704513 0.2566742 2.311448 0.2523665 0.08194244 2.380127 -0.1041359 0.1826094 2.706905 -0.05619965 0.4233867 2.917627 0.105207 0.6165154 2.739432 -0.07934777 0.3058702 2.613408 -0.02070401 0.7216687 2.445487 -0.04395918 1.133795 2.431867 -0.04063712 1.480712 2.414211 0.1145827 0.719673 2.572747 0.2524919 1.059945 2.384069 0.3148568 1.400323 2.345321  SA_DodgeSlap_SoClose
-0.1340296 0.08380651 2.641852 -0.1638414 0.1777058 2.583553 0.007581787 0.2577295 2.313193 0.2534363 0.08451378 2.381453 -0.1035372 0.1828249 2.70795 -0.0550016 0.4243288 2.917688 0.1063975 0.6169022 2.738886 -0.07943408 0.306059 2.614239 -0.02197669 0.7217812 2.44556 -0.04453151 1.133906 2.430753 -0.04178725 1.48081 2.412754 0.1141852 0.719793 2.571883 0.2514999 1.060641 2.383811 0.3136513 1.401132 2.345717  SA_DodgeSlap_SoClose
-0.1339682 0.08393037 2.642815 -0.1642393 0.1778295 2.58476 0.006738083 0.2587155 2.314375 0.2533688 0.08617985 2.381548 -0.1031341 0.1829253 2.708766 -0.05327044 0.4248153 2.91775 0.1078225 0.6168442 2.738088 -0.07964675 0.3061832 2.61493 -0.0230367 0.7218563 2.445767 -0.04498081 1.133982 2.430104 -0.04254542 1.480876 2.411866 0.1138975 0.7197947 2.571251 0.250631 1.061184 2.383739 0.3127566 1.401687 2.345715  SA_DodgeSlap_SoClose
-0.1338628 0.08405006 2.64384 -0.1646392 0.1779523 2.586065 0.005796747 0.25978 2.315623 0.2532701 0.0879786 2.381569 -0.1026496 0.1830161 2.709633 -0.05132757 0.4253056 2.9178 0.1093847 0.6167653 2.737193 -0.07984702 0.3063059 2.61567 -0.02419631 0.7219386 2.446009 -0.04550926 1.134063 2.42945 -0.04341893 1.480946 2.410982 0.113589 0.7197922 2.570556 0.2496614 1.061771 2.383638 0.3117521 1.402289 2.345696  SA_DodgeSlap_SoClose
-0.1338454 0.08411551 2.644819 -0.1651861 0.1780599 2.587374 0.004173117 0.2611859 2.316772 0.2524351 0.08989811 2.381069 -0.1021294 0.1830256 2.710404 -0.04867641 0.4254169 2.918016 0.1110621 0.6164516 2.736099 -0.0801513 0.3063961 2.616351 -0.02540354 0.7220696 2.446396 -0.04599224 1.134192 2.428906 -0.04406313 1.481058 2.410079 0.113263 0.7197258 2.569958 0.248679 1.062267 2.383594 0.3109069 1.402722 2.345304  SA_DodgeSlap_SoClose
-0.1337321 0.08419931 2.64645 -0.1660249 0.1782131 2.589562 0.001095371 0.2633085 2.318308 0.2505725 0.09272158 2.379698 -0.101169 0.1830207 2.71166 -0.04412756 0.4255254 2.918368 0.1138237 0.6159342 2.734248 -0.08060162 0.3065287 2.617468 -0.02738891 0.722297 2.447079 -0.04681776 1.134407 2.428026 -0.04512231 1.481239 2.408571 0.1127479 0.7196001 2.568964 0.2470173 1.063088 2.383514 0.3094448 1.403436 2.344612  SA_DodgeSlap_SoClose
-0.1335377 0.0841794 2.647864 -0.1666418 0.1782281 2.591374 -0.002456469 0.2658429 2.319301 0.2481201 0.09596992 2.378139 -0.1002714 0.1829691 2.712658 -0.0401905 0.4254323 2.9188 0.1159039 0.6155604 2.732816 -0.08093916 0.3065631 2.618318 -0.02890269 0.7224513 2.447647 -0.04733596 1.134534 2.427076 -0.04559908 1.481317 2.406784 0.1124118 0.7193778 2.568155 0.2456482 1.063693 2.383497 0.3081535 1.403952 2.343935  SA_DodgeSlap_SoClose
-0.1332278 0.08412039 2.649508 -0.1672891 0.1782118 2.593506 -0.006968958 0.2691323 2.320411 0.2448968 0.1001647 2.376278 -0.0991209 0.1828715 2.713792 -0.03551237 0.4252615 2.919236 0.1183564 0.6151021 2.731115 -0.08126037 0.3065662 2.619293 -0.03063981 0.7226031 2.448302 -0.04801003 1.13464 2.425971 -0.04623393 1.481364 2.404683 0.1120627 0.7190771 2.567152 0.2440505 1.064394 2.38347 0.306597 1.404561 2.343195  SA_DodgeSlap_SoClose
-0.1327842 0.08398688 2.651167 -0.1678048 0.1781198 2.595656 -0.01268934 0.2735775 2.321283 0.2405293 0.1057599 2.374435 -0.09778582 0.1827049 2.714877 -0.03082655 0.4249767 2.919624 0.1208356 0.6146219 2.729524 -0.08142243 0.3064785 2.620211 -0.03221254 0.7226548 2.448858 -0.04871128 1.134629 2.424775 -0.04683248 1.481281 2.402352 0.1118848 0.7186437 2.565996 0.2425507 1.06507 2.383462 0.3049826 1.405197 2.342669  SA_DodgeSlap_SoClose
-0.1322224 0.08381724 2.653015 -0.1683256 0.1780049 2.598098 -0.01937942 0.2787632 2.322408 0.2353199 0.112223 2.372409 -0.09620099 0.1824894 2.716061 -0.02546964 0.4246087 2.919957 0.1236527 0.6140513 2.727659 -0.08154754 0.3063591 2.62124 -0.03398035 0.7226918 2.449484 -0.04960094 1.134582 2.423459 -0.04765324 1.481149 2.399774 0.1116834 0.718145 2.564649 0.2408648 1.065822 2.383441 0.3031588 1.405909 2.342109  SA_DodgeSlap_SoClose
-0.1316381 0.08361769 2.65488 -0.1687481 0.1778933 2.600603 -0.02733527 0.2852017 2.323422 0.2289637 0.1202468 2.370414 -0.09447227 0.1822107 2.71723 -0.0203201 0.4241567 2.920197 0.126475 0.6134005 2.725924 -0.0814672 0.3061628 2.622277 -0.03555844 0.7225329 2.449908 -0.05061535 1.134333 2.422189 -0.04860358 1.480814 2.397269 0.1115859 0.7175981 2.563159 0.2393458 1.066508 2.383317 0.3013498 1.406612 2.341693  SA_DodgeSlap_SoClose
-0.1306999 0.08330953 2.657504 -0.1692646 0.1777214 2.604216 -0.03906445 0.2945346 2.325485 0.2193645 0.1316797 2.367916 -0.0918815 0.1817772 2.718814 -0.01276307 0.4234395 2.920353 0.1305761 0.612422 2.723265 -0.08129351 0.3058649 2.623737 -0.0378599 0.7223078 2.450544 -0.05221204 1.133963 2.420395 -0.05018334 1.480312 2.393714 0.1114065 0.7168087 2.560956 0.2371544 1.067488 2.38315 0.2987835 1.407613 2.341139  SA_DodgeSlap_SoClose
-0.1290189 0.08270729 2.661906 -0.1698384 0.1774385 2.610481 -0.06252132 0.3122462 2.329534 0.2013104 0.1559876 2.362452 -0.08723365 0.1808652 2.721395 -0.0008666347 0.4219503 2.920451 0.1375662 0.6103688 2.719356 -0.08059107 0.3052098 2.626297 -0.04157529 0.7214617 2.451236 -0.05521874 1.13284 2.417227 -0.05305151 1.478931 2.387392 0.1108202 0.7156319 2.55727 0.2337541 1.068932 2.382713 0.2949046 1.409031 2.339811  SA_DodgeSlap_SoClose
-0.1264707 0.08171082 2.666623 -0.1699601 0.1769167 2.617855 -0.09533261 0.3339651 2.336398 0.1773948 0.1911221 2.354375 -0.08106892 0.1793849 2.723825 0.0138035 0.419504 2.919982 0.1470997 0.6069449 2.71455 -0.07933955 0.3042021 2.62913 -0.04626302 0.7202225 2.451948 -0.05927275 1.131235 2.413549 -0.05672447 1.476963 2.379792 0.1095217 0.7144139 2.552937 0.2293254 1.070673 2.382263 0.2899778 1.410708 2.338155  SA_DodgeSlap_SoClose
-0.1245497 0.08094525 2.669038 -0.1696448 0.1764607 2.622083 -0.1172315 0.3467863 2.342167 0.1615741 0.2151519 2.349049 -0.07702665 0.1782937 2.724824 0.02295979 0.4177271 2.919256 0.1532659 0.6045336 2.711342 -0.07836704 0.3034891 2.630624 -0.04925368 0.7194474 2.452386 -0.0619152 1.130225 2.411448 -0.05921153 1.475728 2.37547 0.108496 0.7137503 2.550284 0.2264536 1.07172 2.381917 0.2868219 1.411724 2.337189  SA_DodgeSlap_SoClose
-0.1224443 0.08009195 2.670757 -0.1689829 0.1758834 2.625565 -0.1386912 0.3576123 2.3481 0.1462615 0.2397944 2.342766 -0.07314228 0.1771408 2.725316 0.03134813 0.4159168 2.918296 0.1590545 0.6021487 2.708264 -0.07730095 0.3027565 2.63176 -0.05206136 0.7187544 2.452815 -0.0643522 1.129321 2.409705 -0.06161438 1.47464 2.372003 0.1073989 0.7132248 2.547911 0.2236959 1.072624 2.381445 0.2837777 1.412626 2.336318  SA_DodgeSlap_SoClose
-0.1191562 0.07879472 2.67254 -0.1676322 0.174945 2.629888 -0.1688276 0.3713796 2.358896 0.1232022 0.2752087 2.334868 -0.06760113 0.1754433 2.725443 0.04293199 0.4132669 2.916436 0.1669228 0.5989945 2.703749 -0.07562833 0.3016981 2.633006 -0.05593161 0.7178637 2.453441 -0.06772099 1.128128 2.407408 -0.06518154 1.473222 2.367688 0.1057946 0.712578 2.544645 0.2198565 1.073828 2.380658 0.2795194 1.413858 2.335184  SA_DodgeSlap_SoClose
-0.1155183 0.07750082 2.673339 -0.1657076 0.1739033 2.633023 -0.1971149 0.3817054 2.370328 0.09963979 0.3106596 2.325644 -0.0623276 0.1738472 2.724946 0.05318518 0.4108397 2.914337 0.1737181 0.5966768 2.699766 -0.07378225 0.3007495 2.633765 -0.05934642 0.7172153 2.454066 -0.07054614 1.127195 2.405424 -0.06855457 1.472158 2.364552 0.1042684 0.7122205 2.541854 0.2163292 1.074854 2.379548 0.2754626 1.41497 2.33403  SA_DodgeSlap_SoClose
-0.111175 0.0761112 2.673689 -0.1632281 0.1727754 2.636095 -0.2283637 0.3917891 2.38703 0.06954058 0.3517331 2.318066 -0.05628876 0.1721271 2.723849 0.06491508 0.4081481 2.911276 0.1812977 0.5944331 2.69481 -0.07154493 0.2997862 2.634295 -0.06311278 0.7166284 2.45472 -0.07369249 1.126256 2.403071 -0.07251821 1.471098 2.36116 0.1024815 0.7120303 2.538737 0.2124254 1.07607 2.37814 0.2709249 1.41632 2.332802  SA_DodgeSlap_SoClose
-0.1056292 0.07455075 2.673247 -0.1597468 0.1714361 2.638761 -0.2620973 0.3999848 2.409601 0.02990402 0.4006433 2.310392 -0.04920487 0.1702482 2.721925 0.07849588 0.405219 2.906861 0.1895553 0.5928828 2.688796 -0.06863348 0.2987968 2.634477 -0.06713687 0.7160987 2.455379 -0.07703321 1.12528 2.400177 -0.07723759 1.470059 2.357738 0.1004049 0.7121797 2.53548 0.208069 1.077393 2.376008 0.2655668 1.417902 2.331336  SA_DodgeSlap_SoClose
-0.1009418 0.07339859 2.672561 -0.1567503 0.1704664 2.640823 -0.288318 0.405009 2.432706 -0.00821398 0.4418762 2.309053 -0.04326175 0.168815 2.719911 0.09049572 0.4028444 2.902215 0.1964746 0.592007 2.68292 -0.06617455 0.2981228 2.634449 -0.07045589 0.7157698 2.455888 -0.07981472 1.12451 2.397422 -0.0814008 1.469265 2.35481 0.09860052 0.7124774 2.532769 0.2045413 1.07847 2.37393 0.2612167 1.41922 2.330056  SA_DodgeSlap_SoClose
-0.09612636 0.07240188 2.671697 -0.1536356 0.1696485 2.642879 -0.3120742 0.4081188 2.45942 -0.05194608 0.4838009 2.312067 -0.03723357 0.1675247 2.717601 0.1034933 0.4005679 2.896422 0.2033959 0.5917639 2.676041 -0.06366865 0.2976103 2.634364 -0.07373498 0.7155217 2.456373 -0.08259057 1.123723 2.394178 -0.08589558 1.468491 2.351781 0.0967129 0.7129704 2.530147 0.2011044 1.079428 2.371355 0.2569027 1.420462 2.328578  SA_DodgeSlap_SoClose
-0.09252565 0.07176363 2.670882 -0.1513244 0.1691598 2.644501 -0.3285029 0.4094645 2.482766 -0.08845918 0.51529 2.320632 -0.03264634 0.1666341 2.715539 0.1139964 0.3988276 2.891128 0.2086618 0.591756 2.669946 -0.06184904 0.297336 2.634214 -0.07640253 0.7154276 2.456746 -0.08486931 1.123137 2.391354 -0.08958767 1.467932 2.349306 0.09512801 0.7134207 2.527984 0.1983411 1.080226 2.369224 0.2535194 1.421479 2.327401  SA_DodgeSlap_SoClose
-0.08883445 0.07130432 2.670302 -0.1491505 0.1689297 2.647089 -0.3440809 0.4104003 2.512486 -0.1330854 0.550009 2.336141 -0.02765195 0.1658138 2.713162 0.1274908 0.3967636 2.883595 0.2143749 0.5922389 2.661457 -0.06022022 0.2972662 2.634366 -0.07985584 0.7154372 2.457365 -0.08783834 1.122371 2.387251 -0.09459494 1.467231 2.346026 0.09299411 0.7139714 2.525352 0.1948269 1.08109 2.366427 0.249399 1.422593 2.325864  SA_DodgeSlap_SoClose
-0.0854917 0.07105517 2.669808 -0.147246 0.1689293 2.650079 -0.3563433 0.410477 2.54449 -0.1770776 0.5807326 2.360142 -0.02288632 0.1651713 2.710558 0.1414867 0.394765 2.874669 0.2195282 0.5929768 2.651676 -0.05891864 0.2973772 2.634581 -0.08378588 0.715607 2.458161 -0.09128372 1.121605 2.382767 -0.09994148 1.466535 2.342492 0.09052111 0.7145249 2.522328 0.1906292 1.082203 2.3636 0.2446686 1.423957 2.32446  SA_DodgeSlap_SoClose
-0.08311938 0.07110333 2.669965 -0.1460901 0.1692569 2.653826 -0.3636833 0.4106981 2.57489 -0.2129741 0.6031049 2.386811 -0.01899783 0.1648084 2.708278 0.1550091 0.3929586 2.86489 0.2231829 0.5939936 2.64119 -0.05836252 0.2977014 2.635208 -0.08815907 0.7159344 2.45935 -0.09519152 1.120831 2.378208 -0.1054312 1.465822 2.338829 0.08773161 0.7148925 2.51904 0.1856238 1.083532 2.361162 0.23931 1.425511 2.323524  SA_DodgeSlap_SoClose
-0.08115153 0.07129085 2.67059 -0.145001 0.169639 2.657456 -0.3671279 0.4106663 2.599555 -0.2370391 0.6156487 2.409379 -0.01573334 0.1647316 2.706477 0.1662249 0.3919452 2.855676 0.2255253 0.595096 2.631361 -0.05791752 0.2980419 2.635778 -0.09216253 0.7162687 2.460479 -0.09908168 1.120142 2.374378 -0.1103592 1.465144 2.335392 0.08522166 0.7150277 2.515569 0.1803551 1.085149 2.359482 0.2338106 1.427304 2.32314  SA_DodgeSlap_SoClose
-0.07923584 0.07156491 2.671596 -0.1438041 0.1700764 2.661358 -0.3683306 0.410693 2.622514 -0.2553119 0.6233408 2.429861 -0.0125771 0.1648108 2.704821 0.1768675 0.3913237 2.845922 0.2271165 0.5963215 2.621078 -0.0574973 0.2984034 2.636377 -0.09628849 0.7166198 2.461722 -0.1034044 1.119411 2.370708 -0.1155098 1.464391 2.331777 0.08261146 0.7149909 2.511659 0.1744772 1.087053 2.358251 0.2278193 1.429358 2.32318  SA_DodgeSlap_SoClose
-0.07663076 0.07193506 2.673146 -0.1418415 0.1705471 2.665753 -0.3676077 0.4105195 2.645375 -0.2702687 0.627203 2.4487 -0.008776171 0.1651162 2.703188 0.1878591 0.3914094 2.834745 0.2283893 0.597843 2.609252 -0.05660228 0.2987659 2.636857 -0.1006135 0.716902 2.462876 -0.1085617 1.118562 2.367058 -0.1215361 1.463491 2.327955 0.07985397 0.7147892 2.506792 0.1676016 1.089359 2.357121 0.2208801 1.431766 2.322968  SA_DodgeSlap_SoClose
-0.07421611 0.07226408 2.674623 -0.1398501 0.1709124 2.669281 -0.3658039 0.4103779 2.662016 -0.2792638 0.6275979 2.460935 -0.005541129 0.1654801 2.701975 0.196104 0.3919226 2.82556 0.2290357 0.5991315 2.599542 -0.05562643 0.2990226 2.637111 -0.1039167 0.7170551 2.46368 -0.1129111 1.117859 2.364431 -0.1265707 1.462729 2.325039 0.07769276 0.7145121 2.502577 0.1619573 1.091269 2.356436 0.2152248 1.43372 2.32271  SA_DodgeSlap_SoClose
-0.07024948 0.07273018 2.676794 -0.1364027 0.1713977 2.674301 -0.361493 0.4101337 2.685114 -0.2905369 0.6269405 2.477587 -0.000598533 0.1660557 2.700107 0.2074664 0.3929545 2.811677 0.229486 0.6010495 2.585147 -0.05391197 0.2993315 2.6373 -0.1084944 0.7171658 2.46474 -0.1194424 1.116761 2.360919 -0.1340983 1.461524 2.320957 0.07452686 0.7140041 2.496279 0.1538382 1.093973 2.355793 0.2070127 1.43648 2.322483  SA_DodgeSlap_SoClose
-0.06511323 0.07323158 2.679265 -0.1317432 0.1718563 2.6796 -0.3547045 0.4099258 2.70824 -0.3004541 0.6240624 2.493043 0.005271988 0.1667818 2.697994 0.2189743 0.3946131 2.795998 0.229338 0.6032358 2.56912 -0.0515192 0.299562 2.637219 -0.1130788 0.7170894 2.465651 -0.1266997 1.11549 2.35764 -0.1424424 1.460099 2.316765 0.07113869 0.7132726 2.489122 0.1451304 1.096826 2.355649 0.1979646 1.439397 2.32246  SA_DodgeSlap_SoClose
-0.06030415 0.0736171 2.681174 -0.1272575 0.1722012 2.683984 -0.347191 0.4097677 2.727724 -0.3083315 0.6215852 2.506973 0.01048352 0.1673582 2.695868 0.2283584 0.3959621 2.781843 0.2286702 0.605114 2.555216 -0.04928355 0.2996851 2.636988 -0.1169377 0.7168965 2.466414 -0.1331786 1.114239 2.354927 -0.1498816 1.458678 2.31301 0.06802602 0.7125314 2.482874 0.1376506 1.099115 2.355952 0.1900467 1.441746 2.32269  SA_DodgeSlap_SoClose
-0.05525122 0.07394159 2.682824 -0.1224392 0.172483 2.688088 -0.3383583 0.4096358 2.746277 -0.3153748 0.6191685 2.521165 0.01571508 0.1678646 2.693502 0.2370355 0.3971926 2.767439 0.2275384 0.6069293 2.541552 -0.04693876 0.2997239 2.636608 -0.1206307 0.7165765 2.467136 -0.1397065 1.112863 2.352386 -0.1573905 1.457097 2.309208 0.06480475 0.711689 2.476695 0.1303863 1.101166 2.356653 0.1821645 1.44387 2.323173  SA_DodgeSlap_SoClose
