-0.03669612 0.001414895 1.283252 -0.1064585 0.09303176 1.317917 -0.3576117 0.3002059 1.394866 -0.515421 0.5055305 1.227398 0.03183498 0.09231353 1.314501 0.2865026 0.3103036 1.405178 0.4190856 0.5505487 1.264436 -0.03693936 0.2326341 1.303117 -0.1282688 0.6783187 1.27092 -0.1815188 1.084213 1.216249 -0.2168239 1.428407 1.185298 0.0574698 0.6772084 1.269695 0.0991322 1.076699 1.174433 0.1319621 1.418058 1.114065  S_DodgingRight_SoClose
-0.03860353 0.001943231 1.284873 -0.1085223 0.09368563 1.318884 -0.3595289 0.30038 1.395707 -0.5174851 0.5056804 1.228348 0.02978035 0.09304595 1.315845 0.2845581 0.3112583 1.405978 0.4171421 0.550753 1.263963 -0.03905873 0.2332579 1.30355 -0.1290833 0.6792197 1.269944 -0.1824425 1.084828 1.213292 -0.2176716 1.429268 1.18512 0.05665191 0.6773617 1.269202 0.09723349 1.077073 1.174398 0.1295794 1.418601 1.11473  S_DodgingRight_SoClose
-0.04064206 0.00271821 1.286731 -0.1107738 0.0945642 1.32002 -0.3617083 0.3005704 1.396834 -0.5198845 0.5056618 1.229426 0.02753814 0.09406888 1.317409 0.2824055 0.3125813 1.40697 0.4147149 0.5511725 1.263189 -0.04142366 0.2341294 1.304117 -0.1300911 0.6803775 1.268977 -0.1835888 1.085581 1.209622 -0.2187202 1.430264 1.184459 0.05563547 0.6777148 1.2687 0.09507503 1.077625 1.174256 0.1269999 1.419334 1.115402  S_DodgingRight_SoClose
-0.04296092 0.003862143 1.289613 -0.1136255 0.09565842 1.321939 -0.3650084 0.2998137 1.399512 -0.5238138 0.5035775 1.231081 0.0246981 0.09568799 1.319981 0.2799189 0.3145928 1.408864 0.4108797 0.5511258 1.260521 -0.04474471 0.2353824 1.305403 -0.1321146 0.6819407 1.268322 -0.1859351 1.08608 1.202372 -0.2208265 1.431036 1.180881 0.05359592 0.6783162 1.268254 0.09179576 1.078263 1.173457 0.1237982 1.420196 1.115965  S_DodgingRight_SoClose
-0.04509215 0.00521481 1.292546 -0.1163441 0.09691834 1.323894 -0.3682675 0.2989852 1.402468 -0.5277783 0.5010717 1.232689 0.02198614 0.0975399 1.322622 0.2779609 0.3165317 1.410818 0.4077033 0.5501428 1.256879 -0.04798923 0.2368271 1.306751 -0.134379 0.6836014 1.267651 -0.1887855 1.086489 1.194877 -0.2234963 1.431701 1.17762 0.05131407 0.679172 1.267788 0.08868016 1.079015 1.172223 0.1212565 1.421136 1.116189  S_DodgingRight_SoClose
-0.04717706 0.007102847 1.296537 -0.1193811 0.0985564 1.326564 -0.3723394 0.2971157 1.407224 -0.532989 0.4959029 1.234646 0.01894678 0.1001645 1.326297 0.2761641 0.3191396 1.413733 0.403117 0.5471344 1.2494 -0.05190365 0.2388028 1.308717 -0.1380686 0.6855783 1.266728 -0.1941012 1.086369 1.184256 -0.2288082 1.43187 1.174329 0.04761048 0.6806104 1.267095 0.08517613 1.079863 1.169169 0.1199174 1.422138 1.115418  S_DodgingRight_SoClose
-0.0503575 0.01002002 1.302245 -0.1237963 0.1012536 1.330163 -0.3785136 0.2947237 1.412858 -0.541241 0.4886053 1.236684 0.01450618 0.1039851 1.331651 0.2737406 0.3225765 1.417906 0.3970054 0.5413573 1.238894 -0.05721531 0.2418096 1.311407 -0.1432251 0.6883719 1.264766 -0.2025048 1.085968 1.170012 -0.237824 1.431548 1.170608 0.0424371 0.6829748 1.266172 0.08111794 1.081043 1.163953 0.1195589 1.423397 1.113312  S_DodgingRight_SoClose
-0.05365054 0.01293242 1.30773 -0.1281302 0.1040999 1.333382 -0.3848362 0.2926054 1.41703 -0.5500287 0.4815493 1.237812 0.01011796 0.1076115 1.336898 0.2715594 0.3254077 1.42195 0.3916245 0.5340128 1.229148 -0.06202499 0.2447759 1.313861 -0.1480349 0.6908981 1.262208 -0.2113084 1.085308 1.157272 -0.2480114 1.430579 1.167986 0.03760483 0.6854593 1.265349 0.07827015 1.081998 1.158078 0.1206689 1.424306 1.110381  S_DodgingRight_SoClose
-0.05948643 0.01645195 1.314594 -0.1347259 0.108013 1.336796 -0.3943724 0.2917038 1.417281 -0.5618818 0.4750546 1.23444 0.003394024 0.111654 1.343644 0.2674106 0.328842 1.42572 0.3855704 0.5255414 1.219682 -0.06817131 0.2483631 1.316471 -0.1526616 0.6939108 1.257653 -0.2221499 1.084804 1.143862 -0.2623188 1.429095 1.166762 0.03288104 0.6882525 1.264245 0.07587881 1.082886 1.151023 0.1222657 1.4251 1.106463  S_DodgingRight_SoClose
-0.06601875 0.01969874 1.32087 -0.1415617 0.1118866 1.339523 -0.4041071 0.2919717 1.41446 -0.5732682 0.4704788 1.228376 -0.003654702 0.1151583 1.349926 0.2627537 0.3317963 1.428408 0.3806894 0.5179621 1.212682 -0.07394509 0.2516392 1.318595 -0.1560078 0.6965997 1.252704 -0.231882 1.084514 1.132952 -0.2763723 1.427387 1.166605 0.0293438 0.6906619 1.263243 0.07448347 1.083517 1.144791 0.123897 1.425633 1.102804  S_DodgingRight_SoClose
-0.08248149 0.02573001 1.332251 -0.1571892 0.1198766 1.343205 -0.4254802 0.2971866 1.398785 -0.5911127 0.4670588 1.201765 -0.02007757 0.1210408 1.361544 0.2512173 0.3367103 1.429212 0.3715924 0.5088849 1.203446 -0.08569543 0.257561 1.321469 -0.1593477 0.7014587 1.241769 -0.2501043 1.084823 1.117793 -0.3061253 1.423593 1.170427 0.02531828 0.6941783 1.260397 0.07341351 1.08437 1.134537 0.1264907 1.426413 1.09663  S_DodgingRight_SoClose
-0.1081794 0.03390908 1.345389 -0.1796957 0.1310802 1.346171 -0.4529621 0.3099816 1.368701 -0.6017174 0.4676249 1.14932 -0.0444418 0.1282759 1.37508 0.233416 0.3407477 1.426386 0.3585782 0.504904 1.197276 -0.1014575 0.2649684 1.323956 -0.1606037 0.7071766 1.227764 -0.2720809 1.085726 1.105913 -0.3451563 1.417741 1.177326 0.0227824 0.6974472 1.255629 0.07408614 1.08524 1.123766 0.1301285 1.427242 1.089976  S_DodgingRight_SoClose
-0.1317581 0.04118562 1.354716 -0.1991762 0.1408894 1.347571 -0.473085 0.3244463 1.339243 -0.5957368 0.468873 1.095922 -0.06606512 0.1342739 1.384652 0.2168207 0.342451 1.42248 0.3455776 0.5080043 1.196387 -0.1146536 0.2708886 1.32528 -0.1604309 0.7112902 1.217276 -0.2885731 1.086676 1.102212 -0.3757641 1.412971 1.183472 0.02189072 0.6991491 1.250638 0.07586677 1.085856 1.116668 0.1337668 1.427812 1.085659  S_DodgingRight_SoClose
-0.1498816 0.04667413 1.360312 -0.2135442 0.1482736 1.348375 -0.48574 0.3368896 1.317201 -0.580252 0.4694299 1.05527 -0.08209847 0.1383721 1.390343 0.2040693 0.3424715 1.421277 0.3327273 0.5119348 1.198043 -0.1241528 0.2749926 1.326189 -0.1603733 0.7139587 1.211446 -0.2988466 1.087628 1.102951 -0.3948824 1.411275 1.184828 0.02145596 0.6998946 1.246686 0.07721491 1.086383 1.112817 0.1365264 1.428317 1.084337  S_DodgingRight_SoClose
-0.1802716 0.05660367 1.36792 -0.2370667 0.1610205 1.34909 -0.5028288 0.3576066 1.280461 -0.5429423 0.4662936 0.9946541 -0.1086445 0.1455529 1.398138 0.1825472 0.3421141 1.420125 0.309622 0.5195353 1.20223 -0.1397428 0.2818387 1.327368 -0.1605324 0.7181407 1.203373 -0.3135739 1.089525 1.107319 -0.4223951 1.410044 1.18542 0.02073558 0.7006822 1.239961 0.07950874 1.087292 1.107742 0.1413992 1.429126 1.083921  S_DodgingRight_SoClose
-0.2129656 0.06758082 1.372875 -0.2618939 0.1747518 1.349178 -0.5151327 0.3781195 1.239817 -0.4861662 0.4560049 0.9428276 -0.1368165 0.1526952 1.404008 0.1559323 0.3441221 1.425213 0.276931 0.5315005 1.212251 -0.15646 0.2888445 1.328996 -0.1617883 0.7226521 1.199562 -0.3234094 1.093364 1.115741 -0.4411476 1.413997 1.179038 0.01928897 0.7010797 1.234877 0.08250989 1.087497 1.104154 0.1482889 1.428909 1.085221  S_DodgingRight_SoClose
-0.2402423 0.07784426 1.375563 -0.2824103 0.1869015 1.348469 -0.5217128 0.3929647 1.206168 -0.4361438 0.44243 0.91404 -0.1604412 0.1594483 1.40769 0.1349917 0.3444865 1.430761 0.2545877 0.5378342 1.222391 -0.1706377 0.2950842 1.329919 -0.1632703 0.726669 1.197218 -0.3298462 1.097394 1.123799 -0.4534805 1.418248 1.173202 0.01763447 0.7014366 1.230957 0.08514471 1.087651 1.101791 0.1546317 1.428542 1.087195  S_DodgingRight_SoClose
-0.2698081 0.08855355 1.374112 -0.3050336 0.1994392 1.345576 -0.5234045 0.4070004 1.169539 -0.3744973 0.4220426 0.8998955 -0.1866283 0.1659993 1.408815 0.1073015 0.3478998 1.444551 0.2261338 0.5469184 1.241143 -0.1873566 0.3017535 1.330587 -0.1664803 0.7321486 1.199252 -0.33337 1.103988 1.132481 -0.4589239 1.425969 1.167663 0.01413061 0.7023005 1.230721 0.08604814 1.086883 1.099087 0.1599 1.426969 1.087441  S_DodgingRight_SoClose
-0.3052015 0.1031117 1.370236 -0.3320231 0.2157714 1.340792 -0.5259622 0.4163224 1.125946 -0.3163608 0.3877993 0.901533 -0.2184293 0.1752369 1.408546 0.07242186 0.3532932 1.461334 0.1911705 0.5578256 1.26342 -0.2079038 0.3108176 1.330723 -0.1705217 0.739688 1.202635 -0.337295 1.112669 1.142247 -0.464201 1.435364 1.163143 0.009478526 0.7040076 1.231416 0.0867181 1.086424 1.096526 0.1659528 1.425408 1.088832  S_DodgingRight_SoClose
-0.3331051 0.1151545 1.363799 -0.3539664 0.2290459 1.335595 -0.5257001 0.4237051 1.09556 -0.2793789 0.3615272 0.9207252 -0.2442728 0.1829112 1.406137 0.04346885 0.35676 1.479035 0.166798 0.5643484 1.287199 -0.2258236 0.3190284 1.330764 -0.1752617 0.7472817 1.208036 -0.3437352 1.118858 1.143829 -0.4710151 1.441453 1.163986 0.003939109 0.7066414 1.235184 0.08504011 1.086377 1.095087 0.1688346 1.424316 1.090251  S_DodgingRight_SoClose
-0.3578477 0.1269635 1.356903 -0.3733822 0.2417805 1.330293 -0.5241132 0.4298506 1.070349 -0.2559685 0.3409576 0.9466399 -0.2674297 0.1905378 1.402994 0.01720412 0.3592309 1.493889 0.1457846 0.5693225 1.308328 -0.2419326 0.3269964 1.330342 -0.1796118 0.7544735 1.213073 -0.3501641 1.124407 1.144986 -0.4777569 1.446801 1.166346 -0.001259072 0.7094271 1.238815 0.08305021 1.086803 1.094306 0.1706402 1.423808 1.092424  S_DodgingRight_SoClose
-0.3810502 0.1390616 1.348502 -0.3919967 0.2547916 1.324964 -0.5245028 0.4390433 1.051988 -0.2478576 0.3277658 0.9732975 -0.2894771 0.1982158 1.398627 -0.004851205 0.3561708 1.507753 0.1338378 0.5701166 1.334268 -0.2578596 0.3355455 1.330141 -0.184648 0.7623171 1.218985 -0.3584137 1.128841 1.141267 -0.4847885 1.451117 1.170274 -0.007275028 0.7133096 1.244257 0.08033367 1.087951 1.094684 0.1711717 1.4241 1.095308  S_DodgingRight_SoClose
-0.404338 0.1525795 1.339236 -0.4106241 0.2690254 1.319148 -0.5245199 0.4493364 1.034974 -0.2472351 0.3183306 1.002444 -0.3118125 0.206929 1.393429 -0.02794383 0.3523332 1.520996 0.1215727 0.5698467 1.361506 -0.273968 0.3449044 1.329554 -0.1898183 0.7706892 1.225119 -0.3672728 1.133284 1.137887 -0.4917512 1.455422 1.175387 -0.01351462 0.7177293 1.249894 0.07729252 1.089571 1.095324 0.171092 1.424889 1.098673  S_DodgingRight_SoClose
-0.4292279 0.1695892 1.327488 -0.430547 0.286799 1.312656 -0.5301448 0.4727546 1.026617 -0.2610189 0.322256 1.021232 -0.3356184 0.2176975 1.385805 -0.04951255 0.3393303 1.532765 0.1189258 0.5615054 1.400966 -0.2911575 0.3565384 1.328396 -0.1958262 0.7811418 1.232508 -0.3772216 1.138182 1.131549 -0.4981185 1.460177 1.1803 -0.0207396 0.7244666 1.25769 0.0752209 1.092382 1.096962 0.1717023 1.426916 1.102039  S_DodgingRight_SoClose
-0.45162 0.1874208 1.315328 -0.4484883 0.3050727 1.306224 -0.5384634 0.5033255 1.025267 -0.2803411 0.3346505 1.030675 -0.3570046 0.2291294 1.376939 -0.06995611 0.3250991 1.540387 0.1168742 0.5492356 1.440579 -0.3067268 0.3686324 1.326338 -0.201741 0.792196 1.240072 -0.3863318 1.14352 1.125736 -0.5033705 1.465376 1.183912 -0.02776836 0.7322693 1.265446 0.0740111 1.095889 1.098637 0.172945 1.429692 1.1046  S_DodgingRight_SoClose
-0.4645822 0.1984102 1.307218 -0.4588925 0.3161982 1.302152 -0.5459965 0.5276654 1.030085 -0.2954211 0.34789 1.029523 -0.3692417 0.2358941 1.370352 -0.08191173 0.3140053 1.542348 0.1166338 0.5373602 1.466213 -0.3157302 0.3757933 1.324373 -0.2054913 0.798877 1.245113 -0.3913974 1.146539 1.122049 -0.5062004 1.468324 1.184888 -0.03215061 0.737147 1.27049 0.07410212 1.097638 1.099725 0.1746507 1.43096 1.105534  S_DodgingRight_SoClose
-0.4773993 0.2097701 1.296715 -0.4693086 0.3275589 1.296614 -0.5544939 0.5583766 1.040244 -0.3126644 0.3680098 1.020585 -0.3813143 0.2425667 1.361194 -0.09572802 0.3013071 1.542711 0.1150857 0.5211253 1.494317 -0.3248382 0.3830514 1.320897 -0.2096602 0.805969 1.250949 -0.3961743 1.149886 1.118631 -0.5086026 1.471548 1.186214 -0.03694395 0.7423838 1.276 0.07413001 1.099427 1.101112 0.1760301 1.432343 1.106739  S_DodgingRight_SoClose
-0.4854729 0.2171441 1.28803 -0.4759757 0.3348233 1.29184 -0.5605853 0.5824448 1.051722 -0.3256057 0.3873701 1.00885 -0.3888675 0.2466015 1.353211 -0.1059012 0.291791 1.541571 0.1129666 0.5072895 1.513972 -0.3307163 0.3876172 1.3174 -0.2126143 0.8106644 1.255298 -0.3988492 1.152229 1.116643 -0.5097412 1.473764 1.187298 -0.04028968 0.7458441 1.279876 0.07417358 1.10046 1.102256 0.1767574 1.433168 1.107756  S_DodgingRight_SoClose
-0.4937269 0.2255875 1.275128 -0.4830069 0.3429683 1.284436 -0.5669373 0.6135921 1.071043 -0.3413515 0.4205976 0.9875458 -0.3967089 0.2509377 1.341184 -0.1192375 0.2795976 1.539142 0.1086438 0.4873717 1.537039 -0.3370326 0.3928003 1.311805 -0.2161265 0.8162948 1.261114 -0.4012619 1.155189 1.114654 -0.5099388 1.476766 1.188487 -0.04418759 0.7500661 1.284615 0.07399721 1.101691 1.103519 0.1767169 1.434358 1.108905  S_DodgingRight_SoClose
-0.4980421 0.2302965 1.265318 -0.4868427 0.3473486 1.278624 -0.5703415 0.6335142 1.087294 -0.3520785 0.4493772 0.9708375 -0.4008842 0.252977 1.331939 -0.1284184 0.2708169 1.536742 0.1047715 0.4721102 1.551164 -0.340549 0.395466 1.307323 -0.2183055 0.8193734 1.265166 -0.4022571 1.156676 1.113628 -0.5093006 1.47841 1.189144 -0.04655538 0.7523077 1.287652 0.0737377 1.102006 1.10423 0.1760727 1.434793 1.109559  S_DodgingRight_SoClose
-0.4973591 0.2325317 1.255792 -0.4867146 0.349243 1.272974 -0.5729892 0.647662 1.103844 -0.3597711 0.4840753 0.952566 -0.4001872 0.2534523 1.322717 -0.1317022 0.2626755 1.532494 0.1072961 0.4558502 1.558334 -0.3404395 0.3968846 1.302548 -0.2192513 0.8218358 1.268735 -0.4029878 1.157968 1.114364 -0.5087186 1.480026 1.190349 -0.04729108 0.7546975 1.289319 0.07323541 1.103135 1.103663 0.1743622 1.436286 1.109295  S_DodgingRight_SoClose
-0.4956219 0.2329879 1.24952 -0.4855703 0.3494173 1.269302 -0.5745775 0.6548384 1.11557 -0.3651372 0.5094708 0.9420465 -0.3984428 0.2529147 1.31656 -0.1320983 0.2564079 1.528842 0.1112154 0.443064 1.561433 -0.3393761 0.3970127 1.299347 -0.2195288 0.8227771 1.271249 -0.4035889 1.157563 1.114358 -0.5087622 1.480046 1.189307 -0.04732351 0.75583 1.290354 0.07290073 1.10354 1.103145 0.1729744 1.437004 1.109074  S_DodgingRight_SoClose
-0.4901575 0.2313784 1.244775 -0.4812565 0.347623 1.266461 -0.5756165 0.6567746 1.124264 -0.3675257 0.5315864 0.9341754 -0.3929695 0.2511979 1.311681 -0.1257633 0.2507713 1.523374 0.12285 0.4298732 1.55828 -0.335351 0.3961071 1.296488 -0.2186721 0.8231063 1.273038 -0.4041202 1.157032 1.115949 -0.5097077 1.479747 1.189299 -0.04593376 0.7570845 1.290478 0.07284822 1.104556 1.10191 0.1716018 1.438401 1.108457  S_DodgingRight_SoClose
-0.4793182 0.2269243 1.238104 -0.4724928 0.3428956 1.262365 -0.5757253 0.6559815 1.136581 -0.37143 0.5630564 0.9250726 -0.3821387 0.2470756 1.304695 -0.111638 0.2409266 1.513458 0.1454644 0.4073992 1.54937 -0.327196 0.3932775 1.292219 -0.2166487 0.8223328 1.275324 -0.4044701 1.155427 1.119293 -0.5112966 1.478382 1.189738 -0.04292146 0.7583188 1.290244 0.07299633 1.105616 1.099585 0.1693708 1.440131 1.107335  S_DodgingRight_SoClose
-0.4652716 0.2203012 1.232761 -0.4609002 0.336072 1.258924 -0.5735964 0.6506994 1.146399 -0.3746412 0.5885062 0.9191188 -0.3681591 0.2415338 1.29891 -0.09163223 0.2305808 1.501775 0.17396 0.3838664 1.534465 -0.3164584 0.3890667 1.288401 -0.2136757 0.8203442 1.276805 -0.4040641 1.153426 1.123888 -0.5129589 1.476417 1.190916 -0.0387675 0.7591094 1.289414 0.07353158 1.106508 1.096783 0.1671919 1.441753 1.106076  S_DodgingRight_SoClose
-0.4500183 0.2129885 1.229657 -0.4482539 0.3287101 1.256886 -0.5681822 0.6440638 1.155493 -0.3785266 0.6055902 0.9153718 -0.3531956 0.2358966 1.295445 -0.06910352 0.2201414 1.490777 0.2018068 0.366207 1.51019 -0.304878 0.3846509 1.286122 -0.2102637 0.8179642 1.277221 -0.402104 1.152016 1.128288 -0.5137371 1.474725 1.19209 -0.03421883 0.7598344 1.288651 0.07487448 1.10705 1.093861 0.1656394 1.443063 1.104119  S_DodgingRight_SoClose
-0.4319626 0.2039467 1.22621 -0.4332495 0.3195554 1.254577 -0.5610955 0.6351444 1.165931 -0.3845051 0.6235288 0.9133672 -0.3355665 0.2288753 1.291623 -0.04278491 0.2076942 1.477295 0.232575 0.3465427 1.478824 -0.2912215 0.3789371 1.283604 -0.2061787 0.8144 1.277528 -0.3995063 1.149746 1.133506 -0.5143745 1.472016 1.193682 -0.02889089 0.7599471 1.287798 0.07662465 1.106972 1.090711 0.1639817 1.443847 1.102218  S_DodgingRight_SoClose
-0.4082805 0.1923972 1.223984 -0.4136808 0.307919 1.253253 -0.5466464 0.6241989 1.179288 -0.3921994 0.6379929 0.9127105 -0.3128027 0.2203085 1.289104 -0.008859618 0.1954694 1.460586 0.2638251 0.336428 1.430954 -0.2736519 0.3718677 1.282291 -0.2005421 0.8096715 1.276795 -0.3933234 1.147895 1.1389 -0.5126503 1.469161 1.195672 -0.02189843 0.7598962 1.287303 0.07960345 1.10652 1.087421 0.1620715 1.444632 1.098707  S_DodgingRight_SoClose
-0.3795549 0.1786478 1.222036 -0.3900199 0.2938372 1.252472 -0.526944 0.6105639 1.195508 -0.4015547 0.6535375 0.9170507 -0.28537 0.2101514 1.286857 0.03085698 0.1776776 1.439699 0.2979404 0.3165714 1.372771 -0.2526628 0.3632927 1.281622 -0.1935516 0.803499 1.276445 -0.3848938 1.143738 1.141535 -0.5097773 1.464145 1.190701 -0.01354138 0.7591236 1.287788 0.08327116 1.105481 1.085136 0.1597622 1.445023 1.095521  S_DodgingRight_SoClose
-0.3561828 0.1674263 1.220768 -0.3708876 0.2821482 1.252216 -0.5088336 0.5991595 1.207664 -0.408336 0.6633292 0.9232525 -0.2632161 0.2018757 1.285389 0.06132092 0.1677665 1.422879 0.317504 0.3096297 1.326187 -0.2359448 0.3561184 1.281535 -0.187656 0.79798 1.276003 -0.3762881 1.140477 1.143005 -0.5052707 1.4601 1.186344 -0.006785674 0.7576563 1.288709 0.08631213 1.104089 1.084453 0.1578791 1.44475 1.093187  S_DodgingRight_SoClose
-0.3306821 0.154968 1.219293 -0.3501802 0.2688793 1.252051 -0.4885463 0.5857803 1.220125 -0.4136364 0.6719459 0.9336442 -0.2391566 0.1926576 1.283694 0.09287585 0.1611329 1.405101 0.3336179 0.3060136 1.27799 -0.218188 0.3479162 1.281581 -0.1810682 0.7914019 1.275956 -0.3656639 1.136346 1.143619 -0.4980836 1.455463 1.179713 0.0005125572 0.7549935 1.290253 0.08955307 1.102058 1.085262 0.1561423 1.443782 1.091459  S_DodgingRight_SoClose
-0.308875 0.1442519 1.218081 -0.3326159 0.2571894 1.252134 -0.4718982 0.5732118 1.229644 -0.417131 0.6765479 0.9442853 -0.2186743 0.1847589 1.282274 0.1186248 0.1596966 1.390963 0.3438923 0.3060033 1.239459 -0.2034474 0.3406991 1.281838 -0.1753406 0.7854722 1.276359 -0.3555295 1.132416 1.143181 -0.4899747 1.451405 1.172244 0.006679611 0.7519572 1.292073 0.09207685 1.100078 1.087323 0.1547094 1.44259 1.090606  S_DodgingRight_SoClose
-0.2684924 0.1239989 1.215872 -0.3003686 0.2344096 1.252535 -0.4454337 0.5461711 1.245981 -0.4227846 0.6776026 0.9679149 -0.1809105 0.1700377 1.279429 0.1633566 0.1681347 1.367753 0.3548504 0.314333 1.175242 -0.1772811 0.3266531 1.282222 -0.164867 0.7736658 1.278253 -0.335341 1.124568 1.142678 -0.4700259 1.444357 1.159079 0.01776143 0.7444709 1.295459 0.09642203 1.095856 1.093606 0.153339 1.439364 1.090383  S_DodgingRight_SoClose
-0.2422933 0.1117822 1.214342 -0.279482 0.2200675 1.252809 -0.4304717 0.5275285 1.255868 -0.4261202 0.6746929 0.9848861 -0.1565701 0.1615288 1.277368 0.1898984 0.1802019 1.354363 0.3579589 0.3228934 1.138727 -0.1608903 0.3180729 1.282335 -0.1582821 0.766375 1.280066 -0.3217939 1.119863 1.142645 -0.4547633 1.440671 1.151315 0.02467628 0.739523 1.297581 0.09887011 1.093648 1.098849 0.1527303 1.437575 1.09101  S_DodgingRight_SoClose
-0.2203203 0.101653 1.213424 -0.2620013 0.2077988 1.253435 -0.4235553 0.5087157 1.264702 -0.4312277 0.6678098 1.000623 -0.1361284 0.1548582 1.275583 0.2097532 0.1972245 1.345057 0.3583899 0.3378745 1.114343 -0.147684 0.3109739 1.282196 -0.1537114 0.7602998 1.282393 -0.311483 1.115685 1.143166 -0.4406674 1.438123 1.147523 0.02962776 0.7353259 1.29866 0.09978427 1.092517 1.103991 0.1516913 1.436642 1.092501  S_DodgingRight_SoClose
-0.198488 0.09260786 1.212213 -0.2444824 0.1964169 1.253804 -0.4160132 0.4903719 1.273229 -0.436006 0.66038 1.016704 -0.115985 0.1491483 1.273587 0.2274849 0.2148224 1.335997 0.3578491 0.351071 1.091976 -0.1346266 0.3044933 1.281945 -0.1492137 0.7546138 1.284721 -0.30134 1.11178 1.14378 -0.4267323 1.435741 1.143931 0.03447606 0.7315122 1.299752 0.1006059 1.091667 1.109177 0.1504266 1.435963 1.094134  S_DodgingRight_SoClose
-0.1703935 0.08150244 1.211007 -0.2215784 0.1820393 1.25457 -0.4098445 0.4641658 1.283835 -0.4432988 0.6472771 1.037951 -0.08995698 0.1426421 1.270723 0.2474259 0.2388119 1.325288 0.3584537 0.3741791 1.071412 -0.1179078 0.2964673 1.281016 -0.1452792 0.7471161 1.287952 -0.2907736 1.106346 1.145265 -0.408377 1.433215 1.145406 0.0389926 0.727312 1.300331 0.1007987 1.090954 1.114999 0.148773 1.435318 1.096036  S_DodgingRight_SoClose
-0.1480059 0.07364285 1.209883 -0.2030619 0.1713792 1.255062 -0.4040762 0.4432667 1.29208 -0.4487992 0.6356854 1.055263 -0.0693609 0.1383935 1.268224 0.2612977 0.2575256 1.317342 0.3594573 0.3925921 1.058062 -0.1045822 0.2906002 1.280139 -0.1424207 0.7412922 1.290505 -0.2825529 1.102068 1.146357 -0.3931178 1.431383 1.147094 0.04226162 0.7243196 1.300796 0.1006671 1.090564 1.119532 0.1471202 1.434958 1.097549  S_DodgingRight_SoClose
-0.1252959 0.06611836 1.20908 -0.1838764 0.1609339 1.255896 -0.3976687 0.42168 1.300266 -0.4541355 0.6221315 1.072805 -0.04841409 0.1346201 1.265633 0.2746071 0.2742265 1.310398 0.3645366 0.4136457 1.050438 -0.09087084 0.2848378 1.279103 -0.1402954 0.7350925 1.292894 -0.2745611 1.097427 1.147082 -0.3752989 1.429867 1.150135 0.04477425 0.7215746 1.301142 0.09977938 1.090115 1.123502 0.1448099 1.434497 1.098588  S_DodgingRight_SoClose
-0.1073981 0.06049001 1.208624 -0.1685598 0.152953 1.256697 -0.3919175 0.4043741 1.306972 -0.4587653 0.6104587 1.087499 -0.03199856 0.1319729 1.263633 0.2841555 0.2869521 1.305771 0.3698684 0.4316556 1.047278 -0.08004092 0.2803878 1.278273 -0.1385609 0.730064 1.294594 -0.2673053 1.094026 1.14786 -0.3588243 1.429098 1.152854 0.04675378 0.7192877 1.301217 0.09897859 1.089733 1.126728 0.1428855 1.434079 1.09941  S_DodgingRight_SoClose
-0.08824424 0.05431044 1.208663 -0.151901 0.1442938 1.257978 -0.3850349 0.3851447 1.314705 -0.4648074 0.5963196 1.104589 -0.01444988 0.1291019 1.261672 0.2937524 0.2994219 1.302256 0.3790816 0.4539002 1.049353 -0.06834911 0.2753847 1.277343 -0.1366035 0.7242295 1.295881 -0.2575873 1.090767 1.148952 -0.336407 1.429007 1.156341 0.0489154 0.7164251 1.300713 0.09794809 1.089414 1.130777 0.1406772 1.433723 1.10122  S_DodgingRight_SoClose
-0.07648401 0.05008483 1.209325 -0.1415821 0.1386292 1.25922 -0.3804566 0.3724496 1.32026 -0.4695868 0.5861425 1.116548 -0.00374083 0.1270353 1.260845 0.2987202 0.3071054 1.301422 0.3859696 0.4694805 1.054185 -0.06119112 0.2719274 1.276818 -0.1350846 0.7202661 1.296066 -0.2495824 1.089498 1.150695 -0.3193153 1.429698 1.159361 0.05052783 0.7141104 1.299488 0.09772123 1.089236 1.133785 0.1398217 1.433525 1.103127  S_DodgingRight_SoClose
-0.06740253 0.04639947 1.210416 -0.1335596 0.1339213 1.260605 -0.3766975 0.3619342 1.325282 -0.4741766 0.5771247 1.127044 0.0044982 0.1251296 1.260551 0.3018789 0.3130569 1.301874 0.392325 0.4831697 1.061072 -0.05567906 0.2689172 1.276464 -0.1336511 0.7169172 1.295676 -0.2416259 1.089126 1.152929 -0.3033467 1.430848 1.162453 0.05201508 0.7118807 1.297739 0.09791799 1.089122 1.136539 0.1396291 1.433402 1.105252  S_DodgingRight_SoClose
-0.05873112 0.04270744 1.211803 -0.1258931 0.1293097 1.262152 -0.3730113 0.3514032 1.330571 -0.4790864 0.567552 1.137866 0.01229938 0.1232045 1.26047 0.3042429 0.3188756 1.303104 0.3983181 0.4971666 1.069723 -0.0504785 0.2659068 1.276101 -0.1321371 0.7136202 1.294885 -0.2328274 1.089327 1.156031 -0.286767 1.432355 1.165831 0.05356284 0.7095334 1.295495 0.09836437 1.08901 1.139311 0.1397111 1.433296 1.107596  S_DodgingRight_SoClose
-0.05111079 0.03822672 1.214395 -0.119201 0.1242529 1.264428 -0.3699884 0.3400187 1.336917 -0.4858477 0.5559909 1.149726 0.01905067 0.1205693 1.261242 0.3045788 0.3242975 1.306961 0.4046973 0.5122266 1.083884 -0.04608045 0.2623316 1.275759 -0.130321 0.7100227 1.2927 -0.2209861 1.091194 1.162074 -0.2675767 1.435338 1.170326 0.05538519 0.7063738 1.291493 0.09960516 1.08867 1.142169 0.1407883 1.432996 1.11068  S_DodgingRight_SoClose
-0.04602144 0.03502834 1.216646 -0.1147681 0.1207472 1.266272 -0.367923 0.331887 1.341907 -0.4909165 0.5471131 1.158447 0.02349128 0.1186978 1.262099 0.304061 0.3280888 1.310608 0.4085922 0.5230548 1.095746 -0.04325048 0.2598168 1.275529 -0.1290474 0.7075493 1.29067 -0.2122762 1.092825 1.167339 -0.2544823 1.437574 1.173716 0.05665048 0.7040719 1.288276 0.100618 1.088291 1.143894 0.1416266 1.432647 1.112504  S_DodgingRight_SoClose
-0.04248415 0.03216696 1.219209 -0.111761 0.1178248 1.268183 -0.3665918 0.3250602 1.346679 -0.4957106 0.5388136 1.165722 0.02649005 0.1169541 1.263369 0.3025451 0.3309329 1.315129 0.4113792 0.5317733 1.107951 -0.04144893 0.2576286 1.275385 -0.1280336 0.7055066 1.288221 -0.2049087 1.094662 1.17323 -0.2448928 1.439717 1.176783 0.05765106 0.7019444 1.285052 0.1015837 1.08767 1.144735 0.1423534 1.432053 1.113326  S_DodgingRight_SoClose
-0.03920166 0.02961767 1.221829 -0.1089748 0.11525 1.270113 -0.3651201 0.3189373 1.351415 -0.5000427 0.5310998 1.172836 0.02925904 0.1154352 1.264763 0.3009161 0.333562 1.319756 0.4136473 0.5400088 1.120318 -0.0397713 0.2556933 1.27534 -0.1270833 0.7036907 1.285777 -0.1983058 1.096197 1.178814 -0.2364458 1.441478 1.179291 0.05859001 0.7000494 1.282073 0.1023513 1.087147 1.14553 0.1427683 1.43155 1.113898  S_DodgingRight_SoClose
-0.03672693 0.02753961 1.224494 -0.1068781 0.1132652 1.272015 -0.3636274 0.3144897 1.355692 -0.50332 0.5250059 1.178841 0.03134473 0.1141437 1.266455 0.2994233 0.3351983 1.324601 0.4157877 0.5460969 1.132025 -0.0384355 0.2541327 1.275575 -0.1262815 0.7022036 1.283496 -0.1942785 1.097043 1.183231 -0.232317 1.442323 1.180323 0.05939325 0.6985251 1.279906 0.1025056 1.086665 1.146143 0.142223 1.43108 1.113767  S_DodgingRight_SoClose
-0.03424064 0.02565694 1.227174 -0.1047527 0.1114777 1.273934 -0.3619385 0.3104329 1.359929 -0.5062912 0.5193416 1.184924 0.03345646 0.11301 1.268178 0.2979933 0.3367904 1.329405 0.4176439 0.5521483 1.143908 -0.0370367 0.2527279 1.27586 -0.1255021 0.7008235 1.281242 -0.1905259 1.097753 1.187469 -0.228301 1.443018 1.181211 0.06017645 0.697174 1.277821 0.1025644 1.086358 1.146891 0.1415425 1.430783 1.113726  S_DodgingRight_SoClose
-0.03108708 0.02343941 1.230564 -0.1018907 0.1094559 1.276437 -0.3589415 0.3070354 1.36457 -0.508326 0.5146794 1.192303 0.0363101 0.1114737 1.27063 0.2976473 0.3371661 1.335472 0.4211336 0.557738 1.158827 -0.03473959 0.2509884 1.276713 -0.1246991 0.6988151 1.278827 -0.188384 1.097263 1.190745 -0.226721 1.442389 1.181163 0.06100114 0.6957706 1.276054 0.1018536 1.086367 1.148897 0.1397271 1.430781 1.114366  S_DodgingRight_SoClose
-0.02894239 0.02178478 1.233055 -0.09990291 0.1079659 1.278313 -0.3567375 0.3048371 1.367753 -0.5094755 0.5116953 1.197494 0.03829112 0.1102617 1.272447 0.2975767 0.3369924 1.339802 0.4232584 0.5610888 1.169246 -0.03308473 0.2496533 1.277428 -0.1242602 0.6972133 1.277256 -0.1869712 1.096651 1.193046 -0.2255125 1.441684 1.181168 0.06145396 0.6947224 1.274894 0.101395 1.086317 1.150547 0.1386243 1.43067 1.114733  S_DodgingRight_SoClose
-0.02729325 0.0201962 1.235465 -0.09827404 0.1065948 1.280217 -0.3546433 0.3035254 1.370311 -0.5098489 0.5100435 1.20188 0.03991439 0.108979 1.274254 0.2980238 0.3359036 1.343778 0.4249224 0.5627823 1.177864 -0.03158848 0.2483349 1.278334 -0.1242122 0.6955056 1.276217 -0.1859359 1.095714 1.194987 -0.224357 1.44069 1.181245 0.0615138 0.6937923 1.274103 0.1011381 1.086298 1.152562 0.1382503 1.430464 1.114866  S_DodgingRight_SoClose
-0.02569686 0.01862466 1.237821 -0.0966963 0.1052338 1.282076 -0.3526151 0.3022205 1.37279 -0.5101908 0.5084118 1.206169 0.04148646 0.1077012 1.276019 0.2984262 0.3348042 1.347643 0.4264043 0.5643414 1.186278 -0.0301383 0.2470175 1.279218 -0.1241664 0.693797 1.27521 -0.18493 1.094736 1.196911 -0.2231886 1.439653 1.181354 0.06156756 0.6928409 1.273327 0.1008682 1.086221 1.154537 0.1377372 1.430204 1.114987  S_DodgingRight_SoClose
-0.02522223 0.0159452 1.241829 -0.09613882 0.1029738 1.285298 -0.3511779 0.3006699 1.376069 -0.5112288 0.5070466 1.212057 0.0420359 0.1054125 1.279049 0.2980008 0.3320791 1.35343 0.4266039 0.5648078 1.197215 -0.02962147 0.2447367 1.28088 -0.1251082 0.6910638 1.274268 -0.1830906 1.093347 1.200912 -0.2200558 1.438267 1.182537 0.06062742 0.6909379 1.272312 0.1003013 1.085659 1.158186 0.1367077 1.429112 1.113887  S_DodgingRight_SoClose
-0.02538095 0.01430523 1.244255 -0.09626488 0.1015877 1.287217 -0.3507913 0.2997481 1.377823 -0.5119441 0.5063442 1.215172 0.04190763 0.1040012 1.280909 0.297384 0.3303443 1.356841 0.4262997 0.564721 1.203372 -0.02976368 0.2433268 1.281889 -0.125723 0.6894892 1.273722 -0.1821909 1.092515 1.203323 -0.2184092 1.437413 1.183129 0.06001188 0.6896319 1.271701 0.1000856 1.085217 1.160752 0.1361724 1.428346 1.11376  S_DodgingRight_SoClose
-0.02650194 0.01183999 1.247893 -0.09736989 0.09950316 1.290038 -0.3511721 0.2984174 1.380012 -0.5132443 0.5055374 1.218949 0.0408044 0.1018661 1.283751 0.2957695 0.3276106 1.361783 0.4250787 0.563944 1.211683 -0.03087543 0.2411903 1.283407 -0.1267393 0.6873285 1.272949 -0.1812494 1.091359 1.206896 -0.2164686 1.436174 1.183755 0.05899413 0.6874149 1.270798 0.1000287 1.084392 1.165304 0.1356474 1.427044 1.114622  S_DodgingRight_SoClose
-0.0271471 0.0102731 1.250326 -0.09804557 0.09818661 1.291873 -0.3514935 0.2975508 1.381261 -0.5137548 0.505006 1.22082 0.04013618 0.1005008 1.285733 0.2948579 0.3258125 1.365007 0.4244176 0.5631561 1.216728 -0.03153155 0.239826 1.284462 -0.1271694 0.6859822 1.272424 -0.1810729 1.090506 1.208946 -0.2160561 1.435233 1.184175 0.0585642 0.6859494 1.270285 0.1000967 1.08375 1.168142 0.1352523 1.426104 1.115172  S_DodgingRight_SoClose
-0.02778606 0.008701324 1.252872 -0.09872799 0.09687257 1.293778 -0.351866 0.2966596 1.382502 -0.5142229 0.504443 1.222584 0.03946306 0.09913325 1.287829 0.2939444 0.3239902 1.368356 0.423746 0.5623065 1.221859 -0.03218643 0.2384554 1.285576 -0.1275411 0.6846359 1.271871 -0.1810155 1.089616 1.210993 -0.2158772 1.434236 1.184616 0.05819287 0.6844551 1.269773 0.1001998 1.08307 1.171057 0.1347386 1.425119 1.115763  S_DodgingRight_SoClose
-0.02813427 0.006575346 1.256723 -0.099115 0.09514642 1.296675 -0.3520031 0.2955835 1.384189 -0.5141345 0.5036701 1.224436 0.03909226 0.09725738 1.291058 0.2933187 0.3214253 1.373124 0.4232614 0.5607907 1.228474 -0.03245185 0.2366025 1.28735 -0.1278601 0.6826514 1.271155 -0.1811497 1.088124 1.213473 -0.2161083 1.432585 1.185231 0.05787541 0.6825604 1.269187 0.09990431 1.082002 1.173881 0.1331151 1.423628 1.115254  S_DodgingRight_SoClose
-0.02828203 0.005329728 1.259209 -0.09927432 0.09415936 1.298555 -0.3520528 0.2950257 1.385222 -0.5139571 0.5032382 1.225403 0.03894319 0.09615588 1.293153 0.293036 0.3198638 1.376136 0.4230293 0.559804 1.232488 -0.03251104 0.2355196 1.288522 -0.1280395 0.6814469 1.270734 -0.1812288 1.087191 1.2149 -0.2162455 1.431556 1.18557 0.05769684 0.6814731 1.268845 0.09962429 1.081347 1.175323 0.131906 1.422715 1.114712  S_DodgingRight_SoClose
-0.02851717 0.004351854 1.261357 -0.09947149 0.09341514 1.300229 -0.3522638 0.2947099 1.385989 -0.5138404 0.502805 1.225686 0.03875365 0.09526634 1.294972 0.2928832 0.3184571 1.378618 0.4229554 0.5586666 1.235492 -0.03257338 0.234669 1.289611 -0.1282797 0.6804562 1.270491 -0.181086 1.086389 1.215678 -0.2158888 1.43071 1.185579 0.05745645 0.6806446 1.2686 0.09927006 1.080698 1.175797 0.1310631 1.421927 1.114154  S_DodgingRight_SoClose
-0.02919964 0.002810717 1.265264 -0.1000491 0.09229898 1.303309 -0.3528731 0.2943926 1.387381 -0.5138409 0.5021621 1.226047 0.03818883 0.09385777 1.298298 0.2924002 0.3160803 1.383152 0.4225992 0.5567162 1.24086 -0.03287379 0.2333412 1.291676 -0.1287366 0.6789057 1.270145 -0.1807596 1.085127 1.216736 -0.2150651 1.429382 1.185345 0.05699863 0.6793045 1.268198 0.09872217 1.07956 1.176229 0.1299289 1.420595 1.11323  S_DodgingRight_SoClose
-0.02985732 0.002135396 1.267381 -0.1006108 0.09185779 1.305019 -0.3534488 0.2944251 1.388138 -0.5140604 0.5019051 1.226078 0.03763314 0.09322524 1.30012 0.2920211 0.3148072 1.385608 0.4224294 0.5555031 1.24361 -0.03325037 0.2327696 1.292887 -0.129015 0.6782547 1.270064 -0.1805163 1.084577 1.216918 -0.2144437 1.428816 1.184942 0.05671938 0.6786744 1.268032 0.09852608 1.078906 1.175996 0.1297993 1.419902 1.112819  S_DodgingRight_SoClose
-0.0305718 0.001593471 1.269441 -0.1012186 0.09154952 1.306686 -0.354041 0.2946119 1.388866 -0.5143031 0.5017762 1.226058 0.03703137 0.09271097 1.301906 0.2916041 0.3136528 1.388032 0.4222654 0.554359 1.246283 -0.03365557 0.2323235 1.29409 -0.1292244 0.6777511 1.26999 -0.1803816 1.084133 1.216965 -0.2140593 1.428356 1.184561 0.05650922 0.6781439 1.26789 0.09841211 1.078318 1.17565 0.1298239 1.41929 1.112411  S_DodgingRight_SoClose
-0.03158049 0.001141787 1.271788 -0.1020704 0.09138322 1.308591 -0.3547976 0.2951053 1.389676 -0.5146538 0.5018246 1.225906 0.03618725 0.09225559 1.303975 0.2909352 0.3124835 1.390897 0.421898 0.5531517 1.249362 -0.03421633 0.2319741 1.295522 -0.1292941 0.6773935 1.269914 -0.1805002 1.08374 1.216665 -0.21422 1.427949 1.18416 0.05643942 0.6776307 1.267781 0.09849103 1.077651 1.17494 0.1302574 1.418632 1.11193  S_DodgingRight_SoClose
-0.03265075 0.0009001493 1.274136 -0.1029703 0.09144747 1.310469 -0.3555083 0.2959081 1.39046 -0.5149308 0.5021846 1.225712 0.03529568 0.09199178 1.306056 0.2901752 0.3115318 1.393822 0.4214811 0.5521284 1.252484 -0.0347815 0.2318327 1.296941 -0.1292283 0.6772654 1.269768 -0.1806807 1.083539 1.216206 -0.2145912 1.427738 1.183781 0.05650594 0.677291 1.267683 0.09861346 1.077155 1.174197 0.1307083 1.418176 1.111571  S_DodgingRight_SoClose
-0.03354953 0.0008872747 1.275936 -0.1037218 0.09169614 1.311876 -0.3559945 0.2968272 1.39103 -0.5150492 0.5027709 1.225511 0.03455146 0.09193909 1.30767 0.2894829 0.3109826 1.396141 0.4211079 0.5514792 1.25493 -0.03522019 0.2318964 1.298013 -0.1290043 0.6773694 1.269566 -0.1809001 1.08354 1.215651 -0.2151472 1.427733 1.183517 0.0567313 0.6771623 1.267623 0.09876169 1.076904 1.173582 0.1310724 1.417996 1.111453  S_DodgingRight_SoClose
-0.03578125 0.001283169 1.279785 -0.1056371 0.09271073 1.314755 -0.3570768 0.299408 1.392193 -0.515187 0.5048472 1.22515 0.03265234 0.09222031 1.311141 0.2874165 0.3104197 1.401299 0.4197781 0.5507195 1.260441 -0.03636108 0.2324562 1.300166 -0.1282994 0.678086 1.268836 -0.1812324 1.084042 1.214318 -0.2162872 1.428235 1.183068 0.05743899 0.6772018 1.267421 0.09919788 1.076742 1.172408 0.1319173 1.418035 1.111609  S_DodgingRight_SoClose
