-0.01840411 0.004479289 0.4993156 -0.08281963 0.1032788 0.5210055 -0.2792461 0.3683956 0.5471987 -0.3174033 0.6661623 0.4765838 0.0551339 0.09507763 0.5272363 0.2778409 0.3380001 0.5636958 0.3423124 0.6348196 0.5103487 -0.005058212 0.2390362 0.5130156 -0.09436099 0.6828774 0.4761027 -0.07908402 1.095377 0.4897174 -0.05642561 1.441864 0.5000509 0.09134163 0.6848772 0.4795793 0.1305128 1.087135 0.3955678 0.1619563 1.433882 0.3905238  O_Jump_SoClose
-0.01766465 0.01460314 0.4961365 -0.08205949 0.1131777 0.518886 -0.2778453 0.3787023 0.5455397 -0.3168972 0.6758798 0.4729594 0.05588957 0.1048688 0.5250739 0.2816903 0.3463699 0.5614794 0.3428526 0.6419947 0.4984754 -0.004256589 0.248992 0.512411 -0.09312539 0.6933627 0.4815058 -0.07987998 1.104744 0.4473842 -0.06502156 1.448969 0.4916848 0.09257998 0.6950938 0.4849771 0.1342942 1.086031 0.3591536 0.1608893 1.43258 0.3802336  O_Jump_SoClose
-0.01766293 0.03294969 0.4860777 -0.08193915 0.1310625 0.5110496 -0.27809 0.3967475 0.5394534 -0.3216998 0.6928347 0.4650353 0.0559956 0.1224304 0.5171117 0.2859653 0.3618659 0.553336 0.344985 0.6549571 0.4777144 -0.003953679 0.2668859 0.507727 -0.09176598 0.7120342 0.4885095 -0.08336906 1.115486 0.4005822 -0.04465048 1.450179 0.4851707 0.09394421 0.7131712 0.4919723 0.1386025 1.088502 0.3260325 0.1493948 1.431575 0.384621  O_Jump_SoClose
-0.017619 0.05981767 0.4702071 -0.08160441 0.1571555 0.4987091 -0.2796591 0.4225277 0.5305418 -0.3325018 0.7168334 0.4550475 0.05629976 0.147879 0.5045103 0.2907101 0.3848997 0.539903 0.3505555 0.6741871 0.4513835 -0.003197117 0.2927663 0.5003675 -0.08905725 0.7384387 0.4991277 -0.08928107 1.130064 0.3679641 -0.04162506 1.452458 0.4882358 0.09665699 0.7385408 0.5025562 0.1439667 1.092554 0.2955774 0.1464514 1.430058 0.3812102  O_Jump_SoClose
-0.01629506 0.09277558 0.4505314 -0.08015613 0.1885842 0.4840516 -0.2846211 0.4514624 0.5213259 -0.356627 0.7425625 0.4493297 0.05772116 0.1787559 0.4895757 0.2961664 0.4130305 0.5271634 0.3672545 0.6926495 0.4182409 -0.001510901 0.3237697 0.4930261 -0.08572291 0.7686681 0.5156764 -0.09471236 1.137319 0.3296913 -0.04110847 1.452245 0.4661535 0.09999157 0.767833 0.5189899 0.1489893 1.093121 0.2696103 0.1444209 1.425694 0.3726729  O_Jump_SoClose
-0.01415317 0.1201973 0.4256057 -0.07812284 0.213946 0.4643382 -0.2920932 0.4722204 0.5073231 -0.3875356 0.758194 0.4423817 0.0597411 0.2038265 0.4696654 0.3009538 0.4355283 0.5125469 0.3949516 0.6992608 0.3832644 0.0004711915 0.348408 0.481182 -0.08297591 0.791108 0.5269054 -0.09792165 1.148065 0.3197025 -0.04031483 1.453338 0.475149 0.1027379 0.7897622 0.5300878 0.1525039 1.096686 0.2585653 0.1433751 1.424302 0.3761781  O_Jump_SoClose
-0.01244806 0.1403846 0.4071745 -0.07656597 0.2322854 0.4498862 -0.2983007 0.4861853 0.4965757 -0.4098302 0.7671705 0.4356164 0.06129124 0.2220088 0.4550856 0.3051693 0.4507811 0.5037864 0.4184626 0.7006899 0.3630217 0.001905756 0.3659049 0.4728802 -0.08130996 0.8067887 0.5328163 -0.1000413 1.154168 0.3102149 -0.03984771 1.453392 0.4760927 0.1044016 0.8052869 0.5360559 0.1545878 1.09937 0.2507485 0.1423976 1.423419 0.3775996  O_Jump_SoClose
-0.01078032 0.1582295 0.3892835 -0.07508372 0.2481076 0.4358467 -0.304708 0.4971145 0.4855756 -0.430741 0.7724718 0.4272527 0.06276865 0.2377133 0.4409393 0.309568 0.4629335 0.4963897 0.4430664 0.6979156 0.3478435 0.003216283 0.3806398 0.4649175 -0.08001916 0.8198207 0.5365785 -0.1017086 1.159444 0.3025688 -0.03976027 1.453735 0.4764332 0.1056897 0.8183175 0.5399712 0.1563274 1.102187 0.2445782 0.1418818 1.423183 0.3787469  O_Jump_SoClose
-0.009674056 0.1597553 0.3681644 -0.07399701 0.2471617 0.4191922 -0.311953 0.4915875 0.471815 -0.4505534 0.7602233 0.4107231 0.0638255 0.2363089 0.424136 0.3151289 0.4572879 0.4863909 0.4630795 0.6836703 0.3381819 0.004392223 0.3778685 0.4554085 -0.07857136 0.8148555 0.5401906 -0.1008751 1.155571 0.3078331 -0.0399525 1.451742 0.478845 0.107137 0.8132949 0.5435847 0.1569315 1.096338 0.2472557 0.1425941 1.418206 0.3793286  O_Jump_SoClose
-0.009962423 0.1101099 0.328421 -0.07371561 0.1926016 0.3876814 -0.3244928 0.4312392 0.4449939 -0.4736751 0.6875 0.3602442 0.06396623 0.1799055 0.3921283 0.3255301 0.3933131 0.4639281 0.4751738 0.6314682 0.3374637 0.005734639 0.3182076 0.4371942 -0.07587568 0.7509516 0.5437239 -0.09134792 1.120311 0.3595809 -0.04290758 1.439092 0.4888338 0.1098369 0.7491896 0.5467681 0.1546483 1.061047 0.2800468 0.1480115 1.395194 0.3777689  O_Jump_SoClose
-0.011497 0.06483018 0.3039454 -0.07441173 0.1439805 0.3684286 -0.3301126 0.3803416 0.4314908 -0.4765413 0.6260753 0.3162469 0.06310715 0.1294305 0.3721842 0.3310225 0.3396698 0.4463481 0.4827977 0.5847116 0.3366975 0.006379085 0.2651359 0.4261783 -0.07404803 0.6963319 0.5406846 -0.08094095 1.089635 0.4148272 -0.0480663 1.425793 0.4960083 0.1116619 0.6945266 0.5438656 0.1524646 1.033428 0.311735 0.1543031 1.375981 0.3742012  O_Jump_SoClose
-0.0122882 0.03124213 0.2913307 -0.07464866 0.1083232 0.3587903 -0.3327711 0.3420038 0.4251717 -0.4746307 0.5784906 0.2871236 0.06277139 0.09272599 0.3619088 0.3367493 0.2982197 0.4352077 0.495133 0.5428172 0.334257 0.006971495 0.2266747 0.4210147 -0.07293139 0.6574764 0.5376991 -0.07609843 1.058501 0.438989 -0.05335752 1.401296 0.490456 0.1127773 0.655713 0.5409726 0.1518033 1.003707 0.3223852 0.1577119 1.348754 0.3688172  O_Jump_SoClose
-0.01273231 -0.01348627 0.2797817 -0.07446168 0.06132507 0.3503078 -0.3350613 0.2902575 0.4201549 -0.4688469 0.5121387 0.2528895 0.06285496 0.0447017 0.3525571 0.3404172 0.2463456 0.4260691 0.5053011 0.4910413 0.3363932 0.008055704 0.1766177 0.4169353 -0.07145618 0.6077543 0.532564 -0.072331 1.013479 0.4553546 -0.05861388 1.359943 0.47653 0.1142518 0.6060767 0.5359229 0.1521982 0.9574494 0.3226136 0.1615266 1.303646 0.3587888  O_Jump_SoClose
-0.01214449 -0.04668462 0.2742385 -0.07362024 0.02660096 0.3465647 -0.3374451 0.2497919 0.4184693 -0.4652173 0.4579445 0.2301763 0.06364371 0.009495497 0.3483695 0.345255 0.2057253 0.4213651 0.5199309 0.4434571 0.3314971 0.009276943 0.1399951 0.415923 -0.07036225 0.5721461 0.5267318 -0.07022201 0.9794731 0.4584721 -0.05954425 1.326648 0.4639028 0.1153469 0.5707404 0.5301503 0.1522781 0.9205251 0.3140706 0.1618322 1.266525 0.352024  O_Jump_SoClose
-0.01102321 -0.08491623 0.2719787 -0.07232313 -0.01291609 0.3457311 -0.3411756 0.2028292 0.4187793 -0.4623907 0.3912836 0.2068843 0.06491084 -0.03029883 0.3471211 0.3521369 0.1581835 0.4183129 0.5381513 0.3847879 0.3226393 0.01082017 0.09898341 0.4171904 -0.06792085 0.533542 0.5181178 -0.06931238 0.9405433 0.4479555 -0.06053565 1.287812 0.4492024 0.1177861 0.531255 0.5211567 0.1550681 0.8732817 0.293053 0.1606528 1.217585 0.3447412  O_Jump_SoClose
-0.01057981 -0.115329 0.2721189 -0.07166503 -0.04398465 0.3466824 -0.345239 0.1660206 0.4198855 -0.4628148 0.3347679 0.1900862 0.06555839 -0.06148136 0.3476099 0.3580457 0.1199211 0.4160613 0.5513692 0.3382255 0.3156942 0.01171805 0.06717193 0.4190167 -0.06410222 0.5045996 0.5098504 -0.06974916 0.9097857 0.4300579 -0.06004618 1.256744 0.4441928 0.1215611 0.4994631 0.5119222 0.1608434 0.8309355 0.269051 0.1567301 1.172082 0.3386925  O_Jump_SoClose
-0.01020925 -0.1535507 0.2756499 -0.07098667 -0.0823034 0.3505567 -0.3510173 0.1206824 0.4225997 -0.4622713 0.2619156 0.1720337 0.06622525 -0.09990871 0.3509878 0.3655911 0.07233381 0.4146141 0.5671862 0.2797849 0.3077129 0.01272692 0.02864802 0.4228243 -0.05807535 0.4699386 0.4979037 -0.07144861 0.8722231 0.4053668 -0.05833135 1.217592 0.4403323 0.127384 0.45968 0.4989704 0.1726754 0.7728676 0.2338938 0.1521005 1.106728 0.3306516  O_Jump_SoClose
-0.0100982 -0.1857926 0.282101 -0.07054977 -0.1138023 0.3565601 -0.3563553 0.0832845 0.4264115 -0.4592739 0.1998361 0.1600827 0.06664504 -0.1315455 0.3566879 0.3719474 0.03265011 0.4151281 0.5802559 0.2302569 0.302596 0.0135199 -0.002284169 0.4275302 -0.05179302 0.4422809 0.4861611 -0.0732802 0.8424484 0.3862666 -0.05786417 1.185568 0.4382752 0.1332614 0.4262878 0.4869574 0.1876509 0.7188849 0.2008942 0.149643 1.042696 0.3231624  O_Jump_SoClose
-0.00885324 -0.2165111 0.2919291 -0.06933431 -0.1432486 0.3651122 -0.360791 0.04785538 0.4316458 -0.4551401 0.144478 0.1543916 0.06789441 -0.1607263 0.3653682 0.3781286 -0.003410459 0.418764 0.5917516 0.1856734 0.3016452 0.01462449 -0.03025663 0.4338473 -0.04599897 0.4166676 0.4759349 -0.08099608 0.807937 0.3484277 -0.05867688 1.144103 0.433091 0.1385399 0.3955581 0.4770993 0.2037124 0.6612457 0.1679615 0.1487793 0.9713462 0.3165139  O_Jump_SoClose
-0.007053358 -0.2381076 0.3015755 -0.06783794 -0.1635153 0.3731464 -0.3634772 0.02294278 0.4363669 -0.4514665 0.1096026 0.1537799 0.06945421 -0.1804761 0.3738302 0.3827256 -0.02745163 0.4237307 0.5993269 0.1565211 0.3039712 0.01567193 -0.04876482 0.439473 -0.04219834 0.3994725 0.4695815 -0.09185325 0.7761946 0.3077496 -0.05942605 1.100828 0.427061 0.1419444 0.3751878 0.4713839 0.2161219 0.6157085 0.1441973 0.1501523 0.9130221 0.3130182  O_Jump_SoClose
-0.004789336 -0.2638322 0.3134683 -0.06589924 -0.187312 0.3826879 -0.3668084 -0.007375956 0.4412082 -0.4496125 0.07335198 0.1553167 0.07146837 -0.203622 0.3838595 0.3883323 -0.05590165 0.4292134 0.6075804 0.1228876 0.3064569 0.01710095 -0.07016516 0.4453644 -0.03989617 0.3788128 0.4653424 -0.103291 0.7382911 0.2721299 -0.06011794 1.049196 0.4209522 0.1440537 0.3531519 0.4676889 0.2259171 0.5639713 0.1223525 0.1506191 0.8475341 0.3098897  O_Jump_SoClose
-0.002525134 -0.2869216 0.3248333 -0.06396101 -0.2084049 0.3914808 -0.3698294 -0.03520763 0.4451321 -0.4498459 0.04507446 0.1583227 0.07347955 -0.2240449 0.3931364 0.3934728 -0.08122337 0.4343213 0.6144513 0.09357047 0.3089417 0.01852556 -0.08885181 0.4501647 -0.03957699 0.360429 0.4640006 -0.1125938 0.7049243 0.2482084 -0.06228791 1.0043 0.4170793 0.1444502 0.3353524 0.466585 0.231378 0.5193458 0.1074284 0.1512903 0.7920451 0.308597  O_Jump_SoClose
0.0004613568 -0.3121212 0.3409213 -0.06141583 -0.2308104 0.4036978 -0.373405 -0.06667733 0.4504317 -0.4505439 0.01450551 0.1630882 0.07612099 -0.2454964 0.4059767 0.399814 -0.1088237 0.4418796 0.6228797 0.05947864 0.3114175 0.02036406 -0.1080105 0.4563574 -0.04029153 0.3414432 0.4627584 -0.1228039 0.6703156 0.2269424 -0.06429951 0.9559415 0.4158047 0.1439802 0.3182354 0.4653825 0.2354688 0.4675546 0.09156835 0.152953 0.7284 0.3069719  O_Jump_SoClose
0.003164427 -0.3291503 0.3556846 -0.0591046 -0.2455209 0.4149288 -0.3760486 -0.0894953 0.4554766 -0.4511256 -0.006571174 0.168084 0.07851125 -0.2593557 0.4177092 0.405095 -0.1279448 0.4493588 0.6299313 0.03361464 0.3135222 0.02204956 -0.1201111 0.4621209 -0.04223589 0.3290458 0.4633912 -0.13135 0.6430961 0.2103976 -0.06733392 0.9216988 0.407771 0.1423958 0.3088843 0.4658784 0.2362563 0.4323605 0.08332479 0.1549897 0.6860977 0.3075145  O_Jump_SoClose
0.006724792 -0.3457482 0.3737587 -0.05604867 -0.2594672 0.4284967 -0.3792049 -0.114841 0.4606422 -0.4505417 -0.03008044 0.1728328 0.08165832 -0.2722261 0.4318527 0.4119641 -0.1485496 0.4581655 0.6397561 0.001046538 0.3138179 0.02431055 -0.1311705 0.4687842 -0.04745786 0.3164331 0.4654044 -0.1433219 0.613526 0.1949962 -0.07188414 0.883229 0.4019526 0.1377944 0.3030865 0.4676441 0.2331966 0.400643 0.07804859 0.1580362 0.649755 0.30944  O_Jump_SoClose
0.008921461 -0.3525531 0.3842767 -0.05415336 -0.2648457 0.4363359 -0.3807236 -0.1271919 0.4634751 -0.4497513 -0.04130352 0.1754369 0.08360572 -0.2769481 0.4399694 0.4154728 -0.1566836 0.4635867 0.644389 -0.0136677 0.3144287 0.0257249 -0.135031 0.4725069 -0.05083863 0.3113042 0.4669102 -0.1510585 0.597122 0.1861275 -0.07505552 0.8611636 0.398682 0.1346808 0.3023809 0.4690236 0.231127 0.403255 0.08053195 0.1593087 0.6544371 0.3107437  O_Jump_SoClose
0.01128216 -0.3572651 0.3958935 -0.0521224 -0.2680641 0.4449261 -0.3822034 -0.1381905 0.4662884 -0.4484307 -0.05109882 0.1779541 0.08568652 -0.2794775 0.4488891 0.4197612 -0.1646106 0.4691695 0.6501587 -0.03011692 0.3144673 0.02724649 -0.1367542 0.4765333 -0.05463384 0.3079243 0.4687046 -0.1596655 0.5796911 0.1759828 -0.07854132 0.8371437 0.3946398 0.1310592 0.3040367 0.4708232 0.2278465 0.4261363 0.08855712 0.1604674 0.6840025 0.3126396  O_Jump_SoClose
0.01319273 -0.3592454 0.4058946 -0.05049757 -0.2688576 0.4523138 -0.3831107 -0.1450738 0.4688781 -0.4469196 -0.05676019 0.1803707 0.08734865 -0.279698 0.4565758 0.4235242 -0.1704406 0.4739126 0.6551982 -0.04402637 0.3143791 0.02844389 -0.1364199 0.48005 -0.05792264 0.3066722 0.4702481 -0.1669704 0.5656469 0.1675676 -0.08157866 0.8172886 0.3913053 0.1278092 0.307112 0.4724935 0.224988 0.4553164 0.09967315 0.1617444 0.7219496 0.3145097  O_Jump_SoClose
0.01541867 -0.3595343 0.4170803 -0.04859684 -0.2679175 0.4605488 -0.3837463 -0.1507531 0.4716891 -0.4446827 -0.0609653 0.1830157 0.08929016 -0.2780982 0.4651078 0.4273623 -0.1741918 0.4793934 0.6597903 -0.0563035 0.3145179 0.0298558 -0.1343511 0.4839147 -0.06166152 0.3067154 0.4718536 -0.1754013 0.5504178 0.15841 -0.08527784 0.7954385 0.3875746 0.123988 0.3121593 0.4743346 0.2211918 0.5001705 0.1199239 0.1636691 0.7804439 0.3183826  O_Jump_SoClose
0.01800825 -0.3517344 0.4284829 -0.04638062 -0.2590221 0.4689759 -0.3843115 -0.1499335 0.4745311 -0.4427797 -0.05869758 0.1858009 0.09155037 -0.2684619 0.47379 0.4315213 -0.1701292 0.4846929 0.6642793 -0.06145561 0.3140529 0.03151013 -0.1244322 0.4879316 -0.0653104 0.3143668 0.4731759 -0.1841088 0.5400113 0.1482977 -0.08926003 0.777054 0.3838571 0.1201165 0.3248963 0.4759172 0.2154141 0.5570692 0.1481713 0.1657717 0.8535234 0.3239506  O_Jump_SoClose
0.01978274 -0.3374344 0.4363226 -0.04489039 -0.2440809 0.474841 -0.3841898 -0.1393107 0.476827 -0.4408953 -0.04656005 0.188228 0.09306855 -0.2529961 0.4798526 0.434487 -0.159044 0.4881037 0.6672135 -0.05741608 0.3131341 0.03258916 -0.1088825 0.4909381 -0.06773572 0.3282989 0.473874 -0.1902436 0.5391172 0.1405243 -0.09219758 0.7691638 0.3816451 0.117466 0.3421826 0.47689 0.2106977 0.6062391 0.1735986 0.1679983 0.9154057 0.3280028  O_Jump_SoClose
0.02111335 -0.3212544 0.4428071 -0.04377596 -0.2273791 0.4796575 -0.3837568 -0.1248623 0.479503 -0.4397328 -0.03072488 0.1912106 0.09420402 -0.2358781 0.4848088 0.4367681 -0.1453515 0.4904512 0.6696048 -0.05048537 0.3118681 0.03338589 -0.09173214 0.4933208 -0.068628 0.344823 0.4745549 -0.1940835 0.5415839 0.1337899 -0.09394781 0.7670804 0.3783263 0.1164573 0.360154 0.4777087 0.2059505 0.6449521 0.1926044 0.1677119 0.9631152 0.328832  O_Jump_SoClose
0.02225907 -0.2995225 0.4497679 -0.04283087 -0.2050973 0.4848155 -0.3830288 -0.1032839 0.4832901 -0.4389604 -0.007584453 0.1955041 0.09516926 -0.2131861 0.4900869 0.4388742 -0.1260513 0.4924725 0.6720474 -0.03936887 0.3102068 0.03403004 -0.06903899 0.4958276 -0.06816374 0.3678515 0.475521 -0.1968763 0.5477995 0.1267709 -0.09505592 0.7703884 0.3732675 0.1169406 0.3829421 0.4787158 0.2012347 0.6830754 0.2081279 0.1650698 1.008961 0.3253387  O_Jump_SoClose
0.0229872 -0.2770462 0.4553441 -0.0422735 -0.1822215 0.4889663 -0.3822834 -0.07971132 0.4869393 -0.4383211 0.01725733 0.1995991 0.09574266 -0.18997 0.4943293 0.4402287 -0.1050926 0.4936432 0.6732588 -0.02646697 0.3075804 0.03433343 -0.04586732 0.4978918 -0.06790702 0.3913822 0.4765624 -0.1981676 0.5551312 0.1204823 -0.09557746 0.7746376 0.3694118 0.1172238 0.4061346 0.4798015 0.1941359 0.718928 0.2216381 0.1591516 1.051333 0.3192638  O_Jump_SoClose
0.02361711 -0.2454017 0.4615368 -0.04185299 -0.1502 0.4936527 -0.3812549 -0.04557741 0.4914349 -0.4364307 0.05247343 0.2042955 0.09618075 -0.1575522 0.4991196 0.4413138 -0.07452273 0.4944795 0.6735209 -0.006600499 0.3032445 0.03444846 -0.01354921 0.5003933 -0.06794785 0.4240738 0.4782294 -0.1983735 0.5639537 0.112173 -0.09574758 0.7778887 0.3658923 0.1172067 0.4385056 0.481553 0.1805051 0.764374 0.2361821 0.1445395 1.104182 0.3031529  O_Jump_SoClose
0.02331735 -0.1921098 0.4684042 -0.04243515 -0.09644294 0.4984974 -0.3785169 0.01817131 0.5023726 -0.4453403 0.1218255 0.2197102 0.095621 -0.1032604 0.5040897 0.4408896 -0.02109659 0.4926175 0.6703132 0.02438521 0.2916187 0.03345396 0.04055011 0.5023063 -0.06899028 0.4787806 0.4795665 -0.1940063 0.6076261 0.1076196 -0.09573315 0.8217007 0.3629397 0.1162118 0.4925596 0.4830097 0.1614311 0.854465 0.2896627 0.1404953 1.200233 0.3250722  O_Jump_SoClose
0.0224876 -0.1582857 0.4726948 -0.04339413 -0.06239009 0.5017599 -0.3757595 0.06138933 0.5119494 -0.4558606 0.1712842 0.2351564 0.09467186 -0.06895602 0.5074099 0.4394996 0.01378632 0.491547 0.6661069 0.04346395 0.2844895 0.03230597 0.07474077 0.5040797 -0.07000516 0.5133532 0.4814142 -0.1891682 0.6539755 0.1118196 -0.09531812 0.8742419 0.363511 0.1152314 0.5266443 0.4849213 0.1543367 0.9037201 0.3215564 0.14551 1.251322 0.3400759  O_Jump_SoClose
0.02122434 -0.1266795 0.4763745 -0.04472588 -0.0305599 0.5045298 -0.37256 0.1030573 0.5201439 -0.4668189 0.2205869 0.2510537 0.09334518 -0.03697133 0.5102347 0.437689 0.04592443 0.4901308 0.6608725 0.05965161 0.2777508 0.03087445 0.1066419 0.5055417 -0.07108019 0.5456593 0.4832319 -0.1826493 0.7147918 0.1233414 -0.09350531 0.9460555 0.366743 0.1141957 0.5583728 0.4868034 0.1545704 0.9385422 0.3310965 0.1511351 1.286242 0.3495673  O_Jump_SoClose
0.01956089 -0.09398949 0.4794382 -0.04643921 0.00233686 0.5067576 -0.369233 0.1454173 0.5276726 -0.4792247 0.2722268 0.268967 0.09163673 -0.003943563 0.5124878 0.4349824 0.08045661 0.4877018 0.6533177 0.0786351 0.2699159 0.02908118 0.1395863 0.5065402 -0.07242148 0.5790375 0.4848598 -0.1738663 0.7862312 0.1422895 -0.09038393 1.031735 0.3734449 0.1128981 0.59109 0.4884595 0.1580655 0.96933 0.3294066 0.1579774 1.31639 0.3576444  O_Jump_SoClose
0.01779743 -0.05866456 0.4827832 -0.04823874 0.03787553 0.5092477 -0.3652321 0.1907631 0.5348414 -0.4893481 0.3284341 0.2883676 0.08984186 0.03171074 0.5149916 0.4307807 0.1216681 0.4836954 0.6402305 0.1086913 0.2577156 0.02721824 0.1751519 0.5077604 -0.07362662 0.6150943 0.4864396 -0.1651403 0.8528235 0.1613477 -0.08841591 1.112818 0.37858 0.1117456 0.6263095 0.490034 0.1584677 1.002814 0.3273529 0.1594186 1.34927 0.3622087  O_Jump_SoClose
0.01542683 -0.01423156 0.4868768 -0.05061338 0.08257163 0.5123519 -0.3595382 0.2478057 0.5427283 -0.4978607 0.4004806 0.3132399 0.08747013 0.07648599 0.5181106 0.4239276 0.1759369 0.4770597 0.6184928 0.152944 0.2389001 0.02482386 0.219835 0.5093988 -0.07489572 0.6604499 0.4883713 -0.1547351 0.9282911 0.184297 -0.08714978 1.205656 0.3822225 0.1105473 0.6704326 0.4919461 0.156477 1.0441 0.3226336 0.1558547 1.389827 0.3641075  O_Jump_SoClose
0.01092293 0.03713334 0.472597 -0.05498592 0.1334701 0.5000995 -0.3510074 0.3165007 0.5370101 -0.5021832 0.492735 0.3340448 0.08309521 0.1271125 0.5056175 0.4081204 0.2567199 0.4640654 0.5878754 0.2604407 0.2135085 0.02060582 0.2706802 0.4998893 -0.0763285 0.7128854 0.4925536 -0.13358 1.033691 0.23882 -0.07537608 1.33122 0.4084142 0.1092218 0.7205889 0.4962004 0.1574164 1.082883 0.3043054 0.1499792 1.422527 0.3806881  O_Jump_SoClose
0.005640702 0.08154047 0.4490713 -0.05995462 0.1767026 0.4810494 -0.3433296 0.3756124 0.523054 -0.5024086 0.5755347 0.3503331 0.0781032 0.1696337 0.486277 0.3841912 0.3373824 0.46074 0.5542107 0.3996476 0.2110986 0.01609262 0.3135194 0.4872721 -0.07721488 0.75676 0.5017699 -0.1138369 1.110399 0.2915958 -0.05791472 1.417052 0.4449271 0.108423 0.7618983 0.5054725 0.1601269 1.095111 0.2673558 0.145425 1.42729 0.3707422  O_Jump_SoClose
0.0003189017 0.1203916 0.428358 -0.06475799 0.2141217 0.465247 -0.3330528 0.4298213 0.5105466 -0.4920099 0.6568798 0.3753265 0.07323809 0.205892 0.4704055 0.360678 0.3998301 0.4717063 0.5313023 0.5217603 0.2455987 0.01213576 0.349914 0.4789799 -0.07742684 0.7928435 0.5141801 -0.1099339 1.138101 0.2898697 -0.04960124 1.436671 0.4568719 0.1082617 0.7955469 0.5179223 0.1615797 1.101495 0.2459735 0.1437547 1.426326 0.3701319  O_Jump_SoClose
-0.004607541 0.1555904 0.4071206 -0.06923668 0.2474504 0.4491438 -0.3218757 0.4780227 0.4978746 -0.4730367 0.7285519 0.4004425 0.06868811 0.2380692 0.4542426 0.3402672 0.4468652 0.4823636 0.5075417 0.6175473 0.2874502 0.008437412 0.3817408 0.4709057 -0.07779555 0.8230942 0.5260633 -0.108562 1.155086 0.2823218 -0.04463945 1.443955 0.4643711 0.1079134 0.8236463 0.5297283 0.1613854 1.104526 0.231985 0.1424244 1.422637 0.3723201  O_Jump_SoClose
-0.007967455 0.1790541 0.3893446 -0.07237057 0.2689371 0.4357604 -0.3148093 0.5087008 0.4859608 -0.4576295 0.7722859 0.4136223 0.06549622 0.2587253 0.440833 0.324041 0.4760977 0.4884433 0.4827255 0.6796672 0.3196739 0.005771117 0.4016207 0.4645647 -0.07843576 0.8408685 0.5349864 -0.1068744 1.166389 0.2823957 -0.04148303 1.45111 0.4703635 0.107275 0.8400758 0.538514 0.1604021 1.106201 0.2274536 0.1419298 1.421169 0.3747681  O_Jump_SoClose
-0.01028906 0.1936471 0.3729252 -0.07469533 0.2816051 0.4228886 -0.3066779 0.529757 0.4754204 -0.4366138 0.8033212 0.4172233 0.06314893 0.2710303 0.4278263 0.3099773 0.495717 0.4898242 0.4438226 0.7329645 0.3452438 0.00352736 0.4128896 0.457332 -0.079486 0.8507714 0.538669 -0.1055687 1.173373 0.2821106 -0.03960769 1.455914 0.4731435 0.1062212 0.8491594 0.5421027 0.1589866 1.107116 0.2241753 0.1415138 1.420367 0.3752264  O_Jump_SoClose
-0.009816689 0.1851908 0.3681158 -0.07458316 0.2728616 0.4181188 -0.3014185 0.5248322 0.4728822 -0.417521 0.801612 0.4020256 0.0633222 0.2629981 0.4228166 0.3081051 0.4927473 0.481512 0.4067433 0.7514237 0.3456391 0.003026979 0.4045758 0.4523062 -0.08070807 0.8437957 0.530805 -0.1053626 1.171288 0.2803749 -0.0402687 1.455575 0.4691013 0.1050003 0.8426121 0.5343479 0.1580824 1.106781 0.2216171 0.1412782 1.420892 0.3709491  O_Jump_SoClose
-0.00897984 0.1722549 0.3671726 -0.07418607 0.2600368 0.4164032 -0.2952449 0.5158194 0.4747351 -0.393297 0.7947123 0.3869165 0.06378706 0.2510738 0.4209131 0.3072034 0.484908 0.480605 0.3726936 0.7643896 0.3678864 0.002676265 0.3925742 0.4490646 -0.08200698 0.833023 0.5205358 -0.104339 1.168285 0.2803782 -0.04100023 1.455878 0.4646386 0.1037012 0.8322956 0.5242075 0.156717 1.106019 0.2197927 0.1412759 1.421774 0.3657655  O_Jump_SoClose
-0.008435411 0.1625803 0.3681797 -0.07391451 0.2505379 0.4167293 -0.291172 0.508695 0.4781455 -0.3765475 0.7879173 0.3788804 0.06409384 0.2421087 0.4211906 0.3069696 0.4779602 0.4836591 0.3558585 0.7674734 0.3893389 0.002498643 0.3836203 0.4482077 -0.0828502 0.8245685 0.5140575 -0.103334 1.16554 0.2819074 -0.04141275 1.455956 0.46218 0.1028574 0.8241072 0.5177978 0.1555947 1.10501 0.2199458 0.1412789 1.422267 0.3627423  O_Jump_SoClose
-0.00867085 0.1520621 0.3674639 -0.07431315 0.2397372 0.416303 -0.2859041 0.5017947 0.4843191 -0.3570285 0.7814587 0.3755215 0.06369014 0.2313708 0.4210314 0.305391 0.4698405 0.4898461 0.3439566 0.7636052 0.4042925 0.001946347 0.3727084 0.4486126 -0.08406125 0.8139346 0.5113453 -0.102189 1.160777 0.2878579 -0.04152856 1.455329 0.4617347 0.1016469 0.8135706 0.5150741 0.1543641 1.102499 0.2249969 0.1415805 1.422402 0.361914  O_Jump_SoClose
-0.009474797 0.1411272 0.3667902 -0.07512246 0.2284225 0.4162983 -0.2813416 0.4938245 0.492011 -0.3402355 0.7735353 0.3762482 0.06285311 0.2197899 0.4213461 0.3035039 0.4598142 0.4978532 0.3373507 0.7538361 0.4111937 0.001250224 0.3609477 0.450137 -0.08525996 0.8025188 0.510939 -0.1008466 1.15527 0.2966999 -0.04155115 1.454516 0.4628605 0.1004493 0.8021571 0.5146121 0.153161 1.099522 0.2331885 0.1422627 1.42254 0.3627595  O_Jump_SoClose
-0.01034932 0.1311752 0.3673781 -0.07588528 0.2183892 0.4171766 -0.2787453 0.4854964 0.4983343 -0.3292395 0.7645119 0.377057 0.0620714 0.2095002 0.4222955 0.3024081 0.449684 0.5042666 0.3334291 0.7431833 0.414822 0.0006882121 0.3506502 0.4515899 -0.08611344 0.7925696 0.5098003 -0.09938101 1.150626 0.3043879 -0.04162274 1.453828 0.4637817 0.09959705 0.7922483 0.5134152 0.1519221 1.097188 0.2401432 0.1427992 1.422727 0.3633856  O_Jump_SoClose
-0.01114087 0.1212002 0.3682922 -0.07657914 0.2083637 0.4183072 -0.2770644 0.4761804 0.5040287 -0.3205244 0.7543796 0.3782352 0.06136592 0.1992949 0.4234232 0.3016334 0.438887 0.5101389 0.3305275 0.7316219 0.4175333 0.00014879 0.3404427 0.4530743 -0.08689056 0.782694 0.5086459 -0.09788482 1.146102 0.3127159 -0.04180882 1.453162 0.4651746 0.09882064 0.7824358 0.512226 0.1506454 1.095045 0.2476634 0.1433652 1.423006 0.3644375  O_Jump_SoClose
-0.01188777 0.106958 0.3699778 -0.07729982 0.1940099 0.4202207 -0.2762175 0.461096 0.5109681 -0.3115796 0.7380474 0.3799909 0.06064953 0.1849436 0.4252232 0.3012573 0.4225645 0.5175618 0.3270867 0.7144672 0.4214886 -0.0005604457 0.3260225 0.4552134 -0.0879079 0.768685 0.5070614 -0.09588091 1.139455 0.3252906 -0.04241065 1.452084 0.4669875 0.09780295 0.7685831 0.510671 0.1487745 1.092262 0.2595981 0.144127 1.423514 0.3668274  O_Jump_SoClose
-0.01230769 0.09620559 0.3713101 -0.0777375 0.1832045 0.4216217 -0.2764743 0.4488171 0.5148877 -0.3071222 0.725252 0.3816513 0.06022181 0.1742285 0.4265131 0.3013389 0.409736 0.5219477 0.3256485 0.701206 0.424179 -0.001057787 0.3152615 0.4565786 -0.08861969 0.7582069 0.5056556 -0.09430693 1.13512 0.3368992 -0.04303269 1.451347 0.4712323 0.09709068 0.7582386 0.5092858 0.1472742 1.090341 0.2692999 0.1447815 1.423939 0.3690675  O_Jump_SoClose
-0.01259456 0.08417976 0.3726357 -0.07809477 0.1711365 0.4229287 -0.2777525 0.4339136 0.5174965 -0.304552 0.7105628 0.3838753 0.05988129 0.1623534 0.4276961 0.3019436 0.3945571 0.5252479 0.3255107 0.6859943 0.4272007 -0.001561923 0.3033305 0.4576887 -0.08937566 0.7465571 0.5038389 -0.09242104 1.130862 0.3525938 -0.04380379 1.450461 0.4797419 0.09633483 0.7467452 0.5074605 0.1454629 1.08839 0.2810353 0.1455593 1.424447 0.3722147  O_Jump_SoClose
-0.01286356 0.07269716 0.3753175 -0.07842974 0.1597277 0.4253963 -0.2792745 0.4195234 0.5200585 -0.3036319 0.6971862 0.3880829 0.05956181 0.151137 0.4300641 0.3022686 0.3802133 0.5284885 0.3262343 0.671955 0.4314488 -0.002035482 0.2921289 0.459669 -0.09008531 0.7356346 0.5027517 -0.09040211 1.124875 0.3646716 -0.04477869 1.449443 0.479771 0.09562518 0.7359804 0.5063609 0.1435957 1.086859 0.2942599 0.1464849 1.425211 0.3764638  O_Jump_SoClose
-0.01330058 0.06175053 0.3787783 -0.07887094 0.149065 0.4283546 -0.2804816 0.406655 0.5221967 -0.3037363 0.6862255 0.3941067 0.05912729 0.1405617 0.4329857 0.301613 0.367716 0.5311207 0.3270636 0.6600724 0.436335 -0.002510471 0.2817101 0.4617485 -0.09074645 0.7255136 0.5014271 -0.0882297 1.119941 0.3789715 -0.04571376 1.448654 0.4829625 0.09496386 0.7260027 0.505031 0.1417354 1.085004 0.3067025 0.1476116 1.425686 0.3784593  O_Jump_SoClose
-0.01386599 0.049577 0.3831257 -0.07940929 0.1373986 0.4318351 -0.2815939 0.3931195 0.5233759 -0.3049259 0.6757129 0.4021157 0.05859246 0.1289514 0.4364637 0.3000386 0.3549236 0.5328277 0.3284501 0.6483974 0.442438 -0.003035231 0.2703879 0.4637979 -0.09145997 0.714539 0.4991511 -0.08554237 1.114821 0.3975943 -0.04700796 1.447671 0.4892467 0.09424992 0.7151911 0.5027508 0.1395655 1.084161 0.3232764 0.1490762 1.42683 0.384394  O_Jump_SoClose
-0.01454459 0.0371784 0.3887666 -0.08003412 0.1257116 0.4362444 -0.2822001 0.3805205 0.5230788 -0.3072798 0.6674185 0.4127697 0.05796965 0.1173064 0.4408883 0.2971344 0.3434857 0.5331105 0.3308705 0.6387989 0.4509133 -0.003611369 0.259137 0.4662107 -0.09222268 0.7036382 0.4966105 -0.08228366 1.109246 0.419422 -0.04826657 1.446599 0.4949836 0.09348656 0.7044696 0.5002073 0.1370426 1.08377 0.3432435 0.150973 1.428322 0.391589  O_Jump_SoClose
-0.01501994 0.02837312 0.3969325 -0.08046488 0.1177962 0.4427761 -0.2821825 0.3729883 0.5239714 -0.3093091 0.6631657 0.4231313 0.05754044 0.1094559 0.4474896 0.2942441 0.3370944 0.5347275 0.3328132 0.6337541 0.4598287 -0.004001481 0.2517492 0.4701751 -0.09276061 0.6966153 0.4943904 -0.07956462 1.105566 0.4381751 -0.05008755 1.446162 0.4998111 0.09294797 0.6976096 0.497979 0.1351485 1.082927 0.356016 0.152841 1.428844 0.3917397  O_Jump_SoClose
-0.01546006 0.02052104 0.4095911 -0.08087061 0.111226 0.452895 -0.2817481 0.3680217 0.5262445 -0.3114527 0.6610002 0.4346541 0.05713745 0.1030148 0.4577559 0.2909088 0.3335238 0.5380954 0.3347198 0.6311529 0.4702581 -0.004382594 0.245904 0.4763936 -0.09329085 0.6911734 0.4909347 -0.07659589 1.102481 0.4574345 -0.05080966 1.445785 0.5038131 0.09241702 0.6923603 0.4945024 0.1333248 1.083464 0.3689307 0.1547256 1.430096 0.3941449  O_Jump_SoClose
-0.01565753 0.01475096 0.4224542 -0.08101146 0.106758 0.4630092 -0.2809203 0.3653277 0.5284661 -0.3131042 0.6603701 0.4446701 0.05699714 0.09865379 0.4680294 0.2880573 0.3320166 0.5413707 0.3365901 0.630216 0.4795159 -0.004466398 0.2420658 0.4823326 -0.09350656 0.687518 0.4878577 -0.07594417 1.099983 0.4760689 -0.05555211 1.445427 0.5065092 0.09220047 0.6888813 0.4914039 0.132213 1.083976 0.3786992 0.1563359 1.430938 0.3955439  O_Jump_SoClose
-0.01589279 0.01117671 0.4343594 -0.08117108 0.1043829 0.4722079 -0.2800935 0.3646909 0.5303849 -0.3144428 0.6610989 0.452475 0.05683609 0.09635246 0.4773835 0.2856427 0.3322866 0.5442113 0.3381653 0.6307065 0.4868411 -0.004539711 0.2401606 0.4874653 -0.09368418 0.6856215 0.4854449 -0.07776038 1.098253 0.4929656 -0.05752472 1.444709 0.5082091 0.09202202 0.6871318 0.488974 0.1316036 1.084585 0.384724 0.1577129 1.431641 0.3956097  O_Jump_SoClose
-0.01632748 0.008353829 0.446638 -0.08152096 0.1027167 0.4816607 -0.2794929 0.3646036 0.5324038 -0.3158781 0.6621212 0.4598311 0.05648382 0.09475291 0.4870008 0.2831559 0.3330377 0.5471166 0.33949 0.6315076 0.4937648 -0.004789455 0.238844 0.4927238 -0.09402286 0.6841852 0.4831814 -0.07887833 1.096581 0.4997686 -0.054839 1.443013 0.5087565 0.09168263 0.685832 0.4866909 0.1309187 1.085292 0.3902754 0.1589944 1.432325 0.3955339  O_Jump_SoClose
-0.0166993 0.005862355 0.4619492 -0.0817735 0.1015531 0.49341 -0.2786892 0.3650852 0.5351299 -0.3173314 0.6635817 0.4679416 0.05622669 0.09365427 0.4989613 0.2805659 0.3344138 0.5508455 0.3411917 0.6327215 0.5014347 -0.004896564 0.2379222 0.4992546 -0.0942127 0.6829535 0.480759 -0.07894002 1.095425 0.4951967 -0.05616758 1.441895 0.5058898 0.09149183 0.6847478 0.4842447 0.1304493 1.08614 0.3960971 0.1606254 1.433036 0.3952359  O_Jump_SoClose
-0.0170571 0.004829526 0.4736894 -0.0819966 0.1015105 0.5022691 -0.2784576 0.3658596 0.5380462 -0.3179721 0.6645765 0.4723624 0.05599614 0.09360826 0.5079974 0.279192 0.335603 0.5543483 0.342016 0.6335762 0.5056704 -0.004945977 0.2378966 0.5039529 -0.0942971 0.6825975 0.4790844 -0.07903115 1.095078 0.4932908 -0.05638258 1.441551 0.5041155 0.09140678 0.6844835 0.4825572 0.1303389 1.086569 0.3976158 0.1611951 1.433389 0.3942407  O_Jump_SoClose
-0.01748691 0.004464626 0.4851564 -0.08225541 0.1020795 0.5107983 -0.278521 0.3669451 0.5415319 -0.3181132 0.6655436 0.4753584 0.05572637 0.09412622 0.5167173 0.2782961 0.3368767 0.5582341 0.3424549 0.6344067 0.5085953 -0.004979057 0.2383252 0.5082978 -0.09433858 0.6826463 0.4776119 -0.0790901 1.095132 0.4916829 -0.05645589 1.441609 0.5023969 0.0913647 0.6846033 0.4810761 0.1304054 1.086888 0.3971347 0.1616624 1.433661 0.3927554  O_Jump_SoClose
-0.01784931 0.004377723 0.491805 -0.08247738 0.1025399 0.5156492 -0.2787444 0.3675867 0.5439323 -0.3179826 0.6659261 0.4763931 0.05549379 0.09450257 0.5217007 0.2779556 0.3374672 0.5606579 0.3425253 0.6346988 0.5097798 -0.005009754 0.2386073 0.51063 -0.09435521 0.6826976 0.4768442 -0.07910191 1.095188 0.4907554 -0.0564634 1.44167 0.5013365 0.09134771 0.684683 0.4803103 0.1304414 1.087026 0.3966712 0.1618371 1.43378 0.3918036  O_Jump_SoClose
