-0.01840411 0.004479289 12.64188 -0.08281963 0.1032788 12.66358 -0.2792461 0.3683956 12.68977 -0.3174033 0.6661623 12.61915 0.0551339 0.09507763 12.66981 0.2778409 0.3380001 12.70627 0.3423124 0.6348196 12.65292 -0.005058212 0.2390362 12.65559 -0.09436099 0.6828774 12.61867 -0.07908402 1.095377 12.63229 -0.05642561 1.441864 12.64262 0.09134163 0.6848772 12.62215 0.1305128 1.087135 12.53814 0.1619563 1.433882 12.53309  O_Jump_Far
-0.01772158 0.0129813 12.63919 -0.08211921 0.11159 12.66178 -0.2780068 0.3770522 12.68837 -0.3169318 0.6743189 12.61608 0.05583044 0.1032971 12.66797 0.2811646 0.3450164 12.70439 0.3428581 0.6408359 12.64283 -0.004322214 0.2473968 12.65508 -0.09325539 0.6916951 12.62327 -0.07969414 1.103603 12.59639 -0.06613891 1.44853 12.63532 0.09244962 0.6934661 12.62675 0.1338032 1.086411 12.50721 0.1619843 1.433049 12.5244  O_Jump_Far
-0.01761888 0.02527487 12.63374 -0.08196406 0.1235956 12.6577 -0.2777005 0.3893052 12.68518 -0.3188507 0.6858731 12.61128 0.0559782 0.1151303 12.66382 0.284398 0.355358 12.70017 0.3436142 0.6495547 12.62914 -0.004080756 0.2594348 12.65294 -0.09241031 0.7042739 12.6285 -0.08170258 1.111086 12.55805 -0.05117045 1.449705 12.62932 0.09329785 0.7056926 12.63197 0.1369074 1.085854 12.47712 0.1528198 1.430929 12.52092  O_Jump_Far
-0.01743828 0.06824982 12.60767 -0.08135448 0.1652794 12.63736 -0.2804608 0.4303265 12.67041 -0.3370512 0.7239814 12.5951 0.05654081 0.155823 12.64308 0.2921521 0.3921142 12.67854 0.3532659 0.6797664 12.58566 -0.00284086 0.3007973 12.64071 -0.08816092 0.7464396 12.64526 -0.09093885 1.134237 12.5032 -0.04247145 1.452825 12.63292 0.09755363 0.746251 12.64867 0.14542 1.092363 12.42885 0.1462425 1.428604 12.51935  O_Jump_Far
-0.01607917 0.09596813 12.59054 -0.07994609 0.1915754 12.62462 -0.2853632 0.4540254 12.66253 -0.3599057 0.7446702 12.59128 0.05792947 0.1817096 12.63012 0.2966805 0.4157292 12.66816 0.3698991 0.6938323 12.5568 -0.001299245 0.326702 12.63443 -0.0854011 0.7714146 12.6597 -0.0951259 1.138347 12.47038 -0.04094623 1.452314 12.60881 0.1003134 0.7705084 12.66299 0.1494289 1.093464 12.41062 0.1442604 1.425493 12.5154  O_Jump_Far
-0.01470129 0.1137078 12.57451 -0.07863627 0.2080126 12.61193 -0.2901276 0.4675504 12.65354 -0.3798669 0.7549896 12.58696 0.05923082 0.19796 12.6173 0.2997014 0.4303933 12.65864 0.3875483 0.6983655 12.53382 -2.060639E-05 0.342698 12.62676 -0.08361565 0.7860203 12.66704 -0.09721951 1.145517 12.46418 -0.0404431 1.453144 12.61523 0.1020984 0.7847734 12.67024 0.1517362 1.09587 12.40349 0.1436184 1.424679 12.5178  O_Jump_Far
-0.01345698 0.1284353 12.56018 -0.07747464 0.221424 12.60063 -0.2946841 0.4779814 12.64528 -0.3970958 0.7619234 12.58206 0.06038513 0.2112174 12.6059 0.3027156 0.4417937 12.65102 0.4045771 0.7000226 12.51668 0.001088159 0.3555483 12.62011 -0.0822017 0.7974468 12.67235 -0.09878407 1.150492 12.45867 -0.04007135 1.453224 12.61861 0.1035113 0.796002 12.67553 0.1533984 1.097454 12.39797 0.1429475 1.423616 12.51944  O_Jump_Far
-0.01196013 0.1459997 12.54481 -0.0761333 0.237358 12.58859 -0.3000646 0.4899026 12.63617 -0.4158117 0.769389 12.57619 0.06172325 0.227057 12.59376 0.30636 0.454887 12.6443 0.425369 0.7005661 12.50083 0.002284961 0.3707104 12.61325 -0.08093159 0.8111247 12.67656 -0.1006129 1.155958 12.45012 -0.03979228 1.453547 12.61869 0.1047792 0.8096163 12.67985 0.1551288 1.100415 12.39122 0.1421869 1.423469 12.52051  O_Jump_Far
-0.009996993 0.1628603 12.52003 -0.07435028 0.2513539 12.56911 -0.3087724 0.497579 12.62058 -0.4425661 0.7691355 12.56173 0.06349011 0.2407649 12.57412 0.3126012 0.4636159 12.63363 0.4562484 0.6916699 12.48376 0.003942089 0.3829459 12.60219 -0.07921319 0.8209404 12.6812 -0.1017601 1.15927 12.4454 -0.03986381 1.453176 12.61994 0.1064947 0.8194245 12.68464 0.1569339 1.100724 12.38676 0.1420678 1.421348 12.52177  O_Jump_Far
-0.009539051 0.1488854 12.49878 -0.07376532 0.2348745 12.55228 -0.3161894 0.477139 12.60604 -0.4596996 0.7420743 12.5403 0.06402548 0.2235835 12.55712 0.3185719 0.4419411 12.62264 0.4685466 0.6701815 12.4794 0.004836218 0.3642784 12.59249 -0.07778101 0.7999191 12.68451 -0.09879951 1.147118 12.46183 -0.04010014 1.448594 12.62413 0.1079288 0.7982844 12.68779 0.1564464 1.087584 12.39735 0.143651 1.412498 12.5219  O_Jump_Far
-0.009664757 0.1317196 12.48569 -0.07371686 0.2161099 12.54187 -0.3201273 0.456604 12.59717 -0.466751 0.7180035 12.52451 0.06402917 0.2042284 12.54657 0.3221861 0.4198254 12.6153 0.4721446 0.6527111 12.47973 0.005216794 0.343874 12.58644 -0.07694684 0.7780547 12.68587 -0.09569727 1.134941 12.47885 -0.04081855 1.444047 12.62757 0.1087649 0.7763431 12.68899 0.1555724 1.075505 12.40843 0.1452698 1.404668 12.52154  O_Jump_Far
-0.009955211 0.1105138 12.47125 -0.07371514 0.1930397 12.53045 -0.3243884 0.4317269 12.58774 -0.4735008 0.6881247 12.50329 0.06396802 0.1803602 12.53491 0.3254792 0.3937937 12.60666 0.4751305 0.6318563 12.48003 0.005723851 0.3186873 12.57988 -0.07589732 0.7514532 12.6863 -0.09144078 1.120564 12.50166 -0.04286442 1.439159 12.63132 0.1098153 0.7496918 12.68934 0.154664 1.061291 12.42233 0.1479491 1.395344 12.52036  O_Jump_Far
-0.01154475 0.06355059 12.44594 -0.07443653 0.1426146 12.51055 -0.33022 0.3789072 12.57378 -0.4764652 0.6243472 12.45768 0.063078 0.1280175 12.51428 0.3313422 0.3380086 12.58837 0.4834786 0.5829563 12.47901 0.006389873 0.2636517 12.56849 -0.07400911 0.6948224 12.68314 -0.08069651 1.088585 12.55871 -0.04823981 1.425088 12.63862 0.1117007 0.6930169 12.68632 0.1524075 1.032475 12.45499 0.1544376 1.375176 12.51663  O_Jump_Far
-0.01209561 0.04210675 12.43739 -0.07462983 0.1198043 12.50397 -0.3320792 0.3543895 12.56942 -0.4755823 0.5940432 12.43873 0.0628192 0.1045103 12.50731 0.3354915 0.3110908 12.58069 0.4924082 0.555334 12.47664 0.006737785 0.2389927 12.56492 -0.07329278 0.6698596 12.68121 -0.07736079 1.069155 12.57576 -0.05152468 1.410234 12.63635 0.1124162 0.6680704 12.68446 0.1518633 1.014098 12.46284 0.1565817 1.358572 12.51347  O_Jump_Far
-0.01256959 -0.03181767 12.4186 -0.07412843 0.04211831 12.49019 -0.3363264 0.2680904 12.56128 -0.4667487 0.4828022 12.38241 0.06315483 0.02518713 12.49216 0.3428483 0.224035 12.56548 0.5128027 0.4656336 12.47688 0.008640246 0.1562946 12.55841 -0.07083444 0.5879083 12.67196 -0.07105844 0.9949767 12.60217 -0.05921165 1.341918 12.61502 0.1148738 0.5863101 12.67534 0.1523131 0.9374261 12.46152 0.1619856 1.283644 12.4974  O_Jump_Far
-0.01144729 -0.06670916 12.41528 -0.07284425 0.005832195 12.48842 -0.3392084 0.2250689 12.56107 -0.4634982 0.4233956 12.36026 0.06440236 -0.01143205 12.49002 0.3488378 0.1808896 12.56227 0.5298288 0.4125834 12.46919 0.01017244 0.1183655 12.55902 -0.06942068 0.5515742 12.66497 -0.06951569 0.9589657 12.5971 -0.06000422 1.306216 12.59766 0.1162894 0.5501184 12.66832 0.1529552 0.89651 12.4468 0.1613004 1.241836 12.49071  O_Jump_Far
-0.0106539 -0.1093662 12.4145 -0.07178418 -0.03792346 12.48893 -0.3443857 0.1732026 12.56217 -0.46261 0.346084 12.3358 0.06544055 -0.05540431 12.48996 0.3568575 0.1274278 12.55904 0.5488173 0.3473827 12.45966 0.01155068 0.07334363 12.56115 -0.06494324 0.5101774 12.65414 -0.06958823 0.9158079 12.57658 -0.06032948 1.262896 12.58743 0.1207349 0.5057052 12.65642 0.1595084 0.8395562 12.41675 0.1576955 1.181495 12.48249  O_Jump_Far
-0.01034145 -0.1368098 12.41613 -0.07126038 -0.06565142 12.49101 -0.3484305 0.1403639 12.56378 -0.4631544 0.2937386 12.32208 0.0659584 -0.08319819 12.49163 0.3623219 0.09304225 12.55753 0.5603607 0.305318 12.45349 0.01229848 0.04527509 12.56349 -0.06085275 0.484861 12.64591 -0.07062964 0.8882968 12.55806 -0.05874602 1.234459 12.5846 0.1247229 0.4770361 12.64732 0.1666604 0.7988613 12.39223 0.1535 1.136398 12.47675  O_Jump_Far
-0.01019464 -0.1669611 12.4205 -0.07082997 -0.09548712 12.49531 -0.3532306 0.1050781 12.56657 -0.4611721 0.2360725 12.30908 0.0663733 -0.1131628 12.49559 0.3682251 0.05574584 12.55716 0.5726674 0.2591394 12.44789 0.01304253 0.01560843 12.56717 -0.05554406 0.4583186 12.63567 -0.07199232 0.8599281 12.54073 -0.05805413 1.204562 12.58205 0.1297745 0.4457562 12.63655 0.1785267 0.7510794 12.36305 0.1510971 1.081248 12.47021  O_Jump_Far
-0.01010619 -0.1851496 12.42451 -0.07056277 -0.1131804 12.49898 -0.3562512 0.08402753 12.56889 -0.4593444 0.2010596 12.30284 0.06663217 -0.1309229 12.49911 0.3718201 0.03343093 12.55766 0.5800019 0.231233 12.44524 0.01350196 -0.001681447 12.56999 -0.05192051 0.4428253 12.62896 -0.07321338 0.8430662 12.52932 -0.05786471 1.186255 12.5809 0.1331439 0.426948 12.62976 0.1873305 0.7200154 12.34414 0.1496914 1.044066 12.46589  O_Jump_Far
-0.009495838 -0.2059153 12.43054 -0.06989686 -0.1331627 12.5043 -0.359387 0.06003916 12.57215 -0.4568439 0.1628366 12.29821 0.06731065 -0.1508075 12.50443 0.3759674 0.008717775 12.55951 0.587915 0.2005465 12.44382 0.01419027 -0.02082121 12.57393 -0.04800324 0.4253362 12.62192 -0.07707982 0.8212644 12.50803 -0.05816482 1.160979 12.57811 0.1367287 0.405978 12.62287 0.1977465 0.6822195 12.32225 0.1485495 0.9977226 12.46112  O_Jump_Far
-0.006553574 -0.2437359 12.44678 -0.06741701 -0.168744 12.51787 -0.3641927 0.01637375 12.58011 -0.4507419 0.1010909 12.29649 0.0698923 -0.1855595 12.51867 0.3839576 -0.03368032 12.56759 0.6012388 0.1490318 12.44714 0.01597299 -0.05348098 12.58345 -0.0414394 0.3949926 12.61083 -0.09466504 0.7676345 12.44088 -0.05945657 1.088934 12.56817 0.1426261 0.3701413 12.61278 0.2188419 0.6039073 12.2812 0.1503782 0.8979158 12.45475  O_Jump_Far
-0.002981944 -0.2825141 12.46509 -0.06435142 -0.2044065 12.53228 -0.3692402 -0.02983582 12.58694 -0.4497641 0.05040574 12.30026 0.07307447 -0.2201847 12.53384 0.3924597 -0.07638729 12.57585 0.6131043 0.09924841 12.45106 0.01824005 -0.0853411 12.5918 -0.03956215 0.3638948 12.60679 -0.1108197 0.7112184 12.39498 -0.06186692 1.012896 12.56011 0.1444388 0.3386228 12.60934 0.2304713 0.5279386 12.25274 0.1511158 0.8026929 12.45139  O_Jump_Far
-0.0007107686 -0.3031045 12.47697 -0.06241385 -0.2228929 12.54131 -0.3720985 -0.05524015 12.59077 -0.4501345 0.02526164 12.30347 0.0750856 -0.2379596 12.54335 0.3974157 -0.0989809 12.58125 0.6197376 0.07192457 12.45292 0.01964571 -0.101355 12.59641 -0.03986369 0.3480605 12.60552 -0.1191132 0.6829087 12.37711 -0.0633692 0.9729397 12.56 0.1442948 0.3239746 12.60818 0.2342853 0.4865896 12.23958 0.1521905 0.751619 12.44998  O_Jump_Far
0.002353864 -0.324486 12.49396 -0.05979929 -0.2415143 12.55424 -0.3752843 -0.0830183 12.59665 -0.4510903 -0.0005306005 12.30933 0.07779409 -0.2555985 12.55688 0.4035223 -0.12256 12.58978 0.6277769 0.04121053 12.45564 0.02153887 -0.1168377 12.60303 -0.04147963 0.3324846 12.6057 -0.1286762 0.6510064 12.35767 -0.06636713 0.9316789 12.55265 0.1430282 0.3112245 12.60822 0.2363003 0.4416287 12.22783 0.1543536 0.6971391 12.44975  O_Jump_Far
0.005290108 -0.3398503 12.50918 -0.05728094 -0.2545923 12.56573 -0.3780037 -0.1053178 12.60126 -0.4508854 -0.02130854 12.31362 0.08039041 -0.2677838 12.56886 0.4092856 -0.1410753 12.59724 0.635931 0.01350546 12.45639 0.02339746 -0.1273979 12.60878 -0.04512982 0.3209589 12.60705 -0.1384259 0.62463 12.34313 -0.06996088 0.8979291 12.54634 0.1398819 0.3046288 12.6094 0.2346863 0.4100221 12.2217 0.1568614 0.6601031 12.45116  O_Jump_Far
0.007311599 -0.3478395 12.51921 -0.05554406 -0.2611592 12.57321 -0.3796511 -0.1184192 12.604 -0.4503627 -0.03334939 12.31612 0.08217718 -0.2737409 12.57665 0.41298 -0.1511512 12.60218 0.6411574 -0.003477693 12.45647 0.02468486 -0.132435 12.61238 -0.04840122 0.3148377 12.60837 -0.1453763 0.6090834 12.33526 -0.07271604 0.8772869 12.54373 0.1369351 0.3027065 12.61057 0.232643 0.3991585 12.22078 0.1584464 0.6483893 12.45235  O_Jump_Far
0.009121494 -0.3530353 12.52776 -0.05397968 -0.2652081 12.57958 -0.3808428 -0.1281801 12.60628 -0.4496634 -0.04219472 12.31822 0.083784 -0.2772526 12.58324 0.4157582 -0.1572207 12.60664 0.6447421 -0.0147382 12.45707 0.02585633 -0.135267 12.61539 -0.05113463 0.3109456 12.60962 -0.1517543 0.5956995 12.3279 -0.07534342 0.8592278 12.54095 0.1344035 0.3024182 12.61172 0.2308951 0.4044439 12.22354 0.1593945 0.6559998 12.45345  O_Jump_Far
0.01203151 -0.3582245 12.54232 -0.05148272 -0.2685536 12.59034 -0.3826068 -0.1411346 12.60981 -0.4478987 -0.05360448 12.3214 0.08634092 -0.2797456 12.59442 0.421251 -0.1670648 12.61354 0.6521845 -0.03569877 12.45696 0.02772124 -0.1367922 12.62044 -0.05589996 0.30729 12.61187 -0.1624782 0.5741788 12.31525 -0.07968985 0.8293983 12.53589 0.1298202 0.3050767 12.61403 0.2266782 0.4365805 12.23491 0.1608983 0.6974951 12.45592  O_Jump_Far
0.01509102 -0.3597561 12.55817 -0.04887925 -0.2682937 12.60203 -0.3836178 -0.1500072 12.61393 -0.4449026 -0.06035662 12.32529 0.08900179 -0.2785681 12.60655 0.4268439 -0.1740032 12.62125 0.6592153 -0.05500162 12.4571 0.02964302 -0.1348718 12.62598 -0.06117443 0.3064787 12.61423 -0.1742651 0.5523013 12.30221 -0.08476309 0.7982183 12.53065 0.1244939 0.311251 12.61668 0.2218159 0.493574 12.25934 0.1634235 0.7718776 12.4603  O_Jump_Far
0.01668365 -0.3573622 12.56526 -0.04750876 -0.2651808 12.60725 -0.3841131 -0.1521313 12.61557 -0.443794 -0.06172514 12.32683 0.09040029 -0.2750016 12.61193 0.4293619 -0.1736743 12.62461 0.6619764 -0.06015503 12.45695 0.03067436 -0.1310896 12.62841 -0.06346916 0.3088818 12.61512 -0.1796746 0.5441235 12.29616 -0.08721344 0.7855361 12.5282 0.1220878 0.3168459 12.61771 0.218506 0.5266453 12.27552 0.1646003 0.8146452 12.46367  O_Jump_Far
0.0182624 -0.3501805 12.57216 -0.04616598 -0.2573735 12.61237 -0.3843237 -0.1489823 12.6174 -0.4425354 -0.05755711 12.32868 0.09176911 -0.2667392 12.61722 0.4319415 -0.1690136 12.62777 0.6647063 -0.06128967 12.45653 0.03166707 -0.1226931 12.63092 -0.06567942 0.3158653 12.61585 -0.184995 0.5395554 12.28981 -0.08968042 0.7756469 12.52614 0.1197176 0.3269016 12.61863 0.2148087 0.5636065 12.29408 0.1660914 0.8618215 12.46712  O_Jump_Far
0.0193549 -0.341627 12.57696 -0.04524837 -0.2484268 12.61597 -0.3842646 -0.1427405 12.61877 -0.4413638 -0.05039382 12.33012 0.09270389 -0.2574707 12.62093 0.4337654 -0.1624382 12.62988 0.6665059 -0.05898571 12.456 0.03233184 -0.1133716 12.63277 -0.06721239 0.3241662 12.61628 -0.1888099 0.5388588 12.28507 -0.0915107 0.7706169 12.52485 0.1180442 0.3373132 12.61923 0.2119779 0.5937976 12.30972 0.1675511 0.8998688 12.4697  O_Jump_Far
0.02184548 -0.3087224 12.58961 -0.04316704 -0.2145087 12.62536 -0.3833416 -0.1126332 12.62427 -0.4392249 -0.01755774 12.33626 0.09482546 -0.2227567 12.63059 0.438098 -0.1343412 12.63431 0.6711558 -0.04427946 12.45354 0.03381028 -0.0786041 12.63741 -0.06842558 0.358083 12.61768 -0.1959222 0.5449058 12.27211 -0.09469239 0.7685567 12.51789 0.1166608 0.3733943 12.62086 0.2032595 0.6678478 12.34482 0.1664649 0.9907804 12.46975  O_Jump_Far
0.02280946 -0.2833772 12.59647 -0.04240493 -0.1886493 12.63045 -0.3824876 -0.08640194 12.62854 -0.4386139 0.01027489 12.34112 0.09560712 -0.1964878 12.63579 0.4399076 -0.1110851 12.63594 0.6730357 -0.03024495 12.45095 0.03427036 -0.052369 12.6399 -0.06792055 0.3848071 12.61881 -0.1979145 0.5532793 12.26484 -0.0954731 0.7738249 12.51292 0.1172064 0.399611 12.62204 0.1965218 0.7091664 12.36072 0.1613923 1.039762 12.46426  O_Jump_Far
0.02330305 -0.264078 12.60067 -0.04204754 -0.1690825 12.63363 -0.3818746 -0.06592524 12.63137 -0.4373781 0.03147757 12.34407 0.09597637 -0.1766593 12.63904 0.440781 -0.09267771 12.63671 0.6735433 -0.01841199 12.44853 0.03442766 -0.03259468 12.64159 -0.06789283 0.4048072 12.61986 -0.1984916 0.5582883 12.25935 -0.09570073 0.775388 12.5103 0.117247 0.4194388 12.62313 0.1886924 0.7376044 12.37001 0.1532601 1.073499 12.45467  O_Jump_Far
0.02362324 -0.2448744 12.60419 -0.04185007 -0.1496673 12.63629 -0.381236 -0.04499102 12.63408 -0.4364247 0.05308354 12.34695 0.09618391 -0.1570135 12.64175 0.4413241 -0.07400584 12.63705 0.6735122 -0.006269336 12.44572 0.03444668 -0.01301229 12.64299 -0.06795113 0.4246169 12.62082 -0.1983593 0.564164 12.25463 -0.09574763 0.778026 12.50842 0.1172038 0.4390427 12.62414 0.1802784 0.765159 12.37905 0.144321 1.105056 12.44557  O_Jump_Far
0.02372618 -0.2265283 12.60682 -0.04185317 -0.1311418 12.63816 -0.3804906 -0.02399492 12.63693 -0.4374104 0.07526112 12.35054 0.09618933 -0.1382881 12.64368 0.441503 -0.05586934 12.63665 0.6728955 0.004972577 12.44208 0.0342892 0.005648494 12.64377 -0.06814347 0.4434947 12.6213 -0.1974568 0.57441 12.25155 -0.09572957 0.7867299 12.50698 0.1170276 0.4577017 12.62467 0.1729055 0.7944716 12.39258 0.138764 1.13676 12.44662  O_Jump_Far
0.02298464 -0.1769799 12.61296 -0.042832 -0.08120966 12.64258 -0.377389 0.03733158 12.64932 -0.4499289 0.1435617 12.36903 0.09522904 -0.08790457 12.6482 0.4403464 -0.005572081 12.63478 0.668673 0.03280425 12.43107 0.03296341 0.05585253 12.6457 -0.06945042 0.4942482 12.62295 -0.192016 0.626474 12.25138 -0.09564887 0.8426962 12.50561 0.1157661 0.5078247 12.62643 0.1575366 0.8779156 12.44841 0.1429326 1.224825 12.47464  O_Jump_Far
0.02234502 -0.1536261 12.61583 -0.04355006 -0.05769861 12.64476 -0.3753211 0.06744587 12.65574 -0.457341 0.178332 12.37991 0.09451695 -0.064237 12.65042 0.4392553 0.018641 12.63393 0.6653557 0.04619849 12.42603 0.03213062 0.0794462 12.64688 -0.07014011 0.5181162 12.62425 -0.1883878 0.6616401 12.25548 -0.09518318 0.8831807 12.50629 0.115102 0.5313281 12.62777 0.1538891 0.9094474 12.46676 0.146048 1.25713 12.48417  O_Jump_Far
0.02155234 -0.1334505 12.6182 -0.04438714 -0.0373795 12.64655 -0.3732922 0.09402275 12.66099 -0.4643344 0.2097317 12.39001 0.09368314 -0.043818 12.65224 0.4381228 0.03913069 12.63305 0.662066 0.05649388 12.42174 0.03122874 0.09981143 12.64783 -0.07081787 0.5387393 12.62543 -0.1842849 0.7003136 12.26267 -0.09406351 0.9288279 12.50826 0.1144492 0.5515844 12.62898 0.1539878 0.9317255 12.47299 0.1495789 1.279479 12.4902  O_Jump_Far
0.02020736 -0.1064488 12.62095 -0.04577504 -0.01019573 12.64857 -0.3705206 0.1293606 12.66754 -0.4746598 0.2525073 12.40468 0.092299 -0.0165242 12.65429 0.4361711 0.06678939 12.63136 0.6566396 0.07024181 12.41575 0.02977492 0.1270374 12.64879 -0.07191198 0.5663195 12.62684 -0.1772989 0.7593948 12.27728 -0.09158061 0.9994354 12.5133 0.1133904 0.5786345 12.63043 0.1568409 0.9578012 12.47312 0.1557459 1.305158 12.49741  O_Jump_Far
0.01694323 -0.0415076 12.62753 -0.0491011 0.05515897 12.6535 -0.3631558 0.2126755 12.68101 -0.4931224 0.3558002 12.44074 0.08898099 0.04903996 12.65926 0.4284895 0.1417711 12.62399 0.6322494 0.1234707 12.39323 0.02633949 0.1924348 12.6513 -0.07412998 0.6326043 12.6297 -0.1613132 0.8819393 12.3122 -0.08810626 1.148767 12.52224 0.1112685 0.6433793 12.63328 0.1577391 1.018997 12.46849 0.1584214 1.365287 12.50497  O_Jump_Far
0.01536311 -0.01322269 12.62944 -0.05067633 0.08358252 12.65491 -0.3593946 0.2491196 12.68539 -0.4980058 0.4021802 12.45634 0.08740719 0.07749665 12.66067 0.4237286 0.177277 12.61944 0.6179727 0.1542646 12.38102 0.02476175 0.2208453 12.65195 -0.07492392 0.6614805 12.63099 -0.1544632 0.9300562 12.32749 -0.08708094 1.207801 12.52495 0.1105209 0.6714304 12.63457 0.1564405 1.045007 12.46505 0.1557486 1.390697 12.50683  O_Jump_Far
0.01358785 0.01029992 12.62639 -0.05241017 0.1070416 12.65221 -0.3557561 0.2802883 12.68531 -0.5007028 0.4433987 12.46738 0.08567251 0.1008855 12.65791 0.4180822 0.2110769 12.61431 0.6057571 0.1932921 12.37025 0.02307745 0.2442862 12.64969 -0.07559793 0.6855331 12.63246 -0.1468778 0.9738828 12.3455 -0.08394228 1.260311 12.5317 0.109892 0.6945921 12.63606 0.1561967 1.065399 12.46067 0.1533387 1.409399 12.51456  O_Jump_Far
0.01006086 0.04477656 12.6113 -0.05581228 0.1409434 12.63947 -0.3495203 0.3269051 12.67755 -0.5020827 0.5072337 12.47927 0.08226754 0.134503 12.64493 0.4045683 0.2705647 12.605 0.5820461 0.2828398 12.3531 0.0198244 0.278127 12.6402 -0.07653193 0.7205893 12.63643 -0.1293991 1.0503 12.39338 -0.07223295 1.350646 12.5583 0.1090353 0.7278661 12.64009 0.1579297 1.085461 12.43974 0.1490444 1.423948 12.52096  O_Jump_Far
0.006026285 0.07851136 12.59318 -0.05960075 0.1737645 12.62483 -0.3439309 0.371506 12.66659 -0.5026539 0.5695713 12.49142 0.07846029 0.166766 12.63006 0.3860615 0.3319594 12.60289 0.5563391 0.3896078 12.35232 0.0163963 0.3106314 12.63054 -0.07717805 0.7538414 12.64353 -0.1145956 1.107002 12.4327 -0.05883865 1.413733 12.58593 0.1084549 0.7591599 12.64723 0.1599797 1.094368 12.41189 0.1456155 1.427063 12.51365  O_Jump_Far
0.002838986 0.1026644 12.58053 -0.06248854 0.1971072 12.61508 -0.3381676 0.4049618 12.6588 -0.4983143 0.6192858 12.50542 0.07553937 0.1894463 12.62026 0.3698523 0.3746923 12.609 0.5389798 0.4724768 12.37038 0.0139909 0.3334488 12.62521 -0.07731484 0.7766947 12.65078 -0.1106866 1.128209 12.43654 -0.05262743 1.431657 12.59536 0.1083542 0.7805179 12.65452 0.1611211 1.099133 12.39741 0.1444523 1.427429 12.51226  O_Jump_Far
-0.002963228 0.1437156 12.55738 -0.06772481 0.2363036 12.59756 -0.3255907 0.4620857 12.64517 -0.4800895 0.7052569 12.53515 0.07022442 0.2273017 12.60268 0.3475415 0.4313741 12.62177 0.5174866 0.5857558 12.41589 0.009707587 0.3711705 12.61643 -0.07759945 0.8132051 12.66467 -0.1094018 1.148622 12.4258 -0.04642366 1.440104 12.60397 0.1081052 0.8144603 12.66838 0.1616463 1.103589 12.37865 0.142888 1.423818 12.51411  O_Jump_Far
-0.007192535 0.1737164 12.53629 -0.07164006 0.2641176 12.58163 -0.3164957 0.5017513 12.63152 -0.4615247 0.7624912 12.55349 0.06624062 0.2540988 12.58671 0.3279859 0.4695851 12.62967 0.4893745 0.6653389 12.45434 0.006401675 0.3972265 12.60869 -0.07825474 0.8370357 12.67548 -0.1072513 1.164019 12.42484 -0.04215489 1.449603 12.6116 0.1074563 0.8365436 12.67904 0.1606897 1.105845 12.37074 0.142014 1.421423 12.51672  O_Jump_Far
-0.009843392 0.1915345 12.51996 -0.07419293 0.279971 12.56914 -0.3095209 0.5256071 12.62065 -0.4445744 0.7963893 12.5611 0.06364609 0.2693628 12.57416 0.3134877 0.4916865 12.63346 0.4591243 0.717857 12.48266 0.004108684 0.4115134 12.6024 -0.07907175 0.8494267 12.68173 -0.1058957 1.171937 12.42513 -0.03993873 1.454777 12.61572 0.1066364 0.847937 12.68516 0.1594464 1.106968 12.36812 0.1416757 1.420575 12.5184  O_Jump_Far
-0.009756906 0.1843129 12.5105 -0.07455377 0.271982 12.56047 -0.3010403 0.5242032 12.61543 -0.4160247 0.8011401 12.54337 0.06335659 0.2621807 12.56515 0.3080731 0.4922611 12.62359 0.4042184 0.7523571 12.48864 0.003004448 0.4037477 12.59457 -0.08080195 0.8430671 12.67268 -0.1053351 1.171037 12.42286 -0.04033462 1.45552 12.61132 0.1049065 0.8419236 12.67623 0.1580045 1.106729 12.36404 0.1412642 1.420944 12.51316  O_Jump_Far
-0.009247465 0.1760408 12.50945 -0.0743327 0.263738 12.55899 -0.2968872 0.5185939 12.61632 -0.3999741 0.7971377 12.53329 0.06362219 0.2545213 12.56355 0.3072896 0.4874662 12.62249 0.3809035 0.7617157 12.50219 0.002736704 0.396013 12.59223 -0.08168052 0.8361586 12.66601 -0.1047002 1.169141 12.42277 -0.04080747 1.455735 12.60839 0.1040279 0.8353113 12.66965 0.1571185 1.106252 12.36277 0.1412569 1.421515 12.50976  O_Jump_Far
-0.00863306 0.1669157 12.51036 -0.07399826 0.2548174 12.55916 -0.2930194 0.5118549 12.61903 -0.3841005 0.7909889 12.52471 0.06399693 0.2461783 12.56363 0.3071351 0.4811236 12.62466 0.3627863 0.7667366 12.52252 0.002596693 0.387694 12.59106 -0.08245753 0.8284662 12.65929 -0.1037973 1.166899 12.42353 -0.04124729 1.455982 12.60572 0.1032503 0.8278956 12.66301 0.1561183 1.10556 12.36216 0.1412817 1.422081 12.50653  O_Jump_Far
-0.008678181 0.1519524 12.51002 -0.0743212 0.2396222 12.55887 -0.2858468 0.5017246 12.62697 -0.3568281 0.7813941 12.51809 0.0636818 0.2312533 12.5636 0.3053682 0.4697487 12.6325 0.3438742 0.7635223 12.54695 0.001938896 0.3725884 12.5912 -0.0840749 0.8138176 12.65391 -0.102177 1.160719 12.43052 -0.04152809 1.45532 12.60431 0.1016332 0.8134534 12.65764 0.1543528 1.102466 12.36765 0.1415872 1.422403 12.50449  O_Jump_Far
-0.01005958 0.1343697 12.5097 -0.07563703 0.2215996 12.55942 -0.279475 0.4882548 12.63891 -0.3324802 0.7675257 12.51931 0.06232544 0.2127942 12.56452 0.3027268 0.4530151 12.64481 0.3344929 0.7467695 12.55648 0.0008670856 0.3539405 12.59368 -0.08585171 0.795747 12.65274 -0.09986429 1.152108 12.44445 -0.04159717 1.454054 12.60602 0.09985836 0.7954118 12.65637 0.1523256 1.097923 12.38044 0.1426254 1.422667 12.50572  O_Jump_Far
-0.01120077 0.1202493 12.51095 -0.07663463 0.2074057 12.56099 -0.2769532 0.4752287 12.64709 -0.3197983 0.7533519 12.52092 0.06131007 0.1983298 12.5661 0.301581 0.437829 12.65323 0.3302546 0.7305137 12.5604 9.937776E-05 0.3394741 12.59578 -0.08696245 0.7817546 12.65111 -0.09774749 1.145673 12.45611 -0.0418391 1.453101 12.60789 0.09874882 0.7815046 12.65469 0.1505231 1.094854 12.39099 0.1434202 1.423042 12.50714  O_Jump_Far
-0.01223014 0.09837043 12.51363 -0.07765441 0.185376 12.56394 -0.2763712 0.451341 12.6568 -0.3078768 0.7278138 12.52385 0.06030275 0.176379 12.56885 0.3013068 0.4123486 12.66376 0.3258421 0.7038705 12.5662 -0.0009600948 0.3174189 12.59891 -0.08847861 0.760309 12.64854 -0.0946369 1.135896 12.47687 -0.04290001 1.451475 12.61254 0.09723182 0.7603143 12.65217 0.1475843 1.090709 12.40987 0.1446352 1.423844 12.51116  O_Jump_Far
-0.01264523 0.08150446 12.51558 -0.07816438 0.1684614 12.56585 -0.2781208 0.4305086 12.66053 -0.3042543 0.7073118 12.52709 0.05981578 0.1597284 12.57059 0.3020906 0.3911361 12.66844 0.3256372 0.682616 12.57052 -0.001669748 0.3006977 12.60053 -0.08954017 0.7439856 12.64602 -0.09197955 1.12982 12.49871 -0.04399947 1.450234 12.62403 0.09617038 0.7442101 12.64964 0.1450411 1.087986 12.4264 0.1457445 1.424575 12.5156  O_Jump_Far
-0.01301788 0.06846058 12.51916 -0.0785908 0.1555794 12.56907 -0.279743 0.4144876 12.66353 -0.3035162 0.6927791 12.53278 0.05940409 0.1470308 12.57372 0.3021053 0.37528 12.67216 0.3265375 0.6672161 12.57583 -0.002218349 0.2880692 12.60305 -0.09034388 0.7316887 12.64486 -0.08958678 1.122838 12.51228 -0.04516016 1.449135 12.62287 0.09536655 0.7320904 12.64846 0.1428865 1.086221 12.44174 0.146909 1.425457 12.52016  O_Jump_Far
-0.01365475 0.05409253 12.52405 -0.07920955 0.1417047 12.57312 -0.2812393 0.3980111 12.66572 -0.3044108 0.679392 12.54165 0.05879088 0.1332365 12.57774 0.3007229 0.3595072 12.67497 0.3278371 0.6525124 12.58268 -0.002842529 0.2745548 12.60567 -0.09119736 0.7185748 12.64271 -0.08657645 1.116773 12.5332 -0.04644607 1.448058 12.62971 0.09451272 0.719165 12.64631 0.1403846 1.084074 12.45885 0.1484972 1.426168 12.52331  O_Jump_Far
-0.01399551 0.04689169 12.52663 -0.07953082 0.1348455 12.57511 -0.2817661 0.3902861 12.66587 -0.3052909 0.6736724 12.54651 0.05847164 0.1264105 12.57974 0.2995588 0.3522949 12.67545 0.3288907 0.6460921 12.58641 -0.003151281 0.2679209 12.6067 -0.09161703 0.7121475 12.64104 -0.0849003 1.113605 12.54428 -0.04732452 1.44741 12.6328 0.09409274 0.7128367 12.64464 0.1390617 1.084501 12.47072 0.1494256 1.427408 12.53034  O_Jump_Far
-0.01436536 0.04021823 12.5295 -0.07987122 0.1285421 12.57735 -0.2821049 0.3834654 12.66563 -0.3065748 0.6691886 12.55218 0.05813225 0.1201274 12.58198 0.2980041 0.3460951 12.6755 0.3302055 0.6408963 12.59089 -0.003464742 0.2618437 12.6079 -0.09202985 0.7062524 12.63968 -0.08315079 1.110588 12.55596 -0.04791323 1.446814 12.63587 0.0936795 0.7070367 12.64328 0.1376975 1.084301 12.48161 0.1504251 1.428236 12.53447  O_Jump_Far
-0.01475404 0.03346336 12.5341 -0.08022325 0.1223084 12.58102 -0.282248 0.3771248 12.66578 -0.3081554 0.6654533 12.55946 0.057781 0.1139207 12.58568 0.295978 0.3405365 12.67605 0.3316942 0.6364613 12.59695 -0.003780587 0.2559183 12.6101 -0.09245084 0.7005514 12.63842 -0.0811864 1.107638 12.56965 -0.04893194 1.446369 12.63962 0.0932581 0.7014452 12.64201 0.1362432 1.083281 12.49116 0.151699 1.428486 12.53408  O_Jump_Far
-0.01545356 0.02065194 12.55191 -0.08086483 0.1113313 12.59526 -0.2817602 0.3680924 12.66877 -0.3114145 0.6610243 12.57701 0.05714311 0.1031178 12.60012 0.2909699 0.3335687 12.6806 0.3346837 0.6311833 12.61263 -0.004377527 0.2459959 12.61884 -0.09328304 0.6912596 12.63357 -0.07663976 1.102534 12.59965 -0.05077289 1.445794 12.64632 0.09242482 0.6924428 12.63714 0.1333546 1.08345 12.51127 0.1546935 1.430073 12.53667  O_Jump_Far
-0.01564137 0.01559556 12.5628 -0.08100764 0.1073753 12.60385 -0.2810957 0.3656255 12.67067 -0.3128596 0.6603591 12.58564 0.05700113 0.0992552 12.60884 0.2885102 0.3321277 12.68339 0.3362573 0.6302556 12.62059 -0.004475934 0.2425822 12.62391 -0.0934944 0.6880175 12.63091 -0.07578979 1.100345 12.6152 -0.05438076 1.445444 12.6487 0.09221281 0.6893514 12.63446 0.1323411 1.083892 12.51988 0.1560524 1.430817 12.53802  O_Jump_Far
-0.01579325 0.01204348 12.57363 -0.08109383 0.1049224 12.61224 -0.2802882 0.3647575 12.67243 -0.3140554 0.6608263 12.59299 0.05691387 0.09687316 12.61737 0.2863223 0.3321146 12.686 0.3377735 0.6304959 12.62747 -0.004488273 0.2405826 12.62863 -0.09360574 0.686054 12.62866 -0.07719384 1.098725 12.63144 -0.05788259 1.445055 12.65031 0.09210069 0.6875251 12.63219 0.1317808 1.084396 12.52578 0.1573622 1.431439 12.53821  O_Jump_Far
-0.016192 0.009250998 12.58498 -0.08141439 0.1032282 12.62097 -0.2797093 0.364594 12.67428 -0.3154069 0.6617503 12.59991 0.05659123 0.09524143 12.62626 0.283985 0.3327461 12.68869 0.3390222 0.6312134 12.63399 -0.004717035 0.2392505 12.63347 -0.09392194 0.6846469 12.62649 -0.0786889 1.097091 12.64173 -0.05536429 1.44355 12.65154 0.09178378 0.6862485 12.63001 0.131132 1.085043 12.53092 0.1585046 1.432098 12.53811  O_Jump_Far
-0.01676385 0.00558269 12.60686 -0.08181463 0.1014726 12.63776 -0.2786087 0.3652009 12.67821 -0.3175125 0.6637806 12.61154 0.05618437 0.09357727 12.64335 0.280239 0.3346347 12.69405 0.3414002 0.6328907 12.64499 -0.004907889 0.2378576 12.64279 -0.09423344 0.6828282 12.62298 -0.07895093 1.095307 12.63722 -0.05628632 1.441778 12.64806 0.09147097 0.6846426 12.62646 0.1304048 1.08624 12.53924 0.1607683 1.433117 12.53768  O_Jump_Far
-0.01714556 0.004709601 12.61887 -0.08204995 0.101606 12.64679 -0.2784512 0.366092 12.68136 -0.3180342 0.6648051 12.6157 0.05594071 0.09369695 12.65256 0.2789614 0.3358954 12.69777 0.3421406 0.6337743 12.64898 -0.004953487 0.2379745 12.64753 -0.0943086 0.6825938 12.62131 -0.07904743 1.095075 12.63549 -0.0564029 1.441549 12.6463 0.09139515 0.6844973 12.62478 0.1303474 1.086649 12.54016 0.1613075 1.433457 12.5365  O_Jump_Far
-0.01757668 0.004421949 12.62968 -0.08231007 0.102194 12.65481 -0.2785566 0.3671279 12.68474 -0.3181157 0.6656802 12.61834 0.05566921 0.0942241 12.66076 0.2781651 0.3370694 12.70148 0.3425049 0.6345187 12.6516 -0.004986567 0.2383976 12.65158 -0.0943449 0.6826493 12.61994 -0.0790969 1.095136 12.63398 -0.05646316 1.441614 12.64466 0.09135832 0.6846166 12.6234 0.1304137 1.086933 12.53962 0.1617246 1.433699 12.53507  O_Jump_Far
-0.01793925 0.00438416 12.63565 -0.08253287 0.1026561 12.65913 -0.2788246 0.3677195 12.68704 -0.3179007 0.6659707 12.61902 0.0554355 0.09459269 12.66521 0.2779299 0.3375589 12.70373 0.3424998 0.6347233 12.65247 -0.005017502 0.2386769 12.65361 -0.09435658 0.6827257 12.61928 -0.0790997 1.095218 12.63315 -0.05645828 1.4417 12.64369 0.09134634 0.684714 12.62275 0.1304527 1.087047 12.53907 0.1618593 1.433799 12.53416  O_Jump_Far
