0.004019039 0.05495536 1.565769 -0.06559967 0.1468054 1.598904 -0.2133777 0.3443604 1.459841 -0.07400851 0.09053624 1.353742 0.07273592 0.1474348 1.599251 0.4074293 0.2515391 1.559247 0.2024551 0.03308117 1.485993 0.002893405 0.2876822 1.600693 -0.09198634 0.7336257 1.612722 -0.1849268 1.133545 1.567982 -0.2547728 1.472157 1.534258 0.09372045 0.7339742 1.616516 0.1779862 1.113296 1.477168 0.2455208 1.441488 1.382422  A_Punch_SoClose
0.005638557 0.05493879 1.56774 -0.06495921 0.1465743 1.600082 -0.2121422 0.3427017 1.45873 -0.07088433 0.08894634 1.354989 0.07336791 0.1479434 1.601069 0.4084476 0.2508931 1.562373 0.2034988 0.03372431 1.485314 0.002775924 0.287822 1.601404 -0.09271084 0.7338473 1.611954 -0.1842944 1.134177 1.568102 -0.2530318 1.4731 1.535235 0.0929736 0.7340789 1.616726 0.1774339 1.113882 1.478814 0.2447453 1.441888 1.383268  A_Punch_SoClose
0.007853167 0.05649388 1.568219 -0.06379966 0.1475881 1.600248 -0.210777 0.3421999 1.4572 -0.06830637 0.08852315 1.354937 0.07450832 0.1499859 1.601799 0.4097622 0.2525002 1.565259 0.2045709 0.03682768 1.484721 0.002880471 0.2893372 1.601565 -0.09364288 0.7353227 1.61277 -0.1841369 1.135737 1.567452 -0.2523078 1.474911 1.536021 0.09201689 0.7355385 1.618422 0.1767252 1.114862 1.479348 0.2442253 1.442587 1.382973  A_Punch_SoClose
0.01066764 0.05935538 1.567804 -0.0622317 0.1496356 1.599768 -0.2095582 0.3423665 1.455366 -0.06563775 0.08911765 1.354077 0.07603844 0.1533622 1.601943 0.4112751 0.2560765 1.568294 0.2055573 0.04224837 1.484257 0.00307502 0.2920182 1.601494 -0.09487192 0.7378772 1.614482 -0.1842759 1.138131 1.565714 -0.2522246 1.477565 1.536706 0.09075274 0.7381386 1.621187 0.1760515 1.116174 1.479 0.2443222 1.443612 1.382198  A_Punch_SoClose
0.01282789 0.06238079 1.566711 -0.06101499 0.1519308 1.598848 -0.2092439 0.3432086 1.454135 -0.06395321 0.09074712 1.352836 0.0772142 0.1567184 1.601498 0.412219 0.260375 1.570167 0.20579 0.04797256 1.48428 0.003180282 0.2948067 1.601343 -0.09592853 0.7405194 1.616102 -0.1846232 1.140394 1.563112 -0.2527633 1.480022 1.536953 0.08965959 0.7408537 1.623749 0.175943 1.117209 1.477751 0.2454822 1.444584 1.381637  A_Punch_SoClose
0.01523371 0.06608462 1.565297 -0.0596569 0.1547986 1.597635 -0.2089462 0.3444884 1.452648 -0.06198988 0.09298396 1.351371 0.07851382 0.1607385 1.600924 0.413055 0.2660784 1.572186 0.2059922 0.05500817 1.484558 0.003315525 0.298196 1.601158 -0.09716301 0.7437001 1.617836 -0.1851851 1.143003 1.559663 -0.2536995 1.482825 1.537291 0.088376 0.7441736 1.626589 0.1759429 1.118582 1.476409 0.2470189 1.446123 1.382001  A_Punch_SoClose
0.0174764 0.07047558 1.563546 -0.05838553 0.1583674 1.596123 -0.2088895 0.3466805 1.451122 -0.05998109 0.09628201 1.349957 0.07971521 0.1652915 1.600304 0.4132477 0.274086 1.573983 0.206052 0.06341791 1.485704 0.003508465 0.3021902 1.601112 -0.09844504 0.747397 1.619416 -0.1863188 1.145774 1.555007 -0.2557508 1.485716 1.537905 0.08703287 0.7481826 1.629359 0.1762832 1.120243 1.474411 0.249228 1.448331 1.383387  A_Punch_SoClose
0.02002372 0.07599437 1.5622 -0.05696098 0.1629227 1.595008 -0.2087622 0.3496771 1.44991 -0.05759368 0.100535 1.348995 0.08104081 0.1709652 1.600308 0.4132734 0.2839152 1.576804 0.2060406 0.07356846 1.487847 0.003677623 0.3072087 1.60174 -0.09999786 0.7520527 1.621843 -0.1876099 1.149239 1.550137 -0.257858 1.48927 1.539279 0.08539732 0.7532009 1.633195 0.1768816 1.12053 1.468564 0.2519232 1.448249 1.377916  A_Punch_SoClose
0.02389892 0.0863421 1.560158 -0.05487112 0.1717684 1.592795 -0.2073624 0.3572018 1.446784 -0.05258761 0.1094047 1.348048 0.08287771 0.1812675 1.601297 0.4115318 0.3041286 1.582105 0.2062241 0.09225106 1.492321 0.003930705 0.3165929 1.603233 -0.1026699 0.7607751 1.624786 -0.190593 1.155334 1.540124 -0.2625323 1.495183 1.54107 0.08252622 0.762728 1.638933 0.1780901 1.122547 1.460604 0.2559477 1.450841 1.374527  A_Punch_SoClose
0.02822603 0.1050097 1.557764 -0.05309616 0.1884011 1.58887 -0.2029116 0.3745278 1.439846 -0.04392092 0.127581 1.345788 0.08389159 0.1993312 1.604749 0.4051115 0.3387603 1.593641 0.2054097 0.1231703 1.500129 0.003133195 0.3335899 1.606167 -0.1064744 0.7770795 1.628746 -0.194938 1.16661 1.523795 -0.2686348 1.505475 1.544125 0.07824846 0.779679 1.648039 0.1813254 1.125918 1.448296 0.2622795 1.455467 1.370248  A_Punch_SoClose
0.0291964 0.1222116 1.555424 -0.05358795 0.2045015 1.584473 -0.1970571 0.3944083 1.432938 -0.0370243 0.1472809 1.34115 0.08232851 0.215452 1.607798 0.3966095 0.3669748 1.60571 0.2030164 0.149019 1.505105 0.001054006 0.3494064 1.608086 -0.1080193 0.7929384 1.63328 -0.1987059 1.176784 1.510753 -0.2733578 1.514184 1.546285 0.07640769 0.7948345 1.655295 0.1839824 1.128975 1.438082 0.2654178 1.46009 1.367522  A_Punch_SoClose
0.02753331 0.1366701 1.551738 -0.05579815 0.2186197 1.579168 -0.1912469 0.4133124 1.426705 -0.03192304 0.1661679 1.333737 0.07906903 0.228651 1.60828 0.3885271 0.3871077 1.616509 0.1991118 0.1702871 1.505987 -0.001812322 0.3628429 1.607907 -0.1079029 0.8067955 1.63895 -0.2020991 1.1853 1.503171 -0.276188 1.521258 1.551308 0.07666041 0.8070956 1.659874 0.1857211 1.131609 1.429222 0.2670073 1.464306 1.366351  A_Punch_SoClose
0.02398141 0.1495551 1.547763 -0.05921487 0.2316519 1.574545 -0.1860901 0.4314119 1.423267 -0.02874182 0.1846381 1.326047 0.07493599 0.2402089 1.607218 0.3820359 0.401263 1.626389 0.1945189 0.1894139 1.503663 -0.005017502 0.3749561 1.607214 -0.1067077 0.8193059 1.647135 -0.2051632 1.189956 1.49384 -0.2770842 1.525843 1.545624 0.07833745 0.8177243 1.663177 0.1859781 1.134964 1.42198 0.2673244 1.46913 1.367537  A_Punch_SoClose
0.01982506 0.1590954 1.543199 -0.06278472 0.2415878 1.570497 -0.1825597 0.4454921 1.422116 -0.02785651 0.1994261 1.319034 0.07124861 0.2486428 1.604002 0.3786326 0.4084562 1.632391 0.1908686 0.2041801 1.497779 -0.007647259 0.3840047 1.605397 -0.1047111 0.8284742 1.655022 -0.2084647 1.192691 1.490232 -0.2779199 1.52884 1.543655 0.08080132 0.825388 1.663805 0.1848638 1.138565 1.415824 0.2668982 1.473731 1.369114  A_Punch_SoClose
0.01538058 0.1672026 1.538023 -0.06603597 0.2500093 1.568311 -0.1818147 0.4572884 1.426239 -0.03070848 0.2127868 1.314465 0.06892671 0.2558771 1.598109 0.3795989 0.4105619 1.631848 0.1887432 0.2173115 1.48579 -0.009047968 0.3916811 1.603272 -0.1012317 0.8357836 1.664642 -0.2124802 1.193198 1.490133 -0.2786207 1.530578 1.539876 0.08444895 0.8319767 1.661519 0.1815884 1.143672 1.408906 0.2655389 1.479464 1.370911  A_Punch_SoClose
0.01188959 0.1735088 1.533797 -0.06835787 0.2565004 1.567042 -0.1815941 0.4661549 1.430759 -0.03360895 0.2232376 1.311599 0.06746902 0.2615403 1.592788 0.381414 0.4108962 1.629614 0.1876008 0.2277132 1.474743 -0.009713275 0.3976141 1.601516 -0.09754573 0.8411993 1.672586 -0.2164802 1.192662 1.491193 -0.2806745 1.531003 1.536783 0.08765216 0.837131 1.658921 0.1781962 1.148243 1.403158 0.2643079 1.484213 1.372222  A_Punch_SoClose
0.008579271 0.1791443 1.528429 -0.06933258 0.2619323 1.567993 -0.184278 0.4737058 1.442859 -0.04029451 0.234136 1.312541 0.06801124 0.2667011 1.583842 0.3887437 0.4048179 1.617025 0.1893959 0.2376426 1.451444 -0.008219166 0.4026893 1.599511 -0.09080945 0.8452204 1.682644 -0.2214013 1.189847 1.496223 -0.2839455 1.529631 1.532398 0.09252287 0.8419077 1.652982 0.1722277 1.155549 1.396702 0.2624268 1.491213 1.375683  A_Punch_SoClose
0.006027 0.1827987 1.52466 -0.06948964 0.2653285 1.569557 -0.1871904 0.4782702 1.45369 -0.04646156 0.241735 1.314571 0.06858261 0.2700413 1.576706 0.3949796 0.3975799 1.603877 0.191775 0.2444638 1.429614 -0.006498678 0.4058752 1.598185 -0.08480118 0.847464 1.689912 -0.2252923 1.186827 1.501049 -0.287893 1.527346 1.529371 0.09616138 0.8451029 1.648097 0.1671557 1.161123 1.392178 0.2610111 1.496153 1.378255  A_Punch_SoClose
0.003999488 0.1845622 1.522111 -0.06894074 0.2667913 1.571851 -0.1910264 0.4802089 1.464443 -0.05294607 0.2467077 1.31775 0.06930818 0.2716146 1.570743 0.4006514 0.3885881 1.589106 0.1950384 0.2484378 1.406937 -0.004454119 0.407249 1.597423 -0.07957135 0.8480173 1.695135 -0.22789 1.183735 1.505741 -0.2911875 1.524631 1.527121 0.09897299 0.846781 1.64393 0.1626785 1.165402 1.389321 0.2594577 1.499778 1.380676  A_Punch_SoClose
-0.0112208 0.1862249 1.522975 -0.06302558 0.2683996 1.59458 -0.2201769 0.4787247 1.535739 -0.1036028 0.2655214 1.345838 0.06703307 0.2725772 1.547628 0.4113754 0.3128619 1.482926 0.2304989 0.2624167 1.238296 0.007066863 0.4084686 1.597497 -0.06019626 0.8447245 1.711744 -0.2370664 1.169647 1.528123 -0.308578 1.509545 1.522668 0.1062842 0.8521883 1.629707 0.1459165 1.179447 1.381243 0.2562014 1.509655 1.388175  A_Punch_SoClose
-0.01664768 0.1835965 1.533287 -0.055553 0.2667518 1.611253 -0.2320368 0.471725 1.581686 -0.137021 0.2713786 1.367347 0.06453331 0.2705044 1.542678 0.3931632 0.2711763 1.4186 0.2742993 0.2526151 1.134644 0.01297905 0.4071275 1.599473 -0.06020687 0.8411703 1.713259 -0.2411432 1.165249 1.532124 -0.3159327 1.504253 1.51961 0.104393 0.8540264 1.628152 0.1429814 1.180973 1.379114 0.2553465 1.510441 1.387645  A_Punch_SoClose
-0.01753567 0.1807371 1.5415 -0.04730628 0.2647632 1.622302 -0.2345993 0.4651703 1.616045 -0.1610691 0.2737266 1.385718 0.06336989 0.2685176 1.539393 0.3696383 0.2479252 1.372274 0.3136433 0.2324396 1.069406 0.01749118 0.4056057 1.59982 -0.06277142 0.837904 1.712136 -0.2452213 1.162435 1.533345 -0.3222046 1.50084 1.518197 0.1015147 0.8547463 1.627119 0.1418628 1.181049 1.377515 0.2540148 1.510573 1.386679  A_Punch_SoClose
-0.01652388 0.1779946 1.546128 -0.04103647 0.2626528 1.628123 -0.2332446 0.4601767 1.636323 -0.1748102 0.2733659 1.398006 0.06282993 0.2666272 1.536837 0.3514682 0.2396134 1.34325 0.3367758 0.219435 1.035872 0.0201052 0.4039266 1.599069 -0.06483994 0.8353297 1.710121 -0.2483512 1.1606 1.533775 -0.3267045 1.498669 1.51816 0.09934719 0.8542361 1.625346 0.1416757 1.180444 1.375946 0.2532174 1.510168 1.385359  A_Punch_SoClose
-0.01529984 0.1734152 1.550907 -0.03385327 0.2591622 1.633776 -0.2295998 0.4544532 1.65875 -0.1894168 0.2721786 1.413253 0.06119474 0.2628958 1.533331 0.3280923 0.2327601 1.312809 0.3595096 0.2027756 1.007492 0.02234341 0.4006889 1.596994 -0.06678639 0.831373 1.706559 -0.2524489 1.157896 1.534842 -0.3329729 1.495447 1.519055 0.09681435 0.8521005 1.62108 0.1413334 1.18005 1.37436 0.2523383 1.509918 1.385001  A_Punch_SoClose
-0.0150889 0.1691257 1.553514 -0.03043257 0.2558661 1.636628 -0.2272587 0.4507245 1.67084 -0.1967071 0.270745 1.422281 0.05905123 0.2589618 1.531175 0.3140517 0.2322251 1.297209 0.3690713 0.1972384 0.9957904 0.02255257 0.3973019 1.595044 -0.06734775 0.8281692 1.703251 -0.2550337 1.155745 1.53579 -0.3372519 1.492883 1.519916 0.09541084 0.8491004 1.616227 0.1412621 1.17971 1.373331 0.2523622 1.509501 1.38527  A_Punch_SoClose
-0.01803778 0.1634591 1.556089 -0.03220479 0.2516854 1.638577 -0.2285242 0.4486704 1.675721 -0.2002503 0.2695742 1.426256 0.05511423 0.2527826 1.531286 0.3123117 0.2340815 1.299859 0.3684686 0.197664 0.9988197 0.02010812 0.3922817 1.593447 -0.06732647 0.8244494 1.698499 -0.2560943 1.153959 1.536127 -0.3398098 1.490727 1.520223 0.09459783 0.8439865 1.609615 0.1414489 1.179149 1.373237 0.2529348 1.508753 1.386637  A_Punch_SoClose
-0.02421044 0.1559292 1.559181 -0.0388451 0.2462333 1.640136 -0.2330939 0.4481229 1.674511 -0.2016384 0.2678419 1.426284 0.04928609 0.2439617 1.533529 0.3199112 0.2380761 1.318508 0.3587677 0.1996678 1.014996 0.01514836 0.3852206 1.592095 -0.06705104 0.8196524 1.691857 -0.2556757 1.152421 1.5361 -0.3407741 1.488852 1.520397 0.09408672 0.8363484 1.600987 0.142257 1.177928 1.374257 0.2543959 1.50725 1.389085  A_Punch_SoClose
-0.03649287 0.1445872 1.563559 -0.05629931 0.2381538 1.639575 -0.2453713 0.4492797 1.655348 -0.1971173 0.2621776 1.41499 0.04173281 0.2296373 1.542342 0.3450414 0.2460471 1.376756 0.3243988 0.2009138 1.072386 0.006155508 0.3738183 1.592296 -0.06761526 0.8116806 1.681706 -0.250714 1.152142 1.536326 -0.3367527 1.488418 1.522545 0.09442367 0.8234953 1.591677 0.144378 1.174083 1.379553 0.2555239 1.503828 1.3923  A_Punch_SoClose
-0.04617802 0.1339263 1.567455 -0.07336085 0.2303332 1.636129 -0.2550611 0.4480964 1.623845 -0.186609 0.2501707 1.397466 0.03760077 0.2163821 1.554703 0.3652068 0.2484851 1.440576 0.2860073 0.1947148 1.14742 -0.001157029 0.3629283 1.594345 -0.07040255 0.8032805 1.672101 -0.242694 1.153263 1.536444 -0.3280931 1.489805 1.525487 0.09505577 0.8112283 1.588066 0.1482172 1.167822 1.387022 0.2553192 1.499096 1.392881  A_Punch_SoClose
-0.05057852 0.1259242 1.569414 -0.08354668 0.2238232 1.632048 -0.2588704 0.4434038 1.596136 -0.1757001 0.2362745 1.383327 0.03594031 0.2073351 1.564311 0.3743128 0.2483828 1.481419 0.2650087 0.1910216 1.198812 -0.005636437 0.3549615 1.596362 -0.0739861 0.7965695 1.666026 -0.2361016 1.153574 1.536253 -0.3202895 1.490458 1.526503 0.09505035 0.8024091 1.589253 0.152945 1.161524 1.394091 0.2563094 1.494031 1.392553  A_Punch_SoClose
-0.05349783 0.1183935 1.57011 -0.09138875 0.2173129 1.627138 -0.2595238 0.4373122 1.57023 -0.1641504 0.2219681 1.371137 0.03432025 0.1993009 1.572274 0.3788579 0.2485522 1.516558 0.2471087 0.1843237 1.245226 -0.009532196 0.3475736 1.597602 -0.07719891 0.79015 1.660822 -0.2300032 1.153267 1.536841 -0.3131668 1.490422 1.52766 0.09500404 0.7942002 1.591315 0.1575484 1.155519 1.401735 0.2571835 1.489044 1.392707  A_Punch_SoClose
-0.05484055 0.1106452 1.56964 -0.09736626 0.2101438 1.621396 -0.2575736 0.429217 1.544641 -0.151631 0.2060176 1.360072 0.03296127 0.1916161 1.578867 0.3804778 0.2481495 1.546847 0.2333627 0.1748989 1.285895 -0.01308791 0.3401331 1.598143 -0.08043258 0.7835128 1.65631 -0.2239299 1.152365 1.53828 -0.3059945 1.489782 1.528839 0.09476532 0.7859325 1.594655 0.1625324 1.149237 1.410751 0.258373 1.483541 1.393317  A_Punch_SoClose
-0.05352299 0.1045427 1.56799 -0.09947543 0.2039526 1.616662 -0.2551993 0.4215755 1.527577 -0.1424707 0.1929629 1.353979 0.0332336 0.1860983 1.581923 0.3811136 0.2484945 1.563458 0.2248598 0.1618822 1.312086 -0.01482998 0.3343939 1.597662 -0.08256869 0.7783023 1.65342 -0.2190678 1.151311 1.540251 -0.3004294 1.488862 1.529595 0.0946476 0.7795951 1.597794 0.1660105 1.144359 1.418187 0.2584488 1.479112 1.392826  A_Punch_SoClose
-0.05093066 0.09803271 1.56579 -0.1004593 0.1971023 1.611378 -0.2516553 0.412976 1.510295 -0.1325827 0.178956 1.348543 0.03422065 0.180371 1.58457 0.3814727 0.2491066 1.577776 0.2158671 0.1459892 1.338932 -0.01605193 0.3282647 1.596798 -0.0847113 0.7726694 1.650336 -0.2138438 1.149949 1.542819 -0.2943826 1.487642 1.530558 0.09450479 0.7728893 1.601519 0.1693738 1.13916 1.426464 0.2581633 1.474089 1.392016  A_Punch_SoClose
-0.04753182 0.09386718 1.563544 -0.09948258 0.19235 1.60759 -0.2490328 0.4070009 1.500031 -0.1260977 0.1698267 1.345944 0.0362062 0.1768419 1.58556 0.3825763 0.2501099 1.581176 0.2100101 0.1324565 1.354277 -0.01580564 0.3242732 1.595961 -0.08612911 0.7688721 1.648243 -0.2099902 1.149053 1.544821 -0.2898308 1.486863 1.531278 0.09445263 0.7686771 1.604749 0.1713138 1.135846 1.432462 0.2575667 1.470712 1.391557  A_Punch_SoClose
-0.04356812 0.08946693 1.561127 -0.09803568 0.1872712 1.603459 -0.2455587 0.4006982 1.489109 -0.1190299 0.1601855 1.34333 0.03854008 0.1730758 1.586642 0.38363 0.2516547 1.583795 0.2041791 0.1182356 1.371425 -0.0152481 0.3199967 1.595038 -0.0875998 0.7647572 1.645757 -0.2057906 1.148101 1.547507 -0.2846567 1.486099 1.532977 0.09434368 0.7642145 1.608369 0.1731956 1.132261 1.438877 0.2568138 1.466846 1.390827  A_Punch_SoClose
-0.03921757 0.08596706 1.559039 -0.09571443 0.1830429 1.600043 -0.2415524 0.3957717 1.480519 -0.1128045 0.1524181 1.341556 0.0414625 0.1699818 1.58783 0.3848246 0.2553427 1.582716 0.2002584 0.1059164 1.385964 -0.01376854 0.3164474 1.594669 -0.08884089 0.7611794 1.643361 -0.2018475 1.147155 1.549411 -0.2798038 1.485307 1.533591 0.09432097 0.760735 1.612489 0.1746242 1.129249 1.444703 0.2558275 1.463427 1.390124  A_Punch_SoClose
-0.03413121 0.08213222 1.556912 -0.09281044 0.1783816 1.596363 -0.2364272 0.3903698 1.47113 -0.1058217 0.1438354 1.339713 0.04484047 0.1665663 1.5893 0.3860669 0.2584139 1.581423 0.1968553 0.09234583 1.403309 -0.01191626 0.3125194 1.594375 -0.09007744 0.7571917 1.640536 -0.1975444 1.145986 1.551854 -0.2742934 1.484346 1.53465 0.09419735 0.75691 1.617207 0.1760813 1.125888 1.451214 0.254813 1.459346 1.389124  A_Punch_SoClose
-0.02869688 0.07871902 1.55555 -0.08919339 0.174175 1.593614 -0.2301378 0.3856426 1.463462 -0.09950416 0.1359363 1.338206 0.04870816 0.1634666 1.591217 0.3889329 0.2570549 1.580497 0.1942603 0.07917249 1.420606 -0.009349627 0.3089496 1.594878 -0.09101193 0.7534438 1.637687 -0.1929504 1.144948 1.554574 -0.2681042 1.483594 1.53601 0.0941021 0.7536432 1.622379 0.1772097 1.12291 1.457641 0.2535344 1.455445 1.388052  A_Punch_SoClose
-0.02302037 0.07489526 1.554905 -0.08516948 0.1695039 1.59182 -0.2236102 0.3802786 1.457526 -0.0944591 0.127267 1.337473 0.05284216 0.1601148 1.593193 0.3918751 0.2557465 1.577422 0.1918475 0.06630087 1.438844 -0.006688816 0.3050237 1.595815 -0.09195076 0.7493321 1.634758 -0.1889827 1.143376 1.558021 -0.2623727 1.4823 1.537557 0.09363015 0.7501279 1.626972 0.1779913 1.120046 1.464345 0.2523555 1.451337 1.38712  A_Punch_SoClose
-0.01891462 0.07177997 1.555307 -0.08201538 0.1657506 1.591805 -0.2195272 0.3755658 1.455603 -0.09254567 0.1203599 1.337903 0.05605038 0.1575408 1.594579 0.3940361 0.2550645 1.572675 0.190368 0.05750978 1.451862 -0.004748924 0.3019253 1.597012 -0.09272443 0.7460841 1.632789 -0.1868639 1.141759 1.560998 -0.2588918 1.480843 1.538462 0.09298523 0.7474653 1.629389 0.1780201 1.118344 1.469321 0.2511642 1.448658 1.386919  A_Punch_SoClose
-0.01540206 0.06911564 1.555955 -0.07932369 0.1626093 1.592126 -0.2164191 0.3713607 1.454839 -0.09044616 0.1149909 1.338594 0.05879052 0.155521 1.595512 0.3959691 0.2547631 1.569578 0.1908588 0.05135608 1.461598 -0.003197355 0.2993989 1.597973 -0.09327374 0.7434886 1.630873 -0.1857088 1.140298 1.563253 -0.2567661 1.479445 1.538669 0.09246255 0.7453146 1.630406 0.178021 1.117142 1.472839 0.2503568 1.446669 1.386657  A_Punch_SoClose
-0.01229833 0.0667733 1.556675 -0.07694893 0.1598766 1.59257 -0.2138179 0.3676019 1.454595 -0.08837835 0.110517 1.339357 0.06120868 0.1538352 1.596209 0.3977219 0.2546507 1.567311 0.1921036 0.04667652 1.469473 -0.001878722 0.2972323 1.598785 -0.09369878 0.7412795 1.629071 -0.1850177 1.138951 1.565096 -0.2552782 1.478118 1.538576 0.09202619 0.7434757 1.630794 0.1779889 1.116206 1.475598 0.2496862 1.445072 1.386408  A_Punch_SoClose
-0.00848083 0.06421995 1.55753 -0.07407467 0.1569295 1.593031 -0.211739 0.3630886 1.45459 -0.08520912 0.1059676 1.340631 0.06413759 0.1522216 1.596561 0.3999921 0.2547474 1.565284 0.1947236 0.04264641 1.47594 -0.0003281067 0.2950038 1.599169 -0.09370653 0.7391561 1.626511 -0.1845849 1.137598 1.566847 -0.2543364 1.476742 1.538738 0.09199686 0.7414998 1.629721 0.1778062 1.115701 1.478019 0.2485576 1.444257 1.386952  A_Punch_SoClose
0.0001742412 0.0585742 1.561696 -0.0679224 0.1506056 1.595845 -0.2108857 0.3516845 1.456939 -0.07709371 0.09641767 1.347184 0.07039429 0.1493223 1.597871 0.4051317 0.2546245 1.562087 0.2016058 0.03604233 1.485253 0.002462106 0.2904956 1.60003 -0.09262924 0.7355824 1.618771 -0.1842699 1.135167 1.568686 -0.2537766 1.47409 1.537481 0.09306182 0.7370686 1.623033 0.1778558 1.114178 1.478114 0.2464384 1.442185 1.383476  A_Punch_SoClose
0.002404289 0.05683112 1.563792 -0.06653778 0.1487525 1.597351 -0.2119014 0.3478937 1.458233 -0.07498793 0.09347284 1.35038 0.07179381 0.1485273 1.598608 0.4064487 0.2535273 1.560895 0.2025263 0.03443861 1.486596 0.002803819 0.2891924 1.600369 -0.09221576 0.7347506 1.615491 -0.1844476 1.13454 1.568199 -0.2541249 1.473351 1.536167 0.09348078 0.7356288 1.619682 0.1781011 1.113907 1.477736 0.2462568 1.442067 1.383325  A_Punch_SoClose
0.003890054 0.05559599 1.565534 -0.06568913 0.1474618 1.598618 -0.2128647 0.3451328 1.459248 -0.07361047 0.09132099 1.352969 0.07264586 0.1479821 1.599261 0.4073648 0.2521703 1.559844 0.2025321 0.03338587 1.487171 0.002910571 0.2882836 1.600638 -0.09196649 0.7341921 1.612874 -0.1847326 1.134102 1.567695 -0.2546226 1.472829 1.535236 0.0937338 0.7345871 1.616971 0.1782633 1.113777 1.477425 0.2461826 1.442151 1.383586  A_Punch_SoClose
