-0.0111063 0.04955614 1.047754 -0.07766221 0.1420635 1.085088 -0.213819 0.361618 0.9512347 -0.03916393 0.1275629 0.8521322 0.06062885 0.1387728 1.083669 0.341184 0.3130859 1.007815 0.2420103 0.1322926 0.7785057 -0.005138857 0.2807903 1.091088 -0.08703481 0.728498 1.120472 -0.1502734 1.136115 1.141063 -0.1983908 1.474847 1.201223 0.09863754 0.7234629 1.121876 0.1763226 1.097103 0.9645184 0.2331914 1.427564 0.8706583  A_Kick_SoClose
-0.01213531 0.04567027 1.051738 -0.07701652 0.1383932 1.091184 -0.2283503 0.3583876 0.9651974 -0.04119418 0.1390662 0.8557519 0.06106325 0.135483 1.08326 0.3435521 0.3064629 0.9983882 0.2438763 0.153204 0.7500318 -0.004746659 0.2773758 1.092473 -0.08583181 0.7253367 1.121864 -0.1503917 1.132744 1.1425 -0.1986766 1.472561 1.196041 0.09974761 0.7202162 1.115898 0.1754126 1.096342 0.9635571 0.2317777 1.427746 0.8727702  A_Kick_SoClose
-0.01135759 0.04090106 1.054874 -0.07402579 0.1336046 1.097442 -0.2442088 0.3540579 0.9847282 -0.04308556 0.1592406 0.8554877 0.06331201 0.1314086 1.080987 0.3459884 0.2992336 0.9831618 0.2463206 0.1830697 0.7154368 -0.002675219 0.2730001 1.093108 -0.08299093 0.721264 1.12344 -0.1477224 1.128615 1.144635 -0.1954153 1.469917 1.188367 0.1020375 0.7159148 1.108032 0.1745888 1.094674 0.9607867 0.2297812 1.427097 0.8730549  A_Kick_SoClose
-0.009916944 0.03706515 1.056503 -0.07066898 0.1296545 1.101705 -0.2552769 0.3502246 1.001832 -0.04608379 0.1785375 0.8539499 0.06566353 0.1281031 1.078289 0.3473362 0.293726 0.9694356 0.2486956 0.208832 0.6898512 -0.0004162024 0.2694038 1.09302 -0.08017389 0.7179095 1.124449 -0.1445284 1.125298 1.146067 -0.1912995 1.467701 1.181374 0.104052 0.7123132 1.101404 0.1742193 1.093247 0.9586824 0.2285067 1.426563 0.873823  A_Kick_SoClose
0.0001977254 0.02501893 1.055739 -0.0535442 0.1165786 1.110047 -0.2773152 0.3352456 1.06268 -0.06940381 0.2549946 0.8495125 0.07710691 0.1175178 1.064587 0.3502793 0.2783821 0.9207805 0.2651723 0.2970977 0.6249579 0.01146127 0.2576056 1.089396 -0.06629257 0.7069665 1.126797 -0.1373846 1.113805 1.128563 -0.188218 1.456926 1.147477 0.1131373 0.7000559 1.079271 0.1729172 1.088439 0.9528245 0.2214765 1.424674 0.8764342  A_Kick_SoClose
0.01294007 0.01342559 1.050454 -0.03137909 0.1038548 1.1137 -0.2773257 0.3183001 1.133273 -0.1126206 0.339183 0.873381 0.08941878 0.1069441 1.046353 0.3508236 0.262071 0.8699654 0.3076948 0.3775035 0.5872649 0.02683254 0.2459316 1.082613 -0.04609416 0.6965814 1.127149 -0.1478975 1.0941 1.080356 -0.2040642 1.436118 1.103651 0.1244664 0.6871387 1.054201 0.1733243 1.083443 0.9495133 0.2131601 1.422532 0.8811067  A_Kick_SoClose
0.02121712 0.002283931 1.042635 -0.01060353 0.0921005 1.113408 -0.2562917 0.3020204 1.203794 -0.1550979 0.4054654 0.9314588 0.09646697 0.09555066 1.025879 0.3538755 0.2423801 0.8321255 0.3894027 0.4226489 0.5844454 0.04130485 0.2343431 1.073242 -0.02110593 0.6870533 1.123635 -0.1518034 1.068091 1.032512 -0.1670188 1.41423 1.057602 0.1356174 0.6731031 1.024919 0.1742869 1.077145 0.9496988 0.2000257 1.419375 0.8908414  A_Kick_SoClose
0.01709815 -0.007092476 1.041436 -0.002824826 0.08369374 1.115543 -0.2375364 0.2928281 1.246293 -0.1892758 0.4285567 0.9736093 0.09291287 0.08325398 1.015686 0.3671648 0.2157471 0.8392471 0.4763978 0.4194349 0.6350807 0.04828509 0.2239866 1.068147 0.001216607 0.679308 1.116467 -0.1191301 1.058627 1.005978 -0.08226697 1.404022 1.010172 0.1421953 0.6590211 0.9972409 0.1681653 1.06596 0.932978 0.1896112 1.410926 0.8907131  A_Kick_SoClose
-0.02075742 -0.01283348 1.061277 -0.02271877 0.08323634 1.133887 -0.2480991 0.3050601 1.264406 -0.3048564 0.3990463 0.9762167 0.06435682 0.06359625 1.028202 0.372848 0.1466756 0.9407352 0.5514731 0.364087 0.8145226 0.0453886 0.2117194 1.075627 0.05041106 0.6717287 1.096038 -0.01661019 1.061789 0.9779876 0.02823027 1.403283 0.9327668 0.1623315 0.6291174 0.9540533 0.1453571 1.029166 0.8536714 0.2005821 1.372357 0.8332251  A_Kick_SoClose
-0.06561016 0.002799988 1.080038 -0.05728249 0.1023984 1.149982 -0.2764165 0.3390964 1.259002 -0.4013664 0.3666341 0.9784011 0.02872403 0.06541073 1.048139 0.3424787 0.1095883 1.009742 0.5432193 0.3183444 0.9037775 0.03114255 0.2165767 1.089278 0.0957907 0.6728655 1.081808 0.04257937 1.065129 0.9640278 0.06052007 1.405083 0.8948649 0.1924094 0.6072807 0.9373611 0.1337636 0.9820511 0.7745384 0.2383131 1.314145 0.7689894  A_Kick_SoClose
-0.1178368 0.04647171 1.098097 -0.09796183 0.14783 1.1663 -0.299042 0.4028033 1.271047 -0.4757515 0.3863419 1.018836 -0.01550625 0.09319413 1.069588 0.3029136 0.09525418 1.045292 0.5300629 0.2718084 0.9342235 0.01206316 0.2426654 1.107636 0.1601578 0.6786598 1.069277 0.08855374 1.06988 0.9579486 0.07304277 1.40787 0.8792328 0.2421622 0.5832431 0.9326299 0.1035932 0.8705302 0.6705836 0.250348 1.186154 0.660971  A_Kick_SoClose
-0.1438157 0.07617354 1.104683 -0.1178593 0.1772258 1.172888 -0.3011315 0.4432316 1.28872 -0.4863864 0.4264677 1.042738 -0.03930525 0.1160417 1.076852 0.2817005 0.09869385 1.04294 0.5202201 0.2528183 0.9226965 8.566869E-05 0.2627387 1.115292 0.1902324 0.6813091 1.062349 0.1069709 1.072034 0.9575824 0.07532664 1.408727 0.8781432 0.2636924 0.5711313 0.9320954 0.09398927 0.799042 0.6326607 0.2785248 1.093441 0.6097788  A_Kick_SoClose
-0.1619444 0.100508 1.109352 -0.1312279 0.2007258 1.177975 -0.2952541 0.4750228 1.308599 -0.4770976 0.46852 1.059605 -0.05666236 0.1360775 1.081032 0.2652101 0.1059184 1.032849 0.5100644 0.2417259 0.9035929 -0.00901155 0.2800467 1.120424 0.2103982 0.6830888 1.056668 0.1195465 1.073772 0.9582447 0.0754682 1.409198 0.8793749 0.2764432 0.5627028 0.9315804 0.08684583 0.7434978 0.6125673 0.3078754 1.009094 0.5695285  A_Kick_SoClose
-0.1792887 0.1215597 1.115183 -0.1429886 0.2202326 1.184291 -0.2811405 0.5010773 1.335461 -0.4511841 0.5159285 1.078611 -0.07407735 0.1535871 1.084557 0.2459495 0.1130265 1.019108 0.4954099 0.2320585 0.8823413 -0.01856743 0.2944887 1.124741 0.2239104 0.6827348 1.051227 0.1315156 1.074556 0.9589537 0.07556643 1.408175 0.8799485 0.2813319 0.5553075 0.9288892 0.09200771 0.7118268 0.597134 0.357123 0.9248097 0.5222996  A_Kick_SoClose
-0.1991174 0.1477803 1.123424 -0.1554182 0.2438704 1.192995 -0.2556231 0.5281551 1.371225 -0.4035406 0.5726349 1.104298 -0.09459929 0.1758262 1.089032 0.22053 0.1240346 1.000662 0.473793 0.2227765 0.8550171 -0.02948527 0.3123717 1.129835 0.2376819 0.681705 1.043801 0.1465691 1.075562 0.9592441 0.07606484 1.40654 0.880782 0.2835159 0.5474353 0.9239162 0.1034038 0.6825947 0.5779465 0.4106842 0.8037276 0.4677037  A_Kick_SoClose
-0.2182998 0.1701151 1.135782 -0.1655362 0.2624028 1.204868 -0.2218012 0.5426317 1.410684 -0.3433577 0.6187704 1.137674 -0.1153959 0.1943464 1.095363 0.1908626 0.1320213 0.9864901 0.4486201 0.2146692 0.838724 -0.04028384 0.325886 1.135424 0.2439178 0.6794364 1.037991 0.1516567 1.073863 0.9574317 0.07250173 1.403134 0.88004 0.2776994 0.5422705 0.9173855 0.1573154 0.6762353 0.5459493 0.4750586 0.6997077 0.4054641  A_Kick_SoClose
-0.2346796 0.1927649 1.149001 -0.1731117 0.2807456 1.216818 -0.1869049 0.5515438 1.443579 -0.2856358 0.6490896 1.16818 -0.1338252 0.2134556 1.102512 0.1621446 0.1407602 0.9766058 0.4243425 0.2086948 0.8291553 -0.04933719 0.3396695 1.140998 0.2484049 0.6787555 1.033099 0.1546333 1.073434 0.955572 0.06916173 1.401459 0.8796247 0.2710069 0.5402193 0.9114498 0.2117718 0.6567485 0.5198945 0.5142161 0.603308 0.3558234  A_Kick_SoClose
-0.2477572 0.2124187 1.162625 -0.1782436 0.295978 1.228374 -0.1561483 0.5552305 1.46858 -0.2412962 0.6658619 1.193592 -0.1492201 0.2300541 1.110268 0.1361343 0.1471596 0.9726399 0.4032672 0.2030467 0.8290399 -0.0566809 0.351205 1.146439 0.2503031 0.6791984 1.030781 0.1542933 1.073541 0.9542927 0.06593473 1.401011 0.8792571 0.2637533 0.5410354 0.9073652 0.2617449 0.6281397 0.5038651 0.5401233 0.5374134 0.3153919  A_Kick_SoClose
-0.2638114 0.2411397 1.181448 -0.1837129 0.3178902 1.243052 -0.1154349 0.5580903 1.494778 -0.1942006 0.6804563 1.222877 -0.1692138 0.2547729 1.12081 0.09940334 0.15734 0.9681023 0.3722406 0.1970415 0.8299426 -0.06615679 0.3684107 1.15267 0.2515437 0.6821033 1.027603 0.1509086 1.075617 0.9528097 0.0613003 1.403267 0.8800772 0.253789 0.5454388 0.9018282 0.3279822 0.5725405 0.4966563 0.5712078 0.4598465 0.2744197  A_Kick_SoClose
-0.2711512 0.2645521 1.197487 -0.182979 0.3352576 1.254691 -0.07961057 0.5578157 1.510902 -0.1603813 0.6880115 1.243258 -0.1804784 0.2752433 1.130075 0.07270689 0.1661053 0.9658741 0.3493313 0.1919266 0.8320211 -0.06949119 0.3823771 1.157526 0.2555952 0.6849976 1.025382 0.150181 1.077599 0.9524006 0.06111528 1.405916 0.882049 0.2495449 0.5501488 0.8977865 0.3555747 0.5221063 0.4998235 0.5567352 0.4140728 0.2369336  A_Kick_SoClose
-0.2786201 0.2910707 1.213796 -0.1830132 0.3554425 1.265556 -0.04837481 0.5631791 1.519566 -0.1427181 0.6988382 1.259175 -0.1921747 0.2982283 1.139938 0.04373505 0.1774042 0.9613026 0.3204797 0.191785 0.8259882 -0.07360904 0.3982671 1.161934 0.2585379 0.68925 1.022947 0.1457558 1.079983 0.9509572 0.06192567 1.410111 0.8826808 0.2469894 0.5548441 0.8952626 0.4069272 0.4730949 0.5235904 0.5595623 0.3992712 0.2194513  A_Kick_SoClose
-0.2847565 0.3179159 1.225553 -0.1839498 0.3773432 1.272672 -0.02649478 0.5806348 1.516334 -0.135422 0.7128846 1.259912 -0.2011841 0.3204179 1.147773 0.02212723 0.1916213 0.9559778 0.2949802 0.2001679 0.8125113 -0.07665418 0.4140087 1.164579 0.2621144 0.6928367 1.018515 0.1411412 1.080865 0.9452056 0.06267722 1.41234 0.8770794 0.2488051 0.5558243 0.8938078 0.4624604 0.4350616 0.5618871 0.5794347 0.4233532 0.2341255  A_Kick_SoClose
-0.288337 0.3332852 1.229219 -0.1859677 0.391324 1.274799 -0.02157418 0.6018346 1.506537 -0.1388206 0.7234308 1.248515 -0.2049227 0.3319314 1.151306 0.01613946 0.2007302 0.9535984 0.2837289 0.2104995 0.8006119 -0.07796232 0.4226093 1.165726 0.2646104 0.6940352 1.015659 0.1394015 1.080311 0.9402388 0.0626113 1.412017 0.8713316 0.2525013 0.5536023 0.8946899 0.4796937 0.4342152 0.5713729 0.5967186 0.4366524 0.2434291  A_Kick_SoClose
-0.2906413 0.3437411 1.22956 -0.188353 0.4023658 1.275142 -0.02420465 0.6266556 1.492338 -0.1465005 0.7318451 1.229495 -0.2059151 0.3386689 1.153604 0.01828315 0.2074541 0.9537319 0.2792572 0.2211522 0.7899965 -0.07804762 0.4282292 1.166955 0.2673409 0.6941578 1.014272 0.1401693 1.07938 0.9367741 0.06234385 1.410635 0.8668646 0.2575687 0.5500512 0.8974842 0.4638775 0.4590137 0.5517205 0.6007436 0.4238237 0.2334799  A_Kick_SoClose
-0.2918452 0.3498315 1.22545 -0.1907081 0.410418 1.271827 -0.0320069 0.6521207 1.471852 -0.1584054 0.7369999 1.203661 -0.2049856 0.3413426 1.152822 0.02547707 0.2120355 0.9533337 0.2774807 0.2356263 0.7771457 -0.07722549 0.4311057 1.165834 0.2703936 0.6933738 1.012704 0.1431391 1.078331 0.9340328 0.06327774 1.408992 0.8636135 0.2637956 0.546127 0.899671 0.4443772 0.485661 0.5334228 0.6179606 0.4304687 0.2366565  A_Kick_SoClose
-0.2915117 0.3547701 1.21573 -0.1928413 0.4191266 1.263532 -0.044946 0.6845864 1.436393 -0.1758353 0.7389148 1.162488 -0.2013256 0.3422067 1.148864 0.03880705 0.2170116 0.9519304 0.2746648 0.2554753 0.7570046 -0.07448368 0.4332618 1.161883 0.2756787 0.6921511 1.009988 0.149301 1.077243 0.9305671 0.06567402 1.406869 0.8596643 0.2740085 0.5411747 0.9017986 0.412154 0.5213121 0.5133084 0.638475 0.4520534 0.2579068  A_Kick_SoClose
-0.2877696 0.3522031 1.198553 -0.1930137 0.4216377 1.248231 -0.06414376 0.7100909 1.391817 -0.2008618 0.731638 1.116225 -0.1937789 0.3370159 1.138797 0.05712422 0.2169878 0.9480547 0.2641027 0.2778854 0.7277006 -0.06926213 0.4311073 1.152645 0.2827692 0.6908849 1.007993 0.1587688 1.07672 0.9284304 0.0718586 1.40537 0.8569502 0.287863 0.53769 0.9030794 0.3813214 0.5564233 0.5014352 0.6586837 0.4874589 0.3025335  A_Kick_SoClose
-0.2811286 0.3453597 1.179519 -0.1906089 0.4195755 1.230893 -0.08237658 0.7245903 1.348146 -0.2260015 0.7167515 1.075349 -0.1838615 0.3291487 1.126419 0.07586516 0.2137704 0.9425358 0.2420107 0.2929819 0.6950978 -0.06217573 0.4266946 1.141478 0.2905646 0.6905326 1.007398 0.1681749 1.076815 0.9275149 0.07954438 1.404882 0.8554715 0.3032464 0.5363033 0.9046654 0.3424732 0.5875442 0.496941 0.6581154 0.5412276 0.3573965  A_Kick_SoClose
-0.2744306 0.3378513 1.162718 -0.1875466 0.4157088 1.215363 -0.09693842 0.7304764 1.313107 -0.2465551 0.7004825 1.04511 -0.1748298 0.3216808 1.114694 0.09118147 0.2097383 0.9367875 0.2157071 0.2976391 0.6686991 -0.05576966 0.4222355 1.130906 0.2965322 0.6912332 1.007187 0.1749454 1.077727 0.927102 0.08573069 1.405592 0.8548559 0.3158567 0.5368974 0.9056557 0.3112361 0.6077908 0.4990157 0.648274 0.591943 0.4129795  A_Kick_SoClose
-0.269287 0.3271427 1.149784 -0.1854082 0.4073731 1.203781 -0.1092027 0.7268432 1.293355 -0.262764 0.6835352 1.029441 -0.1681458 0.3123032 1.104781 0.1022383 0.2045784 0.9303068 0.1848996 0.3015727 0.6494802 -0.0516821 0.4155898 1.122598 0.2982142 0.6920065 1.009236 0.1762794 1.078181 0.9281443 0.08934171 1.406736 0.8562611 0.32375 0.5385283 0.9077772 0.2917878 0.625264 0.5054606 0.6347278 0.6667072 0.4616145  A_Kick_SoClose
-0.2612655 0.313785 1.132918 -0.1813164 0.3968663 1.188572 -0.123143 0.7208496 1.268226 -0.2808456 0.6608206 1.010091 -0.1583458 0.300881 1.091637 0.1172472 0.1987112 0.9214066 0.1429663 0.2997357 0.6311706 -0.04536204 0.4076048 1.111489 0.3004597 0.6938925 1.011417 0.1778233 1.079614 0.9292325 0.09397162 1.409179 0.8583158 0.3340039 0.5418367 0.910148 0.2669878 0.6441668 0.5158881 0.5963878 0.7560025 0.531257  A_Kick_SoClose
-0.2523409 0.2885077 1.115088 -0.1775256 0.3744426 1.173256 -0.1381519 0.7009317 1.252122 -0.2926268 0.6290414 0.9950675 -0.1476793 0.2796628 1.077011 0.1339348 0.189033 0.9094151 0.09073658 0.2959481 0.6233953 -0.04001395 0.3911293 1.100093 0.2957496 0.6941559 1.016191 0.1755293 1.079487 0.9287761 0.09896745 1.41054 0.8565506 0.3404234 0.5448076 0.9151915 0.2641211 0.6911419 0.5368165 0.5299665 0.9034006 0.6111163  A_Kick_SoClose
-0.2360222 0.2492439 1.091868 -0.1688514 0.3387364 1.153479 -0.1518352 0.6666669 1.237413 -0.2912955 0.5854985 0.9746011 -0.1295451 0.2471216 1.057567 0.1596111 0.1794091 0.8920559 0.0349619 0.2865442 0.6311167 -0.03053348 0.3654279 1.084948 0.2838964 0.6950293 1.022284 0.1726902 1.081632 0.9287657 0.1071407 1.414652 0.8547705 0.345435 0.5517906 0.9213032 0.261646 0.7756378 0.5847391 0.4264524 1.060415 0.6987065  A_Kick_SoClose
-0.2176079 0.2113822 1.072382 -0.1580247 0.3037685 1.13702 -0.1589317 0.6313791 1.229899 -0.2758444 0.5490382 0.9566611 -0.1101327 0.216338 1.041106 0.1843874 0.1766565 0.8775944 0.007858055 0.2793177 0.6465048 -0.02044235 0.3410318 1.072033 0.2672037 0.6964927 1.027334 0.168791 1.085669 0.9302191 0.1139171 1.420346 0.8550276 0.3447035 0.5615938 0.9258565 0.2583854 0.8509343 0.6443695 0.3578783 1.168122 0.7480086  A_Kick_SoClose
-0.1513133 0.1168461 1.024141 -0.1152696 0.214195 1.096569 -0.1674987 0.5319606 1.215392 -0.2140093 0.4583262 0.9195503 -0.04438011 0.1441855 1.000597 0.2463696 0.2002959 0.843666 -0.006697817 0.2694973 0.681578 0.01340516 0.2841218 1.040947 0.2050216 0.7004579 1.041474 0.1549987 1.097709 0.9401625 0.1356318 1.435867 0.8630379 0.3223011 0.5987347 0.9394959 0.2606904 0.9882894 0.8176154 0.2589335 1.336428 0.8242716  A_Kick_SoClose
-0.1061306 0.07886946 0.9992183 -0.08443181 0.1762694 1.07558 -0.1692997 0.4826752 1.2007 -0.1854342 0.4073185 0.9020885 -0.001707239 0.1198732 0.9801153 0.2714666 0.2309849 0.8251251 -0.001917226 0.2679592 0.6872896 0.03497292 0.2649823 1.026454 0.1677524 0.7027739 1.04944 0.1430009 1.102816 0.9497989 0.1434496 1.442001 0.8747834 0.3020695 0.622433 0.9494113 0.2705203 1.029855 0.8909706 0.2442747 1.375699 0.8601297  A_Kick_SoClose
-0.06138531 0.05591798 0.9786304 -0.05289571 0.1516181 1.058071 -0.1711848 0.4439964 1.181173 -0.1636205 0.3620085 0.8839725 0.03937854 0.1091213 0.9641742 0.2884145 0.2651186 0.8104304 0.007207828 0.2645776 0.6838325 0.05617787 0.2559652 1.016174 0.1390309 0.704819 1.057094 0.1174466 1.104972 0.9571642 0.1377195 1.446959 0.8996495 0.2850427 0.6425887 0.9606088 0.2649014 1.052963 0.9207314 0.2329729 1.396782 0.8758157  A_Kick_SoClose
-0.02356921 0.04353845 0.961408 -0.02651755 0.1365899 1.043047 -0.1731053 0.414494 1.157339 -0.1454488 0.3240656 0.8637995 0.07308115 0.1065644 0.9518555 0.2972631 0.2953984 0.7996563 0.01731225 0.2583109 0.6757354 0.07287528 0.2526457 1.008509 0.1175317 0.7058971 1.063442 0.08680101 1.105341 0.9630684 0.1219793 1.449164 0.9281095 0.2713939 0.6573102 0.971424 0.2565184 1.067711 0.9295458 0.23167 1.412436 0.887184  A_Kick_SoClose
0.00642951 0.03791642 0.9477042 -0.006226582 0.1280379 1.030713 -0.1758299 0.3919141 1.132142 -0.1292564 0.2937894 0.8435076 0.09907795 0.1083778 0.9431819 0.3013456 0.3197849 0.7930416 0.02846654 0.250492 0.6671847 0.08494706 0.2524199 1.003195 0.1015185 0.7066794 1.069026 0.05918809 1.105683 0.9711536 0.09986414 1.450372 0.956694 0.2609585 0.6678411 0.9820083 0.2486177 1.07687 0.9277281 0.2328411 1.422793 0.8911704  A_Kick_SoClose
0.04211469 0.03743756 0.930077 0.01485975 0.1228471 1.013589 -0.1848156 0.3645027 1.082709 -0.1029163 0.2548506 0.8063463 0.1288642 0.1160315 0.9355263 0.3049429 0.3499703 0.7920216 0.05364015 0.235242 0.6549495 0.0960678 0.2559054 0.9980487 0.08101137 0.7090195 1.077137 0.01706763 1.109409 0.9985608 0.03225525 1.456108 1.014135 0.2480225 0.6800737 1.001171 0.2400862 1.083886 0.9158705 0.2369035 1.430727 0.8852218  A_Kick_SoClose
0.05986448 0.04016292 0.9229707 0.02330239 0.1228329 1.005349 -0.190941 0.3505 1.04492 -0.08110099 0.2325364 0.781999 0.1430871 0.1218572 0.9361542 0.3096812 0.3638476 0.7991804 0.07839622 0.2245626 0.6501459 0.09983207 0.259307 0.9976839 0.06749113 0.7111164 1.080957 -0.008489115 1.114094 1.031859 -0.03342966 1.459784 1.055317 0.2392413 0.6869576 1.014476 0.2370508 1.087385 0.9141945 0.2392108 1.43426 0.8838428  A_Kick_SoClose
0.07111855 0.04349327 0.9215173 0.0272456 0.124265 1.002 -0.1946907 0.3411933 1.012193 -0.0592709 0.2145298 0.7657675 0.15166 0.1264958 0.9415573 0.3164348 0.3717502 0.8110837 0.1039881 0.2162888 0.6504525 0.100901 0.262516 1.000476 0.05470683 0.713226 1.083331 -0.02766983 1.117788 1.072439 -0.08419107 1.460336 1.084247 0.2301178 0.6928892 1.02572 0.2338439 1.090618 0.9152602 0.2395834 1.437256 0.8827537  A_Kick_SoClose
0.07741 0.04637885 0.9229816 0.02841611 0.1258857 1.001549 -0.1963314 0.3352871 0.9876798 -0.04096309 0.2009687 0.7576212 0.156028 0.1297824 0.9482826 0.3233529 0.3757992 0.8234981 0.1256843 0.2110379 0.6535414 0.1002541 0.2650713 1.004279 0.04345282 0.7149203 1.084484 -0.04085575 1.118427 1.109967 -0.1009968 1.460467 1.101885 0.2213388 0.6976906 1.033876 0.2300025 1.093325 0.9163932 0.2385398 1.439681 0.8815755  A_Kick_SoClose
0.08007051 0.0482372 0.9247359 0.02798625 0.1268996 1.001888 -0.1968488 0.331899 0.9724015 -0.029231 0.1924447 0.7543095 0.1574514 0.1318089 0.9533919 0.3283417 0.3775669 0.8326272 0.1399143 0.2086247 0.6563944 0.09856154 0.2666544 1.007225 0.03517343 0.7159724 1.085153 -0.04850988 1.117794 1.131104 -0.09475063 1.461639 1.113614 0.2144451 0.700599 1.039036 0.2265826 1.09472 0.9168686 0.237256 1.440847 0.8803967  A_Kick_SoClose
0.08324464 0.05167246 0.9284834 0.02597352 0.1287625 1.002804 -0.1958481 0.3265519 0.9461874 -0.008474095 0.1780932 0.7513579 0.1582843 0.1355072 0.9629844 0.3378723 0.3798077 0.8501176 0.1654139 0.2058418 0.6627721 0.09402265 0.2695274 1.012566 0.01946022 0.7178826 1.085788 -0.06252889 1.115616 1.161025 -0.06816356 1.462546 1.144253 0.2008354 0.7055743 1.047668 0.2196622 1.096778 0.9172515 0.2345903 1.44239 0.8775319  A_Kick_SoClose
0.08504118 0.0535605 0.931599 0.02486302 0.1296476 1.003939 -0.1928907 0.3241118 0.9321851 0.00437762 0.1703753 0.7517475 0.1585937 0.137695 0.9694628 0.345658 0.3799654 0.8617214 0.1818726 0.205292 0.6673816 0.09103681 0.2711074 1.016223 0.01031871 0.7189002 1.086597 -0.07151632 1.115734 1.166603 -0.07404463 1.46295 1.156212 0.1927543 0.70813 1.053389 0.215752 1.097452 0.9180993 0.2333722 1.442606 0.8756026  A_Kick_SoClose
0.08687456 0.05638385 0.9384507 0.02232124 0.1310531 1.006966 -0.185277 0.322571 0.9137052 0.02395822 0.160467 0.7554315 0.15787 0.1413035 0.9813007 0.3590425 0.3786439 0.8823122 0.208832 0.2050848 0.6763548 0.08511765 0.2736806 1.022928 -0.004323287 0.7206838 1.088455 -0.08541279 1.118067 1.166464 -0.1042464 1.46493 1.164068 0.1795437 0.7118484 1.063627 0.2099813 1.098179 0.9214085 0.2323839 1.442344 0.8734869  A_Kick_SoClose
0.0775909 0.05894899 0.9574741 0.007856565 0.1344419 1.017585 -0.1760062 0.3307396 0.9013051 0.03763725 0.1514032 0.7697662 0.1451822 0.1455994 1.005158 0.3704029 0.3707433 0.9195427 0.2426641 0.1957831 0.7000521 0.0675685 0.2780042 1.036693 -0.02943234 0.7244015 1.09314 -0.1040284 1.123839 1.167031 -0.1366998 1.4695 1.17821 0.1558635 0.717445 1.08225 0.1996549 1.099807 0.9329671 0.230589 1.441417 0.8730239  A_Kick_SoClose
0.0669377 0.05892467 0.9701031 -0.003984733 0.1365361 1.025839 -0.1753819 0.3374459 0.9028949 0.03341039 0.1467448 0.7798241 0.1338154 0.1461061 1.018301 0.3680237 0.3648752 0.937241 0.2500145 0.1827487 0.7181333 0.05652197 0.2797623 1.044969 -0.04036544 0.7262357 1.096836 -0.1128288 1.127617 1.161776 -0.154145 1.471795 1.184317 0.1451925 0.7197713 1.091544 0.195849 1.100024 0.9390801 0.2312467 1.439976 0.8725408  A_Kick_SoClose
0.04735335 0.0582478 0.9903969 -0.02433078 0.1398723 1.039397 -0.1764767 0.3473439 0.9083809 0.02025582 0.1381539 0.7959384 0.1138668 0.1459897 1.03827 0.3598914 0.3546139 0.9626917 0.2537986 0.1580622 0.7500509 0.03873219 0.2820815 1.057846 -0.05587177 0.7287636 1.103074 -0.1251426 1.132947 1.152191 -0.1743434 1.474314 1.193681 0.1297666 0.7228776 1.105376 0.191186 1.099516 0.9479765 0.2336531 1.436509 0.8712968  A_Kick_SoClose
0.0307094 0.05727637 1.006187 -0.04072879 0.1421769 1.050266 -0.1794804 0.3539602 0.9149402 0.006172495 0.1317765 0.8087567 0.09754641 0.1453767 1.05291 0.3520083 0.3455873 0.9799861 0.2515359 0.1392435 0.7739958 0.02484216 0.2833995 1.067512 -0.0669928 0.7302472 1.107996 -0.1333652 1.136019 1.14697 -0.1838499 1.47559 1.200042 0.1185457 0.724741 1.114828 0.1874359 1.098712 0.9541939 0.2351527 1.433238 0.8701504  A_Kick_SoClose
0.01976879 0.0564388 1.016197 -0.05115847 0.1433979 1.05741 -0.1827269 0.357592 0.9202174 -0.003993912 0.1283368 0.8172411 0.08710392 0.1447319 1.061768 0.3470246 0.3392981 0.9900535 0.2485997 0.1288775 0.7872227 0.0161524 0.2839327 1.073534 -0.07360922 0.7308847 1.111194 -0.1380398 1.137486 1.144338 -0.1881533 1.476104 1.203503 0.1118489 0.7255871 1.120069 0.1848177 1.098149 0.9579686 0.2356473 1.431136 0.8697404  A_Kick_SoClose
-1.393067E-05 0.05344844 1.034937 -0.06896 0.1439521 1.072504 -0.1960032 0.3618085 0.9348592 -0.02478866 0.1252 0.8358163 0.06931098 0.1421541 1.076395 0.3408221 0.3254778 1.005018 0.2429068 0.1214205 0.7955478 0.001686471 0.2832624 1.084441 -0.08356516 0.7305537 1.11703 -0.1453915 1.138186 1.141285 -0.1937526 1.47616 1.205383 0.1019351 0.7255085 1.125137 0.1795502 1.097334 0.9635028 0.2348836 1.428186 0.8701051  A_Kick_SoClose
-0.008857889 0.05052316 1.044925 -0.07600628 0.1426151 1.082169 -0.2093712 0.3618422 0.9471306 -0.03601829 0.1266999 0.8483151 0.06229861 0.1396151 1.082254 0.3407373 0.3161634 1.007801 0.2418717 0.1289167 0.7835935 -0.003845556 0.2814567 1.08969 -0.0864868 0.7290633 1.119757 -0.1491584 1.136736 1.14097 -0.1972009 1.475243 1.20244 0.099162 0.7240416 1.123049 0.1769874 1.097147 0.964496 0.2335991 1.427627 0.8705505  A_Kick_SoClose
