0.007710533 0.04648197 8.9994 -0.06559919 0.13478 9.034188 -0.2009753 0.3573321 8.903868 0.008096354 0.1605715 8.791254 0.07259424 0.1410798 9.034568 0.2964558 0.387725 9.044708 0.2564494 0.2583421 8.767646 -0.002943737 0.2782933 9.038549 -0.116036 0.719675 9.05867 -0.176069 1.128138 9.047335 -0.2163983 1.470653 9.088938 0.06950237 0.7275754 9.062498 0.1470762 1.097419 8.896361 0.2039463 1.427325 8.800573  SA_HookPunch_Far
0.003044026 0.04573333 9.00155 -0.06964587 0.1342936 9.03686 -0.2054683 0.3550507 8.905488 0.003456192 0.1569716 8.794931 0.06856532 0.1401502 9.036076 0.2951584 0.3845496 9.040972 0.2518561 0.2495207 8.767117 -0.006498201 0.2776138 9.040389 -0.1180028 0.7194 9.060299 -0.1763429 1.128062 9.047384 -0.2152554 1.470836 9.088197 0.06758364 0.7267247 9.062659 0.1452095 1.096927 8.897347 0.2026139 1.426228 8.79981  SA_HookPunch_Far
-0.005244477 0.04279435 9.005688 -0.07674877 0.1318101 9.042261 -0.2151972 0.3484813 8.909398 -0.007370574 0.1476635 8.801751 0.06144275 0.1369597 9.038542 0.2931042 0.3763374 9.030858 0.240879 0.2303225 8.764294 -0.01282607 0.2748215 9.043799 -0.1215581 0.7172934 9.063765 -0.1760055 1.126406 9.04836 -0.2117338 1.469853 9.086326 0.06407447 0.7236298 9.062375 0.1417248 1.095416 8.900669 0.1999502 1.423748 8.80039  SA_HookPunch_Far
-0.01088385 0.04012394 9.009298 -0.08144258 0.1293756 9.047246 -0.2240416 0.3420726 8.913678 -0.01804708 0.1387748 8.807171 0.05664774 0.1341535 9.040502 0.2914716 0.3693119 9.021008 0.2302588 0.2154856 8.760826 -0.01714818 0.2722278 9.046749 -0.1241242 0.7151253 9.067096 -0.175387 1.124591 9.050233 -0.2085029 1.468664 9.084753 0.06145491 0.7208612 9.061708 0.1390497 1.094193 8.903576 0.1977053 1.421613 8.800603  SA_HookPunch_Far
-0.01654087 0.03714848 9.013371 -0.08602773 0.126582 9.053102 -0.2342625 0.3345882 8.919248 -0.03101979 0.1281897 8.813419 0.05183877 0.1310211 9.042597 0.2899859 0.3607086 9.009125 0.2173898 0.1992716 8.756593 -0.02147995 0.2692885 9.050072 -0.126725 0.7125977 9.070922 -0.1746986 1.122403 9.052669 -0.205046 1.46715 9.082705 0.05865778 0.7177566 9.060523 0.1363734 1.093273 8.907712 0.1953992 1.419843 8.80228  SA_HookPunch_Far
-0.02621661 0.03151762 9.022053 -0.09329163 0.1211604 9.066407 -0.2564589 0.3186955 8.934931 -0.06129907 0.1047407 8.828895 0.04352846 0.125093 9.046355 0.2842818 0.3443829 8.980648 0.1858633 0.1673154 8.748129 -0.0288379 0.2636418 9.057159 -0.1311384 0.707588 9.079749 -0.1736714 1.117891 9.059317 -0.1991506 1.463841 9.077834 0.053126 0.7118632 9.056729 0.131134 1.092487 8.917289 0.1895948 1.41726 8.806145  SA_HookPunch_Far
-0.03087167 0.02854407 9.026871 -0.09632181 0.1183363 9.074191 -0.2694972 0.3096567 8.946722 -0.07984607 0.09125113 8.839768 0.03940459 0.1220423 9.047699 0.2789343 0.3352648 8.961478 0.1649956 0.1479944 8.744562 -0.03231905 0.2607093 9.060987 -0.1330833 0.7049277 9.085316 -0.1732629 1.115411 9.06378 -0.1965705 1.461842 9.074571 0.0499449 0.7088035 9.053896 0.1281082 1.092309 8.922679 0.1849519 1.416049 8.807749  SA_HookPunch_Far
-0.0337197 0.02651072 9.030091 -0.09780477 0.1164528 9.07971 -0.2791089 0.3032988 8.957202 -0.09412496 0.08169079 8.848674 0.0367793 0.1200646 9.047908 0.2735589 0.3287981 8.945612 0.1483842 0.1330585 8.742827 -0.03440217 0.2587774 9.063444 -0.1341126 0.7031307 9.089739 -0.1731219 1.113686 9.067439 -0.1953449 1.460325 9.072055 0.04760965 0.7068021 9.051462 0.1257206 1.092331 8.926283 0.1804671 1.415427 8.808558  SA_HookPunch_Far
-0.03606991 0.02489436 9.032746 -0.09887664 0.1149664 9.084343 -0.2871646 0.2979496 8.966775 -0.1062038 0.07368529 8.856929 0.03452887 0.1185111 9.047906 0.2678531 0.3233069 8.931746 0.1338008 0.1204013 8.742105 -0.0361254 0.2572545 9.065445 -0.1349166 0.701712 9.093554 -0.1729642 1.112313 9.070445 -0.1944225 1.45903 9.06969 0.04544653 0.7052168 9.0493 0.1239137 1.092319 8.929305 0.1767006 1.414968 8.809478  SA_HookPunch_Far
-0.03841506 0.02305007 9.035379 -0.0993586 0.1132681 9.089568 -0.2971399 0.2915269 8.980438 -0.1221208 0.0640471 8.867617 0.0321488 0.1168929 9.04679 0.2583435 0.3171922 8.912615 0.1147854 0.1044629 8.741612 -0.03779362 0.2555884 9.067308 -0.1356003 0.7000813 9.098527 -0.1725799 1.110691 9.073893 -0.1933102 1.457373 9.066432 0.04258223 0.7035323 9.046177 0.1217646 1.092524 8.932953 0.1718996 1.415262 8.812228  SA_HookPunch_Far
-0.04051379 0.02165651 9.037712 -0.09967254 0.1120067 9.09418 -0.3055523 0.2859697 8.993223 -0.1356918 0.05571318 8.878171 0.02986677 0.1156914 9.045773 0.2484551 0.3118047 8.895881 0.09780927 0.09075522 8.742429 -0.03931383 0.2543491 9.068956 -0.1361245 0.698878 9.102961 -0.1722925 1.109465 9.076797 -0.192669 1.455984 9.063244 0.03978457 0.7022663 9.043411 0.1202309 1.092645 8.936003 0.167952 1.415478 8.814555  SA_HookPunch_Far
-0.04264138 0.02024531 9.040147 -0.09879582 0.1106702 9.09994 -0.3159029 0.2789172 9.013034 -0.1551679 0.04464996 8.893073 0.02733059 0.1146669 9.043253 0.231076 0.306336 8.871779 0.0736642 0.07386339 8.744176 -0.04063122 0.2531531 9.070679 -0.1361883 0.6975805 9.109549 -0.1721786 1.107957 9.080045 -0.1928496 1.454074 9.058837 0.03582456 0.701148 9.039545 0.1178265 1.092758 8.937955 0.1630106 1.416415 8.817737  SA_HookPunch_Far
-0.04467563 0.01940584 9.042315 -0.09744672 0.1098812 9.105396 -0.3245248 0.2729616 9.034305 -0.1740118 0.03446078 8.909522 0.02460094 0.1142124 9.040412 0.2105262 0.3017622 8.848681 0.04962977 0.05886137 8.747608 -0.04179851 0.2525153 9.072237 -0.135749 0.6968153 9.116281 -0.1725184 1.106815 9.08277 -0.1944027 1.452337 9.054321 0.03164222 0.7006062 9.03586 0.1155257 1.092875 8.938432 0.1592155 1.41759 8.820538  SA_HookPunch_Far
-0.04626844 0.0192523 9.043942 -0.09511481 0.1096995 9.110353 -0.3318957 0.267091 9.0582 -0.1920762 0.02556217 8.926969 0.02198948 0.1144915 9.036862 0.1861936 0.2988918 8.826415 0.02540989 0.04644537 8.752093 -0.04244367 0.2525454 9.073454 -0.1344829 0.6966134 9.12336 -0.173784 1.105945 9.084916 -0.1982238 1.450725 9.050227 0.02739974 0.7008184 9.032376 0.1124886 1.093209 8.936496 0.156484 1.419426 8.822942  SA_HookPunch_Far
-0.04722277 0.01957083 9.044791 -0.09298842 0.1099527 9.113535 -0.3352431 0.2642225 9.076419 -0.2039206 0.02094936 8.939744 0.02010425 0.1151261 9.034034 0.1670659 0.2978835 8.811885 0.008022266 0.03973341 8.7556 -0.0426415 0.2529751 9.074159 -0.1330178 0.6968393 9.128544 -0.175347 1.105471 9.086085 -0.2023448 1.449701 9.047997 0.02451076 0.7014114 9.030231 0.1095739 1.09356 8.933343 0.1547969 1.420864 8.823458  SA_HookPunch_Far
-0.04827611 0.02064216 9.045539 -0.08949821 0.1108794 9.117337 -0.3370792 0.2619829 9.102394 -0.2186392 0.01679409 8.957612 0.01748856 0.1166438 9.029828 0.1390062 0.2978536 8.794257 -0.01557229 0.03309429 8.760905 -0.04256205 0.2541758 9.074864 -0.1302502 0.6977099 9.135646 -0.1783395 1.105062 9.087417 -0.2096203 1.448553 9.046068 0.02080246 0.7028762 9.027674 0.1044052 1.094413 8.927109 0.1524464 1.423134 8.822791  SA_HookPunch_Far
-0.04892115 0.02243114 9.045587 -0.08531235 0.112427 9.120319 -0.3347492 0.262602 9.128817 -0.2307927 0.01691198 8.9741 0.01484688 0.1189034 9.025117 0.1094517 0.2997711 8.779651 -0.03951637 0.03008044 8.766239 -0.04207687 0.2560511 9.075112 -0.1267329 0.699181 9.142484 -0.1821728 1.104818 9.088082 -0.2179318 1.447697 9.04531 0.01740642 0.7050665 9.025476 0.09790553 1.095863 8.91964 0.1498098 1.425983 8.821789  SA_HookPunch_Far
-0.04936437 0.02503753 9.045197 -0.08076344 0.1147456 9.122581 -0.3291547 0.2650834 9.154613 -0.2409747 0.01962543 8.990047 0.0120541 0.1219904 9.020259 0.07931234 0.3030033 8.768291 -0.06268148 0.02927923 8.772444 -0.04138575 0.2587188 9.075022 -0.1226706 0.7014058 9.148865 -0.1866047 1.104966 9.088642 -0.2268344 1.447307 9.045538 0.01422031 0.7080654 9.023493 0.09050305 1.098077 8.911798 0.1469937 1.429316 8.820492  SA_HookPunch_Far
-0.04950849 0.02799881 9.043941 -0.0762019 0.117334 9.123626 -0.3196573 0.2711277 9.177214 -0.2491065 0.02834141 9.000621 0.009427087 0.1254064 9.015275 0.05225452 0.30811 8.760911 -0.08278476 0.03132308 8.776967 -0.0405492 0.2616774 9.074284 -0.1186646 0.7038986 9.153984 -0.1909891 1.10515 9.088094 -0.2345168 1.447179 9.045728 0.01155563 0.7113491 9.021739 0.08332606 1.100791 8.905174 0.1452383 1.432936 8.820947  SA_HookPunch_Far
-0.04970722 0.03255606 9.042144 -0.07064085 0.1214255 9.124202 -0.305373 0.2798257 9.202594 -0.2578014 0.04101872 9.013344 0.005960124 0.1305125 9.009367 0.02008082 0.3153044 8.755282 -0.1054966 0.03505063 8.783435 -0.03954462 0.2662144 9.073114 -0.1135319 0.7078593 9.159547 -0.196669 1.105973 9.087653 -0.2439371 1.447658 9.046535 0.008417146 0.7162648 9.019692 0.07437392 1.105055 8.897645 0.1435028 1.437713 8.821438  SA_HookPunch_Far
-0.04993926 0.03873336 9.038874 -0.06432991 0.1269993 9.123112 -0.2837212 0.2946395 9.229056 -0.2690606 0.0657059 9.022944 0.0017906 0.1373309 9.00204 -0.01350598 0.3266522 8.753759 -0.1283299 0.04241049 8.787324 -0.03847967 0.2723216 9.070634 -0.1076902 0.7132838 9.164256 -0.2034413 1.107355 9.08606 -0.2534124 1.448965 9.047597 0.005017536 0.7227765 9.016918 0.06542458 1.111041 8.890407 0.144405 1.443497 8.823454  SA_HookPunch_Far
-0.05021594 0.04642296 9.035027 -0.05800269 0.1340868 9.120823 -0.2577441 0.3118953 9.253598 -0.2811022 0.09764528 9.03301 -0.002646131 0.1456776 8.994575 -0.04501174 0.3400781 8.756351 -0.1501285 0.05222917 8.79096 -0.03744541 0.2799344 9.067469 -0.1015556 0.7201958 9.167845 -0.2107497 1.109696 9.084535 -0.2626944 1.451367 9.049365 0.001644628 0.7307709 9.013769 0.0564548 1.11847 8.883045 0.1461603 1.449808 8.824598  SA_HookPunch_Far
-0.05044089 0.05306828 9.031565 -0.05310832 0.140272 9.118132 -0.2340512 0.326812 9.271062 -0.290783 0.1288162 9.041526 -0.006212993 0.1528453 8.988594 -0.06739978 0.3517247 8.76104 -0.1665965 0.06149948 8.793191 -0.03666912 0.2865188 9.064444 -0.09665696 0.7262273 9.169744 -0.2167626 1.111803 9.083252 -0.2695454 1.453644 9.051119 -0.0009648036 0.7376338 9.010953 0.04953923 1.124854 8.877111 0.1480795 1.454718 8.824887  SA_HookPunch_Far
-0.05052207 0.05932808 9.028242 -0.04886041 0.1461536 9.115154 -0.2109833 0.3413115 9.284484 -0.3001876 0.1614921 9.050358 -0.009133859 0.1595314 8.98332 -0.08461337 0.3626478 8.766903 -0.180575 0.07089663 8.794778 -0.03590367 0.2927192 9.061382 -0.09237574 0.7319716 9.17053 -0.2222283 1.113849 9.081747 -0.2751268 1.45594 9.052601 -0.003115339 0.7440503 9.008085 0.04335602 1.130781 8.871398 0.1499379 1.458965 8.824677  SA_HookPunch_Far
-0.05040036 0.06500876 9.025024 -0.04515259 0.1515085 9.112033 -0.1899093 0.3526329 9.295774 -0.3077528 0.1934068 9.05941 -0.01140944 0.1655755 8.978613 -0.09755854 0.3724695 8.772883 -0.192226 0.07987118 8.795877 -0.03512697 0.2983413 9.058363 -0.08873652 0.7371836 9.170622 -0.227128 1.115702 9.080365 -0.2797607 1.458062 9.054039 -0.004908545 0.7498584 9.005353 0.03781505 1.136168 8.866274 0.1513369 1.462676 8.824401  SA_HookPunch_Far
-0.05000923 0.07295179 9.020393 -0.04023908 0.1590574 9.107333 -0.1598725 0.3669372 9.308957 -0.3164583 0.2408371 9.075105 -0.01413111 0.1739423 8.9723 -0.1121886 0.3859375 8.782019 -0.2070429 0.09290719 8.797523 -0.03397308 0.3061973 9.053935 -0.0840535 0.744535 9.169798 -0.233491 1.118602 9.078602 -0.2848378 1.461462 9.056595 -0.007149322 0.7579342 9.001252 0.03011461 1.143728 8.859204 0.1528756 1.467656 8.823874  SA_HookPunch_Far
-0.04917167 0.07974541 9.016397 -0.03608982 0.1655911 9.103166 -0.133623 0.3785241 9.317821 -0.322064 0.2853998 9.092154 -0.01560269 0.1809844 8.967222 -0.1207613 0.3973304 8.790376 -0.2178923 0.1047558 8.798752 -0.03265516 0.3129117 9.05001 -0.08036505 0.7509232 9.168109 -0.2394737 1.120846 9.076367 -0.2898626 1.464061 9.057973 -0.00851397 0.764785 8.997384 0.02389236 1.150208 8.853155 0.1541152 1.471776 8.823418  SA_HookPunch_Far
-0.04765354 0.08795917 9.011455 -0.03113566 0.1735902 9.097979 -0.1017064 0.3910151 9.325597 -0.3242418 0.3414698 9.117917 -0.01656179 0.1893674 8.961319 -0.1269661 0.4106734 8.799911 -0.2288216 0.1195894 8.800123 -0.03079717 0.3210326 9.045051 -0.0764222 0.7587612 9.164975 -0.2466314 1.123779 9.073511 -0.2953443 1.46746 9.059946 -0.009760959 0.7730229 8.99219 0.01663335 1.158128 8.845901 0.1554845 1.476623 8.822893  SA_HookPunch_Far
-0.04488907 0.09825158 9.004915 -0.02489011 0.1837617 9.09119 -0.06137536 0.4040941 9.331624 -0.3171064 0.4154108 9.159633 -0.0163881 0.1996576 8.954033 -0.1286289 0.426908 8.810616 -0.2391571 0.1391596 8.801196 -0.02799789 0.3312044 9.038354 -0.0723456 0.7687484 9.159286 -0.2556106 1.127786 9.069394 -0.3012859 1.472088 9.062789 -0.01074014 0.7832692 8.984656 0.007847266 1.168179 8.836663 0.1571385 1.48243 8.822303  SA_HookPunch_Far
-0.04109583 0.1054024 9.000169 -0.02013282 0.1910012 9.086564 -0.03507934 0.4120649 9.33307 -0.3068904 0.4644253 9.197112 -0.01339273 0.2065482 8.949268 -0.1214301 0.4369683 8.811055 -0.2396835 0.1524614 8.797776 -0.02487795 0.3382626 9.033344 -0.07075314 0.7758811 9.153189 -0.2611398 1.131548 9.064711 -0.304022 1.476273 9.064271 -0.009954853 0.7902986 8.978268 0.003397005 1.175233 8.829775 0.1585094 1.486885 8.821925  SA_HookPunch_Far
-0.03809081 0.110963 8.99628 -0.01635377 0.1966394 9.082765 -0.01328693 0.4173946 9.332769 -0.2907866 0.5030515 9.229018 -0.01102195 0.2118849 8.945373 -0.1153554 0.4446417 8.811324 -0.2399519 0.1630124 8.795043 -0.02243314 0.3437405 9.029238 -0.06960921 0.7814135 9.14817 -0.2657618 1.134236 9.060905 -0.3062456 1.47922 9.065447 -0.009433551 0.7957407 8.973027 -0.0003840755 1.180657 8.824161 0.1594633 1.489995 8.821574  SA_HookPunch_Far
-0.03303401 0.1166364 8.992388 -0.01218657 0.2024781 9.079381 0.006332116 0.4228539 9.330988 -0.2730351 0.5362983 9.266243 -0.005379898 0.2171221 8.941989 -0.1012634 0.4508241 8.801805 -0.2325059 0.1722375 8.785393 -0.0186672 0.349283 9.025093 -0.06980322 0.7871941 9.141212 -0.2691858 1.138361 9.054592 -0.3068238 1.483516 9.065779 -0.007025702 0.801145 8.966953 -0.001962883 1.185966 8.817654 0.1610772 1.493618 8.821649  SA_HookPunch_Far
-0.02651129 0.1229526 8.987816 -0.007221324 0.2089952 9.075483 0.0293106 0.4275317 9.327624 -0.2426514 0.5720964 9.311965 0.002175646 0.2228783 8.938165 -0.08222942 0.4566709 8.788074 -0.2209576 0.1817296 8.771759 -0.01390074 0.3554107 9.020178 -0.07049291 0.7935966 9.132326 -0.2730684 1.143032 9.046114 -0.307304 1.488164 9.065763 -0.003671391 0.8070641 8.95954 -0.003581209 1.191591 8.809397 0.1626266 1.497321 8.821721  SA_HookPunch_Far
-0.01977418 0.1274118 8.984972 -0.003467007 0.2136345 9.073298 0.043296 0.4299359 9.324613 -0.2178285 0.5923169 9.348149 0.01098736 0.2268249 8.936352 -0.0608478 0.4576637 8.768232 -0.2037005 0.1846856 8.754796 -0.009168429 0.359683 9.016924 -0.07238565 0.7981586 9.124037 -0.2741975 1.147783 9.036803 -0.3057446 1.49266 9.063968 0.0009374787 0.8110771 8.953865 -0.00310765 1.194891 8.801965 0.1630798 1.50024 8.821755  SA_HookPunch_Far
-0.01343392 0.1308833 8.982352 -0.0002031158 0.2172316 9.071211 0.05494811 0.4303254 9.321542 -0.1911017 0.6069013 9.379747 0.01936026 0.2298723 8.934849 -0.03909032 0.4566005 8.749504 -0.1856904 0.1854953 8.73879 -0.004786594 0.362964 9.013924 -0.07428174 0.8016006 9.116126 -0.2749297 1.151672 9.028008 -0.3043847 1.496079 9.062509 0.005455928 0.8141322 8.948835 -0.0025454 1.197077 8.794911 0.1629055 1.502308 8.821523  SA_HookPunch_Far
-0.006026549 0.1334962 8.9796 0.002563255 0.2198627 9.068772 0.06114503 0.4288657 9.318023 -0.168077 0.6163544 9.40412 0.02964826 0.2322839 8.933681 -0.01114349 0.451007 8.72446 -0.1609356 0.1814843 8.719538 0.0001254846 0.365402 9.010866 -0.0771697 0.8039374 9.107465 -0.2732677 1.156409 9.018673 -0.3008482 1.500026 9.061578 0.01151325 0.8164655 8.944738 -0.001179798 1.198051 8.787783 0.1606445 1.504587 8.820896  SA_HookPunch_Far
0.001214998 0.1353217 8.976888 0.005123632 0.2216543 9.066162 0.06642552 0.4255277 9.314666 -0.1436447 0.6211589 9.427389 0.0396687 0.2339548 8.932773 0.0196466 0.4427997 8.702031 -0.134514 0.1757063 8.702028 0.004877882 0.3670324 9.007802 -0.07988827 0.8053681 9.098552 -0.2717761 1.160103 9.009576 -0.2982854 1.502614 9.061124 0.01749702 0.8180214 8.940889 0.0004635025 1.197898 8.780243 0.1584303 1.505744 8.819298  SA_HookPunch_Far
0.009432452 0.1359164 8.97263 0.006763475 0.2220032 9.061426 0.06366791 0.4198033 9.310994 -0.1295484 0.6233567 9.438827 0.05122944 0.2349142 8.931067 0.06096687 0.4292494 8.677137 -0.1003169 0.1664594 8.682916 0.009794371 0.3675247 9.003504 -0.08393596 0.805053 9.088557 -0.2681197 1.164291 9.001386 -0.2918788 1.505443 9.062416 0.02463664 0.8188491 8.93848 0.004806118 1.196456 8.772882 0.15714 1.506545 8.816326  SA_HookPunch_Far
0.01886787 0.1353898 8.967711 0.00865783 0.2210908 9.055413 0.05887308 0.4111933 9.306699 -0.1161157 0.6204167 9.450616 0.06428827 0.2348955 8.929509 0.1135559 0.4100454 8.656465 -0.05882792 0.1544768 8.665005 0.01546277 0.3668585 8.998438 -0.08800851 0.8033292 9.076579 -0.2655242 1.166485 8.991838 -0.289211 1.505683 9.062954 0.03276714 0.818646 8.936294 0.01100035 1.193307 8.764366 0.1565542 1.506055 8.811805  SA_HookPunch_Far
0.02762015 0.1329029 8.960914 0.009351866 0.217988 9.046743 0.04568811 0.4013453 9.301527 -0.1202484 0.6144109 9.450441 0.0763777 0.2333281 8.926704 0.1714538 0.3902521 8.646788 -0.01577334 0.1452076 8.648667 0.02026428 0.3643073 8.991858 -0.09240679 0.7993302 9.064138 -0.2609182 1.168274 8.9863 -0.2854761 1.505407 9.066378 0.04029324 0.8168863 8.93536 0.01941325 1.189408 8.758738 0.1556418 1.505998 8.808337  SA_HookPunch_Far
0.0347903 0.1299686 8.955487 0.01022442 0.21451 9.039308 0.03502639 0.3920453 9.296372 -0.1240473 0.6067118 9.450389 0.08603556 0.2311268 8.924792 0.2191808 0.3717465 8.646156 0.02006163 0.1363683 8.638869 0.02429851 0.3612881 8.986403 -0.09544168 0.7951161 9.053414 -0.2582244 1.167947 8.982184 -0.2848594 1.503039 9.069807 0.04611649 0.814488 8.934723 0.02673508 1.184982 8.75372 0.1557335 1.504446 8.804214  SA_HookPunch_Far
0.04378076 0.1232074 8.945134 0.009387093 0.2066907 9.024879 0.007080274 0.3782221 9.285116 -0.1552463 0.5909385 9.438444 0.09873851 0.2255951 8.920974 0.2886579 0.3509647 8.664903 0.07374699 0.1332089 8.626171 0.02890213 0.3544 8.976486 -0.09987853 0.7864844 9.036019 -0.249192 1.167367 8.979379 -0.2810892 1.500294 9.073275 0.05429037 0.8086371 8.934813 0.0401785 1.178149 8.751331 0.1540216 1.503605 8.799968  SA_HookPunch_Far
0.05171885 0.1158965 8.936126 0.009366589 0.198445 9.011422 -0.01744364 0.3646685 9.272125 -0.1842211 0.5744599 9.424705 0.1094158 0.2192692 8.918181 0.3435244 0.3315667 8.691839 0.1213064 0.1299907 8.62049 0.03321357 0.3469428 8.967599 -0.1025395 0.7776131 9.01998 -0.2427739 1.163813 8.978045 -0.2812667 1.494503 9.077223 0.06090857 0.8019444 8.935162 0.0524055 1.170519 8.749463 0.1537453 1.500575 8.794645  SA_HookPunch_Far
0.05842449 0.1064636 8.924891 0.00748785 0.1879574 8.993902 -0.05402158 0.3493997 9.251602 -0.2342145 0.5527494 9.397503 0.1190098 0.2107533 8.915287 0.3891139 0.3211621 8.734656 0.1710845 0.1344893 8.62187 0.03660222 0.3373611 8.956866 -0.1043197 0.7671843 9.001131 -0.2295492 1.160004 8.976953 -0.2760037 1.488918 9.078596 0.0679896 0.7928681 8.9367 0.06797327 1.162433 8.752783 0.1540613 1.497446 8.792819  SA_HookPunch_Far
0.06644996 0.09523344 8.911715 0.006600516 0.1756684 8.971908 -0.09742384 0.3311843 9.219789 -0.2958656 0.5264524 9.352448 0.1293585 0.2002553 8.913058 0.4287495 0.3104024 8.793759 0.2278395 0.1397744 8.633679 0.04117914 0.3259443 8.9443 -0.1037865 0.7552584 8.978868 -0.2146037 1.15312 8.978648 -0.2713972 1.479991 9.081623 0.07597025 0.7816093 8.940207 0.08575042 1.150364 8.75493 0.1543284 1.490649 8.782339  SA_HookPunch_Far
0.07066835 0.08667886 8.90044 0.005015152 0.1666342 8.952952 -0.1346752 0.3172693 9.187495 -0.3506847 0.5064152 9.300062 0.1345344 0.1917248 8.911329 0.4416126 0.3092343 8.840736 0.2643912 0.1441448 8.649837 0.04367848 0.3172922 8.934294 -0.1013425 0.7471502 8.962893 -0.1988394 1.148069 8.98115 -0.2612244 1.474562 9.082067 0.08179928 0.7724313 8.944963 0.09986295 1.141576 8.761089 0.1559746 1.484807 8.778164  SA_HookPunch_Far
0.0763603 0.0764513 8.885872 0.005145924 0.1562616 8.927965 -0.1774431 0.3011013 9.138128 -0.4133784 0.4828839 9.218111 0.1399673 0.180956 8.90924 0.4449136 0.306798 8.900114 0.3045451 0.1477104 8.676302 0.04759522 0.3069173 8.92151 -0.09599672 0.737814 8.943426 -0.1823376 1.139286 8.987478 -0.2491525 1.465637 9.085989 0.08813228 0.7607525 8.951903 0.1172321 1.129992 8.769642 0.1608176 1.475457 8.770881  SA_HookPunch_Far
0.08180387 0.0645858 8.864167 0.006542938 0.1457695 8.892574 -0.2310436 0.2811415 9.057645 -0.486731 0.4533292 9.066749 0.1427949 0.1663499 8.904785 0.4228478 0.3082414 8.967998 0.3434846 0.1509247 8.714902 0.05312916 0.2948389 8.904773 -0.08346049 0.7284371 8.924141 -0.1601674 1.127298 8.998981 -0.2267232 1.453418 9.098429 0.09677149 0.7449772 8.965907 0.1382733 1.114857 8.787386 0.1683474 1.461118 8.766246  SA_HookPunch_Far
0.08731671 0.05663085 8.847044 0.01144792 0.139709 8.865889 -0.263733 0.268669 8.983264 -0.5198978 0.4296973 8.923622 0.1445285 0.1550869 8.90039 0.3957089 0.3092396 9.009246 0.3639265 0.15318 8.745163 0.05941846 0.286412 8.892681 -0.07098792 0.722014 8.913199 -0.1493679 1.115939 9.009397 -0.2156047 1.441509 9.110842 0.1028854 0.7325373 8.977689 0.1533209 1.103818 8.804455 0.1782801 1.448804 8.764332  SA_HookPunch_Far
0.09351654 0.05034637 8.830873 0.01863469 0.1358204 8.842169 -0.2850757 0.2581308 8.903409 -0.5220714 0.4029317 8.769344 0.1460228 0.1446775 8.895377 0.3664199 0.312009 9.037217 0.3759318 0.1562729 8.77121 0.06686373 0.2792854 8.882573 -0.0575637 0.7164888 8.907055 -0.1433395 1.104884 9.018258 -0.2109851 1.429688 9.121218 0.1086838 0.7207302 8.989791 0.1653038 1.094609 8.824225 0.1888188 1.437165 8.766342  SA_HookPunch_Far
0.1000811 0.0456568 8.818286 0.02672251 0.1331393 8.82457 -0.2928582 0.2497915 8.825061 -0.4927996 0.3723685 8.624796 0.1478195 0.1360606 8.891385 0.3416204 0.3144567 9.053764 0.3805307 0.1581721 8.790771 0.07411666 0.2734315 8.875684 -0.04614202 0.7115439 8.904351 -0.1387285 1.096427 9.022112 -0.2097 1.41995 9.126849 0.113097 0.7106636 8.999974 0.1736462 1.086914 8.841314 0.1987525 1.426465 8.768359  SA_HookPunch_Far
0.1083834 0.04069757 8.806112 0.03660293 0.1299872 8.809393 -0.2835529 0.2386725 8.72501 -0.4109613 0.3194048 8.456017 0.1506685 0.1261079 8.887568 0.319492 0.3189441 9.06342 0.3781982 0.161466 8.804851 0.08312096 0.2664647 8.870636 -0.03358076 0.7050021 8.905021 -0.1301072 1.090289 9.01821 -0.2096982 1.411034 9.125268 0.1191991 0.6993598 9.01051 0.1807212 1.079435 8.861643 0.2092054 1.415092 8.77349  SA_HookPunch_Far
0.1150156 0.03717136 8.797688 0.04351898 0.1271993 8.799973 -0.2522212 0.2313335 8.637154 -0.2956912 0.2774398 8.335339 0.1525213 0.1184982 8.884708 0.3065372 0.319147 9.066937 0.3716422 0.1642629 8.808332 0.08925398 0.2608308 8.867736 -0.0250719 0.6995488 8.90615 -0.1232686 1.086035 9.01367 -0.208184 1.405736 9.119756 0.1238741 0.6908942 9.016791 0.1854267 1.074357 8.876894 0.2183053 1.407055 8.779535  SA_HookPunch_Far
0.1206302 0.03603482 8.791075 0.04815175 0.1259 8.793671 -0.1965183 0.214201 8.554598 -0.1472524 0.2230468 8.250291 0.1537808 0.1135963 8.882149 0.300398 0.3177878 9.067631 0.3612613 0.1698339 8.803985 0.09362336 0.2573388 8.865761 -0.01876752 0.6961653 8.907288 -0.1172179 1.08446 9.007834 -0.2053837 1.404396 9.110505 0.1285146 0.6856759 9.019979 0.189303 1.072677 8.889833 0.2268934 1.403348 8.787403  SA_HookPunch_Far
0.1222245 0.03599107 8.788332 0.04879763 0.1254549 8.790623 -0.1571173 0.2097242 8.519306 -0.0568984 0.2109528 8.227652 0.152902 0.1122828 8.880767 0.3034239 0.3106976 9.067992 0.3546432 0.1693068 8.798753 0.09362735 0.2563571 8.864078 -0.01740245 0.6955836 8.905585 -0.1151754 1.084915 9.002725 -0.2032929 1.405801 9.102431 0.1288766 0.6842016 9.01949 0.1917772 1.071498 8.891238 0.2314283 1.402027 8.789131  SA_HookPunch_Far
0.1234669 0.03686273 8.784714 0.04906841 0.1259121 8.786654 -0.1086207 0.2039804 8.490232 0.04431208 0.1984379 8.222486 0.1515029 0.1117183 8.87854 0.3061253 0.3035399 9.06767 0.3466156 0.1701216 8.792598 0.09325148 0.2561814 8.861611 -0.01609234 0.6958671 8.90332 -0.112862 1.086297 8.996994 -0.2006934 1.408189 9.093662 0.1290987 0.6834032 9.018497 0.1944292 1.071026 8.892466 0.2365062 1.40142 8.790894  SA_HookPunch_Far
0.1254072 0.03787792 8.781053 0.05160632 0.1269596 8.781492 -0.07564639 0.2043068 8.476055 0.1110317 0.1933295 8.230824 0.1511021 0.1120954 8.87645 0.3071057 0.2980046 9.06813 0.3422455 0.1660988 8.791597 0.09384383 0.2568049 8.858284 -0.01468579 0.6969038 8.89879 -0.1109843 1.087548 8.992054 -0.1985427 1.409798 9.087774 0.1274285 0.6832282 9.01761 0.1949494 1.070329 8.891129 0.2373211 1.401121 8.790981  SA_HookPunch_Far
0.1289889 0.0403595 8.774997 0.05678453 0.1296299 8.772692 -0.0262218 0.2076886 8.461964 0.2036398 0.1868359 8.257424 0.1508185 0.113798 8.872912 0.3076536 0.2900512 9.068933 0.3357964 0.1593696 8.791022 0.0952809 0.2588669 8.85242 -0.0121402 0.6996307 8.890423 -0.1079456 1.090295 8.984113 -0.1951108 1.412863 9.079115 0.1240106 0.6839688 9.0158 0.1953859 1.069802 8.887574 0.237579 1.401316 8.789767  SA_HookPunch_Far
0.1341712 0.0422157 8.772348 0.06413288 0.1316841 8.767591 -0.006318731 0.216355 8.457137 0.2321693 0.1846954 8.26419 0.1533092 0.1157182 8.872137 0.305553 0.2904264 9.071477 0.3381673 0.1547318 8.796472 0.0987341 0.2607989 8.849278 -0.009755893 0.7016717 8.883084 -0.1065349 1.091442 8.979457 -0.1950232 1.413052 9.076467 0.1203603 0.6855397 9.014655 0.1955143 1.069168 8.88205 0.236981 1.400949 8.784836  SA_HookPunch_Far
0.1400975 0.04476988 8.769696 0.07251139 0.1343693 8.762403 0.01514597 0.2263024 8.452999 0.2602519 0.1822605 8.27109 0.1561298 0.1183256 8.871434 0.3030735 0.2914195 9.074313 0.3406688 0.1503744 8.802657 0.1026867 0.2633934 8.845967 -0.006877704 0.7043749 8.874899 -0.1053541 1.09295 8.97433 -0.1958732 1.413286 9.073652 0.1162479 0.6878195 9.012984 0.1962097 1.068791 8.875615 0.2370563 1.400832 8.779034  SA_HookPunch_Far
0.1462398 0.04660475 8.77011 0.07980974 0.1359168 8.760997 0.02289011 0.2349468 8.451167 0.2624322 0.1838884 8.263762 0.1600062 0.1206611 8.87268 0.3013531 0.2955058 9.078516 0.3477663 0.1509768 8.810073 0.1067342 0.2653835 8.844986 -0.004575295 0.706236 8.868159 -0.1056868 1.093435 8.970277 -0.1996372 1.411958 9.072211 0.1135752 0.6905593 9.010624 0.1975061 1.069239 8.869343 0.2367167 1.401965 8.774452  SA_HookPunch_Far
0.1529417 0.0488168 8.770604 0.08784176 0.1377939 8.759564 0.03136267 0.2447312 8.449596 0.2641128 0.1866233 8.255796 0.1641669 0.123394 8.874039 0.2992617 0.300136 9.08297 0.3552111 0.1518232 8.818437 0.1111682 0.2677289 8.843906 -0.001819534 0.708406 8.860733 -0.1062712 1.093928 8.965792 -0.2043812 1.410282 9.070522 0.1106644 0.6936825 9.007812 0.1993429 1.069741 8.862488 0.2368578 1.403194 8.769484  SA_HookPunch_Far
0.1578878 0.05036438 8.772264 0.09271164 0.138851 8.760126 0.03327985 0.2494322 8.448782 0.2606623 0.1892689 8.249319 0.1676109 0.1254821 8.875663 0.2986346 0.304231 9.087008 0.3626028 0.1567599 8.823826 0.1144264 0.2694069 8.843938 0.0003052522 0.7099599 8.856226 -0.1076229 1.094149 8.962646 -0.2097047 1.408774 9.068777 0.1102644 0.6962981 9.005302 0.2015892 1.070755 8.8575 0.2369532 1.405023 8.766606  SA_HookPunch_Far
0.1648743 0.05249476 8.774746 0.09952386 0.1402544 8.761072 0.03562482 0.2558937 8.448089 0.25515 0.1932672 8.240738 0.1724894 0.1283859 8.878001 0.2976222 0.3100194 9.0927 0.373124 0.1642362 8.831642 0.1190546 0.2717023 8.844022 0.003478842 0.7120391 8.849842 -0.1096561 1.094222 8.95806 -0.217632 1.406248 9.066018 0.1099188 0.6999143 9.001582 0.2051041 1.072067 8.850434 0.2372772 1.407493 8.762671  SA_HookPunch_Far
0.1724287 0.05482531 8.777972 0.105978 0.1416812 8.763146 0.03602405 0.2595733 8.447995 0.252953 0.1936154 8.238953 0.1784975 0.1315324 8.880514 0.2979722 0.3178195 9.096865 0.384467 0.1751186 8.837521 0.1246368 0.2742076 8.844567 0.007633286 0.7143292 8.844853 -0.1129735 1.094043 8.953693 -0.2286558 1.403055 9.062334 0.1129413 0.7039079 8.997507 0.2105298 1.074602 8.844322 0.2384443 1.411601 8.761252  SA_HookPunch_Far
0.1796279 0.05614817 8.780914 0.1118718 0.1421248 8.765718 0.03651913 0.2609065 8.449814 0.2564009 0.1903557 8.245407 0.1851016 0.1334375 8.882762 0.3001926 0.3256326 9.097062 0.3935501 0.1826502 8.840264 0.1305342 0.2755476 8.845661 0.01146563 0.7152185 8.842603 -0.1167078 1.09266 8.950696 -0.2390524 1.399352 9.058612 0.1179213 0.70652 8.994567 0.2150567 1.077122 8.840872 0.2394333 1.41524 8.76131  SA_HookPunch_Far
0.1834658 0.05604625 8.782476 0.1149674 0.1415374 8.76738 0.03674533 0.2605598 8.451623 0.2595651 0.1867197 8.251607 0.1889756 0.1335924 8.883986 0.3023056 0.3293523 9.09579 0.3977941 0.1849269 8.840589 0.1338613 0.2753986 8.846532 0.01331558 0.7147049 8.842325 -0.1187506 1.09102 8.949656 -0.243945 1.396845 9.056761 0.1211239 0.7070193 8.993388 0.2168362 1.07809 8.839931 0.2396692 1.416615 8.761653  SA_HookPunch_Far
0.1863899 0.05572426 8.783836 0.1173272 0.1408018 8.769163 0.03654732 0.2600812 8.454248 0.261739 0.1816158 8.258699 0.192366 0.1334649 8.885148 0.3054117 0.332224 9.093555 0.4006241 0.1853558 8.839648 0.1365488 0.2749914 8.847677 0.01432021 0.7138336 8.84306 -0.1200901 1.089573 8.949496 -0.2459661 1.395504 9.05549 0.1238338 0.7071445 8.992939 0.2168759 1.079205 8.840238 0.2390114 1.417787 8.762006  SA_HookPunch_Far
0.1902158 0.05519783 8.785715 0.120408 0.13972 8.771661 0.03593482 0.2594947 8.458099 0.2640543 0.1746628 8.268699 0.196926 0.1332436 8.886727 0.3099187 0.335824 9.090514 0.4043514 0.1858815 8.838117 0.1400913 0.2743682 8.84927 0.0155191 0.7125512 8.844171 -0.1217877 1.087553 8.949506 -0.2481747 1.393797 9.053979 0.1273809 0.707236 8.992361 0.216564 1.080778 8.840981 0.2379383 1.419409 8.762747  SA_HookPunch_Far
0.1929033 0.05449486 8.787605 0.1225022 0.1385665 8.774248 0.03379299 0.2594755 8.462713 0.263655 0.1683093 8.278432 0.2006999 0.1329899 8.888227 0.3154848 0.3380951 9.088037 0.4071659 0.1862786 8.835746 0.1426944 0.2736766 8.850918 0.01581939 0.7111951 8.845632 -0.1227087 1.085971 8.950167 -0.2475987 1.393356 9.053078 0.1299635 0.7071645 8.992112 0.2145792 1.082709 8.843081 0.2360026 1.42127 8.764562  SA_HookPunch_Far
0.1958065 0.05366516 8.789804 0.1247214 0.1372265 8.777266 0.0311193 0.2595476 8.468251 0.262677 0.161116 8.289927 0.2049061 0.1327263 8.889904 0.3220045 0.3405451 9.085253 0.4102704 0.1869956 8.832792 0.1455044 0.2728844 8.852801 0.01595123 0.7096194 8.847392 -0.1236828 1.084198 8.951162 -0.2466679 1.392951 9.052257 0.132734 0.7070697 8.991811 0.2123627 1.084758 8.845475 0.2339842 1.423169 8.766362  SA_HookPunch_Far
0.1982803 0.05254412 8.792839 0.1262607 0.1355091 8.781353 0.02622493 0.2603309 8.47628 0.2593319 0.1532058 8.305129 0.2093275 0.1325836 8.891935 0.3313195 0.342854 9.082584 0.4136508 0.1895891 8.827955 0.1478797 0.2719572 8.855212 0.01481302 0.7076707 8.849961 -0.1243154 1.082524 8.953417 -0.2434382 1.393416 9.052563 0.1351181 0.7069749 8.991481 0.209672 1.086757 8.847918 0.2325559 1.42463 8.766886  SA_HookPunch_Far
0.2003461 0.05159402 8.795596 0.1274196 0.1339959 8.785117 0.02188648 0.2613201 8.483958 0.2560139 0.1467084 8.319168 0.2131583 0.1325516 8.893671 0.3397117 0.345042 9.079885 0.4165243 0.192379 8.823178 0.1497767 0.2711728 8.85739 0.01347251 0.7059271 8.852445 -0.1248872 1.081136 8.955643 -0.2404821 1.39395 9.052897 0.1369906 0.706923 8.991166 0.2078307 1.08815 8.849565 0.2314025 1.425659 8.767222  SA_HookPunch_Far
0.2022774 0.05060852 8.798923 0.12808 0.1322771 8.789759 0.01677294 0.2632676 8.493962 0.2518084 0.1410664 8.336061 0.2172139 0.1327296 8.895552 0.3496884 0.3478504 9.076235 0.4196533 0.196924 8.816562 0.1513125 0.2703612 8.86 0.01101096 0.7039178 8.855734 -0.1255504 1.079851 8.958692 -0.2366779 1.394956 9.053734 0.1384868 0.7069485 8.990798 0.2070484 1.088791 8.849734 0.2304985 1.426296 8.767342  SA_HookPunch_Far
0.2038651 0.04984629 8.801626 0.1286308 0.1308964 8.79361 0.01286783 0.2650486 8.502513 0.2481795 0.136428 8.350222 0.220515 0.1329232 8.897004 0.3577329 0.3502609 9.072839 0.4219533 0.2007074 8.810896 0.1525377 0.2697202 8.862145 0.008952813 0.7022648 8.858576 -0.1260969 1.07883 8.961215 -0.2336739 1.395785 9.05417 0.1396312 0.7069771 8.990494 0.2064592 1.089297 8.849893 0.2298148 1.426817 8.767534  SA_HookPunch_Far
0.2057009 0.04878235 8.805047 0.1288727 0.1288589 8.798934 0.008231776 0.2699728 8.51614 0.2434979 0.1344332 8.3699 0.2247476 0.1331362 8.898567 0.3682674 0.3540481 9.066532 0.4246493 0.2064232 8.801707 0.153707 0.2687004 8.865027 0.005452113 0.6997738 8.862921 -0.126871 1.07757 8.964584 -0.2296173 1.397051 9.054297 0.1407241 0.7068421 8.990015 0.205783 1.089924 8.850661 0.2285213 1.427917 8.770091  SA_HookPunch_Far
0.2076779 0.04789054 8.808966 0.1291933 0.1268827 8.805063 0.003757076 0.2724375 8.530341 0.2394971 0.1294438 8.392186 0.2292663 0.1336499 8.900335 0.3791359 0.3585215 9.059022 0.4268343 0.212762 8.791471 0.1549315 0.2678297 8.868405 0.001602726 0.6972328 8.868055 -0.1278323 1.076453 8.96812 -0.2258103 1.398561 9.05368 0.1417215 0.7069383 8.989604 0.2048261 1.090681 8.851173 0.2269055 1.429078 8.772133  SA_HookPunch_Far
0.2091798 0.04702592 8.81284 0.1291238 0.1249099 8.811568 -0.0003039073 0.2777351 8.547326 0.2344449 0.1276121 8.415176 0.2334848 0.1341499 8.901905 0.3892997 0.3629994 9.049938 0.4278845 0.2191151 8.779914 0.1558337 0.2669241 8.872061 -0.00253175 0.6945887 8.874216 -0.1286401 1.075546 8.971905 -0.2221926 1.400179 9.052744 0.1425567 0.70696 8.989532 0.2033142 1.091274 8.85164 0.2245065 1.429997 8.773755  SA_HookPunch_Far
0.2100318 0.04639161 8.816153 0.1288086 0.1233817 8.817265 -0.003445072 0.2824239 8.562483 0.2296937 0.1259987 8.434869 0.2366627 0.1346561 8.903158 0.3970982 0.3665786 9.041627 0.4277514 0.2242402 8.769773 0.1563333 0.2662632 8.875299 -0.006060345 0.6924744 8.879926 -0.1291856 1.075035 8.975123 -0.2193708 1.401642 9.051728 0.1431068 0.7070572 8.989644 0.2021138 1.091761 8.852078 0.2226356 1.430776 8.775295  SA_HookPunch_Far
0.2102628 0.04583693 8.819433 0.1280955 0.12203 8.823009 -0.006433887 0.2874075 8.578116 0.2245519 0.1251137 8.453964 0.23922 0.1351848 8.904345 0.4037362 0.3696733 9.033021 0.4265339 0.2288374 8.759617 0.1564484 0.2657095 8.878624 -0.009551687 0.6905614 8.886003 -0.1295132 1.074853 8.978216 -0.2167668 1.403202 9.050657 0.1434671 0.7072187 8.98997 0.2009968 1.092212 8.852589 0.2208904 1.431556 8.777105  SA_HookPunch_Far
0.209882 0.04537761 8.822846 0.126876 0.1208295 8.829022 -0.00944267 0.292222 8.594409 0.2187523 0.1237357 8.473384 0.2411847 0.1358055 8.905485 0.4097267 0.3726368 9.023817 0.4241262 0.2329961 8.74923 0.1561024 0.2652836 8.882122 -0.01313387 0.6888628 8.892601 -0.1296841 1.075006 8.981395 -0.2140182 1.405065 9.049383 0.1436579 0.7075045 8.990429 0.2000559 1.092651 8.853007 0.2195098 1.43233 8.77893  SA_HookPunch_Far
0.2089153 0.04507744 8.825464 0.1253765 0.1200556 8.833638 -0.01211051 0.2957116 8.606895 0.2137757 0.1230234 8.487473 0.2419654 0.1362778 8.90631 0.4135428 0.3745636 9.016676 0.4214047 0.2354511 8.741557 0.1553267 0.2650484 8.884832 -0.01587389 0.6878182 8.897844 -0.129587 1.07545 8.983783 -0.2116673 1.406757 9.048376 0.1436397 0.7077914 8.990893 0.1995086 1.092933 8.85324 0.2187552 1.432882 8.780356  SA_HookPunch_Far
0.2071347 0.04479027 8.829176 0.122946 0.119163 8.84021 -0.01516257 0.3012295 8.625371 0.2064332 0.1223397 8.507044 0.2425478 0.1370348 8.907391 0.4182545 0.3772141 9.006307 0.4166774 0.2384992 8.730879 0.1539099 0.2648743 8.888689 -0.01961373 0.686639 8.905444 -0.1297428 1.076208 8.98719 -0.2090502 1.409113 9.046844 0.1435107 0.708331 8.991591 0.1989664 1.093322 8.853352 0.2181425 1.433626 8.782126  SA_HookPunch_Far
0.2039618 0.04471707 8.833 0.1192144 0.1186513 8.847003 -0.0203992 0.3047245 8.642812 0.197391 0.1203346 8.52587 0.2416881 0.1378946 8.90838 0.4221724 0.3796337 8.995285 0.4104622 0.2402902 8.720421 0.1514176 0.2649946 8.89269 -0.02331058 0.6861635 8.913584 -0.13047 1.077392 8.991248 -0.2075078 1.411676 9.045962 0.1432805 0.7091401 8.992457 0.1990248 1.093713 8.853175 0.2184095 1.434416 8.783938  SA_HookPunch_Far
0.2006989 0.04482996 8.836349 0.1155927 0.1184795 8.852927 -0.02508424 0.3074729 8.657664 0.1892611 0.1184039 8.541835 0.2403266 0.138742 8.909213 0.4248088 0.3816074 8.985642 0.4043286 0.2414694 8.711696 0.1488975 0.2653136 8.896185 -0.02633057 0.6861492 8.920707 -0.1313445 1.078591 8.995111 -0.2068848 1.413827 9.045947 0.1430028 0.7100401 8.993212 0.1991531 1.094127 8.852755 0.2187952 1.435185 8.785364  SA_HookPunch_Far
0.1966364 0.04505301 8.839637 0.111302 0.1185707 8.858711 -0.03036044 0.3102186 8.672079 0.1806671 0.1172522 8.556585 0.2380542 0.1395781 8.909993 0.4266265 0.3832357 8.976197 0.3975479 0.2419767 8.703608 0.1458156 0.2658054 8.899595 -0.02913551 0.6865949 8.927687 -0.1324403 1.079964 8.999543 -0.2069286 1.415873 9.047401 0.1426581 0.7110839 8.993935 0.1993548 1.094574 8.852076 0.2192483 1.43604 8.786857  SA_HookPunch_Far
0.1917202 0.04547131 8.843427 0.1062814 0.1189491 8.865195 -0.03636871 0.3129512 8.687481 0.1712992 0.1160911 8.572469 0.2350103 0.1406065 8.910989 0.4277988 0.3848652 8.966252 0.3896758 0.2425233 8.695346 0.1421347 0.2665695 8.903451 -0.03204707 0.6874663 8.935327 -0.1338212 1.081721 9.004462 -0.2075609 1.41818 9.049539 0.1421749 0.7124547 8.994688 0.199525 1.095213 8.851125 0.2198274 1.437103 8.788302  SA_HookPunch_Far
0.1855068 0.0460974 8.847867 0.100144 0.119711 8.872484 -0.04386942 0.3156112 8.703625 0.161013 0.1155394 8.589161 0.2307667 0.1418062 8.912318 0.4280892 0.3863147 8.956204 0.3806284 0.2430931 8.687244 0.1375579 0.2676688 8.907831 -0.03506051 0.6889417 8.943615 -0.1355771 1.083991 9.010003 -0.2089596 1.420804 9.052966 0.1415075 0.7142229 8.995443 0.1996249 1.096104 8.849866 0.2205291 1.438457 8.789825  SA_HookPunch_Far
0.1784697 0.04684973 8.852874 0.09333892 0.1207403 8.880294 -0.05242107 0.3177925 8.719513 0.1504966 0.1155182 8.605421 0.2256209 0.1431061 8.914035 0.4273098 0.3875566 8.947069 0.3713028 0.2440907 8.67989 0.1323403 0.2689868 8.912582 -0.03822903 0.6907911 8.952065 -0.1374026 1.086599 9.015903 -0.210289 1.423736 9.057136 0.1404159 0.7162458 8.996106 0.1993395 1.097237 8.848534 0.221198 1.439977 8.791095  SA_HookPunch_Far
0.1697841 0.04745352 8.859157 0.08507963 0.1217736 8.889751 -0.0629373 0.3195137 8.737552 0.1384281 0.1155487 8.623719 0.218948 0.1442941 8.916385 0.4253472 0.3884028 8.937357 0.3602761 0.2451173 8.672141 0.1258431 0.2702976 8.918382 -0.04196541 0.6928304 8.961868 -0.1395638 1.08946 9.022976 -0.2117462 1.426967 9.062382 0.1386766 0.7183632 8.99677 0.1985901 1.09829 8.846872 0.2219539 1.441375 8.79215  SA_HookPunch_Far
0.163437 0.04765213 8.863814 0.07906921 0.1223321 8.896466 -0.07127593 0.3196831 8.749112 0.1298741 0.1157556 8.634832 0.2138035 0.1448805 8.918272 0.4231962 0.3887389 8.931993 0.3530737 0.2459797 8.667782 0.1209525 0.2710147 8.922544 -0.04487018 0.6940607 8.968527 -0.1409985 1.091284 9.02809 -0.2122159 1.42922 9.065519 0.1368532 0.7196195 8.997248 0.1974474 1.098986 8.84621 0.2222307 1.442225 8.793098  SA_HookPunch_Far
0.1573231 0.04777098 8.868426 0.07334061 0.1228031 8.903082 -0.0790839 0.319779 8.760457 0.1218198 0.1158323 8.64578 0.2087539 0.1453449 8.92018 0.4208423 0.3888798 8.926725 0.3458482 0.2465706 8.663612 0.1162226 0.2716203 8.926647 -0.04760269 0.6951758 8.974985 -0.1424166 1.092938 9.033037 -0.2128171 1.431254 9.068537 0.1349732 0.7207191 8.997682 0.1962853 1.099465 8.845379 0.222576 1.442807 8.793678  SA_HookPunch_Far
0.1506639 0.04775357 8.873533 0.06708045 0.123214 8.910074 -0.0880277 0.3192017 8.771279 0.112823 0.115778 8.655584 0.2030171 0.145649 8.92253 0.4177442 0.3889464 8.922853 0.3388906 0.2470517 8.660645 0.110935 0.272127 8.931108 -0.05082099 0.6962321 8.981532 -0.1437847 1.094587 9.038507 -0.2128776 1.433474 9.070992 0.132393 0.721674 8.99847 0.1941724 1.099979 8.845264 0.2223127 1.443298 8.794394  SA_HookPunch_Far
0.1434582 0.04766428 8.879203 0.06036957 0.1235918 8.917807 -0.09752546 0.3185265 8.783267 0.103257 0.1156825 8.666442 0.1967012 0.1458739 8.925184 0.4141193 0.3888134 8.918577 0.3310528 0.2473007 8.657467 0.1051855 0.2725874 8.936044 -0.05425076 0.6973009 8.988669 -0.1452849 1.096274 9.044418 -0.2131268 1.435717 9.073575 0.1294577 0.7225903 8.99931 0.1918236 1.100337 8.844967 0.2221071 1.443582 8.794836  SA_HookPunch_Far
0.1338136 0.04744363 8.887005 0.05144324 0.1240091 8.927938 -0.1102695 0.3173712 8.797772 0.09022607 0.1154716 8.678837 0.1880229 0.1459372 8.929484 0.4085239 0.3884532 8.915293 0.3214502 0.2466373 8.655657 0.09737571 0.2730292 8.942904 -0.05915252 0.6985481 8.997768 -0.1469304 1.098285 9.05327 -0.2126595 1.438585 9.076711 0.124876 0.7234929 9.001346 0.1866806 1.100888 8.845922 0.2196993 1.443809 8.7953  SA_HookPunch_Far
0.1275724 0.04724681 8.892171 0.04571624 0.1242231 8.934542 -0.1184571 0.3166107 8.807163 0.08174528 0.115369 8.68663 0.1823344 0.1458703 8.932508 0.40453 0.3880979 8.913527 0.3151227 0.2457334 8.654987 0.09230645 0.2732294 8.947476 -0.0623316 0.6992754 9.00363 -0.1477398 1.099521 9.059159 -0.2119876 1.440351 9.078673 0.1217665 0.7239507 9.002872 0.1827513 1.101192 8.846751 0.2174133 1.443833 8.795332  SA_HookPunch_Far
0.1195863 0.04694676 8.898896 0.03844072 0.1244361 8.942874 -0.1289979 0.3156886 8.818738 0.07047935 0.1153506 8.695527 0.1750162 0.1456255 8.936924 0.3986939 0.3876312 8.912477 0.3071817 0.2435896 8.655607 0.08582939 0.2733687 8.95356 -0.06647705 0.7000907 9.010972 -0.147987 1.101045 9.067242 -0.2095843 1.442638 9.08117 0.1175965 0.7243447 9.005477 0.1759522 1.101726 8.848693 0.2120659 1.443869 8.795007  SA_HookPunch_Far
0.1135951 0.04667115 8.904089 0.0329956 0.1245544 8.949169 -0.1367678 0.3150725 8.827388 0.06206753 0.1153682 8.702127 0.1694895 0.1453407 8.940531 0.393905 0.387253 8.912187 0.3012715 0.2415332 8.65667 0.08097579 0.2734022 8.958279 -0.06953727 0.7006595 9.01643 -0.1485444 1.102211 9.07201 -0.2085141 1.444217 9.082447 0.1144594 0.7245381 9.007679 0.1705771 1.102118 8.850555 0.2076135 1.443838 8.794846  SA_HookPunch_Far
0.1081286 0.04637909 8.909017 0.02801646 0.1246345 8.954922 -0.1437042 0.3146782 8.835059 0.05440201 0.1154462 8.707906 0.1644374 0.1449665 8.944283 0.3889475 0.3869801 8.912815 0.2961443 0.2390145 8.658653 0.07657398 0.2733648 8.962811 -0.07225136 0.7011582 9.021314 -0.1498294 1.103359 9.07414 -0.2088914 1.445574 9.082774 0.1116688 0.7246087 9.010133 0.1652227 1.10254 8.852961 0.2028192 1.443808 8.794901  SA_HookPunch_Far
0.1004827 0.04590642 8.915976 0.02104391 0.1247035 8.962918 -0.1531527 0.3143076 8.845658 0.04394271 0.1156944 8.71599 0.1573388 0.1443514 8.949692 0.3815494 0.3866847 8.914191 0.2890666 0.2353916 8.661879 0.07041205 0.2732443 8.969179 -0.0759999 0.7018145 9.02796 -0.1518605 1.104896 9.076383 -0.2097679 1.447351 9.083121 0.1077857 0.7246127 9.013654 0.1578316 1.103089 8.856636 0.1959232 1.443713 8.795218  SA_HookPunch_Far
0.09486045 0.0454824 8.921141 0.01586057 0.1247165 8.968598 -0.1596546 0.314451 8.852947 0.03679778 0.116184 8.721783 0.1520912 0.1437807 8.953934 0.3752547 0.386761 8.916225 0.284226 0.2326494 8.665092 0.06587209 0.2730806 8.973864 -0.07868133 0.7022794 9.032452 -0.1537495 1.106006 9.076544 -0.2109275 1.448584 9.083273 0.1050339 0.7245083 9.016448 0.1526273 1.103488 8.859882 0.190811 1.443646 8.795988  SA_HookPunch_Far
0.07229204 0.04336882 8.943171 -0.005116863 0.1245801 8.991151 -0.1819401 0.3187973 8.880597 0.01253368 0.1214364 8.745187 0.1309295 0.1413785 8.972538 0.3470025 0.3887286 8.93047 0.2659937 0.226869 8.680784 0.04717376 0.2722414 8.992768 -0.09072034 0.703922 9.047533 -0.1622742 1.109695 9.075873 -0.2151952 1.452866 9.086188 0.09286703 0.7239232 9.027604 0.1391462 1.103841 8.87293 0.1795154 1.441481 8.797978  SA_HookPunch_Far
0.06669529 0.04277039 8.949456 -0.01033066 0.124537 8.997072 -0.1860656 0.3212485 8.887481 0.00789495 0.1239552 8.751237 0.1257301 0.1408007 8.978093 0.3396163 0.3896312 8.936498 0.2617001 0.2277576 8.685838 0.04244717 0.2720313 8.99789 -0.09416096 0.7043077 9.05051 -0.1649458 1.110456 9.075164 -0.2167058 1.453759 9.086899 0.08948638 0.723808 9.030638 0.1375557 1.103559 8.876099 0.1789559 1.440343 8.79793  SA_HookPunch_Far
0.06232448 0.04230917 8.954705 -0.01438914 0.1245358 9.001819 -0.1885561 0.3237882 8.892882 0.004900711 0.1264751 8.755954 0.1217307 0.1403668 8.982898 0.3339786 0.3904471 8.942461 0.2583131 0.2296779 8.690405 0.03877737 0.2718924 9.00211 -0.09696005 0.7046389 9.052479 -0.1672895 1.111028 9.074308 -0.218189 1.454403 9.087593 0.08679087 0.7237543 9.033198 0.1368546 1.103183 8.878502 0.1792455 1.439213 8.797664  SA_HookPunch_Far
0.05819066 0.04191613 8.959805 -0.01824085 0.1246107 9.006264 -0.1904885 0.3264962 8.897815 0.002671139 0.1293311 8.760255 0.1179843 0.1399752 8.98772 0.3290173 0.3912076 8.949131 0.2554152 0.2323681 8.695247 0.03535577 0.2718118 9.006187 -0.09951781 0.7050431 9.054055 -0.1697471 1.111581 9.073271 -0.2200523 1.454968 9.088403 0.08437921 0.7237324 9.035775 0.1363772 1.102751 8.880713 0.1797496 1.43806 8.797438  SA_HookPunch_Far
0.05509712 0.04166698 8.963713 -0.02113156 0.1247344 9.009551 -0.1916217 0.3287539 8.901376 0.001457708 0.1318264 8.763363 0.1152069 0.1397095 8.991529 0.3255671 0.3917854 8.954874 0.25347 0.2350402 8.699263 0.03283252 0.271801 9.009295 -0.1013597 0.7054239 9.055021 -0.1717569 1.112019 9.072321 -0.22178 1.455369 9.089116 0.08267768 0.7237502 9.037819 0.1361582 1.102385 8.882323 0.1802978 1.437153 8.797292  SA_HookPunch_Far
0.05166217 0.04145741 8.968034 -0.02439003 0.1249666 9.013025 -0.1925194 0.3313854 8.904818 0.0008194615 0.1348093 8.766667 0.1121166 0.139444 8.995892 0.3220863 0.3924 8.962149 0.2518168 0.2386822 8.7042 0.03005661 0.2718551 9.012709 -0.1032437 0.7059689 9.055839 -0.1738261 1.112617 9.071012 -0.2235016 1.455908 9.089925 0.08097978 0.7237979 9.040174 0.1359307 1.101928 8.883963 0.1808352 1.436154 8.797221  SA_HookPunch_Far
0.04824634 0.0413574 8.97226 -0.02767198 0.1253315 9.016264 -0.1930682 0.3341303 8.907697 0.0008683969 0.1379691 8.769794 0.1090359 0.1392487 9.00031 0.3193646 0.3926473 8.97007 0.2507631 0.2426498 8.709496 0.02732881 0.2720135 9.016021 -0.104926 0.7066715 9.056384 -0.1756564 1.113367 9.069459 -0.2249498 1.456576 9.090702 0.07950164 0.7239091 9.04257 0.1357594 1.101455 8.885414 0.1813541 1.435208 8.797221  SA_HookPunch_Far
0.04418941 0.04144597 8.976936 -0.03159915 0.1259742 9.019603 -0.1933442 0.3373014 8.909793 0.002105551 0.1416854 8.773259 0.1053862 0.1391506 9.005508 0.3168164 0.3927221 8.980376 0.250615 0.2476993 8.716387 0.02414634 0.272375 9.019676 -0.1066667 0.7077354 9.056637 -0.1771124 1.114555 9.067106 -0.2256322 1.457679 9.091311 0.07800968 0.7241559 9.045386 0.1358845 1.100803 8.88667 0.182319 1.434057 8.797041  SA_HookPunch_Far
0.04122301 0.04164732 8.980237 -0.03446863 0.1265756 9.021893 -0.1934341 0.3396517 8.910999 0.003325539 0.1444432 8.77577 0.1027125 0.1391965 9.009271 0.3150441 0.3927988 8.988107 0.250764 0.2515546 8.721606 0.02183612 0.2727617 9.022259 -0.1078549 0.7086394 9.056724 -0.1779597 1.115563 9.065268 -0.2258684 1.45861 9.091676 0.07698448 0.72444 9.047435 0.13607 1.10037 8.88747 0.1831324 1.433272 8.796863  SA_HookPunch_Far
0.03835847 0.04199636 8.982834 -0.03719674 0.1272671 9.023557 -0.1936254 0.3416229 8.911036 0.004896598 0.1468598 8.777755 0.100173 0.1393231 9.012536 0.3135794 0.3927594 8.995435 0.2516306 0.2547405 8.726702 0.01968189 0.2732292 9.024356 -0.1088024 0.7096151 9.056667 -0.1782998 1.116679 9.063278 -0.2255042 1.459664 9.091681 0.07617666 0.7247689 9.049274 0.1367914 1.099886 8.887978 0.1846087 1.432465 8.796587  SA_HookPunch_Far
0.03498169 0.04253638 8.985847 -0.04039989 0.1282026 9.025482 -0.1938217 0.3440367 8.911085 0.00676121 0.1497945 8.78015 0.09716411 0.1395992 9.016344 0.3117261 0.3928293 9.00403 0.2526103 0.2586039 8.732749 0.01714345 0.2739002 9.026799 -0.109894 0.7108715 9.056602 -0.1786451 1.118093 9.060946 -0.225078 1.460981 9.091689 0.07522096 0.72527 9.051437 0.1376615 1.099414 8.888586 0.186378 1.431608 8.796273  SA_HookPunch_Far
0.03149934 0.04318213 8.988222 -0.04366354 0.1292119 9.026892 -0.1941796 0.3462615 8.910168 0.008391039 0.1521747 8.782093 0.09406407 0.1399336 9.019585 0.3097621 0.3927655 9.011698 0.253776 0.2609949 8.738556 0.01456066 0.2746323 9.028795 -0.1108599 0.7121987 9.056586 -0.1786864 1.119593 9.058637 -0.2243322 1.462399 9.091409 0.07436128 0.725783 9.053402 0.139083 1.099001 8.88932 0.1889514 1.43082 8.796276  SA_HookPunch_Far
0.02193524 0.04511333 8.993556 -0.05252646 0.1320928 9.030053 -0.1954951 0.3521578 8.907198 0.01119967 0.1575472 8.786734 0.08549084 0.1409885 9.026997 0.3041725 0.3921331 9.029258 0.2561416 0.2643151 8.752744 0.007521944 0.2767437 9.033381 -0.1131527 0.7159013 9.056892 -0.1782157 1.123734 9.053098 -0.2218605 1.466328 9.09049 0.07224549 0.7272046 9.058032 0.1430355 1.098299 8.891656 0.1960597 1.429174 8.797007  SA_HookPunch_Far
0.01773693 0.04568362 8.995498 -0.05638365 0.1330657 9.031216 -0.1961903 0.3543442 8.905811 0.01178964 0.1591716 8.78851 0.08170827 0.1411686 9.029726 0.3016852 0.3913528 9.035696 0.2568286 0.2642916 8.758301 0.004451113 0.277374 9.035091 -0.1140371 0.7172117 9.057164 -0.1778148 1.125218 9.050983 -0.2206254 1.467728 9.090066 0.07140531 0.7274967 9.059788 0.1447292 1.097824 8.892799 0.1991152 1.428315 8.797586  SA_HookPunch_Far
0.01247497 0.04616141 8.997558 -0.06122242 0.1340263 9.032786 -0.1987184 0.3559867 8.904788 0.009853261 0.159979 8.789956 0.07692893 0.1411823 9.032277 0.298961 0.3895177 9.040428 0.2566682 0.2612498 8.763186 0.0005701949 0.27792 9.036913 -0.1150907 0.7185773 9.057952 -0.176911 1.126834 9.049059 -0.2183942 1.469355 9.08946 0.07040687 0.7276107 9.061208 0.1459624 1.097687 8.89466 0.2016457 1.427875 8.799143  SA_HookPunch_Far
